   0.0000000e+00   0.0000000e+00   0.0000000e+00   0.0000000e+00   0.0000000e+00   0.0000000e+00
   2.6330665e-01   3.4241438e-01   2.7266056e-05   3.6074220e-03  -7.2400454e-04  -1.9880936e-03
   2.8563256e-01   3.5096267e-01   2.0365205e-02   1.9545689e-03  -1.0231437e-04  -2.1665663e-03
   3.0477966e-01   3.2272730e-01  -3.9463439e-02   2.6390016e-03  -8.1865612e-04  -2.7808133e-03
   2.9907905e-01   3.1555511e-01  -2.5579493e-02   2.9856247e-03  -7.4580386e-04  -3.7682002e-03
   3.0415355e-01   3.9561401e-01  -3.6196844e-02   2.2603403e-03  -7.7660964e-04  -3.6746735e-03
   2.9932702e-01   2.8860676e-01  -3.9918900e-02   5.3623992e-03  -9.6125693e-04  -3.1228791e-03
   2.9601316e-01   3.4471182e-01  -2.4632476e-02   3.3281690e-03  -4.9766837e-04  -3.8098139e-03
   2.9355683e-01   3.4125604e-01  -3.7997015e-02   3.4907331e-03  -1.3024215e-03  -3.3514241e-03
   3.0159054e-01   3.5153484e-01  -1.5111628e-02   4.0221626e-03  -1.3176461e-03  -3.1324010e-03
   2.2222475e-01   3.2112568e-01   3.7419953e-02   3.0663896e-03  -1.1622836e-03  -2.3324212e-03
   3.9684944e-02   4.4535282e-01   3.7995983e-01   9.9745713e-04  -5.0273824e-03  -2.0836613e-03
   1.8220745e-01   4.3834691e-01   3.2608199e-01   3.2851868e-03  -1.2524007e-03  -2.7791848e-03
   1.7011025e-01   3.8733570e-01   2.8125947e-01   4.8417524e-03  -1.5041975e-03  -2.6850534e-03
   1.9150595e-01   4.3030360e-01   3.2040952e-01   5.0568544e-03  -2.8518182e-03  -3.1545074e-03
   1.8368086e-01   4.3144134e-01   2.6523846e-01   4.9738996e-03  -3.0160791e-03  -3.2101563e-03
   1.8723439e-01   3.8162257e-01   2.9394809e-01   4.9714156e-03  -2.6931201e-03  -3.5764860e-03
   1.9569174e-01   4.2956823e-01   2.6392323e-01   4.7511548e-03  -3.0541536e-03  -3.5355715e-03
   1.8776616e-01   3.8862123e-01   2.9529499e-01   5.4719082e-03  -2.6467424e-03  -3.9165391e-03
   1.7899581e-01   3.8987172e-01   2.6873918e-01   5.1304148e-03  -2.6038898e-03  -4.0322290e-03
   1.7205867e-01   3.8019077e-01   2.9252129e-01   5.6774112e-03  -2.3453495e-03  -4.0114524e-03
   1.7576863e-01   4.0755607e-01   3.1627766e-01   5.3193937e-03  -2.1452307e-03  -4.1420690e-03
   1.7844093e-01   3.7984352e-01   2.7569415e-01   5.5740449e-03  -2.2073834e-03  -3.9179157e-03
   1.8631602e-01   3.8139396e-01   3.0738070e-01   5.5000332e-03  -2.2989122e-03  -4.1488862e-03
   1.9016846e-01   4.1593859e-01   2.6991946e-01   5.1768633e-03  -2.3530824e-03  -3.9911702e-03
   2.0048848e-01   4.0048940e-01   2.8308038e-01   4.8761924e-03  -2.1522340e-03  -3.9829702e-03
   2.1647178e-01   4.1913467e-01   2.5236287e-01   4.3730307e-03  -1.5179932e-03  -3.1172364e-03
   2.1829759e-01   4.5451563e-01   2.5918711e-01   3.5236439e-03  -1.6573162e-03  -3.1393110e-03
   1.9663352e-01   4.0480489e-01   2.9016671e-01   5.2821978e-03  -1.8761566e-03  -3.1858841e-03
   1.9926874e-01   4.2292781e-01   3.0697252e-01   4.7368007e-03  -2.7969221e-03  -3.2638806e-03
   2.0053751e-01   3.9457383e-01   3.0032813e-01   5.2722311e-03  -3.2106096e-03  -3.1697265e-03
   1.8733995e-01   3.9853726e-01   2.5685037e-01   5.9075042e-03  -3.5355975e-03  -3.3438703e-03
   1.5474761e-01   3.7756389e-01   2.6809639e-01   5.5896449e-03  -3.2213316e-03  -3.7411155e-03
   1.6514705e-01   3.2881077e-01   2.9017341e-01   6.2338188e-03  -3.6810679e-03  -3.8693587e-03
   1.8938111e-01   4.0844878e-01   2.8897501e-01   5.7442832e-03  -4.2258897e-03  -2.9878370e-03
   1.9018438e-01   3.1619925e-01   2.6319365e-01   6.5942761e-03  -3.8732071e-03  -3.4039456e-03
   1.9856064e-01   3.7052343e-01   2.5202374e-01   6.6199873e-03  -3.8316781e-03  -3.3652066e-03
   2.0571684e-01   3.4311197e-01   2.7392638e-01   6.9483948e-03  -3.9620712e-03  -3.6393688e-03
   2.1888874e-01   3.7344847e-01   3.0076676e-01   6.5301726e-03  -4.1159552e-03  -3.6997391e-03
   2.0365632e-01   3.2034618e-01   3.0576944e-01   5.8160824e-03  -3.6225691e-03  -3.8857112e-03
   1.8896185e-01   3.7107208e-01   2.7020584e-01   5.7170389e-03  -3.4602977e-03  -3.6521647e-03
   9.3002282e-02   2.7100391e-02   1.5243179e-02   3.6589515e-03  -4.4876756e-03  -2.7231751e-03
   2.2350194e-01   1.0864971e-01  -3.6919415e-01   3.2946832e-03  -2.6471059e-03  -3.5122647e-03
   2.3279423e-01   8.0134345e-02  -3.6849112e-01   7.1049979e-03  -3.2823600e-03  -4.6107201e-03
   2.4990107e-01   2.4003324e-01  -1.4762016e-01   6.7040150e-03  -2.8669260e-03  -5.2048730e-03
   2.5389869e-01   2.3439666e-01  -1.0892341e-01   6.7759097e-03  -2.3450021e-03  -5.6455604e-03
   2.4831938e-01   2.3596594e-01  -1.2188763e-01   6.0757992e-03  -1.7700750e-03  -5.5754044e-03
   2.4615906e-01   2.4823076e-01  -1.0338239e-01   6.7367358e-03  -2.0228867e-03  -5.5247491e-03
   2.4157868e-01   2.5868663e-01  -9.8084441e-02   6.2926539e-03  -1.7866551e-03  -5.5731001e-03
   2.2767222e-01   2.6210841e-01  -3.8542442e-02   6.3588071e-03  -1.5317305e-03  -5.4039754e-03
   1.8523652e-01   1.8689032e-01  -1.0394473e-01   4.6269537e-03  -2.2042144e-03  -4.2649860e-03
   2.4951771e-01   1.4792357e-01  -1.2625339e-01   2.2746217e-03  -3.9463825e-03  -1.9571100e-03
   2.8816400e-01   1.7721338e-01   7.5876169e-02   1.1327982e-03  -3.5631091e-03  -1.8629658e-03
   3.0768024e-01   2.9876141e-01  -2.4807734e-02   3.7739537e-03  -4.4914452e-03  -4.8143329e-03
   3.1497157e-01   2.4507235e-01  -7.4555104e-02   5.0398363e-03  -4.8747188e-03  -4.9791128e-03
   3.6571202e-01   2.8075828e-01  -5.1854148e-02   2.3512256e-03  -3.8804179e-03  -5.3770524e-03
   3.4610661e-01   3.6023613e-01   5.2874595e-02   2.4848385e-03  -3.6704117e-03  -5.8841597e-03
   3.4972804e-01   3.5972210e-01   6.8021780e-02   2.8972338e-03  -3.3835681e-03  -6.2251535e-03
   3.5018232e-01   3.6544326e-01   4.9496304e-02   2.9860235e-03  -3.4507816e-03  -6.2647380e-03
   3.5169181e-01   3.7876364e-01   4.4977659e-02   3.2865956e-03  -3.3089722e-03  -6.2641352e-03
   3.5293635e-01   3.9398456e-01   4.4517097e-02   2.7867478e-03  -3.3099608e-03  -6.3388503e-03
   3.4993191e-01   4.0251534e-01   6.3710229e-02   2.2172641e-03  -3.0988273e-03  -6.3188765e-03
   3.4873720e-01   3.8361418e-01   6.9368042e-02   2.7822154e-03  -2.8945689e-03  -6.3060832e-03
   3.6685312e-01   4.4516725e-01   2.9999790e-02   1.2990789e-03  -3.3094211e-03  -6.3244854e-03
   3.5162159e-01   4.1057725e-01  -4.6754028e-02   2.9753703e-03  -3.1032838e-03  -6.4633993e-03
   3.6197623e-01   4.3470041e-01   2.9374840e-03   1.1840407e-03  -2.8367816e-03  -6.6546446e-03
   3.6095764e-01   3.7632300e-01   3.1739184e-02   2.1361401e-03  -2.9530427e-03  -6.5043178e-03
   3.7127069e-01   4.4640340e-01  -5.2890648e-03   1.4845097e-03  -3.1810061e-03  -6.4747067e-03
   3.6577889e-01   3.9198155e-01  -3.9503625e-02   2.1303876e-03  -3.1152598e-03  -6.3043194e-03
   3.5335999e-01   4.2370747e-01  -6.1892620e-02   2.8437147e-03  -2.8005282e-03  -6.1934399e-03
   3.5821371e-01   4.1106362e-01  -3.5272079e-02   2.6277345e-03  -2.9194998e-03  -6.5856309e-03
   3.5749411e-01   4.2365767e-01  -2.9453796e-02   1.8359503e-03  -3.0854532e-03  -6.7897198e-03
   3.6313994e-01   3.6662858e-01   1.7445836e-02   2.6250739e-03  -3.2908260e-03  -6.5260519e-03
   3.5111392e-01   3.7098639e-01   2.0460046e-02   3.1175819e-03  -3.3611293e-03  -5.7726522e-03
   3.7546796e-01   3.8507291e-01   2.7523948e-02   2.9484041e-03  -3.9032603e-03  -5.3954829e-03
   3.6183922e-01   3.8108019e-01  -5.1770872e-02   2.4732920e-03  -3.2084587e-03  -6.1485959e-03
   3.6398811e-01   4.5695381e-01  -4.8463493e-02   2.1062930e-03  -3.3951536e-03  -6.4222235e-03
   3.6448834e-01   3.9717763e-01  -3.1932962e-02   2.0941867e-03  -3.2864376e-03  -6.4485827e-03
   3.6027993e-01   4.0968409e-01  -5.4572977e-02   2.5455964e-03  -3.1542633e-03  -6.4149615e-03
   3.6882363e-01   4.3242457e-01  -4.3146179e-02   2.9398825e-03  -3.2215297e-03  -6.4076158e-03
   3.6740386e-01   4.0535179e-01  -4.3007916e-02   3.1946996e-03  -3.4582179e-03  -6.4487614e-03
   3.6443037e-01   4.1096705e-01  -2.3860247e-02   3.2423148e-03  -3.3382391e-03  -6.5825434e-03
   3.6347958e-01   3.8774799e-01  -1.9567393e-02   3.1144073e-03  -3.1619618e-03  -6.4955032e-03
   3.7305018e-01   4.4258308e-01  -3.6116109e-02   1.6778723e-03  -3.1047457e-03  -6.4115839e-03
   3.6177748e-01   3.7413905e-01  -3.0561693e-02   3.0899385e-03  -2.9772275e-03  -6.3032972e-03
   3.9979697e-01   4.0640981e-01  -9.0543522e-02   2.2084034e-03  -3.3816899e-03  -5.2676623e-03
   4.0135058e-01   3.4135454e-01  -2.7975246e-02   1.8805039e-03  -2.6392142e-03  -5.4742701e-03
   4.1092991e-01   3.3305283e-01  -6.1928267e-02   3.6648822e-03  -2.4710881e-03  -5.0927509e-03
   3.9400709e-01   3.2287070e-01  -8.5450814e-02   3.7254895e-03  -1.8687128e-03  -5.1244767e-03
   4.0649328e-01   3.9736596e-01  -1.1924800e-01   2.7264772e-03  -3.6007665e-03  -5.1608301e-03
   3.6572556e-01   4.0072241e-01  -5.2758637e-02   2.8530241e-03  -3.4723075e-03  -5.1364408e-03
   3.5531309e-01   3.7643664e-01  -4.3840976e-02   2.7029171e-03  -3.3202906e-03  -4.4292961e-03
   3.7877064e-01   3.9516117e-01  -1.3419992e-02   2.3134657e-03  -3.1216514e-03  -3.6846333e-03
   3.8004103e-01   3.6667996e-01  -4.0455956e-02   2.8568595e-03  -2.5647788e-03  -3.5052979e-03
   3.7631083e-01   4.2494757e-01  -2.7021555e-02   2.9843651e-03  -3.2845684e-03  -3.9836637e-03
   3.5997288e-01   4.0547056e-01  -5.1603225e-02   3.3693727e-03  -3.4424690e-03  -4.4832667e-03
   3.5911989e-01   4.3107404e-01  -8.8684951e-02   3.6806626e-03  -3.6854165e-03  -4.6076711e-03
   3.5146797e-01   4.1701234e-01  -5.1235790e-02   2.9080869e-03  -3.5818162e-03  -4.2552164e-03
   3.3939519e-01   4.0143170e-01  -4.0053669e-02   1.9370445e-03  -2.2526015e-03  -3.5383736e-03
   2.9598766e-01   3.8591789e-01  -2.0920859e-01   3.4797900e-03  -3.1877268e-03  -2.7512723e-03
   3.2647759e-01   4.2550151e-01  -2.3458484e-01   2.6944016e-03  -3.4491198e-03  -2.7818872e-03
   3.4398067e-01   4.2036162e-01  -2.5483836e-02   3.5803181e-03  -3.3973934e-03  -4.8883199e-03
   3.4265122e-01   4.4797346e-01  -1.2438388e-02   3.3380193e-03  -4.1027236e-03  -5.1869277e-03
   3.4155967e-01   4.4488674e-01   1.3794932e-02   2.8775623e-03  -3.6388161e-03  -5.3563442e-03
   3.4691129e-01   4.6659724e-01  -3.3659853e-02   2.4538284e-03  -3.5720320e-03  -5.3510626e-03
   3.4278103e-01   4.5485110e-01  -1.0915997e-03   2.5870917e-03  -4.2749668e-03  -5.3962183e-03
   3.4185615e-01   4.6105449e-01  -2.1056990e-02   2.9404771e-03  -4.0612128e-03  -5.2071796e-03
   3.5089943e-01   5.0328410e-01  -1.5713119e-02   2.7507266e-03  -4.0294138e-03  -5.0851633e-03
   3.3845927e-01   4.3868713e-01  -9.1960837e-03   3.8012489e-03  -3.8069001e-03  -4.9649598e-03
   3.4458609e-01   4.8107540e-01   1.0416294e-02   3.3216146e-03  -3.9184269e-03  -5.1086426e-03
   3.3685946e-01   4.3123405e-01   9.5562165e-03   3.5739792e-03  -4.0401985e-03  -5.2272912e-03
   3.4603228e-01   4.9060652e-01  -2.5435154e-02   3.5491275e-03  -4.1069811e-03  -5.2130953e-03
   3.4152201e-01   4.5348417e-01  -4.9725327e-02   3.4536655e-03  -4.0682307e-03  -5.0432572e-03
   3.4624226e-01   5.0271068e-01  -2.0694126e-02   2.6779841e-03  -4.1235964e-03  -5.1206124e-03
   3.4116024e-01   4.6782455e-01  -2.9603947e-02   2.4794509e-03  -4.0424654e-03  -5.2599464e-03
   3.4209295e-01   4.7801678e-01  -1.6977308e-03   2.9110762e-03  -3.9916434e-03  -5.2095126e-03
   3.4263810e-01   4.3571176e-01  -2.6205058e-03   3.3940029e-03  -3.9264682e-03  -5.2566141e-03
   3.5075216e-01   4.4786844e-01  -3.6076136e-03   2.8369181e-03  -4.0779135e-03  -5.1751170e-03
   3.4853335e-01   4.6300955e-01  -4.8126466e-02   3.3339599e-03  -4.1799067e-03  -5.0846038e-03
   3.4699867e-01   4.5124068e-01  -2.8938172e-02   2.3880723e-03  -4.0580318e-03  -4.9666156e-03
   3.5180119e-01   4.6669853e-01  -3.5822493e-02   2.6167111e-03  -4.3544128e-03  -4.8604594e-03
   3.3368689e-01   4.0888615e-01   3.6980880e-03   2.2135782e-03  -3.8688866e-03  -4.8794723e-03
   3.2911435e-01   4.3536409e-01   9.1954139e-03   2.3718593e-03  -3.4008563e-03  -4.3502472e-03
   3.3908320e-01   4.5999922e-01  -4.2337994e-03   2.9337403e-03  -3.5261544e-03  -4.7451476e-03
   3.3805076e-01   4.0449586e-01  -1.0769884e-01   3.1835590e-03  -3.5940001e-03  -5.2115522e-03
   3.3650630e-01   4.6142298e-01  -5.2283389e-02   2.8507022e-03  -3.3598832e-03  -5.3400504e-03
   3.4021464e-01   4.1837045e-01  -4.9979572e-02   2.6611315e-03  -3.0707920e-03  -5.1271481e-03
   3.3430467e-01   4.0589591e-01  -5.2226267e-02   3.6473063e-03  -2.9402362e-03  -5.0976431e-03
   3.4128244e-01   4.6252857e-01  -2.4650214e-02   4.1101770e-03  -3.1281163e-03  -4.7951318e-03
   3.3136279e-01   4.2952004e-01  -5.0334819e-02   3.8369218e-03  -3.4421862e-03  -5.1308264e-03
   3.3211044e-01   4.3506351e-01  -1.0601457e-02   3.9405424e-03  -3.3833929e-03  -5.0796916e-03
   3.2855813e-01   4.1825163e-01  -3.2527649e-03   4.7843726e-03  -3.1560025e-03  -5.1438520e-03
   3.3772834e-01   4.2564477e-01   1.0253997e-02   5.6799089e-03  -3.4803140e-03  -4.6786157e-03
   3.3571715e-01   3.8434242e-01   2.7485112e-02   3.7468374e-03  -3.0586971e-03  -5.1957955e-03
   3.4638173e-01   3.8818098e-01   9.8769290e-03   3.1261406e-03  -3.2856299e-03  -4.3708071e-03
   3.3188977e-01   4.4918440e-01  -5.2132342e-02   3.0001875e-03  -3.5177983e-03  -5.1116322e-03
   3.2985763e-01   4.1589710e-01  -2.3377967e-02   3.7037139e-03  -3.3211893e-03  -5.6243182e-03
   3.3246100e-01   4.6509576e-01  -3.0251307e-02   3.6323248e-03  -3.6399547e-03  -5.4830659e-03
   3.2836193e-01   4.2434453e-01   1.5958316e-02   3.5985662e-03  -3.3585709e-03  -5.6020997e-03
   3.2724009e-01   4.4830403e-01   1.5050296e-02   3.7550400e-03  -3.3007193e-03  -5.8029121e-03
   3.3607379e-01   4.3733064e-01   2.3522468e-02   3.3517268e-03  -3.5087579e-03  -5.6067949e-03
   3.3892862e-01   4.6752596e-01  -2.8514612e-02   3.0653996e-03  -3.6497964e-03  -5.4706429e-03
   3.4452804e-01   4.8126434e-01  -3.0423025e-02   2.9961806e-03  -4.0810397e-03  -5.7620436e-03
   3.3147759e-01   4.3529419e-01  -4.1258180e-02   3.3967022e-03  -4.1936172e-03  -5.9929576e-03
   3.3953062e-01   5.0180128e-01  -6.6543857e-02   3.5322020e-03  -4.2846413e-03  -5.8912877e-03
   3.3874299e-01   4.4116814e-01  -9.0746712e-02   3.5709147e-03  -4.4088458e-03  -5.9630566e-03
   3.4682299e-01   4.8041435e-01  -6.8042541e-02   3.0005386e-03  -4.1947623e-03  -5.3981160e-03
   3.4551973e-01   4.3288876e-01  -5.6071884e-02   4.3066549e-03  -4.0412113e-03  -5.4026675e-03
   3.3814105e-01   4.5719903e-01  -3.9656343e-03   3.5226884e-03  -4.4650650e-03  -5.5709113e-03
   3.2088753e-01   4.2506170e-01  -6.2143459e-02   2.0063938e-03  -4.7151773e-03  -5.7159440e-03
   3.2773131e-01   4.6537771e-01  -8.1612830e-02   2.5295360e-03  -4.1932090e-03  -5.9107934e-03
   3.3058425e-01   4.4501429e-01  -6.2339435e-02   4.0489971e-03  -3.9382974e-03  -5.6706347e-03
   3.3295667e-01   4.8155860e-01  -7.1174543e-02   3.3614897e-03  -4.1441584e-03  -5.6934348e-03
   3.2813496e-01   4.4406260e-01  -7.3307616e-02   3.2641407e-03  -4.0258396e-03  -5.6287893e-03
   3.3389412e-01   4.8445121e-01  -4.4225121e-02   3.1183071e-03  -4.1299235e-03  -5.5959562e-03
   3.3146639e-01   4.4123129e-01  -2.9921511e-02   3.5977188e-03  -3.9355476e-03  -5.6222439e-03
   3.3697419e-01   4.9273078e-01  -5.6808191e-02   2.6022914e-03  -4.1622908e-03  -5.4728464e-03
   3.3430450e-01   4.2293137e-01  -4.9116054e-02   3.2959509e-03  -4.1745749e-03  -5.5290979e-03
   3.4470844e-01   4.8539795e-01  -7.6405992e-02   2.5085712e-03  -4.3442388e-03  -5.3964790e-03
   3.5173676e-01   4.5408363e-01  -2.1609045e-02   2.6087806e-03  -4.5856311e-03  -4.5139629e-03
   3.5222215e-01   3.8491154e-01  -7.9863928e-02   3.1371780e-03  -4.8464054e-03  -4.1253102e-03
   3.4402542e-01   4.4163648e-01  -7.5115590e-02   3.5194938e-03  -4.9149401e-03  -5.4247530e-03
   3.5227582e-01   4.9166367e-01  -1.3127565e-01   3.7490615e-03  -5.2249547e-03  -5.4358191e-03
   3.4438872e-01   4.0940682e-01  -8.5605572e-02   3.5366008e-03  -4.9725863e-03  -5.7100428e-03
   3.4696759e-01   4.8940229e-01  -9.0534448e-02   2.8063914e-03  -5.1604903e-03  -5.7195513e-03
   3.4188203e-01   4.5462670e-01  -6.6593332e-02   4.5001810e-03  -4.9655328e-03  -5.7652595e-03
   3.4359597e-01   4.5998877e-01  -7.3516710e-02   3.4267057e-03  -4.9726336e-03  -5.7452347e-03
   3.4797958e-01   4.7678166e-01  -7.0189733e-02   3.1366994e-03  -5.0176517e-03  -5.6614097e-03
   3.4953064e-01   4.6869654e-01  -6.4985077e-02   3.2772860e-03  -4.9063857e-03  -5.6930915e-03
   3.5008243e-01   4.4925373e-01  -7.9442385e-02   3.7277761e-03  -4.9473157e-03  -5.6900662e-03
   3.5062361e-01   4.7124983e-01  -8.6256606e-02   3.9419712e-03  -5.0584781e-03  -5.5071706e-03
   3.4525311e-01   4.8512808e-01  -7.5692321e-02   3.5377935e-03  -4.7349876e-03  -5.5960656e-03
   3.4220269e-01   4.2980873e-01  -7.4469739e-02   4.0337542e-03  -5.0213005e-03  -5.8181513e-03
   3.4792433e-01   4.6941222e-01  -5.7077766e-02   3.5600138e-03  -5.1327053e-03  -5.6962290e-03
   3.5357261e-01   4.4250191e-01  -6.6622525e-02   3.6492610e-03  -5.0070014e-03  -5.6743678e-03
   3.5375317e-01   4.4902340e-01  -3.8819095e-02   3.8160260e-03  -4.7039380e-03  -5.2628821e-03
   3.6210804e-01   4.6403660e-01  -6.0747063e-02   2.7250662e-03  -5.0970619e-03  -4.8157459e-03
   3.4209046e-01   4.2049997e-01  -8.0818246e-02   4.1746281e-03  -5.0909825e-03  -5.7702701e-03
   3.6151111e-01   4.9283206e-01  -1.0432321e-01   3.4574255e-03  -5.1652076e-03  -5.6153027e-03
   3.5361831e-01   4.2467018e-01  -1.1015062e-01   4.0707952e-03  -4.9790588e-03  -5.7751419e-03
   3.5699647e-01   4.6703553e-01  -1.2324959e-01   3.4267390e-03  -5.1354504e-03  -5.7467961e-03
   3.5323837e-01   4.6311535e-01  -8.2377708e-02   3.4594585e-03  -4.8928359e-03  -5.8246896e-03
   3.4716672e-01   4.1371494e-01  -7.6082045e-02   4.4867225e-03  -4.9129353e-03  -5.7978366e-03
   3.4410587e-01   4.6274783e-01  -7.0573634e-02   4.4021666e-03  -4.8759743e-03  -5.6548549e-03
   3.3841067e-01   4.1310360e-01  -5.8587953e-02   4.7015405e-03  -5.1270182e-03  -5.8195944e-03
   3.4058967e-01   4.6196100e-01  -7.4325382e-02   3.9169750e-03  -5.2424089e-03  -5.8418467e-03
   3.3603288e-01   4.2504455e-01  -7.6111250e-02   3.8289504e-03  -4.9959723e-03  -6.0437293e-03
   3.4625385e-01   4.8057842e-01  -6.1859297e-02   2.9813198e-03  -5.2227568e-03  -5.7486319e-03
