   0.0000000e+00   0.0000000e+00   0.0000000e+00  -6.9388939e-18   0.0000000e+00   0.0000000e+00
  -2.0875058e-01  -1.6209857e-01   1.1799014e-01  -9.0455879e-04   7.0485825e-04   1.4156006e-03
  -7.4621126e-02   7.3677624e-02   8.2308179e-03   1.4437358e-04   8.3597799e-04   1.6754409e-03
  -2.2537537e-02   7.9938012e-02   7.2801078e-02   8.0287221e-04   8.8417228e-04   8.4733308e-04
  -5.7361425e-03   5.3056098e-02   6.5282462e-02   1.6206200e-03   1.4126174e-04   6.4926114e-04
   7.5726576e-03   6.5426111e-02   7.0953473e-02   1.6224769e-03  -9.3733346e-05   9.6726634e-04
  -6.6824667e-02  -1.0523696e-01  -3.5106678e-02   2.8598537e-03   1.4042110e-03   2.3989292e-03
  -6.3133848e-03   4.6732743e-03  -1.1178479e-01   5.3359238e-03   1.4745235e-03   1.5118828e-03
   6.2328641e-02   3.6086504e-02  -2.2164390e-01   2.3514264e-03   3.9024442e-04   1.9372424e-03
   2.6372590e-02  -9.4053137e-03  -1.6704674e-02   3.1662130e-03   1.0308707e-04   1.9163201e-04
   3.1925856e-02   6.0981275e-02  -3.1795539e-02   3.2333507e-03  -1.1461778e-04   1.9815582e-04
   2.4476845e-02  -5.0421980e-03  -8.9181474e-02   5.1105429e-03   9.7569314e-04  -7.0495189e-05
   2.5496607e-02   1.5135253e-02  -4.9802519e-02   4.0815019e-03   8.2786915e-04  -1.6528825e-05
   1.3926380e-02  -1.2072289e-02  -3.1633938e-02   3.9477251e-03   1.0529632e-03  -1.6600910e-04
   1.8726287e-02   1.3488247e-02  -6.7616284e-02   3.1259061e-03   6.7736179e-04  -2.6976247e-04
  -8.0426272e-04  -2.4440709e-02  -2.1560425e-02   4.9081156e-03   1.2168904e-03  -4.5474566e-04
   5.1924699e-03   1.6192647e-02  -6.0695499e-02   4.5380021e-03   9.7381862e-04  -3.3151644e-04
   1.4831624e-03  -7.4789130e-02  -4.6322636e-02   5.2787277e-03   1.1045937e-03  -6.5059836e-04
  -1.3777514e-03  -5.2292749e-02  -5.5256690e-02   4.9751930e-03   1.1734678e-03  -6.5718975e-04
   3.9972213e-03  -2.4307351e-02  -5.3289381e-02   4.4825278e-03   8.7148877e-04  -8.4710280e-04
  -7.6277954e-03  -6.5644256e-02  -3.2458215e-02   5.2313845e-03   1.1542502e-03  -9.0923318e-04
  -8.7777730e-03  -6.3182518e-02  -3.1743487e-02   5.0222685e-03   1.1287428e-03  -7.9941123e-04
  -9.5271096e-03  -5.1597191e-02  -8.7183096e-02   4.9496607e-03   1.2237249e-03  -9.3647406e-04
  -7.5130726e-03  -6.0831571e-02  -1.4281665e-01   4.6829511e-03   1.5478117e-03  -1.0069930e-03
   2.0042668e-02  -3.6749619e-04  -1.7342554e-01   3.4825214e-03   1.0213794e-03  -5.8729221e-04
   1.4311539e-02  -4.8256055e-02  -2.4713481e-01   3.8696498e-03   6.5857405e-04  -2.8919620e-04
   1.2538421e-02  -3.8496404e-02  -1.9583729e-01   4.3922677e-03   8.8720486e-04  -3.8915887e-04
   4.6329046e-03  -5.3045814e-02  -1.8731900e-01   5.2311464e-03   1.1605456e-03  -5.8623173e-04
   1.7317192e-02  -3.1299959e-02  -1.9022321e-01   4.5027827e-03   7.7894010e-04  -1.1794934e-04
   1.0514116e-02  -8.8953170e-02  -1.8261393e-01   5.1171453e-03   8.8865443e-04  -3.1551243e-04
   1.1390682e-02  -2.3297190e-02  -2.1507024e-01   5.1034134e-03   8.2638048e-04  -2.0588652e-04
  -4.0854587e-03  -8.2098690e-02  -2.1681416e-01   6.2852947e-03   8.5220577e-04  -3.7514655e-04
   9.9803615e-03  -2.7770982e-03  -2.5774200e-01   4.7175753e-03   5.9898724e-04  -3.4244177e-04
   9.6712326e-03  -1.4354993e-02  -1.8769906e-01   4.4041961e-03   6.3935608e-04  -4.7267165e-04
   7.5370833e-03  -9.1401794e-02  -1.7291626e-01   5.4862193e-03   7.4897477e-04  -5.5297546e-04
   1.0446659e-02  -6.1925224e-02  -1.8918121e-01   5.8020343e-03   6.4085521e-04  -5.2417694e-04
   2.1283508e-02  -1.1994552e-02  -2.3990269e-01   4.7378380e-03   2.2429395e-04  -2.5461158e-04
   2.2354856e-02  -2.6471215e-02  -2.2996433e-01   4.3134478e-03   2.1417247e-04  -2.5121480e-04
   1.0924008e-02  -8.7258702e-02  -2.0115579e-01   5.6532368e-03   3.9988078e-04  -4.2161806e-04
   1.6429012e-02  -1.5655633e-02  -2.0986371e-01   4.6994537e-03   1.0115026e-05  -2.6144837e-04
   8.0884515e-03  -9.3927195e-02  -1.9328628e-01   5.5052179e-03   3.6527504e-04  -4.9768788e-04
   1.8643007e-02  -7.1653728e-03  -2.3617420e-01   4.8791815e-03   1.1146082e-04  -3.5688628e-04
   9.6493089e-03  -5.0952521e-02  -2.1762877e-01   5.1623955e-03   4.1450806e-04  -4.6916424e-04
   1.7134351e-02   7.5275090e-03  -2.3947630e-01   4.3982687e-03   2.2886012e-04  -3.6534607e-04
   1.0244487e-02  -6.9518632e-02  -2.0716469e-01   5.3019929e-03   4.3163057e-04  -4.0669116e-04
   1.0722660e-02  -4.3915536e-02  -2.0112627e-01   5.4704360e-03   3.1410658e-04  -2.9147215e-04
   7.5037454e-03  -5.6679962e-02  -1.8679301e-01   5.9400160e-03   2.8784339e-04  -5.5338653e-04
   1.0128614e-02  -3.2968554e-02  -2.1242029e-01   5.1113865e-03   1.7778339e-04  -4.2521807e-04
   1.0928377e-02  -7.4409616e-02  -2.0526810e-01   5.9985233e-03   2.5410734e-04  -6.0828144e-04
   2.2318466e-02   7.8184879e-03  -2.3341278e-01   4.5133091e-03  -1.4105590e-05  -2.5282574e-04
   1.4501250e-02  -6.5092669e-02  -2.1244336e-01   5.2186502e-03   1.8561977e-04  -4.2564886e-04
   2.0318920e-02  -4.1539442e-03  -2.4111219e-01   4.2845994e-03   1.2561752e-04  -4.2631276e-04
   1.7652851e-02  -3.0078910e-02  -2.5142199e-01   5.9072418e-03   1.5803104e-04  -4.1729879e-04
   1.9839397e-02  -7.1878639e-03  -2.8292218e-01   5.6033500e-03  -1.5093542e-04  -1.6110039e-04
   1.1330036e-02  -4.4585420e-02  -2.3602132e-01   5.5763067e-03  -7.3768238e-05  -2.2320600e-04
   2.0376220e-02  -3.5547788e-03  -2.2989862e-01   5.1107549e-03  -2.8747995e-04   1.1165810e-04
   1.1462146e-02  -4.5937806e-02  -2.1984828e-01   5.3080301e-03  -1.0681273e-04  -1.7545356e-05
   1.7604393e-02  -1.8870676e-03  -2.4441942e-01   4.5951830e-03  -1.9116063e-04  -1.2462241e-04
   8.8403349e-03  -4.0246941e-02  -2.5262217e-01   5.2249955e-03   1.8626577e-04  -4.6792123e-04
   1.7325841e-02  -1.6919546e-02  -3.2599815e-01   4.7179904e-03  -1.8158276e-04  -5.2913678e-05
   1.9704799e-02  -7.9013421e-02  -2.6343086e-01   5.6048123e-03  -6.8902513e-05  -3.6158764e-04
   1.6565221e-02  -2.9604200e-02  -2.9504804e-01   5.4186274e-03  -3.5734945e-04  -8.1362381e-05
   1.5002626e-02  -4.7715502e-02  -3.2320487e-01   6.6419379e-03  -3.8385404e-04  -1.9044156e-04
   8.0415537e-03  -5.2683677e-02  -3.4019104e-01   5.9292409e-03  -2.6508499e-04  -3.3778715e-04
   1.6530070e-02  -5.4622048e-02  -3.4455310e-01   5.9400708e-03  -4.5003167e-04   6.1227672e-05
   4.0947151e-03  -8.9795511e-02  -3.2944044e-01   6.6754064e-03  -7.9701506e-05  -3.5220067e-04
   1.0466396e-02  -3.3269993e-02  -3.3198314e-01   6.3470578e-03  -2.9781970e-04  -1.8137887e-04
   9.2185250e-03  -1.0608853e-01  -3.1674507e-01   7.1588141e-03  -2.9509299e-04  -3.4024919e-04
   1.3563512e-02  -7.0980699e-02  -3.2736513e-01   7.1673900e-03  -3.9150784e-04  -2.7258902e-04
   1.0433535e-02  -7.2921093e-02  -2.9909199e-01   7.0814444e-03  -3.5132842e-04  -1.3770555e-04
   7.6856101e-03  -1.2207584e-01  -2.9033212e-01   8.2315865e-03  -2.3170043e-04  -3.5476937e-04
   8.4987727e-03  -8.8309935e-02  -2.8115053e-01   8.0334403e-03  -3.5205987e-04  -3.4115716e-04
   6.2288804e-03  -1.0172052e-01  -2.6639130e-01   7.7621477e-03  -2.2938806e-04  -3.5781283e-04
  -1.2356026e-03  -1.4526896e-01  -2.6784765e-01   8.5736797e-03   1.7445550e-05  -6.4115423e-04
   1.9803714e-02  -9.6361846e-02  -2.6804367e-01   7.6550970e-03  -5.1507664e-04  -5.2844758e-04
   2.7084580e-02  -7.7509208e-02  -2.9988158e-01   6.9397397e-03   6.3375856e-05  -5.4941548e-04
   2.1009697e-02  -1.5332992e-01  -4.4494944e-01   8.5059937e-03  -2.0950270e-04  -4.8614876e-04
   2.5706258e-02  -1.5103266e-01  -3.3801298e-01   8.7776498e-03  -2.6093075e-04  -5.0305876e-04
   1.7951111e-02  -1.4954897e-01  -3.5261855e-01   9.3447262e-03  -5.4035128e-05  -5.4171173e-04
   2.2727105e-02  -1.2036726e-01  -4.0267358e-01   9.2808438e-03  -5.0335477e-04  -2.5228449e-04
   1.5283882e-02  -1.7586887e-01  -3.9956345e-01   1.0179327e-02  -3.4791102e-04  -6.6942978e-04
   1.5988703e-02  -2.2453207e-01  -4.3924764e-01   1.0877899e-02  -4.5199776e-04  -3.9112548e-04
   2.0167646e-02  -1.9629885e-01  -3.8354855e-01   1.0474907e-02  -4.5483399e-04  -6.0533747e-04
   2.1658665e-02  -1.7436130e-01  -4.0637643e-01   9.9959803e-03  -7.2094473e-04  -5.1209852e-04
  -5.6386954e-03  -2.4197784e-01  -3.9601773e-01   1.0939558e-02  -4.0204656e-04  -9.2560615e-04
  -5.7087296e-03  -2.2973006e-01  -3.7092481e-01   1.1578223e-02  -2.1817658e-04  -9.9082787e-04
   4.8923212e-03  -2.1849735e-01  -3.6996762e-01   1.1028582e-02  -1.9712771e-04  -8.5778039e-04
   7.5298327e-03  -2.1356057e-01  -3.8660559e-01   1.0204756e-02  -9.0763292e-05  -8.4694232e-04
   1.4274117e-02  -1.5030791e-01  -4.1096258e-01   9.3941923e-03  -3.3091125e-04  -8.2808633e-04
   1.1413810e-02  -1.5823218e-01  -4.1648030e-01   8.7828681e-03  -2.6948710e-04  -6.6891255e-04
   1.7980300e-02  -1.7063928e-01  -4.0676255e-01   9.1557937e-03  -2.8322975e-04  -7.6447898e-04
   1.3405693e-02  -2.0910298e-01  -3.8910995e-01   9.4371222e-03  -1.1634331e-04  -8.2047623e-04
   2.9585868e-02  -7.7197119e-02  -4.7053180e-01   7.9589374e-03  -6.7327143e-04  -3.5696164e-04
   1.8410824e-02  -2.4860593e-01  -4.5953062e-01   1.0609627e-02  -6.3008291e-04  -3.4363243e-04
   2.4692314e-02  -1.4601848e-01  -4.4795094e-01   1.0269016e-02  -6.1634363e-04  -3.4723230e-04
   2.1752739e-02  -1.8919072e-01  -4.0820285e-01   1.0602088e-02  -5.5115670e-04  -5.3281559e-04
   1.7160481e-02  -1.7818619e-01  -3.9880259e-01   1.0323435e-02  -5.1214809e-04  -6.4561493e-04
   1.5552744e-02  -1.9326138e-01  -3.9369732e-01   1.0268200e-02  -5.5863761e-04  -3.1583205e-04
   1.1105265e-02  -1.8922566e-01  -4.0422167e-01   1.0727345e-02  -5.5915460e-04  -3.8056001e-04
   1.1520845e-02  -2.1187483e-01  -3.7030076e-01   1.0862350e-02  -5.1439086e-04  -6.2977428e-04
   8.2877329e-03  -1.9054754e-01  -3.9153027e-01   1.0096224e-02  -4.8991929e-04  -7.8292602e-04
   6.7927414e-03  -1.8708233e-01  -3.7844399e-01   1.0342278e-02  -6.1387038e-04  -8.2576664e-04
   7.7211373e-04  -2.1454476e-01  -3.6439764e-01   1.1101698e-02  -5.0989221e-04  -7.1289373e-04
   3.7621569e-03  -2.1414715e-01  -3.6771918e-01   1.1174034e-02  -6.9095319e-04  -7.8010586e-04
   4.6227317e-03  -1.6631170e-01  -3.9257844e-01   1.0650192e-02  -7.2965772e-04  -6.5966690e-04
  -5.5532079e-03  -2.0483278e-01  -4.1357968e-01   1.0991785e-02  -5.2821368e-04  -6.6123709e-04
  -1.2377038e-02  -2.2539617e-01  -3.8796451e-01   1.0546992e-02  -2.9362784e-04  -5.9187317e-04
   2.9233583e-03  -1.6907502e-01  -4.3146704e-01   7.0677458e-03   7.2523810e-04   2.0467897e-05
   3.5097279e-02  -1.6697592e-01  -4.1560537e-01   6.7566888e-03   7.5523400e-04   1.0954345e-03
   6.2782927e-02  -9.9447166e-02  -4.3139085e-01   7.4165704e-03   5.6453922e-04   1.5493336e-03
   3.8842914e-02  -1.1225914e-01  -3.9586728e-01   8.3007587e-03   4.1195298e-04   1.3378611e-03
   5.0287672e-02  -6.3425341e-02  -3.8088527e-01   8.7998328e-03   2.3704469e-04   1.5394181e-03
   4.6926867e-02  -1.3218733e-01  -3.5310782e-01   8.0794348e-03   9.0417979e-04   1.2800489e-03
   5.7813459e-02  -8.1285319e-02  -3.7754017e-01   7.4424545e-03   7.1885567e-04   1.3220548e-03
   5.7401600e-02  -5.7796719e-02  -3.5760922e-01   6.6295834e-03   6.3205217e-04   1.3464786e-03
   5.6396621e-02  -1.2342572e-01  -3.4208299e-01   7.9727955e-03   8.2731508e-04   1.3441597e-03
   6.5587227e-02  -8.2836144e-02  -3.3843180e-01   8.1243428e-03   4.1331380e-04   1.1233825e-03
   5.7982653e-02  -1.4245443e-01  -3.2125839e-01   8.5245790e-03   6.0567201e-04   9.5880442e-04
   6.2136947e-02  -9.7241273e-02  -3.1298007e-01   7.4827963e-03   4.8014113e-04   1.2391410e-03
   5.9452658e-02  -1.3252645e-01  -3.2851361e-01   7.8704316e-03   2.8463737e-04   9.6872069e-04
   6.8373039e-02  -4.3361253e-02  -3.5285001e-01   6.5683735e-03   4.4171688e-05   9.9816220e-04
   5.5021361e-02  -1.1833365e-01  -3.6661001e-01   7.8812402e-03   4.1642655e-04   9.1082307e-04
   6.1349415e-02  -8.8252093e-02  -1.8147798e-01   8.1281184e-03   5.0527225e-04   1.1584942e-03
   4.5362571e-02  -1.9771416e-01  -3.5060221e-01   1.0487806e-02  -6.9194568e-05   8.0204843e-04
   4.2425982e-02  -1.2274932e-01  -3.9040133e-01   9.5830731e-03  -2.9151698e-04   4.6294936e-04
   3.2693289e-02  -1.7091841e-01  -4.3368872e-01   9.9365270e-03  -4.9583090e-04   2.3302861e-04
   2.7150528e-02  -1.5846010e-01  -4.3336412e-01   1.0526201e-02  -5.4646661e-04  -6.3040548e-05
   3.2246410e-02  -1.2081063e-01  -4.2444308e-01   1.0893889e-02  -6.9548463e-04   2.5053234e-04
   2.3373257e-02  -1.7926780e-01  -3.9587272e-01   1.0759721e-02  -4.9499535e-04  -1.5719677e-04
   2.0004789e-02  -1.7277359e-01  -3.8322139e-01   1.0741717e-02  -4.4098885e-04  -1.6018204e-04
   2.7867630e-02  -1.4336231e-01  -3.8952327e-01   1.0077455e-02  -7.0082136e-04  -1.2204797e-04
   3.6908013e-02  -1.5657608e-01  -3.8743578e-01   9.5260371e-03  -6.4681297e-04  -3.1656655e-04
   3.5764514e-02  -1.8984320e-01  -4.0132924e-01   1.1117080e-02  -8.4530717e-04  -5.5942440e-04
   4.1058689e-02  -1.1729378e-01  -3.9292134e-01   9.2065934e-03  -8.9780627e-04  -4.7425654e-04
   3.5802295e-02  -1.7427006e-01  -3.4350667e-01   9.3276631e-03  -7.6293126e-04  -3.8277540e-04
   3.5915001e-02  -2.0331211e-01  -3.5132729e-01   1.0406571e-02  -4.7623452e-04  -3.3841392e-04
   3.4094960e-02  -1.6695099e-01  -3.6223712e-01   1.0480238e-02  -5.7752384e-04  -4.2105725e-04
   2.7303747e-02  -1.9611025e-01  -4.3385294e-01   9.9896369e-03  -3.6857955e-04  -6.7387729e-04
  -3.0649705e-02  -5.4165778e-01  -7.2167658e-01   1.3246299e-02   2.0227165e-03   1.8030510e-03
   1.9132218e-02  -6.3866978e-01  -7.7431020e-01   1.8188125e-02   8.4327325e-04  -2.8467216e-04
   5.3642533e-03  -4.0900256e-01  -4.9089122e-01   1.5620564e-02  -2.4801778e-04  -1.5922086e-03
   2.0291896e-02  -2.6310186e-01  -5.0768432e-01   1.4260350e-02  -4.6936689e-04  -1.5068694e-03
   2.1635085e-02  -3.1210826e-01  -4.9949368e-01   1.5128330e-02  -2.8493433e-04  -1.7931218e-03
   2.9224929e-02  -2.8440284e-01  -5.6678157e-01   1.4587273e-02  -4.7054446e-04  -1.5267468e-03
   2.7848654e-02  -2.4434396e-01  -4.7272108e-01   1.4154947e-02  -6.2440216e-04  -1.6796224e-03
   2.6707226e-02  -2.3936505e-01  -4.9039434e-01   1.3124844e-02  -6.4885381e-04  -1.5985014e-03
   2.7335936e-02  -1.9928428e-01  -4.3186991e-01   1.2568799e-02  -1.0019901e-03  -1.4029267e-03
   2.2235249e-02  -2.4421029e-01  -4.1829755e-01   1.2975259e-02  -5.9891204e-04  -1.6243116e-03
   2.6647796e-02  -1.8018485e-01  -4.3247324e-01   1.2615911e-02  -7.9999324e-04  -1.3691683e-03
   3.0115306e-02  -1.7800091e-01  -4.6776372e-01   1.2841818e-02  -8.4219287e-04  -1.2532872e-03
   2.5128841e-02  -1.6418689e-01  -4.3018117e-01   1.2136784e-02  -7.2970274e-04  -1.4254894e-03
   2.6304282e-02  -1.7340178e-01  -4.0672003e-01   1.2408342e-02  -6.4787050e-04  -1.2489465e-03
   3.2745414e-02  -1.8348122e-01  -3.9785489e-01   1.2200112e-02  -8.3480035e-04  -1.1125915e-03
   2.6048716e-02  -1.6210750e-01  -4.3649113e-01   1.1898157e-02  -8.8394330e-04  -1.0762613e-03
   1.9003797e-02  -1.4958951e-01  -4.1809991e-01   1.2137443e-02  -8.0141040e-04  -1.1431271e-03
   3.2851032e-02  -1.0542454e-01  -4.7504727e-01   1.1230415e-02  -1.2644036e-03  -8.4944527e-04
   3.0960891e-02  -2.0029055e-01  -4.3595942e-01   1.2522961e-02  -7.9884761e-04  -1.0141617e-03
   2.4737650e-02  -1.7805567e-01  -4.3649173e-01   1.3199621e-02  -7.3387203e-04  -1.1722358e-03
   3.1237692e-02  -1.4577947e-01  -4.4725073e-01   1.2372318e-02  -1.0298226e-03  -9.2040840e-04
   2.6864171e-02  -1.9193965e-01  -4.3357464e-01   1.2909806e-02  -9.3122818e-04  -1.1092189e-03
   2.9972874e-02  -1.4119007e-01  -4.5628634e-01   1.3368225e-02  -1.0558218e-03  -1.0638264e-03
   2.2252859e-02  -1.6401024e-01  -4.2250763e-01   1.2020584e-02  -9.3913897e-04  -1.2516112e-03
   3.3654483e-02  -1.1519092e-01  -4.2637243e-01   1.1417777e-02  -1.1098376e-03  -1.1566858e-03
   1.9614185e-02  -1.9735059e-01  -3.9542462e-01   1.2711083e-02  -6.4941507e-04  -1.3631623e-03
   3.0413668e-02  -1.2362229e-01  -4.0655558e-01   1.1662132e-02  -8.4642083e-04  -9.4453607e-04
   2.4950653e-02  -1.9856059e-01  -4.0113995e-01   1.2782600e-02  -7.4021450e-04  -1.2292127e-03
   3.7259235e-02  -1.4037398e-01  -4.3915632e-01   1.1556996e-02  -7.5613094e-04  -1.4519331e-03
   2.9882610e-02  -1.3502756e-01  -4.4610179e-01   1.1185115e-02  -9.7998096e-04  -1.3709568e-03
   2.8531628e-02  -1.8200669e-01  -4.1926935e-01   1.1731749e-02  -8.5025646e-04  -1.3092097e-03
   2.6469319e-02  -1.5715829e-01  -4.7930189e-01   1.2492571e-02  -9.2803166e-04  -1.0301596e-03
   2.7555633e-02  -1.6794875e-01  -4.7436102e-01   1.2807267e-02  -8.9428395e-04  -1.1139383e-03
   2.1825972e-02  -1.7258150e-01  -4.9461647e-01   1.3448456e-02  -7.2679487e-04  -1.1876143e-03
   3.1639148e-02  -1.6488600e-01  -4.4201671e-01   1.2242585e-02  -6.9450822e-04  -1.1874553e-03
   2.8126836e-02  -1.8868573e-01  -4.4575838e-01   1.2741417e-02  -8.9346555e-04  -1.2122956e-03
   3.2468321e-02  -1.2825580e-01  -4.5259056e-01   1.1585758e-02  -1.0205640e-03  -1.1691999e-03
   2.5923320e-02  -1.9410406e-01  -4.7175215e-01   1.2090737e-02  -8.0083907e-04  -1.3878631e-03
   3.0987019e-02  -1.6122562e-01  -4.5308326e-01   1.2629181e-02  -8.3425093e-04  -1.2654374e-03
   2.9382719e-02  -1.7996546e-01  -5.0576916e-01   1.1634750e-02  -5.2441798e-04  -1.7087287e-03
   3.8777892e-02  -1.4743794e-01  -4.5235940e-01   1.1663964e-02  -1.0600069e-03  -1.3451777e-03
   3.0881225e-02  -1.9256598e-01  -4.6240920e-01   1.1933345e-02  -8.7991613e-04  -1.4155978e-03
   2.5017411e-02  -2.0732174e-01  -4.6481431e-01   1.3267576e-02  -9.3888714e-04  -1.4541051e-03
   2.7373945e-02  -1.8913958e-01  -4.8172865e-01   1.2936538e-02  -9.5625747e-04  -1.5033823e-03
   2.8634478e-02  -1.9615269e-01  -4.6732175e-01   1.2763051e-02  -1.0419214e-03  -1.5477084e-03
   2.5158811e-02  -2.3916703e-01  -4.5997920e-01   1.3654525e-02  -8.1213900e-04  -1.6391137e-03
   2.8952688e-02  -2.0378935e-01  -4.7855918e-01   1.3069728e-02  -1.0477581e-03  -1.6680426e-03
   2.6506896e-02  -2.2675380e-01  -4.4999032e-01   1.3409776e-02  -8.0373973e-04  -1.7299187e-03
   3.1669390e-02  -2.3480222e-01  -4.4932355e-01   1.3746422e-02  -1.1108120e-03  -1.5758778e-03
   5.1575624e-02  -1.2845361e-01  -4.7153375e-01   1.1260341e-02  -1.0307765e-03  -1.5772948e-03
