   0.0000000e+00   0.0000000e+00   0.0000000e+00   0.0000000e+00  -1.7347235e-18   0.0000000e+00
  -7.1618863e-04  -6.3503964e-03   5.0294670e-02   1.7688321e-04   1.7938877e-05  -2.2185085e-04
  -6.5939830e-03   2.0271008e-02   8.1328066e-02  -4.6325204e-04   2.4218364e-05  -3.5598339e-04
  -9.0927667e-03   2.1613590e-02   1.2260841e-01   7.3081672e-05  -5.4315317e-05  -3.7522202e-04
  -1.2949415e-02   2.8615254e-02   1.4600378e-01  -2.1988952e-04   9.0596591e-05  -5.6252010e-04
  -1.2173906e-02   3.8435701e-02   1.2748052e-01  -4.2053807e-04   1.1651835e-04  -7.4998038e-04
  -2.7828137e-03   7.7839697e-02   8.1915081e-02  -2.4541956e-04  -3.7225199e-04  -4.6902080e-04
  -1.2052537e-02   3.0370070e-02   9.8911952e-02  -1.0422804e-04  -6.0994781e-05  -6.6039435e-04
  -5.2429043e-03   5.5000842e-02   8.4296531e-02  -9.0573346e-04  -1.9737548e-04  -5.8737293e-04
  -1.1718874e-03   2.1726054e-02   5.1236253e-02  -8.0565972e-04   3.2732184e-04  -4.5108859e-04
  -9.5803390e-03   5.6752779e-02   4.2412653e-02  -1.1319562e-03   3.5132182e-04  -4.8285138e-04
   1.9862868e-03   8.8945039e-02   1.3568245e-03  -1.2280907e-03   1.5013949e-04  -5.1064574e-04
   2.8704335e-02  -2.9618887e-03  -2.4392527e-01   1.2259192e-03  -6.2795557e-04   7.3212349e-04
  -1.2210142e-02   4.7458729e-03  -5.6960312e-02   1.3063040e-03  -3.1554953e-04   6.1246987e-04
  -1.2735883e-02   4.4875231e-02  -7.1830397e-02   1.3115407e-03  -7.3298061e-04   7.1369864e-04
  -1.3944538e-02   3.3418223e-02  -5.9026999e-02   1.5188751e-03  -8.0034509e-04   6.9763260e-04
  -2.6703771e-02  -7.7052322e-03  -1.4619365e-03   1.5874884e-03  -2.5299495e-04   3.2973486e-04
  -2.8066330e-02   3.3106003e-02  -1.8018601e-03   1.1924245e-03  -1.0046569e-03   5.7223286e-04
   4.4148928e-02   3.9596758e-03   1.8106189e-01   3.0808322e-03  -4.4042242e-04  -8.3185566e-04
  -2.1078535e-02   1.3125735e-02   7.3370980e-02   8.0507136e-04  -9.1878208e-04  -2.3959518e-04
  -2.3496058e-02   6.1441503e-02   4.5030684e-02   2.6002772e-04  -8.6375018e-04  -1.8514884e-04
  -2.4151337e-02   7.1469222e-02   2.9355701e-02  -5.3512372e-05  -6.8430909e-04  -3.6582483e-04
  -2.5866050e-02   5.4757882e-02   5.7865810e-02   2.9700661e-05  -4.5868336e-04  -5.2155238e-04
  -2.4451856e-02   7.0952199e-02   4.6224937e-02   2.6182721e-04  -4.2881458e-04  -5.6403593e-04
  -4.5945849e-02   6.8027989e-02  -5.3471926e-04  -3.7486646e-04  -1.3343481e-05  -3.7217048e-04
  -6.6993987e-02   4.6052040e-02   2.0121895e-01   3.9946386e-04   1.8214909e-03  -1.4449967e-03
  -4.6832376e-02   7.2193664e-02  -6.9672710e-03  -2.6514990e-05   5.7596758e-04  -1.1483482e-03
  -5.2497835e-02   5.2321678e-02  -7.0082497e-03   2.8091804e-04   7.3063761e-04  -1.1171305e-03
  -5.2975677e-02   5.8160490e-02   2.2592487e-02   8.4195546e-04   5.5468572e-04  -1.2094519e-03
  -4.1593474e-02   7.8883929e-02   2.3980173e-02   4.4836572e-04   2.3445331e-04  -1.0165871e-03
  -4.3542159e-02   7.4650169e-02   7.7821343e-02   3.3346898e-04   3.0688662e-04  -1.1207945e-03
  -3.0313940e-02   1.0783397e-01   2.5034756e-02  -7.6594686e-04   1.4951911e-04  -1.0157667e-03
  -3.3154784e-02   9.3405884e-02   1.5235437e-02  -2.1233975e-04   4.0184967e-04  -1.1374628e-03
  -2.4162358e-02   8.3505845e-02   2.5357051e-02  -2.4204148e-04   3.1637191e-04  -1.2099971e-03
  -2.7956789e-02   1.2236262e-01   9.3947088e-02   4.5516782e-04   1.3950853e-03  -5.6381792e-04
  -4.0222271e-02   8.1174016e-02   1.2610727e-01  -3.3828813e-04   2.0203578e-03  -8.8799162e-04
  -1.2951883e-02  -1.0529021e-01  -4.3197531e-01  -3.0681321e-04   1.8889563e-03  -6.0239217e-04
  -1.8236768e-02  -1.1121518e-01  -2.5029071e-01  -7.4899666e-04   4.7416074e-04   6.8448750e-05
  -1.8212454e-02  -3.1522015e-02  -1.6829156e-01   1.6083744e-03   7.1693970e-04  -4.7369367e-04
  -3.9972248e-02   7.5283855e-02  -9.8028875e-02   9.0276291e-04   4.2033530e-05   4.9868966e-05
  -3.2291353e-02   4.5863299e-02   4.9191567e-02   1.1299123e-03   1.5424600e-03   5.6943137e-04
  -1.2362422e-02   2.4808000e-02  -7.3297371e-02   2.1568612e-03   1.6098973e-03   7.9214068e-04
  -6.1436159e-02  -2.1870069e-01  -4.4072079e-01   6.0199074e-03   9.7758197e-04   7.3697617e-04
  -5.7176214e-02  -6.6551380e-02  -6.7365597e-02   3.3982394e-03   1.2653990e-03  -3.5285364e-04
  -5.0949630e-02  -6.0076857e-03  -7.6581913e-02   2.9189978e-03   9.4263972e-04  -5.0681295e-04
  -5.6427658e-02  -1.3584075e-02  -3.8553309e-02   2.4777815e-03   1.2146983e-03  -1.0982451e-04
  -5.9222125e-02   2.5653437e-02   9.5072099e-03   1.9288091e-03   1.4813618e-03   1.3391086e-04
  -6.0598988e-02   1.3576515e-02   4.5791264e-02   1.4771797e-03   8.8838175e-04  -2.0785759e-06
  -7.1382037e-02  -7.5514715e-03  -8.0018585e-03   1.4235197e-03   1.4459083e-03  -3.3226283e-04
  -6.7096809e-02   1.8152283e-02  -9.9417469e-03   2.3551332e-03   1.4873653e-03  -4.5829742e-04
  -7.4826380e-02  -3.0352746e-03   1.0957988e-02   2.0697901e-03   1.6807447e-03  -5.0917645e-04
  -7.5647436e-02  -1.1965487e-03   3.2279948e-02   1.4341527e-03   1.7649950e-03  -8.4633952e-04
  -6.3547208e-02   6.8576118e-02  -3.1294013e-02  -2.2610710e-04   1.1484054e-03  -7.5753212e-04
  -5.4964053e-02   2.7362108e-02   7.8999045e-02   1.8861140e-03   1.4870659e-03  -5.1962396e-04
  -4.5132615e-02   5.3487259e-02   1.0372101e-01   1.5774007e-03   1.0051682e-03  -6.6135829e-04
  -4.7058415e-02   2.6636369e-02   4.3472714e-02   4.7294929e-04   1.3603045e-04  -3.1986556e-04
  -3.9275033e-02   4.7473820e-02  -6.3080114e-02  -4.3453793e-04   2.5285276e-04  -9.1352627e-04
  -3.8904529e-02   2.5118831e-02  -7.3059285e-02   3.6446173e-04   6.6738371e-04  -8.0898186e-04
  -4.2597555e-02   5.8348288e-02  -7.0454930e-02  -4.1181793e-04   6.4662623e-04  -1.2565989e-03
  -5.1365254e-02   4.8174312e-02  -6.5658743e-02   1.0478450e-03   6.9200286e-04  -1.2758987e-03
  -5.0316511e-02   4.5299804e-02  -3.8642706e-02  -1.3578006e-04   7.2403073e-04  -1.3000029e-03
  -4.0566752e-02   4.6612369e-02  -3.0853507e-02  -5.4076732e-04   6.1719427e-04  -1.0691921e-03
  -4.2916102e-02   3.0297718e-02  -4.8215327e-02   1.6629754e-05   9.4087438e-04  -1.4156318e-03
  -5.1150467e-02   1.5724341e-02   1.6126922e-02   1.3904218e-03   8.8800671e-04  -1.3172042e-03
  -3.4425528e-02   7.6019566e-02  -1.0480387e-01  -1.1576930e-03   6.1541593e-04  -1.4480065e-03
  -3.6936544e-02   3.1942144e-02  -1.8570308e-02   2.4972973e-04   7.4221413e-04  -1.3137971e-03
  -3.7476689e-02   3.3108496e-02  -7.2964554e-02  -3.1361864e-04   6.9751782e-04  -1.0614284e-03
  -3.9682223e-02   5.8132850e-02  -3.9096472e-02  -8.6479979e-04   7.6788188e-04  -9.0259081e-04
  -3.5048017e-02   5.6230916e-02  -5.9633656e-02  -5.1755479e-04   6.2705373e-04  -8.0447828e-04
  -3.4444472e-02   4.9070925e-02  -4.3432837e-02   3.0051435e-05   6.6121638e-04  -9.9102224e-04
  -3.5724615e-02   4.6254192e-02  -2.7287619e-02   1.3209410e-03   7.3989412e-04  -1.0619084e-03
  -3.5230719e-02   7.4905960e-02  -4.7543876e-02  -7.4149753e-04   6.3227623e-04  -1.0808598e-03
  -2.1412862e-02   1.0294530e-01  -8.0636077e-02  -1.2785363e-03   2.6027053e-04  -1.4231412e-03
  -2.7428645e-02   1.0737574e-01  -2.7855303e-01  -1.8804099e-03   1.8283407e-04  -1.0098827e-03
  -4.0719382e-02   7.0570308e-02  -3.0152058e-02  -4.7424220e-04   7.4858957e-04  -8.5907974e-04
  -3.4476510e-02   2.0165956e-01  -6.7739377e-02  -9.9704645e-03  -9.4875476e-04   2.7249674e-04
  -2.8723811e-02   1.8954095e-01   2.5172341e-01  -2.1003095e-02  -6.3477086e-04   1.9912934e-03
  -2.6113156e-02   2.6611323e-01   2.7279177e-01  -1.9133817e-02  -9.1986253e-04   1.6101862e-03
  -2.5542763e-02   2.9818633e-01   2.5337087e-01  -1.9454658e-02  -9.3111937e-04   1.6015684e-03
  -2.3243027e-02   3.1278607e-01   2.5128982e-01  -1.9676660e-02  -1.2253936e-03   1.5915816e-03
  -2.0200922e-02   3.2224458e-01   2.5812851e-01  -1.9331136e-02  -1.4146496e-03   1.4173286e-03
  -2.5494488e-02   3.1885911e-01   2.7946104e-01  -1.8780459e-02  -1.5532157e-03   1.3475043e-03
  -1.9073216e-02   3.0781169e-01   2.2389304e-01  -1.8721157e-02  -1.9460788e-03   1.3856803e-03
  -2.7836568e-02   2.7709133e-01   2.5704045e-01  -1.8197958e-02  -1.5780278e-03   1.5273928e-03
  -2.1779938e-02   3.1160414e-01   2.3801122e-01  -1.8434190e-02  -1.8881972e-03   1.7125602e-03
   5.7635564e-03   3.7964381e-01   2.8057091e-01  -1.7310893e-02  -1.6386406e-03   2.3710554e-03
  -2.7794412e-02   2.2554493e-01   9.2702281e-02  -1.5932137e-02  -9.1838974e-04   1.1727714e-03
  -2.4743028e-02   1.6238264e-01  -1.9905417e-01  -1.2729097e-02  -1.6427741e-03   1.6486273e-03
  -2.4985990e-02   2.3895740e-01   7.0725248e-02  -1.3914977e-02  -1.9102778e-03   1.1315242e-03
  -3.5341349e-02   2.4613844e-01   4.5311200e-02  -1.3769060e-02  -1.6570202e-03   1.0295522e-03
  -4.6208016e-02   2.5093684e-01   5.5046591e-02  -1.3331320e-02  -1.6462126e-03   1.0076926e-03
  -4.2222176e-02   2.5497007e-01   5.8649394e-02  -1.3000504e-02  -1.9157408e-03   1.4180899e-03
  -3.7716990e-02   2.5257733e-01   9.8965918e-02  -1.3091091e-02  -1.7870741e-03   1.3635526e-03
  -3.0657087e-02   2.6952978e-01   1.0635745e-01  -1.3633637e-02  -1.8153087e-03   1.1568758e-03
  -3.1966507e-02   2.9154306e-01  -1.5730368e-02  -1.5008205e-02  -1.7858840e-03   7.0952876e-04
  -1.0959936e-02   2.2959579e-01   1.4841567e-02  -1.4330276e-02  -2.5151544e-03   6.2137078e-04
  -1.8672546e-02   2.0705090e-01   2.6532172e-02  -1.3796729e-02  -2.0176825e-03   7.3815523e-04
  -2.6542351e-02   1.9575973e-01  -7.9402340e-02  -1.2774987e-02  -2.2494513e-03   1.2725078e-03
  -1.6759218e-02   1.3731500e-01  -1.4892695e-01  -1.0897255e-02  -2.9378480e-03   1.7146239e-03
   1.5725079e-02   1.0174714e-01  -2.6083500e-01  -7.0496336e-03  -1.8723341e-03   2.0235808e-03
   7.9180614e-03   1.9473677e-01  -6.0933015e-02  -9.1745476e-03  -1.3644567e-03   1.1908132e-03
   2.7321532e-04   1.8554815e-01  -3.9829518e-02  -9.2242514e-03  -1.0161005e-03   8.5292163e-04
  -2.0992958e-02   2.0846029e-01  -1.0906420e-01  -9.9431238e-03  -1.6888679e-03   8.1804049e-04
  -1.1828811e-02   2.2965478e-01   1.6146993e-02  -8.6610312e-03  -1.0228807e-03   1.1979239e-03
  -1.7595002e-02   1.9581135e-01   2.8946254e-02  -9.4112276e-03  -1.2785900e-03   1.2433179e-03
  -2.8147575e-02   1.6925974e-01   3.1581011e-02  -8.9093106e-03  -1.4619402e-03   1.1275206e-03
  -4.0771654e-02   1.6694207e-01  -7.2966640e-03  -9.5230182e-03  -1.6214456e-03   9.8535367e-04
  -1.5791840e-02   2.1493640e-01  -3.5786504e-02  -9.8683104e-03  -1.8838901e-03   9.8919914e-04
  -2.2407882e-02   2.0076995e-01  -3.6771909e-02  -9.7064810e-03  -1.8666385e-03   1.2427817e-03
  -2.1944526e-02   2.0189722e-01  -2.5501879e-02  -1.0231555e-02  -1.8491851e-03   1.1842070e-03
  -2.2929977e-02   2.2122607e-01   2.8167635e-03  -9.9658944e-03  -1.9176055e-03   1.2674714e-03
  -1.9062708e-02   2.6932242e-01   4.9895928e-02  -9.6222001e-03  -1.6928240e-03   1.7015479e-03
  -2.7351873e-02   1.5505222e-01  -8.1231564e-03  -1.0058076e-02  -2.8098604e-03   1.3399006e-03
  -3.0304360e-02   2.0270553e-01   2.3222981e-03  -1.0239460e-02  -2.0650050e-03   9.4435191e-04
  -2.8197059e-02   2.0658364e-01   1.2982247e-02  -9.9289249e-03  -1.9006403e-03   6.2371326e-04
  -2.0314960e-02   2.1016396e-01   2.2747235e-03  -1.0460815e-02  -2.1873673e-03   1.1497802e-03
  -2.1094226e-02   2.5376553e-01   6.1564269e-02  -9.3241695e-03  -1.9270824e-03   1.6236038e-03
  -3.6559435e-02   1.8751416e-01   1.2609264e-04  -1.0480850e-02  -2.4047734e-03   1.3643467e-03
  -2.5194258e-02   2.5027555e-01  -1.2158928e-02  -1.1714279e-02  -2.2939869e-03   1.1449103e-03
  -2.8455490e-02   2.2344201e-01  -2.3103208e-02  -1.1064791e-02  -2.1467150e-03   1.1896767e-03
  -3.5537560e-02   2.1978528e-01  -2.1179836e-02  -1.0566286e-02  -2.0786960e-03   1.1199180e-03
  -3.6577805e-02   2.2796296e-01  -1.9312527e-02  -1.0556254e-02  -2.1681285e-03   1.0934095e-03
  -2.9641729e-02   2.8134672e-01   5.8797740e-02  -9.7726236e-03  -1.8340017e-03   1.5992205e-03
  -4.4426677e-02   2.1453452e-01   8.8592086e-03  -1.1760832e-02  -2.6013038e-03   1.1390091e-03
  -3.1226983e-02   2.4300166e-01   6.9121721e-04  -1.2009422e-02  -2.3818444e-03   9.2457278e-04
  -1.7486798e-02   2.5435113e-01   3.1773823e-03  -1.1080783e-02  -2.4654537e-03   7.5555060e-04
   9.6604573e-02   3.2461360e-01   1.8518582e-01  -9.6819483e-03   8.6285555e-04   3.0792083e-03
   4.5319910e-02   1.8741107e-01   1.5067979e-01  -1.0395383e-02  -1.0143392e-03   1.7740690e-03
  -5.2630652e-03   1.8663340e-01   1.5965258e-01  -1.0663999e-02  -1.1385627e-03   7.2170299e-04
   1.3220780e-02   2.2979237e-01   1.5221733e-01  -1.1258337e-02  -1.9605963e-03   1.0298802e-03
  -7.2049515e-03   1.6978088e-01   4.0987173e-02  -1.0035318e-02  -2.2638685e-03   9.8756602e-04
  -1.3885675e-02   2.4483940e-01   1.4396712e-01  -9.8736865e-03  -1.4939092e-03   3.7894594e-04
  -1.4563320e-02   2.4434971e-01   1.2242541e-01  -1.0799608e-02  -1.7702872e-03   3.7376420e-04
  -1.6764482e-02   2.1245210e-01   1.2811023e-01  -1.1219820e-02  -1.9209954e-03   4.4105377e-04
  -1.0415497e-02   2.4829957e-01   1.3099718e-01  -1.1901198e-02  -2.1216406e-03   1.8888815e-04
  -1.2149151e-02   2.3965656e-01   1.3077213e-01  -1.1397328e-02  -1.9548522e-03   1.9227814e-04
  -2.8953799e-03   2.3529454e-01   1.4596939e-01  -1.1160964e-02  -2.5916790e-03   1.0436877e-04
  -2.1466492e-02   2.4179739e-01   2.2539389e-01  -9.2183523e-03  -3.2988632e-03   3.1721874e-05
  -2.0258996e-02   2.1440416e-01   1.0161103e-01  -9.6106709e-03  -2.2352431e-03   4.8291382e-04
  -3.4885200e-02   1.9269292e-01   3.6324136e-02  -9.7239310e-03  -2.4223329e-03   1.2057705e-03
  -3.9055177e-02   2.1703208e-01   9.7652247e-02  -1.0399437e-02  -2.3718560e-03   1.1708251e-03
  -4.0731990e-02   2.1419658e-01   9.9474088e-02  -1.0176207e-02  -2.2920918e-03   1.0698832e-03
  -4.4759829e-02   2.2221356e-01   1.2349106e-01  -1.0464096e-02  -2.2092048e-03   1.0844598e-03
  -2.5759987e-02   2.4765858e-01   1.3809474e-01  -1.0947782e-02  -2.9600382e-03   1.0891779e-03
   9.5783968e-03   2.5530588e-01   1.5117473e-01  -1.0011520e-02  -3.7857877e-03   9.4330245e-04
  -4.0927994e-03   2.6260394e-01   1.3017432e-01  -1.0968322e-02  -3.1950069e-03   3.3815067e-04
  -1.0113740e-02   2.6019046e-01   1.4830759e-01  -1.1794500e-02  -3.2648821e-03   7.3397357e-04
  -2.5912817e-02   2.7255116e-01   9.7664447e-02  -1.1683453e-02  -3.0969435e-03   1.2974511e-03
  -3.5705051e-02   2.8531886e-01   1.5250024e-01  -1.1715555e-02  -2.8463856e-03   1.5849484e-03
  -3.1636606e-02   2.8007626e-01   1.6073004e-01  -1.2514725e-02  -2.8570975e-03   1.0611057e-03
  -1.7111446e-02   2.7608489e-01   1.4212000e-01  -1.2193039e-02  -2.9079552e-03   1.3933299e-03
  -2.6171962e-02   3.0831407e-01   1.1777978e-01  -1.2583834e-02  -2.6026177e-03   1.2187015e-03
  -1.3472689e-02   2.8912606e-01   1.4362158e-01  -1.2680417e-02  -2.9952288e-03   1.5967159e-03
  -1.0615228e-02   2.9333427e-01   1.2805361e-01  -1.2131659e-02  -3.1176397e-03   1.3406819e-03
  -2.4468437e-02   2.9273334e-01   1.1704998e-01  -1.1938576e-02  -3.0221979e-03   1.3273423e-03
  -2.7434189e-02   2.7764105e-01   1.4051024e-01  -1.1964636e-02  -3.0181856e-03   1.5396005e-03
  -2.1587939e-03   2.8638899e-01   8.8180710e-02  -1.0993858e-02  -3.4738383e-03   1.3971958e-03
  -2.6497142e-02   2.2477534e-01   2.2842107e-02  -9.6911270e-03  -2.8291879e-03   1.2309985e-03
  -2.7363528e-02   2.4713012e-01   1.1513526e-01  -1.0446538e-02  -2.8766805e-03   9.5977153e-04
  -2.2837952e-02   2.5823166e-01   7.6198822e-02  -1.1604837e-02  -3.2339772e-03   1.1841572e-03
  -4.0613537e-02   2.4614153e-01   4.4026690e-02  -1.2106708e-02  -3.3890798e-03   1.3223256e-03
  -3.8364845e-02   2.5270250e-01   7.5130669e-02  -1.1931058e-02  -3.2965315e-03   1.2114579e-03
  -3.7118240e-02   2.5974123e-01   5.4065146e-02  -1.2896435e-02  -1.8807136e-03   1.5457428e-03
  -5.0271343e-02  -1.9801319e-01  -2.7820171e-01   5.3951011e-03  -3.7354732e-03   5.2433857e-03
  -1.0912942e-01  -8.7062561e-01  -1.2345024e+00   2.3900782e-02  -4.1458117e-03   5.3279978e-03
  -2.6161722e-02  -5.6999270e-02  -4.2597388e-01   2.1224564e-03  -2.1000317e-03   5.2115804e-03
  -4.7479059e-02  -9.2575309e-03  -2.7701968e-01   3.4242038e-03  -2.8933627e-03   2.4853643e-03
  -5.6191826e-02   6.3512124e-02  -2.5225676e-01   1.6420131e-03  -2.8788988e-03   2.1997218e-03
  -4.4236853e-02   6.3438267e-02  -2.6253640e-01   1.4050231e-03  -3.4271303e-03   2.3986473e-03
  -8.3905210e-02  -1.4469854e-02  -3.1677997e-01   8.7951500e-04  -2.5094108e-03   2.1068320e-03
  -6.8880169e-02   8.6182072e-03  -2.5807263e-01   2.0063067e-03  -1.9670710e-03   1.6757340e-03
  -5.9729880e-02   5.2007725e-02  -2.1865023e-01   2.2131603e-03  -1.9681865e-03   1.3368275e-03
  -5.7964723e-02   1.4688237e-02  -1.7487794e-01   2.6649660e-03  -2.4806188e-03   1.6338021e-03
  -4.8652914e-02   3.4011277e-02  -1.7341040e-01   2.0182731e-03  -2.8071335e-03   1.8128509e-03
  -5.7538510e-02  -1.1044640e-02  -1.9282691e-01   2.4784973e-03  -2.8350381e-03   2.1819711e-03
  -6.6208464e-02   2.5846686e-03  -1.4135520e-01   3.2945095e-03  -2.3115863e-03   1.8329162e-03
  -6.7209973e-02   3.0406332e-02  -1.6057231e-01   1.7938827e-03  -2.4535220e-03   1.8930971e-03
  -5.9770397e-02   1.5642752e-02  -1.5381452e-01   1.3852830e-03  -2.7318558e-03   1.7761627e-03
  -6.9163193e-02   4.8910685e-02  -1.7673570e-01   3.9673150e-04  -2.2903455e-03   2.1326631e-03
  -8.4364717e-02   3.9302733e-03  -2.6757934e-01  -2.2101871e-05  -1.6083322e-03   2.3325654e-03
  -7.4593479e-02   4.6396810e-02  -1.1560897e-01  -1.3039246e-03  -1.6045767e-03   2.0907018e-03
  -6.8084552e-02   7.6279086e-02  -1.2258037e-01  -1.5551502e-03  -4.4985295e-03   3.3704882e-03
  -2.8942593e-02   6.9090654e-02  -1.0324386e-01  -5.3542904e-05  -4.2550276e-03   3.7807265e-03
  -3.8118428e-02   6.6052132e-02  -2.3744812e-01  -2.1278684e-03  -4.7795807e-03   2.9786784e-03
  -3.1565146e-02   9.0023966e-02  -1.7758444e-01  -2.2649198e-03  -5.2821819e-03   2.6753528e-03
  -3.5562199e-02   9.4090767e-02  -1.9730355e-01  -2.2236726e-03  -5.3199575e-03   2.6026313e-03
  -3.9849966e-02   1.0933361e-01  -1.8894589e-01  -3.1254424e-03  -5.1411523e-03   2.3935170e-03
  -3.5702945e-02   1.7518897e-01  -3.4044741e-02  -7.4135022e-03  -5.1678628e-03   2.6683815e-03
