   0.0000000e+00   0.0000000e+00   0.0000000e+00   6.9388939e-18  -1.7347235e-18   1.2037062e-35
   3.4202762e-03   5.5864812e-02   2.4494002e-02  -3.0086058e-04  -3.7563078e-04   8.3173458e-04
  -5.5573652e-03   6.7159931e-02   1.6128411e-02  -1.0053957e-03  -1.7521952e-05  -3.7366065e-05
  -1.2766167e-02   5.0323474e-02   5.7926990e-02  -3.8824388e-04   1.9003335e-04  -2.1528975e-04
  -1.1710120e-02   2.0283307e-02   4.2436652e-02   1.3604558e-03   2.5981246e-04  -7.7767912e-05
  -6.5126993e-03   7.2772796e-02   4.2654171e-02   1.3036908e-04   2.4697976e-04  -2.6257097e-04
  -7.7254167e-03   9.9008448e-03   3.5647250e-02   2.0855244e-03   5.9077765e-05  -1.4016402e-04
  -5.5487821e-03   7.8447307e-02   1.7410808e-02   6.6604072e-04   2.4301505e-04  -1.3027986e-04
  -1.0090397e-02   1.7015126e-02   6.1609854e-02   6.6489757e-04   7.0737389e-05  -1.4082236e-04
  -5.2742622e-03   6.2423359e-02   8.3993581e-02   1.5712589e-03   2.3288252e-04   7.7191378e-05
  -1.2386538e-02   2.1426292e-02   4.9991780e-02   1.0858295e-03   5.9981771e-04  -1.3193204e-04
  -4.3645011e-03   7.0078415e-02   2.9984608e-02   2.3846718e-03   7.9831818e-05  -9.5530572e-05
  -1.5311365e-02   5.3200560e-03   3.1538304e-02   1.7756597e-03  -2.3553702e-05  -4.5969573e-04
  -1.3050573e-02   6.9455806e-02   4.1677859e-02   7.6705696e-04   8.6126318e-05  -4.6656646e-04
  -1.3674679e-02   2.8145567e-02   4.0749019e-02   8.5077628e-04   6.6260531e-05  -7.4554243e-04
  -1.1120838e-02   8.6456506e-02   7.5404835e-02   9.7073295e-04   9.3199532e-05  -4.7844577e-04
  -1.7259266e-02   1.6338682e-02   7.6492233e-02   1.3938948e-03   2.6658099e-04  -5.9894005e-04
  -1.5173384e-02   5.1231386e-02   8.7405552e-02   1.0974687e-03   1.5976383e-04  -5.2841088e-04
  -1.4318572e-02   3.7436801e-02   6.5722627e-02   1.0832761e-03   9.6560843e-05  -6.2327749e-04
  -1.4642143e-02   3.3332260e-02   3.9450399e-02   1.3711208e-03   8.9854158e-05  -6.5911732e-04
  -1.1054300e-02   7.2923848e-02   4.3952870e-02   9.0497968e-04   1.0854413e-04  -6.2529130e-04
  -1.5462727e-02   4.8647118e-02   2.0525653e-02   7.6754403e-04   1.5707910e-04  -8.3833945e-04
  -1.4037282e-02   7.6822798e-02   3.2183886e-02   9.8324670e-04  -4.4761622e-06  -4.2932908e-04
  -2.1661214e-02   1.3604447e-02   2.8031165e-02   1.5036094e-03   8.3573348e-05  -6.5435541e-04
  -2.1464525e-02   7.2294094e-02   3.4693273e-02   8.3610999e-04   7.8812429e-05  -5.2128057e-04
  -2.3943812e-02  -1.5061722e-04   2.8490278e-02   1.4745349e-03   1.9243946e-04  -6.5634599e-04
  -1.8843277e-02   4.4788269e-02   3.0985035e-02   1.6371037e-03  -1.6661130e-05  -6.1880289e-04
  -2.1225724e-02   2.6750384e-02   1.9058392e-02   2.6172253e-03   1.4919741e-04  -7.6402538e-04
  -1.4251176e-02   4.8290861e-02   4.1474567e-02   1.4520345e-03   2.2468699e-04  -6.3662280e-04
  -1.2136047e-02   2.0899792e-02   3.9382980e-02   1.5190060e-03   3.6147043e-04  -6.9028213e-04
  -1.2568487e-02   1.7155525e-02   1.5104062e-02   1.7611178e-03   2.4384062e-04  -8.4017426e-04
  -1.4001525e-02   7.0312456e-02   6.4685433e-02   1.3799355e-03   7.0069172e-04  -2.4307029e-04
  -6.1980370e-03   2.7141940e-02   4.0707891e-02   1.1139478e-03   2.7804162e-04  -6.0188689e-04
  -3.4753896e-03   9.3710553e-02   7.7504824e-02   6.7510177e-04   3.3360999e-05  -4.7094086e-04
  -9.0611998e-03  -1.4005439e-02   4.0222522e-02   1.4748352e-03   1.0475019e-04  -2.1243012e-04
  -9.3695560e-03   8.7082974e-02   4.2384220e-02   5.9371038e-04   1.5207833e-04  -1.6663959e-04
  -8.1042295e-03   3.5262179e-02   1.2997461e-02   1.7728499e-03   1.8334152e-05  -1.7318132e-04
  -9.2837399e-03   7.3997351e-02   3.4372896e-02   1.5211059e-03   3.5874402e-04   8.2731565e-05
  -1.2127789e-02   2.1981517e-02   5.2320341e-02   1.8109983e-03   7.7713153e-05  -1.0791618e-04
  -9.7011586e-03   8.9577431e-02   6.8956249e-02   6.2554109e-04   7.9475747e-05  -1.7145542e-04
  -5.1073034e-03   6.4931693e-02   4.5701784e-02   6.2365924e-04  -6.2500470e-05  -1.0337122e-04
  -4.5949044e-03   8.2477329e-02   4.0423199e-02   9.0965917e-05   1.4976699e-04  -1.2818731e-04
  -3.0617467e-03   7.1609654e-02   4.6507921e-02   2.1968301e-04   2.4551133e-04  -5.6200391e-06
  -5.2887925e-03   7.5460262e-02   1.2685739e-02   5.3116308e-04   4.4218972e-05  -1.8590093e-04
  -1.6757822e-02   8.5822005e-02   5.7219143e-02   4.9456696e-04   8.0147362e-05   7.7688066e-06
  -2.0666336e-02   1.8862296e-02   4.1234355e-02   1.6781586e-03   1.6614888e-04  -1.2996013e-04
   7.9424467e-04   8.9631351e-02   4.1283911e-02   5.5245572e-04   9.9758567e-06  -2.6038767e-04
  -2.2938789e-03   4.0542888e-02   5.0281336e-02   8.4101035e-04   1.5031895e-04  -2.7263205e-04
   8.8557692e-03   9.5428282e-02   7.1997663e-02   6.0770620e-04   2.0887929e-04  -2.3084043e-04
  -8.1831283e-03   2.0229565e-02   2.0053812e-02   2.0103654e-03   2.6764254e-04  -2.0270334e-04
  -8.4440688e-03   8.8531200e-02   1.5227492e-02   1.0825184e-03   3.6754346e-06  -1.2927272e-04
  -1.6774006e-02   2.4038587e-02   2.0741602e-02   1.5067323e-03   4.0183533e-05  -2.7463794e-04
  -1.4651808e-02   3.8331405e-02   4.1364210e-02   1.4494810e-03   1.0258876e-04  -1.6196166e-04
  -1.1713003e-02   1.7719391e-02   5.6901631e-02   1.5089710e-03   2.7730132e-04  -2.6575571e-04
  -5.2296515e-03   8.0253895e-02   3.4786447e-02   1.5555502e-03   1.7089773e-04  -1.5947303e-04
  -9.1035450e-03   6.6923299e-02   4.8153566e-02   1.2328253e-03   1.9752272e-04  -3.0171802e-04
  -1.4237442e-02   4.7685325e-02   2.3809864e-02   1.7324271e-03   1.8232268e-04  -4.3116630e-04
  -1.2354184e-02   8.2318343e-02   3.7308506e-02   1.1342126e-03   2.6954696e-04  -3.6849890e-04
  -8.5860818e-03   6.8038945e-02   9.7552966e-03   1.1163082e-03   1.3454333e-04  -3.4560872e-04
  -1.2819881e-02   6.4639496e-02   4.4139308e-02   7.3932379e-04   3.1134765e-04  -4.1491672e-04
  -1.6519708e-02   5.9370796e-02   3.0012885e-02   8.0065851e-04   3.5188346e-04  -3.8708345e-04
   8.1516977e-03   1.8895771e-01  -1.9956392e-02  -4.8202713e-04   2.9423579e-04  -2.9865146e-04
  -1.5754625e-02   8.7273481e-02   8.3159468e-02   2.7152630e-03   6.0002631e-04   5.5799198e-04
   2.2234762e-02  -6.7933480e-02  -1.9037278e-02   1.8546755e-03   8.2236159e-04   6.4458523e-04
  -9.8319214e-03  -3.3334078e-02  -9.7036223e-03   1.8084676e-03   1.5571761e-03  -6.0963333e-04
  -2.3157189e-02  -1.5294201e-02   4.6060204e-02   2.1447218e-03   1.2691827e-03  -7.9693055e-04
  -2.9962396e-02  -2.1575787e-02   3.1258729e-02   2.7783768e-03   1.3811880e-03  -8.1797829e-04
  -9.3409429e-03   5.0940722e-02   1.2921484e-02   2.2588491e-03   8.5666749e-04  -6.4589031e-04
  -1.6081817e-02  -1.1274832e-03   6.0198683e-02   2.8589068e-03   1.0188092e-03  -7.4901062e-04
  -1.3979779e-02   2.4910959e-02   5.3558633e-02   2.7030924e-03   1.1429291e-03  -7.8649085e-04
  -2.9752966e-02  -1.1820497e-02   4.0897603e-02   2.9068252e-03   1.3659286e-03  -7.7769190e-04
  -3.4388236e-02  -2.1851398e-02   7.4802236e-02   2.8533257e-03   1.2131494e-03  -8.2390073e-04
  -3.3387289e-02  -4.0743566e-02   6.9073226e-02   3.2799654e-03   1.0217398e-03  -1.0546313e-03
  -2.9064251e-02  -2.0279746e-02   7.5992477e-02   3.0806816e-03   1.0184877e-03  -1.0234046e-03
  -2.2730689e-02  -8.8978439e-03   5.7916615e-02   2.7723489e-03   1.0837195e-03  -1.0886767e-03
  -2.5760085e-02  -3.1760561e-02   5.0262094e-02   3.1031198e-03   1.1299760e-03  -1.0372326e-03
  -1.8156553e-02   2.4694118e-02   3.9681802e-02   2.6452804e-03   1.0500581e-03  -8.5513930e-04
  -3.3401840e-02  -1.5728803e-02   4.5635807e-02   3.6491082e-03   1.4882636e-03  -5.7303811e-04
  -2.1317225e-02   1.3074502e-02   7.2430401e-03   1.9545369e-03   1.0578341e-03  -7.9818094e-04
  -1.3249925e-02   9.4509262e-02   7.0484081e-02   6.3460370e-04   8.6109645e-04  -5.8958918e-04
  -1.6156175e-02  -3.4572799e-03   1.2862428e-02   1.9998804e-03   9.1634186e-04  -5.1164354e-04
  -6.5129635e-03   7.3245851e-02  -8.7817241e-03   2.0574525e-03   1.0293997e-03  -1.8590403e-04
  -1.8281484e-02   1.8966957e-02  -2.6195270e-02   2.3561877e-03   1.1157184e-03  -3.2201904e-04
  -2.5288054e-02  -8.6969841e-04  -2.8689529e-02   3.0778606e-03   8.1062147e-04  -6.5522454e-04
  -3.0798181e-02   3.1183104e-02   3.3254836e-03   2.8205478e-03   7.9633633e-04  -1.2556074e-03
  -3.6210123e-02  -2.7894592e-02  -3.6792369e-02   3.5237709e-03   4.6235899e-04  -1.3678024e-03
  -2.2526097e-02   3.1022403e-02  -2.9537466e-02   2.7956292e-03   6.5419567e-04  -9.6736821e-04
  -2.5235161e-02   1.0121242e-02  -4.0874890e-02   2.6540838e-03   7.1319523e-04  -1.4670801e-03
  -2.2845423e-02   1.0319891e-02  -5.2116504e-02   2.6751531e-03   8.1072560e-04  -5.5083417e-04
  -2.2621933e-02   4.2078411e-02  -2.7821557e-02   2.5197064e-03   1.0208447e-03  -5.8816623e-04
  -2.3121467e-02   1.5627509e-02  -4.7091735e-02   2.5963874e-03   9.2026457e-04  -7.8586270e-04
  -2.2725736e-02   2.8342827e-02  -1.1299970e-02   2.1528417e-03   8.1492361e-04  -6.7446339e-04
  -2.7419838e-02  -1.8289126e-02  -3.0560041e-02   2.8076960e-03   1.0441928e-03  -8.3876396e-04
  -2.0950532e-02   1.6122035e-02  -4.2705293e-02   2.3863717e-03   9.6327989e-04  -8.2741147e-04
  -2.8418350e-02  -2.0763562e-02  -3.3491954e-02   2.7140174e-03   9.6941859e-04  -7.5844489e-04
  -3.1893301e-02   6.9649629e-03  -3.4898831e-02   2.4493067e-03   9.3185539e-04  -1.0143704e-03
  -3.5611667e-02  -9.0533090e-03  -1.9476538e-02   2.6794285e-03   9.5079398e-04  -9.2826966e-04
  -3.2249711e-02  -1.0501648e-02  -2.4046456e-02   2.8440437e-03   1.3748144e-03  -6.0897941e-04
  -2.4085968e-02  -3.5248127e-03  -4.7302908e-02   3.0708686e-03   1.2992748e-03  -7.1575216e-04
  -2.1407978e-02   1.1018263e-02  -3.1731807e-02   2.7047782e-03   1.3479332e-03  -7.2078236e-04
  -2.0072963e-02  -2.8923540e-03  -5.1631368e-02   2.6126920e-03   1.2312763e-03  -8.3367936e-04
  -7.9180689e-03   2.3035123e-02  -2.8438149e-02   1.9570103e-03   1.1426057e-03  -6.0904389e-04
  -1.0056726e-02  -1.0772363e-03  -2.5381005e-02   2.2449526e-03   1.1827050e-03  -7.0121293e-04
  -1.6447309e-02  -2.5827893e-02  -2.7449589e-02   2.9666195e-03   1.3260513e-03  -6.7770463e-04
  -9.7684835e-03   2.0834775e-02  -2.0805673e-02   2.6811269e-03   1.1846311e-03  -6.7702935e-04
  -1.4336121e-02  -6.0478931e-03  -4.1256053e-02   3.0678082e-03   1.0763666e-03  -7.7849139e-04
  -1.4895356e-02   1.8931667e-02  -9.9336254e-03   2.6232250e-03   9.9707259e-04  -6.8178129e-04
  -1.9920835e-02  -3.0372387e-02  -2.0830981e-02   2.8756984e-03   1.0574086e-03  -9.0288227e-04
  -1.1985197e-02   3.6883675e-02  -3.3777533e-02   2.2540016e-03   9.7500036e-04  -8.7279022e-04
  -1.4608179e-02  -2.7297352e-02  -4.1819060e-02   2.5462401e-03   1.1306811e-03  -9.6952651e-04
  -6.0096945e-03   2.4419390e-02  -3.5793708e-02   1.6922059e-03   1.1424219e-03  -8.5808532e-04
  -1.1961674e-02  -8.5428473e-02  -5.7924714e-02   2.5410252e-03   1.1439721e-03  -6.8350714e-04
  -1.6579032e-02  -4.7771734e-03  -4.4361366e-02   2.5373824e-03   1.2517739e-03  -8.1168970e-04
  -2.2585927e-02  -3.2816978e-02  -7.8091934e-02   3.7957456e-03   9.3583111e-04  -5.5833141e-04
  -1.6547390e-02   5.2274780e-03  -5.3248006e-02   3.2295563e-03   9.4495991e-04  -5.4981510e-04
  -2.5488723e-02  -5.4287165e-02  -5.0162972e-02   3.8584569e-03   8.8922660e-04  -8.6137760e-04
  -1.9296406e-02  -5.9712475e-04  -4.4721881e-02   3.6082920e-03   8.3398386e-04  -9.5511955e-04
  -2.1731997e-02  -3.3641771e-02  -4.2886431e-02   3.6093699e-03   9.6865420e-04  -1.0331231e-03
  -1.6843506e-02  -2.4660714e-02  -6.4820304e-02   3.8891239e-03   8.5695280e-04  -9.3756939e-04
  -1.4233671e-02   8.2596966e-03  -4.1718426e-02   3.5248244e-03   9.1782261e-04  -8.8335146e-04
  -1.2847464e-02  -2.9259921e-02  -5.3764863e-02   3.7132456e-03   9.7079706e-04  -7.8522243e-04
  -2.6480006e-03   4.8902312e-02  -2.8625253e-02   2.9861836e-03   8.9927970e-04  -6.5741637e-04
  -1.4222002e-02  -3.7316032e-02  -5.1587969e-02   3.5611576e-03   1.2317383e-03  -6.7790366e-04
  -3.8312462e-03   1.4186120e-02  -4.6076375e-02   3.1909940e-03   1.1540539e-03  -6.5091922e-04
  -1.2521775e-02  -1.6510875e-02  -5.1747130e-02   2.8890715e-03   1.1765484e-03  -6.0662436e-04
  -2.1569061e-02  -1.2288511e-02  -6.9251322e-02   3.1727446e-03   1.0396158e-03  -6.8939381e-04
  -1.8162628e-02   1.1436993e-02  -4.0899267e-02   3.0943852e-03   7.6217184e-04  -6.0440321e-04
  -2.4929981e-02  -4.4224641e-02  -5.0800625e-02   3.2057178e-03   8.9220784e-04  -7.6489655e-04
  -9.6172692e-03   2.4073454e-02  -3.5362207e-02   2.8248476e-03   8.0295531e-04  -5.6705262e-04
  -1.3292552e-02  -4.7027985e-02  -5.4947288e-02   3.4453633e-03   9.1088980e-04  -7.9586264e-04
  -6.5169855e-03   2.5683920e-02  -3.8814883e-02   3.0044749e-03   8.5470888e-04  -6.3352980e-04
  -1.0693555e-02  -2.1455594e-02  -4.9140134e-02   3.1533603e-03   9.3491622e-04  -6.5162168e-04
  -5.6488547e-03   5.6660395e-03  -3.2651731e-02   2.9210983e-03   9.5067800e-04  -5.4156808e-04
  -4.1669405e-03  -3.9921196e-02  -4.8373586e-02   3.0197903e-03   1.0340925e-03  -3.1834257e-04
   9.3752919e-04  -1.0193048e-02  -6.2039099e-02   3.2163258e-03   1.0256179e-03  -3.2146856e-04
  -6.0010581e-03  -6.7747922e-02  -6.7899177e-02   3.7958413e-03   9.6684932e-04  -5.2876040e-04
  -3.7878540e-03   6.6863131e-03  -6.0416414e-02   3.3007367e-03   7.9841051e-04  -5.2383247e-04
  -1.8699939e-02  -7.0655131e-02  -6.8294925e-02   4.0900582e-03   8.1544630e-04  -3.9607822e-04
  -1.8592406e-02  -7.4503737e-03  -5.0948646e-02   3.6274567e-03   7.2908041e-04  -5.0574374e-04
  -1.5881728e-02  -3.4188147e-02  -6.6043380e-02   3.9143155e-03   8.5421820e-04  -4.8346946e-04
  -9.2102460e-03  -2.0326986e-02  -8.8885975e-02   4.1722823e-03   6.6327153e-04  -4.8704400e-04
  -7.2831114e-03   1.2784197e-03  -6.0718121e-02   4.0468619e-03   6.1662018e-04  -4.7796103e-04
  -1.1488226e-02  -4.7956816e-02  -8.9290845e-02   4.4491484e-03   4.7251846e-04  -5.3841307e-04
  -1.0317583e-02  -2.7813503e-02  -6.7013223e-02   4.3234585e-03   4.2020110e-04  -3.4181519e-04
  -1.2761458e-02  -6.3469612e-02  -8.9689404e-02   4.7394273e-03   4.8828206e-04  -4.8885645e-04
  -1.0045675e-02  -4.6478203e-02  -7.0276000e-02   4.7400356e-03   5.6172944e-04  -5.5897181e-04
  -1.6360796e-02  -8.2326772e-02  -9.2244237e-02   5.0347070e-03   5.0407421e-04  -6.1356481e-04
  -1.5757405e-02  -3.0175054e-02  -6.6417311e-02   4.5536598e-03   3.3967696e-04  -5.1606463e-04
  -2.2724811e-02  -8.9594898e-02  -8.3304035e-02   6.4313126e-03   4.2864623e-04  -6.3112520e-04
  -1.7421217e-02  -5.3253110e-02  -5.2291967e-02   5.2287525e-03   5.2914841e-04  -6.0530542e-04
  -1.6152541e-02  -5.9170168e-02  -3.8716474e-02   4.7208606e-03   5.3370022e-04  -6.7295727e-04
  -1.4183223e-02  -9.1583895e-02  -6.8332213e-02   4.9908074e-03   6.2759360e-04  -8.9317465e-04
  -8.3101771e-03  -5.2368453e-02  -6.3778581e-02   4.5437968e-03   5.4967095e-04  -7.9890022e-04
  -1.3271174e-02  -6.1021500e-02  -5.6532375e-02   3.5120912e-03   5.7836242e-04  -8.4372723e-04
  -1.2993040e-02  -4.8691603e-02  -8.1506309e-02   3.7616191e-03   5.5197858e-04  -5.0644282e-04
  -1.4529078e-02  -1.7734284e-02  -7.2521149e-02   3.8717309e-03   7.4291147e-04  -6.0461398e-04
  -1.5574665e-02  -4.8557419e-02  -1.0271603e-01   4.4478503e-03   5.9138864e-04  -7.7349655e-04
  -1.5344834e-02  -2.1456956e-02  -8.0754518e-02   4.3573095e-03   6.0726384e-04  -7.3872674e-04
  -1.7982181e-02  -1.0358454e-01  -1.5215840e-01   5.2542232e-03   7.2969392e-04  -6.9924615e-04
  -1.8901482e-02  -4.5273738e-02  -6.8281550e-02   4.4389648e-03   1.0167941e-03  -9.4685008e-04
  -4.1373936e-03  -6.6298873e-02  -7.5783968e-02   4.8660105e-03   6.5660338e-04  -8.6851900e-04
  -1.5407907e-02  -8.3934716e-02  -9.0823868e-02   5.3546290e-03   9.3662202e-04  -7.0665756e-04
  -1.6416489e-02  -8.2242385e-02  -1.2254692e-01   6.5417239e-03   8.5642797e-04  -3.6063940e-04
  -2.1096725e-02  -7.1366684e-02  -8.8300214e-02   5.2263032e-03   7.7000985e-04  -7.6192974e-04
  -2.0805190e-02  -5.5842943e-02  -1.1378591e-01   4.8278274e-03   7.1363906e-04  -8.2693159e-04
  -2.1532236e-02  -3.3314740e-02  -7.5840955e-02   4.5418207e-03   9.3824401e-04  -7.3520219e-04
  -1.9553027e-02  -7.9535085e-02  -9.3389712e-02   5.0999961e-03   9.3526307e-04  -7.8598476e-04
  -1.7139087e-02  -4.5532110e-02  -5.0480909e-02   5.4689090e-03   1.1433445e-03  -5.0776199e-04
  -5.5174176e-03  -6.3202276e-02  -1.3238406e-01   4.8204329e-03   6.5850939e-04  -8.0140134e-04
  -2.1900586e-02  -5.4661473e-02  -6.1135373e-02   4.3191129e-03   8.5952919e-04  -6.0467700e-04
  -1.6935538e-02  -5.7470184e-02  -6.3482132e-02   4.1123132e-03   1.0082102e-03  -4.7018371e-04
  -1.7830912e-02  -7.5342986e-02  -8.9387506e-02   4.7166665e-03   1.0785302e-03  -5.5625967e-04
  -7.6299758e-03  -1.1919204e-02  -6.4924399e-02   4.3848102e-03   8.6276429e-04  -5.0961276e-04
  -1.6264565e-02  -6.0365916e-02  -9.5267466e-02   4.6821811e-03   8.5640303e-04  -5.7329835e-04
  -1.4387650e-02  -3.1300384e-02  -7.0540678e-02   5.2916599e-03   9.3899651e-04  -3.6902693e-04
  -1.9387209e-02  -8.3726771e-02  -9.4234312e-02   5.2438138e-03   7.4612658e-04  -5.4845421e-04
  -1.3960586e-02  -2.7049077e-02  -6.7439024e-02   4.1555104e-03   7.4224119e-04  -4.9189828e-04
  -2.8158975e-02  -8.8710593e-02  -8.6374745e-02   4.2167896e-03   9.9344533e-04  -9.0546386e-04
  -2.0208041e-02   9.0198368e-03  -5.9283963e-02   3.1633682e-03   1.0201026e-03  -9.4776477e-04
  -2.4949243e-02  -7.6217869e-02  -6.5097852e-02   4.3970670e-03   1.2526288e-03  -8.8967801e-04
  -1.5839133e-02  -3.6761986e-03  -5.2890353e-02   3.8375935e-03   1.2306556e-03  -8.1525257e-04
  -1.9163616e-02  -6.5362544e-02  -8.3972826e-02   3.9307590e-03   1.2243918e-03  -8.5981489e-04
  -1.3528525e-02  -1.1184507e-02  -6.5817905e-02   3.3056398e-03   1.0971976e-03  -6.4238273e-04
  -1.5487490e-02  -5.5475926e-02  -8.7560103e-02   3.7553431e-03   1.0044959e-03  -7.0392438e-04
  -2.0889466e-02  -4.3007141e-02  -5.8825486e-02   3.6505668e-03   1.1772884e-03  -5.7288789e-04
  -2.6004194e-02  -6.5082413e-02  -7.8835517e-02   4.2221000e-03   9.2276061e-04  -5.3274020e-04
  -2.4279192e-02  -2.7247337e-02  -7.2369762e-02   3.7143634e-03   8.6261353e-04  -4.6507842e-04
  -2.9827660e-02  -5.5217901e-02  -1.1038017e-01   3.7715900e-03   9.2117479e-04  -7.1253212e-04
