   0.0000000e+00   0.0000000e+00   0.0000000e+00   6.9388939e-18   0.0000000e+00   0.0000000e+00
   6.5601163e-03   5.8468137e-02  -2.4309941e-02  -8.2487351e-04  -4.9111884e-04  -1.3402121e-04
   3.1970850e-03   4.4999585e-02  -2.6797057e-02  -7.5061955e-05  -6.4967678e-04  -1.7770370e-05
   9.4847677e-03   8.0306634e-02  -4.6197200e-02  -1.1937677e-03  -6.6809133e-04   2.8582146e-04
   7.3255242e-03   2.9320259e-02  -3.1471942e-02  -5.6179688e-05  -5.8356370e-04   3.4230024e-04
   7.3573891e-03   6.1075082e-02  -2.8445281e-02  -5.2622984e-04  -4.8319932e-04   2.4672848e-04
   1.9121222e-03   6.1326582e-02   5.6863441e-03  -1.3717148e-04  -5.3107611e-04   4.3034076e-05
  -1.1168326e-03   3.3312040e-02   2.5514391e-02   3.2397788e-05  -4.7373908e-04  -1.2627382e-04
  -4.7301705e-03  -4.7958611e-02  -2.4847704e-02  -1.2937007e-03   3.1126580e-04   8.6370051e-05
   8.8061183e-02  -1.6193864e-01  -7.7382321e-01  -1.6173503e-02   1.9829721e-03   3.0668739e-03
  -1.4041098e-02   1.3787541e-01  -8.5829528e-02  -4.5990227e-03   6.0256300e-04  -1.2892691e-06
  -1.4709004e-02   9.2116547e-02  -1.2397045e-02  -2.5008150e-03   9.7503497e-05  -1.0909562e-03
  -2.7587156e-02   5.4445711e-02  -7.0976120e-03  -2.0589899e-03   2.2181579e-04  -1.2461319e-03
  -2.8756002e-02   5.5688355e-02  -1.8781426e-03  -2.1596689e-03   3.9636768e-04  -1.1380096e-03
  -2.9402334e-02   3.4286524e-02   1.5869867e-02  -1.3645338e-03   2.8985646e-04  -1.3699380e-03
  -2.9685772e-02   4.1189666e-02   3.4832075e-02  -1.9191814e-03   4.7312264e-04  -1.3254181e-03
  -1.6039455e-02   1.3280755e-01  -1.0832050e-01  -2.7579264e-03  -1.9842367e-04  -9.8071823e-04
  -2.6001468e-02   4.7666675e-02  -3.3057491e-02  -9.1149783e-04   1.0437844e-04  -1.0128113e-03
  -3.2201171e-02   4.2748253e-02  -1.7677353e-02  -1.1379736e-03   3.5198798e-04  -1.2539927e-03
  -2.3021758e-02   8.8625373e-02  -3.3163870e-02  -1.5069017e-03  -4.6275281e-05  -1.1283136e-03
  -2.7607297e-02   4.5174545e-02  -2.3030267e-02  -9.4745910e-04   2.3866693e-05  -3.5923793e-04
  -2.0043577e-02   5.0275110e-02  -7.1778693e-02  -5.9504506e-04   1.0986882e-04  -1.3568851e-03
  -4.5733039e-02  -9.8914351e-02  -1.7875588e-01   2.9620631e-03   8.5812545e-04  -1.6486117e-03
  -4.3546765e-02  -5.0117298e-02  -1.0870336e-01   2.6300261e-03   7.8371209e-04  -1.8424402e-03
  -4.7540802e-02  -6.4285940e-02  -9.5693798e-02   2.8581222e-03   7.0673243e-04  -1.9352851e-03
  -5.7168704e-02  -8.0585716e-02  -6.4130547e-02   2.5289088e-03   9.3805887e-04  -2.1770620e-03
  -2.9236892e-02   7.5085068e-03  -1.0548267e-01   7.9795504e-04   2.5693102e-04  -1.9434376e-03
  -4.0660511e-02  -8.7330101e-02  -7.8687854e-02   2.8266115e-03   3.2146445e-04  -1.6399139e-03
  -4.4121761e-02  -8.5731672e-02  -3.0260481e-02   2.3282429e-03   8.2831183e-04  -1.9667815e-03
  -3.8485945e-02  -5.8950383e-02  -3.6396407e-02   1.6257246e-03   8.3962386e-04  -1.9101476e-03
   3.5130283e-03   1.0589448e-02  -7.7660270e-02   1.7510406e-04   1.7340995e-04  -1.2895345e-03
  -3.0168478e-02  -1.6633111e-02  -1.1457250e-01   5.8940045e-04   9.7494277e-04  -1.9571873e-03
  -7.1116806e-02   5.8676309e-02  -4.3436430e-01  -1.7427988e-04  -8.4562303e-04   5.1491943e-04
   3.8206421e-02  -6.3836224e-03  -2.4367878e-01  -3.6875579e-03  -2.4852149e-03   4.2390366e-04
   8.5882655e-02   8.0783919e-02   3.6072950e-02  -2.7116822e-03  -1.8458022e-03  -1.1375755e-03
   8.4916514e-02   1.2972318e-01   1.7626495e-02  -2.1512519e-03  -2.2690510e-03  -1.4046365e-03
   8.0035292e-02   1.1337625e-01   2.2794046e-02  -1.5521856e-03  -2.5538658e-03  -1.4745680e-03
   7.4635931e-02   6.4155194e-02   4.6413766e-02  -1.2015550e-03  -2.3853696e-03  -1.4808875e-03
   7.2875480e-02   7.8555686e-02   7.6699202e-02   2.7710451e-04  -2.2511332e-03  -1.7013584e-03
   6.3194408e-02   9.0049398e-02   1.1917483e-01  -7.4111748e-04  -2.1189049e-03  -2.2054530e-03
   7.9124327e-02   7.3301969e-02   4.6989803e-02  -1.2740361e-03  -2.3774560e-03  -2.2497233e-03
   6.9423717e-02   8.9481398e-02   3.8782806e-02  -7.1114915e-04  -2.3186160e-03  -2.1422579e-03
   6.2445525e-02   6.6300429e-02   8.3349478e-02  -8.6612004e-04  -2.0689379e-03  -2.4827808e-03
   1.3083055e-01   1.2761270e-01  -1.1062419e-01  -2.9728550e-03  -1.8396712e-03  -3.0201188e-03
   1.0754555e-01   6.4175726e-02  -2.0968283e-01  -3.0388485e-03   1.9960427e-04  -1.3244491e-03
  -1.0881023e-03  -1.0317713e-01  -1.7699472e-01   2.6874882e-03   7.8381014e-05  -1.2788839e-03
  -2.9539538e-02   6.5698360e-03  -5.0299071e-02   2.4417256e-03   5.2180493e-05  -1.6868876e-03
  -3.5207511e-02  -1.2197405e-03   3.3274555e-02   2.6023221e-03   3.5375769e-04  -2.0913802e-03
  -4.8549971e-03   1.6222361e-02  -4.9934086e-02   2.4314975e-03  -6.1496140e-04  -1.6048928e-03
  -9.5426734e-03  -2.9236818e-02  -4.1205431e-02   3.1147239e-03  -9.8379815e-04  -1.6652751e-03
  -5.0388547e-03   3.5967962e-02  -2.2892722e-02   1.7622161e-03  -1.3199887e-03  -1.3955318e-03
  -1.6983894e-02  -1.1577110e-02   2.8239636e-02   2.5582950e-03  -1.1349372e-03  -1.8242980e-03
   6.1384962e-03   6.1419396e-02   6.8757001e-03   8.9847776e-04  -1.3831975e-03  -1.3726844e-03
  -1.9643628e-02  -2.6201997e-02   4.6060922e-02   1.9806812e-03  -7.4376131e-04  -1.9633332e-03
  -3.9212942e-04   4.6726418e-02   3.2065222e-03   1.2180019e-03  -1.5588054e-03  -1.5709935e-03
  -1.8369921e-02   5.2239642e-03   1.5237872e-02   3.2409649e-03  -1.2873755e-03  -1.6776175e-03
  -2.2286053e-02  -1.2548892e-05   3.6835603e-02   1.8107399e-03  -1.1283095e-03  -2.0142453e-03
  -7.9326097e-04   6.1934187e-02  -1.2435478e-02   3.8630594e-04  -1.8965016e-03  -1.6766587e-03
  -5.5031304e-03   1.0964781e-02  -3.2877236e-02   2.1123334e-03  -1.6427353e-03  -1.5359336e-03
   5.0326338e-03   3.9797824e-02  -6.4631187e-02   1.6095487e-03  -2.1132819e-03  -1.2912401e-03
  -2.1317344e-03   1.2659854e-02  -6.3549102e-02   1.7397699e-03  -1.8338294e-03  -1.6287382e-03
  -7.3382456e-03   4.1161511e-02  -5.5453119e-02   1.1685746e-03  -1.8238511e-03  -1.7698954e-03
  -1.7743822e-02  -1.3849106e-02  -1.4872938e-03   2.6184948e-03  -1.4845740e-03  -2.0914540e-03
  -1.4590605e-02   1.7404168e-02  -1.0297998e-02   2.0657245e-03  -1.5476379e-03  -1.9785478e-03
  -1.1247036e-02   2.6660036e-02  -3.6706043e-02   1.5305133e-03  -1.5131574e-03  -1.9239560e-03
  -3.2138788e-03  -5.8824311e-02  -2.3613274e-01   2.4418703e-03  -6.5797650e-04  -1.3244060e-03
   3.2589701e-02  -1.7625389e-01  -2.2056103e-01   4.7032733e-03   5.3677346e-04  -8.9531715e-04
   2.0235864e-02  -1.2257511e-01  -1.7203179e-01   4.4088982e-03   1.5538682e-04  -2.1967857e-03
   3.6533003e-02   2.1965107e-02  -1.3717957e-01   2.2848303e-03  -7.5281706e-04  -1.8448723e-03
   2.6262718e-02  -6.8125878e-02  -7.4760420e-02   3.7144962e-03  -6.9835169e-04  -2.0368135e-03
   2.9350852e-02  -5.6519488e-02  -1.0152075e-01   4.2052148e-03  -5.5018967e-04  -2.1459301e-03
   2.6022598e-02  -4.2063978e-02  -1.0432406e-01   3.7317476e-03  -6.2080778e-04  -1.9941430e-03
   2.2723198e-02  -4.6752560e-02  -6.7179510e-02   3.8501253e-03  -7.5690504e-04  -2.1851395e-03
   1.5670699e-02  -1.0123252e-02  -4.8698529e-02   1.7817672e-03  -5.0268461e-04  -2.3801117e-03
   2.5658833e-01  -1.9512312e-01  -2.2336035e-01  -3.4355200e-02   7.2211173e-03  -2.0861058e-03
   1.8632478e-01   2.6918875e-01  -3.3938217e-02  -2.2365074e-02   3.9354415e-03  -6.3943423e-04
   1.3000047e-01   3.2244759e-01   2.4043677e-01  -1.7702162e-02   2.5321174e-03  -1.4534275e-03
   1.2618246e-01   3.5374049e-01   2.6446384e-01  -1.6690341e-02   3.0455354e-03  -1.4138528e-03
   1.1618653e-01   3.4864104e-01   2.6127316e-01  -1.5133295e-02   4.5119777e-03  -3.5140115e-04
   2.6095128e-02   1.2381819e-01  -3.5284025e-01  -1.8548723e-02   3.8813954e-03   2.8824113e-03
  -1.8146956e-02  -5.5795730e-02   4.2113973e-02  -2.5781970e-02   4.8054011e-03   2.0731031e-03
   3.2933629e-02   1.0836221e-01   1.0031645e-01  -2.1595872e-02   2.9082419e-03   9.8614641e-05
   5.3422096e-02   1.3457449e-01  -4.7206059e-01  -1.6782021e-02   2.2726857e-03  -1.2130474e-03
   4.4557312e-02   2.4767641e-01  -3.8112043e-01  -1.5070088e-02   2.7494125e-03  -1.6390190e-03
   5.3207244e-02   2.4718829e-01  -3.8182684e-01  -1.3876517e-02   2.8658886e-03  -1.3549814e-03
   5.0223776e-02   2.5844833e-01  -3.5872097e-01  -1.2390584e-02   2.8612675e-03  -1.5710747e-03
   5.0387525e-02   2.6698571e-01  -3.1684076e-01  -1.2265704e-02   2.8738095e-03  -1.6900949e-03
   9.4854402e-03   1.8188921e-01  -9.7803340e-02   1.7776119e-03  -1.4245141e-03  -4.6451787e-03
   1.3008877e-02   2.4682550e-01  -2.0446656e-01   8.4160917e-04  -7.7600910e-04  -5.9999968e-03
   3.0049912e-03   1.5472615e-01  -2.2273455e-01   2.4599121e-03   5.4210602e-04  -6.3639513e-03
   2.0093333e-02   1.6794372e-01  -2.4459978e-01   1.3026711e-03  -3.0539023e-05  -5.8338145e-03
   1.6673132e-02   1.4533938e-01  -2.2542535e-01   1.1340465e-03  -2.3973028e-04  -5.7198377e-03
   3.2950706e-02   1.3160106e-01  -2.1419809e-01   1.6292703e-03  -6.3155762e-04  -5.4658749e-03
   3.1821703e-02   1.2724256e-01  -2.2423263e-01   9.9515399e-04  -5.7998330e-05  -4.9649491e-03
   4.2918754e-03   1.2803137e-01  -1.9141613e-01   1.5840050e-03   6.1314318e-04  -5.1315263e-03
   1.1671863e-03   1.3080091e-01  -1.7169556e-01   1.7039997e-03   7.4851612e-04  -5.1919086e-03
   1.3533928e-02   1.7837942e-01  -2.0622029e-01   8.2671271e-04   5.2320459e-04  -5.2145928e-03
   3.4017260e-03   1.5592019e-01  -2.4447804e-01   1.0636553e-03   5.3847126e-04  -5.0717990e-03
   4.4181688e-04   1.2412496e-01  -1.4085041e-01   1.4562897e-03   9.6848677e-04  -4.8111411e-03
  -2.6000921e-03   1.1658462e-01  -1.3523948e-01   1.9584250e-03   1.0667895e-03  -4.9578030e-03
   8.9992814e-03   1.5286303e-01  -1.5612569e-01   1.4439721e-03   7.1117700e-04  -4.7415054e-03
   6.7220737e-03   1.4985055e-01  -1.7606520e-01   8.8459318e-04   5.9947477e-04  -4.6093379e-03
   2.3609595e-02   1.7351177e-01  -1.9324633e-01   1.4290508e-03   2.8784320e-04  -4.9225234e-03
   1.6269376e-02   1.9260319e-01  -1.7555175e-01  -3.9586630e-03   3.2927391e-05  -3.6252590e-03
   3.8580393e-02   3.3177587e-01   1.0539185e-02  -1.1098622e-02  -6.7349154e-04  -2.8179194e-03
   4.7722156e-02   3.9066676e-01   2.9803965e-03  -8.7570381e-03  -4.0851226e-04  -3.4698212e-03
   6.1260423e-02   3.3661503e-01  -3.9636853e-02  -7.6061880e-03  -8.1505137e-04  -3.3913996e-03
   6.2769411e-02   3.2456702e-01   1.8937540e-02  -6.3488415e-03  -1.7456463e-04  -3.7610440e-03
   5.9748679e-02   3.4679521e-01   1.5027717e-02  -6.5858400e-03   2.0183906e-05  -3.7896778e-03
   5.0796405e-02   3.2031625e-01   4.5084141e-02  -6.9429665e-03   3.5586271e-04  -3.8688843e-03
   5.5197300e-02   3.4988762e-01  -2.3774467e-02  -6.4432816e-03   6.2331367e-05  -3.3073404e-03
  -1.8078819e-01   2.4152931e-01   2.6243205e-01  -6.8104001e-03   8.8678618e-04   8.9118351e-04
  -5.7600859e-02   3.5133939e-01   1.7825517e-01  -6.3895624e-03   1.4439899e-03  -1.1650210e-03
  -3.7814343e-02   3.3110897e-01   1.6861012e-01  -4.5995502e-03   1.6012282e-03  -2.0669013e-03
  -5.5856666e-02   2.5500201e-01   2.7493165e-02  -2.5303140e-03   1.9169095e-03  -1.6412455e-03
  -6.8658790e-02   2.2049220e-01   1.4441305e-01  -1.8802928e-03   2.5049614e-03  -2.4586454e-03
  -5.8455451e-02   2.7547906e-01   1.2028169e-01  -2.1715272e-03   2.3789569e-03  -2.4700157e-03
  -6.8875962e-02   2.5619382e-01   8.9457543e-02  -1.5197783e-03   2.1990233e-03  -2.7691377e-03
  -6.5201454e-02   2.5125910e-01   1.3623081e-01  -1.4977407e-03   2.5017325e-03  -3.1197061e-03
  -4.7559865e-02   2.8638254e-01   4.0391773e-02  -6.7102392e-03   8.7759307e-04  -2.8886206e-03
   1.3189107e-02   2.9617950e-01  -1.1502596e-01  -5.4617554e-02   7.8730182e-04  -2.2314583e-04
  -8.2479175e-04   5.1406959e-01   7.1952594e-01  -6.9241994e-02   2.4106655e-03   2.5020563e-03
  -4.5460712e-02   7.0751058e-01   8.9243295e-01  -6.5473766e-02   1.9366649e-03   2.3691368e-03
  -1.4953517e-02   7.4189317e-01   1.1078722e+00  -7.7614128e-02   2.6999850e-03   3.4645999e-03
   7.3714439e-03   9.4940979e-01   8.0021141e-01  -5.9572395e-02   3.1831121e-03   3.9172867e-03
   2.4081987e-02   9.0706963e-01   7.9692430e-01  -5.9385676e-02   2.8442009e-03   3.5012495e-03
   1.1449344e-01   8.0943285e-01   3.9034611e-01  -5.0709215e-02   3.9248219e-03   3.0070155e-03
   1.2820876e-01   8.9883369e-01   3.5530608e-01  -5.0609717e-02   4.1080206e-03   2.8557564e-03
   1.1691153e-01   9.3136000e-01   4.5448741e-01  -4.3002627e-02   3.6953000e-03   3.1735658e-03
   1.5995485e-01   1.0697476e+00   3.9520041e-01  -3.9052763e-02   4.3183666e-03   3.6315282e-03
   1.9703880e-01   9.4368830e-01   4.2890315e-01  -3.8340417e-02   5.6010558e-03   4.1697658e-03
   1.6185668e-01   6.8161465e-01   1.9430675e-01  -2.1195675e-02   2.7747622e-03   4.7044801e-03
   1.1940925e-01   5.6060311e-01  -1.0010659e-01  -6.7668600e-03   2.5071419e-03   5.6591005e-03
   1.0589499e-01   5.6621564e-01  -1.5025692e-01  -8.3944947e-03   3.4334309e-03   4.9448434e-03
   9.9370703e-02   5.6359865e-01   1.1659348e-01  -9.4457346e-03   3.8482854e-03   3.5013738e-03
   8.4862844e-02   5.1010531e-01   1.4547127e-01  -8.8013421e-03   3.5429860e-03   3.4030585e-03
   7.5026747e-02   4.7256799e-01   1.7159558e-01  -9.8905652e-03   3.4872586e-03   3.3060633e-03
   7.7807522e-02   5.1010612e-01   1.7499810e-01  -9.4481236e-03   3.4468922e-03   3.1592345e-03
   7.5105093e-02   4.9906195e-01   1.8849823e-01  -9.1454855e-03   3.9287239e-03   3.0426847e-03
   7.4381220e-02   4.7106110e-01   2.0129146e-01  -8.8906041e-03   3.9878015e-03   3.0179615e-03
   7.9666615e-02   4.9499798e-01   2.1543856e-01  -9.8087913e-03   3.8810532e-03   2.8026293e-03
   7.7102846e-02   4.7499411e-01   2.4899371e-01  -9.4114729e-03   3.7019054e-03   2.7542953e-03
   8.6010594e-02   4.9846548e-01   1.7917898e-01  -1.0687343e-02   3.3519124e-03   2.6326480e-03
   6.1716446e-02   4.7033240e-01   2.0780424e-01  -9.9777372e-03   3.0423447e-03   2.0344224e-03
  -5.4042651e-03   4.1755848e-01   1.6913131e-01  -9.3338933e-03   3.2775995e-03   2.1805555e-03
  -2.2795632e-01  -1.8371954e-01  -2.4683224e-01  -4.4038333e-03   7.3873259e-03   3.4085276e-03
  -7.7154752e-02  -3.5049766e-01   5.8525541e-01  -9.4543457e-03   1.3029056e-02   2.4854482e-03
   2.2381169e-02  -5.2485188e-02  -5.5892323e-03  -3.1897114e-03   9.1507218e-03   1.1271960e-03
   3.0847100e-02   3.0730328e-01   3.7521520e-02  -1.2943863e-03   8.5520349e-03   1.1730208e-03
   2.9959237e-02   3.1541059e-01   1.5759865e-01  -1.9175007e-03   8.3539070e-03   1.1195752e-03
   4.2972612e-02   2.7897312e-01   1.8616133e-01  -1.9433126e-03   8.4440244e-03   1.2464495e-03
   5.2840158e-02   2.9077586e-01   1.6560792e-01  -1.8468652e-03   8.2615204e-03   1.1897626e-03
   4.7840784e-02   2.5273672e-01   2.1080153e-01  -1.4370675e-03   8.4389761e-03   1.0305389e-03
   3.7884154e-02   2.3819222e-01   2.4952415e-01  -2.5914077e-03   8.3568650e-03   8.1625106e-04
   4.1057061e-02   2.6486038e-01   2.5916271e-01  -2.5582162e-03   8.1550658e-03   6.5674371e-04
   4.5390483e-02   2.5935173e-01   2.7061613e-01  -3.3483951e-03   8.0816840e-03   7.2961577e-04
   5.0419811e-02   2.6009209e-01   2.6129614e-01  -3.2887262e-03   8.3214325e-03   8.3892698e-04
   5.3616173e-02   2.7227746e-01   2.6459277e-01  -2.4956128e-03   8.3104470e-03   1.0144086e-03
   6.0319990e-02   2.8464553e-01   2.6186031e-01  -3.1974981e-03   7.9588160e-03   8.6385202e-04
   5.6697241e-02   2.5651262e-01   2.6378743e-01  -2.3626625e-03   8.0369053e-03   8.2592851e-04
   7.5385575e-02   4.3032679e-01   1.0022660e-01  -4.6760739e-03   7.6110569e-03   3.5875392e-04
   6.6974155e-02   3.1327052e-01   7.3626822e-02  -4.2111955e-03   6.8257390e-03   3.7395556e-04
   5.4606349e-02   2.3502259e-01   1.4196274e-01  -2.7166959e-03   7.4830610e-03   4.3122125e-04
   6.4703582e-02   3.6722092e-01   8.0943268e-02  -4.4135085e-03   7.0710561e-03   8.6932545e-04
   5.4730256e-02   2.8377221e-01   1.0285713e-01  -3.4201432e-03   7.2058267e-03   9.8376657e-04
   5.8659949e-02   3.3958858e-01   1.0264579e-01  -3.4524066e-03   6.9774086e-03   1.0949593e-03
   5.0608141e-02   3.0420338e-01   9.7052927e-02  -3.0223277e-03   6.9280016e-03   1.0160712e-03
   4.6461577e-02   3.0623272e-01   1.3789620e-01  -3.3648055e-03   7.1865950e-03   5.8870724e-04
   6.1059346e-02   3.8312390e-01  -1.8333746e-01  -5.6158842e-03   6.7079867e-03  -5.3142484e-04
   3.5933418e-02   2.5183150e-01   1.0191471e-01  -2.8503817e-03   6.6394259e-03  -3.9742666e-04
   5.9862476e-02   3.5837494e-01   8.1128452e-02  -4.4086948e-03   6.3974984e-03  -7.6228375e-04
   5.2858896e-02   3.5488885e-01   1.5254470e-01  -5.4999272e-03   6.5533549e-03  -7.7452872e-04
   6.8474752e-02   3.3937567e-01   1.0759686e-01  -5.7776221e-03   5.6823351e-03  -7.7134923e-04
   6.2828002e-02   3.3722141e-01   9.4284760e-02  -4.8191080e-03   5.3286772e-03  -7.9333006e-04
   5.8051859e-02   2.9140224e-01   2.8834438e-02  -3.3257336e-03   5.0260033e-03  -5.9862740e-04
   5.5187521e-02   3.2632412e-01   9.0425385e-02  -4.3521161e-03   5.0478741e-03  -8.4431016e-04
   5.2571271e-02   3.3510861e-01   7.3453274e-02  -4.3605028e-03   4.9654117e-03  -7.7082529e-04
   4.7997152e-02   3.2215527e-01   9.9769584e-02  -3.9500522e-03   5.3326272e-03  -1.0085401e-03
   5.7170217e-02   3.4357570e-01   9.5494930e-02  -4.7240449e-03   5.1938132e-03  -9.4820607e-04
   6.6003978e-02   3.9161314e-01   4.2637882e-02  -5.9489471e-03   4.7023819e-03  -9.0829764e-04
   6.0755814e-02   2.3128481e-01  -1.4281870e-01  -3.2363091e-03   5.4406611e-03  -2.9969118e-04
   3.1796945e-02   2.8704154e-01   7.2180834e-02  -3.5536210e-03   5.5848692e-03  -1.8081082e-03
   3.3961930e-02   2.9924383e-01   6.3342187e-02  -2.9465682e-03   5.7148607e-03  -1.9893525e-03
   3.4077646e-02   2.7864976e-01   4.9295714e-02  -3.0505690e-03   5.7399212e-03  -2.1722145e-03
   3.8839318e-02   3.4855707e-01   4.1671124e-02  -4.3441341e-03   5.3804244e-03  -2.2078334e-03
   3.5891445e-02   3.0791702e-01   4.4168213e-02  -3.5308538e-03   5.2162615e-03  -1.8032369e-03
   4.3569265e-02   3.1043015e-01   4.4259424e-02  -3.3308293e-03   5.4378566e-03  -1.9456875e-03
   6.3715851e-02   3.9281794e-01  -5.5855705e-03  -4.3264479e-03   4.9127498e-03  -1.8347232e-03
