   0.0000000e+00   0.0000000e+00   0.0000000e+00   0.0000000e+00   0.0000000e+00   0.0000000e+00
  -1.0228256e-01  -1.9276528e-01  -1.9350822e-01   1.8728062e-04  -3.0824281e-04   1.3892013e-03
  -1.1993229e-01  -1.6027543e-01  -1.5397152e-01   8.2803506e-03  -1.8252818e-04   2.5749424e-03
  -2.7810505e-01  -1.6524613e-01  -3.8481988e-02   6.2519791e-03  -4.8298885e-04   1.8898720e-03
  -1.9233389e-01  -1.5422741e-01   2.2045869e-01   4.6530747e-03  -8.3256441e-05   2.2984604e-03
  -1.7389493e-01  -1.8443206e-01   8.5995339e-02   7.5585190e-03   3.8194411e-04   2.3188995e-03
  -1.5381950e-01  -1.9190558e-01   1.8495177e-01   6.8531220e-03   9.2891646e-04   1.0669549e-03
  -1.2695719e-01  -1.5918112e-01   1.8700986e-02   4.9974708e-03  -1.5598965e-04   1.7546742e-03
  -1.5036927e-01  -2.1129336e-01   6.7240406e-02   5.2513175e-03   2.9891778e-05   2.4542087e-03
  -1.4480331e-01  -2.3857729e-01   6.1396270e-02   5.4728540e-03   2.2593618e-05   2.0472993e-03
  -1.4817284e-01  -1.6967690e-01   4.2002949e-02   5.5264955e-03  -1.1776061e-04   2.1402821e-03
  -1.5038800e-01  -2.0257694e-01   2.0264626e-02   5.2399251e-03  -7.3342112e-04   2.4586906e-03
  -1.5299839e-01  -2.2247366e-01   8.1718718e-02   6.1377533e-03  -6.2572891e-04   2.2338754e-03
  -1.5655394e-01  -1.5885721e-01   3.3221451e-02   5.0205981e-03  -7.6248078e-04   2.7625465e-03
  -1.5695359e-01  -2.2705484e-01   1.0394040e-01   5.3797702e-03  -5.2647422e-04   1.9902350e-03
  -1.4994339e-01  -2.0284963e-01   7.7982471e-02   4.8824814e-03  -6.9525792e-04   1.9781794e-03
  -1.4351726e-01  -1.7594459e-01   4.1711710e-03   5.9362318e-03  -9.1027378e-04   1.9166788e-03
  -1.6291089e-01  -3.4844634e-01  -3.5519846e-01   8.9740614e-03  -1.2772688e-03   3.0928962e-03
  -1.5995880e-01  -2.9437157e-01  -1.1885376e-01   1.0028671e-02  -8.3685414e-04   2.4012582e-03
  -1.5021004e-01  -2.3553243e-01  -5.6888977e-02   7.6763977e-03  -1.3650524e-03   2.4431943e-03
  -1.6018715e-01  -2.6760319e-01  -9.3789241e-02   7.6003805e-03  -1.1253668e-03   2.4845486e-03
  -1.5011151e-01  -2.6136167e-01  -7.8297153e-02   7.5237041e-03  -1.3109852e-03   2.2764401e-03
  -1.4208211e-01  -2.3394889e-01  -1.1494011e-01   7.0370360e-03  -1.5365644e-03   2.4472325e-03
  -1.5439796e-01  -2.6283794e-01  -2.0127601e-02   6.9847240e-03  -1.0804990e-03   2.3248636e-03
  -1.5373272e-01  -2.4337876e-01  -5.7538166e-02   6.3935057e-03  -1.4924658e-03   2.1356697e-03
  -1.4113621e-01  -2.0474919e-01  -1.5638413e-01   5.0599651e-03  -2.0885454e-03   2.4756691e-03
  -1.4948706e-01  -2.7599073e-01  -4.3753510e-02   7.5229620e-03  -1.7226764e-03   2.8028938e-03
  -1.4552747e-01  -2.3649217e-01  -3.1225775e-02   7.5245814e-03  -1.3815115e-03   2.4687380e-03
  -1.3700981e-01  -2.1016753e-01  -5.4957498e-02   5.6861629e-03  -1.3330743e-03   2.5091765e-03
  -1.3620514e-01  -2.2718447e-01  -1.2012761e-01   6.2504886e-03  -1.4534484e-03   2.6801464e-03
  -1.5104909e-01  -2.3183185e-01  -6.9102261e-02   6.6708322e-03  -1.1429067e-03   2.5438894e-03
  -1.4649221e-01  -2.1212398e-01  -1.0257500e-01   5.7238560e-03  -1.3409587e-03   2.7351881e-03
  -1.3531401e-01  -1.9272620e-01  -2.2992919e-01   4.9667200e-03  -1.6628773e-03   2.5779485e-03
  -1.4022466e-01  -2.5170471e-01  -1.2973667e-01   7.3551572e-03  -1.4945399e-03   2.6799952e-03
  -1.4774290e-01  -2.3661892e-01  -1.2335171e-01   6.6714794e-03  -1.4774524e-03   2.8729085e-03
  -1.4871840e-01  -2.2364148e-01  -1.2386959e-01   6.6869220e-03  -1.6816864e-03   2.8736345e-03
  -1.5128983e-01  -2.0043696e-01  -1.2524487e-01   5.8344197e-03  -1.6264430e-03   3.0231606e-03
  -1.4995046e-01  -2.2443139e-01  -1.1191112e-01   6.4850135e-03  -1.6911192e-03   2.8954703e-03
  -1.3839483e-01  -1.7635489e-01  -1.1081519e-01   5.3935198e-03  -1.7495472e-03   2.9287400e-03
  -1.4566469e-01  -2.0312590e-01  -1.2408613e-01   4.9244122e-03  -1.5829291e-03   2.7708511e-03
  -1.4541974e-01  -2.0692591e-01  -8.8953779e-02   5.2790218e-03  -1.5701828e-03   2.6076319e-03
  -1.4573296e-01  -2.2673939e-01  -8.1607146e-02   5.9592437e-03  -1.6262695e-03   2.7007206e-03
  -1.3304682e-01  -1.9102077e-01  -1.0985047e-01   4.7173006e-03  -1.6844576e-03   2.9052792e-03
  -1.4784539e-01  -2.2526558e-01  -1.0932848e-01   5.9227121e-03  -1.2470085e-03   2.8956888e-03
  -1.4491413e-01  -2.0265310e-01  -1.0383134e-01   6.0049753e-03  -1.2619305e-03   2.9903289e-03
  -1.4505030e-01  -1.9256946e-01  -9.6000696e-02   5.0575922e-03  -1.2078770e-03   2.8412085e-03
  -1.4311595e-01  -2.0561990e-01  -8.4917415e-02   5.8056477e-03  -1.4377016e-03   2.7498512e-03
  -1.4003981e-01  -1.8603784e-01  -1.0890048e-01   4.9108163e-03  -1.3223248e-03   2.5265163e-03
  -1.3103056e-01  -3.1458250e-01  -3.6387011e-01   7.4754764e-03  -1.8777220e-03   3.2480827e-03
  -1.5424565e-01  -3.1835131e-01  -2.6725222e-01   8.9409896e-03  -1.0872260e-03   2.7593906e-03
  -1.5284487e-01  -2.0459416e-01  -1.9591073e-01   7.5981938e-03  -1.6073576e-03   2.9005907e-03
  -1.5670921e-01  -2.4994788e-01  -1.8433759e-01   7.2728727e-03  -1.6354972e-03   2.9027698e-03
  -1.3909880e-01  -2.1373130e-01  -1.9379749e-01   5.7525527e-03  -1.8832194e-03   3.0449368e-03
  -1.4327758e-01  -2.2767938e-01  -1.7818792e-01   7.3445102e-03  -1.7386637e-03   2.7329266e-03
  -1.5054543e-01  -2.2160844e-01  -2.3486378e-01   6.8324241e-03  -1.6175961e-03   2.9364250e-03
  -1.5053019e-01  -2.5423269e-01  -1.4607633e-01   6.8782096e-03  -1.3681263e-03   2.5109550e-03
  -1.4780709e-01  -2.3674883e-01  -2.4075595e-01   7.2397515e-03  -1.5215626e-03   2.8420219e-03
  -1.3142044e-01  -2.1731323e-01  -1.7934258e-01   6.6563314e-03  -2.1295555e-03   3.0650178e-03
  -1.5636218e-01  -2.5321473e-01  -1.8249923e-01   7.1972043e-03  -1.7837891e-03   2.7713828e-03
  -1.6247154e-01  -2.2967011e-01  -1.6233194e-01   7.1599777e-03  -1.6995809e-03   2.4149369e-03
  -1.6009153e-01  -2.5378806e-01  -1.4051289e-01   7.8715859e-03  -1.8339153e-03   2.4304426e-03
  -1.5989158e-01  -2.6393738e-01  -1.2255541e-01   8.0584969e-03  -1.7100898e-03   2.2499664e-03
  -1.4182455e-01  -2.0124700e-01  -1.6219477e-01   6.5156965e-03  -1.8424103e-03   2.4314784e-03
  -1.9703433e-01  -1.7942156e-01  -2.3433505e-01   6.1973094e-03  -1.7542078e-03   4.1955874e-03
  -1.9442707e-01  -2.6671543e-01  -6.3811048e-02   9.7716148e-03  -3.3966856e-04   3.8173963e-03
  -1.4596786e-01  -2.1907304e-01  -1.9451701e-01   5.3645604e-03  -1.0584218e-03   3.3036962e-03
  -1.6303420e-01  -2.4557644e-01  -1.3150972e-01   6.0564162e-03  -1.3227250e-03   3.2813193e-03
  -1.5831668e-01  -2.2980368e-01  -1.8369926e-01   6.2711524e-03  -1.5998273e-03   3.4359616e-03
  -1.6482054e-01  -2.1255869e-01  -1.7925061e-01   6.8396898e-03  -1.5280236e-03   3.2983041e-03
  -1.5585657e-01  -2.1988644e-01  -1.5875716e-01   7.5115300e-03  -1.6562609e-03   3.3301618e-03
  -1.5133214e-01  -2.3190907e-01  -1.3370210e-01   7.1004066e-03  -1.6137091e-03   3.0728551e-03
  -1.8941018e-02  -2.4935812e-01  -2.9178162e-01   8.2591231e-03  -1.4956227e-03   4.6092302e-03
  -1.3866992e-01  -3.1245064e-01  -4.0332170e-01   7.2407554e-03  -4.5612553e-04   3.9307922e-03
  -1.4287431e-01  -2.3777941e-01  -1.7522619e-01   6.6687840e-03  -6.0061556e-04   3.7852401e-03
  -1.4795763e-01  -2.1994652e-01  -1.9436719e-01   6.6025308e-03  -4.9996525e-04   3.6427988e-03
  -1.4686167e-01  -2.2456749e-01  -2.0141178e-01   6.4505105e-03  -4.0558636e-04   3.3853843e-03
  -1.2985908e-01  -2.0082160e-01  -1.6869965e-01   6.8968715e-03  -5.2580162e-04   3.4247976e-03
  -1.4153710e-01  -2.4079452e-01  -1.5727479e-01   7.5083623e-03  -5.1879266e-04   3.5876408e-03
  -1.2125074e-01  -1.8847473e-01  -1.4651499e-01   6.3569603e-03  -1.0831601e-03   3.7215744e-03
  -1.2851121e-01  -1.8676430e-01  -1.3653915e-01   5.8013126e-03  -1.2087148e-03   3.6958245e-03
  -1.5348138e-01  -2.0034244e-01  -8.2665772e-02   6.6632930e-03  -7.2155237e-04   3.4865868e-03
  -1.2808286e-01  -1.6493371e-01  -1.6817527e-01   5.2588841e-03  -1.3690792e-03   3.4732486e-03
  -1.4403636e-01  -1.9849752e-01  -1.3197803e-01   5.7745789e-03  -1.0728662e-03   3.5612996e-03
  -1.4678994e-01  -1.9698830e-01  -1.2069590e-01   5.5414875e-03  -1.1020755e-03   3.5250501e-03
  -1.5209819e-01  -1.9982878e-01  -1.2520278e-01   6.9691877e-03  -1.2188913e-03   3.5777901e-03
  -1.5562864e-01  -1.9096244e-01  -1.0568232e-01   5.9639988e-03  -1.0544393e-03   3.6610123e-03
  -1.3621207e-01  -1.1684232e-01  -2.0765859e-01   4.4513032e-03  -1.6485032e-03   4.3936531e-03
  -1.5163888e-01  -1.9789645e-01  -1.3109073e-01   5.3426907e-03  -1.8836057e-03   4.4512783e-03
  -1.5307112e-01  -1.8043637e-01  -1.5786702e-01   6.2716226e-03  -1.7124394e-03   4.0096387e-03
  -1.4738605e-01  -1.5957469e-01  -1.5501057e-01   6.5111275e-03  -1.6063481e-03   4.0531853e-03
  -1.5211456e-01  -1.7827498e-01  -1.6764369e-01   6.6111643e-03  -1.5863200e-03   4.4259486e-03
  -1.4585413e-01  -1.8543851e-01  -1.7140555e-01   6.5520795e-03  -1.6125123e-03   4.2702795e-03
  -1.4663657e-01  -1.7485071e-01  -1.7542432e-01   6.2353549e-03  -1.7673377e-03   4.1599293e-03
  -1.4718739e-01  -1.7207423e-01  -1.8260731e-01   6.0940879e-03  -1.7869036e-03   4.2746740e-03
  -1.3299631e-01  -1.7578145e-01  -1.8415591e-01   5.9522157e-03  -2.2047922e-03   4.5405890e-03
  -1.3501804e-01  -1.9515328e-01  -1.7616080e-01   7.1535714e-03  -1.9499766e-03   4.3781016e-03
  -1.3314200e-01  -1.8715885e-01  -2.2463395e-01   6.2529911e-03  -2.0215552e-03   4.8092297e-03
  -1.4305729e-01  -2.3961341e-01  -1.6906697e-01   7.0060228e-03  -1.6900005e-03   4.5214695e-03
  -1.2768501e-01  -1.5634704e-01  -1.8878853e-01   6.4665722e-03  -2.1376462e-03   4.7212074e-03
  -1.2686735e-01  -1.8110073e-01  -2.1170949e-01   6.7744057e-03  -2.0814117e-03   4.8003409e-03
  -1.2111286e-01  -1.7981968e-01  -1.9815482e-01   6.9124610e-03  -2.0897009e-03   4.6274972e-03
  -1.2550495e-01  -1.4539294e-01  -2.3839664e-01   6.0856235e-03  -2.1321789e-03   4.6776345e-03
  -1.2479758e-01  -2.1268552e-01  -3.0573161e-01   8.5398601e-03  -2.1424960e-03   4.8922568e-03
  -1.2219740e-01  -1.8937025e-01  -2.7702232e-01   8.1480265e-03  -2.1904984e-03   4.7506931e-03
  -1.3206415e-01  -1.8651434e-01  -2.3045432e-01   8.2338806e-03  -2.2680250e-03   4.7493085e-03
  -1.0989374e-01  -1.8189834e-01  -3.0840606e-01   7.3404149e-03  -2.2736909e-03   4.3929126e-03
  -1.4373799e-01  -2.5451344e-01  -2.6726825e-01   9.0723454e-03  -1.5046821e-03   3.8347814e-03
  -1.2674206e-01  -1.9809438e-01  -2.4792949e-01   8.0808621e-03  -1.8900801e-03   4.4351921e-03
  -1.2177880e-01  -2.2345696e-01  -2.0667830e-01   8.4158373e-03  -1.9207128e-03   4.3508390e-03
  -1.1834933e-01  -2.0320502e-01  -2.2277774e-01   8.2663090e-03  -1.9710395e-03   4.6219663e-03
  -1.0048862e-01  -1.3786759e-01  -2.6077754e-01   6.4703439e-03  -2.4286682e-03   4.4872267e-03
  -1.4600076e-01  -2.0459594e-01  -3.8086185e-01   8.5321877e-03  -1.8562640e-03   4.5320917e-03
  -1.3742403e-01  -1.8345029e-01  -2.2049726e-01   7.9967774e-03  -1.8850812e-03   4.1874029e-03
  -1.4037486e-01  -1.8261786e-01  -2.3182479e-01   7.3544448e-03  -1.8587352e-03   4.1826599e-03
  -1.2987246e-01  -1.7121922e-01  -2.1938035e-01   7.3737993e-03  -1.9271475e-03   4.2902085e-03
  -1.0997950e-01  -1.3713701e-01  -2.2361077e-01   6.8160237e-03  -2.1889962e-03   4.9522298e-03
  -1.1813833e-01  -2.1025367e-01  -2.3858842e-01   8.2802290e-03  -2.2811217e-03   4.7275626e-03
  -1.2899493e-01  -2.0682960e-01  -2.0209983e-01   7.9375481e-03  -2.0410405e-03   4.4034726e-03
  -1.2884091e-01  -1.8246528e-01  -1.8571817e-01   7.4353056e-03  -2.1527259e-03   4.3142514e-03
  -1.3096851e-01  -1.8928731e-01  -1.9086274e-01   7.3175836e-03  -2.2401255e-03   4.4241993e-03
  -1.2522625e-01  -1.7683752e-01  -1.7818969e-01   7.2681688e-03  -2.3651348e-03   4.4369955e-03
  -1.1676132e-01  -1.9034572e-01  -1.8183201e-01   7.0455674e-03  -2.2678069e-03   4.5491758e-03
  -1.1069191e-01  -1.9026777e-01  -1.7123926e-01   7.3957735e-03  -2.2719851e-03   4.3848888e-03
  -1.0681139e-01  -2.0235507e-01  -1.6182432e-01   7.8416905e-03  -2.3769921e-03   4.3834583e-03
  -1.0065329e-01  -1.7383368e-01  -1.6387308e-01   6.6273255e-03  -2.3950633e-03   4.6084330e-03
  -1.0977836e-01  -2.1798740e-01  -1.5942057e-01   7.3554570e-03  -2.2499209e-03   4.5576498e-03
  -1.0456445e-01  -1.8007585e-01  -1.7147549e-01   6.6005150e-03  -2.5110646e-03   4.6705803e-03
  -1.1357927e-01  -1.7934246e-01  -1.8738112e-01   7.2889525e-03  -2.5386590e-03   4.8158514e-03
  -1.1367913e-01  -1.5062591e-01  -1.7070047e-01   6.2986712e-03  -2.5353847e-03   4.6693939e-03
  -9.9430986e-02  -1.3246423e-01  -2.0095231e-01   5.6397355e-03  -2.9362498e-03   4.9337153e-03
  -1.0582907e-01  -1.8612976e-01  -1.5878541e-01   6.4337146e-03  -2.7545909e-03   4.7511940e-03
  -1.0731085e-01  -1.6144905e-01  -1.6232719e-01   6.5666930e-03  -2.6565144e-03   4.8282462e-03
  -1.0970235e-01  -1.5562541e-01  -1.4716319e-01   5.9676426e-03  -2.7471453e-03   4.7911242e-03
  -1.0435070e-01  -1.4891695e-01  -1.6627468e-01   6.3310906e-03  -3.1115223e-03   4.7802607e-03
  -1.0295201e-01  -1.2927490e-01  -1.3976862e-01   5.1671323e-03  -2.9660687e-03   4.5954933e-03
  -9.9584429e-02  -1.3666683e-01  -1.3709067e-01   5.1870406e-03  -3.1193258e-03   4.8729734e-03
  -9.9735585e-02  -1.3399416e-01  -1.5363797e-01   5.4329441e-03  -3.1095602e-03   4.9793040e-03
  -1.0165423e-01  -1.3305150e-01  -1.7827633e-01   5.3863403e-03  -3.0332422e-03   5.2489528e-03
  -9.6859065e-02  -1.2726590e-01  -1.4075750e-01   5.1562825e-03  -2.9030323e-03   4.7639118e-03
  -9.2821455e-02  -1.1459602e-01  -1.4091111e-01   4.6281313e-03  -3.0946152e-03   4.7660088e-03
  -9.9571715e-02  -1.3070616e-01  -1.8159894e-01   5.8221765e-03  -3.1232554e-03   5.1517822e-03
  -9.7430929e-02  -1.2238603e-01  -1.4861179e-01   4.7624186e-03  -3.2175154e-03   5.2093827e-03
  -9.2964197e-02  -1.1494918e-01  -1.6961204e-01   4.6150849e-03  -3.2322165e-03   5.1182503e-03
  -9.0478367e-02  -9.6172696e-02  -1.8293615e-01   4.9032839e-03  -3.3140594e-03   5.1991143e-03
  -5.7601008e-02  -1.6820635e-02  -2.1976366e-01   3.1490787e-03  -4.1699591e-03   5.5166423e-03
  -1.2072124e-01  -1.5183322e-01  -2.4618460e-01   4.8759357e-03  -3.0014824e-03   4.9650624e-03
  -9.9416972e-02  -9.0796115e-02  -1.9121808e-01   4.8452572e-03  -3.3234765e-03   5.1432901e-03
  -1.0809371e-01  -1.3442513e-01  -1.4466938e-01   6.2164128e-03  -3.0398336e-03   4.9254758e-03
  -9.4793595e-02  -1.0505371e-01  -1.6705321e-01   4.7205951e-03  -3.5043496e-03   5.2032617e-03
  -1.0534961e-01  -1.4151063e-01  -1.5604954e-01   5.6307833e-03  -3.1716470e-03   4.9730856e-03
  -1.0336534e-01  -1.1010457e-01  -1.6644295e-01   5.4197397e-03  -3.2294156e-03   4.9683032e-03
  -8.4027012e-02  -6.1157238e-02  -2.2287507e-01   4.1087592e-03  -3.8066497e-03   5.1232963e-03
  -1.1517740e-01  -1.5772436e-01  -2.1434006e-01   5.9471378e-03  -3.3281618e-03   4.9739704e-03
  -1.1104802e-01  -1.3423391e-01  -1.7496541e-01   6.5242408e-03  -3.5172032e-03   5.0840707e-03
  -9.6716730e-02  -1.0476021e-01  -2.4099885e-01   5.7791686e-03  -3.6494749e-03   4.8425383e-03
  -1.2351346e-01  -1.9082427e-01  -2.4436696e-01   8.0964986e-03  -3.0792554e-03   4.8221767e-03
  -1.1430338e-01  -1.4772448e-01  -2.2571215e-01   6.8425808e-03  -3.3478998e-03   5.1362298e-03
  -9.7143635e-02  -1.2780596e-01  -2.2668892e-01   6.1891577e-03  -3.7582421e-03   5.0921527e-03
  -9.9621961e-02  -1.2909095e-01  -2.5795011e-01   5.7390965e-03  -3.6696992e-03   5.2562519e-03
  -1.0872901e-01  -1.5137825e-01  -1.9008645e-01   6.7556915e-03  -3.4593251e-03   4.7303166e-03
  -1.1385559e-01  -1.5493696e-01  -1.8209673e-01   6.8417379e-03  -3.3851129e-03   4.5942907e-03
  -1.0955393e-01  -1.5254799e-01  -1.7990907e-01   6.4926309e-03  -3.3022710e-03   4.5319543e-03
  -1.0804906e-01  -1.5325142e-01  -1.6293664e-01   6.4479178e-03  -3.4336651e-03   4.6293877e-03
  -1.0429539e-01  -1.2944400e-01  -2.0180697e-01   5.8764649e-03  -3.5353791e-03   4.7111312e-03
  -9.6252178e-02  -1.6333279e-01  -2.1275770e-01   5.9183015e-03  -3.5579353e-03   4.6255580e-03
  -1.0015843e-01  -1.4583131e-01  -1.9664389e-01   5.8656930e-03  -3.4892509e-03   4.7998371e-03
  -1.0097786e-01  -1.7096293e-01  -1.7608279e-01   6.4257985e-03  -3.2453938e-03   4.7037098e-03
  -9.1959753e-02  -1.1660016e-01  -2.4739210e-01   5.5473417e-03  -3.7598125e-03   5.1016153e-03
  -1.1024321e-01  -2.4539149e-01  -2.3121857e-01   8.5860689e-03  -3.4257987e-03   5.0759942e-03
  -1.1434941e-01  -1.8804074e-01  -2.7725821e-01   1.0294722e-02  -2.3232989e-03   3.6253554e-03
  -1.0676868e-01  -2.2000987e-01  -2.6296733e-01   9.8906814e-03  -2.6478516e-03   4.0711058e-03
  -1.0150115e-01  -2.2622191e-01  -2.6958330e-01   1.0664775e-02  -2.6338439e-03   4.1404664e-03
  -1.0193604e-01  -2.2212698e-01  -2.4817407e-01   9.8189825e-03  -2.8180494e-03   4.2746780e-03
  -9.9445395e-02  -1.9776488e-01  -2.4852518e-01   9.1496391e-03  -2.8646855e-03   4.2910342e-03
  -9.6226758e-02  -1.9176641e-01  -2.5769808e-01   9.8878516e-03  -3.0993734e-03   4.2590415e-03
  -1.0267030e-01  -2.0931413e-01  -2.4129818e-01   9.0042113e-03  -2.8069143e-03   4.1120373e-03
  -1.0735770e-01  -1.8991433e-01  -2.3146770e-01   9.1415263e-03  -2.8832072e-03   4.0580824e-03
  -1.1008372e-01  -2.0911500e-01  -2.1888366e-01   9.5906875e-03  -3.2455936e-03   4.0637792e-03
  -1.1511971e-01  -1.9352111e-01  -2.1654506e-01   8.5894752e-03  -3.2603241e-03   4.3618604e-03
  -9.1547425e-02  -1.3806131e-01  -2.5234821e-01   7.7994050e-03  -3.5435047e-03   4.1587022e-03
  -1.3604183e-01  -2.1660006e-01  -3.1568961e-01   1.0533917e-02  -2.8305594e-03   3.6886722e-03
  -1.2151951e-01  -2.0085153e-01  -2.5163455e-01   9.3054673e-03  -2.8305752e-03   3.6931483e-03
  -1.0956565e-01  -1.4032861e-01  -2.3111505e-01   8.3875646e-03  -3.0548215e-03   3.7845506e-03
  -1.0408841e-01  -1.4061284e-01  -1.0412998e-01   7.9867497e-03  -3.3453725e-03   3.2396458e-03
  -9.3572426e-02  -8.1677376e-02  -3.5373811e-01   5.4567688e-03  -2.8158962e-03   1.9362581e-03
  -1.7307455e-01  -2.8768462e-01  -8.5143312e-01   5.1027678e-03  -9.0451199e-04   5.1937292e-03
  -7.7151577e-02  -4.6116669e-01  -4.9014772e-01   1.3118355e-03  -4.2012798e-04   4.5848401e-03
   1.2403175e-01  -1.4199412e+00   1.2714115e-01  -1.0623579e-02  -1.3733159e-04   1.7927672e-04
