   0.0000000e+00   0.0000000e+00   0.0000000e+00   0.0000000e+00   0.0000000e+00   0.0000000e+00
  -1.2896365e-03   4.4961772e-02  -2.1992385e-02  -1.3275861e-04  -4.8215490e-05   6.1071185e-05
   1.3266048e-03  -2.2479094e-02   9.5550133e-02   1.2235317e-03  -4.4929736e-04   1.0419482e-05
  -8.5946596e-03  -1.2621108e-02   8.4782371e-02   1.6018450e-03  -4.2478742e-04   1.9368168e-04
   8.2960054e-03   6.6814520e-03   1.2070987e-01   1.1946822e-03   1.5496060e-04   2.8252840e-05
  -1.2403910e-02   4.1775991e-02   1.9641261e-01   1.0808307e-03   1.5006503e-04   1.1926185e-05
  -3.5278919e-03   4.6295458e-02   1.1260879e-01   1.4272724e-03  -2.2494288e-04   2.1593184e-04
  -1.1296404e-02  -3.5760988e-02   1.6286359e-01   2.0151499e-03  -1.5555300e-04  -3.4931814e-05
  -2.0109126e-02   5.9798986e-02   4.6861802e-02  -5.9375335e-04  -1.1430407e-03   2.9238940e-04
  -2.6580175e-01  -1.8300244e-01   1.7998696e-01  -8.8814491e-04  -1.6336558e-03   2.8682088e-03
  -9.7614121e-02   2.5532942e-02   4.5884400e-01  -1.5595383e-03  -3.2643843e-04   1.6861747e-03
  -4.8750901e-02   8.4810326e-02   2.6086800e-01  -4.7386452e-04  -2.3670105e-04   1.6166178e-03
  -3.2815964e-02   1.1328061e-01   2.8042650e-01  -1.8701432e-03  -4.4382376e-04   1.3882870e-03
  -1.5079417e-02   9.4120231e-02   2.8044506e-01  -2.2901698e-03  -3.9746449e-04   9.1671177e-04
  -2.5756458e-02   1.0854487e-01   2.7820327e-01  -1.8271067e-03  -3.9212190e-04   9.8823752e-04
  -4.0726062e-02   9.4898457e-02   3.4573354e-01  -1.0637119e-03  -2.4845793e-05   6.8632634e-04
  -3.2176428e-02   9.2174673e-02   3.5654986e-01  -1.1001527e-03   2.4092504e-04   6.4401261e-04
  -2.1389469e-02   9.5580170e-02   3.7127859e-01  -2.3175739e-03   7.0137624e-04   5.3518486e-04
  -8.6899157e-03   1.8231962e-01   2.2797819e-01  -3.6662046e-03   4.9741161e-04   4.9680685e-04
  -2.3381960e-02   7.7506807e-02   2.9341877e-01  -2.6293774e-03   7.9503740e-04   3.5446527e-04
  -2.1228397e-02   6.9785908e-02   3.2998151e-01  -1.7353751e-03   1.0368219e-03   2.3237761e-04
  -2.1465461e-02   8.9004560e-02   3.4779804e-01  -2.3880043e-03   9.0667547e-04   3.2649202e-04
  -1.2638760e-02   1.2492201e-01   3.2523680e-01  -3.5570436e-03   7.4379557e-04   3.0865607e-04
  -1.7338447e-02   1.0487142e-01   3.2483516e-01  -3.2190068e-03   9.1425935e-04   5.2554132e-04
  -1.4498242e-02   1.1921350e-01   2.6806385e-01  -2.3029527e-03   6.6084289e-04   7.9331707e-04
  -5.9542794e-03   1.2595017e-01   2.6892693e-01  -2.1622022e-03   3.1531999e-04   9.0488748e-04
  -9.7258813e-03   1.3934667e-01   2.6760793e-01  -2.7391983e-03   2.9777634e-04   7.8141502e-04
  -2.3741092e-02   1.2139600e-01   2.3576184e-01  -2.6650225e-03   6.3849699e-05   6.2058342e-04
  -2.5586925e-02   1.3083751e-01   2.8501845e-01  -3.0097584e-03   1.9112824e-04   5.9460729e-04
  -1.8167201e-02   1.2295073e-01   2.5543641e-01  -2.5068424e-03   2.7164157e-04   5.8229140e-04
  -1.7316665e-02   1.2745633e-01   2.5954375e-01  -9.8178569e-04   2.1615763e-05   9.4398687e-04
  -3.2651265e-02   6.3143623e-02   2.9750365e-02  -5.5810773e-04   4.0474309e-04   1.5168472e-03
  -3.1035334e-03   1.3188480e-01   1.5197420e-01  -5.6949881e-04  -8.9120547e-04   8.7436400e-04
  -2.4582747e-02   7.3244673e-02   1.8096048e-01  -1.0191940e-03  -6.1680030e-04   5.6429951e-04
  -2.9167097e-02   1.0513698e-01   1.9417373e-01  -1.1820440e-03  -2.0923412e-04   4.1369798e-04
  -2.6153026e-02   1.1138703e-01   2.1392839e-01  -1.1306449e-03  -2.5941290e-04   6.3787236e-04
  -3.5355427e-02   9.1123298e-02   2.5571511e-01  -7.9197270e-04   5.3766862e-05   6.5477957e-04
  -3.0883821e-02   9.7256932e-02   2.0112126e-01  -1.6555885e-04   4.8454890e-05   6.0190990e-04
  -3.0675010e-02   9.3769708e-02   2.0236803e-01  -7.0981241e-04   3.3883521e-04   4.8819425e-04
  -2.9108205e-02   1.0789392e-01   2.1021705e-01  -1.0722512e-03   3.1380729e-05   5.5053729e-04
  -3.8113876e-02   7.4685077e-02   2.1151127e-01  -6.0595365e-04   2.4848890e-04   4.5518496e-04
  -3.5987300e-02   7.3306645e-02   2.2225149e-01  -5.7055188e-04   2.3383775e-04   4.7868140e-04
  -3.5134696e-02   7.5581767e-02   2.1387830e-01  -3.8094112e-04   2.4579674e-04   4.0690493e-04
  -2.7157520e-02   1.0549238e-01   1.9161657e-01  -8.0733056e-04  -1.3344710e-04   7.2758959e-04
  -1.6415476e-02   1.3101081e-01   1.7725317e-01  -1.2510803e-03  -2.8467057e-04   8.0440280e-04
  -1.8138785e-02   1.0002255e-01   1.7989549e-01  -7.5627070e-04   5.2794267e-05   8.4022090e-04
  -2.6135489e-02   1.0026446e-01   1.8472670e-01  -6.7331931e-04   1.2374435e-04   7.1401830e-04
  -1.3462462e-02   1.7307327e-01   1.4166772e-01  -2.3555011e-03  -2.3340614e-04   8.1318370e-04
  -3.4453369e-02   4.7918714e-02   1.9316640e-01  -6.0251134e-04  -4.1301935e-04   7.5932658e-04
  -2.1996246e-02   1.4560801e-01   1.5866628e-01  -1.7594197e-03  -1.8056453e-04   6.1862771e-04
  -2.1498412e-02   1.0427827e-01   1.8882290e-01  -1.7394069e-03  -1.2404013e-04   7.8492272e-04
  -2.8512975e-02   1.0232466e-01   1.8456087e-01  -9.0638959e-04   1.7437638e-04   7.5466546e-04
  -3.0392131e-02   1.2443550e-01   1.5909667e-01  -2.2167638e-04  -1.7530204e-04   7.7874002e-04
  -2.8016896e-02   1.0073554e-01   1.7192420e-01  -3.5283201e-04  -2.5545116e-04   9.2948790e-04
  -3.3456585e-02   8.5572846e-02   2.0701264e-01  -1.5046401e-05  -2.2705527e-05   5.9618318e-04
  -3.6522521e-02   7.2243238e-02   2.3732941e-01  -1.2628485e-04   7.5737904e-05   3.4138770e-04
  -3.8635720e-02   7.4202738e-02   2.2964108e-01  -4.3666648e-04   1.6788392e-04   1.4664831e-05
  -3.3540436e-02   7.2109231e-02   2.2254969e-01   1.7417884e-04  -4.2903523e-04   4.5608957e-04
  -8.7600094e-02   7.8131084e-02  -1.1181926e-01  -9.4009825e-04  -2.2571158e-03   3.0728816e-03
  -4.1559538e-02   1.0258813e-01   5.1793974e-02  -1.7770461e-03  -2.5879229e-03   3.0052212e-03
  -2.2845274e-02   8.3982644e-02   2.1814451e-01  -2.1076022e-03  -1.3129531e-03   1.3854523e-03
  -1.1746470e-02   9.9695615e-02   2.0273940e-01  -2.5060106e-03  -1.6883423e-03   1.3312247e-03
  -2.9177385e-02   7.7784834e-02   2.0687938e-01  -1.4834118e-03  -1.3201485e-03   9.4876720e-04
  -1.1380111e-02   1.7835076e-01   1.8747666e-01  -2.7314986e-03  -1.5408414e-03   8.6481163e-04
  -2.2952695e-02   1.0121718e-01   2.0042914e-01  -9.0205383e-04  -1.4277548e-03   8.3276182e-04
  -1.5180358e-02   1.3063323e-01   1.9954859e-01  -1.4155224e-03  -1.3948127e-03   9.5183969e-04
  -1.2299121e-02   1.3430674e-01   2.3144841e-01  -2.3021467e-03  -1.3793158e-03   1.1099619e-03
  -1.4269613e-02   1.1156668e-01   2.4461181e-01  -2.3863387e-03  -1.1634992e-03   7.1657283e-04
  -1.9406048e-02   1.0151210e-01   2.5323028e-01  -1.4176626e-03  -1.0622098e-03   6.7369715e-04
  -1.3709753e-02   1.2065531e-01   2.3939134e-01  -1.9984165e-03  -1.0872557e-03   7.7373499e-04
  -1.7253733e-02   8.5624644e-02   2.4003659e-01  -1.4658570e-03  -1.0056142e-03   6.3264576e-04
  -3.5251530e-03   1.4802851e-01   1.8748816e-01  -2.1727271e-03  -1.1695049e-03   6.3764699e-04
  -2.4800138e-02   1.5393861e-01  -1.1460363e-01  -2.3235674e-03  -4.7177951e-05   2.1644352e-03
  -1.3952890e-02   4.8559969e-02  -1.4076723e-01  -1.7222073e-03  -1.2851509e-03   1.8120123e-03
  -3.9807564e-02   8.8135841e-02   6.3097707e-02  -6.1088223e-04  -2.8668804e-04   8.6176663e-04
  -5.2579651e-02   8.7941695e-02   1.2880472e-01  -5.2598775e-04  -5.9501452e-06   4.3976016e-04
  -3.4956865e-02   6.9389869e-02   1.2770332e-01  -5.1160797e-04  -1.3247837e-04   7.4068344e-04
  -4.2463774e-02   3.4246403e-02   1.4621118e-01   3.2141883e-04  -2.5810718e-05   5.8287039e-04
  -2.4412104e-02   2.9603739e-02   1.2702826e-01  -1.3618083e-05  -3.3176384e-04   9.0863606e-04
  -2.3980457e-02   9.3995933e-02   8.9771284e-02   7.9419732e-04   1.2337074e-04   4.5979893e-04
  -3.0739155e-02   6.0353634e-02   1.5605852e-01   3.4405292e-04  -4.0210263e-05   2.6163723e-04
  -2.8391138e-02   5.4281972e-02   1.5776679e-01   2.7185417e-04   9.2674205e-06   5.1545211e-04
  -2.5388961e-02   6.0055259e-02   1.7201599e-01  -2.9165666e-04   1.1069026e-04   3.2229080e-04
  -2.5776612e-02   8.3935605e-02   1.8394103e-01  -9.3227683e-04   3.1206826e-05   2.2364912e-04
  -1.0580885e-03   1.9815982e-01   5.3418135e-02  -3.1604845e-03  -3.7791469e-04   3.2602983e-04
  -1.8739488e-02   1.9595488e-02   3.1852496e-02   2.3066095e-04   8.2260450e-05   5.2128680e-04
  -2.1112637e-02   5.2539358e-02   1.2040558e-01   6.5579031e-04   1.0457672e-04   5.3503708e-04
  -1.3157264e-02   1.1763217e-01   9.9977156e-02  -5.4448038e-04  -2.2617685e-04   6.8872124e-04
  -1.3032580e-02   7.6150262e-02   1.1742169e-01  -3.3003248e-04  -9.3030321e-05   6.0010302e-04
  -2.0205193e-02   6.2085836e-02   9.5213466e-02   3.7089709e-04   6.0020319e-06   6.2777381e-04
  -8.6420246e-03   1.1999067e-01   6.3809864e-02   6.0545834e-04  -2.9604629e-04   7.3559217e-04
  -2.4605314e-02   6.9623309e-02   1.0493083e-01   6.1243822e-04  -5.5510113e-05   3.7914949e-04
  -1.6033269e-02   1.0191762e-01   1.4441393e-01  -2.9226798e-04  -1.8556381e-04   4.7715174e-04
  -2.1983976e-02   8.9098807e-02   1.0014582e-01  -1.8198515e-04  -1.4668774e-04   6.8343941e-04
  -2.8291322e-02   3.5484780e-02   1.4736135e-01   7.0378041e-04   7.2186138e-06   4.2760298e-04
  -1.7339882e-02   6.9112238e-02   1.4322815e-01   3.2851020e-05  -8.3949534e-05   4.5290090e-04
  -2.2246954e-02   5.1675426e-02   1.4872803e-01   4.8189768e-06   1.1397066e-04   4.3691061e-04
  -2.2576112e-02   5.7136801e-02   1.5735776e-01  -8.4103705e-05   2.0568489e-05   3.7037957e-04
  -3.7526560e-03   1.3582486e-01   1.2030928e-01  -1.6250035e-03  -3.0066893e-04   4.9892745e-04
  -1.2529940e-02   6.3043927e-02   8.6718894e-02  -5.7480383e-04  -2.1332283e-04   5.2074980e-04
  -1.7866360e-04   1.3376170e-01   6.9958210e-02  -1.6939450e-03  -2.2194497e-04   5.8869776e-04
  -1.6792620e-02   6.4426301e-02   1.0954145e-01   6.9318262e-04  -3.8557275e-05   5.7137995e-04
  -1.0880370e-02   7.4495007e-02   1.2058825e-01  -1.5026144e-04  -1.5495226e-05   5.1180230e-04
  -1.7020781e-02   4.0210305e-02   1.4083682e-01   4.1915544e-04   4.4889295e-04   3.3938735e-04
  -1.1305888e-02   5.0897309e-02   1.3010229e-01   8.4155818e-05   2.8035905e-04   3.3595483e-04
  -4.5357795e-03   6.5304721e-02   1.3141925e-01   1.0093826e-04   1.4436819e-05   6.4706434e-04
  -1.2812606e-02   1.2290651e-01   1.1364318e-01  -1.3915259e-03   4.2894857e-05   4.2602311e-04
  -3.4319256e-02   6.3643125e-02   3.7021273e-02   9.0461101e-04  -1.5944879e-04   2.3103083e-04
  -3.4357449e-02   5.8999725e-02   1.0528964e-01  -9.0711459e-05  -5.4376817e-05   3.1277355e-04
  -3.1522029e-02   4.9007075e-02   1.1980636e-01   1.0475101e-03   2.2800290e-05   3.5706157e-04
  -2.4241649e-02   9.1135522e-02   1.1926449e-01  -3.8556140e-05  -6.3401284e-05   4.0264174e-04
  -1.9239142e-02   1.1183033e-01   6.7824771e-02  -8.7069978e-04  -3.3982926e-05   3.6581160e-04
  -1.4037730e-02   1.0167052e-01   9.8264630e-02  -1.0997278e-03   5.9735696e-05   5.7015301e-04
  -2.1874174e-02   8.2072350e-02   6.9667810e-02   3.7387844e-04   5.7525936e-05   4.9669767e-04
  -1.1140659e-02   1.3558474e-01   5.5561618e-02  -1.6330471e-04  -4.3992817e-06   5.6243070e-04
  -1.8386073e-02   7.1266909e-02   9.5136463e-02   3.8995233e-04  -2.0093069e-06   4.6676200e-04
  -1.6137860e-02   8.3842356e-02   7.1755897e-02   4.9476204e-04  -4.7503296e-05   3.4293028e-04
  -1.3653646e-02   4.2973473e-02   8.7066056e-02   1.3304290e-03  -1.1279810e-04   2.5965565e-04
  -1.6466320e-02   5.1185584e-02   8.6150629e-02   2.8493129e-04   3.5322515e-05   4.0400311e-04
  -8.1998673e-03   6.4380761e-02   9.1994986e-02   1.6288971e-04  -1.8101674e-04   5.8483672e-04
  -8.8192506e-03   4.2812787e-02  -3.9540936e-02   1.4401183e-03  -1.2788476e-03   2.4552514e-03
   1.5632454e-03   8.2928495e-02  -9.4655078e-02   1.0146220e-03  -1.4133311e-03   3.3703305e-03
  -1.3660431e-03   1.9767632e-02   4.4228909e-02   3.4060513e-04  -1.0444880e-03   1.3544731e-03
  -1.8350963e-02   5.4636499e-02   9.4223188e-02   6.2317511e-04  -7.4717236e-04   1.4252259e-03
  -3.9432617e-03   8.6081318e-02  -4.6269282e-03   6.8381549e-04  -1.1982981e-03   1.3464211e-03
  -8.6447233e-03   4.2737297e-02   6.5937287e-02   1.5504991e-03  -1.0899594e-03   8.1108339e-04
  -4.5097223e-03   3.7939224e-02   6.4972270e-02   1.8318506e-03  -9.0658336e-04   6.7974271e-04
   1.0165453e-02   1.0265773e-01   5.6477318e-02   5.6844305e-04  -1.2397123e-03   8.0156456e-04
  -1.1385050e-02   4.0403425e-02   3.4173498e-02   1.4086972e-03  -1.0565909e-03   3.4427966e-04
   2.7173145e-04   5.0967591e-02   4.9913792e-02   7.8887184e-04  -1.3240923e-03   7.2040895e-04
   3.6252916e-03   6.5413059e-02   4.0279302e-02   1.0656407e-03  -1.1138015e-03   5.9390727e-04
   8.5387358e-04   7.0567478e-02   1.7323993e-02   7.7468818e-04  -9.5885531e-04   4.3754077e-04
   4.8581109e-03   9.4448317e-02   1.4454025e-03   4.0017170e-04  -7.2863129e-04   3.9574516e-05
  -1.6225135e-02   7.6447755e-02  -6.8132387e-02   2.0632319e-03  -6.9145177e-04  -8.6305038e-05
  -2.0689046e-02   4.4320142e-02  -1.4374262e-01   1.0048009e-03  -1.1369026e-03   8.0824826e-04
  -2.0323456e-02   5.1465651e-02   1.9473126e-02   2.8876430e-04  -8.2114436e-04  -3.4779600e-04
  -2.7498821e-02   6.1862945e-02   4.6671815e-02   9.2053821e-04  -7.1171844e-04  -5.2515010e-04
   5.1551424e-03   7.8728831e-02   5.5234141e-02   1.6302444e-03  -1.9539724e-03   4.3842763e-04
   1.8616370e-02   1.1334162e-01   1.0928381e-02   1.8531856e-03  -2.0770539e-03   5.7167626e-04
  -1.2784547e-02   2.4332940e-02   4.7734495e-02   2.2624770e-03  -1.6381114e-03   5.7211894e-04
  -1.6492202e-02   5.7346706e-02   6.8512322e-02   1.6032294e-03  -1.4038904e-03   6.0207309e-04
  -3.6884031e-03   6.6227835e-02   8.5116545e-02   9.0057740e-04  -1.4259695e-03   4.4855606e-04
  -1.9161594e-02   1.7316191e-02   1.0906064e-01   1.3033432e-03  -1.1695424e-03   2.1910274e-04
  -1.1028079e-02   5.8887195e-02   1.0661332e-01   8.4617927e-04  -1.2254606e-03   1.1072479e-04
  -1.0353976e-02   6.7975158e-02   7.1313231e-02   8.9803400e-04  -1.3384055e-03   2.3226100e-04
  -4.5440433e-03   8.9444923e-02   8.7627273e-02   2.8524407e-04  -1.3960617e-03   3.8154663e-05
  -1.0332309e-02   6.7346838e-02   8.8861090e-02   2.5612714e-04  -1.2877469e-03   1.1865334e-04
  -7.7399791e-03   7.9015964e-02   4.4811664e-02  -9.7389264e-05  -1.3565648e-03   3.6212253e-04
  -5.6312253e-03   5.3997303e-02   9.2595509e-02   3.0812878e-04  -1.1104501e-03   1.5550779e-04
  -1.7555857e-03   3.1489356e-03   2.5589641e-02   1.4867749e-03  -1.1496980e-03   4.1848954e-04
   1.5466084e-03   3.5485544e-02   7.4143616e-02   1.2501340e-03  -1.2460034e-03   2.3697522e-04
  -4.2771416e-03   3.4960484e-02   7.9660663e-02   1.1254064e-03  -1.2874054e-03   2.5797010e-04
   5.4392548e-05   5.8645388e-02   6.6404324e-02   6.8386807e-04  -1.3989546e-03   4.1924334e-04
  -7.2951251e-03   4.8211202e-02   9.0892733e-02   7.7509968e-04  -1.2650679e-03   2.3692428e-04
  -1.3645749e-02   6.4925404e-02   1.2188189e-01   8.1830509e-04  -1.1454463e-03   2.5233944e-04
  -6.1446123e-03   4.4289316e-02   1.1772523e-01   1.2089980e-03  -1.1181703e-03   3.3821254e-04
  -1.6917587e-04   5.5469155e-02   1.0809709e-01   3.6517209e-04  -1.0370216e-03   2.8985080e-04
  -2.6802380e-03   3.8580509e-02   9.7984076e-02   4.6991385e-04  -1.0332670e-03   3.3698207e-04
   2.3222238e-03   4.5984147e-02   8.2771612e-02   9.7762635e-04  -1.0063686e-03   3.4962612e-04
  -3.5785352e-03   7.3869941e-02   5.5676271e-02   4.4905103e-04  -9.6571209e-04   3.4595640e-04
   1.4489141e-02   1.0546098e-01   4.8906161e-02   8.6662353e-04  -1.4131735e-03   4.9832595e-04
  -4.1573504e-03   1.0837191e-02   8.1777329e-02   1.5922573e-03  -9.1078950e-04   2.4764378e-04
  -5.8515968e-04   4.5131047e-02   6.5481020e-02   1.1729632e-03  -9.5363379e-04   4.1450952e-04
   4.8671633e-03   7.3964713e-02   5.2512357e-02   5.4772134e-04  -1.1678793e-03   6.0216733e-04
   6.4758920e-05   5.2089332e-02   6.9443160e-02   1.0368626e-03  -1.0340252e-03   4.9084611e-04
   5.5764950e-03   7.3106950e-02   5.8915514e-02   9.7053679e-04  -1.2984137e-03   5.8097019e-04
  -4.2637887e-03   2.8338262e-02   4.6853884e-02   2.1191532e-03  -1.0099297e-03   4.1263427e-04
  -1.1914598e-02   3.1258333e-02   8.1305009e-02   1.7664461e-03  -7.6162189e-04   1.0006790e-04
   7.2155610e-04   7.4719163e-02   3.2184029e-02   6.9377046e-04  -1.0216836e-03   4.7355154e-04
  -2.9724315e-03   2.9175768e-02   6.7331485e-02   1.1626116e-03  -1.0213505e-03   1.0279036e-04
   2.5740864e-03   4.4232088e-02   9.2257487e-02   1.4116995e-03  -1.2111714e-03   4.5377171e-04
   1.2003041e-02   5.5371778e-02   8.7558660e-02   1.3829690e-03  -1.4746827e-03   5.2327358e-04
  -2.6255122e-03   3.9435258e-02   7.4029528e-02   9.6148428e-04  -1.1548226e-03   4.8849146e-04
   7.0269654e-03   6.4035428e-02   6.1464577e-02   2.0210119e-03  -1.4653597e-03   4.6920473e-04
   1.1724535e-03   3.6571419e-02   7.0239029e-02   2.2132670e-03  -1.1466291e-03   8.0360257e-04
   3.8873416e-03   6.6168289e-02   8.8071790e-02   8.1357532e-04  -1.0472641e-03   4.1511796e-04
  -5.3037489e-03   4.6056834e-02   8.2332394e-02   1.1845066e-03  -1.0645100e-03   5.1787603e-04
   3.8265149e-03   5.9168817e-02   6.6612625e-02   8.0564278e-04  -1.2533402e-03   6.4660603e-04
   5.1360951e-03   7.9729606e-02   3.6269747e-02   1.1896712e-03  -1.4224616e-03   8.1816632e-04
   1.5864359e-02   1.7946305e-01  -1.0930191e-01   2.7879342e-04  -1.0899810e-03   9.2270950e-04
  -2.4876401e-02  -4.3110980e-02   1.9154365e-02   2.4841056e-03  -8.5991219e-04   3.4153159e-04
  -7.9927706e-03   7.7167664e-02   5.1906832e-02   1.3909126e-03  -1.0279526e-03   4.0614003e-04
  -9.7436246e-03   4.4325836e-02   9.0169533e-02   1.5408508e-03  -1.1080964e-03   4.5863510e-04
  -1.8696388e-02   3.7065139e-02   1.0300310e-01   1.7682614e-03  -8.2457557e-04   3.5042287e-04
  -9.1017550e-03   6.4059365e-02   8.9287045e-02   1.8518076e-03  -1.1000745e-03   5.2842002e-04
  -7.7554602e-03   5.5495661e-02   8.3944512e-02   1.5607409e-03  -1.1006348e-03   4.4570721e-04
  -1.9593443e-02   3.0136662e-02   1.1600529e-01   3.1001143e-03  -1.0208591e-03   4.5586604e-04
  -1.9528061e-02   3.7667517e-02   1.3352683e-01   1.8385557e-03  -6.8970327e-04   1.7670167e-04
