   0.0000000e+00   0.0000000e+00   0.0000000e+00   0.0000000e+00   0.0000000e+00  -6.9388939e-18
   4.6290750e-03  -7.9891711e-02  -3.6598503e-02   1.9921566e-03  -1.2274582e-05  -6.0205182e-04
   1.9451009e-02  -5.1450589e-02  -3.5406980e-02   1.9910068e-03   1.7004766e-04  -8.8999840e-04
   2.7745890e-02  -3.5091317e-02  -2.5290574e-02   2.0349026e-03  -2.7275646e-04  -1.3560746e-03
   2.4800176e-02  -6.9655459e-02  -3.6228547e-03   3.0086235e-03  -3.8420310e-04  -1.2499389e-03
   3.2816084e-02  -5.8360253e-02   8.4599410e-03   3.6357205e-03  -9.4207211e-04  -1.1511498e-03
   3.3074487e-02  -1.1126985e-01  -1.0476354e-02   3.8291102e-03  -7.5722221e-04  -1.2580786e-03
   2.8346228e-02  -1.0488921e-01  -1.8679731e-02   4.0622994e-03  -9.9374219e-04  -1.4259367e-03
   3.2901190e-02  -8.8541161e-02  -1.8916138e-02   3.3771734e-03  -9.7740560e-04  -1.4227728e-03
   3.3292037e-02  -1.2066700e-01  -4.7726814e-02   3.3127585e-03  -9.5667616e-04  -1.8212963e-03
   4.3502341e-02  -8.7806446e-02  -4.6148078e-02   3.5680410e-03  -1.1565952e-03  -1.3952259e-03
   3.8403050e-02  -9.2677138e-02  -2.0454163e-02   3.8394774e-03  -1.1951530e-03  -1.4544316e-03
   9.7682375e-03  -1.5192984e-01  -3.2823343e-02   6.4395658e-03  -1.5400686e-03  -1.4823261e-03
  -3.0264595e-02  -1.4331520e-01  -6.1735675e-03   7.4434536e-03  -1.6246149e-03  -4.3111274e-04
  -3.1033236e-04  -2.0097753e-01  -8.1704150e-02   6.9364627e-03  -1.7964578e-03  -1.5224533e-03
   1.8930533e-02  -1.5427399e-01  -9.9362375e-02   6.3225908e-03  -1.7737446e-03  -1.9008102e-03
   1.7987855e-02  -1.6842439e-01  -1.0906086e-01   6.4074974e-03  -1.9135551e-03  -1.9106720e-03
   2.0569922e-02  -1.3492951e-01  -6.0563310e-02   5.9769628e-03  -1.8258927e-03  -1.9403174e-03
   2.5214554e-02  -1.6649313e-01  -6.6387809e-02   6.8397843e-03  -2.0051921e-03  -1.9185005e-03
   3.0439761e-02  -1.0508585e-01  -4.8224857e-02   6.2486947e-03  -2.0230330e-03  -1.9277232e-03
   2.8859674e-02  -1.2780775e-01  -5.5528450e-02   5.9100786e-03  -2.0041784e-03  -2.1059724e-03
   3.0430088e-02  -1.1230056e-01  -6.2099429e-02   5.6922550e-03  -2.2309967e-03  -2.2607680e-03
   3.5926275e-02  -1.6385715e-01  -5.1973342e-02   6.0851829e-03  -2.3565927e-03  -2.4379942e-03
   2.5780975e-02  -1.6538257e-01  -9.6482560e-02   6.4123748e-03  -2.0130367e-03  -2.1990097e-03
   3.3359055e-02  -1.1502345e-01  -8.0555598e-02   5.5228573e-03  -2.0747213e-03  -1.9459905e-03
   2.5730097e-02  -1.8549823e-01  -1.0098052e-01   6.2685781e-03  -2.2724966e-03  -2.1235990e-03
   3.4524645e-02  -1.1672183e-01  -9.9493924e-02   5.8137823e-03  -2.3115915e-03  -1.8259340e-03
   3.2672788e-02  -1.6976480e-01  -1.0002498e-01   6.4656281e-03  -2.1684159e-03  -1.9669990e-03
   3.6103289e-02  -1.3007220e-01  -9.8506949e-02   5.6222649e-03  -2.2584458e-03  -1.8044715e-03
   2.9863342e-02  -1.8995421e-01  -9.4563700e-02   6.2574141e-03  -2.2586056e-03  -2.0934670e-03
   3.9504152e-02  -1.2026673e-01  -1.1113029e-01   5.7714820e-03  -2.4523607e-03  -1.9973894e-03
   3.9416706e-02  -1.5914435e-01  -1.1272627e-01   5.7474248e-03  -2.4054521e-03  -1.8507851e-03
   5.4009571e-02  -6.7172353e-02  -1.6983792e-01   5.9972274e-03  -2.6986494e-03  -2.0487969e-03
   2.1007627e-02  -4.1314195e-01  -3.8923643e-01   9.4699742e-03  -1.2161631e-03  -2.2121453e-03
   5.5005906e-02  -6.5469643e-01  -4.3233365e-01   1.1805826e-02  -6.1047357e-05  -1.1742253e-03
   1.1444357e-01  -2.9372267e-01  -1.5723561e-01   8.7709395e-03  -8.9136871e-04  -1.1558814e-03
   7.2396584e-02  -2.1087205e-01  -1.6695039e-01   8.3894379e-03  -9.7932808e-04  -1.8009956e-03
   6.3405547e-02  -2.9315442e-01  -1.9457129e-01   9.0439433e-03  -1.0757448e-03  -2.1017894e-03
   5.3573841e-02  -2.2971558e-01  -1.4736297e-01   8.4774504e-03  -1.0329742e-03  -2.3111703e-03
   5.6620864e-02  -1.9133568e-01  -1.4843057e-01   8.0691230e-03  -1.3106058e-03  -1.8976250e-03
   5.8514511e-02  -2.1094879e-01  -1.6084981e-01   7.4909621e-03  -1.3985562e-03  -2.0937311e-03
   5.6684770e-02  -1.8948782e-01  -1.6877767e-01   7.5836129e-03  -1.5128915e-03  -2.1249570e-03
  -3.3688652e-02  -2.3357996e-01  -1.2511063e-01   7.7862380e-03  -8.0918359e-04  -7.3467014e-04
  -1.1490683e-01  -3.2211389e-01  -2.4226846e-01   5.2831152e-03  -1.5496382e-03   2.0098984e-03
   1.7180451e-02  -2.1663957e-01  -1.9137979e-01   3.1892482e-03  -1.2604907e-03   1.5345921e-03
   4.1582442e-02  -1.2274431e-01  -1.1524000e-01   5.1593333e-03  -7.2644269e-04  -2.7563734e-05
   2.2860755e-02  -8.8699499e-02  -1.0732641e-01   5.7941254e-03  -7.4723214e-04  -3.4759334e-04
   7.2418142e-03  -1.6636719e-01  -1.0245002e-01   6.8829950e-03  -1.0328753e-03  -8.6755026e-04
   1.4562770e-02  -1.1374500e-01  -7.5813939e-02   6.2567704e-03  -1.1642183e-03  -1.3028882e-03
  -1.7159954e-03  -1.5662600e-01  -3.4952392e-02   6.4707533e-03  -1.1257824e-03  -1.9929268e-03
   1.0661077e-02  -1.2968661e-01  -1.0843832e-01   5.8563635e-03  -1.3503990e-03  -1.3555392e-03
   1.3334239e-02  -1.4114144e-01  -1.3277856e-01   6.6421072e-03  -1.4322395e-03  -1.4070937e-03
   2.5599047e-02  -9.9752770e-02  -8.5499393e-02   5.2892194e-03  -1.3253828e-03  -1.3017884e-03
   1.3110314e-02  -1.5273351e-01  -8.3226826e-02   7.1561058e-03  -1.2438560e-03  -1.4385153e-03
   1.7542062e-02  -1.3239661e-01  -7.0369333e-02   5.8285756e-03  -1.5099008e-03  -1.3627086e-03
   1.2752048e-02  -1.1376149e-01  -4.7909244e-02   4.9877592e-03  -1.2137207e-03  -1.5873697e-03
   7.9851755e-03  -1.5894762e-01  -5.8477301e-02   5.5700677e-03  -1.1325011e-03  -1.7756299e-03
   3.2416645e-03  -1.1140433e-01  -7.0013500e-02   4.7872153e-03  -8.1356514e-04  -1.6788556e-03
   6.8653705e-03  -1.3015292e-01  -8.7298857e-02   5.1538601e-03  -1.1825836e-03  -1.4853807e-03
   1.2141153e-02  -9.4742999e-02  -9.8055632e-02   5.3174722e-03  -1.2628545e-03  -1.3140681e-03
   6.1622350e-03  -1.5257383e-01  -1.0829448e-01   5.5122154e-03  -1.1076309e-03  -1.8127094e-03
   6.7720283e-03  -1.2838718e-01  -1.2211898e-01   5.6261190e-03  -1.1158243e-03  -1.7989242e-03
   7.3854005e-03  -1.4552928e-01  -1.0020396e-01   5.9239494e-03  -9.3701045e-04  -1.6718629e-03
   4.8198605e-03  -1.4088103e-01  -1.0190236e-01   6.1937088e-03  -1.0849233e-03  -1.7600047e-03
   1.1616765e-02  -1.5490235e-01  -6.4798827e-02   6.4686102e-03  -1.4729288e-03  -1.7297648e-03
   4.3996345e-03  -1.5227631e-01  -9.4428218e-02   6.2628737e-03  -1.2569369e-03  -1.7155174e-03
   6.1076547e-03  -9.6303345e-02  -1.1103438e-01   5.8076742e-03  -1.2457130e-03  -1.6859878e-03
   7.3416189e-03  -1.7692330e-01  -1.2071039e-01   6.6897611e-03  -1.5041785e-03  -1.7930091e-03
   1.7083484e-02  -1.0314246e-01  -1.0584497e-01   6.0277517e-03  -1.5162063e-03  -1.7468262e-03
   1.3162269e-02  -1.2518964e-01  -1.1442170e-01   6.2556284e-03  -1.4123582e-03  -1.9444946e-03
   1.5288359e-02  -1.1222504e-01  -1.1286118e-01   5.6348080e-03  -1.6024435e-03  -1.5999191e-03
   1.4018082e-02  -1.3807916e-01  -1.2801794e-01   6.1030628e-03  -1.3178957e-03  -1.7864747e-03
   1.3077665e-02  -1.5341189e-01  -1.5686307e-01   6.1247415e-03  -1.3566618e-03  -1.8331806e-03
   7.9553435e-03  -9.4977049e-02  -6.6997580e-02   5.6406839e-03  -1.4103580e-03  -1.6277551e-03
  -1.7819722e-04  -9.1155719e-02  -2.2068006e-02   4.2701023e-03  -1.5226618e-03  -1.3236567e-03
   2.9170746e-02   1.5236551e-01   1.4428184e-01  -5.3188301e-03  -2.4982078e-03   2.9340699e-05
   1.7933364e-02   1.1799551e-01   7.6926199e-02  -1.2858088e-03  -1.8841110e-03  -4.8556277e-04
   3.9810986e-02   1.7924571e-01  -2.7045622e-02  -2.1147157e-03  -1.9335500e-03  -1.1929718e-03
   2.5653233e-02   6.3179521e-02  -6.1350150e-02  -3.7806699e-04  -1.8181582e-03  -1.5160354e-03
   1.8343249e-02   4.5012994e-02   2.7828455e-02   9.1672640e-04  -1.2370198e-03  -1.8643296e-03
  -7.4048025e-02   4.0981371e-02   5.1673675e-02   3.6387064e-03  -2.3271074e-03  -7.6648307e-04
  -1.2380892e-01   9.1026881e-03  -5.6752045e-02   8.7463711e-04  -1.7906418e-03   1.3119352e-03
  -7.8075942e-02   4.2786415e-02   1.8426435e-02   1.8558090e-03   7.6252225e-04   9.5402290e-04
  -8.5565861e-02   4.9442181e-02   1.1166433e-02   1.0366901e-03   1.0156779e-03   1.8891512e-03
  -3.7805389e-02   8.5860585e-02   3.2103917e-02   5.3621331e-05  -5.3525830e-04   7.2380826e-04
  -8.3143419e-03   9.8499919e-02   1.6701178e-01   7.0975307e-04  -6.5696573e-04  -5.6069498e-04
  -2.4213691e-02   9.1834540e-02   1.0807495e-01   7.6362334e-04  -6.5380661e-04  -2.8486915e-04
  -2.3352079e-02   7.9868416e-02   7.7600491e-02   6.4484422e-04  -6.8379767e-04  -4.0955875e-04
   3.1625306e-03   1.1319579e-01   5.1172390e-02   6.1896709e-04  -1.1983823e-03  -4.1610827e-04
   6.5659310e-03   1.3264851e-02   4.5555969e-02   2.5451754e-03  -7.3847847e-04  -6.1076637e-04
   1.0317319e-03   4.3199728e-02   7.6848114e-02   2.6679463e-03  -4.6140294e-04  -7.1107609e-04
   5.0551738e-03   9.9838442e-02   1.9250551e-02   3.3269941e-03  -7.7966914e-04  -5.7912567e-04
  -5.4670282e-03   2.8007076e-02   1.0680597e-01   3.4284030e-03  -5.9906216e-04  -7.4019674e-04
   8.3361277e-03   4.8460888e-02   1.3577799e-01   3.1898634e-03  -7.9633269e-04  -9.0190805e-04
   2.5938709e-03   6.1694013e-03   1.1386355e-01   3.7485251e-03  -5.4090406e-04  -8.4802384e-04
   1.3016083e-02   3.8393307e-02   1.1137584e-01   2.8943941e-03  -2.8236716e-04  -6.4511528e-04
   1.5879683e-02   3.4019489e-02   7.9721142e-02   3.7562410e-03  -4.1298648e-04  -6.5428598e-04
   1.3469167e-02   5.9167793e-02   6.0398940e-02   2.4663984e-03   8.6379953e-04  -6.6869259e-04
   1.5271296e-02  -3.2441705e-04   9.1006526e-02   3.5452513e-03   1.1972567e-03  -5.2716823e-04
   2.0580685e-02   3.5149517e-02   9.3693902e-02   3.1454852e-03   1.2659056e-03  -2.8020583e-04
   2.2936035e-02  -1.6613320e-02   7.6375764e-02   4.7870644e-03   1.1837057e-03  -2.6806582e-04
   3.5030294e-02  -3.8816800e-02   3.7520367e-02   4.9522544e-03   1.4212006e-03   3.8588168e-05
   2.3687150e-02  -1.2391898e-01  -5.7164184e-02   5.6784165e-03   1.8982876e-03  -1.8081869e-04
   3.8668063e-02  -4.9447865e-02  -1.2635350e-01   4.5833771e-03   1.6313674e-03  -7.1152151e-05
   2.2580540e-02  -1.1364208e-01  -1.3714097e-01   5.1412766e-03   1.8842067e-03  -8.8113176e-05
   3.5281882e-02  -7.6451055e-02  -1.1743763e-01   4.2636662e-03   1.9005409e-03   6.1924547e-05
   2.9242970e-02  -1.3244560e-01  -1.1741237e-01   5.7717367e-03   2.0519089e-03   2.5727504e-04
   3.6845346e-02  -3.9450793e-02  -8.1672461e-02   4.9754437e-03   2.0173034e-03   1.5635864e-04
   2.9465414e-02  -9.7525634e-02  -1.1184182e-01   5.9403599e-03   1.7432370e-03  -6.3792515e-06
   3.6183205e-02  -2.7402314e-02   1.1473637e-02   4.7020504e-03   1.1671787e-03   8.5112445e-05
   3.2512944e-02  -6.8038072e-02  -2.4546007e-02   5.8682002e-03   1.5388941e-03  -1.1826812e-04
   3.2275727e-02  -5.1618285e-02   2.1684046e-03   5.5635982e-03   1.7235710e-03  -1.4300965e-04
   3.7579641e-02  -7.1655590e-02  -4.2962335e-02   6.8150598e-03   1.2836787e-03  -2.3714063e-04
   4.3907588e-02  -2.3776312e-02   1.1274315e-02   5.2418197e-03   1.0228794e-03  -9.6013216e-05
   2.7043076e-02  -1.0770137e-01   2.8084604e-02   6.4978181e-03   1.4976094e-03  -4.7380438e-04
   4.0461153e-02  -5.6330160e-02  -2.3453407e-02   5.3022762e-03   1.1008358e-03  -6.1717175e-04
   3.2423582e-02  -4.5688524e-02   3.8786693e-02   5.2366056e-03   1.7320873e-03  -2.8283158e-04
   3.2161254e-02  -8.2992325e-02  -4.0184199e-03   6.1466858e-03   1.6625960e-03  -3.8572509e-04
   3.2705168e-02  -5.6131955e-02   2.1315710e-02   5.7970924e-03   1.5781655e-03  -2.5227248e-04
   2.7711204e-02  -9.9875710e-02   1.2638122e-02   6.0343153e-03   1.7288980e-03  -2.3772224e-04
   2.2556020e-02  -9.7079443e-02  -2.1410842e-02   6.8917294e-03   1.8007416e-03  -1.3889375e-04
   1.9409785e-02  -1.1002929e-01  -5.9355639e-03   7.0872522e-03   1.3881916e-03  -7.1267161e-04
   1.9894308e-02  -8.3851738e-02   9.0114484e-04   6.8888052e-03   1.4145201e-03  -5.4764342e-04
   7.5861056e-03  -1.4218625e-01   1.3212400e-02   7.7311491e-03   1.8395251e-03  -6.8989586e-04
   2.2422288e-02  -9.1304329e-02   3.0480004e-02   7.2936438e-03   1.7432047e-03  -6.9774056e-04
   2.0682196e-02  -1.2731046e-01   3.0761100e-02   7.3752400e-03   1.7866008e-03  -7.1243293e-04
   3.0568862e-02  -8.0810603e-02   1.1055788e-02   6.7438817e-03   1.6249402e-03  -6.0191946e-04
   1.8876036e-02  -1.2352670e-01   1.8801551e-03   7.2320162e-03   1.5371422e-03  -1.1137123e-03
   2.1273560e-02  -7.5421711e-02   1.1521269e-03   7.2971500e-03   1.7513897e-03  -8.7592278e-04
   2.7296839e-02  -6.0230167e-02   1.2617641e-02   6.3817683e-03   1.7931035e-03  -7.3607770e-04
   2.2639674e-02  -1.5865656e-01   3.1679206e-02   7.4513468e-03   2.0144225e-03  -8.3979326e-04
   3.1840026e-02  -8.6255024e-02   5.6265336e-03   6.9522898e-03   1.8692364e-03  -5.2071809e-04
   1.8115472e-02  -1.2590344e-01  -3.2792777e-02   7.2694452e-03   1.4829571e-03  -2.4696620e-04
  -9.1788195e-02  -1.9779067e-01  -3.1341765e-02   5.7951205e-03   4.1633298e-04   1.9728843e-03
   1.9796877e-02  -1.9568470e-01  -7.8553061e-02   5.3833589e-03   1.1731849e-03   7.5233637e-04
   2.7133692e-02  -1.2314042e-01  -4.2739427e-02   5.0216869e-03   1.5992327e-03   6.0517850e-04
   3.6860410e-02  -1.2277003e-01   3.7945971e-02   6.0962260e-03   1.9263608e-03  -3.6858067e-04
   4.5518637e-02  -4.5262103e-02   1.5936919e-02   5.6272848e-03   1.5152389e-03  -4.3040114e-04
   2.8804414e-02  -7.9296668e-02   4.2618337e-04   6.4474359e-03   1.2840328e-03  -8.5140959e-04
   2.8949154e-02  -2.7845685e-02   1.0641324e-02   5.5644601e-03   1.6443677e-03  -7.8745726e-04
   3.1136746e-02  -8.2189570e-02  -3.4966906e-02   6.6375988e-03   1.7417580e-03  -8.1184418e-04
   3.9415910e-02  -9.3543703e-02   4.3249915e-02   6.6811229e-03   1.7133423e-03  -9.6959701e-04
   4.6009328e-02  -8.0263001e-02   3.3521552e-02   6.2592441e-03   1.7003391e-03  -9.3882064e-04
  -6.5609659e-02  -2.2245145e-01   9.0403790e-02   6.1201102e-03   2.4885826e-04   1.4522526e-03
  -2.2878020e-01  -3.1729379e-01   4.5006782e-01  -7.1215066e-04  -4.7439028e-04   5.4569331e-03
  -4.3233823e-02  -2.1755835e-02   2.2439965e-01   6.4522821e-04   1.6142625e-03   1.9243071e-03
  -6.1046057e-03  -8.7757656e-03   2.4022817e-01   4.9398285e-03   1.2099454e-03   9.3859548e-04
  -1.5696507e-02  -8.4563463e-03   2.4215815e-01   5.4127524e-03   8.7625984e-04   5.5191752e-04
  -1.6796503e-02  -6.6791816e-02   2.4820112e-01   6.5419805e-03   1.0986618e-03   2.8065922e-04
   1.9527550e-02   4.8509746e-02   1.5091196e-01   4.2330461e-03   8.1003287e-04  -7.3788006e-05
   2.6912211e-03   1.0340277e-03  -2.7930570e-02   5.9343718e-03   7.5159035e-04  -1.8847701e-04
  -3.3117499e-02  -1.4890671e-01   1.8118745e-01   8.9018944e-03   7.3816473e-04  -1.1272140e-03
  -3.1798886e-02  -5.8511949e-02   2.1556167e-01   7.9417119e-03   1.1471422e-03  -1.5518417e-03
  -3.1405351e-02  -5.2738716e-02   2.3765187e-01   7.7819625e-03   1.3944061e-03  -1.6871629e-03
  -2.9699378e-02  -5.7422027e-02   2.1290130e-01   7.6796702e-03   1.0879096e-03  -1.4431961e-03
  -3.7602842e-02  -5.9398600e-02   2.2223408e-01   8.2874866e-03   1.0860582e-03  -1.6392948e-03
  -4.3476567e-02  -2.6762359e-02   2.5198335e-01   7.8395646e-03   8.9516734e-04  -1.8763626e-03
  -5.9752583e-02  -5.1397932e-02   3.2925925e-01   7.3188210e-03   7.4588708e-04  -1.9349791e-03
  -7.5632719e-02  -6.2616348e-02   4.1466335e-01   4.7857020e-03  -2.0246986e-04  -2.5087204e-03
  -2.7569201e-02  -1.3589563e-01   4.7552780e-01   6.5421257e-03  -1.3594939e-03  -2.3391524e-03
   5.7125087e-02  -6.9686130e-02   2.3026644e-01   6.5021838e-03  -1.0702135e-03  -2.4973733e-03
   5.7727425e-02  -4.9205475e-02   2.7772195e-01   6.4596896e-03  -9.3490846e-04  -2.5216222e-03
   7.8327262e-02  -5.5156667e-02   2.7594811e-01   6.1896812e-03  -6.3036624e-04  -2.2403682e-03
   7.2395913e-02  -1.2841699e-02   2.5574596e-01   5.6683980e-03  -3.3511522e-04  -2.1916203e-03
   6.0414123e-02   2.8435336e-02   2.2350329e-01   4.8874482e-03  -6.2935129e-04  -2.6120260e-03
   5.6238132e-02   7.7529767e-03   1.5506159e-01   5.3481812e-03  -6.1775336e-04  -2.5257407e-03
   6.5295610e-02   1.5684036e-02   2.1322264e-01   4.9040371e-03  -4.8359445e-04  -2.6551674e-03
   1.0440083e-01  -1.9202434e-05   1.3349907e-02   3.5032708e-03  -3.2206218e-04  -3.7957757e-03
   7.6122964e-02  -5.9695740e-02  -3.3951841e-02  -8.6590903e-04   1.7958974e-03  -6.8474767e-04
   6.7863768e-02   3.8608000e-03   3.2123904e-01   2.3408808e-03   1.2824291e-03   5.5137806e-04
   8.2976541e-02   6.8611879e-02   2.5406804e-01   4.2164361e-03   1.4463095e-03  -8.1924913e-04
   7.9968928e-02   1.0940724e-01   2.5319898e-01   3.3196188e-03   1.2520726e-03  -1.0370444e-03
  -1.2029139e-01  -1.3073990e-02   3.7204424e-01   3.6223296e-03   1.6642348e-03   7.8335130e-04
  -1.1667374e-02   4.8350274e-02   3.0884725e-01   9.7615582e-04   3.1134078e-03   1.8402501e-03
   5.4109958e-02   8.5720870e-02   3.1988228e-01   1.4667042e-03   3.7798523e-03   3.0258374e-04
   6.1497833e-02   1.2525406e-01   2.8100207e-01   1.1630936e-03   3.7906993e-03  -5.4178392e-04
   6.6484378e-02   8.6968731e-02   3.1461710e-01   3.8053846e-04   3.9596528e-03  -1.1210126e-03
   6.4430741e-02   1.2753130e-01   3.3301542e-01  -2.6427403e-04   4.2042914e-03  -1.7427695e-03
   6.3522084e-02   1.2038643e-01   3.3809698e-01  -3.0739446e-04   4.0567341e-03  -1.7919509e-03
   7.2445219e-02   8.7381850e-02   3.0952347e-01   9.0704110e-04   3.3908200e-03  -1.8379009e-03
   5.6791793e-02   1.0157517e-01   3.0767000e-01   1.0167864e-03   3.2927073e-03  -2.5727574e-03
   6.6329804e-02   1.4996429e-01   2.5291032e-01   2.8472337e-04   3.3531790e-03  -2.1281460e-03
   6.3127438e-02   8.6951812e-02   2.6729059e-01   7.2823311e-04   3.4548040e-03  -2.2697792e-03
   6.5043335e-02   1.0822600e-01   2.6279825e-01   6.3593479e-04   3.3449201e-03  -2.1800018e-03
   6.5358359e-02   1.1306521e-01   2.7329777e-01   8.8624284e-04   3.1476199e-03  -2.0414482e-03
   6.9181561e-02   1.3828318e-01   2.3774672e-01   3.7082117e-04   3.2502475e-03  -2.0698939e-03
   6.9463705e-02   8.4477574e-02   2.3333059e-01   1.4116871e-03   3.2584275e-03  -1.7263559e-03
   8.5798940e-02   9.9935796e-02   2.3519351e-01   2.4572547e-03   1.9248577e-03  -1.2727980e-04
