   0.0000000e+00   0.0000000e+00   0.0000000e+00   6.9388939e-18  -4.8148249e-35  -6.9388939e-18
   5.4441903e-03   2.3391197e-03   2.7795213e-02   2.6235793e-04   1.0190476e-04   1.1894836e-04
   9.4921847e-03   4.0738336e-02   6.5527101e-02  -7.9474076e-06  -3.6935429e-04   6.2823494e-04
   1.1868212e-02  -8.9470691e-03   6.2378896e-02   1.2489172e-03  -4.2683948e-04   8.1476454e-04
   1.9753397e-02  -2.1943459e-02   1.7919965e-01   1.6238257e-03  -1.3867833e-03   1.8472823e-03
   6.3570435e-02   1.6824342e-02   6.4095278e-02   6.7339109e-04  -1.6009285e-03   1.0237851e-03
   4.6913365e-02   2.5002596e-02   6.2356802e-02   2.0187246e-03  -2.0218195e-03   9.7626818e-04
   5.7496123e-02   7.3852227e-02   6.3757267e-02   4.3959182e-04  -2.0605864e-03   5.5644757e-04
   4.2644087e-02   2.6486834e-02   7.7216780e-02   4.8727764e-04  -2.0516138e-03   1.0855676e-06
   4.3493328e-02   1.8101919e-02   1.0263936e-01   1.0175673e-03  -1.8397768e-03  -7.8595932e-05
   4.4212124e-02   1.3366167e-02   1.3278895e-01   1.7564165e-03  -1.6725499e-03   3.9244998e-05
   5.4095150e-02   2.4023354e-02   1.1304930e-01   2.3480267e-03  -1.8579503e-03   2.3665185e-04
   5.8678554e-02   5.2277886e-02   7.2910442e-02   4.3498131e-04  -2.0891716e-03   1.3280689e-04
   2.6335226e-02   3.4484220e-02   1.4555285e-01   1.0698029e-03  -1.1534587e-03  -2.3261284e-04
   4.1742276e-02   2.9172773e-02   1.6320681e-01   3.9092276e-04  -1.0787290e-03  -6.6376144e-05
   5.3926163e-02  -3.1433278e-02   1.3258492e-01   5.7509684e-04  -2.0688697e-03   1.1126150e-03
   7.3780594e-02  -5.8010816e-02   4.5176368e-03   1.6204997e-03  -2.4600396e-03   8.1132548e-04
   8.4656962e-02   2.5637187e-02   3.3400696e-02   1.4197949e-03  -2.6088244e-03   1.7669786e-04
   7.1958108e-02   2.6198491e-03   1.6190847e-02   9.6779681e-04  -2.4195408e-03   1.9441267e-04
   7.4807634e-02   1.2978881e-02   4.3192204e-02   6.2562291e-04  -2.6291460e-03   5.6622665e-04
   8.2467936e-02   8.2938190e-03   5.9392504e-02   5.1330256e-04  -2.3884145e-03   1.8831360e-04
   6.1598499e-02  -4.1666905e-03   4.4033292e-02   2.0576446e-03  -1.7630086e-03  -1.7183052e-04
   4.0402082e-02   5.4291107e-02   1.0489026e-01   1.0833112e-03  -1.0563017e-03   3.8767783e-04
   6.4541361e-02  -3.5298517e-03   8.8101672e-02   1.8688897e-03  -1.5530960e-03   8.9880243e-04
   7.4895817e-02   2.6090555e-03   1.0888666e-01   6.7127672e-04  -1.7963299e-03   1.3696028e-03
   8.3910176e-02   4.3633530e-04   1.1283855e-01   1.1531861e-03  -2.2918636e-03   7.9242907e-04
   8.6678934e-02   3.6062504e-02   5.4652118e-02   5.5990291e-04  -2.5132598e-03   1.2159299e-03
   8.4750556e-02   6.3844866e-02   2.1747595e-02   1.0203036e-03  -2.5874547e-03   1.0460795e-03
   1.0189912e-01   7.8772292e-02  -5.2564371e-03  -6.9274932e-04  -2.6650562e-03   6.4484806e-04
   7.5660275e-02   2.5816642e-02  -2.5238532e-02   3.8354723e-04  -2.3926420e-03   7.5846858e-04
   9.3228669e-02   5.2860532e-02   3.3767390e-02   7.0752998e-04  -2.3669799e-03   7.7407736e-04
   9.1331828e-02   1.9277851e-02  -2.7471687e-03   8.8186943e-04  -2.4103537e-03   7.4314124e-04
   7.2346609e-02   3.1176013e-02  -1.6006120e-02   1.1809100e-03  -2.5308364e-03  -8.6779245e-05
   6.3574037e-02   2.2791393e-02   6.5418402e-04   1.4435975e-03  -2.2364034e-03  -2.5085278e-05
   4.9950856e-02   1.8910939e-02   5.0249370e-02   1.7245756e-03  -1.8877978e-03  -7.8598378e-05
   4.8782646e-02   8.6257329e-02   5.2332757e-02   1.0564810e-03  -1.7172019e-03   2.6130327e-04
   5.7439977e-02   3.0009157e-02   8.3624300e-02   3.9198950e-04  -2.3242667e-03   4.7758140e-04
   3.3588524e-02   6.0757246e-02   2.9009646e-02  -1.1907310e-03  -1.7626625e-03  -8.4016678e-04
   4.1818956e-02   1.2684728e-01   1.1552505e-01  -9.6538923e-04  -1.5461457e-03   3.0298894e-05
   5.0455050e-02   1.1238266e-01   3.6887888e-02  -1.8062266e-03  -1.9605692e-03   5.1468623e-04
   3.0714001e-02   8.0003886e-02   1.3483242e-01  -1.6570442e-03  -2.0565423e-03  -1.5190950e-04
   3.7939051e-02   8.6656239e-02   1.4207154e-01  -7.6252367e-04  -2.3574512e-03   1.8829097e-04
   5.7014491e-02   7.7693026e-02   1.7589315e-01  -3.6148759e-04  -2.2893462e-03   9.9580932e-04
   1.4310461e-02   6.9908233e-02   1.6519913e-01  -1.4882614e-03  -2.3836385e-03   1.7026252e-04
   3.1114437e-02   1.0207683e-01   1.4913215e-01  -1.0394478e-03  -2.5986661e-03   2.4946840e-04
   3.2282814e-02   8.8535304e-02   1.7265617e-01  -8.1418600e-04  -2.7247647e-03   4.8559579e-04
   4.2507078e-02   1.5398369e-01   1.0924871e-01  -2.0503637e-03  -2.6205082e-03   4.4072899e-04
   2.4169210e-02   6.2207246e-02   1.0395559e-01  -7.0959625e-04  -2.0982275e-03  -4.2482553e-04
   2.3163513e-02   3.9535500e-02   1.6220761e-01   2.5150124e-04  -1.8906461e-03  -3.6083456e-04
   5.1157667e-02   6.3468892e-02   1.4402879e-01   9.5998733e-04  -2.3330291e-03   5.2842920e-04
   5.1387575e-02   3.8610728e-02   1.4671102e-01   1.3292104e-03  -1.7773822e-03   1.1791841e-03
   4.6252170e-02   5.5372038e-03   1.5371877e-02   1.0337389e-03  -2.0393982e-03   1.6096584e-03
   3.3045811e-02   7.4645014e-02   6.5216898e-02  -4.7408620e-05  -3.1597226e-03   7.2510547e-04
   5.0798294e-02   9.0223429e-02   6.4717371e-02   1.5787101e-05  -3.2229829e-03   4.8553121e-04
   4.9581688e-02   7.3740134e-02   7.4007073e-02  -8.3829714e-05  -3.2712998e-03   4.7090328e-04
   3.6432682e-02   5.5165520e-02   9.6194722e-02   3.8321932e-04  -2.8653978e-03   3.2807838e-04
   4.6846459e-02   1.0489925e-01   6.7944121e-02  -2.2853865e-04  -2.8075712e-03   4.5810790e-04
   4.8191593e-02   9.3803928e-02   1.0817255e-01  -4.2409379e-04  -2.7236724e-03   3.2248626e-04
   5.4597585e-02   6.8885190e-02   1.8539162e-01   8.1392230e-04  -2.1967052e-03   1.1485076e-03
   6.3744368e-02   8.4530465e-02   1.3003107e-01  -7.6394923e-04  -3.3329323e-03   1.6648200e-03
   5.2561540e-02   1.1363860e-01   8.5338884e-02  -1.4096725e-03  -3.4906977e-03   4.6218127e-04
   4.6556279e-02   9.3383292e-02   1.5970160e-02  -3.6132315e-04  -3.0602660e-03   2.7607123e-04
   5.1055547e-02   9.2917910e-02   9.5254694e-02  -2.7991374e-04  -2.8842832e-03   1.2713152e-04
   4.2730315e-02   5.7339712e-02   1.0366154e-01   1.2421577e-05  -2.6097602e-03  -2.9715876e-05
   4.4722162e-02   7.1024160e-02   9.1381287e-02   6.1946063e-04  -2.9133449e-03   9.1902773e-05
   4.0988177e-02   6.2786513e-02   1.2627825e-01  -2.2467382e-04  -2.8402856e-03  -2.1218195e-04
   4.4909158e-02   9.4659173e-02   1.0414092e-01  -6.2400412e-04  -2.8365399e-03  -1.3817740e-04
   4.6231618e-02   5.5936366e-02   6.9523886e-02  -2.2580739e-04  -2.7332345e-03   5.6349494e-05
   6.0634963e-02   7.6901930e-02   8.9393381e-02  -4.0980582e-04  -2.9599576e-03  -3.1876852e-05
   7.8149914e-02   1.3297776e-01   5.5961638e-02  -1.2639875e-03  -3.0960722e-03  -2.1986521e-04
   7.5259559e-02   8.6535828e-02  -9.4000847e-02   6.3893218e-04  -3.0397977e-03   3.5637031e-04
   2.4470034e-02  -2.7155668e-02   3.0500982e-02   1.1640298e-03  -2.1114592e-03  -2.0681809e-04
   4.5480048e-02   6.8140507e-02   7.2119093e-02   1.0307713e-03  -1.0213915e-03   5.0593810e-04
   3.6424087e-02   7.1060160e-03   8.5550118e-02   7.5106126e-04  -7.5361703e-04   2.9152217e-04
   2.1123595e-02   4.6678720e-02   5.9421214e-02   7.0899982e-04  -7.0969484e-04   6.1868466e-04
   2.9470023e-02   3.5256958e-02   4.3763463e-02   1.3965772e-03  -1.0098094e-03   4.0926593e-04
   8.5754509e-03   4.1842285e-03   9.4500330e-02   1.1296073e-03  -1.0407671e-03   2.2240175e-04
   5.7061039e-03   2.1093514e-02   1.5503109e-01   8.5845376e-04  -7.6406098e-04  -9.9257107e-05
   1.4912490e-02   6.1551413e-02   1.1915835e-01  -2.9758165e-04  -1.0552749e-03   1.5350914e-04
   1.6133332e-02   1.4194382e-02   1.3531656e-01   1.0968155e-04  -6.6779299e-04  -4.3861902e-04
   7.1228076e-03   4.4941694e-02   3.8876520e-02   1.3287605e-03  -9.8654854e-04   1.1191107e-04
   5.2578121e-03   3.7647424e-02   9.0053150e-02   3.9252602e-04  -1.1728923e-03   1.8243453e-04
   1.6080428e-02   5.4022630e-02   8.7726559e-02   1.5001994e-04  -9.8530632e-04   6.7436085e-05
   1.8849494e-02   4.9414464e-02   5.0461096e-02   1.3257175e-03  -1.0788383e-03   3.2122460e-04
   2.7465422e-02   6.7644270e-02   8.7233040e-02  -1.1013048e-04  -1.3793841e-03   3.4177566e-04
   1.9258076e-02   2.0657707e-02   9.4620570e-02   8.3542717e-04  -1.0544161e-03   3.9087879e-04
   2.5058666e-02   2.8423339e-02   9.7506321e-02   9.8836685e-04  -1.1834245e-03   5.8944521e-04
   1.3676970e-02  -1.7114981e-02   1.5697376e-01   1.7145023e-03  -8.0169103e-04   4.4022310e-04
   3.3192660e-02   5.3342319e-02   1.1269197e-01   8.0754807e-04  -1.1195850e-03   6.0228844e-04
   1.9927922e-02  -2.0677526e-03   1.1541361e-01   9.8975931e-04  -9.6034844e-04   3.3706185e-04
   2.5717213e-02   4.3040877e-02   9.6572645e-02   1.4319051e-03  -1.2032238e-03   6.9269909e-04
   3.0873463e-02   3.7380018e-02   1.2732712e-01   5.3562408e-04  -1.1833867e-03   6.0978635e-04
   3.6989264e-02   3.7505347e-02   1.1155509e-01   4.0200263e-04  -1.1356265e-03   6.2359209e-04
   3.4717952e-02   3.0623229e-02   1.2243686e-01   8.2142230e-04  -1.1877461e-03   7.0265899e-04
   3.3419177e-02   2.4680990e-02   1.3020246e-01   1.4495245e-03  -1.2495359e-03   7.1040689e-04
   5.3869674e-02   1.2222223e-01   5.0232941e-03  -1.4678607e-04  -1.7271540e-03   9.2070735e-04
   4.5303149e-02   6.2215676e-04  -7.1425674e-03   4.7946614e-04  -1.4296995e-03   1.1227640e-03
   5.3127848e-02   2.3530417e-02   6.8142610e-02   1.6593797e-03  -1.4051731e-03   1.6487530e-03
   4.0629219e-02   1.4662323e-03  -5.2712134e-03   2.0676476e-03  -1.5576232e-03   1.3310987e-03
   2.9131208e-02  -3.7269588e-02   4.9489872e-02   1.7678157e-03  -1.2538021e-03   9.0628507e-04
   3.4941739e-02   3.1087800e-02   3.3854559e-02   1.5952686e-03  -1.6236988e-03   1.0316206e-03
   2.3597788e-02  -1.3208209e-02   6.7049456e-02   2.2204356e-03  -1.6167107e-03   7.5795812e-04
   3.0689390e-02   1.6121908e-02   7.2360190e-02   1.2043417e-03  -1.7143039e-03   9.9890581e-04
   2.5488966e-02   4.4749570e-03   1.0280891e-01   1.3913216e-03  -1.4580767e-03   6.8726515e-04
   2.7055141e-02   3.3178162e-02   5.7332236e-02   1.0905932e-03  -1.3624918e-03   8.5388328e-04
   3.7308519e-02   1.4228659e-02   1.1729159e-01   6.3426740e-04  -1.5357988e-03   1.0045239e-03
   3.7438247e-02   2.8620466e-02   3.9006286e-02   1.3860178e-03  -1.6453504e-03   1.1041289e-03
   3.5251055e-02   7.9393248e-03   7.2709927e-02   1.1401283e-03  -1.4216121e-03   9.6307366e-04
   4.5374543e-02   4.6858762e-02   3.8009756e-02   8.2241994e-04  -1.5929723e-03   9.0852570e-04
   3.5432694e-02   2.6022760e-02   5.3845762e-02   1.1560867e-03  -1.5743257e-03   7.3698360e-04
   4.0201679e-02   8.9675967e-02   4.4717250e-02   3.2845826e-04  -1.5656574e-03   9.7472295e-04
   4.2972578e-02   2.1499370e-03   3.6379406e-02   1.3121312e-03  -1.5723145e-03   1.0470696e-03
   4.1916931e-02   2.4514493e-02   8.4852386e-02   1.0280396e-03  -1.3781799e-03   1.0026137e-03
   4.5542365e-02   4.9474811e-02   5.9157955e-02   5.1377965e-04  -1.4430472e-03   1.0544825e-03
   4.3530963e-02   1.4130522e-02   5.4046971e-02   8.7437808e-04  -1.4220036e-03   1.0322823e-03
   1.4579353e-01   5.4777303e-02   6.3101240e-02   6.7746764e-04  -9.5013779e-04   2.3276060e-03
   1.1083399e-01   5.2030014e-02   9.2162869e-02   5.8710637e-04  -1.3002874e-03   2.1985994e-03
   8.8370838e-02   8.5854662e-02   6.4432576e-02   6.5749917e-04  -1.6478112e-03   1.7715076e-03
   5.2788670e-02   2.2072520e-02   4.7710363e-02   1.6372710e-03  -1.5920714e-03   1.8921189e-03
   4.5604367e-02   2.7544330e-02   1.1335740e-01   1.5769211e-03  -1.5648798e-03   1.6005121e-03
   5.7518418e-02   3.1587406e-02   8.9497025e-02   1.0229272e-03  -1.5749682e-03   1.7151021e-03
   9.9883896e-02   8.3909503e-02   6.4455680e-02  -2.5292762e-04  -1.6699348e-03   2.4099783e-03
   6.4843799e-02  -6.7680839e-03   9.7864041e-02   4.7646195e-04  -1.5288219e-03   1.7969163e-03
   6.5294419e-02   1.2191990e-01   1.2748856e-02   1.2875901e-04  -1.3900268e-03   2.0252607e-03
   4.2638376e-02   7.6815132e-03   4.8789851e-02   4.0458208e-04  -6.9864175e-04   9.2366916e-04
   3.3037640e-02   3.5350753e-02   4.0358324e-02   1.0895604e-03  -1.4844222e-03   9.8848536e-04
   4.7185515e-02   4.1979746e-02   8.3057134e-02   1.2254755e-03  -1.4852697e-03   1.3621276e-03
   4.7564188e-02   9.8309223e-03   7.6322540e-02   1.1761630e-03  -1.1320052e-03   1.3744858e-03
   5.8431527e-02   5.4024660e-02  -1.7126435e-01   3.2993153e-04  -1.5761374e-03   2.0965023e-03
   4.0005470e-02  -7.9505280e-02  -8.0431664e-02   3.5117042e-03  -1.0469166e-03   1.5484762e-03
   4.3394577e-02  -4.6096379e-02  -2.8008633e-02   3.6994957e-03  -9.1560484e-04   1.3179095e-03
   3.9157176e-02  -3.5168279e-02  -3.4149547e-02   3.3129820e-03  -1.0453497e-03   1.2810008e-03
   3.1945220e-02  -1.0550415e-02  -3.0294644e-02   2.9254649e-03  -1.2303018e-03   1.5183568e-03
   2.9304252e-02  -1.5262329e-02  -2.8790170e-02   3.2475215e-03  -1.0300424e-03   1.6460299e-03
   3.9433102e-02   8.2111110e-03  -1.3819094e-02   2.3102950e-03  -9.6892485e-04   1.5412129e-03
   3.9547270e-02  -1.8264486e-02  -2.8388014e-02   2.3389248e-03  -7.7356290e-04   1.6791967e-03
   4.6414943e-02  -3.8171775e-04   2.1950057e-02   1.8570143e-03  -8.0130842e-04   1.7346238e-03
   5.2041622e-02  -1.7912559e-02   1.7308757e-02   2.0214375e-03  -7.3568575e-04   1.5597169e-03
   4.6700177e-02  -1.4455900e-02   2.0811420e-02   1.8326716e-03  -5.0779330e-04   1.3890874e-03
   5.0115191e-02  -8.9248383e-03   4.3049211e-02   2.4299591e-03  -8.4085911e-04   1.6739404e-03
   4.8468965e-02  -1.6304649e-02   2.4496358e-02   2.5298897e-03  -1.0843231e-03   1.3755710e-03
   4.5788927e-02  -2.7959355e-02   2.6415835e-02   2.7488621e-03  -8.5825720e-04   1.4396681e-03
   5.2740623e-02   2.5189348e-02   4.6695678e-03   2.0821351e-03  -8.8361629e-04   1.6606193e-03
   4.8785363e-02  -8.5271074e-03  -3.9399306e-02   3.1528782e-03  -8.9879829e-04   1.8228006e-03
   5.0992453e-02  -9.3431793e-03  -8.5297350e-03   2.3924292e-03  -9.1563273e-04   1.8903174e-03
   4.8705160e-02   2.0744894e-02  -3.3379921e-02   2.1711761e-03  -1.0392883e-03   1.9534233e-03
   4.4659454e-02  -9.4266199e-03  -5.7755963e-02   2.1124533e-03  -7.6523216e-04   1.7079175e-03
   4.3837753e-02  -4.8585289e-02  -8.6891787e-02   2.8744551e-03  -7.9728095e-04   1.9804567e-03
   4.4283244e-02  -4.5634806e-02  -3.6145355e-02   3.2347000e-03  -9.5895458e-04   1.7766036e-03
   4.7201544e-02  -2.6746713e-02  -5.0250145e-02   3.2251220e-03  -8.7924969e-04   1.8157475e-03
   5.0303612e-02  -2.6672785e-02  -6.2398794e-02   3.4425599e-03  -1.1664288e-03   2.2652978e-03
   5.0689734e-02  -3.5838654e-02  -5.4801154e-02   3.2035057e-03  -1.0573297e-03   2.2493151e-03
   4.1023829e-02  -3.2409779e-02  -4.6934415e-02   3.0813464e-03  -7.9454208e-04   1.9503800e-03
   5.2275580e-02   1.9579777e-02  -5.2470712e-02   2.2057960e-03  -9.9805226e-04   1.9719536e-03
   4.7832222e-02  -4.4795635e-02  -4.8755209e-02   3.2948431e-03  -1.1337783e-03   2.0686231e-03
   4.8263779e-02  -1.3171333e-02  -4.4865516e-02   2.1529973e-03  -9.5257111e-04   2.0719098e-03
   5.8350619e-02  -2.5110877e-02  -5.4081637e-02   2.3896438e-03  -9.1578017e-04   2.1794106e-03
   5.7578457e-02  -4.4361643e-02  -5.4540442e-02   2.5566160e-03  -7.8621042e-04   2.1165427e-03
   7.2200214e-02  -1.7510355e-02  -5.5884367e-02   2.7769563e-03  -8.6166843e-04   2.2556411e-03
   4.2757820e-02  -3.3876021e-02  -5.4684604e-02   3.2172128e-03  -6.2968065e-04   2.0308549e-03
   5.9716738e-02  -3.2176958e-02  -3.4318666e-02   2.9474812e-03  -7.5856868e-04   2.1441413e-03
   5.8474046e-02  -2.5594977e-02  -3.2757747e-02   2.7744889e-03  -6.8966723e-04   2.0082253e-03
   6.2806374e-02  -3.5454671e-02  -4.6414399e-02   3.0395291e-03  -5.6763429e-04   1.8874535e-03
   7.0040798e-02  -4.8934002e-02  -4.7538333e-02   3.2473899e-03  -5.6259859e-04   1.8561750e-03
   6.3977752e-02  -1.9030706e-02  -6.3337197e-02   3.1445104e-03  -8.5605943e-04   1.7340448e-03
   7.8801922e-02   3.5411158e-02  -1.3440211e-01   2.9734494e-03  -1.3932478e-03   1.8652517e-03
   2.9804569e-02  -7.3836017e-02  -5.3395869e-02   3.8552806e-03  -1.3540074e-03   1.6417801e-03
   5.9587639e-02   7.3090880e-03  -4.8776884e-02   3.0159574e-03  -1.2592855e-03   1.5005986e-03
   5.6859119e-02  -3.9818782e-02  -8.1040646e-02   3.3590114e-03  -1.0657543e-03   1.7188045e-03
   7.0595237e-02   1.3967312e-02  -9.3263500e-02   3.8304727e-03  -1.2678179e-03   1.7680559e-03
   5.9713222e-02  -5.9882870e-02  -5.4751590e-02   3.4856104e-03  -1.1036500e-03   1.8908456e-03
   6.1649739e-02  -3.8063220e-02  -3.9299430e-02   3.5189339e-03  -1.0436189e-03   1.8410601e-03
   6.5695864e-02  -4.2955024e-02  -4.1772508e-02   3.7798665e-03  -1.0537472e-03   1.9494819e-03
   7.2022898e-02  -5.7137861e-02  -1.7943255e-02   3.4497270e-03  -8.7681949e-04   1.7524292e-03
   7.2953430e-02  -4.9693791e-02  -1.3810821e-02   3.3979045e-03  -6.5506506e-04   1.5411040e-03
   7.0738576e-02  -2.4975918e-02  -2.2363983e-02   2.8515230e-03  -6.8647513e-04   1.4707977e-03
   7.1183884e-02  -7.8298695e-03  -5.3137561e-02   3.1514585e-03  -8.7705126e-04   1.6830914e-03
   8.0758914e-02   1.0793012e-01  -1.8250497e-01   1.5582170e-04  -1.3437347e-03   1.9095806e-03
   2.4906280e-02  -7.5494159e-02  -1.6631908e-01   2.1548045e-03  -6.6411633e-04   1.8382196e-03
   3.3831604e-02  -7.8206583e-03  -7.0753694e-02   2.0667029e-03  -3.6458415e-04   1.3795922e-03
   3.0372108e-02  -6.1172662e-02  -9.9215497e-02   3.1114025e-03  -6.7327411e-04   1.5274597e-03
   2.1704081e-02  -8.3719248e-02  -5.2173696e-02   3.7034975e-03  -4.0560320e-04   1.1523315e-03
   2.9793474e-02  -7.1974815e-02  -6.6083952e-02   3.5661446e-03  -4.4092653e-04   1.0376581e-03
   5.1842709e-02  -8.6448946e-03  -1.6318571e-01   3.1924497e-03  -7.4663251e-04   1.7129314e-03
   4.7850299e-02  -7.2104991e-02  -1.1585186e-01   2.8079565e-03  -9.6552368e-04   1.9781556e-03
   3.8958858e-02  -5.0077650e-02  -1.0583888e-01   3.4653214e-03  -5.4750962e-04   2.0889233e-03
   3.3863839e-02  -5.2646526e-02  -6.2035836e-02   3.3112422e-03  -2.5485946e-04   2.0067145e-03
   6.9048625e-02   3.6359175e-02  -3.4395817e-02   1.5066450e-03   6.9073976e-04   2.3194686e-03
