   0.0000000e+00   0.0000000e+00   0.0000000e+00   0.0000000e+00   0.0000000e+00   0.0000000e+00
   2.3442682e-02   4.9774977e-03   1.4280053e-02  -1.4512488e-04  -3.0373961e-04   3.6084144e-06
   1.5429598e-02   3.2340417e-02   7.1616121e-02  -2.3349653e-04   2.1934492e-05   2.8478185e-04
   4.3786779e-02   3.9866685e-05  -8.5308593e-03  -9.0498234e-04  -3.1685202e-04   2.1559514e-04
   3.9822423e-02   4.0099016e-02   8.1597658e-02  -9.3069970e-04  -3.6440187e-04   4.2246505e-04
   5.0397477e-02  -6.0037859e-02   1.2395581e-02  -4.8272402e-04  -5.8976935e-04   1.2894656e-04
   3.2420358e-02   7.3298728e-02   8.8642030e-02  -1.2666507e-03  -5.6230482e-04   3.0750138e-04
   3.6391944e-02  -7.7456481e-02   2.3930556e-02  -1.9129571e-04  -4.2269718e-04  -1.7302645e-05
   1.0106181e-02   5.5002945e-02   9.3818003e-02  -3.5023587e-04  -7.2233513e-05  -4.2921898e-05
   9.2277121e-03  -1.4373661e-01   2.3447608e-02   1.1515843e-03  -1.8450501e-04  -2.9432315e-04
   4.7476490e-03  -1.5868243e-02   8.4259010e-02   2.3393293e-05  -1.6224234e-04  -1.0200135e-04
   2.4286700e-02  -1.0584576e-01   2.4974528e-02   1.1044614e-03  -3.4491771e-04  -1.2262735e-04
   8.9372191e-03  -1.9347297e-02   8.4987606e-02   7.0276717e-04  -4.1461739e-05   1.3050757e-05
   2.5355800e-02  -7.7455805e-02   1.2951701e-02   6.0206338e-04  -2.9235090e-04  -1.3554911e-05
   1.2935389e-02   6.4811028e-03   8.7441120e-02   4.7531516e-04  -2.1718651e-04   1.5976053e-04
   3.3108559e-02  -7.7333170e-02   1.7935438e-02   6.5154293e-04  -5.0467342e-04   3.0453673e-05
   1.1560236e-02   3.9395220e-02   7.1198447e-02  -2.7222378e-04  -6.2883234e-04   3.4626288e-04
   1.5056023e-02  -6.3903285e-02   2.8696799e-02   7.0223310e-04  -6.6401548e-04   3.5289964e-05
   1.8446507e-02   3.2723921e-02   5.3589007e-02  -1.0024117e-03  -8.2702802e-04   1.0692763e-04
   2.4270052e-02  -4.5063740e-02   3.4607653e-02   7.5350992e-05  -9.3378922e-04  -2.1939212e-04
   2.3036946e-02   1.9547411e-02   5.7308842e-02  -6.6834963e-04  -1.1516296e-03  -8.5051302e-05
   2.2457359e-02  -2.1779118e-02   4.8769952e-02   2.4048293e-05  -1.0273426e-03  -3.2748092e-04
   2.8246356e-02  -2.7673253e-02   3.9939577e-02   3.3123808e-04  -1.0760311e-03  -2.9855444e-04
   8.4264989e-03   2.0120679e-02   6.4188857e-02  -1.7536652e-04  -9.6408586e-04  -3.6721087e-04
   2.4933534e-02  -3.3296772e-02  -1.1934758e-02  -3.9492639e-05  -1.2564468e-03  -5.6530357e-04
  -3.2287802e-03   3.9724355e-02   6.8055893e-02  -2.4419577e-05  -1.2187443e-03  -4.7794522e-04
   5.8653698e-03  -4.9550822e-02   1.3161614e-03   3.9993568e-04  -1.3433909e-03  -5.7863830e-04
   5.5484592e-03   6.2916533e-02   5.3945602e-02  -2.3947173e-04  -1.4244430e-03  -4.0607208e-04
   5.9193676e-03  -6.5982463e-02   2.2044001e-02   5.0488137e-04  -1.2020982e-03  -6.8604638e-04
   1.4219099e-02   3.9839393e-02   4.3459258e-02  -5.3866531e-04  -1.3707053e-03  -4.1370081e-04
   3.5642589e-02  -6.7125338e-02   2.1071085e-02   8.1080136e-04  -1.4952978e-03  -7.8931779e-04
   2.1430672e-02   1.3810395e-02   5.2992672e-02   1.9539453e-04  -1.2850429e-03  -6.6169355e-04
   2.2855823e-02  -4.0833889e-02   1.4748439e-02   6.5353171e-04  -1.3376768e-03  -5.8528395e-04
   2.7523073e-02  -2.1895595e-02   3.2406026e-02   6.8725973e-04  -1.4773227e-03  -3.9463265e-04
   8.2083389e-03  -3.8874730e-02   4.6710820e-02   1.2525700e-03  -9.9779524e-04  -4.9428008e-04
   1.6387942e-02  -3.7096283e-02  -1.2995332e-02   9.0038884e-04  -1.3829885e-03  -6.1666098e-04
  -4.0708588e-03   2.5878815e-02   6.8584550e-02   7.3265198e-04  -1.1505050e-03  -4.1055009e-04
   6.0214280e-03  -4.7414535e-02   3.6151523e-02   9.4280714e-04  -1.4114502e-03  -7.4771192e-04
  -2.2199705e-02   6.4409364e-02   8.1435276e-02  -1.3013550e-04  -1.2392950e-03  -5.5654007e-04
  -3.0218412e-02  -3.5786141e-02   5.5955974e-02   6.4495135e-04  -1.1444078e-03  -6.3383782e-04
  -2.3163964e-02   1.7649574e-02   7.6275871e-02   3.7759728e-05  -1.3868599e-03  -6.9668315e-04
  -2.8725172e-02   6.8845444e-03   6.5803478e-02   6.6603556e-04  -1.2039234e-03  -8.9331767e-04
  -1.1566360e-02  -3.4364519e-02   4.0230985e-02   1.0643262e-03  -1.3756191e-03  -9.2703024e-04
  -3.9932102e-02   5.3513971e-02   9.8502698e-02   3.0086698e-04  -1.1189697e-03  -7.7592171e-04
  -4.2399965e-03  -4.0125410e-02   6.6284056e-03   8.9404237e-04  -1.3700133e-03  -9.2619220e-04
  -3.6538820e-02   5.6098043e-02   8.9801071e-02   4.4578907e-04  -1.2749402e-03  -6.5666111e-04
  -1.4704351e-02  -5.8680961e-02   3.5664053e-02   1.1635071e-03  -1.4870016e-03  -1.0741247e-03
  -3.7366258e-02   5.8943173e-02   7.4292220e-02  -1.2975889e-04  -1.5002453e-03  -7.4825393e-04
  -1.9489017e-02  -4.4454006e-02   4.0263900e-02   8.6543426e-04  -1.6203358e-03  -1.0300791e-03
  -3.8711508e-02   2.8821406e-02   7.8983067e-02   2.7534604e-04  -1.4431486e-03  -8.3282130e-04
  -3.9227055e-02  -5.2124193e-03   7.1130613e-02   9.7114835e-04  -1.4098088e-03  -9.3542749e-04
  -4.3492398e-02   3.3215692e-02   4.2970307e-02   2.0768572e-04  -1.5632663e-03  -1.0608328e-03
  -3.4849804e-02   9.9130051e-03   8.0361467e-02   1.0922324e-03  -1.4852281e-03  -9.3024730e-04
  -2.3258941e-02  -2.0192832e-03   4.3269871e-02   6.9544083e-04  -1.7604560e-03  -9.5079816e-04
  -3.4014574e-02   5.0617282e-02   1.1439589e-01   2.5884887e-04  -1.6015686e-03  -7.3515429e-04
  -2.3720410e-02  -1.4768905e-02   8.1844831e-02   4.0078380e-04  -2.0474843e-03  -9.9722819e-04
  -4.5818546e-02   9.3266551e-02   1.6546301e-01  -9.5267206e-04  -1.9937595e-03  -7.2842089e-04
  -3.9358337e-02   2.9082166e-02   8.5191911e-02  -6.7161635e-04  -2.5050422e-03  -1.0067239e-03
  -3.9657814e-02   1.3108290e-01   1.3540634e-01  -8.4559205e-04  -2.2230336e-03  -6.2758084e-04
  -4.3808394e-02   1.3419045e-02   8.4350427e-02  -6.3413796e-05  -2.0878457e-03  -9.1352798e-04
  -5.0928373e-02   1.2975426e-01   1.4059119e-01  -8.1781529e-04  -2.0431472e-03  -5.1047570e-04
  -5.0905981e-02   3.2926090e-02   8.3546820e-02   1.1882979e-04  -2.2856957e-03  -7.4442489e-04
  -5.0628371e-02   1.0900410e-01   1.7165289e-01  -3.8671333e-04  -2.2427475e-03  -3.9551396e-04
  -5.4280198e-02   4.0320488e-02   1.1333692e-01  -1.2856104e-04  -2.2803517e-03  -6.1651454e-04
  -6.3786930e-02   1.0748988e-01   2.0374734e-01  -6.0472181e-04  -2.1596196e-03  -4.6773542e-04
  -5.6141823e-02   3.9047573e-02   1.2204756e-01  -6.6805207e-04  -2.4108089e-03  -6.6066341e-04
  -5.4628038e-02   1.3058880e-01   1.9072387e-01  -1.0684181e-03  -2.4182747e-03  -3.3818581e-04
  -4.3604546e-02   6.1409668e-02   1.5861982e-01  -9.8533442e-04  -2.5977002e-03  -7.8944073e-04
  -3.1634798e-02   1.8388568e-01   2.3670955e-01  -2.4712818e-03  -3.2124480e-03  -5.8760107e-04
  -2.9648387e-02   1.4433154e-01   2.3141436e-01  -2.5337386e-03  -3.4525810e-03  -8.1661055e-04
  -3.1109001e-02   2.0784077e-01   2.1823556e-01  -3.8673068e-03  -3.5168926e-03  -5.8294207e-04
  -2.9035827e-02   2.0970675e-01   2.4311182e-01  -3.8984100e-03  -3.5496377e-03  -5.3218518e-04
  -4.2301164e-02   1.1575415e-01   1.8654301e-01  -2.1635319e-03  -3.6440079e-03  -8.8251741e-04
  -4.7560124e-02   2.4774300e-01   2.5132164e-01  -2.3085012e-03  -3.9463224e-03  -2.3328259e-04
  -4.7475604e-02   5.8279553e-02   2.0104621e-01  -7.9277235e-04  -3.8478608e-03  -9.3538423e-04
  -5.7696696e-02   2.0243702e-01   2.9941824e-01  -2.0782138e-03  -3.8555264e-03  -4.1583840e-04
  -5.6306732e-02   8.3434822e-02   2.5938741e-01  -6.5825763e-04  -3.8823153e-03  -7.0897988e-04
  -7.1101983e-02   1.1680701e-01   2.5069894e-01  -8.9410719e-04  -3.7825278e-03  -7.7294645e-04
  -7.7486088e-02   1.6203980e-01   3.0332607e-01  -1.5020445e-03  -3.7231645e-03  -5.4353615e-04
  -7.2376666e-02   1.2410865e-01   2.3161726e-01  -1.1388917e-03  -3.8503979e-03  -5.7656794e-04
  -6.9439996e-02   1.8026568e-01   3.0890087e-01  -9.1462242e-04  -3.9550357e-03  -4.4018901e-04
  -6.7906732e-02   1.0277596e-01   2.4682646e-01  -7.3371167e-04  -3.8598566e-03  -9.5449681e-04
  -7.8347130e-02   1.9349077e-01   3.2083082e-01  -1.9241576e-03  -3.8627552e-03  -4.0890319e-04
  -5.5172795e-02   9.4421730e-02   2.6036473e-01  -1.3458214e-03  -4.0335244e-03  -9.3723305e-04
  -5.8007908e-02   1.6578840e-01   3.0412540e-01  -1.7175721e-03  -4.0181781e-03  -6.2174820e-04
  -5.5706953e-02   1.3720306e-01   2.8640374e-01  -1.2354715e-03  -4.0323851e-03  -7.1435211e-04
  -3.3713831e-02   1.2422693e-01   2.1549169e-01  -1.1012350e-03  -4.2034332e-03  -8.4422514e-04
  -2.8979975e-02   1.7672773e-01   3.1507921e-01  -1.2018844e-03  -4.2665809e-03  -3.8422061e-04
  -3.5453503e-02   9.8866359e-02   2.5287895e-01  -1.1568503e-03  -4.1060759e-03  -6.9618224e-04
  -4.8231911e-02   1.9200326e-01   2.9870621e-01  -2.5749561e-03  -3.9929710e-03  -2.1309394e-04
  -3.3193876e-02   8.9456899e-02   2.7527721e-01  -6.1860056e-04  -4.2880331e-03  -5.3593163e-04
  -5.4164634e-02   1.9595531e-01   3.1741851e-01  -1.7996064e-03  -4.0976817e-03  -3.3158168e-04
  -5.2698098e-02   1.6586293e-01   3.1184567e-01  -1.6621595e-03  -4.4521571e-03  -5.7181478e-04
  -6.7356628e-02   1.9605686e-01   3.6557147e-01  -2.1808379e-03  -4.4478694e-03  -4.4296065e-04
  -7.3275261e-02   1.4203921e-01   3.5276948e-01  -1.2526645e-03  -4.1844008e-03  -3.2917666e-04
  -7.6983535e-02   1.9803815e-01   3.0782256e-01  -2.3048375e-03  -4.0755099e-03  -1.8372432e-04
  -6.3463279e-02   2.3279778e-01   3.9117785e-01  -2.6453366e-03  -4.4259232e-03  -2.8897236e-04
  -5.5924016e-02   1.6225849e-01   2.9456715e-01  -2.3048596e-03  -4.3437012e-03  -5.7597611e-04
  -5.5721980e-02   2.6609174e-01   3.5545009e-01  -3.0770013e-03  -4.2566470e-03  -8.3758766e-05
  -5.9214002e-02   1.5288360e-01   3.2039842e-01  -2.0208759e-03  -4.1932558e-03  -4.9168566e-04
  -5.6294837e-02   2.5680256e-01   3.5394123e-01  -3.4588953e-03  -4.3395189e-03  -2.1919182e-04
  -4.6604496e-02   2.5240911e-01   3.9614525e-01  -3.5558736e-03  -4.6242827e-03  -1.5798854e-04
  -6.5170851e-02   2.4038178e-01   3.5033582e-01  -3.6849421e-03  -4.3468572e-03  -2.0795944e-04
  -5.1269536e-02   2.6526933e-01   4.2379924e-01  -3.6261076e-03  -4.5844362e-03  -2.3656344e-04
  -7.2206738e-02   1.8380919e-01   3.4542002e-01  -3.4542621e-03  -4.3428985e-03  -3.7491197e-04
  -7.8108027e-02   3.0972884e-01   4.2260711e-01  -4.1873012e-03  -4.3088165e-03   1.4824165e-04
  -7.7411782e-02   1.6591839e-01   3.3002866e-01  -2.1436990e-03  -4.5268517e-03  -2.9371131e-04
  -8.6089668e-02   2.6610312e-01   4.1667564e-01  -2.4265746e-03  -4.5029829e-03   2.1880500e-05
  -9.0119807e-02   2.1068958e-01   3.5877368e-01  -2.1745916e-03  -4.4707701e-03  -1.3610052e-04
  -8.5285609e-02   2.3436644e-01   4.3909601e-01  -2.2671781e-03  -4.4674786e-03   7.4276577e-05
  -1.0690206e-01   1.7441454e-01   3.4655965e-01  -2.0394130e-03  -4.2133337e-03  -1.3519880e-04
  -8.4942457e-02   2.5427556e-01   4.3649164e-01  -2.3951369e-03  -4.4819180e-03   7.8901228e-05
  -1.0015266e-01   1.5049140e-01   3.5799339e-01  -1.7670666e-03  -4.3513700e-03  -2.1417417e-04
  -1.3007576e-01   2.5124916e-01   4.4798170e-01  -1.4066545e-03  -4.7350022e-03   4.4500295e-05
  -1.2077677e-01   8.9364697e-02   3.6309825e-01  -4.0885037e-04  -4.6938918e-03  -1.0975212e-04
  -1.2528491e-01   2.1682940e-01   4.1189270e-01  -1.7019938e-03  -4.6838290e-03   3.7710822e-04
  -1.1487253e-01   1.5954832e-01   3.9296777e-01  -7.0300045e-04  -4.8753790e-03   1.5006108e-04
  -1.2398952e-01   2.0468087e-01   4.0418989e-01  -1.5575495e-03  -4.7289805e-03   4.4732928e-04
  -1.2618706e-01   2.1665744e-01   4.6159677e-01  -1.1951164e-03  -5.3276090e-03   9.5679326e-04
  -1.3413347e-01   2.0674477e-01   4.3353256e-01  -1.3470058e-03  -5.6217820e-03   9.0106047e-04
  -1.2118479e-01   1.4636993e-01   4.3124671e-01  -3.4986440e-04  -5.6662707e-03   5.4370702e-04
  -1.1787947e-01   2.3060610e-01   4.4034732e-01  -1.4391359e-03  -5.9950735e-03   5.0396230e-04
  -1.0672977e-01   1.3105981e-01   4.1556058e-01  -5.9247869e-04  -6.1527125e-03   1.4075216e-04
  -1.2386426e-01   1.9231524e-01   4.3182985e-01  -1.6492699e-03  -6.1235746e-03   3.8255812e-04
  -1.1397614e-01   1.3414333e-01   4.3549644e-01  -6.7396039e-04  -6.2773320e-03  -4.6135402e-05
  -9.7614891e-02   1.5617180e-01   4.2378319e-01  -1.0680618e-03  -5.9936824e-03   1.8106238e-04
  -1.1708359e-01   1.9325183e-01   4.7319643e-01  -1.2245911e-03  -5.9748225e-03   5.9708606e-04
  -1.2258586e-01   1.7659106e-01   4.3342879e-01  -1.2666695e-03  -6.1970876e-03   4.1429324e-04
  -1.3060110e-01   2.2316986e-01   5.0142115e-01  -1.3684120e-03  -6.1740011e-03   5.6756104e-04
  -1.3035454e-01   1.8753504e-01   3.8310556e-01  -1.7870307e-03  -6.0784517e-03   1.2208549e-04
  -1.3298261e-01   2.6177588e-01   4.9235871e-01  -1.9188749e-03  -6.2144003e-03   6.6485968e-04
  -1.4825640e-01   1.7244277e-01   4.4773879e-01  -1.5374946e-03  -6.0336728e-03   2.7229260e-04
  -1.3502167e-01   2.8485472e-01   5.0869081e-01  -2.8644180e-03  -6.3177674e-03   6.9328934e-04
  -1.3333579e-01   2.0303651e-01   4.8740950e-01  -2.0701982e-03  -6.3186102e-03   3.4833627e-04
  -1.8797381e-01   2.9535510e-01   5.7182479e-01  -3.2971969e-03  -6.0860344e-03   4.5777339e-04
  -1.8362623e-01   2.0820373e-01   5.1294126e-01  -1.5771267e-03  -6.4582272e-03  -9.2995001e-06
  -1.8687108e-01   3.0669955e-01   5.7844287e-01  -2.6716367e-03  -6.2366856e-03   4.3342677e-04
  -1.7891756e-01   1.8485036e-01   4.8112092e-01  -1.8751537e-03  -6.3199153e-03   1.3290863e-05
  -1.7065137e-01   3.1626431e-01   5.7018571e-01  -2.3768407e-03  -6.5164648e-03   3.6149393e-04
  -1.8299178e-01   2.0538953e-01   4.8691547e-01  -1.9210024e-03  -6.4186961e-03   2.0067186e-04
  -1.6458677e-01   2.9371351e-01   5.6253189e-01  -2.3450820e-03  -6.8069021e-03   4.9210936e-04
  -1.7136831e-01   1.9554327e-01   5.3332273e-01  -1.4013775e-03  -6.6224382e-03   3.4246038e-04
  -1.7525169e-01   2.7767457e-01   5.6332934e-01  -2.0519488e-03  -6.6863098e-03   5.4633597e-04
  -1.8229633e-01   2.2858760e-01   5.7583928e-01  -1.4981276e-03  -6.7107775e-03   3.3515579e-04
  -1.8665140e-01   2.4002292e-01   5.0934506e-01  -2.5908485e-03  -6.5842664e-03   4.0695385e-04
  -1.6637480e-01   2.7748050e-01   5.8998606e-01  -2.3595593e-03  -6.9156905e-03   4.5256678e-04
  -1.7390332e-01   2.1261957e-01   4.7709026e-01  -2.1892007e-03  -6.6145043e-03  -1.6319817e-04
  -1.6031387e-01   3.6292955e-01   6.0592529e-01  -3.3765525e-03  -6.8991930e-03   8.1984942e-04
  -2.0889228e-01   3.1894365e-01   6.1722004e-01  -2.6504880e-03  -6.3613644e-03   5.9661542e-04
  -2.1123533e-01   1.4618592e-01   5.4502570e-01  -1.8282926e-03  -6.5241481e-03   3.4721298e-04
  -1.9947588e-01   3.0699077e-01   6.1026782e-01  -2.8043665e-03  -7.0761972e-03   6.2139952e-04
  -2.0912349e-01   1.7913241e-01   5.5331010e-01  -1.6194044e-03  -6.8344013e-03   4.0988823e-05
  -2.0591423e-01   3.0755958e-01   5.9717149e-01  -2.8977310e-03  -6.9732149e-03   6.2872183e-04
  -2.0840354e-01   2.5690770e-01   5.9232816e-01  -1.4727392e-03  -6.9798429e-03   4.3248304e-04
  -2.2367668e-01   2.6826177e-01   5.7746602e-01  -1.9419578e-03  -6.8312059e-03   4.7869885e-04
  -2.0935286e-01   3.1092273e-01   6.5932750e-01  -2.1511983e-03  -6.8206021e-03   7.0397351e-04
  -2.4805835e-01   2.5727158e-01   5.9809385e-01  -1.6128533e-03  -6.6052547e-03   6.1619865e-05
  -2.2801390e-01   2.4225394e-01   6.0157164e-01  -1.2696144e-03  -6.8653997e-03   1.0743982e-04
  -2.1988646e-01   2.7243506e-01   5.9754531e-01  -2.2327383e-03  -6.8048940e-03   2.3086186e-04
  -2.1833899e-01   3.8501433e-01   6.6919133e-01  -3.0184063e-03  -6.5341779e-03   6.5892111e-04
  -2.1754433e-01   1.4937010e-01   5.5776582e-01  -7.5212683e-04  -6.7920701e-03   1.9149807e-04
  -2.2644461e-01   2.9807603e-01   6.0993431e-01  -1.4268089e-03  -6.7147542e-03   6.6896202e-04
  -2.4011367e-01   2.1105650e-01   5.6656722e-01  -3.9748560e-04  -6.5631252e-03   6.0489005e-04
  -2.4066922e-01   2.3573050e-01   5.9982694e-01  -7.3578528e-04  -6.6649750e-03   7.3036342e-04
  -2.3984815e-01   1.8259986e-01   5.3568286e-01  -2.5559493e-04  -6.5878588e-03   3.0779541e-04
  -2.5958745e-01   2.7262125e-01   6.3528076e-01  -9.5185525e-04  -6.5985644e-03   9.6513042e-04
  -2.4881593e-01   1.7481924e-01   5.4599753e-01  -5.9527300e-04  -6.6470786e-03   3.8561737e-04
  -2.4933595e-01   2.6323191e-01   6.2621435e-01  -9.3703892e-04  -6.7828555e-03   8.6810396e-04
  -2.5158232e-01   1.9928797e-01   5.4281205e-01  -6.9891877e-04  -6.7289597e-03   7.5077001e-04
  -2.5971928e-01   2.6410248e-01   6.2527092e-01  -6.8438298e-04  -6.6950329e-03   1.1266636e-03
  -2.5615742e-01   1.9497298e-01   5.7079097e-01  -5.1146102e-04  -6.6362479e-03   9.8734761e-04
  -2.5222122e-01   2.5757412e-01   6.1843098e-01  -9.6471997e-04  -6.6420282e-03   1.2949710e-03
  -2.5844126e-01   2.1371606e-01   5.9079336e-01   5.0676548e-05  -6.4928280e-03   1.0464165e-03
  -2.6199773e-01   2.5356246e-01   5.8641509e-01  -7.5004076e-04  -6.4378651e-03   1.2097475e-03
  -2.4010838e-01   2.8762043e-01   6.4986447e-01  -1.0483785e-03  -6.7082795e-03   1.3825186e-03
  -2.5141754e-01   2.8015192e-01   6.2690449e-01  -1.4990920e-03  -6.4412416e-03   1.2569514e-03
  -2.3919261e-01   2.6797400e-01   6.0936870e-01  -1.7728687e-03  -6.5582490e-03   9.9917542e-04
  -2.4938557e-01   3.0004831e-01   6.5187985e-01  -2.1159693e-03  -6.5396351e-03   1.2195258e-03
  -2.3267695e-01   2.6947029e-01   5.4143045e-01  -2.2497446e-03  -6.5640143e-03   8.0651516e-04
  -2.1535521e-01   3.1544920e-01   6.4559223e-01  -1.9194064e-03  -6.9855176e-03   1.0373699e-03
  -2.3794473e-01   2.9354037e-01   5.9126032e-01  -1.5430248e-03  -6.7276762e-03   1.0134933e-03
  -2.3868944e-01   3.4070590e-01   6.7930802e-01  -1.4857967e-03  -6.8329465e-03   1.1575637e-03
  -2.3571985e-01   2.5510483e-01   6.2617946e-01  -1.1739523e-03  -6.8338335e-03   9.2947885e-04
  -2.2134050e-01   3.4877814e-01   7.1875418e-01  -2.0856610e-03  -6.9075236e-03   1.1326948e-03
  -2.3763993e-01   2.0173668e-01   6.4229889e-01  -1.0453334e-03  -6.9100114e-03   7.0305344e-04
  -2.2059444e-01   3.6060844e-01   7.2668475e-01  -2.5237334e-03  -7.2077752e-03   1.0541030e-03
  -2.3998992e-01   2.3209019e-01   6.0228591e-01  -1.5031108e-03  -7.0889780e-03   5.9962512e-04
  -2.1299549e-01   3.2237208e-01   7.4310722e-01  -9.6594000e-04  -7.8848252e-03   2.6988508e-04
