   0.0000000e+00   0.0000000e+00   0.0000000e+00   0.0000000e+00   0.0000000e+00   0.0000000e+00
  -1.0005524e-03  -6.2707001e-02  -2.7822094e-02   4.6808188e-05  -2.6601358e-04   1.0022239e-04
  -9.2140728e-04   3.5241566e-02  -6.0275195e-04  -6.5982016e-04  -3.3619815e-04   1.3537873e-04
   1.1875719e-03  -4.2293692e-02  -4.5079381e-02  -5.2889599e-05  -2.3681794e-04  -2.1763654e-04
  -9.7257690e-03   8.6522706e-02  -4.7005179e-03  -1.2346142e-03  -1.9590604e-04   1.9780572e-04
   1.2454075e-02  -4.5110431e-02  -3.4795340e-02   8.9422209e-05  -1.9003609e-04   2.9889066e-04
   4.2150634e-02   4.7643000e-02  -2.4933360e-02  -1.1153409e-03  -5.7280029e-04   5.7858797e-04
   4.3603372e-02   3.8240059e-03  -3.5355984e-02  -6.1939892e-04  -2.5719953e-04   8.9109432e-04
   5.1436927e-02  -3.6714291e-02  -9.7554208e-02  -6.4699206e-04   5.1681626e-06   1.0145936e-03
   6.1620098e-02   7.3386663e-02  -6.6954931e-02  -2.0916737e-03  -3.6169568e-04   1.6963424e-03
   5.4318962e-02  -5.7627676e-02  -1.6762947e-01  -1.0661134e-03  -7.0675933e-05   1.0513347e-03
   6.4510719e-02   6.3359930e-02  -7.4619057e-02  -1.8861739e-03  -3.1425595e-05   1.6158029e-03
   5.9878391e-02  -3.6405774e-02  -1.6725314e-01  -1.9043760e-03   1.6677273e-04   1.5136444e-03
   7.6702014e-02   2.0441215e-02  -9.8860758e-02  -1.6451659e-03   4.3010775e-05   1.7713427e-03
   9.4886663e-02  -4.8385038e-02  -1.6974442e-01  -1.5465642e-03  -4.7408106e-05   1.8872539e-03
   1.1904430e-01   1.6207122e-02  -1.6634835e-01  -2.1434369e-03   1.9767682e-05   2.5491789e-03
   1.1811121e-01  -8.0291083e-02  -1.8069898e-01  -1.2429612e-03   1.3454777e-04   2.2026710e-03
   1.1549271e-01   1.7533502e-02  -1.6400120e-01  -2.3156555e-03  -1.3136549e-04   2.3602020e-03
   1.0706366e-01  -5.2157350e-02  -1.7747267e-01  -1.4858092e-03  -1.9444038e-04   1.9312096e-03
   1.2068063e-01  -7.4331125e-03  -1.7745170e-01  -2.0206834e-03  -4.9794803e-04   1.7923622e-03
   1.3535248e-01  -1.7488109e-02  -1.7550991e-01  -2.1762581e-03  -9.0448672e-04   1.4605007e-03
   1.3910802e-01  -1.2935339e-02  -1.8555816e-01  -2.3703772e-03  -9.0274840e-04   1.4247773e-03
   1.4067729e-01   3.4233906e-03  -1.5349364e-01  -2.3757171e-03  -9.9474839e-04   1.6805956e-03
   1.5027472e-01  -3.5117735e-02  -2.2188072e-01  -2.3476871e-03  -1.0141126e-03   1.8663654e-03
   1.4749353e-01   2.3485567e-02  -1.9159640e-01  -2.4367281e-03  -1.0773496e-03   2.0150236e-03
   1.3176002e-01  -4.0203749e-02  -2.1056999e-01  -1.8537181e-03  -1.3534200e-03   1.7021288e-03
   1.1929276e-01   7.0887846e-03  -2.1088033e-01  -2.6241920e-03  -1.4352431e-03   1.5730172e-03
   1.1711006e-01   1.1232859e-02  -1.5650503e-01  -2.7442335e-03  -1.5298685e-03   1.5806488e-03
   1.1408873e-01  -1.5065665e-02  -2.5021498e-01  -3.2658349e-03  -1.7881945e-03   1.1593904e-03
   9.4706622e-02   3.9129685e-02  -1.1306694e-01  -2.4303215e-03  -1.5399197e-03   1.3025039e-03
   8.9205704e-02  -3.0094697e-02  -1.7411550e-01  -2.3943623e-03  -1.7954512e-03   1.1223708e-03
   8.1767738e-02   6.4013506e-02  -1.3667117e-01  -3.1632145e-03  -1.5925881e-03   1.2100573e-03
   8.1038142e-02  -4.7936483e-02  -1.7568702e-01  -2.0319824e-03  -1.4997108e-03   1.1045199e-03
   8.8277142e-02   5.4162402e-02  -1.6787967e-01  -3.4698870e-03  -1.6436501e-03   1.5155682e-03
   8.1756055e-02   6.2699122e-03  -1.5019824e-01  -2.6739832e-03  -1.9277740e-03   1.0943988e-03
   8.1888696e-02  -2.0807857e-02  -1.8617835e-01  -2.4778496e-03  -1.8584639e-03   1.2564916e-03
   8.5937149e-02  -1.0245849e-02  -1.8271977e-01  -2.7186565e-03  -1.9436572e-03   1.5860749e-03
   1.0077432e-01   2.3373256e-02  -1.9586502e-01  -3.3512587e-03  -2.2166366e-03   1.3638925e-03
   8.3628868e-02   5.4758696e-03  -1.7261369e-01  -2.7144742e-03  -2.2267665e-03   1.1408507e-03
   9.7759402e-02  -3.6795267e-02  -2.2722802e-01  -2.3817391e-03  -2.6146027e-03   9.9054349e-04
   7.8014979e-02   8.0052007e-02  -1.7616484e-01  -3.6618042e-03  -2.5184765e-03   1.0965183e-03
   5.9913191e-02  -4.4639314e-02  -2.1748552e-01  -2.7635179e-03  -2.4454043e-03   5.9661113e-04
   8.0430467e-02   3.7217408e-02  -1.5809721e-01  -3.3076878e-03  -2.5845963e-03   7.3278270e-04
   6.9955216e-02   2.4887752e-02  -1.6913007e-01  -2.9209163e-03  -2.5851548e-03   4.8472375e-04
   8.3970025e-02  -1.3613174e-02  -2.1069369e-01  -2.7975301e-03  -2.8754973e-03   4.4189430e-04
   7.6700669e-02   9.8083649e-03  -1.6237446e-01  -2.8112863e-03  -2.8780164e-03   4.8154050e-04
   8.2136792e-02  -3.6646135e-02  -2.2452838e-01  -2.6644440e-03  -3.0283724e-03   4.2448772e-04
   7.3211607e-02   5.0050474e-02  -1.4689683e-01  -2.7532751e-03  -3.1581687e-03   4.4061610e-04
   7.4781675e-02  -6.1134304e-02  -2.0990190e-01  -2.3391910e-03  -3.2232146e-03   3.9188051e-04
   6.1926709e-02   5.7377515e-02  -1.5392722e-01  -3.3295721e-03  -3.2936269e-03   5.7217663e-04
   6.9268650e-02  -6.0500007e-02  -1.7819018e-01  -2.2738829e-03  -3.2908050e-03   6.6169372e-04
   5.5033298e-02   2.5597623e-02  -1.6311592e-01  -3.1044350e-03  -3.6203549e-03   1.1453408e-03
   6.3804751e-02  -3.4915797e-02  -1.7613196e-01  -2.3264851e-03  -3.6555918e-03   8.1977893e-04
   5.1454101e-02   3.4971035e-03  -1.6199316e-01  -2.7103236e-03  -3.6853393e-03   1.0465808e-03
   3.1214391e-02  -4.4558635e-02  -1.7320156e-01  -2.5129028e-03  -3.8935398e-03   8.2714772e-04
   3.5396265e-02  -2.4154710e-02  -1.7527108e-01  -2.7032509e-03  -4.1372596e-03   6.7949108e-04
   3.2381667e-02  -5.2276074e-02  -1.5430846e-01  -2.1006934e-03  -3.9689800e-03   7.3050003e-04
   2.1031924e-02  -3.9559326e-02  -2.3361667e-01  -2.6421097e-03  -3.6431687e-03   1.0441424e-03
   3.0241225e-02   1.6884655e-02  -1.8273940e-01  -2.5172564e-03  -3.6330340e-03   1.4650083e-03
   3.4729533e-02  -7.3317561e-02  -2.0224623e-01  -1.8133050e-03  -3.5969950e-03   1.2048035e-03
   2.9302608e-02   3.8536506e-02  -1.2718489e-01  -2.9676382e-03  -3.5947203e-03   1.3599590e-03
   3.7297457e-02  -7.1122691e-02  -1.9884190e-01  -2.4227094e-03  -3.3641360e-03   1.2884327e-03
   5.2690633e-02   1.6697404e-01  -1.2746625e-02  -6.3902151e-03  -3.1758769e-03   1.2177010e-03
   5.2520478e-02   1.2803669e-01   7.4471053e-03  -4.7863660e-03  -2.9230443e-03   1.2431497e-03
   6.4082843e-02   1.9743630e-01   3.4374142e-02  -4.7956527e-03  -3.2521929e-03   1.5637581e-03
   7.2506618e-02   5.3959541e-02  -4.3124186e-02  -3.9783968e-03  -3.4706988e-03   1.3941723e-03
   6.0464013e-02   1.7608855e-01  -1.7980715e-02  -5.1291617e-03  -3.6290808e-03   1.5995291e-03
   5.0491463e-02   4.5677249e-02  -5.2387511e-02  -4.0085198e-03  -3.5360627e-03   1.2844039e-03
   3.2387925e-02   1.4573017e-01  -4.2664720e-02  -5.0542417e-03  -3.5791883e-03   1.5892347e-03
   3.6074895e-02   4.2115411e-02  -1.0534987e-01  -4.2611327e-03  -3.7986484e-03   1.1719544e-03
   4.4519665e-02   1.1444394e-01  -6.6469164e-02  -4.7328679e-03  -3.7924075e-03   1.5202990e-03
   4.7053612e-02   7.5009338e-02  -6.6383898e-02  -4.2092223e-03  -3.9217129e-03   1.5345014e-03
   5.3328552e-02   5.7563303e-02  -1.0216184e-01  -4.0655730e-03  -3.9361380e-03   1.6064191e-03
   3.8724167e-02   1.2295836e-01  -1.0087207e-02  -4.2614743e-03  -3.8763854e-03   1.9288021e-03
   5.4236666e-02   3.5526597e-02  -8.9012516e-02  -4.3144733e-03  -4.2768083e-03   1.5643394e-03
   6.0671171e-02   1.2661633e-01  -2.3005112e-02  -4.4588134e-03  -4.3200184e-03   1.7593689e-03
   5.7620461e-02   1.1010916e-02  -7.5336325e-02  -3.9108671e-03  -4.4282931e-03   1.3248574e-03
   5.3604572e-02   1.3278627e-01  -2.8205103e-02  -4.7659298e-03  -4.5346216e-03   1.6595620e-03
   6.1420729e-02  -1.3159770e-02  -8.7086704e-02  -2.9379803e-03  -4.4828552e-03   1.4189558e-03
   7.8308319e-02   1.4021506e-01  -3.7983647e-02  -4.5769483e-03  -4.4337515e-03   2.1507808e-03
   1.4268099e-01   6.0312616e-02  -2.7350701e-01  -5.6231049e-03  -4.1675492e-03   2.1730153e-03
   1.4408465e-01   1.6662199e-01  -1.4310005e-01  -4.9035202e-03  -3.6978389e-03   2.8754291e-03
   1.4407903e-01   2.5904329e-02  -1.5595058e-01  -4.0727322e-03  -3.6753993e-03   2.5466403e-03
   1.3550302e-01   1.1887089e-01  -9.4304271e-02  -4.4945597e-03  -3.7681639e-03   2.9407559e-03
   1.2285656e-01  -1.3293558e-02  -1.4263378e-01  -3.2820839e-03  -3.6672916e-03   2.4695348e-03
   1.1335221e-01   1.1653938e-01  -1.0889061e-01  -4.6909612e-03  -4.0111401e-03   2.6849630e-03
   1.1118729e-01   2.7032337e-02  -1.3468346e-01  -3.1486636e-03  -4.2311643e-03   2.5404288e-03
   1.1903015e-01   8.4532458e-02  -1.1112116e-01  -4.2921833e-03  -4.2996045e-03   2.7440740e-03
   1.0475055e-01   2.8900685e-02  -1.3654320e-01  -3.6966565e-03  -4.2834746e-03   2.3742796e-03
   1.0590652e-01   9.5672857e-02  -9.0682067e-02  -4.2910833e-03  -4.1995257e-03   2.8614714e-03
   9.6602900e-02   1.0846372e-02  -1.1681837e-01  -3.5040993e-03  -4.1546429e-03   2.4713743e-03
   1.0479021e-01   1.2487809e-01  -1.0622162e-01  -4.5972399e-03  -4.3056312e-03   2.7617947e-03
   1.0602890e-01   3.4996242e-02  -7.8404055e-02  -3.4200999e-03  -4.1902306e-03   2.6410814e-03
   1.2974449e-01   6.8560156e-02  -1.0642520e-01  -4.2226318e-03  -4.3006813e-03   2.6999775e-03
   1.3308337e-01   1.2256985e-01  -3.8016348e-02  -4.3276077e-03  -4.4003731e-03   2.8741676e-03
   1.2917699e-01   2.8169962e-02  -1.2303558e-01  -3.7654088e-03  -4.2591856e-03   2.4143771e-03
   1.1810715e-01   1.2430863e-01  -3.6575254e-02  -4.0879486e-03  -4.2412069e-03   2.7818008e-03
   1.0387656e-01   7.3386927e-02  -1.1029100e-01  -4.2352971e-03  -4.3555082e-03   2.8429812e-03
   1.3244980e-01   7.4407675e-02  -1.1617579e-01  -4.1339224e-03  -4.5385995e-03   2.9456432e-03
   1.2507565e-01   7.2319997e-02  -8.2035396e-02  -3.3391681e-03  -4.2802547e-03   3.0061664e-03
   1.2135742e-01   7.1865287e-02  -1.3140403e-01  -4.0369734e-03  -4.2758153e-03   3.0776497e-03
   1.2389794e-01   5.1123073e-02  -9.6058201e-02  -3.4411357e-03  -4.3129371e-03   2.9148743e-03
   1.2387887e-01   1.1243813e-01  -9.8958575e-02  -4.6598752e-03  -4.4235102e-03   2.9730844e-03
   1.0484369e-01  -2.5627906e-03  -9.2223194e-02  -3.2582903e-03  -4.3144225e-03   2.7538045e-03
   1.3307838e-01   1.0359953e-01  -7.8179838e-02  -4.5444324e-03  -4.6266275e-03   2.5606945e-03
   1.3063276e-01   1.8792019e-02  -1.3106847e-01  -3.8374551e-03  -4.8014176e-03   2.0424140e-03
   1.3517108e-01   9.8019141e-02  -7.7202020e-02  -4.1706338e-03  -4.6353072e-03   2.4301787e-03
   1.3430501e-01   8.0394014e-03  -1.2714126e-01  -3.1649301e-03  -4.8063735e-03   2.2596445e-03
   1.3979992e-01   1.2239097e-01  -9.4019934e-02  -4.4047990e-03  -4.7103203e-03   2.8000549e-03
   1.5399674e-01  -2.2961623e-03  -1.4577091e-01  -3.2425458e-03  -4.6219173e-03   2.5590726e-03
   1.6213707e-01   9.4921547e-02  -1.3030592e-01  -3.9936074e-03  -4.8958126e-03   3.0886287e-03
   1.5891323e-01   2.9890207e-02  -1.2767962e-01  -3.4796573e-03  -4.5917067e-03   2.9053955e-03
   1.6935832e-01   9.2614017e-02  -1.1416317e-01  -4.0132493e-03  -4.5230600e-03   3.3571986e-03
   1.8746515e-01   3.1172737e-02  -1.1794234e-01  -3.3428961e-03  -4.1735321e-03   3.6204491e-03
   1.8287793e-01   3.7235625e-02  -1.5915528e-01  -3.3522601e-03  -4.2399982e-03   3.9103829e-03
   1.8154613e-01  -1.7139559e-02  -1.1615113e-01  -3.0335048e-03  -4.7067272e-03   3.7095468e-03
   1.9998187e-01  -2.5551888e-02  -1.4132230e-01  -2.9077361e-03  -4.6284224e-03   3.7059348e-03
   2.3639199e-01   2.6104443e-02  -5.5601812e-02  -3.5709265e-03  -4.4583148e-03   3.8380150e-03
   2.5791982e-01  -6.8852512e-02  -4.0793436e-02  -2.7386634e-03  -4.6807037e-03   3.7137724e-03
   2.8077343e-01   4.3310783e-02   4.5960550e-02  -3.0329188e-03  -4.7178647e-03   3.7214524e-03
   2.6787503e-01  -9.5551566e-02  -2.7424573e-03  -2.0992443e-03  -4.7343804e-03   3.2338525e-03
   2.6130120e-01   2.4615670e-02   1.7074132e-02  -3.2265904e-03  -4.9415169e-03   3.2848142e-03
   2.6223449e-01  -1.1797347e-01  -3.4958795e-02  -2.0424834e-03  -5.0420512e-03   2.8330959e-03
   2.5848233e-01   4.2341971e-03   2.6426415e-02  -3.1138307e-03  -5.3970520e-03   2.7736291e-03
   2.5627383e-01  -9.4508613e-02  -3.0234760e-02  -2.5307977e-03  -5.5294462e-03   2.3633832e-03
   2.2783633e-01  -4.1430450e-02  -1.9569603e-02  -2.7941942e-03  -5.3469033e-03   2.7194233e-03
   2.2663681e-01  -6.7594132e-02  -6.9720958e-02  -2.7354577e-03  -5.4529710e-03   2.7769102e-03
   2.4631374e-01  -4.3275922e-02  -5.7968801e-02  -2.5548765e-03  -5.6092070e-03   2.8754736e-03
   2.3435762e-01  -3.8393182e-02  -1.4550929e-02  -2.3124719e-03  -5.1728213e-03   2.9419462e-03
   2.2771436e-01  -2.0217031e-02  -4.9701673e-02  -2.7286352e-03  -5.3591729e-03   2.8561182e-03
   2.2702460e-01  -5.1633977e-02  -5.0050015e-02  -2.0318779e-03  -5.5003843e-03   2.6604551e-03
   2.2613979e-01   2.6570166e-03  -1.3028302e-02  -2.4904438e-03  -5.3177167e-03   2.8444067e-03
   2.1396069e-01  -8.1200603e-02  -1.7477762e-02  -1.7746432e-03  -5.1811354e-03   2.5041871e-03
   2.3077382e-01   4.7854089e-02   1.7311373e-02  -2.9188922e-03  -5.5638107e-03   3.0344734e-03
   2.1385159e-01  -8.1733408e-02  -6.0809877e-03  -1.7753998e-03  -5.4759505e-03   2.5567148e-03
   2.1658412e-01   6.0014916e-02   4.5236954e-02  -2.7495255e-03  -5.5291334e-03   2.9003106e-03
   2.1483128e-01  -1.0937208e-01  -1.3733958e-02  -1.8829938e-03  -5.5372182e-03   2.3735417e-03
   2.2057306e-01   3.7957120e-02   4.2193827e-02  -2.7084325e-03  -5.5987343e-03   2.8408651e-03
   2.0505110e-01  -1.0248836e-01  -8.8438620e-03  -1.6997444e-03  -5.4756173e-03   2.1427890e-03
   2.2109458e-01   1.2739075e-02   2.3461433e-02  -2.6238513e-03  -5.5719734e-03   2.7682271e-03
   2.0706768e-01  -8.9144351e-02   2.2112120e-03  -1.3675480e-03  -5.4665889e-03   2.3976234e-03
   2.0555167e-01  -1.8678704e-02   9.0605843e-03  -2.0891894e-03  -5.6089362e-03   2.2061585e-03
   1.9460065e-01  -5.4634394e-02   2.1114462e-02  -1.5035860e-03  -5.5968771e-03   2.2654077e-03
   2.0736998e-01  -4.0017427e-02  -4.5837621e-02  -1.8321982e-03  -5.5361664e-03   2.3307286e-03
   2.2378801e-01  -1.8968982e-02   4.1846149e-02  -1.6249436e-03  -5.3117262e-03   2.7441369e-03
   2.3038959e-01  -2.9338880e-02  -6.4469792e-03  -2.0162887e-03  -5.6272499e-03   2.5293958e-03
   2.2856509e-01  -7.7637643e-03   6.9068323e-02  -1.5768493e-03  -5.7303997e-03   2.4927342e-03
   2.2203213e-01  -3.5946592e-02   3.5314814e-02  -1.3983629e-03  -5.4965783e-03   2.2974959e-03
   2.4286266e-01   4.9894179e-03   7.2079495e-02  -1.5937164e-03  -5.5243309e-03   2.5347026e-03
   2.4737681e-01  -1.7906952e-02   1.2990552e-02  -1.5025916e-03  -5.6199270e-03   2.5255119e-03
   2.4435010e-01  -3.9505744e-02   7.8741956e-02  -7.9688037e-04  -5.7273015e-03   2.4932465e-03
   2.6206648e-01  -4.9703639e-02   1.0468521e-02  -6.6138822e-04  -5.9405732e-03   2.3779976e-03
   2.5692628e-01  -8.5667490e-02   4.7269018e-02   1.0651670e-04  -6.1257687e-03   2.0140601e-03
   2.5235481e-01  -1.7649508e-02   6.3216340e-02  -7.9651356e-04  -6.3383594e-03   1.9019398e-03
   2.4492126e-01  -1.0742320e-01   6.5078881e-02  -5.5211131e-05  -6.2685216e-03   1.8010473e-03
   2.3334107e-01  -5.2887286e-02   6.5074762e-02  -4.7679303e-04  -6.2417085e-03   1.9445656e-03
   2.2354303e-01  -7.5505946e-02   6.2072771e-02  -2.4789028e-04  -6.2181131e-03   1.7494605e-03
   2.4481092e-01  -4.3708498e-02   1.4719560e-02  -1.1659516e-03  -6.2434851e-03   1.7643632e-03
   2.3357217e-01  -8.2356550e-02   3.5366930e-02   1.7684840e-04  -6.1791441e-03   1.6826053e-03
   2.2742606e-01  -5.5576798e-02   1.6322711e-02  -3.9491483e-04  -6.0839435e-03   1.7030559e-03
   2.2049445e-01  -4.7695924e-02   6.4116318e-02  -1.6828834e-04  -6.0079271e-03   1.7720738e-03
   2.0658296e-01  -1.0277256e-01  -1.3528074e-02   1.8294393e-05  -5.8176335e-03   1.5462477e-03
   1.9318176e-01  -3.6031938e-02   3.3908410e-02  -4.6194283e-04  -5.6514060e-03   1.7695454e-03
   2.0105384e-01  -9.2668308e-02   4.7862093e-03  -1.3999511e-05  -5.6796859e-03   1.7224104e-03
   1.8840944e-01  -1.7207816e-02   6.7630973e-02  -4.0453619e-04  -5.5227628e-03   1.9540249e-03
   1.8158312e-01  -1.0617065e-01  -3.4211069e-02  -4.4757908e-05  -5.5406247e-03   1.8209550e-03
   1.8414764e-01  -1.8603941e-02   4.2294874e-02  -1.9141379e-04  -5.6596058e-03   2.0073429e-03
   1.7139698e-01  -9.6056189e-02  -2.3770537e-02   2.8810826e-04  -5.4753740e-03   1.5661305e-03
   1.7631061e-01  -4.3503022e-02   1.5999347e-02  -9.3016009e-05  -5.7234352e-03   1.7766711e-03
   1.8185181e-01  -4.9184481e-02  -4.1523400e-02  -7.5427075e-04  -5.7650887e-03   1.6765599e-03
   1.8195307e-01   8.4221627e-03   4.7920183e-02  -7.5748395e-04  -5.4984542e-03   2.2144836e-03
   1.5838821e-01  -8.0234141e-02  -6.6484613e-03  -2.9478921e-06  -5.7411106e-03   2.1196434e-03
   1.6835577e-01  -3.2267431e-03   6.6584955e-02  -4.9275491e-04  -5.6876313e-03   2.2429487e-03
   1.3237222e-01  -6.3314236e-02   1.2275159e-02   2.1994525e-04  -5.5215060e-03   2.1663432e-03
   1.4165030e-01  -6.5609893e-02   6.3412414e-02   4.4912573e-04  -5.5742339e-03   2.0747722e-03
   1.4595723e-01  -4.0505943e-02   1.4460054e-02  -4.6700258e-04  -5.7564226e-03   2.0074562e-03
   1.5073752e-01  -9.2963366e-02   5.5899476e-02   9.0958504e-04  -5.9022632e-03   2.0475191e-03
   1.3909061e-01  -7.4748575e-02   3.0432523e-02   4.5624842e-04  -5.7005991e-03   1.8845408e-03
   1.5153239e-01  -8.1415685e-02   4.9600425e-02   7.3740501e-04  -5.7754848e-03   1.9164253e-03
   1.4547964e-01  -6.7898740e-02   1.8965428e-02   5.8289248e-04  -5.9839784e-03   1.8578566e-03
   1.5326581e-01  -8.5212575e-02   4.9499155e-02   1.0969922e-03  -5.9428683e-03   1.8322510e-03
   1.4270003e-01  -9.2738174e-02   8.4532531e-03   7.6755076e-04  -6.0613184e-03   2.0226900e-03
   1.4484181e-01  -1.2275075e-01   3.6949435e-02   1.5428129e-03  -6.2717044e-03   1.6612235e-03
   1.3764030e-01  -5.0979892e-02   6.5796186e-02   6.7031779e-04  -6.3761804e-03   1.7599811e-03
   1.4846856e-01  -1.7583531e-01   3.0773395e-02   1.5492326e-03  -6.5405308e-03   1.7158050e-03
   1.5015592e-01  -6.3539800e-02   9.1681335e-02   1.1199426e-03  -6.5146979e-03   1.9090156e-03
   1.4311969e-01  -1.7861599e-01   4.6777532e-02   1.6574871e-03  -6.6485279e-03   1.8335651e-03
   1.4470140e-01  -1.5143921e-02   6.2874121e-02  -1.4042289e-05  -6.9056585e-03   2.1123950e-03
