   0.0000000e+00   0.0000000e+00   0.0000000e+00   0.0000000e+00  -1.7347235e-18   0.0000000e+00
   1.5304778e-02   1.2170002e-01   5.7187378e-02  -1.0568065e-03   8.0568137e-04   1.6984335e-03
   2.1846089e-02   2.6890524e-02   2.0053496e-02  -7.7803049e-04   1.0651593e-03   2.3938926e-03
   5.6800188e-02   1.1806971e-01   5.5952826e-02  -9.7872265e-04   8.1697755e-04   3.0090800e-03
   3.9156876e-02   1.7610444e-02   2.4096459e-02  -4.3101159e-04   1.0336440e-03   3.3261392e-03
   6.3132377e-02   1.0190657e-01   3.0554942e-02  -6.2396393e-04   9.7841368e-04   3.7619101e-03
   5.2184454e-02  -8.8672086e-03   1.9198843e-02   2.1899675e-04   1.1447171e-03   3.8065296e-03
   7.9984428e-02   9.4848739e-02   5.5029662e-02  -4.8738861e-04   9.2346938e-04   4.2463215e-03
   6.2223832e-02   1.2696909e-02   9.5377452e-03  -1.0664213e-04   1.0093620e-03   4.0092793e-03
   6.7911662e-02   5.6897360e-02   1.4347937e-02  -2.7569964e-04   9.2710464e-04   4.0935766e-03
   6.6617296e-02   3.1149299e-02   1.5012936e-02  -1.7253957e-04   8.9061935e-04   4.4193003e-03
   6.9101799e-02   4.6052280e-02   2.5496481e-02   3.6770320e-04   1.2080954e-03   5.1696740e-03
   8.1753057e-02   4.7325040e-02   9.6788554e-03  -2.6043777e-04   9.4689197e-04   5.3477569e-03
   7.5331324e-02   4.9876305e-02  -3.3126485e-03  -3.9012869e-04   9.7417433e-04   5.3359498e-03
   8.5480625e-02   6.0888406e-02   1.1773746e-02  -7.3587066e-04   6.8545112e-04   5.5408772e-03
   5.9849800e-02  -7.1851123e-03   2.3219044e-03   5.9040221e-05   1.1177870e-03   5.2599360e-03
   8.1802445e-02   1.0065181e-01   3.2545754e-02  -5.7536717e-04   8.0184663e-04   5.5859313e-03
   5.5998203e-02  -1.7564876e-02   4.1485303e-03   4.1631342e-04   8.1188085e-04   5.3243691e-03
   9.0347713e-02   1.1808990e-01   1.8191543e-02  -5.0513800e-04   3.8012748e-04   5.7974015e-03
   5.9764471e-02  -1.7243557e-03  -1.8746950e-02  -3.4866404e-04   3.0870488e-04   5.3760267e-03
   8.4013130e-02   1.5027598e-01   3.3774338e-03  -1.2742476e-03   7.5113712e-05   5.8645230e-03
   6.5452146e-02  -2.4756148e-03  -9.9912444e-03  -1.8328553e-04   1.6978063e-04   5.6612563e-03
   6.3027577e-02   1.3155501e-01   1.8227613e-02  -7.8329768e-04   2.2530878e-04   5.8286309e-03
   4.8278184e-02  -8.9259555e-03  -7.9627160e-03   5.9039989e-05   9.8332710e-05   5.6501001e-03
   7.0395627e-02   1.3059779e-01   5.0511116e-03  -9.4774575e-04  -2.6995112e-05   6.0184586e-03
   6.3730356e-02   5.1778088e-03  -1.2660263e-02  -3.1311350e-04  -7.1362159e-05   5.9431867e-03
   6.7781307e-02   1.0841314e-01   7.7686009e-03  -1.3666257e-03  -7.9869793e-05   6.0002819e-03
   5.5695068e-02   2.0713104e-02  -1.7455225e-02  -6.9322071e-04   1.9147937e-06   6.0165294e-03
   7.1136026e-02   1.0692601e-01  -5.1772129e-03  -1.4241577e-03   2.7036016e-05   6.3721953e-03
   5.8105285e-02   1.9240378e-02  -1.5649149e-02  -4.9730135e-04  -1.0001587e-04   5.9863015e-03
   7.1341581e-02   1.1138256e-01  -1.0721235e-03  -1.0310889e-03  -1.7012049e-08   6.2561901e-03
   6.6125027e-02   5.9484914e-02  -3.1805525e-02  -6.0056705e-04  -3.4132184e-06   6.3597415e-03
   8.8299491e-02   1.2399318e-01   2.8874223e-03  -1.1753308e-03  -2.1080894e-04   6.5342313e-03
   6.3260729e-02  -1.1575006e-02   4.3901032e-03   8.0032671e-06   1.1434027e-04   6.2750642e-03
   6.3774412e-02   8.5477759e-02   5.6735327e-03  -5.5288540e-04   2.7559583e-05   6.3712413e-03
   5.7403797e-02   9.4090032e-03  -2.8064922e-02  -3.4452706e-05  -6.5544809e-06   6.1311688e-03
   8.4795376e-02   1.0676279e-01  -1.2922710e-02  -5.7048005e-04  -3.4556833e-04   6.4426080e-03
   7.7090227e-02   3.7247370e-02  -4.3524020e-02  -8.6670609e-04  -5.1933626e-04   6.1478072e-03
   7.0999317e-02   9.2468324e-02  -1.6459660e-02  -1.0445400e-03  -7.1152511e-04   6.0722748e-03
   3.8821004e-02  -1.5217600e-02  -3.6161490e-02  -6.1346803e-04  -2.8205477e-04   6.0465447e-03
   8.6745560e-02   1.6503907e-01  -3.2035441e-02  -2.3545527e-03  -1.0558335e-03   6.2996524e-03
   5.6754088e-02   3.0829993e-02  -4.3888845e-02  -1.0343484e-03  -7.2437061e-04   6.1142377e-03
   6.7537509e-02   1.4688671e-01  -3.5736828e-02  -2.3411484e-03  -7.9189348e-04   6.5756855e-03
   6.2897315e-02   6.7269557e-02  -5.7963651e-02  -1.4346772e-03  -7.7925507e-04   6.4657714e-03
   7.9010458e-02   1.4390979e-01  -5.1175135e-02  -2.4999726e-03  -1.0812237e-03   6.5935678e-03
   8.2494311e-02   1.1095982e-01  -5.6109482e-02  -1.8518120e-03  -9.8180103e-04   6.9222942e-03
   7.9474260e-02   8.7349429e-02  -5.3629199e-02  -2.0854112e-03  -1.0368027e-03   7.1604799e-03
   8.9578254e-02   1.4905492e-01  -4.8481039e-02  -2.2586687e-03  -9.8223289e-04   7.3345992e-03
   1.1259229e-01   1.0312041e-01  -4.2253279e-02  -2.5643563e-03  -1.5009870e-03   7.5476525e-03
   9.4288789e-02   1.4286657e-01  -2.3157908e-02  -2.4384040e-03  -1.4171290e-03   7.5484252e-03
   9.9999963e-02   9.4495814e-02  -4.0133561e-02  -2.9038447e-03  -1.7396399e-03   7.6991019e-03
   9.7279199e-02   1.3024148e-01  -2.0400349e-02  -2.7737003e-03  -1.8074356e-03   7.7267160e-03
   8.3515863e-02   9.2136255e-02  -2.2082865e-02  -2.7796439e-03  -1.7040756e-03   7.7759442e-03
   8.0337607e-02   1.3533242e-01  -4.1343594e-02  -2.8833936e-03  -1.8460390e-03   7.7155731e-03
   8.8135515e-02   1.3444446e-01  -2.7154222e-02  -3.0219907e-03  -2.1062593e-03   7.6268061e-03
   7.6362249e-02   1.0391876e-01  -4.5330834e-02  -2.3903070e-03  -2.1658499e-03   7.4526904e-03
   7.8152440e-02   6.9050594e-02  -2.6823242e-02  -1.8169832e-03  -2.3332791e-03   7.1030078e-03
   8.0930322e-02   1.4647212e-01  -5.5554028e-03  -2.3191557e-03  -2.1609039e-03   7.4238462e-03
   6.1226306e-02   6.2374915e-02  -3.9230108e-02  -2.0976914e-03  -1.9972803e-03   7.5967666e-03
   6.4106715e-02   1.6274384e-01  -3.6710300e-02  -2.6434058e-03  -2.2749752e-03   7.6421438e-03
   4.9589345e-02   6.6439786e-02  -4.5016963e-02  -2.1351116e-03  -2.2712931e-03   7.4850243e-03
   5.0364324e-02   1.6257232e-01  -1.7387321e-02  -2.5080813e-03  -2.1510605e-03   7.5286174e-03
   3.0660315e-02   8.7116007e-02  -2.7568190e-02  -2.5668260e-03  -2.0684631e-03   7.6372412e-03
   3.7095429e-02   1.6428666e-01  -4.4656076e-02  -3.0807399e-03  -2.1819752e-03   7.7738479e-03
   2.3260810e-02   1.1000946e-01  -3.7750218e-02  -3.0776079e-03  -1.9679106e-03   7.8765392e-03
   1.5559048e-02   1.3103422e-01  -1.7822584e-02  -2.6025806e-03  -1.8910360e-03   7.7644534e-03
  -4.0412086e-03   9.8675596e-02  -3.4676259e-02  -2.8709540e-03  -2.1264407e-03   7.4434758e-03
  -3.5005860e-03   1.6509785e-01  -3.4690828e-02  -2.9614496e-03  -2.3948287e-03   7.4162007e-03
  -7.2634135e-03   1.1475049e-01  -3.1302172e-02  -2.7563435e-03  -2.2124940e-03   7.4346165e-03
  -8.7184733e-03   1.5892419e-01  -2.6714498e-02  -2.8127092e-03  -1.9684618e-03   7.9725561e-03
  -7.3043127e-03   1.3129321e-01  -3.6727830e-02  -2.9293006e-03  -2.0892114e-03   8.0434237e-03
   7.2452701e-03   1.6475135e-01  -4.3024664e-02  -3.0127711e-03  -2.0964210e-03   8.3606560e-03
   9.9937468e-04   1.5342968e-01  -2.6031584e-02  -3.0244337e-03  -2.0075426e-03   8.6119096e-03
   2.0340779e-03   1.2067843e-01  -3.1109400e-02  -2.2985865e-03  -2.0039834e-03   8.4889852e-03
   1.8360612e-03   1.8020495e-01  -3.7621466e-02  -3.3330751e-03  -2.0980186e-03   8.4314487e-03
  -6.7072472e-04   1.2881854e-01  -4.7982538e-02  -2.9020314e-03  -2.0497265e-03   8.4050890e-03
  -8.1559893e-03   1.7474628e-01  -1.5212214e-02  -3.3080222e-03  -1.8619208e-03   8.6815077e-03
  -1.8306258e-02   1.3337626e-01  -3.6698378e-02  -3.1152549e-03  -1.8715329e-03   8.7000791e-03
  -4.0042679e-03   2.2266930e-01  -2.1067440e-02  -3.6781780e-03  -2.0096787e-03   9.0077268e-03
  -2.2992131e-02   1.0429210e-01  -4.0996990e-02  -2.8399859e-03  -1.8132824e-03   8.8102326e-03
  -1.6653350e-02   2.2699875e-01  -2.0458097e-02  -3.7097795e-03  -1.8633504e-03   9.0112102e-03
  -2.2869097e-02   1.1515794e-01  -5.2242474e-02  -3.3384831e-03  -1.9525681e-03   8.6425132e-03
  -9.3439995e-03   2.1327665e-01  -1.5701621e-02  -3.6953515e-03  -1.9966780e-03   8.8897999e-03
  -2.5617792e-02   1.2173275e-01  -3.1693857e-02  -3.1227329e-03  -1.8727033e-03   8.5719935e-03
  -1.3372521e-02   2.1473356e-01  -2.3650906e-02  -3.4822930e-03  -1.8387307e-03   8.8168838e-03
  -1.9172054e-02   1.3258865e-01  -3.9605787e-02  -3.0366587e-03  -1.8472530e-03   8.6569434e-03
  -1.4576942e-02   2.0745902e-01  -2.2956835e-02  -3.3349719e-03  -1.9567026e-03   8.7171756e-03
  -2.2341233e-02   1.8487645e-01  -1.9659906e-02  -3.5646157e-03  -1.7658064e-03   8.9895267e-03
  -2.6879606e-02   1.5939936e-01  -3.8537205e-02  -3.4512960e-03  -1.8492607e-03   8.8943060e-03
  -2.0755650e-02   2.0945843e-01  -3.2743987e-02  -4.0238778e-03  -1.9666616e-03   9.1389613e-03
  -2.6198044e-02   1.3268299e-01  -3.7996457e-02  -3.1261728e-03  -1.9345976e-03   9.0637960e-03
  -2.8240002e-02   2.1691646e-01  -6.6024352e-03  -3.8946159e-03  -1.7621915e-03   9.0216481e-03
  -3.6246671e-02   1.3871103e-01  -3.5607672e-02  -3.3387508e-03  -1.6964269e-03   9.2601736e-03
  -2.7104144e-02   2.3655813e-01  -1.1228161e-02  -4.0527766e-03  -1.8838159e-03   9.3918088e-03
  -4.7350812e-02   1.2246295e-01  -4.4236001e-02  -3.3983462e-03  -1.6771803e-03   9.3532854e-03
  -4.6471019e-02   2.6296635e-01  -4.7034454e-03  -4.0056305e-03  -1.5842031e-03   9.5284078e-03
  -5.9277624e-02   1.4014034e-01  -4.1336656e-02  -3.4097662e-03  -1.6696343e-03   9.5013752e-03
  -4.1355192e-02   2.6219469e-01  -6.8093669e-03  -4.2035792e-03  -1.8265570e-03   9.5707370e-03
  -6.4451892e-02   1.1758433e-01  -1.9196000e-02  -3.1986518e-03  -1.5942791e-03   9.6768883e-03
  -6.0178345e-02   2.2006147e-01  -8.0373684e-05  -3.8125016e-03  -1.2931906e-03   1.0090052e-02
  -6.3877011e-02   1.2385533e-01  -3.4466723e-02  -3.5761766e-03  -1.1917321e-03   1.0278947e-02
  -5.7304794e-02   2.5012840e-01  -3.0070921e-02  -4.0164825e-03  -1.4132807e-03   1.0343447e-02
  -8.4394028e-02   1.4328282e-01  -3.2750589e-02  -3.2920067e-03  -1.0470332e-03   1.0046722e-02
  -7.8254472e-02   2.1831833e-01  -1.5100447e-02  -3.5704069e-03  -1.1928157e-03   1.0269433e-02
  -6.2426271e-02   1.3130061e-01  -2.2040836e-02  -3.3818595e-03  -1.4163366e-03   1.0208472e-02
  -6.4154651e-02   1.7447693e-01  -1.2358610e-02  -3.0623597e-03  -1.1120489e-03   1.0349951e-02
  -5.0155930e-02   1.7327915e-01  -1.6538690e-02  -3.3675054e-03  -1.4936021e-03   1.0367868e-02
  -5.0064645e-02   1.6333950e-01  -3.9386397e-02  -3.2229550e-03  -1.4444372e-03   1.0376554e-02
  -4.6126458e-02   2.0946428e-01  -3.5865659e-03  -3.6338483e-03  -1.4497631e-03   1.0603985e-02
  -5.5852620e-02   1.4320926e-01  -1.3712780e-02  -2.6698412e-03  -1.4272511e-03   1.0458080e-02
  -3.0521864e-02   2.2555119e-01  -3.0808337e-03  -3.8229524e-03  -1.8867159e-03   1.0527199e-02
  -3.2447395e-02   1.7286795e-01  -3.3582437e-02  -3.6892671e-03  -1.9433351e-03   1.0567708e-02
  -2.4739051e-02   2.4466704e-01   1.3503748e-02  -4.1322537e-03  -2.0314884e-03   1.0645042e-02
  -4.1165279e-02   1.3615891e-01  -8.2803553e-03  -3.3333514e-03  -1.8334450e-03   1.0451473e-02
  -3.0955035e-02   2.5415418e-01   1.0618563e-02  -3.7135762e-03  -1.8321831e-03   1.0725043e-02
  -4.0055070e-02   1.5323863e-01  -2.2718726e-02  -3.5768471e-03  -1.7167704e-03   1.0640422e-02
  -4.3652074e-02   2.7330733e-01   6.7297584e-03  -4.2144516e-03  -1.5606707e-03   1.1162775e-02
  -5.6566919e-02   1.6143330e-01  -4.3514892e-03  -3.7397543e-03  -1.5598903e-03   1.0727920e-02
  -5.1501720e-02   2.6426009e-01   1.7708092e-02  -4.1323074e-03  -1.5418888e-03   1.1057173e-02
  -6.3410319e-02   1.7306406e-01  -1.8914939e-03  -3.6978330e-03  -1.5706254e-03   1.1002468e-02
  -5.6203368e-02   2.7478244e-01   1.8803710e-02  -4.3710865e-03  -1.6160711e-03   1.1206114e-02
  -5.2499903e-02   1.1329207e-01  -2.0555819e-02  -3.3343940e-03  -1.7347638e-03   1.1184144e-02
  -3.6520650e-02   2.7740036e-01   2.8022248e-02  -4.1478780e-03  -1.8562948e-03   1.1499771e-02
  -6.6022432e-02   1.6265809e-01   1.0480068e-02  -3.0379327e-03  -1.4269992e-03   1.1346467e-02
  -5.6292875e-02   2.3327575e-01   1.7541500e-02  -4.0467126e-03  -1.7852326e-03   1.1556371e-02
  -6.7868001e-02   2.1047392e-01   1.0851141e-03  -3.7788741e-03  -1.7256871e-03   1.1493914e-02
  -8.0920976e-02   2.0659761e-01   2.4545178e-02  -3.7933058e-03  -1.5697743e-03   1.1284491e-02
  -6.8033174e-02   2.4616383e-01   3.2320988e-02  -3.7807444e-03  -1.6342635e-03   1.1532053e-02
  -7.5262784e-02   1.9211488e-01   8.6396423e-03  -3.7042823e-03  -1.7855388e-03   1.1481114e-02
  -6.9636491e-02   2.5663662e-01   4.4362913e-02  -3.4258346e-03  -1.7930899e-03   1.1664423e-02
  -9.5039776e-02   2.0462852e-01   3.7222468e-02  -3.5801152e-03  -1.6826419e-03   1.1608889e-02
  -1.0152389e-01   2.4447613e-01   4.2023863e-02  -3.6431542e-03  -1.8996282e-03   1.1522975e-02
  -1.0808159e-01   2.1809943e-01   4.7320029e-02  -3.5196764e-03  -1.8399637e-03   1.1814369e-02
  -1.0104722e-01   2.5749495e-01   4.6597597e-02  -3.5131685e-03  -2.1841341e-03   1.2074061e-02
  -9.2390042e-02   2.1577467e-01   3.7644397e-02  -3.7246350e-03  -2.1214352e-03   1.2296089e-02
  -1.0971320e-01   2.6138889e-01   7.0442100e-02  -3.6076855e-03  -1.8009953e-03   1.2492790e-02
  -1.0559359e-01   1.9605505e-01   4.1438440e-02  -3.4310066e-03  -1.9350950e-03   1.2517626e-02
  -1.0652263e-01   3.0962725e-01   8.1016310e-02  -3.8648724e-03  -1.9541886e-03   1.2890656e-02
  -1.2761874e-01   1.6084496e-01   5.4120371e-02  -2.3119197e-03  -1.5882930e-03   1.2720083e-02
  -1.2375850e-01   3.0345430e-01   9.2991891e-02  -3.3488565e-03  -1.4170305e-03   1.3185397e-02
  -1.3370732e-01   1.5770804e-01   4.3399311e-02  -2.9018072e-03  -1.3435936e-03   1.3064552e-02
  -1.1771168e-01   2.7973388e-01   7.9051235e-02  -3.3731309e-03  -1.4719512e-03   1.3267847e-02
  -1.4021668e-01   1.7929356e-01   6.9763796e-02  -2.6182472e-03  -1.1433132e-03   1.2985783e-02
  -1.4944306e-01   2.8684881e-01   1.0483735e-01  -2.9643510e-03  -1.0877451e-03   1.2948047e-02
  -1.5032487e-01   1.8785261e-01   6.7064877e-02  -2.9979403e-03  -1.0759964e-03   1.3053661e-02
  -1.4034675e-01   2.3790114e-01   9.4448797e-02  -2.6583120e-03  -1.1537404e-03   1.2911830e-02
  -1.4803308e-01   2.2539447e-01   9.8229150e-02  -2.9584964e-03  -1.0475352e-03   1.3020387e-02
  -1.6721715e-01   2.2192065e-01   8.0958980e-02  -2.9073347e-03  -8.5167636e-04   1.2811901e-02
  -1.3880656e-01   2.4009631e-01   9.5502133e-02  -3.3564922e-03  -1.4369458e-03   1.2809934e-02
  -1.1789108e-01   2.1910062e-01   6.8678661e-02  -2.3543296e-03  -1.5884156e-03   1.2799551e-02
  -1.2011417e-01   2.8552725e-01   1.2393473e-01  -3.1597297e-03  -1.4541449e-03   1.2851092e-02
  -1.4086727e-01   2.2169079e-01   1.0426303e-01  -2.6265236e-03  -1.2330225e-03   1.2762764e-02
  -1.3510862e-01   3.0797485e-01   1.3521876e-01  -3.3258817e-03  -1.3179641e-03   1.3053054e-02
  -1.4390911e-01   2.3591264e-01   9.2945694e-02  -2.9547363e-03  -1.1597014e-03   1.2731760e-02
  -1.1437965e-01   3.3546752e-01   1.3992301e-01  -4.0190981e-03  -1.5579217e-03   1.2990692e-02
  -1.5870903e-01   2.5909410e-01   1.3237591e-01  -2.6000932e-03  -8.8937223e-04   1.3024703e-02
  -1.5481753e-01   3.2641269e-01   1.5866683e-01  -3.4091880e-03  -9.7395190e-04   1.3457528e-02
  -1.5785511e-01   2.5133800e-01   1.1437423e-01  -2.9901820e-03  -9.4859339e-04   1.3378248e-02
  -1.3866923e-01   3.3671413e-01   1.6184390e-01  -3.5312916e-03  -1.0914666e-03   1.3764519e-02
  -1.5963866e-01   2.2295422e-01   1.1844205e-01  -2.4833085e-03  -8.5905872e-04   1.3484922e-02
  -1.5494912e-01   3.3542790e-01   1.5897338e-01  -3.5295777e-03  -9.7604597e-04   1.3641206e-02
  -1.8065764e-01   2.5532786e-01   1.0741520e-01  -2.9815644e-03  -9.1504090e-04   1.2952992e-02
  -1.6997774e-01   3.1417070e-01   1.5095379e-01  -3.0261786e-03  -9.3218897e-04   1.3080397e-02
  -1.7637984e-01   2.6163801e-01   1.1818592e-01  -2.6816122e-03  -8.2046168e-04   1.2853925e-02
  -1.6875348e-01   3.3693263e-01   1.5218625e-01  -3.4529932e-03  -8.1721107e-04   1.3114646e-02
  -1.6002437e-01   2.7901121e-01   1.2833670e-01  -2.8811058e-03  -8.6445218e-04   1.3038616e-02
  -1.6307819e-01   3.2172924e-01   1.5912465e-01  -3.1819452e-03  -6.7594627e-04   1.3244454e-02
  -1.5381358e-01   2.8172960e-01   1.0807970e-01  -2.9003432e-03  -8.8105673e-04   1.3023424e-02
  -1.4042886e-01   3.2826061e-01   1.5680812e-01  -3.0915023e-03  -1.0474816e-03   1.3624981e-02
  -1.4677229e-01   2.2176114e-01   1.2850960e-01  -1.7836432e-03  -6.6084044e-04   1.3019253e-02
  -1.3643362e-01   3.1535760e-01   1.5993610e-01  -2.7395771e-03  -8.9516712e-04   1.3427206e-02
  -1.3638794e-01   2.4279524e-01   9.7794428e-02  -2.4903145e-03  -8.2110100e-04   1.3271986e-02
  -1.2624553e-01   3.5123971e-01   1.5457929e-01  -3.3647908e-03  -8.8802250e-04   1.3543559e-02
  -1.4303019e-01   2.1375615e-01   1.0932960e-01  -1.9694745e-03  -6.7487171e-04   1.3208680e-02
  -1.2507462e-01   3.2516893e-01   1.3481498e-01  -2.9421167e-03  -7.8668941e-04   1.3628775e-02
  -1.1158432e-01   2.5130814e-01   1.0834138e-01  -2.1217585e-03  -7.9343539e-04   1.3693606e-02
  -1.0471540e-01   2.8494960e-01   1.4273754e-01  -2.5328989e-03  -7.1548610e-04   1.4038765e-02
  -1.2088432e-01   2.5752959e-01   1.0846731e-01  -2.2171873e-03  -4.4330949e-04   1.3975777e-02
  -1.1234819e-01   2.7110073e-01   1.0919259e-01  -2.5515228e-03  -6.3983939e-04   1.4206227e-02
  -1.0660286e-01   2.8924565e-01   1.0619224e-01  -2.4136786e-03  -5.7980691e-04   1.4038216e-02
  -1.1137706e-01   2.5831143e-01   1.2184862e-01  -2.1851094e-03  -5.5691863e-04   1.4197126e-02
  -1.1815081e-01   2.6953170e-01   8.7171089e-02  -2.5697184e-03  -6.7182811e-04   1.3915900e-02
  -1.1062188e-01   2.9129072e-01   1.2202641e-01  -2.5493021e-03  -7.5779197e-04   1.4157214e-02
  -1.2249321e-01   2.2502716e-01   8.2339546e-02  -1.9600437e-03  -6.8819242e-04   1.3878179e-02
  -1.1236101e-01   3.0246404e-01   1.1395464e-01  -2.6290071e-03  -7.3173412e-04   1.4292424e-02
  -1.2118010e-01   1.9812854e-01   9.3200078e-02  -1.6104140e-03  -8.9953060e-04   1.3777174e-02
  -1.2199080e-01   2.9678927e-01   1.4011119e-01  -2.3854667e-03  -6.9147521e-04   1.4328973e-02
  -1.3161078e-01   2.0045282e-01   6.7498303e-02  -1.9344483e-03  -8.7955572e-04   1.3927130e-02
  -1.1240841e-01   3.1087326e-01   1.3049879e-01  -2.2884327e-03  -9.2852218e-04   1.4296948e-02
  -1.2146137e-01   1.7684642e-01   8.9529381e-02  -1.2481408e-03  -8.1552121e-04   1.3769460e-02
  -1.0673556e-01   2.8398376e-01   1.1729739e-01  -2.0079734e-03  -9.4240608e-04   1.4269593e-02
  -1.0708862e-01   1.7284764e-01   6.6926444e-02  -1.0959407e-03  -9.9425459e-04   1.3752248e-02
  -9.9329227e-02   2.6871852e-01   1.0870448e-01  -1.9961936e-03  -1.0739811e-03   1.4211480e-02
  -9.8338640e-02   1.8735935e-01   4.7897183e-02  -1.5158435e-03  -1.0502177e-03   1.3772186e-02
  -9.0680531e-02   2.5105971e-01   9.2987676e-02  -1.9170583e-03  -1.0100169e-03   1.4156820e-02
  -9.0149309e-02   1.8112210e-01   5.4835474e-02  -1.4306787e-03  -8.4977906e-04   1.3870500e-02
  -7.9712315e-02   2.3977439e-01   8.7644321e-02  -1.9987091e-03  -8.7016381e-04   1.4190195e-02
  -7.2035525e-02   1.4687711e-01   5.2419060e-02  -9.2699918e-04  -7.6185965e-04   1.3981120e-02
  -6.7208762e-02   2.4668323e-01   9.0474594e-02  -1.3806532e-03  -6.8333077e-04   1.4546299e-02
  -6.5508339e-02   1.5466191e-01   5.0526662e-02  -9.8224931e-04  -4.1155552e-04   1.4175885e-02
  -8.1157858e-02   3.0447268e-01   9.2701324e-02  -1.9393492e-03  -3.7098308e-04   1.4320178e-02
  -8.1240630e-02   1.6267294e-01   6.4266177e-02  -1.1125988e-03  -2.5426354e-04   1.3914524e-02
  -8.2323044e-02   2.9527016e-01   1.1954609e-01  -1.7892946e-03  -1.4931447e-04   1.4169713e-02
  -1.1208662e-01   1.5569740e-01   8.3957044e-02  -8.6657809e-04   3.6948901e-05   1.3980507e-02
  -8.6544314e-02   2.6047914e-01   1.0558325e-01  -1.2061117e-03  -1.7558892e-04   1.4561417e-02
  -7.6305547e-02   1.5832302e-01   6.4912563e-02  -1.1911926e-03   1.3784855e-04   1.5000231e-02
  -6.9988249e-02   2.9836953e-01   1.1869529e-01  -1.9206417e-03   1.4301613e-04   1.5418583e-02
  -8.2463436e-02   1.3389169e-01   7.9366675e-02  -5.9322845e-04   3.8837009e-04   1.5139120e-02
  -7.0526392e-02   2.8417852e-01   1.1614212e-01  -1.5931216e-03   4.2817958e-04   1.5557380e-02
  -7.0054236e-02   1.6772424e-01   7.1894797e-02  -1.1261507e-03   3.7234864e-04   1.5205179e-02
  -6.8204600e-02   2.9961648e-01   1.3951474e-01  -1.6720803e-03   3.3676164e-04   1.5310922e-02
  -9.1164501e-02   1.6306248e-01   1.0059295e-01  -1.0578500e-03   5.4426054e-04   1.5003183e-02
  -8.0113380e-02   3.1023955e-01   1.3544368e-01  -2.0332055e-03   6.9560021e-05   1.4903995e-02
  -7.6159397e-02   1.7225058e-01   8.6038781e-02  -9.7795073e-04   1.8266852e-04   1.4647297e-02
  -8.1871959e-02   2.9649347e-01   1.4092449e-01  -1.3808270e-03   5.6656330e-04   1.5156893e-02
  -8.5209633e-02   1.7598949e-01   8.2387106e-02  -8.8192462e-04   7.0278461e-04   1.4811231e-02
  -7.0338403e-02   3.0268029e-01   1.0812920e-01  -1.8907962e-03   4.3612357e-04   1.5271108e-02
  -7.6149414e-02   1.9152250e-01   6.9778762e-02  -7.5862411e-04   3.9695307e-04   1.4762491e-02
  -7.5036900e-02   2.4550509e-01   9.4303226e-02  -1.2382165e-03   5.5807314e-04   1.5160635e-02
  -6.8187491e-02   2.5161716e-01   9.5093847e-02  -1.3943466e-03   5.2986486e-04   1.5136671e-02
  -5.5078376e-02   2.1838561e-01   8.1798642e-02  -1.5818378e-03  -7.0604424e-05   1.4722619e-02
  -7.2592158e-02   2.2772962e-01   9.4429393e-02  -8.7204954e-04   2.3826223e-04   1.4887565e-02
  -6.9691010e-02   1.6555268e-01   7.8413659e-02  -7.6400904e-04   1.3724500e-04   1.4996360e-02
  -4.1843171e-02   2.8815522e-01   9.5184462e-02  -1.3908965e-03  -1.3281818e-04   1.5175632e-02
  -2.8857908e-02   1.7466370e-01   7.3178587e-02  -7.0610622e-04  -1.8538614e-04   1.5176886e-02
  -3.7528793e-02   2.7116078e-01   1.1666778e-01  -1.0345889e-03   9.1815755e-06   1.5604387e-02
  -5.3537201e-02   1.7618582e-01   9.0340941e-02  -6.8845959e-04   1.6779652e-04   1.5569174e-02
  -3.2495584e-02   2.8535428e-01   9.8404738e-02  -1.3431768e-03  -4.6838470e-05   1.5739633e-02
  -3.3182185e-02   1.6115279e-01   6.3068364e-02  -9.3639313e-04  -2.0853339e-05   1.5528905e-02
  -3.1571996e-02   2.5987975e-01   1.0144826e-01  -1.4505140e-03   2.2708429e-05   1.5876545e-02
  -3.3896803e-02   1.7685219e-01   7.9421088e-02  -9.1474032e-04   1.6407751e-04   1.5803560e-02
  -2.2817998e-02   2.5085102e-01   9.5630749e-02  -1.1304662e-03   1.7933664e-04   1.6009108e-02
  -2.5801627e-02   1.4737180e-01   5.6674225e-02  -9.1057513e-04   6.0393280e-05   1.5819126e-02
  -1.5864689e-02   2.8970577e-01   8.4241727e-02  -1.6606214e-03  -1.8326040e-04   1.6026401e-02
  -4.0080642e-03   1.5472492e-01   4.9997701e-02  -6.8078597e-04  -2.4863788e-04   1.5545531e-02
  -1.6013641e-02   2.8195584e-01   1.0183495e-01  -1.1492734e-03   9.4431822e-05   1.6004701e-02
  -1.9001150e-02   1.5288683e-01   6.6998012e-02  -4.2165650e-04   4.1753770e-05   1.5678864e-02
  -1.4371948e-02   2.7019082e-01   9.0599623e-02  -9.5836431e-04   6.5702627e-05   1.5847071e-02
  -1.6987819e-02   1.6715541e-01   6.3134443e-02  -5.8003964e-04  -2.8486233e-05   1.5628891e-02
  -1.3844557e-02   2.6668895e-01   8.1264977e-02  -1.1763905e-03  -6.7620342e-05   1.5791797e-02
  -2.0960787e-02   1.7429331e-01   6.9882887e-02  -5.8646712e-04   2.6672847e-04   1.5657985e-02
  -2.1430311e-02   2.5027136e-01   9.7985284e-02  -1.1496934e-03   1.4940728e-04   1.5901305e-02
  -2.6827416e-02   1.7946302e-01   8.3929970e-02  -1.0125432e-03   1.7014817e-04   1.5967206e-02
   1.0608792e-02   2.2297056e-01   9.3129340e-02  -1.2282078e-03  -2.5478364e-05   1.5943319e-02
  -2.8970211e-02   1.6006074e-01   6.7801274e-02  -8.1277708e-04   3.7759987e-04   1.5870859e-02
  -2.0408251e-02   2.7702371e-01   7.5780538e-02  -1.2995141e-03   1.3697375e-04   1.6077127e-02
  -1.6297489e-02   1.6321575e-01   5.8381544e-02  -5.2211774e-04   5.4482713e-05   1.5797953e-02
  -1.4290248e-02   2.6366929e-01   9.1576499e-02  -1.0779659e-03   1.6971788e-04   1.6014107e-02
  -1.4704074e-02   1.8192350e-01   6.9941269e-02  -9.2855573e-04   1.6357610e-04   1.5820287e-02
   2.6587038e-03   2.5290179e-01   8.7313937e-02  -1.3404905e-03  -1.1447265e-04   1.5904014e-02
   4.9814600e-04   2.1807080e-01   8.7063123e-02  -1.0130585e-03  -1.2024588e-05   1.5975992e-02
   4.8990240e-03   2.4333999e-01   7.8355647e-02  -7.4636613e-04   1.0594255e-04   1.6022771e-02
   9.0002327e-03   2.2406532e-01   7.2168226e-02  -1.1314380e-03  -1.1646858e-04   1.6115547e-02
   3.0587296e-03   2.3351620e-01   8.2980803e-02  -7.5858830e-04  -2.2568499e-04   1.5913457e-02
  -3.2080668e-03   2.3633978e-01   1.0849080e-01  -1.2084811e-03  -1.0850682e-04   1.6135008e-02
   1.2044159e-02   2.2409280e-01   5.7814565e-02  -1.2605391e-03  -2.3682368e-04   1.5810311e-02
   4.2949633e-03   2.2924063e-01   7.0586039e-02  -1.3466993e-03  -3.2319169e-04   1.6025601e-02
   1.0775456e-02   2.3629068e-01   6.2824051e-02  -1.0529213e-03  -4.6223261e-04   1.5815798e-02
   1.7494360e-02   2.4955396e-01   8.1023758e-02  -1.1714662e-03  -5.5224890e-04   1.6067614e-02
   1.2162448e-02   2.1949935e-01   5.8988454e-02  -5.4205425e-04  -4.4562147e-04   1.5871413e-02
   2.8484568e-02   2.6968527e-01   7.9214425e-02  -1.1269885e-03  -8.1556042e-04   1.6087104e-02
   1.5095776e-02   2.0890054e-01   6.1938543e-02  -5.2873907e-04  -7.0263438e-04   1.5697508e-02
  -3.9812281e-03   2.2686454e-01   9.1451332e-02  -9.6995174e-04  -5.1819945e-04   1.6034487e-02
   1.4604346e-03   2.2114180e-01   5.9386555e-02  -8.5691865e-04  -7.1378139e-04   1.5652114e-02
   6.8044784e-03   2.2208972e-01   8.7201837e-02  -1.0214288e-03  -8.1350378e-04   1.5856528e-02
  -8.3158706e-03   2.3267969e-01   1.0033797e-01  -7.8782045e-04  -4.9999077e-04   1.6069838e-02
  -2.6112650e-03   2.0675122e-01   8.2286917e-02  -8.0929799e-04  -4.6498214e-04   1.6383164e-02
   8.0070496e-03   2.8419173e-01   5.9797321e-02  -1.3148425e-03  -5.0204812e-04   1.6301167e-02
   9.5452066e-03   1.5450636e-01   3.8608952e-02  -3.2369924e-04  -6.1530371e-04   1.5662429e-02
   2.3673027e-02   2.8722653e-01   8.0189207e-02  -9.9330206e-04  -7.0510211e-04   1.6078266e-02
   1.6110710e-02   1.7676843e-01   4.3123990e-02  -7.6241277e-04  -6.5004073e-04   1.5370509e-02
   3.4101940e-02   3.0629244e-01   9.9550514e-02  -1.3792362e-03  -1.0367064e-03   1.5827972e-02
   2.2358011e-03   1.8109713e-01   7.5333944e-02  -3.6818267e-04  -5.6224119e-04   1.5280755e-02
   1.6001915e-02   3.0202166e-01   1.0124034e-01  -8.7795618e-04  -8.4719713e-04   1.5782237e-02
   1.0348285e-02   1.7964280e-01   6.3161200e-02  -4.2992274e-04  -9.0732655e-04   1.5179114e-02
   9.6223877e-03   2.9531451e-01   1.0981411e-01  -9.8919018e-04  -1.1118539e-03   1.5327538e-02
  -1.2089337e-02   1.7998692e-01   7.9188774e-02  -3.0034253e-04  -1.0588867e-03   1.4898692e-02
  -6.3394989e-03   3.1812859e-01   1.0537070e-01  -1.0759191e-03  -1.1544409e-03   1.5172697e-02
  -3.0243350e-03   1.9205905e-01   6.3259024e-02  -6.0724282e-04  -1.2216115e-03   1.4726207e-02
  -6.2833833e-04   3.0946912e-01   1.0298863e-01  -1.4347740e-03  -1.2873404e-03   1.5042033e-02
  -1.0617673e-02   2.0987071e-01   6.7976160e-02  -4.8486581e-04  -1.3812991e-03   1.4490358e-02
   2.9166350e-03   2.6546129e-01   7.8722006e-02  -9.4378305e-04  -1.6165475e-03   1.4729441e-02
   1.5534085e-02   2.3861188e-01   6.2896329e-02  -3.8610983e-04  -1.4040273e-03   1.4708203e-02
   3.2255900e-03   2.3293517e-01   8.6165294e-02  -5.1740802e-04  -1.3194554e-03   1.4845437e-02
   8.8408022e-03   2.6030800e-01   8.5092650e-02  -4.0668789e-04  -1.1739076e-03   1.4874826e-02
   5.7443148e-03   1.9964416e-01   6.3339550e-02  -3.1548554e-04  -1.1145175e-03   1.4954032e-02
   1.4054293e-02   3.2376644e-01   9.0311176e-02  -1.1090153e-03  -1.1894718e-03   1.5320111e-02
   1.2693114e-02   1.3918542e-01   5.1693354e-02   1.4486096e-04  -1.2236894e-03   1.4733571e-02
   1.0235958e-02   3.2068716e-01   1.0971682e-01  -1.1332940e-03  -1.0941110e-03   1.5142871e-02
  -2.8001937e-03   1.8017470e-01   6.2649266e-02  -1.9136882e-04  -1.1079962e-03   1.4763744e-02
   1.6611915e-02   2.5345708e-01   8.0545990e-02  -8.8610846e-04  -1.2871215e-03   1.5217435e-02
   1.2385248e-02   2.5343996e-01   5.0477716e-02  -9.4582719e-04  -1.0921020e-03   1.5284502e-02
   3.9252237e-02   1.7531400e-01   4.0676899e-02  -4.0652387e-04  -1.5730751e-03   1.5018536e-02
   5.0064876e-02   3.5068283e-01   9.8959822e-02  -4.1960089e-04  -8.5804677e-04   1.6055867e-02
   1.0866045e-02   7.7144433e-02   7.1738132e-02   2.2528193e-03  -1.7639626e-04   1.5801717e-02
   1.4240064e-02   5.3571589e-02   5.0837008e-02   2.1620306e-03  -6.4952803e-04   1.5936411e-02
   2.8436978e-02   2.1670970e-01   6.5230905e-02   1.3879573e-03  -7.7756533e-04   1.6055182e-02
   3.2390909e-02   7.0807219e-02   4.9227011e-02   1.9289346e-03  -7.4804692e-04   1.6131921e-02
   4.3251594e-02   1.8154062e-01   8.2402195e-02   1.5795430e-03  -5.9827088e-04   1.6638199e-02
   3.6322279e-02   8.3444624e-02   5.0716021e-02   2.0244207e-03  -6.2358616e-04   1.6268171e-02
   4.8695140e-02   1.8456322e-01   6.9803449e-02   1.3360380e-03  -7.0257622e-04   1.6564271e-02
   4.4070448e-02   1.0173670e-01   6.2189273e-02   1.3673204e-03  -8.0562435e-04   1.6066724e-02
   4.1467784e-02   1.8764287e-01   1.1839250e-01   9.8676281e-04  -9.1998481e-04   1.6057559e-02
   4.7050420e-02   1.0507910e-01   8.8096122e-02   1.4610596e-03  -6.3135332e-04   1.5964124e-02
   5.3424739e-02   1.9138909e-01   9.3224801e-02   1.1162863e-03  -6.6682514e-04   1.6320245e-02
   7.3472149e-02   8.8656429e-02   5.7684916e-02   1.6497173e-03  -7.8199731e-04   1.6128453e-02
   7.7668829e-02   1.9152441e-01   1.0611004e-01   1.2328167e-03  -8.2360704e-04   1.6406322e-02
   7.8322741e-02   1.0342017e-01   7.4576874e-02   1.6750961e-03  -6.6435430e-04   1.5817420e-02
   9.4907967e-02   2.2392251e-01   9.8276066e-02   9.0850730e-04  -8.0952332e-04   1.6230053e-02
   9.9616750e-02   8.6436666e-02   5.0206610e-02   1.5361633e-03  -6.9203207e-04   1.5993574e-02
   1.0161015e-01   2.4661938e-01   1.1643075e-01   1.0406146e-03  -7.8734723e-04   1.6570428e-02
   8.9517565e-02   8.8906667e-02   6.4770017e-02   1.8443733e-03  -6.0930095e-04   1.6108256e-02
   1.1456126e-01   1.9260649e-01   8.9614707e-02   1.1557053e-03  -9.5330833e-04   1.6702862e-02
   9.3926926e-02   9.4957189e-02   4.5480434e-02   1.9955733e-03  -7.8183946e-04   1.6205539e-02
   1.0671033e-01   2.2765353e-01   1.0216540e-01   1.6618526e-03  -1.0102315e-03   1.6520922e-02
   1.0508797e-01   3.8047917e-02   3.3423936e-02   2.4788154e-03  -7.6919322e-04   1.6182621e-02
   1.0745828e-01   1.9732162e-01   7.5906598e-02   1.3153610e-03  -1.1247649e-03   1.6534463e-02
   8.3562555e-02   8.6836957e-02   5.1898399e-02   2.0910188e-03  -9.2550002e-04   1.6136416e-02
   8.2695872e-02   1.2786031e-01   8.7001828e-02   1.7107573e-03  -9.0606914e-04   1.6508807e-02
   7.8851332e-02   1.6080509e-01   6.9961787e-02   1.5621539e-03  -9.4205617e-04   1.6498142e-02
   8.1240891e-02   9.1694062e-02   5.1229011e-02   1.9436833e-03  -1.0672948e-03   1.6274877e-02
   8.2174749e-02   2.0687341e-01   8.7243604e-02   1.4550059e-03  -1.1578590e-03   1.6545180e-02
   6.9389719e-02   7.0157478e-02   6.3859023e-02   2.2206854e-03  -1.0932142e-03   1.6084403e-02
   9.9260067e-02   2.4301614e-01   9.7321540e-02   1.2877307e-03  -1.3714951e-03   1.6686311e-02
   9.5786897e-02   5.9593446e-02   4.3765758e-02   2.2302385e-03  -1.1551988e-03   1.6334267e-02
   7.1608862e-02   2.0267929e-01   1.0203747e-01   1.5364837e-03  -1.1230749e-03   1.6666744e-02
   7.2650558e-02   9.9323790e-02   5.9123357e-02   1.9532432e-03  -1.1502408e-03   1.6385264e-02
   7.0175507e-02   2.0735652e-01   1.0389505e-01   9.9161196e-04  -1.1416909e-03   1.6836084e-02
   4.6187375e-02   6.5879797e-02   7.7402194e-02   2.3951922e-03  -8.3054729e-04   1.6522365e-02
   6.4026917e-02   1.5983378e-01   1.0336806e-01   1.6387932e-03  -1.3025053e-03   1.6936456e-02
   7.1427216e-02   1.1217825e-01   6.7508389e-02   2.2581154e-03  -1.3755722e-03   1.6807995e-02
   8.5601787e-02   1.1961832e-01   1.0484991e-01   2.0406281e-03  -1.1264384e-03   1.7071956e-02
   8.4388592e-02   2.3172927e-01   1.1737354e-01   1.6201441e-03  -1.0338599e-03   1.6906067e-02
   7.1283834e-02   6.3141053e-03   7.1205477e-02   2.8938941e-03  -1.2219646e-03   1.6444569e-02
   7.9863209e-02   8.1837999e-02   1.1313714e-01   3.8235568e-03  -1.3138879e-03   1.6806808e-02
   7.9485940e-02  -2.8760118e-02   5.8962772e-02   5.2224536e-03  -1.2684777e-03   1.6633724e-02
   6.6152619e-02   1.2086012e-01   1.0868999e-01   3.8877455e-03  -1.5125518e-03   1.6788326e-02
   4.7979342e-02  -3.9739158e-02   6.4491555e-02   4.9054553e-03  -1.3134090e-03   1.6299880e-02
   6.3677712e-02   8.6946883e-02   9.8474245e-02   4.0740085e-03  -1.5575765e-03   1.6808595e-02
   6.4077296e-02  -1.0107640e-01   3.0969213e-02   5.4876460e-03  -1.3871364e-03   1.7185562e-02
   4.6015553e-02   3.0719401e-02   5.1062339e-02   3.8229549e-03  -1.3066098e-03   1.7161726e-02
   5.7449524e-02   1.1038202e-01   9.6967193e-02   3.5230312e-03  -1.5594284e-03   1.7099414e-02
   5.0325999e-02  -2.1674827e-02   7.2847745e-02   4.3585380e-03  -1.3040449e-03   1.7084346e-02
   4.8699115e-02   1.5881405e-01   1.0166452e-01   3.2277284e-03  -1.5147594e-03   1.7357898e-02
   3.5370123e-02  -2.5844023e-02   6.3394141e-02   4.1350544e-03  -1.4239283e-03   1.7034720e-02
   3.9745604e-02   1.0356183e-01   1.1793964e-01   3.6583915e-03  -1.2530997e-03   1.7703979e-02
   4.2822681e-02   1.4917912e-02   5.9056440e-02   4.2038896e-03  -1.1450772e-03   1.7545437e-02
   3.3093397e-02   1.0871477e-01   7.9985968e-02   3.4926056e-03  -1.1948889e-03   1.7907838e-02
   3.4136985e-02   4.8678171e-03   5.0830750e-02   4.3942668e-03  -1.0558057e-03   1.7596418e-02
   3.9905856e-02   9.4392189e-02   7.6084342e-02   3.4664969e-03  -1.2137914e-03   1.7812994e-02
   3.5098609e-02   1.3400572e-02   3.2829291e-02   3.9767195e-03  -1.1664951e-03   1.7610540e-02
   4.3807546e-02   8.8320457e-02   8.5456185e-02   3.5586486e-03  -1.2694596e-03   1.7955836e-02
   3.8351662e-02  -3.5288098e-03   4.6309883e-02   4.1083256e-03  -1.1399287e-03   1.7702906e-02
   5.4107926e-02   9.4361445e-02   7.0973637e-02   3.6194866e-03  -1.4384048e-03   1.8014125e-02
   4.5012598e-02  -1.1159623e-02   4.9895589e-02   4.5833196e-03  -1.2006731e-03   1.7646435e-02
   6.0201740e-02   6.2302337e-02   7.3368147e-02   3.8006689e-03  -1.2996188e-03   1.7862938e-02
   5.0183858e-02   3.5864032e-02   5.9996802e-02   4.0316185e-03  -1.1942256e-03   1.7488799e-02
   6.0463369e-02   5.3088511e-02   8.5505426e-02   3.8301742e-03  -1.2074723e-03   1.7996468e-02
   6.5780768e-02   5.6284895e-02   3.8380445e-02   3.5784147e-03  -1.1442869e-03   1.7813583e-02
   7.1237628e-02   6.4473012e-02   6.1903475e-02   3.7951192e-03  -1.3368145e-03   1.7913666e-02
   5.7914998e-02   6.7602009e-02   5.2276066e-02   4.0376880e-03  -1.0480026e-03   1.7903914e-02
   6.3176059e-02   8.3982295e-02   5.2459089e-02   3.7656560e-03  -1.1286266e-03   1.7966005e-02
   5.3090796e-02   8.3176029e-02   5.8967102e-02   3.8786918e-03  -1.0545478e-03   1.7790517e-02
   5.6385907e-02   6.0228165e-02   6.6704846e-02   3.4352148e-03  -1.0948897e-03   1.7701178e-02
   5.6194876e-02   5.4828376e-02   6.1832159e-02   3.4161109e-03  -1.0850778e-03   1.7722467e-02
   5.1139473e-02   6.7455834e-02   9.3248602e-02   3.4952573e-03  -1.0551223e-03   1.7960630e-02
   4.1645752e-02   4.4061596e-02   5.0582234e-02   3.5476502e-03  -1.1935359e-03   1.7474148e-02
   5.2718181e-02   1.2850557e-01   9.8603517e-02   3.0884603e-03  -1.3021255e-03   1.7580147e-02
   5.8068263e-02   6.3453822e-02   6.3871125e-02   3.6433730e-03  -1.1564043e-03   1.7440777e-02
   7.7135793e-02   1.2430439e-01   8.4384095e-02   2.9966212e-03  -1.1875806e-03   1.7875636e-02
   7.9209957e-02   9.8234949e-02   9.7797513e-02   3.2588069e-03  -1.0020068e-03   1.7765745e-02
   9.2613356e-02   6.2990947e-02   5.9206418e-02   2.8782972e-03  -1.0152343e-03   1.7768017e-02
   1.0960751e-01   1.4553224e-01   9.4565574e-02   2.8022856e-03  -1.2587523e-03   1.8280282e-02
   9.7310742e-02   3.7223572e-02   5.5090495e-02   3.1860056e-03  -1.0190222e-03   1.7781636e-02
   1.0086089e-01   1.6775961e-01   7.6530687e-02   2.3266706e-03  -1.2708351e-03   1.7939153e-02
   9.5845999e-02   2.4307849e-02   4.3598182e-02   3.5962997e-03  -1.1210788e-03   1.7675617e-02
   1.0192942e-01   1.7904443e-01   9.3674729e-02   2.6224166e-03  -1.2448748e-03   1.8129909e-02
   1.0604434e-01   7.5089331e-03   3.0947116e-02   3.6502200e-03  -1.3638337e-03   1.7477903e-02
   9.5645761e-02   1.2675204e-01   8.4484255e-02   3.1699922e-03  -1.5539941e-03   1.7803333e-02
   8.6089072e-02   5.4477000e-02   3.4294961e-02   3.4384543e-03  -1.3714493e-03   1.7549299e-02
   7.9950880e-02   1.5540278e-01   9.8467885e-02   2.9679251e-03  -1.4872526e-03   1.7771484e-02
   7.2516334e-02   4.2321408e-02   5.8884328e-02   3.8898852e-03  -1.2091998e-03   1.7334483e-02
   7.7244011e-02   1.4640686e-01   9.1171157e-02   3.0517343e-03  -1.4890483e-03   1.7664991e-02
   7.5873897e-02   6.6167722e-02   6.2175746e-02   3.7168980e-03  -1.3572603e-03   1.7098420e-02
   7.0115680e-02   1.3364149e-01   9.5541489e-02   3.1402500e-03  -1.4189166e-03   1.7419759e-02
   6.0053966e-02   1.1026301e-01   5.3907595e-02   3.2236904e-03  -1.4067995e-03   1.7196446e-02
   5.8968718e-02   9.3804422e-02   7.0512012e-02   3.3020061e-03  -1.2507643e-03   1.7200556e-02
   4.6382165e-02   1.6424312e-01   9.8099922e-02   2.7954572e-03  -1.2434011e-03   1.7377580e-02
   5.6517674e-02   2.4979550e-02   4.5522163e-02   3.3399097e-03  -1.2641424e-03   1.7208981e-02
   4.9299672e-02   1.6357799e-01   1.0264452e-01   2.7974276e-03  -1.2740908e-03   1.7466730e-02
