   0.0000000e+00   0.0000000e+00   0.0000000e+00   0.0000000e+00   0.0000000e+00   0.0000000e+00
   9.4092073e-03  -4.8346250e-02  -3.2917122e-02   4.1080352e-04   1.2444701e-04   2.8763785e-04
   8.8060442e-03   2.8052831e-02   1.1515930e-02   1.1557333e-04   3.2438875e-04   6.0817900e-04
   1.3170654e-02  -6.1218911e-02  -5.5763332e-02   3.3431895e-04   4.1177654e-04   7.7345511e-04
   9.2255021e-03   2.3841346e-02  -9.8180225e-03   1.4334205e-04   5.6939501e-04   1.0318543e-03
   1.4430885e-02  -6.9216820e-02  -3.2626318e-02   4.8796482e-04   5.9875337e-04   8.2464856e-04
  -2.1161534e-02  -2.8598561e-02  -1.2620514e-01   1.1024667e-03   6.6775597e-04   2.0547101e-03
   2.7391742e-03   9.7537241e-03  -2.8756290e-03   2.1478655e-04   9.9768299e-04   1.8139684e-03
   6.3654279e-03  -3.8820091e-02  -4.3144329e-02   9.2072525e-05   7.7004578e-04   1.8525757e-03
   1.4069462e-02   6.0562231e-02  -9.9707314e-03  -4.3061401e-04   6.8401324e-04   2.2569570e-03
  -5.3208381e-03  -3.7697740e-02  -1.9678553e-02   2.7566074e-04   9.1657423e-04   1.7119959e-03
   6.3718447e-03   2.3344608e-02  -4.8686851e-02  -3.6939402e-04   7.8803721e-04   1.9713365e-03
   1.1101434e-02   1.0022178e-02  -8.5051923e-03  -4.9973708e-05   8.4286321e-04   1.9700698e-03
   8.3512026e-03  -4.1055002e-02  -4.9124405e-02  -9.3318575e-05   7.9695677e-04   1.5858274e-03
   1.9194519e-02   4.3368838e-02  -2.6972285e-02  -1.0825359e-03   5.4803184e-04   1.6650548e-03
   7.7114163e-03  -3.4603553e-02  -2.9174532e-02  -4.2067086e-04   6.8017806e-04   1.3644838e-03
   1.6073361e-02   5.0839651e-03  -4.6852855e-02  -1.2409308e-03   3.8656248e-04   1.6031729e-03
   2.2625905e-02   2.0075077e-02  -1.1183811e-02  -6.1935395e-04   3.4240722e-04   1.8025616e-03
   1.8399730e-02  -3.8688431e-02  -5.6499574e-02  -3.2679281e-04   6.5469925e-04   1.6439940e-03
   2.0532549e-02   5.1042209e-02  -1.7568881e-02  -8.7939635e-04   5.8658362e-04   1.7515471e-03
   8.0126539e-03  -1.1701733e-02  -3.4894883e-02  -5.0683880e-04   7.6761685e-04   1.4130662e-03
   1.3894822e-02   8.1488653e-03  -3.1348940e-02  -6.2859587e-04   7.5229377e-04   1.6306849e-03
   9.1982481e-03   3.4424714e-02  -6.2142216e-03  -5.0356993e-04   9.1719484e-04   1.8129225e-03
   1.2446814e-02  -2.7733291e-02  -3.8543472e-02  -4.5833713e-04   8.2189839e-04   1.5102776e-03
   1.4471962e-02   2.3804592e-02  -2.9688136e-02  -7.1209701e-04   7.9928507e-04   1.6937300e-03
   9.0124537e-03  -4.2598942e-02  -2.8443115e-02  -4.3417987e-05   9.7521236e-04   1.4422748e-03
   2.4314557e-02   6.7509790e-02   1.6081481e-03  -9.4580542e-04   7.9421581e-04   2.0796305e-03
   2.7640330e-02  -3.6980571e-02  -2.6945407e-02  -1.4581886e-04   7.4161102e-04   1.7131819e-03
   2.9650654e-02   3.5108680e-02  -8.5483365e-03  -6.0650224e-04   7.0351058e-04   1.9055431e-03
   3.0784651e-02   4.4500587e-03  -2.6661956e-02  -4.1793864e-04   7.0559802e-04   1.9562665e-03
   2.0965850e-02  -3.5736299e-02  -4.3851433e-02   2.5020895e-05   1.0659791e-03   2.1861390e-03
   2.8377887e-02  -2.1894115e-02  -2.6041265e-02  -7.2910704e-05   1.1519989e-03   2.3113408e-03
   3.5286245e-02  -3.2751922e-02  -6.1715589e-02  -2.5639716e-04   1.0626750e-03   2.0946009e-03
   2.9850427e-02   2.8673186e-02   1.2146186e-02   5.0775977e-04   1.2296540e-03   2.3486022e-03
   3.9582975e-02  -1.3192881e-01  -7.0330339e-02   1.4180494e-03   1.0476114e-03   2.6864512e-03
   3.1535691e-02  -2.6406969e-02  -4.9598521e-02   8.1013449e-04   1.3623831e-03   3.0961724e-03
   1.9309082e-02  -1.2353736e-01  -8.4408103e-02   1.7353478e-03   1.5200325e-03   2.8133911e-03
   2.9064866e-02  -6.4397222e-02  -5.9022063e-02   6.5260665e-04   1.2267894e-03   3.0616584e-03
   4.0155114e-02  -8.3508644e-02  -7.6739919e-02   9.0108049e-04   1.1538864e-03   2.8851618e-03
   4.5798948e-02  -6.9137125e-02  -6.8051784e-02   8.6098176e-04   1.1641474e-03   2.8839201e-03
   3.4125933e-02  -7.2115480e-02  -5.3568711e-02   8.8727901e-04   1.4253624e-03   2.9534540e-03
   2.8555692e-02  -6.6222922e-02  -5.9403950e-02   5.7353606e-04   1.3503548e-03   2.3705894e-03
   4.7973503e-02  -6.6009738e-03  -3.2635441e-02  -4.3702936e-05   1.0917529e-03   2.6510472e-03
   2.3639019e-02  -5.9694116e-02  -4.2185133e-02   2.5288009e-04   1.4407926e-03   2.5663035e-03
   3.4041750e-02  -6.6060605e-02  -7.0729107e-02   4.5920333e-04   1.1535169e-03   2.6243562e-03
   3.1957080e-02  -1.4369667e-02  -2.8967856e-02   1.9079486e-04   1.1248356e-03   3.0187291e-03
   8.8479374e-03  -9.5728067e-02  -3.4239483e-02   1.4322123e-03   1.4760695e-03   2.7239280e-03
   2.4250830e-03  -5.2940662e-03  -7.9416694e-03   4.6939698e-05   1.4626640e-03   3.0927254e-03
  -1.4728201e-02  -3.3103442e-02  -2.0735800e-03   5.1898230e-04   1.6370293e-03   3.0762781e-03
  -1.9635459e-02  -1.0098460e-01  -3.8802187e-02   1.1977056e-03   1.8184165e-03   2.8850565e-03
  -2.5111643e-02  -1.3799520e-02  -1.1797006e-02   2.4186963e-04   1.5555712e-03   2.9722138e-03
  -3.1225044e-02  -8.5751772e-02  -2.9524283e-02   9.8871211e-04   1.6106877e-03   2.8687478e-03
  -4.5285414e-02  -2.6658117e-02  -1.5358605e-02   7.8321361e-04   2.0440903e-03   3.2448420e-03
  -4.5578793e-02  -8.4459387e-02  -4.0643304e-02   1.2177589e-03   1.9940153e-03   2.9779423e-03
  -5.8607497e-02   6.8236679e-02  -3.6500378e-03   1.2425985e-04   2.1153528e-03   3.2060947e-03
  -5.6631875e-02  -8.8873873e-02   5.6789870e-03   9.1108414e-04   2.5453913e-03   3.0178447e-03
  -5.3016797e-02  -5.8346887e-02  -7.7568977e-03   1.0492416e-03   2.4907123e-03   3.3304758e-03
  -5.7937471e-02  -1.1753173e-02  -3.8892581e-03   6.1369751e-04   2.4467852e-03   3.4058715e-03
  -4.7949044e-02  -7.4127638e-02  -3.5744329e-02   8.3861416e-04   2.3129817e-03   3.0585697e-03
  -4.3058234e-02  -1.7120283e-02  -5.3830162e-03   4.8717189e-04   2.5545526e-03   3.3937156e-03
  -4.6206564e-02  -4.9864086e-03   2.2047602e-02   2.1523581e-04   2.5712697e-03   3.2569970e-03
  -4.4925378e-02  -4.4907465e-02  -8.2423744e-03   3.2813119e-04   2.4171783e-03   3.2968676e-03
  -5.3077384e-02  -1.7876163e-02   2.6205212e-02   6.0206904e-04   2.5457757e-03   3.0365930e-03
  -4.2737889e-02  -4.8769864e-02   5.9727535e-03   6.9511578e-04   2.4733986e-03   2.8972856e-03
  -4.3919349e-02   9.2944035e-03   2.9982591e-02   2.4344944e-04   2.2810036e-03   2.9926150e-03
  -3.8360314e-02  -1.7114780e-02   2.1579163e-02   3.7552565e-04   2.2520256e-03   2.7470704e-03
  -3.5951569e-02  -2.1244642e-02   1.7786761e-02   3.0060202e-04   2.2666844e-03   2.6826245e-03
  -3.9818549e-02   1.3687376e-02   6.1353663e-02   2.1428113e-04   2.3257932e-03   2.9735984e-03
  -1.6241213e-02  -3.4753243e-02  -2.4142919e-02   2.3107828e-04   2.0923127e-03   2.6874356e-03
  -1.2658950e-02   3.6774111e-02   6.1419959e-02   2.7281758e-04   1.8939671e-03   2.8609341e-03
   6.7140192e-03  -4.6978682e-02   2.1988010e-02   7.9651798e-04   1.6918563e-03   2.7036988e-03
   2.6924893e-02   3.7367309e-02   5.9684577e-02  -1.6916413e-04   1.5362319e-03   2.7461573e-03
   2.5523526e-02  -6.0158459e-02   4.0284536e-02   1.2758778e-03   1.4463759e-03   2.2786333e-03
   4.8746829e-02   1.4870569e-02   3.8978439e-02   2.8385888e-04   1.0572303e-03   2.4702951e-03
   6.3458392e-02  -4.4379358e-02   3.4189517e-02   1.4254937e-03   1.1877201e-03   2.3593739e-03
   6.1713792e-02  -7.2188075e-03   4.1863625e-02   1.0332446e-03   1.4220910e-03   2.5046895e-03
   7.6491282e-02  -2.9287597e-02   8.4169571e-02   1.8030245e-03   1.5341101e-03   2.5772465e-03
   8.0715612e-02  -1.9545363e-02   5.6720077e-02   1.3678240e-03   1.8354753e-03   2.4954333e-03
   8.4838586e-02  -3.8107922e-02   1.1308106e-01   2.2914027e-03   2.2172028e-03   2.5353986e-03
   7.9644660e-02  -8.3902968e-02   5.8246478e-02   2.4447865e-03   2.3527044e-03   2.0055359e-03
   9.1239729e-02  -1.1799760e-02   1.3764116e-01   2.3764376e-03   2.2837646e-03   1.9242793e-03
   7.5679356e-02  -1.2220072e-01   9.5015863e-02   3.2784221e-03   2.7508096e-03   1.4118423e-03
   7.9341336e-02   2.0959100e-02   1.5637326e-01   2.3651648e-03   2.6360881e-03   1.8194961e-03
   7.4563425e-02  -1.1820855e-01   9.2412640e-02   3.3257693e-03   3.0330134e-03   1.3422161e-03
   9.1637730e-02  -2.0407573e-02   1.7671916e-01   3.5280389e-03   3.1649860e-03   1.6675231e-03
   7.0533049e-02  -1.1908548e-01   1.3519647e-01   4.2262579e-03   3.6217404e-03   1.5926093e-03
   6.4942420e-02   3.0917347e-02   2.0515033e-01   2.6195543e-03   3.3937802e-03   2.0698730e-03
   6.8243634e-02  -1.5448100e-01   1.7227876e-01   4.5438717e-03   3.4037576e-03   1.6944812e-03
   7.0792388e-02  -7.5755521e-02   1.6113833e-01   3.7673962e-03   3.4744384e-03   1.8620962e-03
   4.8580596e-02  -5.5173010e-02   1.6442917e-01   3.6168107e-03   3.3759152e-03   2.2189554e-03
   5.4909231e-02  -1.1190206e-01   1.5645837e-01   4.0499799e-03   3.3465665e-03   1.9511818e-03
   5.7178285e-02  -2.9042562e-02   1.8749800e-01   3.5614587e-03   3.4258892e-03   2.0846722e-03
   6.0643522e-02  -1.1358803e-01   1.7891352e-01   4.5538720e-03   3.4558475e-03   1.6432107e-03
   5.8390002e-02  -9.6414481e-02   1.6961844e-01   4.3972476e-03   3.3216183e-03   1.9332939e-03
   4.8717153e-02  -7.7488238e-02   2.0603953e-01   4.2801412e-03   3.4573445e-03   2.2574134e-03
   5.4287821e-02  -1.2906684e-01   1.2796044e-01   4.1720167e-03   3.3672500e-03   2.1398470e-03
   6.7450375e-02  -4.7536298e-02   2.0489421e-01   3.9618623e-03   3.1335014e-03   2.5693144e-03
   5.3952230e-02  -1.8683529e-01   1.8488499e-01   5.5016557e-03   3.1950462e-03   2.2983810e-03
   5.4059826e-02  -6.1034309e-02   1.9160292e-01   4.2351677e-03   2.8346335e-03   2.6768038e-03
   6.1451135e-02  -1.1184289e-01   2.1897386e-01   5.0302596e-03   2.9410512e-03   2.5425200e-03
   5.6452640e-02  -1.0651112e-01   2.1541994e-01   4.8275488e-03   2.9615699e-03   2.4076685e-03
   6.5406162e-02  -7.5355429e-02   2.2778856e-01   4.2368544e-03   2.8771291e-03   2.5925129e-03
   6.8772602e-02  -1.1554376e-01   2.1865479e-01   4.7951235e-03   3.0053228e-03   2.4806148e-03
   6.2479590e-02  -8.7814634e-02   2.3700692e-01   4.9161746e-03   2.8821036e-03   2.5383343e-03
   4.1764001e-02  -1.0935941e-01   2.4103009e-01   4.9681435e-03   2.9126011e-03   2.5045520e-03
   4.2459697e-02  -7.3870218e-02   2.1188934e-01   4.4597612e-03   2.5762944e-03   2.5041692e-03
   2.4018136e-02  -1.0960686e-01   2.4877491e-01   5.1936083e-03   2.7423915e-03   2.4346147e-03
   3.0677287e-02  -1.0945933e-01   1.9518155e-01   4.8691916e-03   2.6801720e-03   2.2795385e-03
   5.6988869e-02  -6.0043628e-02   2.7995297e-01   4.7855473e-03   2.3587862e-03   2.4846550e-03
   5.3798916e-02  -1.8074487e-01   2.2356206e-01   5.6501346e-03   2.7247754e-03   2.1609982e-03
   5.5886597e-02  -4.7026856e-02   2.9472170e-01   4.9521817e-03   2.6495350e-03   2.5799865e-03
   4.3318471e-02  -1.4195586e-01   2.3834024e-01   6.0168552e-03   2.6476677e-03   2.2894955e-03
   5.5198277e-02  -2.9381340e-02   3.0888946e-01   5.0585568e-03   2.4591319e-03   2.6315692e-03
   5.9213180e-02  -1.5292469e-01   2.5248971e-01   6.0315708e-03   2.4094282e-03   2.1693821e-03
   7.5279537e-02  -2.7934917e-02   2.8071103e-01   4.9014295e-03   2.2372589e-03   2.4603445e-03
   5.9194882e-02  -1.2538973e-01   2.8153725e-01   5.9879485e-03   2.6112916e-03   2.3487504e-03
   6.2112640e-02  -1.3510391e-01   2.3275071e-01   5.5520245e-03   2.3906400e-03   1.9739450e-03
   5.3273946e-02  -3.4829823e-02   3.0800080e-01   4.7559060e-03   2.2929601e-03   2.0389436e-03
   3.3987439e-02  -1.6344521e-01   2.7431734e-01   6.2790620e-03   2.3247430e-03   1.7438361e-03
   2.4747149e-02  -5.4547901e-02   3.2890696e-01   5.5131016e-03   2.2100732e-03   1.8614499e-03
   5.5692278e-02  -1.1189137e-01   3.1148552e-01   6.1313100e-03   2.4952826e-03   1.8749221e-03
   6.1775039e-02  -1.1610330e-01   3.0809497e-01   6.4035791e-03   2.8037540e-03   1.7142681e-03
   8.2212977e-02  -1.1954346e-01   3.6557655e-01   6.7004603e-03   2.7804530e-03   2.0440084e-03
   6.7501837e-02  -5.8322184e-02   3.7771290e-01   5.8939403e-03   2.7077176e-03   1.8737473e-03
   7.7429316e-02  -1.1767802e-01   3.9630465e-01   6.8837540e-03   2.8243428e-03   1.6056075e-03
   7.6944394e-02  -1.2142440e-01   4.2417915e-01   7.5037836e-03   2.9466033e-03   1.3535690e-03
   9.0137719e-02  -5.9463703e-02   5.2389791e-01   7.2543653e-03   2.9700989e-03   1.5195027e-03
   7.6921168e-02  -1.8276650e-01   4.5972275e-01   8.0247856e-03   3.0353857e-03   1.0557137e-03
   7.6420017e-02  -8.3425492e-02   4.9164253e-01   7.9093900e-03   2.9458126e-03   1.1855263e-03
   4.9362147e-02  -1.6944599e-01   4.8871962e-01   8.9352893e-03   3.3524455e-03   8.5501210e-04
   5.2387769e-02  -8.6432366e-02   5.0780326e-01   7.9036769e-03   3.3392971e-03   1.0704482e-03
   5.0247821e-02  -1.8280563e-01   5.1049845e-01   8.9711888e-03   3.0171649e-03   9.2421589e-04
   5.8227019e-02  -4.8965632e-02   5.1950482e-01   7.6607623e-03   3.0778347e-03   9.8833787e-04
   5.8132799e-02  -1.7130037e-01   4.9780368e-01   8.3744684e-03   2.9773010e-03   8.1645481e-04
   4.4231774e-02  -1.2474515e-01   4.4423852e-01   7.7228189e-03   3.1953038e-03   6.1056522e-04
   5.8792958e-02  -1.5083469e-01   4.8328703e-01   8.5335694e-03   3.1169805e-03   5.8658994e-04
   5.6709722e-02  -1.1218688e-01   4.7682269e-01   8.3407803e-03   3.3248387e-03   3.7804542e-04
   7.8215310e-02  -9.6964800e-02   4.9040647e-01   8.1596140e-03   3.3424540e-03   3.5547809e-04
   7.1929968e-02  -1.0329620e-01   4.4276115e-01   8.0474025e-03   3.6587502e-03   2.3806849e-04
   7.7423222e-02  -9.2438528e-02   4.8970617e-01   8.0425795e-03   3.7309795e-03   3.8735335e-04
   7.5087107e-02  -1.1179491e-01   4.7153785e-01   7.8581684e-03   3.5586970e-03   2.1330148e-04
   6.2833504e-02  -7.0872580e-02   4.5477335e-01   7.2318705e-03   3.4525132e-03   1.6440273e-04
   6.8480032e-02  -6.8293569e-02   4.8140443e-01   7.6386309e-03   3.3744425e-03   1.6901723e-04
   6.0369396e-02  -1.2646328e-01   4.4733701e-01   8.0702340e-03   3.3596907e-03  -1.4550633e-04
   6.7493331e-02  -4.1098746e-02   5.1453848e-01   7.5293384e-03   3.3224273e-03  -1.3032224e-04
   5.6943298e-02  -1.3426984e-01   4.5240260e-01   8.0676071e-03   3.6160211e-03  -5.2958131e-04
   6.2557615e-02  -1.4652109e-01   5.0265000e-01   8.9895625e-03   3.3663720e-03  -5.4684356e-04
   4.6744621e-02  -1.2475229e-01   4.7276551e-01   7.7557277e-03   4.0207080e-03  -3.1930166e-05
   5.1219000e-02  -4.1879429e-02   5.3349600e-01   7.1039721e-03   3.7378875e-03  -7.8921202e-05
   3.3253353e-02  -1.2918068e-01   4.9813554e-01   6.8495957e-03   3.6596062e-03  -3.8024492e-04
   1.7674112e-02  -1.4212720e-02   5.4441401e-01   5.8421348e-03   3.4790264e-03  -6.4574177e-04
   2.9300563e-02  -1.6004766e-01   5.1565572e-01   7.3289165e-03   3.6227609e-03  -9.3607683e-04
   2.8540215e-02  -7.4753794e-03   5.6621535e-01   5.9467056e-03   3.1944222e-03  -9.0053267e-04
   2.8723572e-02  -1.6239689e-01   4.8789134e-01   6.9613680e-03   3.1651264e-03  -1.4086917e-03
   2.7885426e-02   1.7068943e-02   5.5978991e-01   6.2918950e-03   2.7529360e-03  -1.4714760e-03
   1.0345193e-02  -1.4452316e-01   5.1664714e-01   7.9692048e-03   2.9659558e-03  -1.8357702e-03
   2.4139259e-02  -2.9098919e-03   5.5990758e-01   6.5321845e-03   2.9191379e-03  -1.5807139e-03
   1.1746720e-02  -1.5162029e-01   5.2330848e-01   7.7114109e-03   2.8069428e-03  -1.9233133e-03
   2.7365757e-03  -3.3322355e-02   5.6249982e-01   6.5001926e-03   2.3063528e-03  -1.9723326e-03
   6.4993986e-04  -9.1512507e-02   5.1952607e-01   6.6046849e-03   2.3618068e-03  -2.0454672e-03
   1.1016263e-02  -7.9147094e-02   5.0006286e-01   6.6164044e-03   2.5078523e-03  -1.7179542e-03
   2.1881323e-02  -1.1158525e-01   5.5381004e-01   7.3507661e-03   2.8509910e-03  -1.7343525e-03
   1.5556181e-02  -1.1553843e-01   5.2097449e-01   7.1522647e-03   3.0166525e-03  -2.2318227e-03
   2.4637397e-02  -5.3413257e-02   5.5975325e-01   6.6425367e-03   2.7621591e-03  -2.1516696e-03
   1.0638275e-02  -1.4162860e-01   5.1204193e-01   7.2698826e-03   3.1059328e-03  -2.4632316e-03
   1.3053887e-02  -5.3590704e-02   5.3159593e-01   6.5638415e-03   2.8330108e-03  -2.2624942e-03
   7.9452469e-03  -9.8806993e-02   5.5413656e-01   7.2095690e-03   2.8314820e-03  -2.2390286e-03
  -1.5420604e-02  -8.9066038e-02   5.3895397e-01   7.1528606e-03   3.2244743e-03  -2.3944078e-03
  -3.7411754e-02  -7.7078801e-02   5.0651508e-01   6.6707858e-03   3.0661548e-03  -2.0285271e-03
  -3.0932262e-02  -8.4461829e-02   4.7458783e-01   6.5918679e-03   2.8848134e-03  -1.9854236e-03
  -2.7429580e-03  -6.5472862e-02   5.5079576e-01   7.0371634e-03   3.0026062e-03  -2.2085370e-03
  -8.6423989e-03  -1.4687666e-01   5.1547918e-01   7.5616033e-03   3.2199253e-03  -2.4794287e-03
   1.3525131e-02  -8.5133296e-02   5.6227368e-01   7.0113122e-03   3.0078005e-03  -2.4420150e-03
   2.3369808e-02  -1.3285208e-01   5.1746635e-01   6.9321071e-03   2.9541096e-03  -2.4773453e-03
   1.8876749e-02  -6.8541534e-02   5.5315879e-01   6.6401708e-03   2.7870878e-03  -2.3439343e-03
   1.0117650e-02  -1.4531039e-01   5.2965836e-01   7.3662401e-03   2.9638914e-03  -2.5336827e-03
  -1.0694974e-02  -9.0573277e-02   4.7612435e-01   6.5519812e-03   2.9241581e-03  -2.6160876e-03
   7.5321834e-03  -7.4813640e-02   5.4939988e-01   6.8844393e-03   2.5943559e-03  -2.4680601e-03
   1.2337951e-03  -1.6081507e-01   4.9579827e-01   7.1990294e-03   2.8215713e-03  -2.8985551e-03
  -1.2991320e-03  -1.8018416e-02   5.0383519e-01   6.4542657e-03   2.8348250e-03  -2.8906744e-03
  -1.5733474e-02  -1.9403661e-01   4.8359075e-01   8.0174457e-03   2.9754902e-03  -3.0461630e-03
  -3.8469258e-03  -8.3228637e-02   5.2073106e-01   6.7016716e-03   2.8269166e-03  -3.0856400e-03
   3.5079128e-03  -1.4429394e-01   4.9997543e-01   7.6432267e-03   2.7555308e-03  -3.1616958e-03
   8.0595190e-03  -1.0942947e-01   5.1845713e-01   7.4388191e-03   2.7222172e-03  -3.0689689e-03
   5.2903312e-04  -1.4731118e-01   4.9705398e-01   7.4474478e-03   2.7541159e-03  -3.0266329e-03
  -7.5542812e-04  -7.0989966e-02   5.5715168e-01   7.1132743e-03   2.6198585e-03  -2.7599404e-03
  -7.6393219e-03  -1.5277084e-01   5.1672096e-01   6.7669312e-03   2.7117735e-03  -3.1781939e-03
  -3.0972495e-02  -9.8122286e-03   6.6317401e-01   6.0361163e-03   3.3624650e-03  -3.3672196e-03
