   0.0000000e+00   0.0000000e+00   0.0000000e+00   0.0000000e+00   0.0000000e+00   0.0000000e+00
   1.2762393e-02   5.8122863e-02   1.2375435e-01  -5.9415980e-04   2.8533199e-04   8.3010733e-04
   1.6203376e-02  -7.1544388e-03   1.3753488e-01  -1.5671128e-04   6.0834551e-05   1.1316200e-03
   1.9406020e-02   4.8366542e-02   1.0050185e-01  -7.7694166e-04   1.1730440e-04   1.2214724e-03
   8.9511754e-03  -1.0628800e-01  -1.3776691e-01  -1.2379589e-03   7.7231412e-04   1.2974423e-03
   1.6606339e-02  -4.7010841e-02  -2.3989220e-01  -2.5631638e-03   1.0414904e-03   1.5685033e-03
   1.1836999e-02  -1.4534432e-01  -1.3988024e-01  -1.2751114e-03   1.1027222e-03   1.5788298e-03
   1.7565505e-02  -9.0700659e-02  -1.4503919e-01  -1.5932302e-03   1.1473175e-03   1.7593535e-03
   3.1913920e-02  -2.5258197e-01  -2.6009830e-01   2.0170808e-04   1.8868628e-03   1.2252580e-03
   2.7080374e-02  -1.2577849e-01  -2.2415843e-01  -9.9966741e-04   1.8298485e-03   1.5636661e-03
   2.7851865e-02  -2.2357256e-01  -1.7712018e-01  -2.6857074e-04   1.6942930e-03   1.6223397e-03
   4.2155718e-02  -8.9157394e-02  -1.5015652e-01  -1.3410821e-03   1.3149309e-03   1.8509247e-03
   3.8771650e-02  -1.7811028e-01  -1.3843678e-01  -1.3287068e-03   9.4993372e-04   1.7584068e-03
   5.0812206e-02  -6.7024459e-02  -8.2796654e-02  -1.8763760e-03   6.3879341e-04   1.9133771e-03
   4.8803425e-02  -1.3568743e-01  -1.1768420e-01  -1.7833270e-03   5.9136157e-04   2.0854053e-03
   5.3226454e-02  -2.6419948e-02  -5.3191810e-02  -2.1722996e-03   5.0490141e-04   2.3094191e-03
   4.9659220e-02  -1.2370984e-01  -9.5888833e-02  -1.6535389e-03   5.0254039e-04   2.4008709e-03
   6.4416316e-02  -8.8998587e-04  -7.0179489e-02  -1.7312122e-03   3.3843610e-04   2.7181347e-03
   5.0751413e-02  -1.3033621e-01  -1.0787411e-01  -7.5299807e-04   6.3208165e-04   2.7502502e-03
   4.6136528e-02  -1.7033492e-02  -9.4402331e-02  -2.0678316e-03   7.1561581e-04   2.6105763e-03
   4.7065508e-02  -4.8276150e-02  -7.2365273e-02  -1.6527531e-03   5.7589296e-04   2.9260841e-03
   4.2006873e-02  -1.6214419e-01  -1.0590245e-01  -6.9909858e-04   5.9241126e-04   2.7813494e-03
   5.4673507e-02   2.8986411e-02  -2.4486268e-02  -1.6035382e-03   5.4575542e-04   2.8195818e-03
   4.5175343e-02  -2.3823133e-01  -4.9928285e-02   1.5935864e-03   5.1434605e-04   2.8196178e-03
   6.0131305e-02  -5.3972111e-02  -3.9137057e-03  -3.2246508e-04   2.7019237e-04   3.2250187e-03
   6.0452547e-02  -1.4799039e-01  -6.6607199e-02   9.4461615e-04   2.8235638e-04   2.9958085e-03
   5.8414021e-02  -1.0267707e-01  -5.3776997e-03   3.5652958e-04   4.3276662e-04   2.9956559e-03
   6.3675457e-02  -8.6279605e-02   2.4241359e-02   5.9415797e-05   3.0059013e-04   3.1545430e-03
   6.9804410e-02  -1.2739947e-01   2.7803248e-02   8.6758642e-04   2.3355618e-04   3.2216560e-03
   6.9348987e-02  -8.9745550e-02   2.4932485e-02   5.2840414e-04   2.9337780e-04   3.2455899e-03
   7.6120154e-02  -1.3723052e-01   2.5316077e-02   1.4595545e-03   2.7493485e-04   3.3665484e-03
   8.3220251e-02  -5.3974473e-02   7.2866351e-02  -1.9619861e-04   4.1485673e-04   3.2661368e-03
   7.2455267e-02  -1.1393410e-01   8.4505475e-02   2.5440246e-04   6.3979137e-04   3.3571274e-03
   6.6318464e-02   2.4174732e-02   1.1246598e-01  -7.1924670e-04   2.5362716e-04   3.9469406e-03
   8.7126210e-02  -1.6985179e-01   1.1378656e-01   5.1658926e-04   1.3586634e-04   3.4566960e-03
   8.6862935e-02   2.2137489e-02   2.1548036e-01  -9.1143470e-04  -2.2247879e-04   3.6442942e-03
   9.3751114e-02  -8.4997439e-02   1.1606708e-01  -1.6229692e-04  -1.4879244e-04   3.7094028e-03
   9.0553615e-02   1.5635182e-02   1.6968440e-01  -7.5528203e-04  -3.9942916e-05   3.7601010e-03
   9.2717273e-02  -8.8458174e-02   1.3973756e-01   1.0905710e-04  -1.3567185e-04   3.4680944e-03
   9.5606641e-02   5.6254533e-02   1.9910684e-01  -1.0533366e-03  -4.7506042e-04   3.2111507e-03
   9.1955422e-02  -4.3793268e-02   1.8493391e-01  -7.3271560e-04  -4.4497591e-04   3.1444304e-03
   7.9671540e-02   8.6187916e-02   2.6659157e-01  -1.5662588e-03  -6.3821909e-04   3.3832858e-03
   8.4340616e-02  -1.4319709e-02   1.8918644e-01  -1.0554999e-03  -4.8716473e-04   3.5374383e-03
   8.6290462e-02   8.7520425e-02   2.6714487e-01  -1.4833853e-03  -5.4922065e-04   3.4036120e-03
   9.1333051e-02  -2.0021312e-02   2.0402582e-01  -1.0083515e-03  -4.4863293e-04   3.2153231e-03
   9.5379888e-02   8.2239802e-02   2.5261903e-01  -1.5644746e-03  -5.5428504e-04   3.3161765e-03
   1.0565576e-01   1.3959009e-02   2.2168423e-01  -1.0943546e-03  -7.4047090e-04   3.0355717e-03
   1.0394325e-01   1.3084750e-01   3.0743046e-01  -2.3976323e-03  -1.0538538e-03   3.3752766e-03
   1.1382591e-01   3.5554414e-02   2.2763014e-01  -1.0093524e-03  -1.1800729e-03   3.2231577e-03
   1.0399580e-01   1.6935723e-01   2.9966464e-01  -2.4541659e-03  -1.1605959e-03   3.3521081e-03
   1.0396213e-01   5.1960349e-02   2.1420231e-01  -2.3356911e-03  -1.0981774e-03   3.2306069e-03
   1.0253416e-01   1.7484824e-01   3.0283779e-01  -2.9252154e-03  -1.0370727e-03   3.5359578e-03
   1.0114981e-01   6.6725541e-02   2.3921139e-01  -1.7708313e-03  -9.7757768e-04   3.2732188e-03
   1.0480002e-01   1.3407825e-01   2.8330804e-01  -2.2043173e-03  -1.2337457e-03   3.4382877e-03
   9.6425979e-02   7.8979381e-02   2.3731183e-01  -1.8011245e-03  -1.1896483e-03   3.5151751e-03
   9.4922789e-02   1.0961108e-01   2.7710472e-01  -2.5806848e-03  -1.0798467e-03   3.3181311e-03
   6.1909585e-02   1.8129379e-01   3.2042923e-01  -1.8468956e-03  -8.3092116e-04   3.8753458e-03
   8.5062262e-02  -3.9675407e-02   2.8667729e-01  -5.4023437e-04  -2.5095628e-04   3.0086201e-03
   7.3153940e-02   1.7071339e-01   3.7810529e-01  -2.1723308e-03  -2.3174656e-04   3.3156702e-03
   7.4785994e-02   8.7484611e-02   3.1559216e-01  -1.8500206e-03  -1.9606019e-04   3.3325301e-03
   1.0114052e-01   1.6505863e-01   4.1270764e-01  -2.1739628e-03  -5.7260622e-04   3.1589844e-03
   9.8271565e-02   8.0595992e-02   3.5854186e-01  -1.6560259e-03  -2.4632735e-04   2.8540694e-03
   1.0170104e-01   1.5682452e-01   4.0095929e-01  -2.0341669e-03  -3.8908820e-04   2.9528525e-03
   1.0761611e-01   1.3047328e-01   3.2302584e-01  -1.9417739e-03  -4.0643217e-04   2.9044231e-03
   1.2009196e-01   1.5065014e-01   3.9375961e-01  -1.4400664e-03  -8.1588611e-04   2.9091721e-03
   1.0113182e-01   1.1749104e-01   3.4231339e-01  -1.8049612e-03  -5.1217160e-04   2.9308820e-03
   1.1186062e-01   1.2892370e-01   3.7743765e-01  -1.8234541e-03  -4.9567592e-04   2.7742831e-03
   1.0734518e-01   1.2242217e-01   3.7495494e-01  -2.2802617e-03  -5.8403296e-04   2.9150639e-03
   1.0706974e-01   1.0614315e-01   3.8496940e-01  -1.6997530e-03  -4.3483075e-04   2.8424041e-03
   1.0778141e-01   1.8591410e-01   3.7482482e-01  -2.6513244e-03  -5.3023414e-04   2.9786918e-03
   1.1889502e-01   5.8217691e-02   3.3201714e-01  -1.3751527e-03  -6.5918403e-04   2.8205678e-03
   1.0507143e-01   2.0772525e-01   4.2096719e-01  -2.1027147e-03  -3.6864048e-04   3.4315748e-03
   1.0458814e-01   1.2505235e-01   3.4512093e-01  -2.2814779e-03  -3.3069390e-04   3.1549454e-03
   9.7052359e-02   1.7409433e-01   4.0810559e-01  -2.3704935e-03  -5.3359878e-04   3.3348281e-03
   9.2761708e-02   1.1615134e-01   3.6201750e-01  -1.0131493e-03  -5.8695713e-04   3.5407650e-03
   1.0767939e-01   1.4001317e-01   4.1404486e-01  -1.3951406e-03  -6.8999202e-04   3.5044742e-03
   1.0364801e-01   2.0176833e-01   4.0001628e-01  -2.9011250e-03  -6.6198799e-04   3.3513622e-03
   1.2180493e-01   1.6520476e-01   4.1920114e-01  -2.5415925e-03  -7.9213503e-04   3.0907774e-03
   1.1149993e-01   2.1304164e-01   4.1197639e-01  -3.2830336e-03  -6.7909705e-04   3.3152704e-03
   1.2272542e-01   1.4422698e-01   3.7931021e-01  -2.3019865e-03  -5.8870197e-04   2.9952878e-03
   1.3027257e-01   2.2296934e-01   4.2675491e-01  -2.5497572e-03  -1.0737565e-03   3.0586403e-03
   1.2456950e-01   1.1498772e-01   3.7745801e-01  -1.9016644e-03  -7.4034905e-04   2.7855035e-03
   1.3120063e-01   2.7552207e-01   4.3890243e-01  -3.2195316e-03  -1.0323377e-03   3.1427552e-03
   1.3644009e-01   9.9611530e-02   3.7304804e-01  -1.9523289e-03  -1.1046092e-03   2.6350612e-03
   1.2542005e-01   2.4914188e-01   4.5849501e-01  -2.9939710e-03  -1.0043908e-03   3.0279521e-03
   1.3012365e-01   1.7461661e-01   3.5085156e-01  -2.6235994e-03  -1.2565944e-03   2.7597365e-03
   1.2254758e-01   2.2118158e-01   4.1120323e-01  -2.9622221e-03  -1.0917386e-03   3.0393876e-03
   1.2541135e-01   1.3378173e-01   3.5262475e-01  -1.8027924e-03  -9.7755436e-04   2.6057574e-03
   1.1280425e-01   2.1412077e-01   4.4735379e-01  -2.4994769e-03  -1.0238416e-03   2.2950430e-03
   1.1024136e-01   1.6574800e-01   4.2633278e-01  -2.3878718e-03  -1.1706101e-03   1.7666982e-03
   1.1573066e-01   1.6371201e-01   4.5902084e-01  -1.4031066e-03  -1.1959075e-03   1.4476483e-03
   1.2245225e-01   2.1686631e-01   4.7703326e-01  -2.1403629e-03  -9.6520322e-04   1.4714842e-03
   1.2203535e-01   1.4992044e-01   4.7234057e-01  -1.7209590e-03  -7.6780792e-04   1.4955936e-03
   1.1704529e-01   2.4187577e-01   4.8104652e-01  -2.6614968e-03  -5.8480064e-04   1.7583727e-03
   1.2929349e-01   9.7663695e-02   4.6500666e-01  -7.6003114e-04  -7.4754478e-04   1.1326822e-03
   1.1423944e-01   2.7047596e-01   5.4751092e-01  -1.8213349e-03  -6.0819387e-04   1.5164027e-03
   1.2971439e-01   1.4494007e-01   4.6097858e-01  -7.0855832e-04  -7.9383200e-04   1.1498912e-03
   1.2428868e-01   2.4319683e-01   5.6810341e-01  -1.2911686e-03  -8.6315451e-04   1.5360966e-03
   1.1841920e-01   1.7362179e-01   4.9264528e-01  -1.3981691e-03  -6.6622731e-04   1.2049393e-03
   1.2623017e-01   2.4736150e-01   5.7998015e-01  -2.0437381e-03  -8.8956113e-04   1.2475893e-03
   1.2789287e-01   1.5919818e-01   5.2014030e-01  -1.4674928e-03  -7.2030502e-04   9.4838647e-04
   1.1947761e-01   2.8639743e-01   5.9181620e-01  -2.4959433e-03  -9.2097445e-04   1.2700496e-03
   1.2553110e-01   1.9099049e-01   4.9306321e-01  -1.9837965e-03  -8.0344755e-04   1.0322111e-03
   1.2695667e-01   2.8285284e-01   5.8498826e-01  -2.1300377e-03  -1.0083624e-03   1.5002940e-03
   1.2423132e-01   1.7707892e-01   5.1773836e-01  -1.3189106e-03  -8.8851008e-04   8.7198178e-04
   1.2932023e-01   2.5360075e-01   5.9199612e-01  -1.9991402e-03  -8.2587995e-04   5.5830492e-04
   1.2476850e-01   2.6053123e-01   5.9575748e-01  -2.2138350e-03  -8.3477551e-04   4.6245973e-04
   1.3303499e-01   2.2172361e-01   6.1613272e-01  -1.7377981e-03  -7.2778402e-04   1.3290499e-04
   1.5692063e-01   2.8094069e-01   5.8916913e-01  -3.1590242e-03  -1.1109114e-03  -2.7630272e-05
   1.4349629e-01   2.5790320e-01   6.0936248e-01  -2.4014339e-03  -8.8241373e-04  -2.2652851e-04
   1.2964248e-01   2.8691499e-01   5.8468949e-01  -2.6523360e-03  -7.2795124e-04   5.0230143e-05
   1.2239339e-01   2.6597020e-01   6.1992692e-01  -1.9885739e-03  -6.2529285e-04  -1.9442077e-04
   1.1673512e-01   2.8573874e-01   5.7002880e-01  -2.7483265e-03  -7.4842722e-04  -1.0159849e-04
   1.2242546e-01   2.5364480e-01   5.9341794e-01  -2.0452601e-03  -7.6851977e-04  -4.8739977e-04
   1.1608997e-01   3.1023034e-01   6.1544691e-01  -3.0254752e-03  -1.0302376e-03  -4.1208829e-04
   1.2134167e-01   3.1342263e-01   6.3844782e-01  -3.2372503e-03  -1.2938961e-03  -7.6187759e-04
   1.2467987e-01   3.4885772e-01   6.5048706e-01  -4.0955348e-03  -1.7244052e-03  -9.0590616e-04
   1.3548142e-01   3.8495494e-01   7.2127437e-01  -4.7683809e-03  -2.3377630e-03  -1.2530979e-03
   1.3121809e-01   3.9427082e-01   6.8787066e-01  -5.5964242e-03  -2.2824569e-03  -8.2062473e-04
   1.2560651e-01   3.5444636e-01   7.1585261e-01  -4.0325977e-03  -1.9086008e-03  -2.8200367e-04
   1.0224521e-01   3.8256653e-01   7.2098805e-01  -4.3549407e-03  -2.0445095e-03   1.9576407e-04
   1.1637492e-01   2.4169561e-01   6.1202085e-01  -2.8146438e-03  -1.8990234e-03  -2.4357085e-04
   1.1122406e-01   4.3947178e-01   7.4415858e-01  -3.5852474e-03  -2.0989873e-03   1.7759232e-04
   1.1362561e-01   2.7086162e-01   6.3588686e-01  -2.8147883e-03  -2.0618536e-03   2.5586674e-05
   1.1131485e-01   3.7532702e-01   7.3567536e-01  -3.4215043e-03  -1.8726745e-03   1.1959437e-04
   1.1003188e-01   2.4451670e-01   6.5802982e-01  -2.2941121e-03  -1.9599768e-03  -1.6095391e-04
   1.0050123e-01   3.7202922e-01   7.4676761e-01  -3.2340668e-03  -2.1823674e-03   2.2887795e-04
   1.0525435e-01   2.1714460e-01   6.3807957e-01  -2.2987614e-03  -1.9550274e-03  -4.5858626e-06
   1.0099372e-01   3.8740157e-01   7.2260336e-01  -3.9765960e-03  -1.8901487e-03   1.6457128e-04
   1.0253322e-01   2.8241373e-01   6.7230517e-01  -3.0617934e-03  -1.9518867e-03  -4.7122506e-06
   1.0856437e-01   3.4178860e-01   7.0690878e-01  -3.5974291e-03  -1.7217594e-03   5.7172400e-05
   1.1426361e-01   2.8337553e-01   6.7952205e-01  -3.0341656e-03  -1.6180230e-03  -1.9176197e-04
   1.0962409e-01   3.9059310e-01   6.9582218e-01  -4.2606711e-03  -1.8382106e-03   2.0843623e-04
   1.1639603e-01   3.0531207e-01   6.7057493e-01  -2.8117647e-03  -1.8749682e-03  -1.2376828e-04
   1.0429628e-01   3.4753486e-01   6.7775031e-01  -3.6583995e-03  -1.9606587e-03  -4.1156486e-05
   8.6601953e-02   3.7816673e-01   7.4172934e-01  -4.3110233e-03  -1.8840187e-03  -1.4745586e-04
   8.3063327e-02   3.2428903e-01   6.6179532e-01  -4.2680268e-03  -1.8971866e-03  -1.4676721e-04
   8.0055440e-02   4.1309084e-01   7.3885850e-01  -4.8135511e-03  -1.9206978e-03   2.0034278e-05
   8.5249679e-02   3.2685746e-01   7.0182996e-01  -3.7017206e-03  -2.1678328e-03  -2.6517642e-04
   8.0968327e-02   4.3136510e-01   7.6467288e-01  -5.7055612e-03  -2.3211827e-03  -3.7125039e-04
   8.9275038e-02   4.5779178e-01   7.8422514e-01  -6.0841340e-03  -2.6019662e-03  -3.9592652e-04
   8.4327987e-02   4.0472717e-01   7.0142681e-01  -5.7675750e-03  -2.4084017e-03  -3.2554885e-04
   9.2687978e-02   5.1227605e-01   8.0137924e-01  -6.1085215e-03  -2.5104587e-03  -2.4599024e-04
   9.0554478e-02   4.3377692e-01   7.4199329e-01  -5.7704328e-03  -2.5756170e-03  -5.6657952e-04
   1.1297106e-01   5.3969835e-01   8.2248149e-01  -7.2298705e-03  -3.1146379e-03  -7.2196220e-04
   1.2277178e-01   4.4850473e-01   7.8230110e-01  -6.4225138e-03  -3.4034464e-03  -1.1317300e-03
   1.2156454e-01   5.3348461e-01   8.3904697e-01  -7.8787689e-03  -3.7978958e-03  -1.1774101e-03
   1.0772971e-01   4.6377933e-01   7.8790160e-01  -6.6240776e-03  -3.4031316e-03  -8.1234958e-04
   8.6744122e-02   5.5515655e-01   8.7034954e-01  -6.6352619e-03  -3.4597145e-03  -4.5158757e-04
   8.1611117e-02   3.5685823e-01   7.5223136e-01  -4.4988458e-03  -3.2902854e-03  -3.0773293e-04
   9.6616707e-02   5.3900558e-01   8.3632812e-01  -5.2780189e-03  -3.2667544e-03  -1.3962252e-04
   7.1640629e-02   4.1694062e-01   7.9091791e-01  -4.4421010e-03  -3.2005043e-03  -1.8589927e-04
   9.3062436e-02   4.3795972e-01   8.2267100e-01  -4.6468589e-03  -3.3146346e-03  -2.3079307e-04
   8.2920778e-02   4.6150731e-01   8.0725428e-01  -5.2788053e-03  -3.1701948e-03  -1.8905620e-05
   1.0133292e-01   3.6810511e-01   7.9567951e-01  -4.2297986e-03  -3.1866580e-03  -5.0519741e-04
   9.9082408e-02   5.0592357e-01   8.2279152e-01  -5.5062058e-03  -3.1677320e-03  -7.3618371e-05
   1.0567328e-01   3.8199366e-01   7.7287442e-01  -4.4653084e-03  -3.5014332e-03  -2.5276338e-04
   9.4898140e-02   4.4571133e-01   8.0308379e-01  -3.8732084e-03  -3.5220392e-03   5.9355916e-04
   9.7934657e-02   3.2478032e-01   7.8267314e-01  -3.3204287e-03  -3.6273971e-03   2.4307755e-04
   9.0018561e-02   4.4066623e-01   8.1631142e-01  -4.2941776e-03  -3.4570233e-03   4.9685123e-04
   1.0130804e-01   3.3000863e-01   7.9389837e-01  -2.9841418e-03  -3.4616916e-03   1.5857172e-04
   9.0381135e-02   4.0041448e-01   8.1496877e-01  -3.7740520e-03  -3.2352855e-03   3.6988691e-04
   8.2481075e-02   4.2050322e-01   8.5641791e-01  -3.6079385e-03  -3.1992819e-03   5.5215639e-04
   6.2211253e-02   3.9232480e-01   8.1714065e-01  -3.9642523e-03  -3.0910600e-03   4.1264669e-04
   5.8340179e-02   4.8833364e-01   8.8911517e-01  -5.2906378e-03  -3.1076072e-03   4.8743782e-04
   4.7665942e-02   4.9963323e-01   9.1604818e-01  -6.0738480e-03  -3.0233287e-03   7.7758843e-05
   1.5802912e-02   4.9104113e-01   8.7327976e-01  -6.9715053e-03  -2.7854143e-03  -3.4797886e-04
   4.9157747e-02   5.2608862e-01   8.9043130e-01  -7.5973002e-03  -3.1265770e-03   1.0998407e-04
   5.6238993e-02   4.4083699e-01   8.4710734e-01  -5.8754917e-03  -3.0797783e-03   5.5296350e-04
   4.8918843e-02   5.5517143e-01   8.8748673e-01  -5.9626937e-03  -3.1336456e-03   8.6398538e-04
   5.4178946e-02   3.7890424e-01   8.2642932e-01  -4.1505049e-03  -3.3477472e-03   7.7081897e-04
   7.4357767e-02   5.3064080e-01   9.2131818e-01  -4.9601580e-03  -3.4356147e-03   9.6717462e-04
   6.2322268e-02   4.1591256e-01   8.6712636e-01  -4.1715852e-03  -3.5487362e-03   1.1972810e-03
   5.7790108e-02   4.3508379e-01   9.2356024e-01  -3.7908620e-03  -3.7057320e-03   1.0151491e-03
   4.6512063e-02   4.0781808e-01   8.5390731e-01  -4.1944575e-03  -3.9760375e-03   1.2496098e-03
   5.1150534e-02   4.2678598e-01   9.1595019e-01  -3.9257621e-03  -3.7723439e-03   1.3549089e-03
   6.9520451e-02   3.6868192e-01   8.5060646e-01  -3.1079203e-03  -3.8795747e-03   1.2285407e-03
   7.0911470e-02   4.4809021e-01   8.9037405e-01  -4.0390782e-03  -3.7322843e-03   1.7286363e-03
   8.2774964e-02   3.5262010e-01   8.4718594e-01  -3.3513435e-03  -3.8586539e-03   1.3095355e-03
   8.3635398e-02   4.5710345e-01   9.1568188e-01  -4.4795909e-03  -3.7551275e-03   1.8041106e-03
   8.5736070e-02   3.8891897e-01   8.8065748e-01  -4.3346855e-03  -3.8041667e-03   1.6850473e-03
   7.3227960e-02   4.7677084e-01   9.1307177e-01  -5.1926446e-03  -3.6983020e-03   1.9046097e-03
   7.4751589e-02   4.0441324e-01   8.8779219e-01  -4.5808232e-03  -3.7501327e-03   1.7727195e-03
   6.4061994e-02   4.9974025e-01   9.2708416e-01  -5.6596942e-03  -3.8390009e-03   2.0823340e-03
   7.8431095e-02   3.7109686e-01   8.7826836e-01  -4.4524598e-03  -4.0836729e-03   1.6868723e-03
   6.3237142e-02   4.9667436e-01   9.4911799e-01  -5.1199260e-03  -4.0724145e-03   2.1640462e-03
   8.0577959e-02   4.1504007e-01   8.6192983e-01  -4.0347845e-03  -4.0843172e-03   2.1127827e-03
   6.6628492e-02   4.5952784e-01   9.4944096e-01  -3.8716229e-03  -3.9821452e-03   1.9457364e-03
