   0.0000000e+00   0.0000000e+00   0.0000000e+00   0.0000000e+00  -1.7347235e-18   0.0000000e+00
  -1.5867838e-03  -3.1346868e-02   2.7376514e-02   1.5658929e-03   9.4696815e-05  -3.7402131e-04
  -4.4683894e-03   7.8771433e-02   7.1708215e-02   9.0293220e-04  -8.6884524e-05  -4.2343738e-04
   5.1493052e-04   7.2472225e-05   3.5009335e-02   1.7042319e-03   1.8402068e-05  -5.0477200e-04
   9.1344724e-04   1.1143295e-01   1.1760131e-01   1.2031356e-03   1.5404846e-05  -4.5683448e-04
   2.8973270e-03  -9.0723765e-03   6.8292113e-02   1.9176603e-03   1.6803505e-04  -5.5041932e-04
   4.5871983e-03   9.6240882e-02   1.2936777e-01   1.7481265e-03   3.4443749e-04  -4.0067994e-04
   3.2885383e-03  -1.6548039e-02   4.4968862e-02   1.8459489e-03   6.0190875e-04  -4.0863713e-04
   4.3212075e-03   1.2021806e-01   1.2722445e-01   1.2271326e-03   6.1430228e-04  -6.5673533e-05
   8.1844411e-03  -3.0022670e-02   3.4142273e-02   1.9480946e-03   6.7647519e-04  -5.4553493e-05
   7.1585706e-03   1.4454933e-01   1.2219016e-01   1.2661963e-03   8.5777649e-04   3.1620471e-04
   1.0131831e-02  -2.1203238e-02   3.7582881e-02   2.1938953e-03   8.1086565e-04   1.0099361e-04
   2.7408284e-03   1.1350958e-01   1.1430164e-01   1.3558955e-03   1.1917890e-03   6.6354755e-04
  -3.2044458e-03   2.9965605e-02   4.6904451e-02   1.7045233e-03   1.1023895e-03   6.0595097e-04
  -5.0134800e-03   5.5113494e-02   9.0842694e-02   1.8771585e-03   1.4734445e-03   8.1910685e-04
   5.6243943e-03   1.2879573e-02   3.4472591e-03   1.9579159e-03   1.8516708e-03   1.2905924e-03
  -9.8156917e-03   5.0088388e-02   7.9920745e-02   1.8570718e-03   1.9606773e-03   1.2309270e-03
  -1.9409168e-02  -5.5789133e-03   3.0073816e-02   2.1371595e-03   2.0299511e-03   1.0316726e-03
  -2.5355982e-02   4.7419531e-02   7.8549945e-02   1.9679651e-03   2.1991754e-03   9.8006153e-04
  -3.7538256e-02  -2.7872725e-02   4.8256134e-02   2.3872497e-03   2.2803631e-03   8.6310728e-04
  -2.7765681e-02  -4.5131007e-02   3.7335435e-02   2.6552910e-03   2.2895724e-03   8.3333069e-04
  -4.1520709e-02   7.8008239e-03   6.1743526e-02   2.1442801e-03   2.2191845e-03   7.7442828e-04
  -4.8274241e-02  -1.9430343e-03   9.7697568e-02   2.3712693e-03   2.2007306e-03   9.8308062e-04
  -4.3938342e-02   5.2442454e-03   5.8816508e-02   2.1807055e-03   1.9953204e-03   1.1316052e-03
  -4.8703307e-02   4.4888917e-02   1.0965984e-01   2.3357238e-03   2.2997313e-03   1.0942414e-03
  -4.1291603e-02  -2.5592977e-02   7.5385724e-02   2.4474420e-03   2.0297608e-03   8.2041161e-04
  -5.8142057e-02   9.4837696e-02   1.6239736e-01   1.8615802e-03   2.1663696e-03   8.3781196e-04
  -5.8296638e-02  -2.3647840e-02   9.9583477e-02   2.5291692e-03   2.0391827e-03   8.5655934e-04
  -9.1540843e-02   1.2784101e-01   1.7541450e-01   1.7590227e-03   2.3919068e-03   2.8564187e-04
  -5.5924829e-02  -3.7825688e-02   1.1986035e-01   2.7379059e-03   1.7413290e-03   4.2099974e-04
  -5.6382904e-02   9.5673873e-02   1.6219419e-01   1.5957090e-03   1.6815837e-03   7.5746950e-04
  -6.4352676e-02   2.1307701e-02   1.1608454e-01   2.3406661e-03   2.0319428e-03   5.8001851e-04
  -8.1155596e-02   1.0778791e-01   1.7809318e-01   1.7956038e-03   2.1973446e-03   9.5887301e-04
  -7.7287944e-02   2.8674302e-02   1.3247109e-01   2.2785598e-03   2.2315800e-03   9.4863663e-04
  -8.4038764e-02   9.9035930e-02   1.7966304e-01   1.7087475e-03   2.2820578e-03   9.1675468e-04
  -7.2823451e-02   5.7262940e-02   1.5827162e-01   1.8121851e-03   1.8555294e-03   7.4089460e-04
  -7.3572255e-02   1.0530098e-01   1.6371394e-01   1.4566200e-03   1.8596753e-03   8.3854172e-04
  -6.8354347e-02   8.8901693e-02   1.7343106e-01   1.9168079e-03   1.7982983e-03   6.9213578e-04
  -4.3735971e-02   9.4506973e-02   1.5472865e-01   1.4242960e-03   1.5283186e-03   7.2774584e-04
  -5.0187025e-02   9.9226170e-02   1.7839053e-01   1.7555454e-03   1.5503920e-03   6.8620082e-04
  -8.3214318e-02   7.2994324e-02   1.0029793e-01   1.1248555e-03   2.1111905e-03   1.9423474e-03
  -2.0988623e-02   6.0844150e-02   1.1521332e-01   4.8720033e-04   1.1206687e-03   2.8448290e-03
  -9.8859994e-03   1.1543993e-01   1.4178155e-01   7.3699404e-04   6.9017508e-04   2.4675716e-03
  -1.4144056e-02   5.6279528e-02   1.3315602e-01   1.5580946e-03   6.9627873e-04   2.0702067e-03
  -2.8748531e-02   1.4439394e-01   1.7053986e-01   9.5467324e-04   7.9870207e-04   2.5093714e-03
  -2.5702781e-02   5.4228669e-02   1.4305667e-01   1.4126896e-03   7.1287420e-04   2.3105515e-03
  -2.7826502e-02   1.7329097e-01   1.9227630e-01   8.7070033e-04   9.1116378e-04   2.8270772e-03
  -1.3757634e-02   4.2555804e-02   1.3507371e-01   1.7435533e-03   7.3507160e-04   2.5735465e-03
  -1.8147221e-02   1.6354625e-01   1.6602031e-01   9.3153327e-04   7.6882042e-04   3.5292405e-03
  -9.7868210e-03   1.2525305e-02   1.2227467e-01   2.2211516e-03   6.8352157e-04   3.2122731e-03
  -1.7886843e-02   1.7052872e-01   1.8036655e-01   1.2984946e-03   6.2983219e-04   3.5772137e-03
  -1.9976992e-02   3.7691997e-02   1.1598880e-01   1.9636054e-03   7.8700585e-04   3.6168468e-03
  -3.7354562e-02   1.5627809e-01   2.0703564e-01   1.3656269e-03   9.9226161e-04   3.8201411e-03
  -3.1115899e-02   5.8878251e-02   1.2540478e-01   1.4637146e-03   8.3060494e-04   3.6386018e-03
  -6.8198632e-02   1.7230042e-01   2.2931529e-01   1.1688529e-03   1.1775674e-03   3.1478308e-03
  -5.7229285e-02   4.1348131e-02   1.2333649e-01   1.3895889e-03   9.9706677e-04   3.2727675e-03
  -5.4098406e-02   1.5361001e-01   2.0795869e-01   1.3762321e-03   1.1128030e-03   3.4092156e-03
  -5.9080203e-02   8.6787176e-02   1.4449072e-01   1.6887000e-03   1.0727550e-03   3.4341427e-03
  -5.1407159e-02   1.3045325e-01   1.9155180e-01   1.6773996e-03   1.0987641e-03   3.4293347e-03
  -4.3766836e-02   1.1098703e-01   1.5722653e-01   1.6566386e-03   1.0380286e-03   3.4791082e-03
  -5.2482270e-02   1.5882409e-01   1.9582343e-01   1.3048654e-03   1.1929178e-03   3.2203632e-03
  -6.0359067e-02   1.1883581e-01   1.5467203e-01   1.3071164e-03   1.2959736e-03   3.5302043e-03
  -6.4651804e-02   1.3281937e-01   1.7723942e-01   1.3999639e-03   1.5565030e-03   3.5525891e-03
  -6.4401546e-02   1.3312581e-01   1.6528332e-01   1.1134113e-03   1.3905401e-03   3.4364173e-03
  -8.7202554e-02   1.6571224e-01   2.2980746e-01   1.0070106e-03   1.5817419e-03   3.2532671e-03
  -7.8395010e-02   1.1107909e-01   1.7382967e-01   9.1500258e-04   1.2763843e-03   3.3754689e-03
  -8.7597443e-02   1.8703294e-01   2.4528248e-01   7.2813498e-04   1.5921724e-03   3.3794841e-03
  -9.0105242e-02   1.3051075e-01   1.7645295e-01   9.6818330e-04   1.5736752e-03   3.5692471e-03
  -8.0583178e-02   2.1452947e-01   2.3807884e-01   6.5653664e-04   1.9164214e-03   3.6968477e-03
  -6.7336530e-02   1.3407711e-01   1.6928155e-01   1.0202835e-03   1.7211302e-03   3.8423583e-03
  -7.0068140e-02   2.0583706e-01   2.2045118e-01   6.2958900e-04   1.9595076e-03   3.8841426e-03
  -5.5564514e-02   1.3460166e-01   1.7258293e-01   9.8761844e-04   1.7008595e-03   3.7564528e-03
  -4.9671909e-02   1.3290589e-01   1.5988735e-01   1.1411562e-03   1.7636575e-03   3.9856967e-03
  -4.0529048e-02   1.3346316e-01   1.2348132e-01   1.3995313e-03   2.0149859e-03   4.1978267e-03
  -5.3060286e-02   1.1412373e-01   1.6560918e-01   1.5224360e-03   2.1435675e-03   3.9573136e-03
  -4.7529607e-02   1.2490598e-01   1.5048083e-01   1.1396050e-03   1.7758200e-03   3.8419469e-03
  -6.6075402e-02   1.0546860e-01   1.7101802e-01   1.4965167e-03   1.9924246e-03   3.2812248e-03
  -7.0965074e-02   1.4439747e-01   1.6702039e-01   1.1258051e-03   2.0802137e-03   3.2579224e-03
  -6.8467829e-02   9.4595230e-02   1.7169648e-01   1.8096087e-03   2.3705675e-03   2.9611801e-03
  -7.2549358e-02   1.6511426e-01   1.8023611e-01   7.7965802e-04   2.5737751e-03   2.8692339e-03
  -7.5915803e-02   1.0683105e-01   1.7436289e-01   1.5256911e-03   2.6480517e-03   2.3547122e-03
  -7.3957249e-02   1.5993232e-01   1.9167950e-01   7.7269559e-04   2.5227403e-03   2.4267104e-03
  -7.4974704e-02   1.6886518e-01   2.2600404e-01   7.1362883e-04   2.3084396e-03   2.3796772e-03
  -8.5532220e-02   1.5286214e-01   2.0609446e-01   9.2925229e-04   2.2029092e-03   2.3834562e-03
  -8.8952484e-02   2.4472913e-01   2.6026651e-01   9.7496984e-05   2.2371756e-03   2.4664945e-03
  -8.5740941e-02   1.3394639e-01   1.7537968e-01   9.0240360e-04   2.2274751e-03   2.5822449e-03
  -7.0135744e-02   1.9279118e-01   2.0146128e-01   1.0377828e-03   2.3141512e-03   2.9174242e-03
  -6.6536584e-02   2.1291242e-01   1.9901460e-01   4.5790622e-04   2.1630578e-03   3.0124799e-03
  -7.4215700e-02   8.5461067e-02   1.6313096e-01   1.7718350e-03   2.2102879e-03   2.6628399e-03
  -7.3361065e-02   2.3740798e-01   2.1033098e-01   1.0491773e-03   1.6453533e-03   3.0206732e-03
  -6.1643421e-02   2.5431707e-02   1.5857133e-01   2.1907295e-03   1.7962162e-03   3.0395775e-03
  -8.3765821e-02   1.9050485e-01   2.6749675e-01   1.1529379e-03   2.0884317e-03   3.1979544e-03
  -8.5643325e-02   6.8024519e-02   1.6691680e-01   1.8924882e-03   1.9809401e-03   3.4045995e-03
  -7.5138368e-02   2.1791169e-01   2.3412048e-01   1.0294809e-03   1.9995021e-03   3.3693444e-03
  -6.9681309e-02   5.5976678e-02   1.6774583e-01   2.3220858e-03   2.1494536e-03   3.4852338e-03
  -7.0610654e-02   2.0322892e-01   2.3190865e-01   1.1522369e-03   2.1433329e-03   3.4305629e-03
  -5.1158243e-02   6.2554851e-02   1.7835683e-01   2.1615421e-03   2.1239077e-03   3.3938693e-03
  -6.1839473e-02   1.9634720e-01   2.4928851e-01   1.4086026e-03   2.2405745e-03   3.7268508e-03
  -4.2450112e-02   5.7305040e-02   1.4289523e-01   1.8868475e-03   2.0358597e-03   3.6911376e-03
  -4.0139128e-02   1.8285370e-01   2.1017055e-01   1.3528222e-03   2.0808651e-03   4.0081233e-03
  -3.7962941e-02   5.1952789e-02   1.1809494e-01   2.2541524e-03   2.3226886e-03   4.1215237e-03
  -2.6777097e-02   2.1064297e-01   2.1928115e-01   1.2449924e-03   2.1177800e-03   4.1246874e-03
  -2.7615994e-02   5.6346708e-02   1.2949212e-01   2.5251617e-03   2.2688022e-03   4.1459816e-03
  -2.1144170e-02   1.3326340e-01   1.7402811e-01   2.0222108e-03   2.1342054e-03   4.2939513e-03
  -3.0201577e-02   1.4121127e-01   1.6123801e-01   1.5750548e-03   2.2120491e-03   4.2748731e-03
  -2.8731853e-02   4.8157198e-02   1.2907159e-01   2.6765823e-03   2.2028930e-03   4.3593557e-03
  -2.3804196e-02   2.1356848e-01   1.8003546e-01   1.3356465e-03   2.1956607e-03   4.4281892e-03
  -2.0828714e-02  -2.3279374e-04   8.4910136e-02   2.9611705e-03   2.2972295e-03   4.4382416e-03
  -9.3224388e-03   1.9012821e-01   2.0227023e-01   1.8794811e-03   2.0887118e-03   4.7379788e-03
  -1.6830119e-02   8.1134734e-02   1.0074263e-01   2.1493701e-03   2.0221232e-03   4.9397861e-03
   3.7294259e-03   4.7129972e-02   1.0023541e-01   2.6633735e-03   2.0785523e-03   5.5093463e-03
  -3.9910565e-03   1.4294441e-01   1.4229518e-01   2.4672909e-03   2.0997433e-03   5.9018700e-03
  -1.0540515e-02  -3.6681356e-02   6.0621398e-02   3.3727555e-03   2.0949780e-03   5.6867705e-03
   2.1483091e-02   1.3636439e-01   1.3980300e-01   2.5939496e-03   1.8280534e-03   5.7958540e-03
   1.9149805e-02  -4.8940760e-02   5.5165220e-02   3.6156478e-03   2.1678970e-03   5.6148221e-03
   2.1868548e-02   8.3294570e-02   1.0763023e-01   2.8637326e-03   1.5518294e-03   6.1662009e-03
   3.2598426e-02  -7.2921354e-02   2.9990935e-02   3.8317809e-03   1.6497426e-03   6.3112419e-03
   3.3943611e-02   6.3658965e-02   8.5603367e-02   3.2163961e-03   1.6271736e-03   6.5324016e-03
   2.9437552e-02  -7.3428627e-02   3.7578654e-02   3.8530070e-03   1.7957170e-03   6.5317473e-03
   3.1288558e-02   8.0446141e-02   6.8299461e-02   2.7491798e-03   1.7076362e-03   6.6624227e-03
   2.5715548e-02  -5.2028893e-02   3.5713452e-02   3.7432934e-03   1.8480237e-03   6.4739909e-03
   3.1338948e-02   3.9954904e-02   8.8167888e-02   2.8569015e-03   1.7688856e-03   6.6090255e-03
   4.8005391e-02  -6.6767874e-02   1.1665905e-02   3.3423702e-03   1.6937703e-03   6.6430127e-03
   5.2714493e-02   8.9694348e-02   8.6982228e-02   2.5154664e-03   1.5045707e-03   6.8549162e-03
   3.8296328e-02  -7.5610578e-02   1.5483275e-02   3.7933865e-03   1.7290853e-03   6.6050809e-03
   3.5076338e-02   8.6354317e-02   9.1897258e-02   2.7100230e-03   1.2865225e-03   6.6641010e-03
   3.8918877e-02  -1.5275680e-02   6.1567769e-02   3.2476937e-03   1.2463295e-03   6.4998537e-03
   2.7019606e-02   4.7791871e-02   1.0930381e-01   2.7913144e-03   1.0704444e-03   6.7247901e-03
   2.0475373e-02  -6.4410687e-03   7.8612819e-02   3.2163211e-03   1.0635370e-03   6.6599226e-03
   2.5527286e-02   4.2077877e-02   7.5794672e-02   2.5660947e-03   8.5215681e-04   6.7646947e-03
   2.4463370e-02   2.0196728e-02   9.1586794e-02   3.1866558e-03   1.0460660e-03   6.5648539e-03
   3.0512356e-02   5.1109891e-02   8.6462917e-02   2.9814095e-03   8.3655301e-04   6.7104514e-03
   3.7224245e-02  -1.7932053e-02   6.8721313e-02   3.9287870e-03   8.9712113e-04   6.3906476e-03
   4.6176742e-02   2.6650556e-02   6.9577379e-02   3.4720196e-03   7.3868996e-04   6.3934307e-03
   4.0858312e-02  -2.4473638e-02   5.6561058e-02   3.9556419e-03   7.7662386e-04   6.3195786e-03
   4.0439741e-02   1.3609177e-02   7.3494101e-02   3.5194094e-03   7.4839119e-04   6.5961649e-03
   1.4963257e-02  -4.4501988e-02   7.1085536e-02   4.2744910e-03   1.0997452e-03   6.2732530e-03
   1.3334760e-02   6.6398422e-02   8.5974133e-02   3.4965208e-03   9.9037563e-04   6.2832561e-03
   1.1245398e-02  -4.0103694e-02   4.3098496e-02   4.3674154e-03   1.2018201e-03   6.2334937e-03
   1.4868215e-02   4.0331251e-02   6.6106711e-02   4.0228184e-03   1.1295265e-03   6.4417456e-03
   3.2655802e-02  -3.7321599e-02   8.2633325e-02   4.0060820e-03   9.5524623e-04   5.9900864e-03
   4.6595512e-02   1.2240735e-01   1.4990891e-01   3.2095057e-03   5.3162930e-04   6.5983214e-03
   4.0125104e-02  -1.4394488e-01   6.4962807e-02   5.3348368e-03   6.9321774e-04   6.7173785e-03
   3.6553719e-02   8.0878443e-02   1.2251663e-01   3.7668163e-03   7.7169763e-04   7.0874316e-03
   3.6939304e-02  -1.1277281e-01   6.5802936e-02   5.1691236e-03   9.4994721e-04   6.8652050e-03
   4.0154520e-02   1.3670431e-02   1.4205359e-01   4.3486157e-03   7.7696738e-04   6.9851892e-03
   2.7670137e-02  -1.1739517e-01   4.4108956e-02   4.6967323e-03   9.6866529e-04   6.5245129e-03
   2.0174287e-02   4.6783422e-02   1.1900470e-01   4.2607327e-03   8.3422580e-04   6.8325280e-03
   2.0388477e-02  -1.1785188e-01   3.7884371e-02   5.1215197e-03   9.3661694e-04   6.7740749e-03
   3.5934504e-02   1.8993668e-02   8.6503174e-02   4.3779075e-03   7.1058572e-04   6.9676404e-03
   3.4181377e-02  -1.3022351e-01   1.7212512e-02   5.4294755e-03   8.9829855e-04   6.9008706e-03
   3.0519267e-02  -1.8899675e-02   9.5744093e-02   4.5938138e-03   5.5615233e-04   7.4956409e-03
   2.4096123e-03  -8.9134729e-02   7.8037111e-02   4.9471736e-03   3.1110969e-04   7.0874063e-03
   6.1034065e-02  -3.3322957e-02   1.1946938e-01   4.7542707e-03  -1.5755582e-03   8.9494089e-03
   6.7309257e-02  -9.5649790e-02   1.1765836e-01   5.4077560e-03  -1.5511476e-03   8.5987572e-03
   8.5260380e-02  -5.7773138e-02   1.1994029e-01   5.2684549e-03  -1.5527867e-03   8.8820291e-03
   8.8127669e-02  -9.9759275e-02   1.1985739e-01   5.5167849e-03  -1.3863325e-03   8.9683538e-03
   8.4964312e-02  -4.1600533e-02   1.0931745e-01   4.9736143e-03  -1.0100948e-03   9.0851646e-03
   6.6829413e-02  -6.8566321e-02   1.4161407e-01   5.4020862e-03  -8.3313636e-04   8.8123016e-03
   3.6393660e-02  -2.9572712e-02   1.7021549e-01   5.1514902e-03  -8.7242413e-04   8.6025248e-03
   3.8569368e-02  -8.2041531e-03   1.7269027e-01   5.3944619e-03  -9.0088197e-04   9.0806656e-03
   3.8103416e-02  -4.5116945e-02   1.5122461e-01   5.5275176e-03  -9.5325995e-04   9.2291225e-03
   4.3232429e-02  -4.2823532e-02   1.5440513e-01   5.4128107e-03  -1.1875421e-03   9.1809818e-03
   7.4524845e-02  -2.4430717e-02   1.3598244e-01   5.3443976e-03  -1.4476015e-03   9.4151112e-03
   6.2284362e-02  -9.4907459e-02   1.3756896e-01   5.9217559e-03  -1.3134179e-03   9.4345914e-03
   6.0449089e-02   2.1949639e-03   1.6231914e-01   5.0502162e-03  -1.3714714e-03   9.6582928e-03
   6.8820685e-02  -1.0370641e-01   1.1601348e-01   6.0682987e-03  -1.5386246e-03   9.5908277e-03
   7.1876345e-02  -8.7959841e-03   1.8292658e-01   5.5151930e-03  -1.8438889e-03   9.3694293e-03
   8.4276014e-02  -1.1436270e-01   1.4125020e-01   6.3969191e-03  -1.8219601e-03   8.8917314e-03
   7.6388018e-02  -7.8254093e-02   1.4935658e-01   6.5852769e-03  -1.7957890e-03   9.0323430e-03
   6.4216508e-02  -6.1709207e-02   1.8348614e-01   6.7024212e-03  -2.1321432e-03   8.6555152e-03
   6.0582486e-02  -7.6333434e-02   1.6688584e-01   7.1131518e-03  -1.9167275e-03   7.9128197e-03
   6.3804719e-02  -3.6488820e-02   2.4493700e-01   7.6552282e-03  -1.8577772e-03   8.1128303e-03
   6.1335743e-02  -1.3726969e-01   1.5555245e-01   8.2655459e-03  -1.6465211e-03   8.0840306e-03
   6.6154481e-02  -3.7695146e-02   2.2861294e-01   7.8899166e-03  -1.4702282e-03   8.3921741e-03
   5.7228975e-02  -2.0348807e-01   1.6014891e-01   9.1693533e-03  -1.2955007e-03   8.2312024e-03
   5.1361959e-02  -4.0001733e-02   2.4587407e-01   8.3249922e-03  -1.1995851e-03   8.5797123e-03
   4.8967596e-02  -1.5168819e-01   1.3902098e-01   8.8249706e-03  -1.1940407e-03   8.6305263e-03
   5.5231140e-02  -7.8427074e-02   2.3026798e-01   8.6369844e-03  -1.2073532e-03   8.7664413e-03
   5.6276637e-02  -1.6365294e-01   1.6326428e-01   9.2969552e-03  -1.1427000e-03   8.5669011e-03
   4.4613321e-02  -3.4206509e-02   2.2236104e-01   8.1447002e-03  -1.0713100e-03   8.8843103e-03
   5.6603669e-02  -1.7909372e-01   1.4437455e-01   9.1009758e-03  -1.1208653e-03   8.8008962e-03
   5.1445701e-02  -7.0115217e-02   2.0984624e-01   8.8996547e-03  -1.2353632e-03   8.7874996e-03
   5.9465915e-02  -6.3814782e-02   2.0059418e-01   8.1138955e-03  -1.5710900e-03   8.8534781e-03
   7.8212528e-02  -1.6077055e-01   1.9357700e-01   9.0580038e-03  -2.0175472e-03   8.8986585e-03
   7.6107211e-02  -1.2457530e-02   2.3853069e-01   8.2405237e-03  -2.4607129e-03   9.5192773e-03
   8.9412553e-02  -2.2847848e-01   1.6005691e-01   9.7210854e-03  -2.4565934e-03   9.6920906e-03
   9.1813334e-02  -6.2034253e-02   2.4419540e-01   8.9190599e-03  -2.4599926e-03   1.0078221e-02
