   0.0000000e+00   0.0000000e+00   0.0000000e+00   0.0000000e+00  -2.1684043e-19   0.0000000e+00
  -8.8236312e-03  -5.4935787e-02  -3.0252303e-02   3.8384142e-04   6.7005706e-05   2.3809734e-06
  -8.9660384e-03   1.1544338e-03  -2.1211320e-02   1.0754854e-04   1.4854350e-04   2.7936586e-04
  -4.7589983e-03  -7.9278607e-03   1.9426325e-02   2.7510760e-04   4.8198371e-05   2.2568218e-04
  -1.1943238e-02  -2.1908078e-02   4.5632764e-02   7.0816958e-04   1.6646409e-04   4.9065368e-04
  -2.3478103e-03  -4.2778547e-02  -1.8804648e-02   6.6757815e-04   8.5826598e-05   5.4066892e-04
  -4.9344080e-03   4.0399668e-02   7.5837510e-02   6.1989733e-04   1.3227284e-04   1.0030928e-03
  -2.2067185e-02  -1.0866097e-01   3.9947570e-03   2.2488076e-03   1.7046822e-04   6.0385915e-04
  -3.4343074e-02   5.9550680e-02   7.7397594e-02   1.3655997e-03   1.0761037e-04   1.2923444e-03
  -4.9252604e-02  -1.0351118e-01   1.0850724e-02   2.4632104e-03   1.2969513e-04   5.8674177e-04
  -4.8506935e-02   3.3660162e-02   7.5886118e-02   1.5958529e-03   4.8864774e-05   1.3141826e-03
  -4.6154719e-02  -9.5641159e-02  -7.2117699e-03   2.1620566e-03   8.6863091e-05   6.8219185e-04
  -4.3128194e-02   2.7713589e-02   8.1884465e-02   1.7919180e-03   1.2263703e-04   1.1992502e-03
  -3.6316847e-02  -1.0991218e-01   5.1449546e-04   2.3952899e-03   1.7455964e-04   7.8678358e-04
  -4.7939482e-02   2.9607522e-02   8.6783357e-02   1.7975094e-03   5.5237336e-05   1.3343623e-03
  -5.5067080e-02  -1.0519563e-01  -5.9534499e-03   2.2226787e-03   2.0708518e-04   8.8681715e-04
  -3.5443408e-02   1.2336542e-02   5.1105976e-02   1.7605556e-03   7.5670286e-05   1.6127611e-03
  -3.9181761e-02  -1.3285022e-01  -2.7353549e-02   2.3328854e-03   3.4586361e-04   1.1831036e-03
  -3.4893416e-02  -4.4568134e-03   1.3205468e-02   1.4498144e-03   4.1904271e-04   1.7437230e-03
  -3.5368430e-02  -1.3203995e-01  -3.1422698e-02   2.3333567e-03   5.1842832e-04   1.2476995e-03
  -3.1794915e-02  -2.3924786e-02   1.2836762e-02   1.3369114e-03   5.0201007e-04   1.6803692e-03
  -2.0111283e-02  -1.0864384e-01  -1.1693790e-02   2.1327283e-03   4.9894367e-04   1.2482240e-03
   1.9808252e-02   1.0458075e-02  -4.3182747e-02  -6.5439854e-04  -2.1120833e-04   1.4954511e-03
  -2.5823711e-02  -1.9624537e-03   2.0589957e-02   1.3215863e-04   4.5427578e-04   1.1953308e-03
  -3.3247611e-02  -4.1288979e-02  -1.1935337e-02   1.2594951e-03   1.0631992e-06   1.3370093e-03
  -6.4232172e-02  -9.2690863e-02  -2.6169214e-02   4.0871587e-03   3.8837551e-04   1.2072036e-03
  -6.5659561e-02   8.0627107e-02   6.3106905e-02   2.6549103e-03   4.4757229e-05   1.4494178e-03
  -9.7029097e-02  -4.8194709e-02   5.9221561e-02   3.3065101e-03   3.7423720e-04   1.3013880e-03
  -8.6940608e-02   1.2189174e-03   1.1217096e-01   2.8751348e-03  -4.8427263e-05   1.6370426e-03
  -1.0347675e-01  -3.5705680e-02   8.8047854e-02   3.1510687e-03   1.4333326e-04   1.5041710e-03
  -9.4573352e-02  -4.6917870e-02   8.9375720e-02   3.4044915e-03   1.7300013e-04   1.3216048e-03
  -9.9995058e-02   1.0574952e-02   1.1967338e-01   2.7368163e-03   1.9680618e-04   1.5584617e-03
  -9.4658411e-02  -9.4193231e-02   9.2456437e-02   3.7643279e-03   1.1413314e-04   1.1407773e-03
  -8.6762279e-02   3.6084079e-02   1.0041173e-01   2.8889312e-03   1.1478671e-04   1.5334276e-03
  -7.0303387e-02  -1.1605434e-01   6.1877567e-02   3.9880664e-03   2.6064218e-05   1.1163274e-03
  -7.7524413e-02   1.4960943e-02   9.1942177e-02   3.1902656e-03  -6.3416938e-05   1.5186650e-03
  -9.0750755e-02  -1.7372954e-01   6.9056176e-02   5.8887182e-03  -1.6347634e-04   7.1320774e-04
  -4.8019736e-02   4.8841016e-02   3.1881605e-01   8.4389993e-03  -8.2180636e-04   1.7552482e-03
  -9.1065369e-02  -1.3330115e-01   2.4431206e-01   9.9940716e-03  -1.0607406e-04   1.3566251e-03
  -9.1370728e-02  -1.0772058e-01   2.7657056e-01   1.0507116e-02  -1.7201222e-04   2.1146170e-03
  -9.0328575e-02  -1.1428969e-01   1.9970492e-01   8.4217541e-03   2.4499249e-04   1.7564236e-03
  -8.8184525e-02   1.5867793e-02   2.4424746e-01   6.9397204e-03   2.2920757e-04   2.4231171e-03
  -8.4267129e-02  -9.0133745e-02   1.9299375e-01   8.1589893e-03   1.9420800e-04   2.1755308e-03
  -8.4827533e-02  -2.1271278e-01   1.8932799e-01   9.9218232e-03   5.5683623e-04   2.9307306e-03
  -8.1420519e-02  -7.1587151e-02   1.1472656e-01   7.2761758e-03   2.7070406e-04   2.8300360e-03
  -1.0439026e-01  -1.0980583e-01   1.3256817e-01   8.6095226e-03   2.7345674e-04   2.6840463e-03
  -9.1538379e-02  -8.9434166e-02   2.2455490e-01   7.6892136e-03   7.1808195e-04   2.7618267e-03
  -7.7754397e-02  -3.4648536e-02   2.8795299e-01   7.5717905e-03   7.7715233e-04   2.9305387e-03
  -8.8041939e-02  -8.3269181e-02   2.5596355e-01   7.4905870e-03   8.2955482e-04   2.6134325e-03
  -1.0821650e-01   2.4683450e-02   3.0194303e-01   6.7679300e-03   7.3624018e-04   3.1448173e-03
  -8.4561316e-02  -2.0351421e-01   2.6827169e-01   1.0059135e-02   7.6955883e-04   3.3662947e-03
  -6.5861394e-02  -9.2782984e-02   2.3694176e-01   9.6657269e-03   3.9743334e-04   3.4271481e-03
  -6.2243898e-02   4.2305727e-02   2.6709243e-01   8.3137829e-03  -3.0673626e-05   3.9042720e-03
  -8.3404241e-02  -6.2622636e-02   2.5378418e-01   9.1831775e-03   6.3160818e-05   3.4873486e-03
  -8.1895474e-02  -9.6148130e-02   2.8080190e-01   9.1096588e-03   2.2365408e-04   3.4668573e-03
  -7.9384413e-02   1.0100079e-02   2.8993894e-01   7.9884326e-03  -1.2735931e-05   3.9280909e-03
  -9.2782846e-02  -1.4586222e-01   2.7828745e-01   1.0438533e-02   3.2284037e-04   3.6750545e-03
  -8.1659979e-02  -8.1946847e-02   2.7515296e-01   9.1777455e-03  -3.1212268e-05   3.5586702e-03
  -8.8749237e-02  -2.6220859e-03   3.3131527e-01   9.4333704e-03  -8.4772759e-05   4.0271128e-03
  -1.0092107e-01  -3.8961198e-01   2.4429351e-01   1.4805221e-02  -5.2118964e-04   4.2418992e-03
  -1.3582886e-01  -1.8734900e-01   1.6286843e-01   1.2742503e-02   1.8418945e-04   3.2877773e-03
  -1.1698832e-01  -2.8357102e-02   2.8683799e-01   1.0945307e-02  -5.7988342e-05   3.4160236e-03
  -1.2012052e-01  -2.4094252e-01   2.2711931e-01   1.2383062e-02  -1.6566565e-04   2.5907457e-03
  -1.2584808e-01  -2.6240573e-01   1.8588419e-01   1.3544950e-02  -1.9001364e-04   2.6308101e-03
  -1.1225974e-01  -6.1151344e-02   2.2451629e-01   1.1422714e-02  -4.6274806e-04   3.1509354e-03
  -1.0029813e-01  -1.8140807e-01   2.3745764e-01   1.2415618e-02  -2.0905838e-04   2.9665495e-03
  -8.8405738e-02  -1.3619556e-01   2.5495952e-01   1.2763356e-02  -1.7180549e-04   3.4658661e-03
  -8.9219521e-02   1.3980947e-01   4.6945587e-01   1.3916026e-02  -4.2101628e-04   3.2209693e-03
  -1.0055936e-01  -2.2285314e-01   4.4622756e-01   1.5582360e-02   3.2076467e-04   2.8358772e-03
  -1.0588629e-01  -2.3737566e-01   3.4514519e-01   1.5447632e-02   8.0685298e-04   2.9161903e-03
  -1.0397082e-01  -2.5185193e-01   3.5196745e-01   1.6320668e-02   6.1843978e-04   3.2282987e-03
  -1.2874300e-01  -1.5610878e-01   3.4543070e-01   1.3842474e-02   3.2733456e-04   2.9286614e-03
  -1.3497837e-01  -4.1140843e-02   3.9640559e-01   1.2880949e-02   2.5950278e-04   3.3448233e-03
  -1.3444538e-01  -2.2383083e-01   3.4430443e-01   1.4119777e-02   6.9028061e-04   2.7963700e-03
  -9.0738853e-02  -2.2412997e-01   3.6302178e-01   1.5440339e-02   5.4982315e-04   3.0085310e-03
  -7.4297168e-02  -1.9186359e-01   2.9955405e-01   1.4103323e-02   7.3598120e-04   3.7384693e-03
  -1.0410374e-01  -6.8895724e-02   4.6531563e-01   1.2367204e-02   6.4524873e-04   4.2174862e-03
  -1.0265838e-01  -1.6016737e-01   5.2173318e-01   1.3401326e-02   9.1813444e-04   3.7217338e-03
  -1.2024699e-01  -1.4773411e-03   5.4816262e-01   1.2583233e-02   1.0073010e-03   4.2145272e-03
  -1.2623554e-01  -1.4093102e-01   4.9493039e-01   1.4085780e-02   1.1016171e-03   3.6656586e-03
  -1.1470560e-01  -2.6049312e-01   4.6127982e-01   1.7654913e-02   8.4418836e-04   3.4362987e-03
  -1.0823380e-01  -8.2746908e-02   4.9318626e-01   1.4719401e-02   6.4132797e-04   4.3141480e-03
  -1.0120171e-01  -1.4160109e-01   4.9572160e-01   1.5368707e-02   6.4298704e-04   4.2501077e-03
  -7.8173838e-02  -2.2131916e-01   4.7530321e-01   1.6252438e-02   5.9532899e-04   3.9646322e-03
  -7.6347812e-02  -3.9610351e-01   4.2408114e-01   2.0650719e-02   5.3531207e-04   5.1841987e-03
  -8.8397290e-02  -3.7707971e-01   3.6592604e-01   2.1503664e-02   1.0533082e-03   5.8766478e-03
  -8.3691553e-02  -3.9470914e-01   4.4618254e-01   1.9302281e-02   1.1174994e-03   5.7205041e-03
  -7.4826092e-02  -2.2073210e-01   5.0561621e-01   1.7625453e-02   6.7884660e-04   5.9097278e-03
  -8.0138013e-02  -3.1014728e-01   4.3255919e-01   1.8440893e-02   9.0142705e-04   5.5975681e-03
  -7.9246337e-02  -2.2346195e-01   5.1474062e-01   1.7240348e-02   5.7560520e-04   5.8895710e-03
  -9.6895006e-02  -2.3372125e-01   5.1332971e-01   1.7293041e-02   9.0259661e-04   5.7577611e-03
  -1.0562021e-01  -2.8946077e-01   5.0216185e-01   1.7415596e-02   1.0980146e-03   5.5119267e-03
  -1.0572513e-01  -1.7424516e-01   5.4786176e-01   1.6483625e-02   9.3547165e-04   5.6202953e-03
  -1.0925227e-01  -3.0335711e-01   4.7731515e-01   1.7332726e-02   1.0055235e-03   5.2466881e-03
  -1.0298910e-01  -1.6628419e-01   4.9241598e-01   1.6136269e-02   8.6847110e-04   5.4768833e-03
  -1.2339708e-01  -1.4406329e-01   5.4161872e-01   1.6077734e-02   8.8841058e-04   5.3895987e-03
  -1.3135130e-01  -2.6583556e-01   4.8650245e-01   1.6647847e-02   1.0255654e-03   5.0160101e-03
  -1.3533506e-01  -1.0942966e-01   5.7769631e-01   1.5588038e-02   7.4320198e-04   5.4030548e-03
  -1.3303251e-01  -2.4387817e-01   4.7339585e-01   1.6009887e-02   8.5567988e-04   4.9865740e-03
  -1.2353057e-01  -1.6095445e-01   5.5064183e-01   1.5841463e-02   9.3277644e-04   5.7313193e-03
  -1.2957589e-01  -2.3544493e-01   4.6437639e-01   1.6218257e-02   1.1504235e-03   5.2588992e-03
  -1.3101832e-01  -1.2064557e-01   5.2871756e-01   1.5027345e-02   1.0002395e-03   5.8850356e-03
  -1.1239600e-01  -2.6039415e-01   4.6738366e-01   1.5983614e-02   7.6690814e-04   5.2268896e-03
  -1.0015046e-01  -1.0789811e-01   5.5890797e-01   1.5119831e-02   6.3841903e-04   6.0589979e-03
  -1.0234328e-01  -2.6244103e-01   4.4431989e-01   1.5908120e-02   7.0798500e-04   5.2010885e-03
  -9.6436602e-02  -1.4513298e-01   5.2628160e-01   1.5473919e-02   4.2308251e-04   5.9362440e-03
  -1.0440734e-01  -2.4000608e-01   4.5719043e-01   1.5823886e-02   3.6725535e-04   5.2919993e-03
  -1.0149242e-01  -1.5782665e-01   4.7098307e-01   1.5095955e-02   1.6771608e-04   5.7758988e-03
  -1.0124536e-01  -1.7434315e-01   3.5112397e-01   1.3951980e-02   3.0254914e-05   5.4631442e-03
  -1.4328014e-01  -2.6077046e-01   4.0969186e-01   1.5370719e-02   1.6301643e-04   5.5394097e-03
  -1.5048696e-01  -1.6013753e-01   4.7068348e-01   1.4360085e-02   2.4927128e-04   5.9015594e-03
  -1.4948981e-01  -2.8039867e-01   4.5621466e-01   1.5784249e-02   2.4767499e-04   5.1264673e-03
  -1.6583249e-01  -1.5081864e-01   5.2354880e-01   1.4755462e-02   2.1964806e-04   5.8148990e-03
  -1.6233505e-01  -2.6627319e-01   4.7747267e-01   1.5977574e-02   8.7948171e-05   5.1015745e-03
  -1.5944667e-01  -1.5233788e-01   5.5371052e-01   1.5205863e-02   2.3225619e-04   5.9029880e-03
  -1.6196398e-01  -2.2891831e-01   4.6630998e-01   1.5443418e-02   2.1266857e-04   5.3748713e-03
  -1.5487030e-01  -1.2512215e-01   5.4889319e-01   1.4807465e-02   4.1611125e-05   5.9205127e-03
  -1.6601234e-01  -1.9142425e-01   4.9645531e-01   1.5070704e-02   7.3797437e-05   5.5383373e-03
  -1.6872330e-01  -1.0869513e-01   5.5806479e-01   1.4449383e-02   1.7867548e-04   5.9733008e-03
  -1.7510048e-01  -2.1691734e-01   5.2589352e-01   1.5421527e-02   2.1782753e-04   5.4507745e-03
  -1.7461076e-01  -9.3014452e-02   5.7847065e-01   1.4261306e-02  -4.5682027e-05   6.1634083e-03
  -1.8348078e-01  -2.1716071e-01   5.0958701e-01   1.5389445e-02  -8.8583358e-05   5.3725287e-03
  -1.9088979e-01  -1.2768901e-01   5.4947446e-01   1.4321445e-02  -4.4091803e-04   5.6672199e-03
  -2.0232553e-01  -1.4687620e-01   4.6987453e-01   1.4037814e-02  -3.5456239e-04   5.4482944e-03
  -1.8077800e-01  -8.7857181e-02   5.4446431e-01   1.3443956e-02  -5.4570430e-04   5.8103213e-03
  -1.7624179e-01  -1.5349500e-01   4.8334155e-01   1.3813066e-02  -6.4017501e-04   5.0776517e-03
  -1.5763512e-01  -3.9649846e-02   5.7980416e-01   1.2925498e-02  -9.9913742e-04   5.6817229e-03
  -1.7386181e-01  -1.6249498e-01   5.0950465e-01   1.3940841e-02  -8.1109531e-04   4.8531266e-03
  -1.5746112e-01  -6.8136927e-02   5.9233516e-01   1.3612362e-02  -8.7576668e-04   5.4855810e-03
  -1.6445808e-01  -1.5507894e-01   5.2126143e-01   1.3886835e-02  -7.2893349e-04   4.8018629e-03
  -1.7231754e-01  -1.5075676e-02   5.7441387e-01   1.2708789e-02  -8.6488909e-04   5.6067099e-03
  -1.7241349e-01  -2.0082541e-01   5.2185052e-01   1.4383510e-02  -6.3657495e-04   4.7392378e-03
  -1.7202670e-01  -4.3354343e-02   5.9771296e-01   1.3286097e-02  -9.3043232e-04   5.5045228e-03
  -1.7837977e-01  -1.8372834e-01   5.1760037e-01   1.4375636e-02  -1.0752718e-03   4.6424233e-03
  -1.7909000e-01  -7.6937913e-02   5.9631802e-01   1.3512456e-02  -1.2515442e-03   4.9049311e-03
  -1.8339230e-01  -1.5254529e-01   5.1671392e-01   1.3845861e-02  -1.3793640e-03   4.3542039e-03
  -1.5029157e-01   9.6935608e-02   6.3418758e-01   1.1144479e-02  -9.2961484e-04   3.7733010e-03
  -1.4324554e-01   5.1697346e-02   6.7867997e-01   1.1396584e-02  -8.4150860e-04   3.0913939e-03
  -1.4448952e-01   2.0741267e-01   8.9544442e-01   1.1780572e-02  -1.2429430e-03   3.8872500e-03
  -1.5035256e-01   4.8351839e-02   8.2762196e-01   1.3062016e-02  -7.2062866e-04   3.5468585e-03
  -1.5042583e-01   1.7459420e-01   9.1584422e-01   1.1756125e-02  -7.8874384e-04   4.2849694e-03
  -1.6414384e-01   6.2542873e-02   8.1854491e-01   1.2229078e-02  -7.3738305e-04   3.6337525e-03
  -1.5277776e-01   1.7642696e-01   9.0749691e-01   1.0991213e-02  -9.4893980e-04   4.1938566e-03
  -1.6723749e-01   9.5668218e-02   7.7874517e-01   1.0381271e-02  -8.7683453e-04   3.8688506e-03
  -1.4068029e-01   1.7600844e-01   8.2473797e-01   9.8912443e-03  -1.1569469e-03   4.1688359e-03
  -1.4967287e-01   7.7901796e-02   7.5062318e-01   1.0344342e-02  -1.0140335e-03   3.8813558e-03
  -1.5449078e-01   1.9219789e-01   8.0097780e-01   9.5577386e-03  -8.5733405e-04   4.4517210e-03
  -1.4660404e-01   4.4173108e-02   7.2713962e-01   1.1061115e-02  -1.0906128e-03   3.7915999e-03
  -1.4471148e-01   1.7407927e-01   7.9645359e-01   1.0228018e-02  -1.0974729e-03   4.3540462e-03
  -1.4777864e-01   2.8416908e-02   7.1486756e-01   1.1187704e-02  -9.3952649e-04   4.0552381e-03
  -1.1976671e-01   1.8274338e-01   8.3724979e-01   1.0406820e-02  -1.2457230e-03   4.8435217e-03
  -1.3660471e-01   2.3704757e-02   7.1607191e-01   1.1078225e-02  -1.3912504e-03   4.0934114e-03
  -1.3379238e-01   1.8046177e-01   8.1787856e-01   8.5101637e-03  -1.4427701e-03   4.1577416e-03
  -1.1050453e-01   4.1901284e-01   1.0983858e+00   9.1186225e-03  -2.4976077e-03   4.8455782e-03
  -1.4266618e-01   1.5609428e-01   1.0380814e+00   1.2048513e-02  -2.0417174e-03   4.5973757e-03
  -1.8155560e-01  -7.7815095e-02   7.8254528e-01   1.2357823e-02  -1.7261353e-03   3.5263719e-03
  -1.6201392e-01   1.5680919e-03   7.4676670e-01   1.2231265e-02  -1.8410568e-03   3.4486130e-03
  -1.7938565e-01   8.3443760e-02   8.3063752e-01   1.1382333e-02  -1.7799939e-03   4.1391411e-03
  -1.9589170e-01   1.7017453e-02   7.4942368e-01   1.1685327e-02  -1.6535630e-03   3.8309139e-03
  -1.9460915e-01   5.0480346e-02   7.6159591e-01   1.1871618e-02  -2.0427152e-03   3.9982698e-03
  -2.0622510e-01  -4.0298579e-02   7.4509456e-01   1.2503195e-02  -1.9481525e-03   3.7288495e-03
  -1.9766635e-01   1.8260694e-02   7.7554863e-01   1.2275820e-02  -2.0079996e-03   4.0435090e-03
  -2.0430368e-01   9.9096148e-03   7.6442737e-01   1.2245051e-02  -1.8474405e-03   4.1293007e-03
  -2.0656282e-01  -2.3395699e-02   7.5862377e-01   1.2610817e-02  -1.7711661e-03   4.2439372e-03
  -1.9859412e-01   2.0880623e-02   7.8822970e-01   1.1976756e-02  -1.9398832e-03   4.5029110e-03
  -2.1550705e-01   4.8412478e-02   8.2145705e-01   1.2266009e-02  -1.8991897e-03   4.5251272e-03
  -2.0300305e-01   7.7650375e-02   7.7995545e-01   1.1609307e-02  -1.9778604e-03   4.8224709e-03
  -1.8669931e-01  -8.8518139e-02   7.5420405e-01   1.2860020e-02  -1.9021641e-03   4.4260653e-03
  -1.8535666e-01   4.3860468e-02   7.8527443e-01   1.1839555e-02  -2.0991113e-03   4.8869693e-03
  -1.7656862e-01  -6.2673956e-02   7.2779468e-01   1.2907340e-02  -2.0046928e-03   4.4131232e-03
  -1.9740377e-01  -3.6376119e-03   7.7494642e-01   1.2620793e-02  -1.7519469e-03   4.7883437e-03
  -1.9580837e-01  -3.1799906e-02   7.0327653e-01   1.2197216e-02  -1.8365728e-03   4.8619739e-03
  -1.9600652e-01   2.8625076e-02   7.6396086e-01   1.2339907e-02  -1.9892278e-03   5.1028336e-03
  -2.1384713e-01  -4.7046449e-02   7.2562551e-01   1.2829148e-02  -1.8362494e-03   4.9568371e-03
  -2.1362315e-01   1.6497488e-02   7.4362110e-01   1.2011542e-02  -2.0292447e-03   5.5556882e-03
  -1.9831052e-01  -3.5722964e-02   7.1051371e-01   1.2812789e-02  -1.9067527e-03   5.2044671e-03
  -1.9438335e-01   2.9809423e-02   7.5537772e-01   1.2088683e-02  -1.8112850e-03   5.4594981e-03
  -1.5830003e-01  -6.6010678e-02   7.8441640e-01   1.3465489e-02  -1.7676149e-03   5.4148713e-03
  -1.2714570e-01   3.0547950e-01   1.5492591e+00   1.5502428e-02  -1.9182994e-03   6.4492317e-03
  -1.0777291e-01   2.0505838e-01   1.5223406e+00   1.2639548e-02  -2.2753172e-03   6.1569533e-03
  -1.2587502e-01   3.1374296e-01   1.5145275e+00   1.1958234e-02  -2.2320865e-03   6.4878671e-03
  -1.3256326e-01   1.9677851e-01   1.4436436e+00   1.3242775e-02  -2.2459046e-03   5.9635595e-03
  -1.3224912e-01   2.9151485e-01   1.4501391e+00   1.2335055e-02  -2.5299559e-03   6.4434439e-03
  -1.3852521e-01   2.0135255e-01   1.3984588e+00   1.2928221e-02  -2.6080009e-03   5.9192543e-03
  -1.2932066e-01   2.1308615e-01   1.3936614e+00   1.2475521e-02  -2.6751401e-03   6.0913763e-03
  -1.0458570e-01   1.7902666e-01   1.3420081e+00   1.3297674e-02  -2.6077398e-03   6.1412827e-03
  -8.8442051e-02   2.1150574e-01   1.3598328e+00   1.2834204e-02  -2.6197220e-03   6.7713301e-03
  -2.4809317e-02   8.6564243e-02   1.2492981e+00   1.3638470e-02  -3.2676091e-03   6.3121398e-03
