   0.0000000e+00   0.0000000e+00   0.0000000e+00   0.0000000e+00   8.6736174e-19   6.9388939e-18
  -1.0069064e-02  -6.1665439e-02  -8.4438284e-02   3.2185424e-04   2.3373100e-04  -2.0508309e-04
  -2.0590464e-02  -5.1021900e-02  -6.0166382e-02   6.8565373e-04   3.5250323e-04   3.7605395e-04
  -4.1484883e-02  -8.8795377e-02  -1.2248439e-01   1.0311077e-03   5.1409986e-04   7.4889711e-04
  -5.6248649e-02  -1.2205366e-01  -1.4818767e-01   1.2166443e-03   4.6002470e-04   1.1388100e-03
  -5.3003670e-02  -6.5341659e-02  -1.2659270e-01   5.5168716e-04   9.8023029e-05   1.8507603e-03
  -8.9211073e-02  -1.9368505e-01  -1.8491952e-01   1.8739294e-03   4.0687995e-04   1.4229935e-03
  -8.2655779e-02  -7.0480066e-02  -1.0423089e-01   1.2926986e-03  -2.0392989e-05   2.4296210e-03
  -1.1293919e-01  -2.5983979e-01  -2.5880013e-01   2.8867825e-03   3.1188081e-04   2.5812369e-03
  -9.5483889e-02  -9.2449771e-02  -1.6008675e-01   1.9786493e-03  -2.8335437e-04   3.4162029e-03
  -1.3195706e-01  -3.1486418e-01  -2.7001591e-01   3.5854469e-03   1.2724906e-04   2.9667679e-03
  -1.2887990e-01  -1.3811650e-01  -1.6519880e-01   2.6147819e-03  -9.6050311e-05   3.9149401e-03
  -1.6318683e-01  -2.9364064e-01  -3.0034995e-01   2.8679542e-03   1.9933906e-04   3.1927270e-03
  -1.6286755e-01  -1.5231913e-01  -1.9757177e-01   2.1047597e-03   2.0897377e-06   4.0776756e-03
  -1.7986524e-01  -3.1880296e-01  -2.9094749e-01   3.7771305e-03   2.1376266e-04   3.3605963e-03
  -1.8038502e-01  -1.5035345e-01  -1.9153743e-01   2.7020832e-03  -1.9620423e-04   4.2776970e-03
  -2.0245285e-01  -2.8938364e-01  -3.1525801e-01   3.2888052e-03  -8.1096531e-05   3.6243740e-03
  -1.9847812e-01  -1.4228571e-01  -2.0891262e-01   2.5125577e-03  -9.8005239e-05   4.4655544e-03
  -1.9865819e-01  -2.9137592e-01  -2.6411070e-01   3.8811156e-03   2.3572369e-04   3.8511201e-03
  -1.8702518e-01  -1.8332470e-01  -1.8139303e-01   2.9396139e-03  -1.8928576e-04   4.1736317e-03
  -1.9292280e-01  -2.5853983e-01  -2.8473821e-01   3.2125282e-03   7.3581841e-05   3.9280250e-03
  -1.9619825e-01  -2.1840727e-01  -2.2978317e-01   3.3810118e-03  -1.5060534e-04   4.1221842e-03
  -2.1452581e-01  -2.2142587e-01  -2.5074737e-01   3.3424047e-03   6.2154425e-05   3.5570204e-03
  -2.1688067e-01  -2.1363598e-01  -1.9519065e-01   3.5218012e-03  -2.7272871e-05   3.4231133e-03
  -2.2094474e-01  -1.9504138e-01  -1.5883638e-01   3.4047450e-03   1.5745786e-04   3.7342793e-03
  -1.9506556e-01  -1.7265222e-01  -1.1283102e-01   3.3616983e-03  -9.1128252e-05   3.8384004e-03
  -2.0731197e-01  -2.1981419e-01  -2.0014875e-01   3.1177600e-03   2.7434929e-05   3.6176310e-03
  -2.0597074e-01  -1.7121876e-01  -1.4887543e-01   3.1091498e-03  -1.9023412e-04   3.7836725e-03
  -2.1687342e-01  -1.8072807e-01  -1.6735258e-01   3.6336483e-03   3.0909067e-05   3.7104380e-03
  -2.1845463e-01  -1.6568502e-01  -1.3994871e-01   3.5425341e-03  -1.8355617e-04   3.8949307e-03
  -2.1396456e-01  -2.1455161e-01  -1.9477933e-01   3.7494318e-03  -1.3615994e-04   3.6569192e-03
  -1.9725986e-01  -1.2857270e-01  -9.2846870e-02   3.5189670e-03  -8.6626366e-04   3.7097038e-03
  -2.0808504e-01  -2.5251682e-01  -1.7736220e-01   3.9523038e-03  -6.9388719e-04   3.6361900e-03
  -1.7318743e-01  -2.7836936e-01  -2.0286149e-01   4.3373038e-03  -8.4551283e-04   3.4177169e-03
  -1.6451125e-01  -1.4022243e-01  -1.0748896e-01   3.6949262e-03  -1.1647000e-03   3.8440908e-03
  -1.6472157e-01  -2.8704157e-01  -1.9781660e-01   3.9294097e-03  -1.2992143e-03   3.1271970e-03
  -1.5027122e-01  -1.2844784e-01  -1.2779008e-01   3.0420575e-03  -1.4615320e-03   3.6288965e-03
  -1.5501434e-01  -2.8176054e-01  -2.3088156e-01   4.3552194e-03  -1.4827458e-03   2.9760740e-03
  -1.5336552e-01  -1.3091180e-01  -1.2464489e-01   3.8053269e-03  -1.5834053e-03   3.4952728e-03
  -1.5329836e-01  -2.7951400e-01  -2.3011339e-01   4.4189884e-03  -1.6177486e-03   3.1087912e-03
  -1.4898771e-01  -1.5696416e-01  -1.4483750e-01   3.5527298e-03  -1.9083138e-03   3.4119826e-03
  -1.6238522e-01  -2.4202421e-01  -2.1326138e-01   4.1053629e-03  -1.6822157e-03   3.1868387e-03
  -1.6324809e-01  -2.6383895e-01  -1.9334494e-01   4.3187348e-03  -1.6865256e-03   2.9351034e-03
  -1.5502025e-01  -1.5339015e-01  -1.6371004e-01   3.2521057e-03  -1.7346524e-03   3.3204176e-03
  -1.5802113e-01  -2.7916909e-01  -1.9220572e-01   4.2641570e-03  -1.8799592e-03   2.8619967e-03
  -1.6904543e-01  -1.8282832e-01  -1.3478257e-01   3.6602335e-03  -1.8227883e-03   3.0971012e-03
  -1.7146515e-01  -2.8178289e-01  -1.9326936e-01   4.2976485e-03  -2.0055607e-03   2.7762018e-03
  -1.6595357e-01  -1.4481528e-01  -1.7115342e-01   3.3483853e-03  -2.0580118e-03   3.3106827e-03
  -1.6062487e-01  -2.7201878e-01  -2.3398009e-01   4.5223560e-03  -2.0056188e-03   2.6304542e-03
  -1.5702379e-01  -1.5863920e-01  -1.4191001e-01   3.7403723e-03  -2.0676597e-03   3.1170574e-03
  -1.5371968e-01  -2.6909712e-01  -2.1810843e-01   4.0320920e-03  -2.1197398e-03   2.5308487e-03
  -1.5254981e-01  -1.3674496e-01  -1.2300826e-01   3.4186760e-03  -2.3010711e-03   2.9803512e-03
  -1.6018642e-01  -3.0504856e-01  -2.2154119e-01   4.5386644e-03  -2.0787983e-03   2.2999773e-03
  -1.5231271e-01  -1.3229083e-01  -1.4886968e-01   3.5790365e-03  -2.4479543e-03   2.8692074e-03
  -1.5236648e-01  -2.7642004e-01  -2.2703927e-01   4.6392732e-03  -2.3198643e-03   2.4646159e-03
  -1.5693982e-01  -1.6176900e-01  -1.2848175e-01   3.7488420e-03  -2.4432717e-03   2.7392229e-03
  -1.5468557e-01  -2.4486613e-01  -2.1882814e-01   3.7743361e-03  -2.4489148e-03   2.4646378e-03
  -1.4110509e-01  -1.6044189e-01  -1.5032216e-01   3.3506094e-03  -2.7354944e-03   2.8724781e-03
  -1.4106377e-01  -2.6111847e-01  -2.3092728e-01   4.3612745e-03  -2.5806587e-03   2.4237588e-03
  -1.3527687e-01  -1.7196202e-01  -1.5039000e-01   3.9498828e-03  -2.9395501e-03   2.8489247e-03
  -1.5264474e-01  -2.2862023e-01  -2.4586327e-01   3.7219254e-03  -2.5702877e-03   2.2647817e-03
  -1.5123891e-01  -1.7618531e-01  -1.6876731e-01   3.5750551e-03  -3.0098444e-03   2.3257538e-03
  -1.5824278e-01  -2.8029263e-01  -2.1105724e-01   4.8319889e-03  -2.7699061e-03   2.2756491e-03
  -1.3437106e-01  -2.7354081e-01  -2.1371863e-01   4.2877973e-03  -3.2409067e-03   2.3728466e-03
  -1.3330119e-01  -2.6921400e-01  -2.5137067e-01   3.9149001e-03  -3.4492324e-03   1.9581663e-03
  -1.5540363e-01  -2.2475877e-01  -1.7411117e-01   3.9605999e-03  -3.5418542e-03   2.0396674e-03
  -1.7148016e-01  -2.8642723e-01  -2.3099786e-01   4.3409961e-03  -3.4031424e-03   1.9526544e-03
  -1.7487667e-01  -2.1132030e-01  -1.9976447e-01   3.8860120e-03  -3.3657722e-03   2.2253582e-03
  -1.7481466e-01  -2.5771958e-01  -2.3829123e-01   3.9706846e-03  -3.2913664e-03   2.0704768e-03
  -1.7368070e-01  -2.2327396e-01  -1.7056191e-01   4.1749623e-03  -3.3863246e-03   2.4329824e-03
  -1.5902684e-01  -2.7996757e-01  -2.6728890e-01   4.0822945e-03  -3.3866744e-03   2.1563802e-03
  -1.6396396e-01  -2.1349061e-01  -1.8470654e-01   3.7908054e-03  -3.4552676e-03   2.6485473e-03
  -1.7954801e-01  -2.9832506e-01  -2.2889111e-01   4.5734675e-03  -3.3387869e-03   2.3703816e-03
  -1.8150740e-01  -1.8434539e-01  -1.4002059e-01   3.8861078e-03  -3.5712608e-03   2.7147309e-03
  -1.8385901e-01  -2.7064117e-01  -2.3814132e-01   3.9979005e-03  -3.5365350e-03   2.3976538e-03
  -1.7945434e-01  -1.7690860e-01  -1.4461390e-01   3.6715231e-03  -3.6475944e-03   2.5794290e-03
  -1.9253102e-01  -2.6315877e-01  -2.1591063e-01   3.9803333e-03  -3.5881149e-03   2.0135868e-03
  -1.8624709e-01  -1.5464300e-01  -1.5284351e-01   3.1082669e-03  -3.8901090e-03   2.4497612e-03
  -1.9526683e-01  -2.6901330e-01  -2.1644666e-01   3.6814758e-03  -3.6232699e-03   2.2375450e-03
  -2.0387638e-01  -1.3581253e-01  -1.2430517e-01   3.0290123e-03  -3.7853477e-03   2.5633995e-03
  -2.0846858e-01  -2.6487161e-01  -2.2731870e-01   3.7655383e-03  -3.5676306e-03   2.1964541e-03
  -2.0401869e-01  -1.3509148e-01  -1.2211787e-01   3.2793422e-03  -3.8061913e-03   2.4944886e-03
  -2.3132306e-01  -2.6995996e-01  -2.0532172e-01   3.7124863e-03  -3.5521836e-03   2.1139687e-03
  -2.3078635e-01  -1.6354150e-01  -1.4416293e-01   2.9952182e-03  -3.7864904e-03   2.4046615e-03
  -2.1742957e-01  -2.8227445e-01  -2.0956264e-01   3.7989343e-03  -3.8463695e-03   2.0010146e-03
  -2.2313755e-01  -1.6056313e-01  -1.2933997e-01   3.2562890e-03  -3.7683382e-03   2.3595910e-03
  -2.3049355e-01  -2.7097936e-01  -2.1349880e-01   3.7997663e-03  -3.8940284e-03   1.9396129e-03
  -2.3962609e-01  -1.3897470e-01  -1.4232820e-01   3.0125083e-03  -4.0611296e-03   2.3383198e-03
  -2.4396779e-01  -2.7594747e-01  -1.9962751e-01   3.9334258e-03  -4.1151262e-03   1.8917109e-03
  -2.5994364e-01  -1.1965752e-01  -1.2506554e-02   3.4870839e-03  -4.3973686e-03   2.1525214e-03
  -2.6771758e-01  -2.1996015e-01  -9.7143373e-02   3.7638120e-03  -4.6672359e-03   1.8949407e-03
  -2.8335384e-01  -5.7103664e-02   1.6801395e-01   3.8333827e-03  -5.0038567e-03   1.8913281e-03
  -2.9387976e-01  -1.9671269e-01   9.0021146e-02   4.8739767e-03  -4.7972453e-03   1.4621093e-03
  -2.7338840e-01  -6.3598243e-02   1.6224002e-01   3.8034014e-03  -5.0242323e-03   1.8944172e-03
  -2.9742590e-01  -1.0102013e-01   1.9421054e-01   4.4883092e-03  -4.6168643e-03   1.3607157e-03
  -2.7145481e-01   2.1099545e-02   2.3443102e-01   2.9050177e-03  -4.7217443e-03   1.4179916e-03
  -2.7809540e-01  -1.2711415e-01   1.4610794e-01   4.1349296e-03  -4.9129748e-03   1.4799757e-03
  -2.6476500e-01  -4.1519370e-03   1.9114490e-01   3.2203482e-03  -5.0694249e-03   1.7975050e-03
  -2.5419363e-01  -1.2902815e-01   7.9890097e-02   3.9166504e-03  -4.9947130e-03   1.4754838e-03
  -2.2973598e-01  -4.3557642e-02   1.5779257e-01   3.7262818e-03  -5.3019284e-03   1.8540299e-03
  -2.4526753e-01  -1.4694675e-01   6.1007175e-02   4.3125057e-03  -5.1203550e-03   1.4331876e-03
  -2.3616082e-01  -9.0069890e-02   1.2121363e-01   4.1458198e-03  -5.3191467e-03   1.7298572e-03
  -2.6100783e-01  -1.2154284e-01   8.2388854e-02   4.2307230e-03  -5.1889568e-03   1.6985032e-03
  -2.4657458e-01  -7.2456351e-02   1.6833853e-01   4.0817045e-03  -5.2455793e-03   2.0999552e-03
  -2.5521112e-01  -1.3345954e-01   4.9178618e-02   4.0516202e-03  -5.2474546e-03   1.9452194e-03
  -2.3403463e-01  -3.9008826e-02   1.3405234e-01   3.5787236e-03  -5.3891077e-03   2.3054104e-03
  -2.2551142e-01  -1.5668862e-01   1.9269919e-02   4.4808624e-03  -5.3268149e-03   1.8561806e-03
  -2.0672301e-01  -1.5700593e-02   1.9214165e-01   3.8714790e-03  -5.3734276e-03   2.0805091e-03
  -2.4517455e-01  -9.7215351e-02   1.4113245e-01   4.3237891e-03  -5.1498832e-03   1.8380807e-03
  -2.2767368e-01  -6.9389660e-03   2.3052585e-01   3.9267653e-03  -5.5481115e-03   1.9503237e-03
  -1.7720623e-01  -1.3609858e-02   5.9192164e-01   7.7732381e-03  -5.5505447e-03   1.3590446e-03
  -1.7303693e-01   5.1336391e-02   6.1396710e-01   5.6290439e-03  -5.2437845e-03   1.3757409e-03
  -1.9528162e-01  -5.9905688e-02   5.3414872e-01   6.2963557e-03  -5.6081997e-03   1.1026582e-03
  -2.0078091e-01   8.1918111e-02   5.6161408e-01   5.2912127e-03  -5.8944704e-03   1.2912232e-03
  -1.9236645e-01  -5.0877101e-02   6.9300966e-01   7.7304066e-03  -5.6505315e-03   1.0416645e-03
  -1.4152210e-01   1.7087415e-01   9.3935129e-01   7.0527650e-03  -4.4986204e-03   1.1595287e-03
  -1.7177381e-01   1.0751205e-01   8.7924790e-01   7.3394645e-03  -4.1471323e-03   1.2706358e-03
  -1.5777119e-01   1.7580500e-01   9.1344503e-01   6.9096404e-03  -4.5867153e-03   1.5442654e-03
  -1.3044240e-01   2.9131414e-03   7.4447441e-01   9.5321374e-03  -4.3912965e-03   2.1393806e-03
  -9.7527250e-02   8.1283677e-02   7.4976784e-01   8.0767233e-03  -5.2459406e-03   2.0626410e-03
  -9.3026865e-02   7.7325753e-02   7.2170968e-01   8.0980818e-03  -5.6153956e-03   2.6081750e-03
  -1.0845430e-01  -1.4931148e-02   6.1859509e-01   9.1911790e-03  -5.1124739e-03   2.2738494e-03
  -1.0322481e-01   9.4125074e-02   6.3770581e-01   7.5147261e-03  -5.6689321e-03   2.3477364e-03
  -1.0301780e-01   2.0184432e-02   6.2293475e-01   8.1774854e-03  -5.7430030e-03   2.4046805e-03
  -1.0338905e-01  -1.0209066e-02   6.4349041e-01   7.9037789e-03  -6.0020544e-03   2.1742235e-03
  -1.0305900e-01   1.2140494e-01   6.9442640e-01   6.6017989e-03  -6.0385315e-03   2.1357321e-03
  -1.0918230e-01  -3.5769242e-02   5.8089775e-01   8.0034946e-03  -5.7811082e-03   1.9348007e-03
  -8.5602832e-02   1.3143930e-01   6.4401279e-01   6.4345784e-03  -6.2728191e-03   2.2047897e-03
  -1.0823226e-01  -3.6182867e-03   5.3033489e-01   7.8554388e-03  -6.1418177e-03   1.5978370e-03
  -1.0666675e-01   1.3623394e-01   6.4695542e-01   6.3934555e-03  -6.4971788e-03   1.9168369e-03
  -1.1692484e-01   3.9137735e-02   5.3540479e-01   6.7251845e-03  -6.2275218e-03   1.7702441e-03
  -9.8002268e-02   1.6330324e-01   6.4120176e-01   6.0691387e-03  -6.6576597e-03   1.8826667e-03
  -1.0827455e-01   5.7382198e-02   5.7191548e-01   6.7289986e-03  -6.6676634e-03   1.7440780e-03
  -1.3280516e-01   1.3767897e-01   6.0883172e-01   5.7356970e-03  -6.5962062e-03   1.8975612e-03
  -1.3274111e-01   3.9640638e-02   5.1266548e-01   6.7461503e-03  -6.2231806e-03   1.8680918e-03
  -1.0420003e-01   5.0785523e-02   5.8770281e-01   6.5469115e-03  -6.4601850e-03   1.9769623e-03
  -1.0189714e-01   8.1980891e-02   5.5636551e-01   6.1151190e-03  -6.4689147e-03   1.8838783e-03
  -9.0425029e-02   8.7121836e-02   6.1910391e-01   6.1562597e-03  -6.6366227e-03   2.0573117e-03
  -1.0187074e-01   3.6771507e-02   5.1131731e-01   6.2081287e-03  -6.4044475e-03   1.8476100e-03
  -9.1744558e-02   1.3695336e-01   6.0948551e-01   5.7130480e-03  -6.6807670e-03   2.1078609e-03
  -1.1262419e-01   3.3900609e-02   5.0628475e-01   6.4638352e-03  -6.4062837e-03   1.7767388e-03
  -1.0973259e-01   1.5434302e-01   6.1828782e-01   5.3116911e-03  -6.6773261e-03   1.9051980e-03
  -1.1688288e-01   6.7971812e-02   5.1887371e-01   5.3257755e-03  -6.4930225e-03   1.5468354e-03
  -1.1155065e-01   1.0323219e-01   5.3338471e-01   5.3307185e-03  -7.0483275e-03   1.7684627e-03
  -1.4786551e-01   4.1368765e-02   4.6195477e-01   5.9294462e-03  -6.4766995e-03   1.4400503e-03
  -1.3872870e-01   5.4924275e-02   4.4361822e-01   5.9460147e-03  -6.7835202e-03   1.5092933e-03
  -1.5718769e-01   1.0487262e-02   4.2087286e-01   6.5809858e-03  -6.5931740e-03   1.4289779e-03
  -1.5173917e-01   2.3280074e-02   4.6709860e-01   6.1366132e-03  -6.7998520e-03   1.8095368e-03
  -1.7370322e-01   1.8820616e-02   4.3162849e-01   5.9896789e-03  -6.5359827e-03   1.6738117e-03
  -1.7143409e-01   6.4883614e-02   5.1248474e-01   5.7808926e-03  -6.5961462e-03   1.6232949e-03
  -1.5562363e-01   8.1192186e-02   5.0160531e-01   5.1767219e-03  -6.5340371e-03   1.5993401e-03
  -1.3431872e-01   7.5890153e-02   5.1096939e-01   5.5669441e-03  -6.6071039e-03   1.6996759e-03
  -1.3245494e-01   8.2138783e-02   4.7354258e-01   5.3131979e-03  -6.4071406e-03   1.6339231e-03
  -1.1905246e-01   6.8295738e-02   4.9538727e-01   5.5623022e-03  -6.4043410e-03   1.7433698e-03
  -1.3853970e-01   8.4141468e-02   4.8950355e-01   5.0202202e-03  -6.2279315e-03   1.9218416e-03
  -1.3246376e-01   4.7223873e-02   5.0928528e-01   5.5709097e-03  -6.4168865e-03   1.8103855e-03
  -1.4300746e-01   1.0610353e-01   4.9041343e-01   4.5261157e-03  -6.4047227e-03   1.9392194e-03
  -1.5020778e-01   6.0713662e-02   4.8253086e-01   5.4735802e-03  -6.5029615e-03   1.8863123e-03
  -1.2488603e-01   1.4096218e-01   5.5092352e-01   4.9315583e-03  -6.4022673e-03   2.1328782e-03
  -1.3080939e-01   2.4403153e-02   4.5647056e-01   5.5187520e-03  -6.4402555e-03   1.6411992e-03
  -1.3101684e-01   1.7285028e-01   5.3497569e-01   4.5629681e-03  -6.7563207e-03   1.9511223e-03
  -1.4593634e-01  -2.9131200e-03   4.1920804e-01   5.5055643e-03  -6.3256709e-03   1.4663445e-03
  -1.1968568e-01   1.4162456e-01   5.3941099e-01   4.9464218e-03  -6.6952738e-03   1.8246934e-03
  -1.0353438e-01   3.0954808e-03   4.5853440e-01   6.2584032e-03  -6.6610945e-03   1.5210125e-03
  -1.0520456e-01   1.3520234e-01   5.1076452e-01   5.4313793e-03  -7.0065731e-03   1.9099342e-03
  -1.1532332e-01   1.5515122e-02   4.1773621e-01   5.9441437e-03  -6.5633308e-03   1.5101174e-03
  -1.0793137e-01   1.5284089e-01   5.1281027e-01   4.9719993e-03  -6.9781053e-03   1.9002207e-03
  -1.2008571e-01   1.4236883e-02   4.4404893e-01   6.1236344e-03  -6.6637502e-03   1.4453716e-03
  -8.9584386e-02   1.5249262e-01   5.4921597e-01   5.0619213e-03  -6.9336375e-03   1.8689113e-03
  -9.6334404e-02   2.2499967e-02   5.0148907e-01   6.1638880e-03  -6.7011959e-03   1.3587474e-03
  -1.0135115e-01   1.5886560e-01   5.9004535e-01   5.1957439e-03  -6.7667322e-03   1.7645850e-03
  -1.0722855e-01   4.9612821e-02   5.0296782e-01   5.5444579e-03  -6.6680933e-03   1.7532571e-03
  -9.4092146e-02   1.5110793e-01   5.4276368e-01   4.6358768e-03  -6.7603604e-03   1.8713843e-03
  -1.0102728e-01   3.7815995e-02   4.8313924e-01   5.8458552e-03  -6.7992958e-03   1.4571644e-03
  -8.8927964e-02   1.5625213e-01   5.4379389e-01   4.8448736e-03  -7.1354352e-03   1.6911751e-03
  -8.6999188e-02   1.8617755e-02   4.6142158e-01   5.8892328e-03  -7.4615329e-03   6.9432064e-04
  -7.9572646e-02   1.4941337e-01   5.6757834e-01   4.8860394e-03  -7.7918917e-03   1.1625319e-03
  -9.9998266e-02   1.4235873e-02   4.0528894e-01   5.6475285e-03  -7.3248893e-03   7.0056632e-04
  -8.3120510e-02   1.2838089e-01   5.0029079e-01   5.3059295e-03  -7.8476687e-03   1.2081468e-03
  -1.0128829e-01   7.2697228e-02   4.3987116e-01   5.6274868e-03  -7.4231359e-03   1.0145923e-03
  -9.5720652e-02   3.4075865e-02   4.4346850e-01   6.1760252e-03  -7.8058098e-03   6.7915034e-04
  -8.8158695e-02   1.3303032e-01   5.1272788e-01   5.3492327e-03  -7.7220072e-03   1.1013846e-03
  -8.9872065e-02  -2.8585806e-02   4.1397691e-01   5.9794904e-03  -7.4766384e-03   8.1881768e-04
  -1.0009231e-01   1.1728861e-01   5.1926189e-01   5.4019779e-03  -7.7571737e-03   1.2681803e-03
  -1.1361031e-01  -1.4400054e-02   4.3388198e-01   6.3702052e-03  -7.4831333e-03   1.0340079e-03
  -1.1370096e-01   1.2620681e-01   5.0898809e-01   5.2849284e-03  -7.7385869e-03   1.3558395e-03
  -1.1532154e-01   4.4143023e-02   4.3622097e-01   6.2433514e-03  -7.6457292e-03   1.1837888e-03
  -8.1913836e-02   1.7583363e-01   5.7645919e-01   6.0149594e-03  -7.1392260e-03   5.4796882e-04
