   0.0000000e+00   0.0000000e+00   0.0000000e+00   0.0000000e+00   1.3877788e-17   0.0000000e+00
   1.1912504e-02   3.5201242e-02   1.1008643e-01  -7.0062057e-04  -4.4309127e-04   1.6480035e-04
   6.4996598e-03   9.7746952e-03   1.8919845e-02   1.1863903e-04   3.6044318e-05   4.3524698e-04
   1.3353552e-02   8.0297620e-02   4.2927442e-02  -7.0737764e-04  -3.7379497e-04   1.6696370e-04
  -7.7234570e-03   6.3142829e-02   1.9994648e-03  -2.4406963e-03   3.8473998e-04   5.6217358e-04
  -6.2873882e-03   1.0329881e-01   6.0572832e-02  -2.7591608e-03   2.2533212e-04   6.3279560e-04
  -2.6840791e-02   8.8298287e-02   3.4911702e-02  -2.1494537e-03   1.0313174e-03   1.0491004e-03
  -8.2115993e-03   1.0998160e-01   7.7169693e-02  -2.6853690e-03   5.9538703e-04   1.0897536e-03
  -1.1244497e-02   8.3574113e-02   3.0031213e-02  -1.9524663e-03   6.2743194e-04   6.9406524e-04
  -6.7825431e-03   1.1820801e-01   6.2923287e-02  -2.9357972e-03   2.9058838e-04   6.8020197e-04
   3.2081050e-03   7.3933552e-02   7.3918260e-02  -3.7027056e-03  -5.0433574e-05   6.1627542e-04
   7.9785961e-03   1.3290736e-01   1.0717996e-01  -5.5522823e-03   3.3540121e-04   2.7508063e-04
   4.1714166e-02   7.8892448e-02   2.1929387e-02  -4.0798635e-03  -4.3119415e-04   3.1744607e-04
   3.2641935e-02   1.2236826e-01   5.0173530e-02  -4.2099581e-03  -2.5348768e-04   9.1796238e-04
   6.5407461e-02   8.9369019e-02   3.6823437e-02  -4.3197533e-03  -1.1436104e-03   4.5152637e-04
   4.4952957e-02   1.2138297e-01   1.0326233e-01  -6.1618307e-03  -9.9443467e-04   2.3445639e-04
   4.4205543e-02   9.1775437e-02   1.8673188e-02  -5.7325138e-03  -1.6136676e-03   5.6656234e-04
   4.2104248e-02   1.1801453e-01   2.8967505e-02  -4.4914126e-03  -1.8100695e-03   4.7025150e-04
   3.4217429e-02   9.1111520e-02   6.4360474e-02  -5.6275841e-03  -1.1894934e-03   1.5022270e-04
   1.6924202e-02   1.1722187e-01   1.8710506e-02  -4.6057665e-03  -7.2558167e-04   4.7036601e-05
   1.4594604e-02   1.0968731e-01   7.0734311e-02  -5.1015207e-03  -8.0269697e-04   2.8063375e-04
   1.0657223e-02   1.1538173e-01   1.2056539e-01  -4.7148148e-03  -9.5619753e-04   2.3827369e-04
   1.6292709e-02   7.6113803e-02   6.5549443e-02  -4.2652489e-03  -9.5380608e-04  -3.6613200e-05
   2.7808929e-02   1.3891633e-01   1.1287767e-01  -5.3429167e-03  -1.3104324e-03  -1.2961230e-04
   1.7842769e-02   7.2406851e-02   3.8483096e-02  -4.7788291e-03  -1.0678427e-03  -1.4416858e-05
   2.5719800e-03   1.0902010e-01   1.0735443e-01  -5.3718472e-03  -5.3965896e-04   1.7728230e-06
   2.0899696e-02   1.7709258e-01   3.9789970e-01  -6.1596935e-03  -1.3692750e-03  -1.9601145e-04
   4.9175032e-02   1.1984816e-01   3.2397558e-01  -6.0852335e-03  -1.8863321e-03  -4.6770040e-04
   3.0751891e-02   9.2564411e-02   3.5068926e-01  -7.3364911e-03  -1.4545778e-03  -3.3170775e-04
   1.7943250e-02   1.2144372e-01   3.3174879e-01  -8.1558374e-03  -1.1095717e-03  -2.4567985e-04
   1.7902764e-03   1.5015185e-01   3.8093682e-01  -8.7091184e-03  -8.1955562e-04  -8.3465452e-05
   1.0875916e-02   1.2963441e-01   3.2088204e-01  -8.8476411e-03  -5.5826486e-04  -1.7785359e-04
   1.0250021e-02   1.6634439e-01   3.6689627e-01  -8.8419396e-03  -4.8368234e-04  -2.6095485e-04
   1.9356765e-02   1.1343001e-01   2.9981213e-01  -9.5785354e-03  -6.7436578e-04  -5.0663690e-04
   2.4835341e-02   1.3336287e-01   2.8740021e-01  -1.0611232e-02  -3.6019503e-04  -4.4146326e-04
   1.5263959e-02   1.4724099e-01   3.1876554e-01  -1.1441193e-02   1.1241754e-04  -9.7343372e-04
   1.6538829e-02   1.3345371e-01   3.0012678e-01  -1.1013267e-02  -9.7566177e-05  -6.7227479e-04
   2.3478965e-02   1.6198456e-01   3.6192300e-01  -1.1110502e-02   6.0605964e-05  -6.2978834e-04
   2.4464739e-02   1.4308463e-01   3.0779786e-01  -1.1600962e-02  -1.1638830e-04  -8.1700587e-04
   1.6808037e-02   1.6106373e-01   3.2627754e-01  -1.2292198e-02  -3.9510273e-04  -6.3549240e-04
   1.8320447e-02   1.8054840e-01   3.3127075e-01  -1.2732350e-02  -7.5087821e-04  -8.1019922e-04
   6.8881995e-04   1.6413292e-01   2.2631163e-01  -1.1707259e-02  -5.2248834e-04  -5.5191664e-04
   1.5428355e-03   2.1609133e-01   2.9624673e-01  -1.2477837e-02  -2.5122002e-04  -6.2238790e-04
   6.2573011e-03   1.7281269e-01   2.8382314e-01  -1.2353362e-02   9.5683274e-05  -5.4710371e-04
   1.5938369e-02   1.8741242e-01   3.1190942e-01  -1.2562136e-02  -2.0607603e-04  -4.5098422e-04
   1.7228753e-02   1.9743409e-01   3.2549034e-01  -1.2575081e-02  -3.9556139e-04  -4.5120777e-04
   5.4364578e-03   1.8616955e-01   2.6217387e-01  -1.2964618e-02  -6.2835428e-05  -2.9051815e-04
   8.8543748e-03   1.8724653e-01   2.6110187e-01  -1.2288952e-02   7.4336846e-06  -2.9023643e-04
   1.6150491e-02   2.1220867e-01   3.2485576e-01  -1.2623234e-02  -3.8289979e-04  -2.3112568e-04
   7.6163259e-03   1.5549802e-01   3.0153005e-01  -1.2338410e-02  -1.8727446e-04  -3.0278904e-04
  -1.7834122e-03   1.8918439e-01   1.9567375e-01  -1.4124194e-02  -8.4643861e-05   2.5859459e-04
  -8.2550245e-04   1.8080530e-01   3.9638837e-01  -1.3589852e-02   1.9539999e-04  -1.6046644e-04
  -1.6750736e-04   2.0013718e-01   4.4048369e-01  -1.2847037e-02  -5.0380005e-07  -2.8387602e-04
   2.6346811e-02   2.1334743e-01   6.0039875e-01  -1.5179274e-02  -1.4309473e-03  -1.4070154e-03
   3.6878687e-02   1.8944324e-01   5.4947181e-01  -1.6342088e-02  -1.8916152e-03  -1.2934273e-03
   2.2660822e-02   1.8984167e-01   4.5951277e-01  -1.6397916e-02  -1.0113754e-03  -9.6042411e-04
   2.0934225e-02   1.9662524e-01   4.7776845e-01  -1.5990476e-02  -1.0573769e-03  -1.1265810e-03
   2.4101409e-02   2.5154336e-01   5.0660955e-01  -1.5402152e-02  -1.5775315e-03  -1.0619161e-03
   1.9827103e-02   2.1295448e-01   4.1660491e-01  -1.4629297e-02  -1.2922290e-03  -8.9278665e-04
   2.0084268e-02   2.6196401e-01   4.9811865e-01  -1.5410339e-02  -1.0821473e-03  -9.0443595e-04
   2.5651001e-02   1.8789298e-01   4.5545699e-01  -1.5956586e-02  -9.2951737e-04  -1.0233301e-03
   3.3083236e-02   2.0501696e-01   4.6864896e-01  -1.6278590e-02  -1.3733285e-03  -1.0467283e-03
   2.5343556e-02   1.9434132e-01   4.3137845e-01  -1.4793462e-02  -1.2897138e-03  -1.3895069e-03
   2.3708175e-02   2.0379817e-01   4.0399765e-01  -1.4533411e-02  -1.4023038e-03  -1.6430633e-03
   1.5254979e-02   2.7575237e-01   4.3664772e-01  -1.5187154e-02  -1.5595156e-03  -1.4139462e-03
   3.2311150e-03   2.0364690e-01   3.9433933e-01  -1.5412345e-02  -1.3581621e-03  -1.2785572e-03
  -3.5181407e-03   2.4469277e-01   4.4842612e-01  -1.5896277e-02  -1.3752395e-03  -1.2004198e-03
  -1.6380628e-02   2.0085284e-01   3.9971229e-01  -1.5005675e-02  -1.2148919e-03  -1.2412173e-03
  -1.8520009e-02   1.9630164e-01   4.5406662e-01  -1.3294331e-02  -1.4918791e-03  -1.3333547e-03
  -2.6853121e-02   2.3588191e-01   4.3312739e-01  -1.2206897e-02  -2.0426132e-03  -1.1954589e-03
  -3.6816499e-02   2.0862763e-01   3.7124454e-01  -1.2175866e-02  -1.7462337e-03  -1.4108284e-03
  -3.3596730e-02   2.3173508e-01   4.7678368e-01  -1.3560022e-02  -1.7490426e-03  -1.7348514e-03
  -4.7514409e-02   1.9625934e-01   3.8712093e-01  -1.2609025e-02  -1.7499981e-03  -1.8709360e-03
  -5.1869811e-02   2.3297483e-01   4.2685165e-01  -1.3684385e-02  -1.8068983e-03  -1.7047509e-03
  -6.3982969e-02   1.4045451e-01   2.5613226e-01  -1.2417460e-02  -1.0532278e-03  -1.3252588e-03
  -5.1249869e-02   2.3256726e-01   5.0694032e-01  -1.4002566e-02  -7.2389607e-04  -1.3584206e-03
  -4.3766207e-02   1.6524044e-01   4.4377814e-01  -1.3638535e-02  -7.8131982e-04  -1.7997768e-03
  -4.5444235e-02   2.1942172e-01   5.2506578e-01  -1.4624252e-02  -1.2533704e-03  -1.5306647e-03
  -6.1021442e-02   1.6439074e-01   5.0147187e-01  -1.2536850e-02  -1.7318636e-03  -2.9549491e-04
  -2.5168680e-02   1.8614887e-01   5.5980383e-01  -1.2514241e-02  -1.3679409e-03   1.2652945e-03
  -3.2423132e-02   1.2871427e-01   2.9569205e-01  -1.2303147e-02  -1.0272321e-03   5.2920662e-04
  -4.0699621e-02   2.7637244e-01   3.6590774e-01  -1.3314567e-02  -1.1058835e-03   1.0993594e-03
  -3.3252861e-02   2.2758364e-01   2.9092193e-01  -1.3377225e-02   7.7452558e-06   1.1134432e-03
  -4.0272736e-02   2.6650484e-01   4.0667905e-01  -1.3491236e-02  -6.8908703e-04   8.5324202e-04
  -5.0045923e-02   2.1641559e-01   3.5866082e-01  -1.3740437e-02  -6.8388783e-04   7.0826271e-04
  -5.5593986e-02   2.1559101e-01   4.1818298e-01  -1.3544690e-02  -1.3421609e-03   1.9956664e-04
  -6.3454518e-02   1.3963570e-01   4.9327738e-02  -1.2915819e-02  -3.0678523e-04   1.0744193e-03
  -4.5122211e-02   2.0084762e-01   2.3429464e-03  -1.2728813e-02  -6.2577009e-04   7.3823976e-04
  -4.2946592e-02   1.9061792e-01   1.0865351e-01  -1.3401037e-02  -4.2194976e-04   7.1517468e-04
  -4.4458894e-02   2.2561728e-01   1.9739665e-01  -1.4901700e-02  -4.2340067e-04   5.0312998e-04
  -6.3766705e-02   1.8645952e-01   1.0762352e-01  -1.4587686e-02  -2.3875195e-04   9.8296582e-04
  -6.8351162e-02   1.9421536e-01   8.0934170e-02  -1.5288858e-02  -3.9010379e-04   6.7070968e-04
  -7.0767510e-02   2.4318715e-01   1.4332058e-01  -1.5455227e-02  -2.2143042e-04   9.2466983e-04
  -7.8110320e-02   2.1779133e-01   4.9634917e-02  -1.3610285e-02  -2.9918965e-04   7.4740096e-04
  -7.5431919e-02   2.8051537e-01   5.1314347e-02  -1.3251173e-02  -5.8822437e-04   8.1336503e-04
  -8.7459421e-02   2.6744063e-01   2.4803375e-02  -1.3918543e-02   1.9558153e-04   6.6817157e-04
  -1.0257077e-01   2.2678248e-01  -2.3035298e-02  -1.4148434e-02   4.9725387e-04   4.7739750e-04
  -9.1815752e-02   2.8463293e-01   1.1391705e-01  -1.5439580e-02   5.1361740e-04   4.3208901e-04
  -1.0842040e-01   2.4021106e-01   5.6162979e-02  -1.5576697e-02   7.5962667e-04   9.4499993e-05
  -1.1228142e-01   2.3970857e-01   5.4642966e-02  -1.4711967e-02   8.5971164e-04   3.2169136e-04
  -1.0131077e-01   2.6855228e-01   1.0437882e-01  -1.5893663e-02   7.6059124e-04   1.5675936e-04
  -1.0277507e-01   2.2493423e-01   6.6858930e-05  -1.5661452e-02   5.4152518e-04   1.4218236e-04
  -1.0739340e-01   2.5947657e-01   6.0254492e-02  -1.6516504e-02   7.6995011e-04   3.2948623e-04
  -1.2802647e-01   2.3441857e-01  -8.2956088e-03  -1.5600200e-02   1.3542576e-03   7.6261362e-04
  -1.1528367e-01   2.8534940e-01   5.7916336e-02  -1.5913195e-02   9.4403204e-04   6.4907655e-04
  -1.1976510e-01   2.5360930e-01   3.8624292e-02  -1.5741724e-02   8.2683841e-04   7.7114068e-04
  -9.8461357e-02   2.4368883e-01   7.5120453e-02  -1.4912117e-02   8.4198426e-04   4.5814391e-04
  -7.0291787e-02   2.4980312e-01   1.1335274e-01  -1.5465371e-02   1.1148446e-03   9.3784961e-04
  -8.5689548e-02   2.8709773e-01   1.3119028e-01  -1.6382690e-02   7.7914670e-04   7.5504816e-04
  -1.1234857e-01   2.4556472e-01   5.7480598e-02  -1.4851248e-02   6.0961129e-04   4.7024181e-04
  -1.1250887e-01   2.5485240e-01   5.6931791e-02  -1.4563216e-02   1.7172036e-04   8.6569021e-04
  -1.1977646e-01   2.4265309e-01   9.5588992e-02  -1.4446734e-02   6.0320212e-04   5.8660776e-04
  -1.0698255e-01   2.0965921e-01   9.2856676e-02  -1.3547019e-02   3.6536277e-04   1.7249736e-04
  -1.1412875e-01   2.3504884e-01   5.7497588e-02  -1.3589417e-02   2.3242875e-04   3.9960623e-04
  -9.8173120e-02   2.3524397e-01   1.9603384e-02  -1.3930775e-02  -8.0486278e-05   3.7969744e-04
  -9.8144203e-02   2.5684457e-01   3.5203593e-02  -1.6149986e-02   2.1507540e-04   2.6779531e-04
  -1.2177759e-01   2.3930799e-01  -3.3233534e-02  -1.4877237e-02   5.0934527e-04   5.6399398e-04
  -1.1872672e-01   2.9675952e-01   9.5169131e-02  -1.4444443e-02   3.9077245e-04   1.1936504e-04
  -1.3390383e-01   2.4242780e-01   4.4553254e-02  -1.4492351e-02   1.9057168e-04   1.8971479e-04
  -1.1668481e-01   2.2798295e-01   1.1376580e-01  -1.4517146e-02   6.1030492e-05  -5.5102510e-04
  -6.6273992e-02   1.6915087e-01  -9.2503988e-02  -1.3738616e-02   1.2628244e-04  -5.9233464e-04
  -7.1857003e-02   1.8204302e-01   8.3439523e-02  -1.5662525e-02   4.8772145e-04  -1.1883787e-03
  -9.7022404e-02   2.3714441e-01   2.5015347e-02  -1.5457204e-02   9.8292825e-04  -8.1518138e-04
  -1.1607244e-01   2.0230188e-01  -3.2332760e-02  -1.4423080e-02   1.0268456e-03  -5.9560276e-04
  -5.0555136e-02   3.2351404e-01   3.7454180e-01  -1.6087880e-02   5.0384164e-04  -1.6078847e-03
  -4.8299936e-02   2.6450323e-01   6.2958203e-01  -1.7893309e-02  -6.9150006e-04  -9.8124105e-04
  -2.2873234e-02   2.2447267e-01   5.8390461e-01  -1.7450761e-02  -1.4603710e-03  -9.2055568e-04
  -5.5530785e-02   3.1763651e-01   6.6730161e-01  -1.7809946e-02  -1.9136637e-03  -5.3344513e-04
  -2.4536111e-02   2.5234420e-01   5.6808518e-01  -1.8176269e-02  -1.7779008e-03  -6.5111420e-04
  -2.1581947e-02   2.8007580e-01   6.3096257e-01  -1.7834775e-02  -2.5110105e-03  -8.5929252e-04
  -2.4207628e-02   3.1470406e-01   6.2346624e-01  -1.8651439e-02  -2.3921842e-03  -8.1460910e-04
  -1.4094568e-02   2.2829025e-01   5.2278941e-01  -1.7963962e-02  -2.5070090e-03  -1.4142319e-03
  -2.7945442e-02   2.9133089e-01   6.1565953e-01  -1.9716223e-02  -2.7637595e-03  -1.1242575e-03
  -3.0420091e-02   2.5204234e-01   5.1752606e-01  -1.8610875e-02  -2.6465246e-03  -1.0334723e-03
  -1.3189192e-02   3.4210881e-01   5.5242107e-01  -1.9591010e-02  -2.9985439e-03  -1.7760917e-03
  -6.5211336e-03   2.5731467e-01   5.1735370e-01  -1.7985443e-02  -2.2567611e-03  -1.8545663e-03
  -2.6772921e-02   2.9494440e-01   6.0274267e-01  -1.7963863e-02  -2.8784270e-03  -1.5912349e-03
  -1.8579705e-02   2.7239307e-01   5.0607280e-01  -1.8210423e-02  -3.1488468e-03  -1.4593897e-03
  -3.4122160e-02   2.3821692e-01   5.4885395e-01  -1.7531586e-02  -2.8542936e-03  -1.5679197e-03
  -3.9338442e-02   2.6377280e-01   6.1779321e-01  -1.8461973e-02  -2.4719445e-03  -1.7410242e-03
  -3.6021740e-02   2.5349023e-01   5.0050924e-01  -1.7654116e-02  -2.3802036e-03  -2.0491420e-03
  -4.2740490e-02   3.1801915e-01   5.4968291e-01  -1.9612260e-02  -2.4161534e-03  -1.8881540e-03
  -4.7646435e-02   2.4471010e-01   4.2206114e-01  -1.7565837e-02  -2.9862490e-03  -2.0072231e-03
  -2.9242572e-02   3.2196998e-01   4.4993931e-01  -1.6933733e-02  -3.8495692e-03  -1.7012234e-03
  -3.0636542e-02   2.8237832e-01   4.2877033e-01  -1.9092195e-02  -3.5632478e-03  -2.5447754e-03
  -3.6759813e-02   2.6528317e-01   3.4147482e-01  -1.8053422e-02  -3.6244179e-03  -2.5609661e-03
  -6.2704501e-02   2.9209591e-01   4.5535728e-01  -1.8809998e-02  -3.2075349e-03  -2.3875239e-03
  -8.9121979e-02   2.5862857e-01   5.6076890e-01  -1.9122683e-02  -1.6935948e-03  -2.2268264e-03
  -8.4526479e-02   2.2966232e-01   5.5292857e-01  -1.9542589e-02  -1.8485291e-03  -2.8263110e-03
  -4.1833234e-02   3.0292554e-01   7.0707498e-01  -2.2384622e-02  -1.8390545e-03  -2.4437412e-03
   1.8533425e-02   2.8165214e-01   5.5242003e-01  -2.0916224e-02  -3.1004515e-03  -1.9397783e-03
  -3.1166767e-02   2.2450392e-01   3.4607416e-01  -2.0304029e-02  -1.6371420e-03  -2.2972130e-03
  -6.7206927e-02   2.9392026e-01   2.4328760e-01  -2.0928371e-02  -1.1566239e-03  -2.2208137e-03
  -6.5392291e-02   2.7690538e-01   2.9577833e-01  -2.0016570e-02  -1.5371823e-03  -2.1142855e-03
  -6.0776932e-02   2.9129094e-01   2.8591580e-01  -1.8700425e-02  -1.8164861e-03  -2.5967288e-03
  -5.0482368e-02   3.1270865e-01   3.7139095e-01  -2.0842857e-02  -2.2350159e-03  -2.4557239e-03
  -6.5620260e-02   2.7848997e-01   4.1599129e-01  -2.1054511e-02  -1.9844451e-03  -2.5904200e-03
  -6.9220236e-02   2.8693810e-01   3.8575949e-01  -2.0967911e-02  -2.0618831e-03  -2.5718644e-03
  -7.5568768e-02   3.1208639e-01   4.3953338e-01  -1.7705361e-02  -2.9726464e-03  -1.8041227e-03
  -1.2050447e-01   2.6401808e-01   3.2418183e-01  -1.1337366e-02  -2.3007100e-03  -1.1391184e-03
  -8.5752100e-02   3.3332597e-01   4.1244401e-01  -1.3147628e-02  -2.8787002e-03  -1.3125385e-03
  -2.4347832e-02   2.8115729e-01   4.2243316e-01  -1.6193518e-02  -2.7868326e-03  -2.3507035e-03
  -2.2166099e-02   2.9120602e-01   3.7587342e-01  -1.5318424e-02  -2.5792971e-03  -2.2161959e-03
  -3.8845912e-02   3.6035264e-01   4.3635726e-01  -1.4762327e-02  -2.7412262e-03  -2.0743002e-03
  -2.9076514e-02   2.6163313e-01   3.7139960e-01  -1.4565648e-02  -2.2837433e-03  -1.6969587e-03
  -3.5958036e-02   2.8673869e-01   4.6888164e-01  -1.3562007e-02  -2.8007681e-03  -1.5316593e-03
  -4.9511906e-02   2.8909963e-01   3.5249614e-01  -1.2810619e-02  -2.8232186e-03  -1.7386687e-03
  -6.2775382e-02   3.2784503e-01   3.7643539e-01  -2.2297380e-02  -2.0407890e-03  -2.5307410e-03
  -8.2714361e-02   3.0195012e-01   3.0051397e-01  -1.7218522e-02  -2.5155396e-03  -2.3704565e-03
  -1.0188839e-01   3.1237133e-01   2.6187783e-01  -1.6108158e-02  -2.4120508e-03  -2.4109696e-03
  -1.1135462e-01   3.4557378e-01   3.9561670e-01  -1.5567701e-02  -2.1630894e-03  -2.3392693e-03
  -1.1061105e-01   3.2428415e-01   3.8112724e-01  -1.4591072e-02  -2.2175089e-03  -2.6784942e-03
  -1.0394935e-01   3.2149452e-01   4.9858055e-01  -1.4285033e-02  -2.8905784e-03  -2.6498962e-03
  -1.0432923e-01   2.8033937e-01   4.0684172e-01  -1.3848181e-02  -2.8217124e-03  -2.4116441e-03
  -1.0461590e-01   3.3210177e-01   3.9300908e-01  -1.6327163e-02  -2.5650512e-03  -2.2964252e-03
  -1.1542897e-01   2.7141816e-01   3.8468295e-01  -1.7507646e-02  -1.8889576e-03  -2.9573119e-03
  -6.3531300e-02   2.5262289e-01   6.0027845e-01  -1.6218168e-02  -1.1560143e-03  -2.6220731e-03
  -2.5067901e-02   2.6448000e-01   6.0323983e-01  -1.6829557e-02  -8.3021524e-04  -3.1794552e-03
  -6.3977599e-02   2.3163361e-01   7.0115268e-01  -1.4069758e-02  -1.1278830e-03  -2.7888438e-03
  -7.4528564e-02   2.0825391e-01   7.9839881e-01  -1.5236749e-02  -1.0170695e-03  -2.9706238e-03
  -7.7022959e-02   1.7324360e-01   8.0846963e-01  -1.4368357e-02  -1.6430294e-03  -4.2348960e-03
  -8.2682465e-02   2.0866611e-01   8.9151776e-01  -1.3820609e-02  -2.4639333e-03  -4.3186964e-03
  -8.9477049e-02   1.6560784e-01   8.2460771e-01  -1.2126537e-02  -2.8641545e-03  -4.4026870e-03
  -8.5679552e-02   2.5003746e-01   8.3903960e-01  -1.4057183e-02  -3.1825827e-03  -4.6143278e-03
  -1.0192319e-01   1.8018056e-01   7.5430563e-01  -1.4503209e-02  -2.7680291e-03  -4.8360128e-03
  -1.0124368e-01   2.4621164e-01   8.2055756e-01  -1.5404852e-02  -2.9163789e-03  -5.1701495e-03
  -1.1866841e-01   1.9348054e-01   7.8391305e-01  -1.4142923e-02  -2.8160351e-03  -4.9572091e-03
  -9.9722204e-02   2.3632373e-01   7.4914759e-01  -1.5611603e-02  -2.3137498e-03  -4.7449207e-03
