   0.0000000e+00   0.0000000e+00   0.0000000e+00   0.0000000e+00   0.0000000e+00   0.0000000e+00
   1.5227388e-02   1.3390156e-02  -4.4968639e-02  -1.9595490e-03  -4.1732089e-04   3.3631334e-04
   1.1335675e-02   7.8011265e-02   3.9226723e-02  -1.3895891e-03  -1.5944414e-03   1.7964779e-03
   5.5950955e-02   4.0096202e-02  -2.3249498e-02  -3.0724587e-03  -7.6025318e-05   1.2644571e-03
   5.6613918e-02   9.4419622e-02   4.4417172e-03  -4.6586379e-03  -3.1581345e-04   9.0083320e-04
   5.0885196e-02   6.3049375e-02   9.9561188e-03  -3.2736218e-03  -8.5528489e-04   2.7895338e-04
   4.1600829e-02   8.4768803e-02   4.3852930e-03  -5.9366409e-03  -1.0212877e-04   1.0519033e-03
   4.0687405e-02   6.5545389e-02   9.6227681e-02  -6.9172957e-03  -2.8094517e-04   9.3420574e-04
   5.1415607e-02   6.9877642e-02   1.6707609e-02  -6.0329188e-03  -5.5793617e-04   7.6827779e-04
   2.0236900e-02   9.1834188e-02   1.2340062e-01  -6.7324429e-03  -8.4413296e-06   4.0455959e-04
   2.5978110e-03   4.8544642e-02   8.3544760e-02  -6.0733843e-03   4.4286790e-04   5.2261402e-04
   4.1304083e-03   8.5590405e-02   1.1314349e-01  -7.4225316e-03   1.6532940e-04   5.2817977e-04
  -2.1357885e-03   7.4526613e-02   9.2140033e-02  -7.1588602e-03   2.7637493e-04   1.0385366e-03
  -3.1498369e-02   5.5941016e-02   7.2349528e-02  -5.9157990e-03   1.4927832e-03   9.4225501e-04
  -3.6839073e-02   1.1809938e-01   1.3193091e-01  -6.9583984e-03   1.4241265e-03   2.8216814e-04
  -3.7333699e-02   7.1246626e-02   1.4404002e-01  -7.0863481e-03   5.1829404e-04  -6.3902409e-04
  -5.4826557e-03   1.0724708e-01   5.5599535e-02  -8.4287045e-03   1.1540218e-03   1.2519582e-03
   4.5302381e-02   1.2801083e-01   4.1581135e-02  -7.5026478e-03   1.1557837e-03   1.3567468e-04
   3.5499138e-02   7.5685222e-02   6.4677003e-02  -7.4980978e-03   8.1341975e-04  -1.5889206e-04
   2.2774452e-02   9.9202992e-02   1.1399501e-01  -8.1906306e-03   5.9070440e-04  -5.8334584e-05
   1.8890502e-02   4.7391255e-02   1.3818696e-01  -8.1364577e-03   6.2445208e-04  -5.3245838e-04
   1.8505271e-03   4.5641906e-02   4.9587404e-02  -8.4356838e-03   5.0693128e-04  -1.0285000e-03
  -8.4133153e-03   8.4491283e-02   3.1517160e-01  -8.6636494e-03   6.5203788e-04  -1.1341370e-03
  -2.0977345e-02   4.1931657e-02   2.5887275e-01  -8.8405638e-03   9.7312757e-04  -1.1397329e-03
  -2.2679778e-02   1.0078142e-01   3.1564861e-01  -9.5058953e-03   9.3468328e-04  -1.1815129e-03
  -1.0288920e-02   6.3094940e-02   1.3884087e-01  -9.3474132e-03   9.6452758e-04  -1.9177706e-03
  -2.0354509e-02   9.8641451e-02   2.3780116e-01  -9.8196378e-03   1.0725505e-03  -1.4150837e-03
  -3.8845178e-02   9.1473153e-02   2.3442131e-01  -9.6137470e-03   1.2570342e-03  -1.4314544e-03
  -3.8941476e-02   6.7762379e-02   1.8094648e-01  -9.7990762e-03   1.2339953e-03  -1.6669922e-03
  -4.6340531e-02   1.0389452e-01   2.6971623e-01  -9.9291617e-03   8.9610039e-04  -1.7469094e-03
  -5.5703834e-02   2.8442132e-02   2.4359866e-01  -1.1035724e-02   1.1043172e-03  -2.5028462e-03
  -4.3892981e-02   1.5747121e-01   2.3719399e-01  -1.2081656e-02   1.0191307e-03  -2.2024800e-03
  -3.2450414e-02   1.1567985e-01   2.5419059e-01  -1.1304454e-02   6.9713739e-04  -2.3291312e-03
  -3.7148340e-02   1.1775274e-01   2.3327794e-01  -1.0861426e-02   1.5134736e-04  -2.5633342e-03
  -3.8792398e-02   9.2823172e-02   2.5402787e-01  -1.0737911e-02   1.5220320e-04  -2.8787550e-03
  -3.4348297e-02   1.3223629e-01   2.9299874e-01  -1.1688357e-02   2.6776833e-04  -2.2748042e-03
  -2.7622324e-02   1.0485601e-01   2.3940164e-01  -1.2510789e-02   1.4922031e-03  -2.0395191e-03
  -3.8973600e-02   1.0658879e-01   2.5353402e-01  -1.1497015e-02   1.3111360e-03  -2.3349343e-03
  -3.4065999e-02   1.2818738e-01   4.2502268e-01  -1.2834537e-02   9.8121348e-04  -2.6024138e-03
  -3.3635010e-02   7.2839804e-02   3.5810007e-01  -1.1968717e-02   8.5772286e-04  -2.0148314e-03
  -5.2851865e-02   8.0852338e-02   3.2216861e-01  -1.1591419e-02   3.8194760e-04  -2.2750418e-03
  -7.6903658e-02   9.1637173e-02   2.9582036e-01  -1.1261452e-02   1.1385703e-03  -2.1153539e-03
  -6.1490790e-02   9.1365347e-02   3.6383939e-01  -1.1554256e-02   1.3695199e-03  -2.3250279e-03
  -6.6900603e-02   6.8415292e-02   2.8370345e-01  -9.5334514e-03   1.4332148e-03  -2.1867935e-03
  -6.8259875e-02   9.4979324e-02   3.3176062e-01  -1.0236560e-02   1.7152167e-03  -2.3824833e-03
  -6.9353449e-02   7.1096326e-02   3.4721965e-01  -1.0489274e-02   1.4919148e-03  -2.2911966e-03
  -6.8957649e-02   6.8917080e-02   3.6966967e-01  -1.2004519e-02   1.3418598e-03  -2.0218071e-03
  -7.0181300e-02   9.3512941e-02   3.2995847e-01  -1.1531227e-02   9.6309712e-04  -2.3346792e-03
  -6.2058065e-02   8.9619843e-02   2.9842310e-01  -1.0865008e-02   5.8601759e-04  -2.4988558e-03
  -6.0943015e-02   1.0165366e-01   3.4513646e-01  -1.1196959e-02   1.0547711e-03  -2.4080908e-03
  -6.8631509e-02   7.1645157e-02   3.3384074e-01  -1.1492636e-02   1.4237602e-03  -2.2492854e-03
  -8.6608025e-02   6.8163959e-02   2.3884418e-01  -1.1481984e-02   1.4921050e-03  -2.1321867e-03
  -9.2681465e-02   9.5226150e-02   4.5568961e-01  -1.1224988e-02   1.9371261e-03  -2.2444165e-03
  -6.8807552e-02   9.0608490e-02   5.3576846e-01  -1.1642899e-02   1.7014934e-03  -1.9269266e-03
  -6.5834031e-02   1.0358782e-01   6.0327267e-01  -1.2887154e-02   2.5239774e-03  -1.6353787e-03
  -8.2105559e-02   5.8216008e-02   5.5808375e-01  -1.2128717e-02   2.3273269e-03  -1.9240481e-03
  -7.6567518e-02   1.1207485e-01   6.0007374e-01  -1.3174058e-02   1.9975152e-03  -1.9431676e-03
  -6.5717661e-02   9.6700217e-02   4.8811112e-01  -1.2250448e-02   1.9755349e-03  -2.2720317e-03
  -7.0029110e-02   1.6804580e-01   5.0328152e-01  -1.0866063e-02   1.1914388e-03  -4.1542750e-05
  -6.6374556e-02   1.0609673e-01   5.8379950e-01  -1.0926509e-02   5.8973075e-04  -1.5454377e-03
  -7.3428645e-02   6.7007027e-02   4.9502594e-01  -4.8307231e-03   7.0144360e-04  -1.7059245e-03
  -6.0685045e-02   8.2364311e-02   4.3614961e-01  -3.0902963e-03   8.4799731e-04  -1.7792050e-03
  -7.8742564e-02   1.7180971e-01   4.8189905e-01   8.9232723e-04   1.6906526e-03  -1.1946685e-03
  -1.4294319e-01   1.2673053e-01   9.9790930e-02   2.3385252e-02   3.7583159e-03   3.9728159e-03
  -1.6193658e-01   1.1000527e-02   4.5356439e-01   1.8626579e-02   5.0259705e-03   3.5715592e-03
  -1.8242179e-01  -7.7265791e-02   5.7664255e-01   1.5670480e-02   6.4647961e-03   2.1052395e-03
  -1.7894300e-01  -4.9373807e-02   5.8278340e-01   1.3262367e-02   6.7119998e-03   1.2129768e-03
  -1.8782345e-01  -5.5091940e-02   6.3935746e-01   1.2823872e-02   5.7127514e-03   5.8803274e-04
  -1.8510705e-01  -4.7392841e-02   5.9719681e-01   1.4265360e-02   5.0146451e-03  -3.4495795e-04
  -1.9805792e-01  -1.7679361e-02   6.3293961e-01   1.2439411e-02   5.0647972e-03  -2.4546939e-04
  -1.9790156e-01  -7.9015194e-02   6.5011763e-01   1.1542208e-02   4.8661851e-03  -7.7664813e-04
  -1.9250171e-01  -9.0303793e-02   6.6633559e-01   1.1310661e-02   4.7553592e-03  -1.0910300e-03
  -1.8911491e-01  -6.3817001e-02   6.7155890e-01   1.0948172e-02   4.7145774e-03  -9.4579773e-04
  -1.8361089e-01  -1.1449262e-01   6.5676419e-01   8.0973341e-03   4.9426584e-03  -8.2836449e-04
  -2.0359741e-01  -4.5331511e-02   6.9006770e-01   8.1375666e-03   5.2185368e-03  -5.6785105e-04
  -2.0474814e-01  -6.5662815e-02   6.2310825e-01   7.7477125e-03   4.9708104e-03  -7.8231085e-04
  -1.9702864e-01  -1.6626461e-02   6.5402010e-01   7.8687549e-03   4.3072235e-03  -9.1188991e-04
  -2.0702821e-01  -3.2963401e-02   6.2214994e-01   7.5955163e-03   4.6480189e-03  -7.1703925e-04
  -2.1252764e-01  -3.6629122e-02   6.2211732e-01   6.4990736e-03   4.7315721e-03  -1.0900315e-03
  -2.0260393e-01   4.9927753e-02   5.5822292e-01   6.1439063e-03   4.8962268e-03  -1.2493451e-03
  -1.6414445e-01  -3.5043592e-02   5.9841906e-01   8.0803528e-03   4.3756879e-03  -8.7988829e-04
  -2.0106633e-01   3.3013153e-02   6.6246810e-01   7.5241384e-03   4.0211377e-03  -1.1422671e-03
  -2.1783931e-01   3.9045644e-02   6.6746613e-01   7.2153298e-03   4.2919109e-03  -1.2090279e-03
  -2.3793812e-01  -2.5439834e-02   6.5889592e-01   8.3459453e-03   4.8466444e-03  -1.2258379e-03
  -2.3972073e-01   1.5039831e-02   7.6673826e-01   6.2159765e-03   5.1619801e-03  -1.4566845e-03
  -2.2859345e-01  -3.5165812e-02   6.9026124e-01   6.9473867e-03   4.7696661e-03  -1.4482639e-03
  -2.1512350e-01  -9.8367569e-03   6.8299432e-01   7.3586936e-03   4.5498426e-03  -1.2033564e-03
  -2.1846798e-01  -2.4274871e-02   6.9900336e-01   6.7574312e-03   4.4656634e-03  -1.2884671e-03
  -2.1939869e-01  -2.1040035e-02   6.7647013e-01   6.8614938e-03   4.6412748e-03  -1.2984046e-03
  -2.2488536e-01   1.1134588e-02   7.3236564e-01   8.4259755e-03   4.3867460e-03  -1.3945400e-03
  -2.2442892e-01  -1.6476383e-02   6.9583620e-01   8.2489717e-03   4.2010068e-03  -1.5314817e-03
  -2.1593774e-01   5.7163873e-03   7.1034322e-01   7.8852738e-03   3.9164557e-03  -1.6446399e-03
  -2.1047039e-01  -5.6902107e-02   7.0487152e-01   8.4651803e-03   3.4236948e-03  -1.7686889e-03
  -2.2344863e-01  -2.9852455e-02   7.0650613e-01   8.3836491e-03   3.4004883e-03  -2.0322212e-03
  -2.2863424e-01  -4.6441593e-02   6.9035043e-01   8.0750949e-03   3.4894869e-03  -2.4274737e-03
  -1.7975838e-01   2.4651935e-02   2.6659037e-01   9.8423425e-03   3.6908360e-03  -9.5041842e-04
  -2.0390156e-01   4.6468095e-02   5.4431851e-01   7.1594649e-03   3.4709636e-03  -1.1934301e-03
  -1.9818562e-01  -3.4139771e-02   4.7261890e-01   6.8474889e-03   3.5779700e-03  -1.1855531e-03
  -2.0927485e-01  -2.7783912e-02   3.6569225e-01   6.9204801e-03   3.9953413e-03  -1.5853956e-03
  -1.8371399e-01   2.1722286e-02   7.7380037e-01   6.5235424e-03   3.4606082e-03  -1.2820614e-03
  -1.9987002e-01  -4.0080167e-02   7.1027525e-01   7.4383659e-03   3.5154778e-03  -1.3399083e-03
  -1.9879557e-01  -2.3922948e-02   6.5663540e-01   6.8787139e-03   4.1629243e-03  -1.3935906e-03
  -1.8385188e-01  -9.6938145e-03   8.0566966e-01   7.1095747e-03   3.5111163e-03  -8.3735303e-04
  -1.7693275e-01  -4.0749900e-02   7.3912890e-01   6.5570901e-03   3.2066710e-03  -9.4147010e-04
  -2.0194327e-01   7.4517689e-03   7.9700409e-01   6.0632879e-03   3.1827102e-03  -9.8394749e-04
  -2.0381523e-01  -1.5316245e-02   7.4938760e-01   4.8549443e-03   3.4458643e-03  -1.6093901e-03
  -1.8195171e-01   8.0301217e-03   7.5209052e-01   5.9150289e-03   2.3546899e-03  -1.6009408e-03
  -1.8690456e-01   8.8854474e-04   7.5146683e-01   6.5569587e-03   2.3498655e-03  -1.7059568e-03
  -1.6967785e-01  -1.6733065e-02   6.6307721e-01   7.2698579e-03   1.9563960e-03  -1.7882825e-03
  -1.9625352e-01   1.6585935e-02   7.3600651e-01   7.7635833e-03   1.7268994e-03  -1.5912952e-03
  -2.0271757e-01  -2.8126880e-02   7.5781009e-01   1.0659097e-02   1.4307940e-03  -1.8615793e-03
  -2.1818324e-01  -3.7404562e-02   7.3979522e-01   1.1947270e-02   1.4672898e-03  -2.0788085e-03
  -2.3534504e-01   3.3511844e-03   7.0816787e-01   1.2380888e-02   2.0086181e-03  -2.0493201e-03
  -2.4345518e-01   5.7156928e-03   7.1439370e-01   1.3168172e-02   2.4533831e-03  -1.7685985e-03
  -2.4382459e-01   1.4678891e-02   7.4195437e-01   1.3556610e-02   2.2541900e-03  -1.6394864e-03
  -2.5378806e-01   3.9952517e-02   7.7428842e-01   1.4413479e-02   2.1369540e-03  -2.4809670e-03
  -2.5139323e-01   4.0164081e-02   7.6764352e-01   1.5067028e-02   1.8934743e-03  -2.3122717e-03
  -2.2792781e-01   2.1428860e-02   7.3270062e-01   1.3917128e-02   1.5310985e-03  -2.4725618e-03
  -2.2985061e-01   6.0867971e-02   7.7471669e-01   1.1246992e-02   1.9802609e-03  -1.5771220e-03
  -2.2629711e-01  -8.5266671e-03   7.4609436e-01   1.2737708e-02   1.7289745e-03  -1.3276133e-03
  -2.2817690e-01   1.4804573e-02   7.8602654e-01   1.3360775e-02   1.3806522e-03  -1.2526910e-03
  -2.3006183e-01  -2.7833238e-02   8.4077188e-01   1.1823391e-02   1.4419036e-03  -2.0338234e-03
  -1.8999280e-01  -3.6781115e-02   7.8978759e-01   1.1707293e-02   1.1321044e-03  -1.8533692e-03
  -2.0201915e-01   1.7351265e-03   8.6541198e-01   1.1031371e-02   1.3386702e-03  -1.6852028e-03
  -1.9881453e-01  -5.2093277e-02   7.8132433e-01   1.2812609e-02   7.5710362e-04  -2.0240021e-03
  -2.0250050e-01   4.3299929e-02   8.7713314e-01   1.1187450e-02   1.3597620e-03  -1.4097636e-03
  -2.2065218e-01  -1.4155565e-01   4.2712584e-01   1.3336919e-02   2.6465868e-03  -1.5999574e-03
  -2.2890789e-01  -5.6180507e-02   4.5309539e-01   1.4840613e-02   2.3910675e-03  -1.3544814e-03
  -2.2521823e-01  -1.7643188e-02   4.6350125e-01   1.5615951e-02   1.4795650e-03  -1.8555029e-03
  -2.2403578e-01   3.6827851e-03   4.8044284e-01   1.4382319e-02   1.3468981e-03  -2.4072763e-03
  -2.0097410e-01  -2.4613650e-02   3.4120387e-01   1.5346454e-02   1.4116012e-03  -1.9499844e-03
  -1.9975607e-01   1.1075114e-02   4.7388637e-01   1.5910217e-02   8.1189819e-04  -2.2926522e-03
  -1.9755407e-01  -3.1096653e-02   4.1098994e-01   1.6521888e-02   5.9706494e-04  -2.3609480e-03
  -2.0529236e-01  -5.3574268e-03   4.3838982e-01   1.5763601e-02   9.4593267e-05  -2.6297971e-03
  -2.2427893e-01  -4.6872504e-02   4.0167771e-01   1.6481158e-02   5.4473980e-04  -2.5890488e-03
  -2.1764046e-01  -1.8589873e-02   4.1238572e-01   1.6894182e-02   2.6979701e-04  -2.6669757e-03
  -2.1654627e-01  -5.2519283e-02   4.0269248e-01   1.7730740e-02   1.4366344e-04  -2.7175500e-03
  -2.2173890e-01  -6.5704739e-03   4.3665618e-01   1.7166119e-02   3.1214526e-05  -2.8312422e-03
  -2.3545846e-01  -5.6795936e-02   3.6537014e-01   1.7118069e-02   8.7277622e-04  -2.8138659e-03
  -2.2532184e-01   1.1829553e-02   3.7937819e-01   1.6761009e-02   5.0233188e-04  -2.5280043e-03
  -2.2775387e-01   9.2129736e-02   3.6418292e-01   1.5094813e-02   1.2815632e-03  -2.0542221e-03
  -2.5569171e-01   1.3629834e-02   3.5455754e-01   1.6966679e-02  -1.2093409e-05  -2.8988106e-03
  -2.4597725e-01  -3.0643823e-02   3.3618912e-01   1.6468375e-02   2.6820612e-04  -2.9230549e-03
  -2.2735665e-01  -3.6644296e-02   3.5362764e-01   1.7208213e-02  -3.7749832e-04  -3.1424389e-03
  -2.4228400e-01   5.9262712e-04   4.1138171e-01   1.7179274e-02  -3.8819034e-04  -3.1924120e-03
  -2.4955786e-01  -5.1576699e-02   3.5424018e-01   1.8076815e-02  -3.3021989e-04  -3.0137888e-03
  -2.5043695e-01   1.2053630e-02   4.1447785e-01   1.6816361e-02  -5.4022564e-04  -3.1126372e-03
  -2.4077039e-01  -2.6988974e-03   2.6714379e-01   1.6578582e-02   4.1858055e-04  -2.9712467e-03
  -1.9813459e-01  -3.5480724e-02   1.0602961e-01   1.5206445e-02   8.0320012e-04  -1.9511803e-03
  -1.9114078e-01   1.6318749e-02   2.3908880e-01   1.5276746e-02   1.0089325e-04  -2.0476840e-03
  -1.9879403e-01  -1.6703389e-02   1.7691903e-01   1.7338411e-02  -7.6363027e-05  -2.3682566e-03
  -2.2513416e-01  -2.7433894e-02   2.5435503e-01   1.8524088e-02   2.3106422e-04  -2.6009630e-03
  -2.1651154e-01   2.2949855e-03   3.2256225e-01   1.7177797e-02  -2.1601578e-04  -2.9099132e-03
  -2.0620758e-01  -3.1155440e-02   2.5397152e-01   1.7543772e-02  -4.5021823e-04  -2.6565624e-03
  -2.1994697e-01   9.4153997e-03   3.2122498e-01   1.6817753e-02  -9.8234167e-05  -2.8106656e-03
  -2.0605989e-01  -4.5811064e-02   1.6389999e-01   1.6041929e-02   2.4161240e-04  -1.9868008e-03
  -2.0372991e-01   2.3972326e-02   2.1777063e-01   1.5608235e-02   2.7240036e-04  -2.2175471e-03
  -1.9487785e-01  -3.5158889e-02   2.1965303e-01   1.6501688e-02  -8.5479098e-05  -2.6181400e-03
  -2.0145729e-01   1.8451803e-02   2.9456224e-01   1.5672848e-02  -7.0270301e-05  -2.8841900e-03
  -2.0012734e-01  -5.3663813e-02   2.3070748e-01   1.6498768e-02  -3.0075033e-04  -3.0628884e-03
  -1.8661403e-01   1.9928819e-02   2.2985949e-01   1.6092009e-02  -5.6947439e-04  -2.8683280e-03
  -1.5919596e-01  -5.7603333e-03   5.8006829e-02   1.4164432e-02   8.7233317e-05  -2.1218110e-03
  -2.0139737e-01  -1.6304762e-03   6.6824348e-02   1.7968056e-02  -3.4168932e-04  -2.7281329e-03
  -2.2233057e-01   3.3506490e-02   1.0001709e-01   1.7950067e-02  -2.6491005e-04  -2.7012442e-03
  -2.1176332e-01  -9.8316355e-03   1.0782630e-01   1.8462748e-02  -4.7855362e-04  -2.7366414e-03
  -2.1437832e-01  -6.8469654e-03   1.6777096e-01   1.8347454e-02   1.6848523e-04  -3.0740763e-03
  -2.1692659e-01   1.3068629e-02   6.6754417e-02   1.9204571e-02  -2.5514640e-05  -2.7194851e-03
  -2.0918332e-01   3.1898520e-02   8.1219505e-02   1.8274909e-02  -5.9764765e-05  -2.5958415e-03
  -1.3330050e-01   4.9221949e-02   2.0795887e-01   1.4425107e-02  -4.5821219e-04  -6.5554963e-05
  -9.5306102e-02  -3.3042893e-02   1.3527957e-01   1.2151943e-02   2.9530149e-04   9.2370181e-04
  -1.1111845e-01  -4.7693492e-03   1.3177651e-01   1.4817672e-02   8.6222184e-04   5.7010309e-04
  -1.4502615e-01  -1.8329795e-02   1.4256847e-01   1.6761972e-02   4.3905429e-04  -5.0252517e-04
  -1.6242780e-01   1.9331924e-02   1.8033524e-01   1.6983819e-02  -5.4415513e-05  -8.4996170e-04
  -1.6235369e-01  -3.0007059e-02   1.1889793e-01   1.8012515e-02  -6.3953573e-04  -1.1386394e-03
  -1.6160853e-01   1.5729132e-02   1.6492523e-01   1.5129094e-02  -5.3651525e-04  -1.0800744e-03
  -1.6502812e-01  -1.3948783e-02   7.6030198e-02   1.7478581e-02  -9.4249631e-04  -9.0122895e-04
  -1.6188907e-01   2.4461443e-02   8.2515371e-02   1.6283078e-02  -8.6883216e-04  -8.4551343e-04
  -1.7060974e-01  -2.9222724e-02  -2.7698326e-02   1.5779521e-02  -4.6926728e-04  -4.5639650e-04
  -1.4858798e-01  -1.1942607e-02  -4.5521453e-02   1.4859400e-02  -2.3346507e-04  -5.3149465e-04
  -1.4528079e-01  -1.1055482e-02   4.6404986e-02   1.5055005e-02  -1.2370600e-05  -3.5932578e-04
  -8.6610039e-02   2.2632754e-02   1.9870546e-01   1.4663033e-02  -7.9047481e-04  -4.0086290e-04
  -9.9910795e-02   5.0942308e-02   2.9684533e-01   1.4766124e-02  -2.0675049e-03  -9.8624671e-04
  -1.0635285e-01   9.4621129e-03   2.3632271e-01   1.5531306e-02  -2.2178389e-03  -1.1843017e-03
  -1.0992875e-01   1.9974133e-02   3.0227010e-01   1.4202106e-02  -2.2561571e-03  -1.3478327e-03
  -1.1960713e-01   2.1767816e-03   2.5632443e-01   1.3112772e-02  -1.1732279e-03  -1.2352924e-03
  -1.2997151e-01   6.3794322e-02   2.7527427e-01   1.4091599e-02  -1.2130315e-04   1.1781299e-03
  -1.1067364e-01  -1.9007018e-02   3.3789771e-01   1.2417664e-02  -7.4119278e-04   3.4366059e-04
  -1.0297439e-01   5.1104308e-02   4.4926785e-01   1.0295431e-02  -2.5250161e-04   1.7960770e-04
