   0.0000000e+00   0.0000000e+00   0.0000000e+00  -1.3877788e-17   2.4074124e-35  -1.7347235e-18
   3.1910589e-02   2.4738436e-02  -2.6142563e-01   4.3440277e-03   1.2308585e-03   4.3961986e-04
   3.5076655e-02  -1.1905279e-03  -3.2964557e-01   3.8581528e-03   1.2212064e-03   1.6805736e-04
   1.4810692e-02   1.0490115e-02  -2.4543007e-01   4.8561622e-03   1.9725593e-03   2.6128273e-05
   2.5287063e-02  -1.6563925e-03  -3.2304353e-01   4.6920119e-03   2.0486803e-03  -4.7473523e-05
   1.3346314e-02   4.5638084e-02  -3.0045434e-01   5.1578006e-03   2.1577836e-03   6.9522779e-06
   5.6532093e-02  -1.4268552e-02  -3.2262343e-01   7.0945838e-03   1.2826264e-03   4.2570933e-04
   7.1270049e-02  -2.8020101e-02  -3.4810404e-01   9.1715298e-03   1.5383885e-03   3.2483075e-05
   5.9069627e-02  -7.7673236e-02  -2.6539567e-01   5.2918226e-03   1.6289078e-03  -2.3308078e-04
   4.6647475e-02  -6.9705334e-02  -3.2058897e-01   5.4291094e-03   2.0050041e-03  -2.7656204e-04
   4.6419583e-02  -1.2415386e-02  -3.0304416e-01   4.1576882e-03   2.0703116e-03  -2.3151394e-04
   4.5617669e-02  -6.5366696e-02  -3.1375864e-01   4.7779988e-03   2.0400683e-03  -4.6977980e-04
   3.8489347e-02  -3.0539929e-02  -3.4310112e-01   6.0870710e-03   1.9656431e-03  -6.5321654e-04
   2.2499619e-02   2.5211904e-03  -2.8351302e-01   5.1841258e-03   2.4494825e-03  -9.5101020e-04
   3.1656856e-02  -1.8463378e-02  -3.3927384e-01   5.2522314e-03   1.8064346e-03  -6.7234850e-04
   3.3230008e-02   2.2585390e-02  -5.0254300e-01   3.2636787e-03   2.3722246e-03  -2.9722975e-04
   1.6718658e-02   2.1839928e-02  -5.2652637e-01   1.5354776e-03   2.4065285e-03  -3.2180649e-04
   2.8365223e-02   2.5354528e-03  -7.3509065e-01   1.4012078e-03   2.7578839e-03  -5.6031982e-04
   3.7653377e-02   2.3785939e-02  -7.6148207e-01   6.3249732e-04   2.7375213e-03  -4.4393947e-04
   3.4494932e-02   2.0042378e-02  -7.5344249e-01   1.5164602e-03   2.6882836e-03  -8.6032016e-04
   3.9984894e-02   2.2060752e-02  -7.8624829e-01   1.6708932e-03   2.8033272e-03  -9.6297490e-04
   3.7546741e-02   3.9120349e-02  -7.2866475e-01   1.6590646e-03   2.8893490e-03  -1.0683639e-03
   3.2180640e-02   2.5323210e-02  -6.5431643e-01   6.0582689e-04   2.9326147e-03  -1.2017669e-03
   4.0710787e-02   2.0954805e-02  -6.8017172e-01   6.3639593e-04   2.6567732e-03  -1.1619548e-03
   4.3130895e-02   4.3382830e-02  -6.2687041e-01  -1.1851367e-04   2.6650032e-03  -1.4374422e-03
   5.2595238e-02  -1.2795538e-02  -6.8101216e-01   9.8887004e-04   2.2234903e-03  -1.2778471e-03
   4.3575772e-02   3.5045525e-02  -6.3060882e-01  -3.6010942e-04   2.0484374e-03  -1.2044382e-03
   4.5432555e-02  -1.3156522e-02  -7.0571681e-01   3.9794958e-04   2.2936093e-03  -1.0445840e-03
   3.9271205e-02   5.4888251e-02  -6.7114141e-01  -5.0652022e-05   2.1867154e-03  -1.0695977e-03
   4.0342819e-02   1.1687824e-02  -7.1146748e-01   1.9870909e-04   2.4710690e-03  -1.0649667e-03
   3.1714411e-02   7.4365660e-02  -6.4394404e-01  -3.3598628e-04   2.3644562e-03  -1.2207479e-03
   3.7501258e-02  -6.9714149e-03  -6.9352197e-01   1.3204246e-03   2.3667668e-03  -1.0761526e-03
   3.1424944e-02   4.6606010e-02  -6.3184751e-01   4.9256807e-04   2.6813292e-03  -1.2236803e-03
   2.3358833e-02   2.1018885e-02  -6.4601881e-01   1.0583722e-03   2.8342596e-03  -1.2732162e-03
   2.6926557e-02  -9.2274026e-03  -6.6416767e-01   1.7310460e-03   2.6717060e-03  -1.1067390e-03
   2.5076203e-02   6.8344418e-02  -5.8776357e-01  -4.9778016e-05   2.4299252e-03  -1.4683547e-03
   4.3284942e-02  -7.3540214e-03  -6.7246705e-01   1.8425623e-03   1.8570540e-03  -1.4510891e-03
   1.3129987e-02   4.3447735e-02  -6.6666742e-01   5.2174549e-04   2.9687599e-03  -1.0062281e-03
   1.6262683e-03   3.4865257e-02  -5.0830955e-01   6.2811444e-04   5.0672995e-03  -1.0094063e-03
   1.6594316e-02   6.8342810e-02  -2.1276321e-01  -1.9880807e-03   3.0005374e-03  -4.7857629e-04
   2.3987791e-02   2.6632106e-02  -1.4279466e-02  -2.9829650e-03   2.1913216e-03  -9.0839515e-04
   4.3201433e-02  -3.5360197e-02  -4.0269915e-02  -3.0729265e-03   2.2928597e-03  -9.9602477e-04
   3.1617164e-02   1.1078478e-02   1.8518112e-02  -3.6736447e-03   2.0745086e-03  -9.6861243e-04
   2.9918433e-02  -7.4037419e-03   1.9714081e-02  -3.9512444e-03   2.2928793e-03  -1.0836885e-03
   4.0811830e-02  -4.2428758e-02  -3.3173289e-02  -2.9820674e-03   1.9078009e-03  -1.3359468e-03
   4.0791441e-02  -1.0212075e-02   8.7115734e-03  -2.5909625e-03   1.5894743e-03  -1.0175545e-03
   3.0574437e-02  -4.1383267e-02   1.3038965e-02  -2.1979049e-03   1.7337925e-03  -1.4333046e-03
   3.4311691e-02  -4.2699303e-02  -4.0839425e-02  -2.2521654e-03   1.6201039e-03  -1.3257488e-03
   1.9554949e-02  -2.6868742e-03   3.7062295e-02  -3.2257854e-03   1.8747064e-03  -1.4223378e-03
   2.3797023e-02  -8.3861686e-02  -1.1790504e-02  -1.6603036e-03   2.0208204e-03  -1.3874931e-03
   1.6997584e-02  -1.3889559e-02   6.5248047e-02  -3.4432951e-03   1.8970099e-03  -1.3353610e-03
   2.4117887e-02  -5.5136472e-02  -1.5318629e-03  -2.2084698e-03   1.8234804e-03  -1.3268292e-03
   4.3318734e-02  -3.0321462e-02   1.2512654e-03  -3.4466572e-03   1.1945739e-03  -1.0706688e-03
   4.0426505e-02  -2.1043625e-02  -3.1182981e-01  -1.5438672e-03   1.1423722e-03  -1.6579422e-03
   3.8061862e-02   4.3636565e-03  -4.0973632e-01  -1.4994015e-03   1.4730867e-03  -1.5563486e-03
   3.0397946e-02   1.2749290e-02  -3.5058794e-01  -8.6595019e-04   1.8312904e-03  -1.4405234e-03
   3.1435993e-02  -3.9454893e-02  -4.5851474e-01  -5.5520555e-04   1.9907386e-03  -1.4179009e-03
   1.5291875e-02   6.9710194e-03  -4.2679174e-01  -4.3789752e-04   2.6779243e-03  -1.2253001e-03
   1.8222287e-02  -3.2841713e-02  -4.8341049e-01   1.3506456e-03   2.0481265e-03  -3.5257306e-04
   1.4912210e-02   8.8798521e-03  -5.4591915e-01   1.3466677e-03   2.4772225e-03  -4.9400211e-04
   2.0621840e-02  -1.0140380e-02  -5.6158365e-01   2.8801235e-03   2.7003170e-03  -3.0970248e-04
   2.1444407e-02   8.0009780e-03  -6.0124799e-01   3.9908729e-03   2.3772712e-03  -5.7718235e-04
   7.9535248e-03   2.8603604e-03  -5.4018728e-01   4.1165741e-03   2.9488137e-03  -4.9438300e-04
   1.0746925e-02  -1.4279986e-02  -4.9023109e-01   5.3517355e-03   2.9538655e-03  -2.5821639e-04
   2.0586446e-02  -6.5385593e-02  -5.4788388e-01   5.9214906e-03   2.8919162e-03  -2.3233607e-04
   1.3641996e-02  -1.7834262e-02  -4.5924461e-01   5.2104382e-03   2.4508809e-03  -1.3567363e-04
   1.4086764e-02  -6.5953595e-02  -5.4662548e-01   6.9712502e-03   2.5369510e-03   1.3333889e-04
   1.5763786e-02  -2.3755363e-02  -5.5325152e-01   7.7045137e-03   2.8207618e-03   3.2168875e-04
   7.4643934e-03   1.0178537e-02  -5.4046636e-01   8.7988676e-03   3.1973933e-03   3.1615745e-04
   1.0716059e-02  -2.8098045e-02  -5.6133224e-01   9.6802310e-03   2.9011715e-03   6.2103638e-04
   5.3165644e-03  -1.7191053e-02  -4.9838260e-01   9.1860410e-03   2.9380271e-03   6.9062800e-04
  -9.3835074e-03  -4.8508366e-02  -5.1712771e-01   9.5984303e-03   3.4521011e-03   6.7264739e-04
  -3.8607314e-03   8.6789578e-03  -4.9188521e-01   9.9462692e-03   3.2948766e-03   1.7495495e-03
   6.6373309e-03   3.7748303e-04  -5.2750028e-01   1.1142065e-02   2.3641068e-03   7.2601252e-04
   1.4708422e-02  -3.9271226e-02  -5.8497523e-01   1.0502184e-02   1.9387729e-03  -1.9041527e-04
   6.3022091e-03   3.6643297e-03  -5.6292075e-01   1.0152277e-02   1.6305505e-03  -2.0477656e-04
   3.8476173e-03  -2.7224306e-02  -5.1147231e-01   1.1096379e-02   1.1414983e-03  -3.2507462e-04
   4.6184067e-03  -8.2409144e-03  -4.5970180e-01   8.9381448e-03   9.7833673e-04   1.0836208e-04
   1.4718325e-02  -1.1715262e-02  -4.9875226e-01   1.1673075e-02   1.4922132e-03   1.7421575e-04
   1.3651665e-02  -7.3951348e-02  -4.8467882e-01   1.0735530e-02   1.8035082e-03   8.4332301e-05
   1.2557915e-02  -2.0402602e-02  -5.0057429e-01   9.1767741e-03   1.5587271e-03   5.0130440e-04
  -4.5593002e-03   3.5722581e-03  -4.5903953e-01   7.6100359e-03   1.7352912e-03   2.5148042e-04
  -5.9776435e-03  -3.3123754e-02  -4.6140209e-01   8.9091784e-03   2.1272071e-03   3.3720686e-04
  -1.5105048e-02  -1.3023481e-02  -4.1062281e-01   1.0364465e-02   2.4342368e-03   6.0850033e-04
  -1.7024477e-02  -1.8105427e-02  -3.7600997e-01   1.0805382e-02   2.9708969e-03   8.9446285e-04
  -8.3691077e-03  -4.0209566e-02  -3.9465872e-01   1.0189921e-02   2.6426272e-03   8.4533975e-04
   1.2390420e-02   1.5879408e-02  -4.3046944e-01   8.5300532e-03   2.2102241e-03   3.5496584e-04
   2.4729466e-02  -3.9859285e-03  -4.5949070e-01   8.9172005e-03   1.9812522e-03   5.2439443e-04
   2.3864273e-02  -1.5420038e-02  -5.6001405e-01   9.8151766e-03   2.0148945e-03   7.6908427e-04
   8.4648041e-03   5.5418543e-02  -4.9023499e-01   9.6927793e-03   1.9212370e-03   8.1238884e-04
   5.8945071e-02   1.0500054e-01  -7.3056645e-01   8.1103589e-03   8.5005642e-04   1.0945240e-03
   1.2010181e-02   8.6610198e-02  -7.9036895e-01   6.0701804e-03   2.9634398e-03   9.5025129e-04
   2.2763003e-02   7.4991598e-03  -4.7225126e-01   5.4427542e-03   2.1443254e-03   2.4355162e-03
   2.9133639e-02   3.1764751e-02  -5.1738140e-01   6.2514095e-03   1.8231575e-03   2.0375204e-03
   1.3786323e-02  -9.3816714e-03  -4.2316692e-01   5.7837504e-03   1.9135839e-03   1.1435005e-03
  -2.8666384e-04   1.1869154e-02  -2.9542647e-01   9.2015738e-03   1.5281747e-03   1.3977428e-03
  -1.3899513e-03  -4.8830941e-02  -3.1785184e-01   1.0509787e-02   1.4131999e-03   1.5325388e-03
   7.7092324e-03   2.5252269e-03  -2.8888088e-01   9.8130777e-03   8.7805890e-04   1.3336190e-03
   1.6218865e-02  -4.6769905e-02  -3.1412630e-01   9.2877819e-03   6.5707493e-04   1.1694527e-03
   1.7546499e-02  -2.5503411e-02  -3.6376521e-01   9.5809784e-03   7.1008001e-04   1.3893547e-03
   8.5391031e-03   2.0471386e-02  -3.2938425e-01   9.9927494e-03   7.5572380e-04   1.1726715e-03
   6.1412036e-03  -3.5292422e-02  -3.2942792e-01   1.0393183e-02   5.7904051e-04   1.1630830e-03
   1.4214774e-03  -3.7473961e-02  -3.0315906e-01   8.4377451e-03   9.5597204e-04   1.7920290e-03
   5.9517989e-03  -8.5275380e-03  -3.9412296e-01   6.5036172e-03   1.3558644e-03   1.9875678e-03
   5.1062464e-03  -5.5211296e-02  -3.6520807e-01   6.2893002e-03   2.0039372e-03   9.3982978e-04
   8.2916877e-03  -2.5348260e-02  -3.8088540e-01   6.4952690e-03   1.9211129e-03   1.1513635e-03
  -2.5928849e-02   9.8722432e-03  -3.5292706e-01   4.3659623e-03   2.1903602e-03   1.1013175e-03
  -4.6125992e-02  -1.4748040e-02  -4.1713220e-01   5.8455352e-03   1.5065209e-03   1.2629608e-03
  -4.4484369e-02   3.4309553e-02  -5.2067807e-01   3.8641849e-03   1.3584525e-03   1.0300294e-03
  -2.9667475e-02  -3.2890585e-03  -3.9432789e-01   3.6957835e-03   1.1404321e-03   4.5740027e-04
  -3.5024293e-02  -2.4223746e-02  -4.1922915e-01   4.1067379e-03   1.2001925e-03   3.5378458e-04
  -4.0821744e-02   2.3556118e-02  -4.3196393e-01   3.8699740e-03   8.1869266e-04  -2.2976915e-05
  -4.1001836e-02   1.0540081e-02  -4.5833004e-01   3.2584794e-03   8.9995949e-04  -2.2300233e-04
  -2.9403857e-02   2.3540014e-02  -3.9660952e-01   2.8022792e-03   1.2817242e-03  -7.2180089e-05
  -1.5133053e-02   3.5258377e-02  -4.3522776e-01   2.4710541e-03   1.3315194e-03  -7.5895031e-05
  -8.3724007e-03  -2.5572027e-02  -4.3696767e-01   2.6397422e-03   7.9738560e-04  -4.9524677e-04
  -1.8060005e-02   1.8572339e-04  -3.8766961e-01   2.8154113e-03   6.6012693e-04  -5.4746647e-04
  -2.8422657e-02   2.1732874e-03  -2.8121136e-01   1.1734808e-03   4.6985759e-04  -2.1195176e-04
  -4.5651315e-02  -1.2307024e-01  -5.3268990e-01   2.2352655e-03   1.9570001e-03   1.5192051e-04
  -2.4040513e-02   3.9115223e-02  -3.0045573e-01   9.5389845e-04   1.3345497e-03   1.5484196e-06
  -2.5357804e-02   1.6449733e-02  -4.2538276e-01   9.3035834e-04   1.4871821e-03  -7.7793419e-04
   1.3603788e-02  -6.6206893e-03  -4.9876334e-01   1.6900902e-03   7.7107837e-04  -2.0429951e-04
  -4.7499334e-03   3.3372989e-02  -4.3966782e-01   3.0105981e-03   1.2754106e-03   2.1489742e-04
  -8.0172526e-03  -4.4838887e-03  -5.0823808e-01   3.7938703e-03   4.7643085e-04  -7.9542781e-05
  -7.6948502e-03  -1.1366615e-02  -5.4059572e-01   3.0242906e-03   6.3014288e-04   2.4620864e-05
  -1.4441629e-02   1.8439436e-02  -5.0478494e-01   1.6880024e-03   9.6741045e-04  -9.1816608e-06
  -2.5700982e-03  -4.2594909e-02  -5.9113721e-01   4.0240687e-03   1.2801155e-03  -6.3556600e-04
  -1.0582525e-02   4.1868419e-02  -4.7944680e-01   3.6105888e-03   1.3235927e-03  -2.7202394e-04
  -2.2828229e-02   3.6455925e-02  -8.6137966e-02  -3.3380644e-04   1.3304484e-03   1.4227988e-04
   2.8077217e-02  -2.7384337e-02  -1.6312765e-01   2.8894207e-03  -2.9118759e-04  -2.5646825e-04
   2.9612535e-03  -4.4958376e-02  -3.9914647e-01   4.6414641e-03   4.6766846e-04   3.3905543e-04
  -3.5814604e-03  -3.5876240e-02  -4.6908408e-01   5.5728277e-03  -5.5587949e-07   2.1098184e-04
  -1.7724926e-02  -4.2778548e-02  -4.1640711e-01   7.1287515e-03  -6.2131856e-04   1.6608685e-04
  -4.6431149e-02  -3.3130016e-02  -3.9338679e-01   1.0820263e-02  -1.1684783e-03   1.3119515e-04
  -3.7548571e-02  -2.0220464e-02  -3.3242715e-01   1.1566419e-02  -1.6914798e-03  -2.6111941e-05
  -6.3237527e-02  -7.1807791e-02  -2.6794757e-01   1.1099357e-02  -9.1035484e-04  -7.4588447e-04
  -6.7689252e-02  -1.8989589e-02  -2.5020628e-01   1.0125874e-02  -1.3043042e-03  -8.2389884e-04
  -7.6096731e-02  -2.1189434e-02  -2.5034424e-01   1.0320836e-02  -1.1676954e-03  -1.0468533e-03
  -7.3358488e-02  -4.9542795e-02  -2.8229386e-01   1.0313914e-02  -1.0890934e-03  -1.1040792e-03
  -7.2943380e-02   1.2728585e-02  -2.9109632e-01   1.0766074e-02  -1.3198018e-03  -1.2280327e-03
  -8.1994292e-02  -2.3825022e-02  -2.6877556e-01   9.9526677e-03  -1.2870802e-03  -1.2522267e-03
  -6.4448960e-02  -3.5154026e-02  -2.9286455e-01   1.1450318e-02  -2.0161549e-03  -9.6988761e-04
  -7.0668878e-02   8.8004187e-03  -2.7340738e-01   1.4337024e-02  -2.8451506e-03  -1.0641750e-03
  -8.7811781e-02  -3.2717732e-02  -2.7545218e-01   1.5377841e-02  -3.4875008e-03  -1.5893327e-03
  -8.9970795e-02  -1.2151342e-02  -2.1165024e-01   1.4654662e-02  -3.7471100e-03  -1.8072410e-03
  -9.7665992e-02  -1.9438558e-02  -2.1288010e-01   1.3704379e-02  -3.6990075e-03  -1.8590819e-03
  -8.7874095e-02  -3.6690005e-02  -2.5095912e-01   1.3106367e-02  -3.5394860e-03  -2.0947153e-03
  -9.0997835e-02   1.5008235e-02  -2.0713474e-01   1.0835313e-02  -3.6269923e-03  -2.2628168e-03
  -9.8515703e-02  -1.8619794e-02  -4.3468298e-01   1.2031127e-02  -3.1853460e-03  -2.2262576e-03
  -1.0629224e-01   1.9942859e-03  -3.5040230e-01   1.1797056e-02  -3.0069789e-03  -2.3924143e-03
  -1.1738417e-01   2.2165865e-02  -1.4256573e-01   1.1875400e-02  -3.4734395e-03  -2.8304717e-03
  -1.2668926e-01  -6.2654410e-02  -4.1109157e-01   1.1610391e-02  -2.7399963e-03  -2.8515686e-03
  -1.1749041e-01  -1.8549213e-02  -4.0518589e-01   1.2395622e-02  -2.8529330e-03  -2.8887994e-03
  -1.1754508e-01  -1.0060799e-02  -3.6436199e-01   1.1166517e-02  -3.1004705e-03  -2.8757650e-03
  -1.1219861e-01  -7.3376936e-02  -5.5246013e-01   1.1626116e-02  -2.9981433e-03  -2.9977697e-03
  -1.0075514e-01   3.5904116e-02  -3.2901877e-01   1.2113546e-02  -3.5488042e-03  -2.8546117e-03
  -1.0567982e-01   5.6117892e-04  -3.4321139e-01   1.2596513e-02  -3.3554576e-03  -2.8789743e-03
  -1.0250002e-01   1.9988174e-03  -2.3546823e-01   1.3290971e-02  -3.8256594e-03  -3.0766209e-03
  -1.0466124e-01   4.0576881e-02  -2.2979281e-01   1.1447691e-02  -3.9400876e-03  -3.2814957e-03
  -1.2072086e-01  -3.3674055e-02  -4.9691299e-01   1.2483120e-02  -3.0635274e-03  -3.1872829e-03
  -1.0926156e-01   4.7222907e-02  -3.7501851e-01   1.2116710e-02  -3.0714490e-03  -3.0684382e-03
  -1.1306153e-01   1.2487851e-02  -3.6789085e-01   1.1629471e-02  -2.9769994e-03  -3.7936610e-03
  -1.0455721e-01   2.1760886e-02  -2.8190038e-01   1.0934816e-02  -3.0936516e-03  -3.0430911e-03
  -1.0488852e-01   1.1213789e-01  -2.0323122e-01   9.3900224e-03  -3.0264174e-03  -2.7448170e-03
  -1.0759777e-01   2.7298861e-02  -2.7128834e-01   9.7685555e-03  -3.0742778e-03  -2.7118511e-03
  -1.0439292e-01   6.7852316e-02  -2.5165909e-02   9.2862555e-03  -3.8698256e-03  -2.9814598e-03
  -1.0390034e-01   1.7662822e-02  -3.0186040e-02   1.0456078e-02  -3.8077477e-03  -3.3303841e-03
  -9.4463951e-02   1.0871554e-02  -7.7407278e-04   1.0225951e-02  -4.5780544e-03  -3.3179306e-03
  -9.7382136e-02   4.8978350e-03   5.4831097e-02   8.0957159e-03  -4.3343106e-03  -3.4549568e-03
  -9.3044188e-02  -2.9754581e-02   6.8446604e-03   1.0253935e-02  -4.4111272e-03  -3.3752148e-03
  -1.1016123e-01   2.7477819e-02   1.8587399e-01   1.0324806e-02  -4.6799922e-03  -3.5078841e-03
  -1.0862526e-01  -1.8072254e-02   1.4567136e-01   1.1390217e-02  -4.1667353e-03  -4.1258286e-03
  -1.1522724e-01   1.7323109e-02   2.5178593e-01   1.0546204e-02  -4.1148754e-03  -3.9505667e-03
  -1.7177917e-01  -2.7261253e-03   1.4452435e-01   9.9262784e-03  -5.0119247e-03  -3.5591977e-03
  -1.4136535e-01   2.9492114e-03   1.4276861e-01   9.6009606e-03  -4.8889113e-03  -4.1279504e-03
  -1.5653368e-01  -1.1769199e-02   3.0773270e-01   1.0209187e-02  -5.4413554e-03  -3.5826945e-03
  -1.5628090e-01  -1.4591046e-02   6.6980928e-02   1.0848953e-02  -5.0488995e-03  -4.0201002e-03
  -1.6118969e-01  -2.1830597e-02  -2.0324960e-01   1.3580164e-02  -4.6358367e-03  -4.1432423e-03
  -1.5352969e-01   1.4094901e-03  -6.9606559e-02   1.2365916e-02  -5.4143297e-03  -4.3822935e-03
  -1.5857666e-01   5.0226316e-03  -1.4495286e-01   1.1823415e-02  -5.2560144e-03  -4.3620334e-03
  -1.5168893e-01   3.6930347e-02  -1.0202359e-01   1.0701071e-02  -5.2431658e-03  -4.2085265e-03
  -1.5471357e-01   5.6337501e-03  -1.6771129e-01   1.1511364e-02  -4.4792949e-03  -4.0027030e-03
  -1.7147460e-01   1.1694787e-02  -1.1903391e-01   1.2844115e-02  -5.0276968e-03  -4.1898461e-03
  -1.6681731e-01   1.4182690e-02   1.2422335e-02   1.1422462e-02  -4.9150819e-03  -4.3524488e-03
  -1.6963717e-01  -6.0630859e-02  -1.1373069e-01   1.2929002e-02  -5.1384929e-03  -4.3745316e-03
  -1.6400741e-01  -2.2160870e-03  -4.2650927e-02   1.2521154e-02  -5.5695555e-03  -4.5494861e-03
  -1.7478226e-01   1.5049828e-05  -8.2850103e-02   9.5278062e-03  -4.8843256e-03  -4.6071373e-03
  -1.6811391e-01  -1.5693913e-02  -1.1614207e-01   1.0236330e-02  -5.0276036e-03  -4.4292085e-03
