   0.0000000e+00   0.0000000e+00   0.0000000e+00   0.0000000e+00   0.0000000e+00   0.0000000e+00
  -1.0751900e-02   2.7044776e-02   2.9508090e-01  -2.8413481e-03   1.0043182e-03  -6.0527678e-05
  -1.4475472e-02   2.0481456e-02   2.8768071e-01  -3.5956909e-03   1.5115721e-03  -3.6818702e-04
  -2.1398310e-02   7.3390842e-02   2.8769746e-01  -5.9817895e-03   1.8631536e-03  -8.3865824e-04
  -3.4768984e-02   8.5845449e-02   3.3776609e-01  -6.3809962e-03   1.8154728e-03  -3.0969581e-04
  -3.7760725e-02   7.6265609e-02   3.1702587e-01  -5.1509289e-03   1.6016460e-03  -2.3452044e-04
  -7.0465099e-02   7.3160429e-02   3.7813610e-01  -6.3427742e-03   2.4400549e-03  -5.8473552e-04
  -7.0848781e-02   8.1193055e-02   3.4704956e-01  -3.6444224e-03   2.0594174e-03  -3.6646588e-04
  -7.0147222e-02   6.9804930e-02   3.3056011e-01  -3.2446336e-03   2.3169236e-03  -5.6181655e-04
  -7.5521922e-02   8.7244182e-02   3.8656204e-01  -4.2840203e-03   2.3809687e-03  -6.1824707e-04
  -7.7641972e-02   5.7841121e-02   3.8760954e-01  -5.3242169e-03   2.4509560e-03  -1.2927992e-03
  -1.0114591e-01   8.2790423e-02   4.5546927e-01  -6.2823254e-03   2.2577437e-03  -2.1188490e-03
  -1.0627283e-01   7.8823813e-02   4.4144980e-01  -6.5760714e-03   2.2073490e-03  -2.2876647e-03
  -1.0066335e-01   1.3289992e-01   4.3348175e-01  -6.7813452e-03   1.8383058e-03  -2.1464514e-03
  -1.0592074e-01   9.2595443e-02   4.3083628e-01  -7.0180179e-03   2.6121697e-03  -2.4988610e-03
  -1.3901039e-01   9.5393861e-02   4.4534960e-01  -7.3369463e-03   2.7761804e-03  -3.8915853e-03
  -1.5254901e-01   1.5615888e-01   4.9739054e-01  -8.0988145e-03   2.2323830e-03  -4.4011991e-03
  -1.6740574e-01   1.1573349e-01   5.2436857e-01  -7.4433092e-03   2.3092028e-03  -4.9063997e-03
  -1.7874088e-01   1.3555573e-01   5.5574957e-01  -7.2467808e-03   2.4844787e-03  -5.1265459e-03
  -1.7316445e-01   1.2903325e-01   5.1125543e-01  -7.0423586e-03   2.4759394e-03  -5.1192968e-03
  -1.7975772e-01   1.4767981e-01   5.5312705e-01  -7.0953743e-03   2.3801078e-03  -5.3511181e-03
  -1.6662542e-01   1.2513445e-01   5.8257016e-01  -7.6514540e-03   3.0494714e-03  -5.1018339e-03
  -1.4953663e-01   7.5112802e-02   4.1195176e-01  -7.1171533e-03   2.4727817e-03  -5.0771656e-03
  -1.8435334e-01   7.6743752e-02   1.7372985e-01  -7.9049150e-03   3.1555616e-03  -4.7402770e-03
  -1.8634930e-01   1.0734574e-01   4.6657896e-01  -8.1643712e-03   4.1849551e-03  -4.5152731e-03
  -1.7755510e-01   1.0686214e-01   3.7518779e-01  -7.8382436e-03   4.0260502e-03  -4.2777037e-03
  -1.9357681e-01   1.2256254e-01   4.9594878e-01  -6.3016103e-03   5.0365961e-03  -3.9588905e-03
  -1.8518088e-01   6.8339942e-02   3.9279413e-01  -5.5500015e-03   4.7574836e-03  -4.5710562e-03
  -2.1243037e-01   1.1158276e-01   4.6118785e-01  -6.7964285e-03   5.3055243e-03  -5.0782495e-03
  -2.2668461e-01   8.8809435e-02   4.7065637e-01  -7.5956723e-03   5.9205535e-03  -5.4683635e-03
  -2.4012765e-01   1.4681427e-01   4.9710253e-01  -8.2114991e-03   6.3550939e-03  -6.0264846e-03
  -2.4712151e-01   1.0456175e-01   5.0069918e-01  -4.0389137e-03   6.4026865e-03  -5.0262933e-03
  -2.2202754e-01   1.5353909e-01   4.7185556e-01  -2.5964968e-03   5.1679745e-03  -5.2170563e-03
  -2.1877034e-01   1.1451154e-01   4.9313495e-01  -2.6591327e-03   5.4769407e-03  -5.7697958e-03
  -1.9864979e-01   1.5385672e-01   4.1194522e-01  -4.3928359e-03   7.6042833e-03  -6.9899309e-03
  -2.1513747e-01   1.8705662e-01   4.9230177e-01  -3.2164204e-03   6.1092686e-03  -6.5908410e-03
  -2.0583144e-01   7.8897631e-02   5.4816356e-01  -2.0011485e-03   5.9179887e-03  -5.8822959e-03
  -1.6430264e-01   3.7736693e-02   4.6013903e-01  -2.9617609e-03   5.3605635e-03  -3.9033626e-03
  -1.4906182e-01   4.6766934e-02   6.5399005e-02   8.7210142e-04   5.2477823e-03  -2.5482325e-03
  -1.3023811e-01   7.0894722e-02  -1.9973290e-02  -6.7831187e-04   4.1353350e-03  -2.3716186e-03
  -1.4564239e-01   7.6966924e-02   7.5385720e-02   1.0017521e-03   4.0781440e-03  -1.2405046e-03
  -1.4709437e-01   5.3406208e-02   1.3973104e-02   1.0108563e-03   4.4077265e-03  -1.7402793e-03
  -1.4285146e-01   9.3799921e-02   2.9127085e-02  -2.1287794e-03   5.0701148e-03  -2.1300092e-03
  -1.5515744e-01   1.1332860e-01   8.8516203e-02  -1.6588801e-03   5.0741112e-03  -2.2135492e-03
  -1.5676402e-01   6.5006476e-02   5.0202763e-02  -2.3481863e-03   4.9462544e-03  -2.5514734e-03
  -1.6164021e-01   7.0632069e-02   1.6084656e-01  -3.3316081e-03   5.0606171e-03  -3.0117581e-03
  -1.7344360e-01   1.0734672e-01   1.9459438e-01  -4.2285919e-03   5.4504526e-03  -3.1934266e-03
  -1.7407716e-01   8.9882038e-02   2.0884770e-01  -4.7077364e-03   5.1687539e-03  -3.4920465e-03
  -1.4582315e-01   1.0294205e-01   1.1511404e-02  -3.6529135e-03   4.9939887e-03  -3.1972833e-03
  -1.5452565e-01   1.4890746e-01   1.4887121e-01  -4.9635383e-03   5.1090252e-03  -2.9551079e-03
  -1.5771062e-01   1.3577544e-01   1.7115336e-01  -5.8575909e-03   4.8201017e-03  -2.6544321e-03
  -1.3316917e-01   1.2299812e-01   2.5657657e-01  -6.8864819e-03   4.2096516e-03  -2.7674261e-03
  -1.5023240e-01   1.5155156e-01   3.3318506e-01  -7.6095001e-03   4.5410119e-03  -3.1354080e-03
  -1.5088633e-01   1.1464699e-01   2.6102042e-01  -7.6826951e-03   5.1058122e-03  -3.0398886e-03
  -1.5103508e-01   1.1429788e-01   3.1713453e-01  -7.5974498e-03   5.0577844e-03  -3.2421505e-03
  -1.4629486e-01   1.0684408e-01   3.5508257e-01  -7.7599133e-03   4.9628077e-03  -3.3703974e-03
  -1.4495359e-01   1.1728440e-01   2.7729860e-01  -7.7641519e-03   4.9797248e-03  -3.0567663e-03
  -1.1885625e-01   1.4488049e-01   3.3218172e-01  -1.0005747e-02   5.0376669e-03  -2.3474452e-03
  -8.0472331e-02   1.2779970e-01   2.1207877e-01  -9.5022492e-03   4.6405330e-03  -1.8744326e-03
  -5.7724504e-02   1.0439140e-01   1.9022744e-01  -8.9648408e-03   3.7934701e-03  -2.0371367e-03
   4.4450041e-03   1.3486069e-01   1.8489839e-01  -7.6602047e-03   4.0407296e-03  -2.3837745e-03
  -2.4498238e-02   1.6342053e-01   5.5009328e-02  -8.2665588e-03   2.9331793e-03  -2.6805946e-03
  -2.2526585e-02   1.7567850e-01   2.3672965e-01  -8.4299822e-03   2.7891941e-03  -3.6755836e-03
  -3.4937274e-02   2.0541673e-01   4.9433374e-01  -9.5683157e-03   3.8461988e-03  -2.2939313e-03
  -1.1822793e-01   4.7948892e-02   4.1769229e-01  -1.1569574e-02   4.2152930e-03  -2.3888094e-03
  -1.3452441e-01   1.4703060e-01   1.8817379e-01  -1.3106829e-02   4.4100175e-03  -3.0379038e-03
  -1.1694041e-01   1.5211385e-01   4.0514942e-01  -1.5507449e-02   4.4809851e-03  -3.6683133e-03
  -7.5855937e-02   1.3778070e-01   4.9543279e-01  -1.5828488e-02   3.3434545e-03  -4.0280751e-03
  -6.8508897e-02   1.9874891e-01   4.1961136e-01  -1.6520129e-02   3.4717593e-03  -3.5591415e-03
  -6.6556748e-02   1.1786840e-01   3.4542321e-01  -1.6244153e-02   3.3719181e-03  -3.5045268e-03
  -6.8460254e-02   1.3478235e-01   3.2874735e-01  -1.6799226e-02   3.3675995e-03  -3.2766993e-03
  -6.6404122e-02   1.1506146e-01   3.3915817e-01  -1.6795367e-02   3.1985031e-03  -2.9664561e-03
  -5.7764140e-02   9.3033872e-02   3.1802366e-01  -1.5886352e-02   2.3449065e-03  -2.8359077e-03
  -4.3681007e-02   1.3783653e-01   3.2876070e-01  -1.4741271e-02   1.5297272e-03  -1.7559958e-03
  -3.3892025e-02   9.8067440e-02   2.4494094e-01  -1.2561431e-02   6.3868366e-04  -1.7021962e-03
  -7.9413761e-02   1.5145493e-01   3.0680854e-01  -9.1893850e-03   1.3536236e-03  -2.1241160e-03
  -8.8562465e-02   1.3889132e-01   2.6861574e-01  -8.6958040e-03   1.2182554e-03  -2.5349310e-03
  -8.8120950e-02   1.0398306e-01   2.7527163e-01  -9.4802979e-03   1.5185141e-03  -2.8968213e-03
  -9.9761813e-02   8.9967926e-02   2.8875453e-01  -9.4732971e-03   1.4284441e-03  -2.9512123e-03
  -8.1302016e-02   1.3242457e-01   8.7542378e-02  -1.0553482e-02   2.0218957e-03  -2.9333446e-03
  -8.0173515e-02   1.0687751e-01   1.2274186e-02  -8.5418266e-03   1.1849359e-03  -2.0994207e-03
  -9.6396994e-02   1.1351427e-01  -2.0545875e-01  -6.6108419e-03   1.8049091e-03  -2.1200864e-03
  -1.0168205e-01   1.5017745e-01  -2.6878200e-01  -6.1744711e-03   1.9638105e-03  -1.8066736e-03
  -1.1136374e-01   1.4395058e-01  -1.1911821e-01  -6.4937758e-03   2.7184115e-03  -2.1206972e-03
  -9.2867952e-02   1.7755319e-01   1.3227540e-01  -8.0730665e-03   1.7947798e-03  -2.1570723e-03
  -9.0146722e-02   1.5953667e-01   1.3149902e-01  -8.5782829e-03   1.8278205e-03  -2.1233176e-03
  -7.8294767e-02   1.3773956e-01   8.8668876e-02  -8.8223632e-03   1.5824917e-03  -2.5811457e-03
  -6.9482961e-02   1.5399838e-01   5.9670323e-02  -9.2219343e-03   1.6776880e-03  -2.4428969e-03
  -6.7823632e-02   1.6163267e-01   1.0890865e-01  -1.0832485e-02   1.8120805e-03  -2.7165396e-03
  -6.7582451e-02   1.4285911e-01   5.1668246e-02  -9.7506099e-03   1.3976642e-03  -2.7160625e-03
  -6.2553509e-02   2.1935168e-01   3.9907241e-02  -1.0917284e-02   2.0536481e-03  -1.9710508e-03
  -3.3123787e-02   2.7527267e-01   1.2539707e-02  -1.1163974e-02   3.8978158e-03  -5.8310715e-04
  -6.1731923e-02   1.5654703e-01   2.6751594e-01  -1.2802495e-02   2.5821368e-03  -1.8021245e-03
  -8.4304681e-02   1.5212120e-01   3.0679986e-01  -1.3813247e-02   3.6533851e-03  -1.7757235e-03
  -9.0970015e-02   1.0854315e-01   4.1096145e-01  -1.3950571e-02   3.4185075e-03  -1.7758916e-03
  -9.3939065e-02   1.3185305e-01   3.6702906e-01  -1.2868956e-02   3.4112123e-03  -1.9806289e-03
  -7.2769388e-02   1.2641538e-01   3.9111344e-01  -1.2182929e-02   2.6139930e-03  -2.0409224e-03
  -7.1940113e-02   9.1199474e-02   3.7721313e-01  -1.2956736e-02   2.4730914e-03  -2.0080827e-03
  -7.9364664e-02   1.2001466e-01   3.4732124e-01  -1.2875636e-02   2.5465927e-03  -1.5599151e-03
  -9.5311447e-02   1.4789489e-01   4.1653560e-01  -1.4142269e-02   2.6609227e-03  -1.9482337e-03
  -9.4524266e-02   4.6840350e-02   3.6504569e-01  -1.2238201e-02   2.7117022e-03  -1.8815300e-03
  -8.9686638e-02   1.4452172e-01   3.5866651e-01  -1.2110847e-02   2.2372619e-03  -1.4999036e-03
  -1.1121747e-01   1.3941350e-01   4.9406491e-01  -1.3867131e-02   3.0000832e-03  -1.9969169e-03
  -1.1575495e-01   9.0952202e-02   6.6551280e-01  -1.4074572e-02   1.7348778e-03  -1.3597843e-03
  -1.0083712e-01   1.3188382e-01   2.6409669e-01  -1.2138860e-02   3.0246377e-03  -9.6343548e-04
  -1.0173232e-01   1.6774963e-01   4.2314341e-01  -1.4394154e-02   3.2664822e-03  -1.7022062e-03
  -9.5977293e-02   9.5464970e-02   4.0586372e-01  -1.2402588e-02   3.0323515e-03  -1.9826093e-03
  -1.1475480e-01   1.2250727e-01   4.3228630e-01  -1.1894833e-02   3.3411380e-03  -1.7055118e-03
  -1.1861844e-01   1.4613369e-01   4.8702543e-01  -1.2632013e-02   3.1080981e-03  -1.9088132e-03
  -1.0715699e-01   1.1583172e-01   2.5212201e-01  -1.2762172e-02   2.8704285e-03  -2.0279021e-03
  -9.8118349e-02   1.5296201e-01   4.5384163e-01  -1.2869646e-02   2.1581154e-03  -2.0096524e-03
  -1.0482571e-01   1.8289531e-01   5.1846378e-01  -1.3185197e-02   2.4108643e-03  -2.4428555e-03
  -9.4835553e-02   1.6753531e-01   4.5384026e-01  -1.2301047e-02   2.1208804e-03  -2.3659943e-03
  -1.0598810e-01   1.4990541e-01   5.2284890e-01  -1.2791672e-02   2.4242016e-03  -2.5574143e-03
  -9.9820287e-02   9.7958921e-02   5.3896635e-01  -1.1889333e-02   2.4161733e-03  -2.2340180e-03
  -1.1323470e-01   1.8350934e-01   5.6703971e-01  -1.3018354e-02   2.8381581e-03  -2.3902746e-03
  -1.0410574e-01   1.0437274e-01   5.3911858e-01  -1.3474353e-02   2.6293635e-03  -2.2027540e-03
  -1.0595302e-01   1.4108600e-01   5.2827713e-01  -1.4499783e-02   2.6163915e-03  -2.2190165e-03
  -1.1447577e-01   1.4951290e-01   4.7614211e-01  -1.2281009e-02   2.7878277e-03  -2.1754716e-03
  -1.1256987e-01   1.7047902e-01   4.8305931e-01  -1.3055327e-02   2.8533235e-03  -1.8502577e-03
  -1.1922352e-01   1.6457930e-01   5.0805756e-01  -1.3703915e-02   2.9459815e-03  -2.0028857e-03
  -1.2173413e-01   1.6552472e-01   4.4987713e-01  -1.3097562e-02   2.8778238e-03  -2.0723834e-03
  -1.3194875e-01   1.5165825e-01   5.3339038e-01  -1.3561486e-02   2.8834360e-03  -1.9068920e-03
  -1.3436767e-01   1.8828017e-01   4.5066573e-01  -1.3120910e-02   3.4859620e-03  -1.9204067e-03
  -1.0543666e-01   1.5322302e-01   4.3203805e-01  -1.2745291e-02   2.8931217e-03  -1.8541723e-03
  -1.1319088e-01   1.5296282e-01   5.8077641e-01  -1.3536796e-02   2.6925267e-03  -2.3071341e-03
  -1.1439663e-01   1.1157729e-01   4.7433454e-01  -1.2072087e-02   2.8263014e-03  -2.3335331e-03
  -1.2661133e-01   1.2982470e-01   5.2704163e-01  -1.2053230e-02   3.0435781e-03  -2.1549017e-03
  -1.4295461e-01   1.5198560e-01   5.6164481e-01  -1.3341178e-02   3.4595192e-03  -2.0445520e-03
  -1.3039125e-01   1.1219072e-01   5.1110316e-01  -1.3092345e-02   3.3732709e-03  -2.1150356e-03
  -1.3871619e-01   1.4029033e-01   5.5508327e-01  -1.3998031e-02   3.7427897e-03  -1.9770350e-03
  -1.2730741e-01   1.3173650e-01   5.2436856e-01  -1.5227879e-02   3.2875714e-03  -2.6720014e-03
  -9.0554831e-02   1.0588272e-01   4.5785154e-01  -1.1984729e-02   2.7485597e-03  -1.9094119e-03
  -8.7900962e-02   7.6146238e-02   2.4358497e-01  -1.3589439e-02   3.3838037e-03  -1.7275340e-03
  -8.6061041e-02   1.3459928e-01   2.2760947e-01  -1.2566838e-02   2.9552987e-03  -1.7489164e-03
  -1.0956451e-01   1.2500274e-01   3.0023465e-01  -1.1927099e-02   3.2518669e-03  -1.6618639e-03
  -1.1452999e-01   9.9198337e-02   2.6843398e-01  -1.1425461e-02   3.2698541e-03  -1.4742224e-03
  -1.1270904e-01   1.3964629e-01   3.8828244e-01  -1.1609190e-02   3.0385146e-03  -1.6761110e-03
  -9.4480018e-02   1.4255356e-01   4.2982697e-01  -1.0658720e-02   3.3790405e-03  -1.9246682e-03
  -9.7083951e-02   1.2505382e-01   3.9379041e-01  -9.5068469e-03   3.0960674e-03  -1.9004878e-03
  -1.0086881e-01   1.7601854e-01   6.5467751e-01  -1.0988958e-02   1.7327573e-03  -1.7541789e-03
  -1.0528334e-01   1.1091406e-01   4.2510726e-01  -1.1314788e-02   2.8917291e-03  -1.7455743e-03
  -1.1975008e-01   1.5422017e-01   4.4218958e-01  -1.0232623e-02   3.7457887e-03  -1.9440203e-03
  -1.1898971e-01   1.3739815e-01   4.0379286e-01  -9.9969536e-03   3.3544191e-03  -1.7568830e-03
  -1.3003597e-01   1.6210652e-01   4.9771990e-01  -8.4693284e-03   3.2724639e-03  -1.3015332e-03
  -1.2844342e-01   1.3359166e-01   4.7554729e-01  -8.7750814e-03   2.7620856e-03  -1.2483585e-03
  -1.2032007e-01   9.3868375e-02   4.7001366e-01  -7.3585880e-03   2.5783228e-03  -1.7163080e-03
  -1.2305683e-01   1.0226074e-01   5.8171670e-01  -9.6340572e-03   3.2334153e-03  -1.7196238e-03
  -9.8253683e-02   1.6772069e-01   3.4819055e-01  -9.8490551e-03   2.6228097e-03  -2.2600782e-03
  -8.3464873e-02   1.6384442e-01   6.5344719e-01  -7.8773379e-03   3.8216087e-03  -2.0591694e-03
  -1.0326923e-01   9.7323880e-02   4.6759822e-01  -1.3412136e-02   4.1821925e-03  -1.5929931e-03
  -1.2007879e-01   9.3880852e-02   5.4896721e-01  -1.1673399e-02   4.2009357e-03  -1.7034419e-03
  -1.4312772e-01   8.1047461e-02   5.0680692e-01  -1.0553382e-02   4.7804315e-03  -1.4615336e-03
  -1.2617376e-01   1.1466697e-01   5.1991022e-01  -1.1553229e-02   4.2001301e-03  -1.3497210e-03
  -1.3890508e-01   6.9800895e-02   4.7659991e-01  -1.1332066e-02   4.8189454e-03  -1.3356597e-03
  -1.3996785e-01   9.2398055e-02   4.9946111e-01  -1.0289366e-02   4.5558945e-03  -1.6278518e-03
  -1.3976452e-01   1.1813056e-01   5.3564089e-01  -1.0382869e-02   4.7117522e-03  -1.6746580e-03
  -1.1845467e-01   6.7622182e-02   5.3891861e-01  -1.0037783e-02   4.2118377e-03  -1.6092138e-03
  -1.1354710e-01   9.9755488e-02   5.4884481e-01  -1.0784897e-02   4.5750634e-03  -1.4171153e-03
  -1.1533130e-01   1.0402927e-01   5.9870951e-01  -1.1345772e-02   4.6246271e-03  -1.3432358e-03
  -1.2701132e-01   7.4390070e-02   5.8992010e-01  -1.0749337e-02   5.0352021e-03  -1.3511590e-03
  -1.3399912e-01   8.8620862e-02   3.3438479e-01  -8.2994675e-03   5.4137525e-03  -1.4403279e-03
  -1.3268520e-01   1.5056887e-01   5.6393602e-01  -9.6624173e-03   4.9385473e-03  -1.5494756e-03
  -9.9876422e-02   9.3976860e-02   5.7879878e-01  -9.1990050e-03   4.5385107e-03  -1.0216514e-03
  -1.1530231e-01   1.2467163e-01   6.8442810e-01  -1.0267028e-02   4.8964469e-03  -1.8024393e-04
  -1.0174866e-01   9.4182632e-02   5.9256398e-01  -8.5829600e-03   4.1045015e-03   3.4211514e-04
  -1.1979077e-01   1.5153959e-01   6.4875862e-01  -9.6971848e-03   4.6835486e-03   5.5815009e-04
  -1.2369802e-01   1.1580630e-01   6.1398061e-01  -9.9741634e-03   5.0896650e-03  -4.2095943e-05
  -1.4244255e-01   7.7714619e-02   5.0702919e-01  -7.8147274e-03   6.3162659e-03  -5.2315097e-04
  -3.3999098e-02   1.2842064e-01   5.4543891e-01  -7.9195522e-03   4.7308838e-03   1.2005927e-03
  -7.6488871e-02   8.9001419e-02   3.9475176e-01  -8.5364559e-03   6.1236485e-03   1.0387530e-03
  -1.0115062e-01   1.0343918e-01   4.9317920e-01  -9.5936715e-03   5.7082588e-03   3.6024421e-04
  -1.0644513e-01   8.0472635e-02   3.3077262e-01  -7.0310671e-03   5.8209326e-03   2.4233318e-04
  -1.1914998e-01   1.4024181e-01   4.2802669e-01  -6.4995073e-03   5.7960665e-03   3.3212906e-04
  -1.1752891e-01   1.1406340e-01   4.5768095e-01  -7.5552532e-03   5.6705688e-03   6.0021628e-05
  -7.9687597e-02   1.3894055e-01   4.1488463e-01  -7.7100072e-03   4.8051902e-03   2.9571022e-04
  -8.5291819e-02   1.2157219e-01   3.4116711e-01  -7.0320324e-03   5.4178460e-03   5.4384294e-04
  -9.5197647e-02   1.5730315e-01   4.0269169e-01  -6.9121316e-03   5.1870949e-03   8.0940115e-04
  -1.0094222e-01   1.4413481e-01   4.2483140e-01  -7.3676592e-03   5.4613400e-03   5.2011481e-04
  -8.8388265e-02   1.4101114e-01   2.7680533e-01  -6.7797571e-03   5.2227299e-03   4.2432997e-04
  -9.7263649e-02   1.8862477e-01   2.4054307e-01  -5.8199302e-03   5.6195187e-03   3.9950883e-04
  -9.0621544e-02   1.0569725e-01   3.4816357e-01  -4.2777128e-03   4.9989479e-03   9.9714845e-04
  -7.8576392e-02   1.1134662e-01   4.5919483e-01  -4.6438838e-03   4.8549299e-03   1.2412694e-03
  -8.1859939e-02   7.7427177e-02   4.6155333e-01  -5.3783094e-03   5.0127053e-03   9.9773548e-04
  -8.9846707e-02   1.1244906e-01   4.0748750e-01  -6.7676804e-03   4.8156957e-03   8.4032749e-04
  -1.0123991e-01   1.3698635e-01   4.4042585e-01  -7.1454215e-03   4.8333858e-03   8.4997501e-04
  -1.0007598e-01   1.2106812e-01   2.8592223e-01  -5.0613512e-03   4.2412066e-03   1.4372132e-03
  -1.0162101e-01   1.5805917e-01   4.4248852e-01  -8.4918027e-03   4.3287351e-03   8.4218201e-04
