   0.0000000e+00   0.0000000e+00   0.0000000e+00   0.0000000e+00   0.0000000e+00   0.0000000e+00
  -1.7416623e-02   3.5782425e-02   9.0913076e-02  -1.8200759e-03  -2.7327867e-04   1.8338041e-04
  -1.9412772e-02   2.6319908e-02   5.9553623e-02  -1.6499257e-03  -1.8645946e-04  -2.5274761e-04
  -2.4744998e-02   5.7255621e-02   4.0659573e-02  -2.1068459e-03  -3.5066468e-05  -2.4837532e-04
  -1.6927336e-02   8.8979628e-02   1.0718018e-01  -1.7077024e-03  -4.3659103e-04   4.9528484e-04
  -5.3367165e-02   9.8745921e-02   7.4349785e-02  -8.1261444e-04  -2.3080243e-03   4.8328788e-04
  -7.9812786e-02   1.1401022e-01   9.6666919e-02  -2.7163897e-03  -3.1521658e-03   1.3305797e-03
  -1.8392510e-01   1.8714190e-02   2.5674659e-01  -3.7458392e-03  -3.1092803e-03   1.5707912e-03
  -1.1422752e-01   1.3108145e-01   1.4254390e-01  -5.2014209e-03  -4.9613350e-04   1.1390792e-03
  -3.9557490e-02   1.0868194e-01   4.7515304e-02  -7.1709790e-03  -1.7846177e-03   2.4337524e-04
  -3.5650413e-02   5.1970719e-02   1.3734323e-01  -1.0711682e-02  -1.6446363e-03   1.5545085e-04
  -3.3330590e-02   7.7441041e-02   1.4011774e-01  -1.1481018e-02  -1.3453057e-03  -1.4423526e-04
  -4.8427018e-02   2.1113781e-02  -7.2704126e-02  -8.9472226e-03  -1.0541491e-04   8.3191483e-04
  -4.3422580e-02  -1.7748452e-02  -3.8273867e-01  -7.5351386e-03   3.8676219e-04   1.2608862e-04
  -3.1882037e-02   1.3208686e-01  -2.2902904e-01  -9.0697011e-03   9.5963928e-04   1.0794535e-05
  -5.6166246e-03   8.1279508e-02  -2.4397458e-01  -7.8269826e-03   1.8369815e-04   3.8442088e-04
  -2.3118945e-03   2.2767396e-02  -2.2361128e-01  -2.7501507e-03  -4.0686833e-04   2.0066750e-05
  -5.4251270e-02   6.6864157e-02  -1.9855008e-01  -4.1330050e-04  -8.1101246e-04   5.2085460e-04
   6.1111192e-03   1.8256072e-02  -9.7569875e-02   1.3523021e-03  -1.5612587e-03   1.7920940e-03
   3.8015425e-03   2.2800769e-02  -5.9482658e-02  -3.4093254e-03  -5.8458767e-04   1.1555618e-03
  -4.5528228e-03   1.9584478e-02  -2.1596078e-01  -3.3197967e-03  -3.4769089e-04   5.3358573e-04
  -1.5509344e-02   7.8473439e-02  -1.5650642e-01  -3.7893255e-03   3.1387555e-05   8.6314413e-04
   1.3569874e-02   5.6175892e-02  -2.1243638e-01  -2.9516701e-03  -1.0737828e-03   5.0614487e-04
  -2.0066216e-03   8.0918968e-02  -1.3133619e-01  -3.0568111e-03  -5.2398476e-04   6.5964426e-04
  -5.9475355e-03   3.5496913e-02  -1.5436481e-01  -2.8038401e-03  -2.3882557e-04   9.1268258e-04
  -3.2775943e-03   7.3593142e-02  -1.8895306e-01  -2.8695691e-03  -1.7256744e-04   5.2533262e-04
  -1.6989358e-02   9.5232545e-02  -1.1968412e-01  -4.9048817e-03   8.3140121e-04   4.8068992e-04
  -2.4345599e-02   7.9946653e-02  -1.7437387e-01  -5.8447986e-03   1.7106627e-03  -3.2314862e-04
  -3.4236216e-02   1.5640210e-01  -9.9535189e-02  -7.0935676e-03   2.3162775e-03  -2.7967016e-04
  -3.9624993e-02   8.2804846e-02  -9.7235419e-02  -7.7016111e-03   2.4571244e-03  -1.0197966e-03
  -5.8638371e-02   1.3109032e-01  -6.4891120e-03  -7.6823382e-03   2.2678907e-03  -1.4240260e-03
  -4.9000021e-02   1.8602991e-01  -7.0529556e-02  -7.8174610e-03   2.4113242e-03  -1.2318925e-03
  -3.5170899e-02   1.5722254e-01  -1.0455800e-01  -7.7644455e-03   2.1689993e-03  -1.3111362e-03
  -7.1718320e-02   1.6000525e-01  -2.2325169e-01  -9.4924129e-03   3.1112154e-03  -1.1604409e-03
  -1.0122849e-01   1.8612461e-01   1.0472735e-01  -9.4834763e-03   3.0865498e-03  -1.9408932e-03
  -7.2722105e-02   1.7441653e-01   4.1067784e-01  -1.0497171e-02   2.0010114e-03  -1.3799539e-03
  -6.3183976e-02   1.1481479e-01   5.0278562e-01  -1.0519998e-02   1.8099590e-03  -1.8338317e-03
  -7.6636878e-02   1.0740221e-01   4.5421077e-01  -9.7219967e-03   2.0429955e-03  -1.8783174e-03
  -8.8540594e-02   3.6123143e-02   1.4008325e-01  -8.7782153e-03   2.5060372e-03  -2.0185734e-03
  -9.4744434e-02   1.0837258e-01   4.6498094e-01  -9.7749216e-03   2.6898463e-03  -2.2457675e-03
  -8.4183738e-02   7.7426762e-02   4.6509938e-01  -1.1065110e-02   2.5314301e-03  -2.2977412e-03
  -8.0192166e-02   7.1512590e-02   4.6206380e-01  -1.0770847e-02   2.3543785e-03  -2.6697938e-03
  -8.6831531e-02   1.1663302e-01   5.8870632e-01  -2.5903593e-02   2.6106346e-03  -2.9037803e-03
  -9.5705410e-02   9.8584706e-02   7.1376010e-01  -2.4449551e-02   1.3198601e-03  -2.8200494e-03
  -1.0160497e-01   9.9884958e-02   7.1513408e-01  -2.2157894e-02   1.4628343e-03  -3.1586107e-03
  -9.7758986e-02   1.2262568e-01   8.1344132e-01  -2.2895076e-02   1.1596497e-03  -3.3192169e-03
  -1.0668730e-01   3.9020178e-02   4.7612639e-01  -2.2247120e-02   1.5593085e-03  -3.0582107e-03
  -1.1560764e-01   1.1736184e-01   3.5247384e-01  -2.0924161e-02   1.8660179e-03  -2.9187961e-03
  -1.1073698e-01   1.5347390e-01   3.7079682e-01  -2.0577481e-02   1.5705766e-03  -3.1509217e-03
  -1.1513650e-01   1.3001807e-01   3.4712150e-01  -2.1578118e-02   1.8325167e-03  -3.1829968e-03
  -1.0303044e-01   1.5146610e-01   4.2034652e-01  -2.0937697e-02   1.5471015e-03  -3.0263357e-03
  -9.3478844e-02   1.2754959e-01   2.8896808e-01  -1.7683754e-02   1.9731842e-03  -3.6649856e-03
  -8.5006674e-02   1.8540771e-01   3.8947798e-01  -1.7118998e-02   1.7057735e-03  -3.8528790e-03
  -1.1116008e-01   1.7273330e-01   2.9452459e-01  -1.4521065e-02   1.1613545e-03  -3.5228844e-03
  -1.0987761e-01   1.9846203e-01   3.6576710e-01  -1.7105724e-02   5.8358559e-05  -4.1519643e-03
  -9.9111405e-02   1.6105913e-01   2.6814729e-01  -1.6428848e-02  -2.7900717e-04  -3.6249436e-03
  -9.4055533e-02   1.7506561e-01   2.8841266e-01  -1.5258503e-02   1.4356924e-04  -2.9649022e-03
  -1.1873701e-01   1.2143389e-01  -3.8714638e-02  -1.5327350e-02  -1.4845353e-04  -3.5311175e-03
  -7.2265559e-02   1.6017676e-01   2.7002940e-01  -1.5984328e-02  -8.3938614e-04  -2.6707673e-03
  -8.6973626e-02   7.9211397e-02   4.5006410e-01  -1.9156332e-02  -2.2697196e-04  -2.6930711e-03
  -8.7410686e-02   8.9894805e-02   3.9751608e-01  -1.8806473e-02   2.2860662e-05  -2.7073959e-03
  -7.4242511e-02   1.0986546e-01   4.2751382e-01  -1.7323587e-02  -5.9186916e-04  -3.2749285e-03
  -8.6123590e-02   1.1032879e-01   3.9200541e-01  -1.8050739e-02   2.9932495e-04  -3.3284182e-03
  -9.2270963e-02   1.1927889e-01   3.7838404e-01  -1.8723927e-02   1.5798574e-04  -3.1392699e-03
  -9.8086497e-02   1.2622554e-01   4.9077861e-01  -1.7695637e-02   3.0635256e-05  -3.4697067e-03
  -1.0273244e-01   9.3629509e-02   4.6211583e-01  -1.8722304e-02   2.7336803e-04  -3.5660812e-03
  -9.8087471e-02   1.1633689e-01   8.3367684e-01  -2.0963919e-02   2.2459210e-04  -3.0841704e-03
  -7.8723687e-02   1.0697923e-01   3.8292546e-01  -1.9820099e-02   7.8936489e-04  -2.2577932e-03
  -8.1575946e-02   1.1377214e-01   4.7713565e-01  -1.9333195e-02   5.9116812e-04  -2.6102173e-03
  -8.4694758e-02   9.6219922e-02   4.0990169e-01  -1.8360830e-02   8.1323082e-04  -2.9024001e-03
  -9.1031262e-02   1.2060419e-01   4.7893970e-01  -1.9179160e-02   1.1975390e-03  -3.1609240e-03
  -8.7900392e-02   8.9066501e-02   4.4459485e-01  -1.9566441e-02   1.3817645e-03  -3.0607371e-03
  -8.8459096e-02   1.2581671e-01   4.5405282e-01  -2.0308661e-02   9.9239252e-04  -2.8989801e-03
  -9.1260660e-02   9.8008084e-02   3.9986005e-01  -1.9819938e-02   1.3616364e-03  -2.8618931e-03
  -8.0254552e-02   1.2359855e-01   3.7973971e-01  -1.9840935e-02   1.3704784e-03  -2.9494466e-03
  -8.9251158e-02   1.3142755e-01   3.9868140e-01  -1.9175656e-02   1.6615347e-03  -2.8473496e-03
  -8.6500339e-02   1.3446489e-01   4.0139085e-01  -1.9392864e-02   1.3232474e-03  -2.9544014e-03
  -9.0912201e-02   1.0795008e-01   4.5383039e-01  -1.8355653e-02   1.2502404e-03  -3.1114179e-03
  -9.5976103e-02   9.4559626e-02   3.9215880e-01  -1.8122420e-02   1.5638237e-03  -3.2467435e-03
  -8.6602199e-02   1.5355120e-01   3.7982218e-01  -1.9367448e-02   4.8263670e-04  -3.3692742e-03
  -9.7835229e-02   1.5265938e-01   4.2290502e-01  -2.0127533e-02   1.1152802e-03  -2.9897695e-03
  -1.1414683e-01   1.3415687e-01   3.8518262e-01  -1.8381052e-02   1.2035623e-03  -3.1580405e-03
  -9.8576160e-02   1.3693661e-01   4.1602029e-01  -1.8550792e-02   9.5224309e-04  -3.1198924e-03
  -9.9884313e-02   1.3739890e-01   4.4974463e-01  -1.8716817e-02   3.9467337e-04  -3.1433519e-03
  -9.7674084e-02   1.2370943e-01   4.0111761e-01  -1.8291838e-02   2.3409924e-04  -3.3446480e-03
  -9.6538682e-02   1.4670888e-01   4.4893023e-01  -1.8775530e-02   5.1472371e-04  -3.7070376e-03
  -1.1041599e-01   1.9958306e-01   2.7249533e-01  -1.8834297e-02   4.8529045e-04  -3.7137786e-03
  -1.0321954e-01   2.0100471e-01   2.9989049e-01  -2.1848245e-02   9.6214168e-05  -3.6948960e-03
  -1.1922437e-01   1.4168151e-01   3.2594129e-01  -2.1670560e-02   3.1021586e-04  -3.7266984e-03
  -1.1815473e-01   1.3888905e-01   3.7900971e-01  -2.3033396e-02   4.0072517e-04  -3.4921969e-03
  -1.1969112e-01   1.3737381e-01   5.0210276e-01  -2.4050743e-02   4.5321410e-04  -3.3502878e-03
  -1.2933472e-01   1.1214315e-01   3.5243073e-01  -2.2550980e-02   6.1496345e-04  -3.8886710e-03
  -8.8950442e-02   8.3455862e-02   3.5561072e-01  -2.2161407e-02   2.4343754e-04  -3.2101735e-03
  -9.2334247e-02   1.3032654e-01   3.8795727e-01  -2.2140025e-02   1.0941304e-04  -3.6313324e-03
  -1.0030429e-01   1.0435183e-01   3.6092460e-01  -2.1869611e-02   8.1559600e-05  -3.9327050e-03
  -1.0816209e-01   1.5292040e-01   4.0431932e-01  -2.3518158e-02   1.2768937e-04  -3.6387636e-03
  -1.1563875e-01   1.1276486e-01   3.3808471e-01  -2.2900286e-02   2.9394447e-04  -3.5959226e-03
  -1.2050028e-01   1.3109621e-01   4.0272874e-01  -2.3525006e-02   5.4734473e-04  -3.3984533e-03
  -1.0986621e-01   8.3905560e-02   3.6925536e-01  -2.2800408e-02   3.8777732e-04  -3.4214603e-03
  -1.1477177e-01   1.3762235e-01   3.8925017e-01  -2.3447682e-02   2.5789434e-04  -3.2011779e-03
  -1.2056757e-01   1.2224274e-01   3.4623443e-01  -2.2655967e-02   7.4870927e-04  -3.3779581e-03
  -1.2100968e-01   1.5327697e-01   3.0877251e-01  -2.2829979e-02   5.0680583e-04  -3.4601419e-03
  -9.9113186e-02   1.2677798e-01   2.2115510e-01  -2.0170988e-02   1.9336222e-04  -3.1075179e-03
  -1.4136271e-01   1.7376219e-01   3.8807019e-01  -2.2917902e-02   7.7120734e-04  -3.7910737e-03
  -1.3645523e-01   1.6315587e-01   3.2756459e-01  -2.2142627e-02   4.4483470e-04  -3.5532134e-03
  -1.3634988e-01   1.9297251e-01   5.7821491e-01  -2.3753861e-02  -4.9885802e-04  -3.5274602e-03
  -1.3005743e-01   1.4396449e-01   6.3690928e-01  -2.5101559e-02  -3.7211568e-04  -3.4850735e-03
  -1.2182680e-01   1.2100272e-01   5.5470416e-01  -2.4680961e-02  -4.7871877e-04  -3.8063145e-03
  -1.4464134e-01   1.3160985e-01   6.9715695e-01  -2.6044577e-02  -1.8173843e-04  -3.7218876e-03
  -1.5309022e-01   9.1152818e-02   6.7646233e-01  -2.4129239e-02   8.7123590e-05  -3.7642343e-03
  -1.5068314e-01   1.4657904e-01   7.9761665e-01  -2.5621616e-02   6.3199492e-06  -3.5813043e-03
  -1.5222870e-01   1.1140325e-01   7.8423480e-01  -2.5011056e-02  -1.1847113e-04  -3.9627256e-03
  -1.2883808e-01   1.0375284e-01   7.2459099e-01  -2.5525464e-02  -5.4623334e-04  -3.5728340e-03
  -1.4135667e-01   1.4902649e-01   7.3618971e-01  -2.6322256e-02  -4.3729855e-04  -3.4573829e-03
  -1.4230567e-01   1.2847961e-01   6.9295988e-01  -2.5007499e-02  -7.7442159e-04  -3.7872156e-03
  -1.3755010e-01   1.0133422e-01   7.2866555e-01  -2.4401694e-02  -1.0253925e-03  -3.7375917e-03
  -1.3473509e-01   9.3010671e-02   7.8863561e-01  -2.4638136e-02  -1.1977431e-03  -3.9787440e-03
  -1.3069473e-01   9.1722006e-02   8.2278989e-01  -2.5561986e-02  -1.2144431e-03  -3.9843168e-03
  -1.3580930e-01   5.9966373e-02   6.3184160e-01  -2.4465367e-02  -1.1380299e-03  -3.9730698e-03
  -1.3878369e-01   9.8273287e-02   6.1802117e-01  -2.4736779e-02  -8.7919119e-04  -4.0260396e-03
  -1.5499703e-01   1.0968751e-01   6.6155685e-01  -2.3620677e-02  -6.6919277e-04  -4.0760956e-03
  -1.3229037e-01   1.0940808e-01   6.7798912e-01  -2.5031717e-02  -7.2634344e-04  -3.6349675e-03
  -1.3649716e-01   1.4437977e-01   6.5988754e-01  -2.6307720e-02  -9.6890121e-04  -3.7121472e-03
  -1.4599495e-01   1.2077983e-01   6.0096765e-01  -2.5783364e-02  -2.0510044e-04  -3.5959182e-03
  -1.5694005e-01   1.2854707e-01   6.2058601e-01  -2.4710210e-02  -7.1223163e-06  -3.6008487e-03
  -1.6175205e-01   1.4683693e-01   6.5761827e-01  -2.4548771e-02   2.6228359e-06  -3.7189170e-03
  -1.5687484e-01   1.3708421e-01   6.4376791e-01  -2.5719471e-02  -5.3456139e-04  -3.5667154e-03
  -1.4952632e-01   1.2444680e-01   7.4238510e-01  -2.6275205e-02  -3.2702411e-04  -3.7265570e-03
  -1.5176177e-01   1.0786090e-01   5.8522539e-01  -2.4807356e-02  -2.0915277e-04  -3.6273093e-03
  -1.5485354e-01   1.4047881e-01   6.7975192e-01  -2.4265818e-02  -4.1335462e-04  -3.4492496e-03
  -1.6058753e-01   1.2525954e-01   6.3695685e-01  -2.3267664e-02  -4.3720653e-04  -3.5185101e-03
  -1.5886231e-01   1.1054688e-01   6.0530656e-01  -2.3546249e-02  -3.7952756e-04  -3.6165670e-03
  -1.5527170e-01   1.2626952e-01   6.5673957e-01  -2.5411764e-02  -4.5753682e-04  -3.4703274e-03
  -1.4657693e-01   1.0361547e-01   5.5897850e-01  -2.4818423e-02  -5.3299716e-04  -3.7488061e-03
  -1.4296487e-01   1.4756063e-01   5.7595219e-01  -2.5234576e-02  -6.5059444e-04  -3.6667517e-03
  -1.4553115e-01   1.0514233e-01   6.9306481e-01  -2.4918198e-02  -5.5818634e-04  -3.7137975e-03
  -1.4550731e-01   1.5196507e-01   6.3795037e-01  -2.5816416e-02  -9.0796249e-04  -3.6927313e-03
  -1.4152541e-01   1.3600326e-01   7.0372021e-01  -2.6533089e-02  -5.6560641e-04  -3.7213337e-03
  -1.4489240e-01   1.2255128e-01   6.6255212e-01  -2.5481263e-02  -4.2011971e-04  -3.8317391e-03
  -1.5118315e-01   1.8749624e-01   6.9537813e-01  -2.5463375e-02  -3.2987341e-04  -4.0712802e-03
  -1.4838566e-01   1.2755211e-01   6.3633452e-01  -2.5236501e-02  -5.5119699e-04  -4.1240596e-03
  -1.4059476e-01   1.0689043e-01   5.7739888e-01  -2.5182728e-02  -8.1142323e-04  -4.0478351e-03
  -1.3838990e-01   1.4818510e-01   6.3504332e-01  -2.6489662e-02   2.1734804e-04  -3.2264753e-03
  -1.5218127e-01   1.2809980e-01   3.8675642e-01  -2.5367777e-02   7.0353853e-04  -3.5942117e-03
  -1.4359833e-01   1.6992921e-01   4.3708053e-01  -2.4350917e-02  -1.0448973e-05  -3.6164275e-03
  -1.3477688e-01   2.0165123e-01   6.4839395e-01  -2.5453305e-02  -2.6982545e-04  -3.5228151e-03
  -8.7463447e-02   1.3072314e-01   6.6386337e-01  -2.5963355e-02  -4.4396936e-04  -3.5797728e-03
  -7.7207856e-02   1.1164942e-01   6.5374151e-01  -2.4552996e-02  -3.1029815e-04  -2.8497635e-03
  -1.0021562e-01   1.4774933e-01   6.9548697e-01  -2.7953045e-02  -5.6002602e-05  -2.8555410e-03
  -1.0796272e-01   1.0300997e-01   7.1957437e-01  -2.7559251e-02   4.1663198e-04  -2.9682586e-03
  -1.2141873e-01   8.9635880e-02   6.6107863e-01  -2.6730518e-02   7.5051541e-05  -3.2576014e-03
  -1.2167845e-01   1.0975443e-01   7.0722606e-01  -2.6772368e-02  -3.5965057e-04  -3.4237868e-03
  -1.2259905e-01   1.2171823e-01   7.2351098e-01  -2.6193991e-02  -3.9931469e-04  -3.4988303e-03
  -1.1132622e-01   1.1966655e-01   6.7025533e-01  -2.6506384e-02  -5.6241905e-04  -3.4362718e-03
  -1.0166577e-01   1.0052750e-01   6.8824808e-01  -2.7747600e-02  -8.9760778e-04  -3.3707151e-03
  -1.0105315e-01   1.0190986e-01   6.6839033e-01  -2.7357391e-02  -5.5518173e-04  -3.2714977e-03
  -9.0945271e-02   1.3246388e-01   6.5575501e-01  -2.8728829e-02  -9.2149170e-04  -3.6148145e-03
  -9.1956023e-02   1.1337125e-01   7.0913460e-01  -2.7386853e-02  -9.6711287e-04  -3.6352704e-03
  -8.4806981e-02   1.1103598e-01   6.3116729e-01  -2.6233313e-02  -8.3334452e-04  -3.4301201e-03
  -7.7654658e-02   1.3606694e-01   6.2261491e-01  -2.6514389e-02  -9.3357862e-04  -3.3294331e-03
  -9.1320065e-02   1.0868472e-01   7.2108330e-01  -2.6191971e-02  -6.9691049e-04  -3.5576947e-03
  -8.8975235e-02   9.5899376e-02   6.6052874e-01  -2.6238779e-02  -6.4873571e-04  -3.2415553e-03
  -8.5643195e-02   9.8265953e-02   6.9037520e-01  -2.6993117e-02  -8.3448850e-04  -3.3484535e-03
  -8.5216289e-02   6.6397150e-02   6.6432682e-01  -2.6568503e-02  -6.9403089e-04  -3.1448624e-03
  -1.0645946e-01   1.1253664e-01   6.9418827e-01  -2.6596844e-02  -2.4849365e-04  -3.1265953e-03
  -1.1331617e-01   9.2470344e-02   6.4467865e-01  -2.6355801e-02  -5.6420167e-04  -2.9911178e-03
  -9.7532677e-02   8.0623509e-02   5.0985997e-01  -2.6052193e-02  -8.4328311e-04  -2.7787153e-03
  -1.0446710e-01   5.4091104e-02   2.8705946e-01  -2.4604429e-02   8.7565830e-04  -2.0551995e-03
  -6.6533747e-02   1.1483738e-01   1.2211007e-01  -2.3965216e-02   1.0067344e-03  -1.5751376e-03
  -6.1452439e-02   1.5847302e-01   2.5677198e-01  -2.3277753e-02   8.0878265e-04  -1.6951993e-03
  -6.4279902e-02   9.2343549e-02   2.3438105e-01  -2.2026597e-02   4.4993756e-04  -1.9890370e-03
  -6.3764720e-02   1.0206958e-01   3.0392551e-01  -2.3014179e-02   8.3745760e-05  -2.3132718e-03
  -5.6010798e-02   9.6275172e-02   2.3709000e-01  -2.3228354e-02  -2.0368744e-04  -2.2866691e-03
  -6.9349237e-02   1.4574282e-01   2.7457060e-01  -2.4058414e-02  -3.7415575e-04  -2.5856948e-03
  -6.1047263e-02   9.3162143e-02   1.4652437e-01  -2.3231379e-02  -8.9968879e-04  -2.1309278e-03
  -6.5207835e-02   1.4950184e-01   1.7948218e-01  -2.3844463e-02  -1.0654827e-03  -2.5130140e-03
  -7.1218180e-02   1.4273197e-01   1.5316499e-01  -2.1944071e-02  -9.0739328e-04  -2.6195625e-03
  -6.5096163e-02   1.6059368e-01   5.0084335e-01  -2.4019733e-02  -6.9907760e-04  -2.2229565e-03
  -5.5137503e-02   1.2308849e-01   6.7243053e-01  -2.2893209e-02  -1.2488615e-03  -2.8150419e-03
  -4.1399013e-02   1.5079500e-01   5.0830969e-01  -2.4343933e-02  -1.0096757e-03  -2.4338054e-03
  -2.8328950e-02   1.2630501e-01   5.3569079e-01  -2.5473653e-02  -1.2462735e-03  -2.3611675e-03
  -4.3601111e-02   1.0344480e-01   4.8943120e-01  -2.5237585e-02  -9.8873962e-04  -2.4528260e-03
  -5.2836043e-02   1.2867392e-01   5.6852853e-01  -2.5685552e-02  -9.4430682e-04  -2.4517940e-03
  -5.2658128e-02   1.4229218e-01   5.9699805e-01  -2.6328914e-02  -1.1322377e-03  -2.6122774e-03
  -5.3998216e-02   9.9108756e-02   5.4416984e-01  -2.6857113e-02  -1.7585079e-03  -2.8040366e-03
  -5.9496912e-02   9.6834596e-02   5.8137363e-01  -2.6442730e-02  -1.9123276e-03  -2.9200270e-03
  -5.2327890e-02   9.2192636e-02   5.6962406e-01  -2.5615574e-02  -2.0681776e-03  -3.0678025e-03
  -5.8063554e-02   1.0761360e-01   5.2859344e-01  -2.6700671e-02  -1.9349394e-03  -2.8990208e-03
