   0.0000000e+00   0.0000000e+00   0.0000000e+00   0.0000000e+00   0.0000000e+00   3.4694470e-18
  -1.2561942e-02   3.4143728e-03  -5.1337298e-02   5.7454794e-04   7.0165630e-05  -3.9444551e-04
  -1.1016181e-02   4.3307904e-02  -4.3237133e-02  -2.5664248e-04   4.5612599e-04  -3.4414708e-04
  -1.6673717e-02   7.3562768e-02   3.1104899e-02  -6.3157906e-04   4.0864564e-04  -5.1465786e-05
  -1.9660415e-02   4.8917820e-02  -3.7775384e-02  -5.6406781e-04   5.9507378e-04  -1.4313614e-04
  -4.4887716e-03   5.8540305e-02   1.5632586e-02  -4.5854779e-04   3.7730764e-04  -1.5578126e-04
  -1.0421147e-02   9.2121930e-02   2.3372501e-02  -1.7376831e-03   6.0853892e-04  -1.7116487e-04
  -1.1954506e-02   8.7479762e-02  -2.9621556e-02  -1.7094515e-03   7.4319666e-04   7.5684462e-05
  -1.7160577e-02   1.2670537e-01   2.6855423e-02  -2.7252443e-03   1.0920579e-03  -1.8304388e-04
  -1.4374276e-02   1.0113830e-01  -3.6221627e-02  -1.8314476e-03   1.2136093e-03  -1.0520663e-04
  -2.0046323e-02   1.4371220e-01   7.2823687e-02  -2.7703423e-03   1.0496845e-03  -2.6900754e-04
  -1.0000727e-02   9.7565406e-02   4.2348802e-02  -3.5533778e-03   9.1802095e-04  -1.3460861e-04
   5.7994138e-04   9.4851289e-02   3.0148524e-02  -3.4167955e-03   7.6326535e-04  -3.5477391e-04
   4.9820825e-03   1.3547820e-01   6.3864681e-02  -4.0207932e-03   4.8241234e-04  -4.6540451e-04
  -1.3725368e-03   1.1529335e-01   4.1986644e-02  -4.1214762e-03   7.8558185e-04  -5.5183200e-04
  -5.1316315e-03   9.9589328e-02   2.3735697e-02  -3.7994373e-03   6.8668669e-04  -3.6570459e-04
   2.6328776e-04   1.3147629e-01   8.5607273e-02  -4.2679954e-03   9.1986160e-04  -3.4028966e-04
  -2.5344109e-04   9.9447801e-02  -1.6816864e-02  -2.9781352e-03   1.4191169e-03  -1.8027822e-04
  -4.7596445e-03   9.0806358e-02   5.1042692e-02  -3.0199737e-03   1.3014115e-03  -3.3722590e-04
   1.6984023e-03   6.6142453e-02   7.8085086e-02  -2.2506480e-03   1.2032087e-03  -7.3932856e-04
   9.7972967e-04   1.0556119e-01   1.0914614e-01  -4.2018841e-03   1.1319449e-03  -2.8141105e-04
   1.3112073e-03   4.3297231e-02  -1.9086462e-01  -3.3868174e-03   1.3569921e-03  -8.5276410e-04
   1.0342003e-02   8.5576265e-02   7.8464984e-02  -2.7852062e-03   1.0884331e-03  -8.0378555e-04
   1.0099514e-02   9.9095962e-02   9.9700424e-02  -3.3959083e-03   9.4281040e-04  -4.6284981e-04
   9.0967564e-03   6.0464258e-02   1.2043894e-01  -3.6147635e-03   1.0762807e-03  -2.9005533e-04
   8.8879568e-03   7.9648617e-02   1.4484496e-01  -4.0537778e-03   9.3514573e-04  -3.0933693e-04
   1.3305704e-02   5.7311474e-02   6.3644246e-02  -2.9591690e-03   1.0426641e-03  -3.5914937e-04
   1.9603055e-02   9.4457668e-02   1.5067943e-01  -3.9055560e-03   9.6738662e-04  -4.3217101e-04
   1.8696082e-02   6.3803765e-02   1.0431526e-01  -4.9714781e-03   1.2881086e-03  -3.0110641e-04
   2.3708742e-02   6.8233271e-02   5.3153274e-02  -4.5087811e-03   1.4677010e-03  -5.4569856e-04
   1.9919182e-02   1.0637277e-01   3.2453527e-02  -3.6408074e-03   1.1302211e-03  -3.8031043e-04
   1.8881262e-02   5.3742462e-02   1.7179532e-02  -4.9154891e-03   1.3520916e-03  -8.2102265e-05
   1.5638579e-02   9.6600282e-02   4.9011292e-02  -5.1022419e-03   1.2912548e-03  -2.3125372e-04
   1.9605523e-03   7.4956764e-02  -3.6600487e-02  -3.9864249e-03   1.3572631e-03   7.3321156e-05
   1.6425999e-03   1.1657099e-01   5.5263549e-02  -4.3161391e-03   1.2345892e-03   1.5184920e-04
  -8.1543287e-03   7.4670033e-02   4.3818343e-03  -4.3166130e-03   1.6533423e-03   6.4918854e-05
   1.3784968e-02   1.0330449e-01   7.5946775e-03  -5.0289217e-03   1.2286142e-03  -6.4476857e-04
   1.9264349e-02   1.0532711e-01   3.6556557e-05  -5.8528310e-03   1.1891746e-03  -8.5762307e-04
   2.2343427e-02   7.0274236e-02  -5.5469677e-02  -5.0806403e-03   1.3884083e-03  -6.5661048e-04
   3.2622182e-02   1.1635584e-01   2.1747967e-03  -5.4569982e-03   1.0851831e-03  -7.0319293e-04
   2.1259214e-02   1.0571209e-01  -7.2363914e-02  -4.8234631e-03   1.2570184e-03  -9.5415279e-04
   2.6720200e-02   1.2868683e-01  -5.0150966e-02  -4.5068852e-03   6.7850837e-04  -9.8442939e-04
   2.5156024e-02   1.2015040e-01  -5.1705706e-02  -5.0855217e-03   5.0800002e-04  -6.1514550e-04
   1.9761523e-02   7.5006056e-02  -1.1211945e-01  -4.4117472e-03   7.8271522e-04  -6.5190767e-04
   2.2391600e-02   1.2956722e-01  -6.6910878e-02  -5.5931078e-03   9.3339522e-04  -6.0136869e-04
   1.6648264e-02   1.0349006e-01  -1.3339012e-01  -5.3249443e-03   1.2242930e-03  -7.5568621e-04
   2.1937177e-02   1.1838730e-01  -9.9955617e-02  -5.4174033e-03   1.1891336e-03  -5.6491724e-04
   1.8114030e-02   1.1005636e-01  -5.5001990e-02  -6.4275737e-03   1.2940929e-03  -8.9016719e-04
   1.8539744e-02   9.6221473e-02  -5.1821209e-02  -5.6536455e-03   9.3427626e-04  -1.2375492e-03
   1.9973707e-02   1.4990387e-01   1.0866829e-01  -8.0273039e-03  -8.2289714e-05  -2.2614558e-03
   4.8992815e-02   8.2221680e-02   7.8034569e-02  -7.1397228e-03  -3.7288761e-04  -2.1453354e-03
   5.2176022e-02   1.1499034e-01   1.6789840e-02  -7.3199195e-03   1.2211303e-04  -1.8663540e-03
   5.5925004e-02   1.0069044e-01  -3.1420114e-02  -6.2833263e-03   1.2342962e-04  -2.0306181e-03
   5.1841848e-02   9.7978871e-02  -1.2823836e-02  -7.1791569e-03   3.5764406e-05  -1.7017090e-03
   6.8637996e-02   1.2012365e-01   2.4801866e-02  -7.1191358e-03  -2.7880600e-04  -1.8562897e-03
   5.9192777e-02   1.1434632e-01   5.9758424e-03  -6.1049047e-03   4.2619224e-05  -1.9400956e-03
   7.2556969e-02   1.5929420e-01   6.1962294e-02  -6.7484395e-03  -5.7291431e-04  -2.3812464e-03
   6.8781120e-02   1.1330890e-01  -4.6993041e-03  -7.5974862e-03  -4.4714756e-04  -2.3671292e-03
   6.6894675e-02   1.3278970e-01  -2.1457887e-02  -7.6013495e-03  -5.2397711e-04  -2.2194061e-03
   6.0662654e-02   1.3710111e-01   1.9173422e-02  -8.1708591e-03  -3.9577534e-04  -2.0373982e-03
   5.6410832e-02   1.1076315e-01  -2.3801256e-02  -7.6095714e-03  -7.9327304e-05  -1.8324562e-03
   4.6815189e-02   7.0306386e-02  -1.8508580e-01  -7.2414607e-03   2.4767346e-04  -1.4253450e-03
   7.0332724e-02   1.2545318e-01  -2.9414027e-01  -7.0825103e-03  -3.0922269e-04  -1.8574956e-03
   7.3958389e-02   1.2030940e-01  -1.9539433e-01  -6.0534122e-03  -6.3446769e-04  -1.9926254e-03
   6.5172069e-02   1.5035882e-01   2.5901413e-02  -6.8379443e-03  -8.6573104e-04  -1.8284488e-03
   7.0259225e-02   1.0019911e-01   1.7211546e-02  -6.7737768e-03  -7.9308486e-04  -2.1873739e-03
   8.8544000e-02   9.9651668e-02   2.1348783e-03  -7.0531354e-03  -9.0639742e-04  -2.3805420e-03
   8.4109202e-02   1.2873410e-01   6.1626357e-02  -7.8451316e-03  -9.0759920e-04  -2.4705846e-03
   9.6275499e-02   9.0795936e-02  -3.7557562e-02  -6.9130693e-03  -1.2438970e-03  -2.7452953e-03
   8.3967322e-02   1.5396195e-01   8.4591962e-03  -8.9247976e-03  -9.6869841e-04  -2.6591339e-03
   6.0788376e-02   1.2097148e-01   2.3480682e-02  -7.0996997e-03  -6.7522210e-04  -2.2689559e-03
   6.8154637e-02   1.1110609e-01   6.8767855e-03  -6.8439710e-03  -8.7583441e-04  -2.0824042e-03
   7.5910129e-02   1.3139579e-01   1.7073379e-02  -6.9726642e-03  -8.3342186e-04  -1.8713725e-03
   6.0848296e-02   8.3457198e-02   5.1887057e-02  -7.0146029e-03  -5.2451214e-04  -1.5114380e-03
   6.6152772e-02   7.1226294e-02   5.3131236e-02  -7.2761350e-03  -3.5268291e-04  -1.3031851e-03
   6.3438006e-02   9.9288756e-02   6.6011643e-02  -6.8600693e-03  -3.1748392e-04  -1.6899315e-03
   7.9256997e-02   6.6788163e-02   4.1918405e-02  -6.4188745e-03  -6.1271475e-04  -1.8161517e-03
   9.1397922e-02   1.2074501e-01   4.7402698e-02  -7.0429426e-03  -1.2258732e-03  -1.9560577e-03
   8.2950078e-02   8.7344125e-02  -4.1136523e-02  -5.5316383e-03  -8.3393782e-04  -1.8624348e-03
   8.6597368e-02   1.1569434e-01   7.8143601e-02  -5.4526827e-03  -7.8485589e-04  -2.2542551e-03
   7.5002161e-02   1.1892631e-01   7.8088570e-02  -5.3307406e-03  -4.7710700e-04  -2.0606544e-03
   7.0612015e-02   6.4852450e-02   6.3926722e-02  -6.0563961e-03  -1.3895715e-04  -1.1705287e-03
   7.2915848e-02   9.2057392e-02   3.1280833e-02  -3.6072892e-03  -1.1019294e-03  -1.0920041e-03
   5.2938137e-02   4.2640823e-02  -1.5820246e-02  -1.8511261e-03  -8.5295700e-04  -1.0856270e-03
   4.3696340e-02   9.4639649e-02   6.6771191e-03  -1.0566357e-03  -1.5447426e-03  -1.6532755e-03
   2.7481271e-02   5.8809505e-02  -2.4200780e-02  -4.7818195e-04  -1.7228822e-03  -1.7830889e-03
   1.4950176e-02   5.7085789e-02   2.5126245e-03  -7.7723289e-04  -1.5508185e-03  -1.7315230e-03
   1.5448124e-02   6.2585497e-02   3.3908347e-01  -2.2740028e-03  -1.8274293e-03  -2.3527457e-03
   4.3689206e-02  -5.9754301e-03   2.1181780e-01  -2.3181673e-03  -2.0604360e-03  -2.8934716e-03
   4.1600848e-02   7.6051475e-02   1.4229710e-01  -2.4617135e-03  -2.0312243e-03  -2.7402868e-03
   3.2314496e-02   3.9437218e-02   5.2727331e-02  -2.8930505e-03  -1.4610117e-03  -2.5444616e-03
   2.7893413e-02   7.1067709e-02   1.2619648e-01  -2.4202805e-03  -1.3091764e-03  -2.5214791e-03
   2.7338620e-02   6.7479891e-02   8.1175070e-02  -3.0476597e-03  -1.3729148e-03  -2.5751833e-03
   2.3975655e-02   6.6038022e-02   1.0520200e-01  -2.9240618e-03  -1.2578083e-03  -2.6736933e-03
   2.5268888e-02   5.9425966e-02   1.3267273e-01  -2.7716731e-03  -1.1431245e-03  -2.5437946e-03
   4.1762042e-02   3.2314412e-02   9.8245142e-02  -3.1039854e-03  -1.4817186e-03  -2.8243129e-03
   3.0614616e-02   4.5373796e-02   1.0804653e-01  -2.9663877e-03  -1.5806756e-03  -2.7255953e-03
   2.6036221e-02   4.3789744e-02   1.0759027e-01  -3.0253345e-03  -1.1289899e-03  -2.5091270e-03
   3.1265824e-02   3.7524711e-02   8.4458095e-02  -2.8814722e-03  -1.0061665e-03  -2.8165316e-03
   2.8440619e-02   7.6236088e-02   1.0261843e-01  -3.8186473e-03  -1.1707205e-03  -2.6657363e-03
   2.1268646e-02   6.2902455e-02   7.1928128e-02  -3.5570121e-03  -6.7005031e-04  -2.6409073e-03
   2.6171220e-02   5.2518317e-02   3.3643351e-02  -2.8379080e-03  -9.3019221e-04  -2.7696998e-03
   3.2411507e-02   9.2044191e-02   1.0449966e-01  -4.7987581e-03  -9.6005762e-04  -2.6400584e-03
   1.9409461e-02   7.2590277e-03   4.3061525e-02  -3.1830704e-03  -4.4569533e-04  -2.4194768e-03
   2.3262086e-02   9.6789003e-02   6.1545833e-02  -4.1361389e-03  -6.1165230e-04  -2.7461771e-03
   1.4085398e-02   5.0037298e-02   1.3241197e-02  -3.8441806e-03  -4.8591950e-04  -2.6683117e-03
   1.1619161e-02   9.1113615e-02   6.0513735e-02  -3.7547606e-03  -3.4902037e-04  -2.5507545e-03
   1.2638438e-02   6.2484522e-02   2.5285638e-02  -3.6520497e-03  -2.7637384e-04  -2.5093344e-03
   4.8570712e-04   7.1482346e-02   1.8599345e-02  -3.8918106e-03  -1.3704248e-04  -2.3414617e-03
  -1.6186974e-03   5.7492040e-02   1.6869568e-02  -4.2600005e-03   1.1641979e-04  -2.3928636e-03
   3.1329934e-03   4.9089020e-02   1.7102747e-02  -3.5602915e-03   4.5765348e-05  -2.5489956e-03
   1.0905974e-02   1.1279177e-01   1.1473820e-01  -5.5272796e-03  -1.3829158e-04  -2.7846786e-03
   5.6573841e-03   4.2329542e-02  -1.4462755e-02  -4.4768782e-03   9.1068075e-05  -2.8598993e-03
  -1.2004091e-02   1.0985866e-01   7.9871135e-03  -4.3210937e-03   4.6915424e-04  -2.4431433e-03
  -3.2576115e-02   5.1657344e-02  -6.3597356e-02  -3.8410147e-03   6.7064476e-04  -2.0460245e-03
  -1.1335430e-02   6.5878855e-02   1.1493088e-02  -3.2566647e-03   3.0439274e-04  -2.2244014e-03
  -3.3736751e-03   7.7723713e-02   2.8810858e-02  -3.7749081e-03   3.9309494e-04  -2.3417347e-03
   1.8548905e-03   5.4955021e-02  -1.6607425e-01  -4.2104269e-03   2.0190727e-04  -1.7512645e-03
  -1.0637226e-02   9.7825713e-03  -3.0782649e-01  -1.7703426e-03   8.7960096e-04  -1.8775695e-03
  -3.8005574e-03   7.6814074e-02  -2.6103981e-01  -1.8744046e-03   4.0177983e-04  -1.7370010e-03
  -2.5776293e-03   1.2825168e-01  -2.0540878e-02  -5.3625868e-03  -1.2902515e-04  -2.2267320e-03
   1.9008813e-02   9.2093813e-02   8.9361248e-02  -4.7530521e-03  -1.0798559e-04  -2.2814254e-03
   3.3614441e-02   1.5722157e-02  -5.0321849e-02  -2.1548000e-03   6.7454992e-06  -1.8700655e-03
   1.9599577e-02   8.3263064e-02  -1.4918103e-01  -1.7574523e-03   6.7728486e-04  -2.1951940e-03
   2.6679050e-02   6.8417515e-02  -1.3572803e-01  -8.2624544e-04   1.8806084e-04  -2.3605297e-03
   1.8798113e-02   6.4026440e-02  -1.3448746e-01  -8.5548028e-04   2.6109955e-04  -2.1768531e-03
   1.4753781e-02   7.8282208e-02  -3.4451839e-02  -1.9576472e-03   3.0102692e-04  -2.3051820e-03
   2.2297616e-02   2.7841324e-02  -1.0988583e-01  -1.0187587e-03  -1.6714538e-04  -2.9291574e-03
   3.1328269e-02   5.9276748e-02  -1.1999578e-01  -1.1612258e-03  -5.3284893e-04  -2.9664482e-03
   2.6177582e-02   5.0527300e-02  -1.6614452e-01  -1.2480189e-03  -3.2703599e-04  -3.1293684e-03
   1.0797453e-02   9.5018577e-02  -1.4832856e-01  -1.8496645e-03  -4.0252252e-05  -3.2710235e-03
   1.7720762e-02   3.0632637e-02  -2.1773993e-01  -2.3434282e-03  -6.2516091e-05  -2.9887558e-03
   5.1625189e-03   8.3646622e-02  -2.2035914e-01   4.5722845e-04  -2.8667256e-04  -3.1479029e-03
   1.0118090e-02   4.9241142e-02  -2.8976505e-01   1.1515002e-04  -9.5933520e-05  -2.5999121e-03
   1.7508494e-02   5.8804876e-02  -2.5566645e-01   1.3267347e-03  -1.0883246e-04  -2.4572174e-03
   2.5215431e-02   6.7027377e-02  -1.8810976e-01   5.9217019e-04  -1.9908786e-04  -2.5877612e-03
   3.3453049e-02   4.9220230e-02  -2.2056856e-01   6.0459092e-04  -3.7818485e-04  -2.7076716e-03
   3.0956594e-02   9.9457293e-02  -1.7774218e-01  -2.4935417e-04  -3.8329828e-04  -2.3924978e-03
   2.3848866e-02   8.9869228e-02  -2.8347687e-01   6.0456563e-04  -2.5919916e-04  -2.3681999e-03
   2.5719231e-02   1.3288096e-01  -2.1221312e-01  -4.8570037e-04  -5.8111223e-04  -2.1932285e-03
   2.1019442e-02   8.4605144e-02  -2.1950409e-01  -9.3177536e-04  -1.0063119e-04  -2.4362064e-03
   2.7041083e-02   9.8744787e-02  -1.8123066e-01  -3.8366373e-04  -3.3127274e-04  -2.6560200e-03
   1.6823068e-02   7.7269388e-02  -2.7451652e-01   1.6667463e-03  -4.2694451e-04  -2.5180700e-03
   1.3485264e-02   1.1506685e-01  -2.1244844e-01   7.2774773e-04  -3.6299309e-04  -2.6193538e-03
   1.8007896e-03   6.5078502e-02  -2.2216714e-01   6.4124701e-04  -3.7928664e-05  -2.6797432e-03
   8.4755274e-03   4.3420877e-02  -1.9506266e-01   6.4929256e-04  -5.1255002e-04  -2.6043880e-03
   1.5319691e-02   8.0821998e-02  -1.7840762e-01  -6.4368575e-04  -4.2113083e-04  -2.6045827e-03
   2.1132332e-02   1.7862995e-02  -2.5865282e-01   2.8541113e-06  -1.0496185e-04  -2.8187363e-03
   3.2134878e-02   6.7717205e-02  -1.6441891e-01  -1.0097167e-03  -1.6054464e-04  -2.6682504e-03
   3.0356888e-02   4.8464827e-02  -2.2079409e-01  -4.4689445e-04  -1.1842234e-06  -2.9211980e-03
   4.3800541e-02   6.9358374e-02  -1.4031855e-01  -5.7452914e-04  -4.3768302e-04  -2.9679097e-03
   3.7378325e-02   6.7936914e-02  -1.4158778e-01  -6.1628977e-04  -3.4002937e-04  -3.0842554e-03
   3.6440968e-02   5.9421706e-02  -2.0264874e-01  -3.5707097e-04  -6.2369089e-04  -3.4515279e-03
   3.0769138e-02   1.1797768e-01  -1.6470643e-01  -1.7457791e-03  -5.8413229e-04  -3.2996714e-03
   2.9834447e-02   7.4276100e-02  -2.1804037e-01  -3.4668555e-05  -5.0591105e-04  -3.3101357e-03
   2.8835781e-02   8.6425544e-02  -1.6822374e-01  -8.7740140e-04  -3.7746596e-04  -3.0040355e-03
   2.2245460e-02   7.0243683e-02  -1.4628490e-01  -7.2168197e-04  -1.8101801e-04  -3.2085395e-03
   1.9307476e-02   4.1153012e-02  -3.0251883e-01  -8.9113205e-04  -1.4033613e-04  -2.9990809e-03
   1.1608282e-02   7.9076552e-02  -2.3717920e-01  -1.1952381e-03  -1.5717806e-04  -2.7791436e-03
  -5.3537195e-03   8.4712529e-02  -1.3211952e-01  -1.4367269e-03   2.0918984e-04  -2.4815424e-03
   1.2082988e-03   8.7919271e-02  -1.4063446e-01  -1.4348134e-04  -5.8715052e-05  -2.5450938e-03
   3.4061002e-03   9.7949078e-02  -7.9777396e-02  -6.4536669e-04  -1.2833355e-04  -2.5271830e-03
   1.5403812e-03   7.9238843e-02  -1.4286985e-01  -1.9848498e-03  -5.3102271e-06  -2.6284229e-03
   1.1682549e-02   9.9298480e-02  -1.8098305e-01  -1.9705860e-03  -3.0737423e-05  -2.6013311e-03
   6.9410108e-03   1.0451502e-01  -1.0673240e-01  -2.2293349e-03   2.1282957e-04  -2.3613830e-03
  -2.7002353e-03   9.4053076e-02  -2.0738674e-01  -2.1333719e-03   2.7253633e-04  -2.2930525e-03
  -1.0172451e-03   9.3953956e-02  -1.5944688e-01  -1.2796916e-03   1.8880344e-04  -2.3813095e-03
  -1.5960217e-02   8.7140999e-02  -2.3513094e-01  -9.3904334e-04   2.2180198e-04  -2.1916688e-03
  -3.5192288e-03   4.4848867e-02  -2.8753266e-01  -2.7291509e-04   1.9362131e-04  -2.0889130e-03
   7.1816561e-03   1.2111795e-01  -2.2496856e-01  -1.4632773e-03  -2.1697675e-05  -2.0468394e-03
   8.6751822e-03   7.3705412e-02  -3.0737370e-01  -1.7349122e-03  -1.4491343e-04  -2.2495089e-03
   1.4484146e-02   1.1009627e-01  -2.0551422e-01  -2.6776884e-03  -4.1050414e-04  -2.0827863e-03
  -4.1345912e-03   9.3046874e-02  -2.9541612e-01  -2.2345709e-03   2.8345822e-05  -2.0284128e-03
  -4.4366740e-03   9.3746861e-02  -2.6530337e-01  -2.6855365e-03   2.7658632e-04  -1.9080778e-03
  -1.4044466e-03   1.0202854e-01  -1.6384838e-01  -2.8596210e-03   4.8142525e-04  -2.0836439e-03
  -1.1556983e-02   7.4937992e-02  -2.2635070e-01  -2.0662615e-03   3.2583550e-04  -2.0820713e-03
  -1.3580264e-02   9.4998825e-02  -2.6428652e-01  -1.5259712e-03   3.4453866e-04  -2.4714839e-03
  -6.5790288e-03   1.3683004e-01  -1.9403485e-01  -2.1746818e-03  -2.6629111e-05  -2.5090981e-03
  -1.5571722e-02   9.1452191e-02  -2.6867558e-01  -1.8948295e-03   1.1326560e-04  -2.2392921e-03
   6.3240411e-03   1.2319790e-01  -1.9564659e-01  -2.3890159e-03  -3.3860840e-04  -2.5239956e-03
   3.4913686e-04   1.1704504e-01  -2.4183542e-01  -1.8091860e-03  -2.0665085e-05  -2.5284074e-03
   2.2853176e-03   1.0788683e-01  -2.1709873e-01  -1.5698262e-03  -1.6805223e-04  -2.4699364e-03
  -5.8325685e-03   1.4280147e-01  -1.7599968e-01  -1.6841602e-03  -1.6566885e-04  -2.3586890e-03
  -1.0567207e-02   1.0246431e-01  -2.0197018e-01  -1.0911330e-03  -3.2722621e-04  -2.3910241e-03
  -1.0899833e-02   1.2883855e-01  -1.3237943e-01  -1.1168961e-03  -4.8852957e-04  -2.4684483e-03
  -1.6701997e-02   8.5309446e-02  -1.8428505e-01  -6.5719093e-04  -4.5783201e-04  -2.5257683e-03
  -4.2056142e-03   1.3961690e-01  -1.2056080e-01  -1.6467012e-03  -7.7881160e-04  -2.5129387e-03
  -1.8149266e-02   1.1517107e-01  -6.3490583e-02  -1.5191342e-03  -1.0858731e-03  -3.3608479e-03
