   0.0000000e+00   0.0000000e+00   0.0000000e+00   0.0000000e+00   0.0000000e+00   0.0000000e+00
  -2.9434693e-03  -2.0420216e-02  -5.6577409e-02   1.8220758e-03   1.9678717e-04  -2.8498596e-04
   8.6885630e-05   2.7470237e-03   3.4367985e-02   8.9132642e-04  -8.5918923e-04   4.4261797e-04
  -1.3294514e-02   3.3081961e-02   3.9573620e-02   4.3509964e-04  -1.2931811e-03   2.1606909e-03
  -9.4670029e-04  -5.4366853e-02  -7.3131357e-02   2.9178647e-03  -6.4490931e-04   1.5447466e-03
  -3.4686844e-03  -1.9252681e-02  -5.2692956e-02   1.8699352e-03  -2.5428285e-04   1.4463077e-03
  -1.5567634e-03  -3.5033666e-02  -7.7546091e-02   2.5262245e-03  -3.0372820e-04   1.2561010e-03
  -1.4161915e-02  -3.0995684e-02  -1.6688515e-02   2.8305595e-03  -7.2927320e-04   1.1865241e-03
  -7.5574276e-03  -6.1156214e-03   4.9310086e-02   1.3119745e-03  -1.9611525e-03   1.3754915e-03
   1.2783502e-03  -6.7755135e-03   5.2212746e-02   1.1045868e-04  -1.7622973e-03   1.2826396e-03
   7.0072556e-03  -1.4643573e-02  -6.2282604e-02   1.0690145e-03  -1.7096277e-03   1.4345758e-03
   1.4295882e-03   3.6446175e-02  -2.5833446e-02  -3.4265519e-05  -2.0061544e-03   2.0241023e-03
   3.6340533e-03  -4.2284946e-02  -7.0555604e-02   6.1668239e-04  -1.7404585e-03   1.6190127e-03
   4.4760922e-03  -1.8756024e-02  -6.6638163e-02   7.9906461e-04  -2.0775127e-03   1.4681181e-03
   5.9827041e-03  -1.4339077e-03  -8.9898302e-03  -3.3957962e-04  -1.6822443e-03   1.2927170e-03
  -1.1270019e-02  -2.4935444e-02  -5.5499017e-02   7.7598125e-04  -1.6339810e-03   8.6683414e-04
   7.6059761e-03   2.6364643e-03  -5.6666323e-02   4.2836705e-04  -1.6481857e-03   1.2371212e-03
   8.1873589e-03  -2.3186436e-02  -4.2017964e-02   1.0002482e-03  -1.4399518e-03   1.0639101e-03
   1.6453797e-02  -3.8416775e-02  -5.8845505e-02   1.4744964e-03  -1.3186563e-03   8.3007848e-04
   1.3082233e-02  -4.9248351e-02  -1.0357994e-02   3.9286195e-03  -6.3972654e-04   9.2730650e-04
   7.3970095e-03  -1.1577242e-01  -5.6656456e-02   6.1199972e-03   4.4229764e-04   3.7131125e-04
   1.2135761e-02  -5.9585695e-02  -5.0968580e-02   5.3620744e-03   4.6934492e-04   2.0991255e-04
   8.5158926e-03  -4.9804356e-02  -1.9473501e-02   4.7927389e-03   9.9981761e-04   1.0347598e-05
  -8.8236685e-03  -5.8264031e-02  -5.6506193e-02   4.6271958e-03   8.8209996e-04  -1.5650173e-04
  -1.5373251e-02  -1.3133009e-02  -4.8311391e-03   3.0727039e-03   8.2989042e-04   1.6687857e-04
  -5.1583358e-03  -4.0418789e-02  -3.1468922e-01   4.8152708e-03   8.8109152e-04   4.1676154e-04
  -8.4976946e-04  -9.8711891e-02  -2.9560485e-01   5.7058479e-03   9.8483903e-04   1.5865348e-04
  -5.3932275e-03  -5.3975740e-02  -2.6296054e-01   5.3093913e-03   1.2328450e-03   3.9891810e-04
  -1.0412273e-03  -5.8953756e-02  -2.0694723e-01   6.9114119e-03   8.3759306e-04   2.9716736e-04
   4.2628317e-03  -8.9086339e-02  -4.1017311e-01   8.5010687e-03   1.2437010e-03   5.6791536e-04
  -8.0586410e-04  -5.4687580e-02  -3.8255754e-01   7.6264925e-03   1.5926541e-03   6.0611663e-04
  -9.5063631e-03  -8.5260046e-02  -2.9518763e-01   8.8054385e-03   1.6148286e-03   3.0244413e-04
   3.0953588e-03  -6.0765976e-02  -1.6323251e-01   5.2942629e-03   1.2600127e-03   3.3470181e-04
   5.0097209e-03  -5.4935483e-02  -2.8919756e-01   6.4010599e-03   1.4632167e-03   2.1706346e-04
   8.8785837e-03  -8.8646992e-02  -3.1611934e-01   7.5019824e-03   1.7466261e-03   3.0342923e-04
   6.1876003e-03  -1.8020330e-03  -1.3327859e-01   6.1806494e-03   1.7794389e-03   3.5030318e-04
  -1.4729794e-02  -1.7306582e-02  -8.1458849e-02   5.7974837e-03   1.8549192e-03   5.2438894e-04
  -3.0565659e-03  -3.7710471e-02  -9.1647153e-02   6.1939611e-03   1.7830932e-03   3.8151066e-04
  -2.2690362e-02  -4.0778015e-02  -4.5464776e-01   5.2001861e-03   2.2622768e-03   7.6927805e-04
  -2.8756499e-03   3.4169843e-02  -1.5675821e-01   4.2146866e-03   9.9638107e-04   4.3839170e-04
  -4.2350408e-03  -2.0746867e-02  -1.1358973e-01   4.6443662e-03   1.1568945e-03   4.8767932e-04
  -6.4929197e-03  -2.3117150e-02  -1.0051241e-01   5.1286529e-03   1.0773078e-03   5.4469135e-04
  -3.3458092e-03  -6.2025083e-02  -6.0358793e-02   6.0047073e-03   1.6372991e-03   1.1166175e-04
   2.6732351e-03  -7.7935358e-02  -5.1652126e-02   5.8221508e-03   1.4326332e-03  -1.2325462e-04
   1.6917613e-03  -7.6971823e-02  -2.7987669e-02   6.2061029e-03   1.6195952e-03  -5.9343838e-05
   7.5596963e-03  -1.0130447e-01  -6.6865621e-02   7.4771251e-03   1.7929692e-03  -1.7167641e-04
   9.3642992e-03  -6.1918373e-02  -9.7268523e-03   6.6256140e-03   1.5763893e-03  -3.4662726e-04
   7.2354807e-03  -7.9161510e-02  -1.0261027e-01   6.8322515e-03   1.4418469e-03  -2.7401686e-04
  -3.7868909e-03  -5.9629540e-02  -4.8407286e-02   5.5867665e-03   1.7800051e-03   1.0125583e-04
  -5.4871204e-04  -6.8973930e-02  -9.0632828e-02   6.5537234e-03   1.8624926e-03  -2.2335607e-04
  -2.4318042e-03  -6.3536500e-02  -1.2065922e-01   6.5599962e-03   1.7052642e-03   3.7570529e-05
  -7.6893417e-03  -4.0627243e-02  -5.0963077e-02   6.4618419e-03   1.8548912e-03   6.9226262e-05
  -5.8910302e-03  -6.5369063e-02  -5.4788450e-02   7.2213318e-03   1.8712801e-03  -8.5665987e-05
  -3.6350768e-03  -5.3789489e-02  -3.3887635e-02   6.9278344e-03   2.0609376e-03  -2.7902961e-04
  -3.8602350e-03  -6.4366640e-02  -2.9035479e-03   6.2021722e-03   2.2838726e-03  -2.6415407e-04
   4.4582088e-03  -7.2476513e-02  -6.0258685e-02   7.4802637e-03   1.7506508e-03  -3.6139650e-04
  -1.9752645e-03  -3.8193118e-02  -5.6349306e-02   6.3913904e-03   1.6693470e-03  -2.0654329e-04
  -1.3723444e-02  -2.6836981e-02  -6.9570099e-02   5.3826474e-03   1.8869970e-03  -5.1471573e-04
  -1.8471728e-02  -5.9955668e-02  -5.0525532e-01   5.5591422e-03   2.3835259e-03  -1.5518299e-04
   5.7548684e-03   2.7105051e-03  -2.4285561e-01   6.7026731e-03   1.1138919e-03   4.1072979e-04
   2.2500107e-03  -3.6726199e-02  -1.0517968e-02   5.6967017e-03   2.1174215e-03   4.0231420e-04
   9.2912771e-03  -8.6160372e-02  -3.9016739e-02   5.5121970e-03   2.1521519e-03   1.9975708e-04
   3.6094731e-03  -5.2844566e-02   4.1925480e-02   4.1746300e-03   2.3527369e-03   8.8375527e-05
  -1.7274149e-03  -9.1601234e-02  -6.8923291e-02   4.6282335e-03   2.7709025e-03  -1.0807088e-04
  -8.2742374e-03  -7.7888844e-02  -2.9990331e-01   3.4034567e-03   3.0979406e-03   3.3057460e-04
  -2.4155433e-03  -6.2207558e-02  -2.7634356e-01   3.6910013e-03   3.1664684e-03   2.1614745e-04
  -3.4371881e-03  -1.2377052e-02  -1.2763623e-01   3.2980331e-03   2.9365764e-03  -2.0851795e-04
  -9.2709679e-03   1.6210996e-02   1.9458765e-02   3.0615434e-03   3.0183130e-03  -2.4043594e-04
  -5.0178906e-03  -7.2085715e-02  -1.4264483e-02   5.6182856e-03   3.1596222e-03  -4.2892178e-04
  -8.1066423e-03   1.3998691e-02   3.9616419e-02   3.0746606e-03   3.1579962e-03  -6.9782158e-05
  -1.9937111e-03  -7.0571076e-02  -5.7934790e-02   4.8550055e-03   3.4021169e-03  -4.7300292e-04
   7.8581227e-03  -1.0771504e-02  -1.6604390e-02   3.0131833e-03   3.4324853e-03  -8.3902556e-05
  -3.7273028e-03   6.8341666e-03  -6.6535210e-02   3.6739651e-03   2.5506250e-03  -7.6901723e-05
  -1.1584002e-02   3.5328298e-03  -1.1466698e-01   5.2281672e-03   2.1806176e-03  -5.0294709e-04
  -2.4902505e-02   3.3509545e-03  -4.7286595e-02   4.5547110e-03   2.2521171e-03  -8.2426920e-04
  -3.3802137e-02  -1.3073119e-02  -9.5827328e-02   4.5914792e-03   2.2401049e-03  -1.4142754e-03
  -4.1251671e-02  -3.3718095e-03  -4.7196771e-02   5.1724335e-03   1.7115481e-03  -1.5680578e-03
  -3.5798992e-02  -3.6160414e-02   1.2306042e-02   3.6716657e-03   1.6353848e-03  -1.5599372e-03
  -2.6072024e-02  -4.5893704e-02  -6.0480819e-02   2.7761432e-03   1.5393177e-03  -1.4387787e-03
  -3.2051036e-02  -9.5763159e-03   1.2686990e-01   1.6424554e-04   1.4365814e-03  -1.6054197e-03
  -2.0150524e-02  -2.2010034e-02   1.6636591e-01   4.7521421e-04   1.3681480e-03  -1.2514801e-03
  -2.1187192e-02  -3.9090210e-02   1.3106434e-01   1.1593287e-03   1.0294386e-03  -1.0818032e-03
  -1.3516418e-02  -3.8362104e-02   1.4309575e-01   7.9104751e-04   9.6542307e-04  -1.1293561e-03
  -1.7140623e-02  -5.0245912e-02   1.4674044e-01   1.1312601e-03   1.2668791e-03  -1.4152319e-03
  -1.3016181e-02  -3.3902511e-02   9.9906319e-02   1.6296845e-03   1.1686921e-03  -1.5037607e-03
  -3.7243525e-03   1.2319176e-02   3.3053553e-01  -9.0444773e-04   8.8721301e-04  -1.5978187e-03
   2.0235444e-02  -9.9846400e-03   5.2751255e-01  -3.0718133e-03   3.4478388e-04  -6.8818924e-04
  -1.8317222e-02  -6.2092645e-02   4.3817541e-01  -2.9144511e-03   3.4413354e-04   4.6213104e-04
  -1.3442197e-02  -1.7245280e-02  -6.5714666e-02  -4.4816162e-03   1.0477812e-03   2.5331685e-04
  -1.7486128e-02  -7.3601176e-02  -1.5728808e-01   3.7168330e-03  -2.2419767e-04   1.7816214e-03
  -1.9418088e-02  -9.1795491e-02  -8.3959715e-02   5.4944454e-03  -9.0175102e-04   1.1474226e-03
  -2.0054813e-02   5.4680939e-03  -6.4278025e-02   2.8886082e-03  -1.2916886e-03   3.6941345e-04
  -2.7785305e-02  -6.1471315e-03   1.1817616e-02   5.9554176e-04  -9.8972221e-04   2.3617166e-04
  -5.1234640e-02  -6.1198522e-02  -6.6311771e-02   1.6021315e-03  -5.2032412e-04   3.1418741e-04
  -6.9412226e-02  -3.6482879e-02  -1.1595752e-01   2.7461626e-03   2.7713187e-04   2.1802975e-04
  -5.6150640e-02  -2.1159766e-02  -9.0679713e-03   1.3754098e-03   1.1341161e-04   6.1290107e-04
  -4.5920780e-02  -3.4531358e-02  -7.4619239e-03   1.2963337e-03  -6.5163864e-05   3.3645250e-04
  -3.5365157e-02   7.2474949e-03  -4.6047429e-02   1.0177384e-03  -3.3439002e-04   7.0477021e-04
  -4.3756009e-02   1.6960665e-02  -3.1896092e-02  -4.7731836e-04  -7.4513884e-05   6.9145041e-04
  -4.8535611e-02   1.8006869e-03  -8.2982861e-02  -2.0341129e-03   4.9059601e-04   1.3221501e-04
  -7.0602364e-02   5.8143048e-03  -4.3885144e-01  -5.0692761e-04   1.2388305e-03   3.8992626e-04
  -7.0593883e-02   5.1058995e-02  -1.1972723e-01  -6.9355830e-04   7.4610300e-04   4.1322910e-04
  -6.0910362e-02   6.6663212e-02   1.0771863e-02  -1.4952364e-03  -7.5556952e-06   1.3842736e-04
  -6.8415884e-02   4.9185933e-02   1.0821726e-01  -6.3902450e-04  -5.2788281e-04   5.4264546e-06
  -5.9879953e-02   3.5300011e-03   1.0134624e-01  -2.5682653e-05  -6.1604830e-04  -1.0530439e-04
  -6.0284770e-02   1.5583969e-02   1.0413871e-01   1.3704982e-03  -4.7029755e-04  -2.3025844e-04
  -6.1964346e-02   2.5735757e-02   9.0623601e-02   1.3977147e-03  -8.0714768e-04  -5.3054906e-04
  -6.3572787e-02   1.1192885e-02   4.2066544e-02   2.8127138e-03  -9.2012821e-04  -2.4464128e-04
  -6.5716084e-02   8.5443297e-02   1.1757263e-01   6.2990553e-03  -1.3791588e-03   2.0225306e-04
  -7.3129903e-02   1.8996774e-02   4.3341502e-02   8.1968605e-03  -1.2470051e-03   3.2829848e-04
  -7.0839443e-02   1.0287993e-01   1.2724685e-01   1.9336062e-03  -3.8113365e-04  -2.3709284e-04
  -6.1209309e-02   4.8443164e-02   1.1028474e-01  -1.1557636e-03  -8.5279454e-04  -4.3469643e-04
  -5.5276537e-02   2.5849799e-02   7.1921809e-02  -4.6368399e-04  -1.2782097e-03  -3.5808629e-04
  -5.7983042e-02   3.8145678e-02   1.6442863e-01  -9.1374175e-04  -1.3308015e-03  -3.8775594e-04
  -5.7332099e-02   6.3320563e-02   4.0729718e-01  -2.8594665e-03  -1.9229847e-03   3.4859909e-04
  -5.7482167e-02  -3.4684059e-02   4.2453191e-01  -3.0527135e-03  -1.8081052e-03  -2.2943668e-04
  -6.7730567e-02   1.4641306e-02   5.2735357e-01  -4.3488229e-03  -1.7203851e-03  -3.4119833e-04
  -6.6546835e-02  -4.5040452e-02   4.1081207e-01  -3.0910530e-03  -1.5674729e-03  -1.7208847e-04
  -7.7320109e-02  -3.7725126e-02   3.7164989e-01  -2.8796348e-03  -1.3706133e-03   1.0818889e-04
  -7.2428418e-02  -2.3019604e-03   3.9814303e-01  -2.7979210e-03  -1.4424497e-03   1.6442838e-04
  -6.3505635e-02   1.6309712e-02   3.5744676e-01  -1.9936058e-03  -1.4580122e-03  -3.5686876e-05
  -6.6317079e-02   6.4630637e-04   2.6750974e-01  -1.8338075e-03  -9.7122940e-04   1.2726118e-04
  -6.1090616e-02   1.5414419e-02   3.6352756e-01  -2.5313259e-03  -1.3794347e-03  -1.5216017e-04
  -6.2599101e-02   3.7864864e-02   4.2742009e-01  -4.5589445e-03  -1.4606535e-03   6.1090385e-05
  -7.6143081e-02   5.8017647e-03   3.9305756e-01  -2.9387092e-03  -1.6079578e-03   1.1640493e-04
  -5.6690786e-02   5.1662193e-03   3.9509379e-01  -3.8219615e-03  -1.0353049e-03  -6.7415603e-04
  -3.4177243e-02  -1.7656638e-02   4.2154165e-01  -2.0525521e-03  -2.1235584e-03  -5.4304302e-04
  -5.4089776e-02   1.7408946e-02   3.7617263e-01  -1.4644765e-03  -2.1346252e-03  -3.0949713e-04
  -7.5331046e-02   3.5827267e-02   3.8129661e-01  -2.4819429e-03  -2.2176246e-03   1.3469855e-05
  -8.3580109e-02   2.1722343e-02   4.2174615e-01  -4.4593452e-03  -1.8322498e-03   2.5642135e-06
  -7.4133929e-02   1.5770545e-02   4.7049740e-01  -3.3568714e-03  -2.0763322e-03  -1.0628129e-04
  -7.1481945e-02   1.4824959e-02   3.4742969e-01  -2.9890105e-03  -1.7902959e-03  -3.8676343e-05
  -6.0957643e-02  -3.3101670e-02   3.4853949e-01  -2.7701390e-03  -1.6737575e-03   1.3364455e-04
  -4.9750459e-02   5.2366188e-02   3.9066466e-01  -4.2657232e-03  -2.0764481e-03   2.6902440e-04
  -5.3028430e-02  -7.4178875e-03   3.3033266e-01  -3.5472432e-03  -1.7556982e-03   3.6840794e-04
  -4.8557721e-02   3.0052857e-02   3.0869038e-01  -4.4537819e-03  -1.9083535e-03   2.0450142e-04
  -6.0006443e-02   8.1202223e-02   3.7756965e-01  -5.6034493e-03  -1.5108247e-03   3.5675096e-05
  -8.2294293e-02   2.1992606e-02   3.2714330e-01  -5.2416729e-03  -8.0775691e-04   1.7449584e-04
  -5.2763269e-02   2.7078569e-02   4.6655602e-01  -4.8659327e-03  -1.5641482e-03   1.2360678e-04
  -4.1195384e-02   6.4882154e-02   5.9103979e-01  -6.3149867e-03  -1.4099299e-03   1.1367812e-04
  -3.3030278e-02   4.9266923e-04   4.9938427e-01  -6.3410388e-03  -5.7349888e-04   5.3178737e-04
  -2.8432339e-02  -5.7307840e-03   4.2187705e-01  -5.3604033e-03  -7.9219519e-04   6.9698900e-04
  -4.1404602e-02   2.6243225e-02   5.2138642e-01  -5.2181126e-03  -7.6385551e-04   3.4502608e-04
  -2.9711118e-02  -3.9942957e-02   4.4656272e-01  -3.6235877e-03  -1.3882488e-03   6.6646226e-05
  -4.3753900e-02   7.0679799e-03   4.7566431e-01  -4.6846565e-03  -1.5845936e-03  -4.3600282e-05
  -4.9441812e-02  -1.0277324e-02   3.8653670e-01  -4.8679367e-03  -1.7217247e-03   1.2785188e-04
  -6.1366168e-02   1.1623737e-03   4.5424211e-01  -5.5281273e-03  -1.4619878e-03  -1.7881737e-04
  -6.7210387e-02  -1.5701959e-02   3.8929282e-01  -4.6675605e-03  -1.3461568e-03  -3.1193043e-04
  -7.3945734e-02   4.0983352e-02   4.2512032e-01  -5.2570082e-03  -1.7392656e-03   7.7702310e-05
  -7.3981678e-02   4.8416887e-03   4.1413273e-01  -5.4960020e-03  -1.7071583e-03  -2.1169176e-04
  -5.5580085e-02   1.4155658e-04   2.8555257e-02  -4.6281933e-03  -1.8410857e-03   1.6251875e-05
  -5.8119981e-02   5.4363171e-02  -1.6439855e-02  -3.9573460e-03  -1.7087114e-03  -5.1050271e-04
  -5.7367019e-02   5.3059611e-02   2.8357745e-03  -2.9323472e-03  -1.5526180e-03  -4.5326193e-04
  -7.5561311e-02   7.7815665e-02   8.0156706e-02  -3.4638413e-03  -1.0496794e-03  -3.9581325e-04
  -5.9767973e-02   2.4056693e-02   3.3543050e-02  -2.3523905e-03  -1.5796503e-03  -4.7642386e-04
  -3.6622253e-02   6.1682878e-02   7.1239532e-02  -3.5155612e-03  -1.5701303e-03   7.6984469e-04
  -5.0784943e-02   3.4480494e-02   8.5500131e-02  -4.2315240e-03  -2.5373381e-03   8.3910757e-05
  -5.5115593e-02   6.2124295e-02   1.2109675e-02  -3.7646665e-03  -2.8134317e-03  -3.3673456e-04
  -5.9904357e-02   7.8741315e-02   9.0155494e-02  -5.1479646e-03  -1.6128952e-03  -1.3135885e-04
  -8.7958163e-02   8.1816077e-02   4.3924526e-01  -6.4653051e-03  -1.3668273e-03  -3.9735276e-04
  -8.2621600e-02   4.4689283e-02   4.0870313e-01  -7.2062690e-03  -1.1318770e-03  -7.1298778e-04
  -7.2107451e-02   3.2104269e-02   5.0135979e-01  -7.2385079e-03  -1.0703095e-03  -6.2660356e-04
  -5.4749366e-02  -2.1119543e-03   4.2881700e-01  -6.5159872e-03  -1.4745788e-03  -8.4095149e-04
  -7.1055839e-02   2.7797314e-02   6.4023873e-01  -8.0225859e-03  -2.0984582e-03  -7.4631612e-04
  -3.3143505e-02   3.2357298e-02   4.1542780e-01  -1.1261128e-02  -1.5431173e-03  -1.4930696e-03
  -2.5842250e-02   3.4316909e-02   4.6935776e-01  -1.0345784e-02  -2.1046198e-03  -1.5458891e-03
  -1.9204110e-02   1.3194649e-02   4.8950584e-01  -9.9216537e-03  -2.2074038e-03  -1.7939500e-03
  -3.6117904e-02   1.7683536e-02   4.5841113e-01  -9.8635918e-03  -1.9026588e-03  -1.4003305e-03
  -6.1084947e-02   3.5633562e-02   5.3590661e-01  -1.1277365e-02  -1.2643576e-03  -1.2776369e-03
  -5.1034858e-02  -4.1434355e-03   4.6686793e-01  -8.9673341e-03  -1.8220414e-03  -1.3164024e-03
  -6.9154743e-02   3.9887599e-02   4.8456718e-01  -1.0830659e-02  -1.1030547e-03  -1.0488635e-03
  -7.2405506e-02   1.8104096e-02   4.7160891e-01  -1.0511859e-02  -4.6305490e-04  -1.1358042e-03
  -6.0447543e-02   2.0557834e-02   4.6799455e-01  -1.0573858e-02  -5.9026600e-04  -1.2944939e-03
  -6.7301039e-02   5.7033482e-02   4.8636017e-01  -1.0314736e-02   7.1701847e-05  -1.2564377e-03
  -6.2332262e-02  -4.4811006e-04   4.4592776e-01  -8.1862549e-03  -1.9399818e-04  -1.0907293e-03
  -5.4470427e-02   6.1451538e-02   5.1663198e-01  -9.1923236e-03  -1.1018538e-03  -1.7617667e-03
  -5.0860615e-02   1.6502294e-02   4.4537542e-01  -9.3559187e-03  -1.3880563e-03  -1.7172459e-03
  -5.7160412e-02   6.6531823e-02   5.9813021e-01  -1.1800620e-02  -1.2583521e-03  -1.1827992e-03
  -8.0633649e-02   2.6784798e-02   2.6960786e-01  -8.8263423e-03  -5.6436558e-04  -1.7463650e-03
  -6.4424567e-02   5.9360841e-02   3.9817231e-01  -1.0363395e-02  -1.0480904e-03  -1.3165376e-03
  -6.4462420e-02   6.8759995e-03   2.0036913e-01  -8.3510609e-03  -2.1154882e-04  -1.4623158e-03
  -3.5355247e-02   2.9407957e-02   2.0045553e-01  -8.1011170e-03  -7.1463878e-04  -1.4241418e-03
  -4.1209722e-02   3.8657505e-02   2.6454549e-01  -8.2766397e-03  -4.8475269e-04  -1.6198149e-03
  -3.8635640e-02   3.4773789e-02   2.3712226e-01  -8.2594695e-03  -3.4009717e-04  -1.7670213e-03
  -3.3747745e-02   4.5205364e-02   2.6396816e-01  -8.0498401e-03  -9.8961535e-04  -1.9258611e-03
  -4.7856442e-02   6.8786100e-02   2.7178551e-01  -9.3768532e-03  -1.0789395e-03  -1.7706441e-03
  -4.0121282e-02   4.6464800e-02   1.9898360e-01  -8.7360881e-03  -1.2893204e-03  -1.7248474e-03
  -4.3536676e-02   9.7565932e-02   2.4503031e-01  -9.7675323e-03  -1.1804461e-03  -1.9528664e-03
