   0.0000000e+00   0.0000000e+00   0.0000000e+00   0.0000000e+00   0.0000000e+00   0.0000000e+00
  -4.1261114e-02   8.0361380e-02   9.1193260e-02   3.4311802e-03  -2.0840594e-04  -1.2117729e-03
  -1.1964045e-01  -1.7403168e-02  -2.4780276e-01  -2.0133008e-03  -1.4702675e-03  -1.0857217e-03
  -1.1750098e-01   2.7645715e-02  -1.5827589e-01  -2.1352776e-03  -5.2537208e-04  -6.5774744e-04
  -7.8850161e-02   4.0882338e-02  -7.1095540e-02  -9.5325460e-04  -3.4415040e-04  -1.6387222e-04
  -5.5896446e-02   3.0645096e-02  -5.0841363e-02  -9.9057790e-04  -4.4563506e-04   2.3942785e-04
  -5.1618030e-02   5.8340475e-02  -4.6170898e-02  -1.4322989e-03   9.4156344e-05   4.7881245e-04
  -3.9789801e-02   8.6628846e-02  -3.9345355e-02  -6.8791724e-04  -2.9752690e-04   6.6973953e-04
  -2.2264845e-02   5.2346825e-02   4.9796063e-03  -1.5887212e-03  -2.3266318e-04   9.1303271e-04
  -1.8921788e-02   4.6666356e-02  -2.6238476e-03  -2.8545501e-03  -1.3214119e-04   1.2360786e-03
  -5.6710027e-03   4.6463397e-02   4.5701100e-03  -2.3587912e-03   1.5981364e-05   1.2695064e-03
   3.9416777e-02   5.0433664e-02   7.5713824e-02  -2.3205322e-03   2.5968818e-04   1.4336915e-03
  -7.2708859e-02  -8.3068154e-02  -9.8299692e-02  -4.8820025e-05   4.5400442e-04  -2.5039468e-04
  -1.5361299e-01  -4.6733851e-02  -1.9194871e-01   9.3473812e-04   2.1210001e-04  -1.9071926e-03
  -1.7936642e-01  -7.0169952e-02  -1.9913463e-01   1.3364906e-03  -1.2689506e-04  -1.9267351e-03
  -1.3478666e-01  -1.9144257e-02  -1.2731915e-01   8.0369991e-04   2.5687800e-04  -1.6994512e-03
  -1.5464654e-01  -2.3343157e-01  -2.3470895e-01   1.2194763e-02  -1.4066935e-03  -3.8341277e-03
  -1.7779475e-01  -9.1339184e-02  -2.6458083e-01   1.5425618e-02  -8.0029125e-04  -4.3265115e-03
  -2.0381194e-01  -1.9061039e-01  -2.6912047e-01   1.4184386e-02  -1.3026130e-04  -3.9970905e-03
  -2.1264793e-01  -1.6162791e-01  -2.5631179e-01   1.3858752e-02   9.8966058e-05  -4.1527153e-03
  -2.0497704e-01  -1.4625188e-01  -2.6841020e-01   1.3676145e-02  -6.6721886e-05  -4.2957330e-03
  -2.1061534e-01  -1.2764806e-01  -2.4014527e-01   1.3138094e-02  -4.0236640e-05  -4.2122086e-03
  -2.0779149e-01  -1.6602064e-01  -2.8982102e-01   1.2947380e-02   2.3025760e-04  -4.0468970e-03
  -1.9301246e-01  -1.3957097e-01  -2.5333015e-01   1.4048454e-02   2.4415923e-04  -4.0552662e-03
  -1.4330573e-01  -1.3128420e-01  -2.4025569e-01   1.2425751e-02   4.6883980e-04  -3.2057731e-03
  -1.3316730e-01  -1.4541430e-01  -1.7826867e-01   1.1678445e-02   7.9740545e-04  -3.1146200e-03
  -1.2611209e-01  -1.4027136e-01  -2.2671515e-01   1.1681417e-02   4.6046464e-04  -2.9662223e-03
  -1.0273457e-01  -9.1723029e-02  -1.7500684e-01   1.1607445e-02   4.2615516e-04  -2.9510017e-03
  -8.5963116e-02  -1.4603456e-01  -2.0635327e-01   1.1008293e-02   4.3213785e-04  -2.5477029e-03
  -8.5695220e-02  -7.7921458e-02  -1.5094029e-01   1.0530757e-02   7.6692285e-04  -2.6751466e-03
  -8.6834549e-02  -1.1841104e-01  -2.2410822e-01   1.0802423e-02   4.1105676e-04  -2.4591954e-03
  -9.7120451e-02  -8.1254687e-02  -1.8616449e-01   1.0950318e-02   1.0284154e-03  -2.6615988e-03
  -1.1304835e-01  -1.2473151e-02  -2.6888270e-01   5.0677001e-03  -5.9224549e-04  -1.8430504e-03
  -1.2555372e-01  -8.5437424e-02  -1.7551514e-01   1.2834055e-03  -3.4286025e-04  -9.3874767e-04
  -1.0912643e-01  -5.1157834e-02  -1.8838163e-01   1.2708840e-03   5.7004515e-05  -8.9183392e-04
  -1.2638333e-01  -3.9015573e-02  -1.7522719e-01   1.6033888e-03  -9.5044926e-05  -1.1448457e-03
  -1.2756279e-01  -3.5272749e-02  -2.3149663e-01   1.5223515e-03  -4.2319097e-04  -9.3752470e-04
  -1.2622963e-01   5.8220002e-03  -1.6717274e-01   9.3406336e-04   3.0117177e-04  -8.4913946e-04
  -1.0519671e-01  -1.5699596e-02  -2.0747798e-01   1.0953581e-03   9.5564082e-05  -5.4555113e-04
  -1.0111797e-01  -1.6006018e-02  -1.1085917e-01   9.7163271e-04   2.3491437e-04  -6.8544756e-04
  -8.7755409e-02  -4.1764878e-02  -1.4842126e-01   1.2647472e-03   4.4670325e-06  -6.0872014e-04
  -8.9293822e-02  -2.0457605e-02  -8.1177810e-02   7.4275636e-04   2.9961940e-04  -7.9935186e-04
  -7.8803685e-02  -1.8963397e-02  -1.3247552e-01   1.8835425e-04   2.4626927e-04  -4.7454610e-04
  -7.1928924e-02   5.3695430e-03  -2.6589986e-02   1.2876006e-04   2.2273537e-04  -6.6233077e-04
  -7.5574669e-02  -5.7076020e-02  -8.5874103e-02   1.1167680e-03  -2.6719429e-05  -7.0349124e-04
  -8.5478895e-02  -3.4967527e-03  -7.7749798e-02   2.5886365e-04   3.6882367e-04  -7.0808821e-04
  -7.6781331e-02  -2.9390700e-02  -6.0013187e-02   1.0657084e-03   8.3676418e-06  -8.6792567e-04
  -8.5531983e-02  -3.7111293e-02  -6.5882979e-02   1.3233601e-03  -6.4036589e-05  -8.5096483e-04
  -7.0837204e-02  -1.2611584e-02  -1.0026536e-01   1.5182655e-03  -2.3883436e-04  -7.6535907e-04
  -7.8035031e-02  -5.1806728e-02  -1.2481225e-01   1.0284674e-03  -4.0380725e-04  -4.0447257e-04
  -7.0746397e-02   1.0713658e-02  -8.4743022e-02   3.3424138e-04   9.3806783e-05  -5.3735713e-04
  -6.8361361e-02  -2.7501551e-03  -1.5256021e-01   4.9306519e-04  -3.2158073e-04  -3.6725826e-04
  -5.3183027e-02   3.2775225e-02  -1.2804103e-01   9.9072515e-04   4.0843351e-04  -1.6605342e-04
  -6.9331607e-02  -4.4787016e-02  -1.7212168e-01   5.2960264e-04   4.5760566e-04   2.9821204e-04
  -6.5561772e-02   3.8090177e-02  -1.2085116e-01   2.6438112e-04   7.8632022e-04   7.5844903e-05
  -7.2059935e-02  -1.5420793e-02  -1.9091709e-01   9.8195229e-04   4.9049388e-04   1.6488782e-04
  -5.7309298e-02   2.6853244e-02  -9.0943613e-02   5.3824613e-04   8.9996043e-04   9.2588194e-05
  -6.0888378e-02  -1.1099307e-02  -1.6541680e-01   2.1864198e-03   6.7754232e-04   9.3500136e-05
  -6.0792721e-02   1.5158638e-02  -1.3547376e-01   8.6238632e-04   1.0071823e-03  -1.6309577e-04
  -8.2330893e-02  -3.6048773e-02  -1.9047208e-01   1.9305319e-03   9.4177622e-04  -3.4762505e-04
  -6.4416240e-02   1.6413563e-02  -1.3465629e-01   1.2756462e-03   1.0613962e-03  -1.5261512e-04
  -7.7944300e-02  -1.2550624e-01  -2.0219048e-01   6.9338092e-03   5.1327221e-04  -1.0755709e-03
  -1.2831800e-01  -1.4810144e-02  -3.4849491e-01   1.3663514e-02  -8.1319783e-04  -1.3749791e-03
  -7.3007645e-02  -2.3616395e-03  -7.3098081e-02   5.2613365e-03  -4.4738968e-04  -6.2182042e-04
  -7.6393987e-02  -3.7051527e-02  -1.1434597e-01   3.4816970e-03  -2.4744677e-04  -2.2622467e-04
  -5.9712769e-02   4.0505536e-02  -4.9333882e-02   3.6523782e-03   5.5335975e-04  -4.3911465e-04
  -7.5618791e-02   9.5762687e-03  -1.3051670e-01   3.3248648e-03   5.2950728e-04  -4.5642553e-04
  -7.4653781e-02   1.1337042e-02  -5.2518800e-02   3.0751194e-03   8.2122057e-04  -4.6433124e-04
  -7.4625031e-02  -1.3089332e-02  -1.2734737e-01   3.8227984e-03   3.1168965e-04  -7.5327960e-04
  -6.1670045e-02   2.1767758e-02  -6.3933969e-02   3.1399994e-03   3.5896677e-04  -8.3256140e-04
  -7.3433830e-02  -4.4962555e-03  -1.2885167e-01   4.0031830e-03  -1.6807844e-04  -7.0332267e-04
  -6.3211049e-02   2.6199972e-02  -1.0138481e-01   4.2535434e-03  -7.9102029e-05  -1.0433173e-03
  -5.7869713e-02   5.8746092e-03  -9.5498652e-02   5.0203039e-03  -4.8264922e-04  -1.1683747e-03
  -6.4179786e-02   7.5955842e-03  -1.4187389e-01   4.8113681e-03  -2.7381751e-04  -9.8897448e-04
  -6.2023838e-02   2.1506068e-02  -6.8008980e-02   4.4788835e-03   7.6678870e-05  -9.5893306e-04
  -6.6372446e-02  -2.1831605e-02  -1.6325895e-01   5.4336586e-03  -4.0713546e-04  -9.5823197e-04
  -5.2113761e-02   2.3738612e-02  -5.9427096e-02   3.5834230e-03  -4.2413117e-04  -1.0754167e-03
  -7.8005564e-02  -2.6444268e-02  -1.1703649e-01   4.6124414e-03  -4.7563481e-04  -1.1500927e-03
  -5.7014432e-02   1.9542532e-03  -8.1171361e-02   4.7915871e-03  -2.0673291e-04  -1.1100646e-03
  -5.3397364e-02   3.9442131e-02  -4.0942030e-02   2.7456215e-03  -4.3017201e-04  -4.8248538e-04
  -6.2755603e-02   9.6640008e-03  -1.0865089e-01   2.3804754e-03  -7.4767540e-04  -2.2365952e-04
  -5.5378717e-02   3.5935631e-02  -6.2812637e-02   3.0634391e-03  -5.7685908e-04  -3.5002275e-04
  -5.3753898e-02  -2.5634670e-02  -1.0105954e-01   4.0320302e-03  -5.0259449e-04  -5.3904294e-04
  -1.7514099e-01  -1.7911161e-02  -1.6851362e-01   5.5516689e-03   8.4249023e-04  -1.8227845e-03
  -2.7306959e-01  -8.3432862e-02  -2.4809212e-01   3.0954278e-03   1.3152824e-04  -1.7596770e-03
  -2.7774126e-01  -1.2567749e-02  -2.0854671e-01   2.5753804e-03   1.7272838e-04  -1.9786868e-03
  -3.1074743e-01  -5.7860944e-02  -2.8905040e-01   3.5381948e-03   1.8402780e-04  -2.3364153e-03
  -3.1119920e-01  -5.2279941e-02  -2.2068378e-01   3.5430747e-03   1.6962546e-04  -2.3240555e-03
  -2.9576214e-01  -1.8165958e-02  -1.4810124e-01   3.2248303e-03   1.7881442e-04  -2.4820182e-03
  -3.1086124e-01  -8.4862781e-02  -1.8928509e-01   3.8033756e-03   1.1503754e-04  -2.3037741e-03
  -3.0983949e-01  -3.0173937e-02  -1.9155428e-01   2.3569440e-03   3.9002061e-04  -2.2710672e-03
  -3.0968698e-01  -7.2852035e-02  -1.8576041e-01   3.2441184e-03   2.8635025e-04  -2.5293860e-03
  -2.9726613e-01  -6.0517431e-02  -1.7658980e-01   2.9843991e-03   4.9404944e-04  -2.4175308e-03
  -2.9888758e-01  -6.5853318e-02  -2.1718396e-01   2.7966669e-03   4.9136102e-04  -2.1708579e-03
  -2.7263949e-01  -3.7370914e-02  -1.3557775e-01   2.9447621e-03   5.7991107e-04  -2.4404032e-03
  -2.7585675e-01  -1.0637766e-01  -1.8959238e-01   3.9824697e-03   2.8286750e-04  -2.2066174e-03
  -2.7417348e-01  -1.6835013e-02  -1.5997533e-01   2.3543270e-03   7.4913447e-04  -2.4698140e-03
  -2.7301441e-01  -7.5594167e-02  -2.1172181e-01   2.8027746e-03   5.0327891e-04  -2.2050394e-03
  -2.7320208e-01  -6.7814037e-02  -1.7533175e-01   3.1963570e-03   6.1859954e-04  -2.4533824e-03
  -2.8123319e-01  -6.7852518e-02  -2.0252321e-01   2.9845495e-03   4.6254448e-04  -2.6579275e-03
  -3.0062030e-01  -1.1487194e-01  -2.2646188e-01   4.1269366e-03   3.6172546e-04  -2.7922285e-03
  -3.0837389e-01  -3.4302597e-02  -2.2223381e-01   4.2768199e-03   3.0881035e-04  -2.9577311e-03
  -3.0155334e-01  -4.5789159e-02  -2.5375324e-01   4.4552981e-03   1.7926524e-04  -2.9165568e-03
  -2.9687642e-01  -8.9141922e-02  -2.2116210e-01   4.6425789e-03   4.3751875e-04  -2.7138866e-03
  -2.7280503e-01  -3.7537313e-02  -1.8753521e-01   2.8620345e-03   7.1622890e-04  -2.6677356e-03
  -2.8286591e-01  -8.3470864e-02  -1.8621462e-01   3.8157805e-03   7.3634838e-04  -2.6803562e-03
  -2.6641146e-01  -7.7230334e-02  -2.4897034e-01   4.9900657e-03   6.4381515e-04  -2.9687262e-03
  -2.8816427e-01  -1.0735009e-01  -2.0090845e-01   4.5767388e-03   9.4302779e-04  -2.8555528e-03
  -2.7751606e-01  -5.3086512e-02  -2.2241715e-01   2.4960261e-03   5.8369109e-04  -2.1950116e-03
  -3.1574846e-01  -9.7825097e-02  -2.4436188e-01   2.5193937e-03   6.4472904e-04  -2.3948745e-03
  -3.0929934e-01  -4.2651924e-02  -2.4821528e-01   3.6522608e-03   5.6723580e-04  -2.6721158e-03
  -2.3503369e-01  -8.1084706e-02  -2.3550050e-01   4.2060558e-03  -2.9129312e-05  -2.5428281e-03
  -1.7820823e-01  -8.8798787e-02  -4.1905010e-01   9.1270957e-03   1.5553377e-03  -5.0281137e-03
  -2.7622768e-01  -1.1026885e-01  -3.7237215e-01   4.0369523e-03  -1.9423235e-04  -3.1339365e-03
  -2.8751397e-01  -1.0052085e-01  -2.9136180e-01   3.6545697e-03  -7.3571133e-06  -2.9184882e-03
  -2.5687180e-01  -4.6324806e-02  -2.4326379e-01   4.3158675e-03   3.6072654e-04  -2.7590184e-03
  -2.7157763e-01   6.7775336e-03  -2.2489225e-01   1.6240273e-04   3.7161686e-04  -2.3939612e-03
  -3.4069231e-01  -1.1281313e-01  -2.0862992e-01  -2.6734487e-02  -3.2158627e-03  -1.8511311e-03
  -3.1276671e-01   4.5708540e-02  -2.8626339e-01  -5.5732034e-03  -1.2635425e-03   2.0213567e-04
  -3.0498707e-01  -4.4864298e-02  -2.7026529e-01  -5.7987148e-03  -1.1352740e-03  -5.0400928e-04
  -3.1899305e-01  -8.9243159e-02  -2.6120322e-01  -4.3671675e-03  -6.7053824e-04  -8.6635622e-04
  -3.0463767e-01  -1.9856910e-02  -2.2686883e-01  -5.7732507e-03  -1.7914787e-04  -7.1401129e-04
  -4.9951587e-01  -3.1130329e-01  -1.4467913e+00  -1.1939742e-02   1.5013221e-02   2.6348856e-03
  -5.4669294e-01  -1.4639792e-01  -1.0279079e+00  -9.5178006e-03   1.2918061e-02  -1.5223392e-03
  -5.1403433e-01  -1.2546497e-01  -5.8984236e-01  -4.8297306e-03   1.0470698e-02  -2.0602214e-03
  -4.9285343e-01  -1.2583923e-01  -5.5938637e-01  -3.6260339e-03   1.0561933e-02  -2.4371776e-03
  -4.9915087e-01  -1.2836495e-01  -4.8303384e-01  -1.5249132e-03   1.0520676e-02  -2.6300654e-03
  -4.9746075e-01  -9.2132565e-02  -4.5946858e-01  -2.5329634e-03   1.0668188e-02  -2.7893118e-03
  -5.1465055e-01  -4.0096696e-01  -6.5907243e-01   9.4558840e-03   9.5595846e-03  -1.4800147e-03
  -4.8711606e-01  -1.6375426e-01  -6.1614851e-01   1.1830365e-02   8.4399043e-03  -1.2576752e-03
  -4.8242274e-01  -2.4661231e-01  -5.1230910e-01   8.7264393e-03   9.2446828e-03  -1.6519545e-03
  -4.7315985e-01  -1.3456319e-01  -5.0440261e-01   7.2337839e-03   8.6841307e-03  -1.9481306e-03
  -4.6094177e-01  -1.5479738e-01  -4.6143851e-01   3.8693764e-03   7.7060672e-03  -2.1402315e-03
  -4.6713386e-01  -2.2946612e-01  -4.4236104e-01   4.9128313e-03   7.8353581e-03  -2.0714484e-03
  -4.5143054e-01  -1.0677645e-01  -4.5959574e-01   5.6609367e-03   8.0953140e-03  -1.9824840e-03
  -4.4977753e-01  -1.7254109e-01  -4.9661605e-01   5.5881986e-03   7.3382402e-03  -1.9785008e-03
  -4.3389185e-01  -1.5747303e-01  -4.0018721e-01   4.8639446e-03   6.4106864e-03  -2.1900404e-03
  -4.3263382e-01  -1.5747116e-01  -4.8669862e-01   5.2216489e-03   7.5925013e-03  -1.5084007e-03
  -4.0006249e-01  -1.2601796e-01  -4.2224535e-01   4.5332076e-03   7.7641110e-03  -1.4132995e-03
  -4.1650542e-01  -1.8301923e-01  -4.5751229e-01   5.5758516e-03   7.6613842e-03  -1.6394601e-03
  -4.0667419e-01  -1.4470000e-01  -4.5891407e-01   4.9733086e-03   7.4898571e-03  -1.5034734e-03
  -3.6762953e-01  -1.2860689e-01  -3.5337793e-01   6.0081531e-03   7.2533126e-03  -1.4740027e-03
  -3.6297899e-01  -1.8860096e-01  -4.3089131e-01   6.0863731e-03   6.8920282e-03  -1.1247869e-03
  -3.4177478e-01  -1.2331096e-01  -3.3904730e-01   5.1918227e-03   6.9954475e-03  -1.0584928e-03
  -3.4607567e-01  -7.8702699e-02  -3.9378471e-01   4.4764054e-03   6.4918111e-03  -6.6146161e-04
  -3.7714129e-01  -1.1729563e-01  -3.6400392e-01  -1.7486964e-02   5.5734783e-03  -3.6090226e-04
  -3.6983711e-01  -2.0658873e-03  -2.8413795e-01  -1.1290278e-02   6.2088433e-03   2.7230008e-06
  -3.4362876e-01  -1.4496224e-03  -2.6882213e-01  -1.1716682e-02   6.7239247e-03   3.5025306e-04
  -3.3158436e-01  -3.3393634e-04  -2.3871455e-01  -9.7749763e-03   5.7751207e-03   2.7392005e-04
  -3.3791355e-01  -7.4403567e-03  -2.9653077e-01  -8.7357877e-03   6.1137671e-03   6.0571050e-04
  -3.2425389e-01   5.0425494e-03  -2.1966247e-01  -9.0277714e-03   5.9879989e-03   5.4510443e-04
  -3.4608195e-01   1.5652398e-02  -2.6510680e-01  -9.4425926e-03   6.2376517e-03   5.1297099e-04
  -3.4030173e-01   1.2773851e-02  -2.2973389e-01  -8.9605639e-03   6.1266991e-03   4.9218379e-04
  -3.1912754e-01   2.3803180e-02  -2.4509600e-01  -9.9689810e-03   5.8312557e-03   5.2707849e-04
  -3.5892815e-01  -9.8856865e-02  -3.3013339e-01  -4.1100025e-03   5.4330230e-03  -4.4414194e-04
  -4.8463529e-01   5.4618633e-03  -6.0382513e-01   9.7996117e-03   2.5312998e-03  -2.1128433e-03
  -4.1615512e-01  -8.6097138e-02  -2.5476980e-01  -4.0343048e-03   4.1108235e-03  -9.6645352e-04
  -4.5257650e-01  -2.3603013e-02  -3.6865858e-01  -2.3703543e-03   3.5444706e-03  -1.8489490e-03
  -4.0683417e-01  -7.6306324e-03  -2.4382218e-01  -4.2999745e-03   4.2748744e-03  -9.2667638e-04
  -4.1933284e-01  -4.4177521e-02  -3.1527547e-01  -4.7446136e-03   4.8274251e-03  -7.6445402e-04
  -3.8063894e-01   1.9011919e-02  -3.1752313e-01  -4.8114039e-03   4.7773226e-03  -6.4932612e-04
  -3.4371269e-01  -4.5976140e-01  -4.7966718e-01   1.6731524e-02   1.5263325e-03  -1.8479274e-03
  -3.7387211e-01  -1.1788811e-01  -3.5844038e-01   1.9259050e-02   9.5279935e-04  -1.9001266e-03
  -3.9416445e-01  -1.4148260e-01  -3.3139941e-01   1.3506377e-02   2.0356870e-03  -1.8465185e-03
  -3.9245654e-01  -1.1962112e-01  -2.8024986e-01   1.2890898e-02   2.6315992e-03  -1.6495325e-03
  -3.9472890e-01  -8.5357141e-02  -3.6212813e-01   1.2113693e-02   2.9361767e-03  -1.3946866e-03
  -4.0448798e-01  -1.2872131e-01  -3.2328688e-01   1.1608334e-02   2.8687706e-03  -1.4122677e-03
  -3.9373549e-01  -9.9100607e-02  -4.3562439e-01   1.1546009e-02   2.4498202e-03  -1.3596838e-03
  -4.8020405e-01  -4.0197652e-01  -7.5194752e-01   2.5772060e-02   1.5479632e-03  -3.9464514e-03
  -4.6767713e-01  -2.4363147e-01  -4.1458530e-01   1.4352901e-02   1.5550787e-03  -2.0643066e-03
  -4.2337058e-01  -1.1495680e-01  -3.2427284e-01   1.1924918e-02   2.1546065e-03  -1.6488737e-03
  -4.2069347e-01  -1.4171697e-01  -4.1279182e-01   1.3202271e-02   2.1709980e-03  -1.6106013e-03
  -4.0930432e-01  -1.5163681e-01  -2.9489438e-01   1.2753827e-02   2.1037985e-03  -1.5604832e-03
  -3.9293289e-01  -1.2352256e-01  -3.5675573e-01   1.1858521e-02   2.0917839e-03  -1.1979706e-03
  -3.6719365e-01  -2.4421427e-02  -2.6200066e-01   6.9154440e-03   3.0307234e-04  -9.8669791e-04
  -4.0240208e-01  -9.8284571e-02  -2.8134025e-01   3.8868538e-04   1.8246957e-03  -5.4857884e-04
  -3.9546407e-01  -3.8836823e-01  -3.4741200e-01   1.4698438e-02  -1.5382511e-03  -5.1404090e-04
  -4.2935240e-01  -1.9901843e-01  -6.9243617e-01   1.9857711e-02  -9.0645624e-04   2.5526681e-04
  -4.0959524e-01  -2.1088497e-01  -3.4837596e-01   1.0107950e-02   1.2495693e-03  -9.9172372e-05
  -4.1048402e-01  -1.3960032e-01  -2.8860913e-01   9.7507842e-03   1.1037820e-03  -3.5811374e-05
  -3.8798653e-01  -8.4793545e-02  -2.6736320e-01   9.1270876e-03   1.2247629e-03  -2.3469476e-05
  -3.3938022e-01  -1.9379224e-02  -2.2946856e-01   8.1213679e-03   1.3217731e-03  -3.1332176e-04
  -3.8341506e-01  -1.7919725e-01  -3.8437451e-01   8.1740605e-03   1.2036719e-03  -1.7223298e-04
  -4.1386126e-01  -3.0768329e-02  -2.7907284e-01   1.2146386e-03   3.4653366e-03   1.4046145e-05
  -4.0931910e-01  -3.4254206e-02  -2.1328628e-01  -1.0108347e-02   5.0289800e-03  -1.5760650e-04
  -4.1844756e-01  -3.9588384e-02  -1.8606234e-01  -6.8651425e-03   4.9962413e-03  -3.2969320e-04
  -4.1975570e-01  -3.7401309e-03  -1.6702012e-01  -7.5541979e-03   5.3034424e-03  -6.8809131e-05
  -3.9647712e-01   6.7730214e-02  -1.2265096e-01  -7.4403513e-03   5.0489638e-03  -7.8921114e-05
