   0.0000000e+00   0.0000000e+00   0.0000000e+00   0.0000000e+00   0.0000000e+00   0.0000000e+00
  -2.2823563e-02   9.7999626e-03  -5.6173155e-03   7.5882165e-04  -2.7827980e-04  -1.0836704e-04
  -1.1384732e-02   3.9301943e-02   7.8801310e-02   1.1881742e-03  -8.5072458e-06  -2.9085903e-04
  -6.0513756e-02  -3.6633304e-02  -2.5561337e-02   3.4020182e-03  -3.3004996e-04  -1.0745192e-03
  -4.3096519e-02   3.7026349e-02  -1.5005949e-02   4.5963331e-03  -1.1101297e-03  -1.6630074e-03
  -5.6672068e-02  -3.2955925e-02  -3.8723117e-02   6.2168827e-03  -7.5639578e-04  -1.1729268e-03
  -5.0825813e-02   4.2907550e-02  -1.1718694e-02   6.4264311e-03  -4.5280776e-04  -1.3135159e-03
  -4.0199781e-02  -6.0401426e-01  -4.9189103e-01   2.3597870e-02   2.0364416e-03  -2.9524724e-03
  -1.6291643e-02  -5.2119907e-02  -1.9889117e-01   8.2509938e-03   4.9989436e-03   3.1641167e-04
  -1.5118142e-02  -6.1087084e-02  -6.8322560e-02   6.4846292e-03   4.1961420e-03  -1.8206646e-04
  -1.3275852e-02   4.0205169e-03  -1.9048548e-02   6.8011294e-03   3.0486628e-03  -7.0001363e-04
  -2.3967932e-02  -4.9043545e-02  -2.2442614e-02   7.2544243e-03   2.7308015e-03  -7.8664966e-04
  -2.0381671e-02   5.6019689e-03   4.1813141e-02   8.2182759e-03   3.0568118e-03  -1.0668728e-03
  -1.9364793e-02   2.3223928e-02   1.2719315e-02   3.4580579e-03   3.4496854e-03  -2.2350824e-05
   7.5420928e-03   3.4825198e-02   1.4281648e-01   5.8811998e-04   3.0234729e-03  -1.6195072e-04
  -2.4531514e-02  -1.1917625e-02  -5.7076442e-02   3.3642736e-03   2.4815734e-03  -2.8563591e-04
  -1.3460727e-02   7.3907188e-02   2.5836558e-02   3.0085375e-03   2.3257687e-03  -5.0523999e-04
  -3.1180622e-02   1.2213968e-02  -6.0000513e-02   5.1617320e-03   2.0013427e-03  -7.3543282e-04
  -3.2708881e-02   6.7177785e-02   3.0364956e-02   3.0466692e-03   2.4585365e-03  -5.5681056e-04
  -3.7271461e-02   8.3415916e-03   9.5812730e-03   4.1840312e-03   2.0778560e-03  -6.2165292e-04
  -1.9904716e-02   6.4181460e-02   7.5493951e-02   3.4573105e-03   2.3372721e-03  -6.3513566e-04
  -3.1864673e-02   3.1450889e-02   3.9022415e-02   3.4873902e-03   2.2281588e-03  -5.5136495e-04
   1.0572112e-02   1.0091498e-01   1.9760616e-01   3.0975977e-03   2.5791797e-03  -5.4768248e-04
  -2.3270904e-02  -4.3417666e-02  -9.1613921e-02   6.0665231e-03   1.1030992e-03  -5.5666042e-04
  -4.7625263e-02   7.7263146e-03  -2.7164189e-02   4.9070516e-03   1.6187337e-03  -6.1064803e-04
  -3.5060159e-02   6.6881036e-02   6.2468302e-02   3.0417400e-03   2.0514444e-03  -7.3513515e-04
  -3.5552283e-02   2.3948152e-02   2.0921888e-02   3.5899712e-03   1.5652936e-03  -6.1774679e-04
  -3.1255230e-02   5.7933225e-02   8.7303552e-02   2.9170488e-03   1.8280575e-03  -6.9285167e-04
  -3.4410444e-02   3.4726634e-03   4.8076956e-02   4.9970976e-03   1.3734431e-03  -6.4378614e-04
  -1.8539423e-02   4.0741425e-02   1.0579335e-01   3.0035817e-03   1.4669984e-03  -5.5398512e-04
  -4.3549173e-02   6.6354715e-02   2.0126353e-01   3.7072608e-03   1.9327429e-03  -6.1606501e-04
  -5.1310323e-02  -3.2970986e-03   2.2494316e-02   4.4714678e-03   1.6490026e-03  -6.8062969e-04
  -4.2036510e-02   4.4869822e-02   4.3836135e-02   3.7941234e-03   1.8130402e-03  -9.3236034e-04
  -5.0845332e-02   1.3236972e-02  -2.6515971e-02   4.8062693e-03   1.6363016e-03  -9.0144453e-04
  -5.8379958e-02   4.7942812e-02   3.9220625e-02   3.8919031e-03   1.9361454e-03  -8.7788587e-04
  -6.1325677e-02   4.6546399e-03   4.7672639e-02   7.1623568e-03   1.3022399e-03  -1.1907768e-03
  -9.0476180e-02  -4.0590552e-01  -9.4203040e-01   4.1729619e-02  -8.0747149e-04  -2.7034113e-03
  -4.0613903e-02   6.1603280e-02  -2.7569688e-01   1.5341321e-02  -7.9672557e-04  -1.5551722e-03
  -6.9763365e-02   6.9192668e-02  -7.8123985e-02   1.4186084e-02  -1.5849843e-03  -2.1917550e-03
  -7.5316577e-02   1.6322579e-02   1.5719486e-02   1.0389197e-02  -9.7463234e-04  -2.1756173e-03
  -9.7151580e-02   2.6543565e-02  -4.2716860e-02   1.2224833e-02  -1.4967264e-03  -2.4877744e-03
  -9.5564754e-02   5.2131423e-02   3.1681471e-02   1.1365591e-02  -9.2687504e-04  -2.3197252e-03
  -1.1246898e-01   1.7112191e-02  -1.5912582e-03   1.2360360e-02  -1.6106822e-03  -2.5918955e-03
  -1.0166112e-01   4.4562821e-02   7.0978175e-02   1.1695487e-02  -1.6742220e-03  -2.3332536e-03
  -1.1283439e-01   7.8498003e-02   9.7145351e-03   1.1500007e-02  -2.0882126e-03  -2.2029911e-03
  -1.8603029e-01  -1.3248278e-01  -2.7298409e-01   2.4190133e-02  -8.1915030e-03  -4.9648000e-04
  -1.9698232e-01   1.9884899e-01  -1.7383589e-01   1.8278527e-02  -6.2366403e-03  -1.6574932e-03
  -1.3363583e-01   3.8375159e-02   6.0013128e-02   7.4565883e-03  -4.0167605e-03  -3.2187561e-03
  -1.4568165e-01   8.3750630e-02   7.8247706e-02   9.9372525e-03  -3.9101740e-03  -4.1013308e-03
  -1.1047156e-01   4.3109858e-02   3.4255034e-02   1.0479098e-02  -3.9613264e-03  -3.7514492e-03
  -1.0689524e-01  -2.5141361e-03  -2.6737495e-02   1.1490431e-02  -3.6503087e-03  -3.3359668e-03
  -1.1133422e-01   6.3918379e-02   4.1099608e-02   1.0118909e-02  -3.3845634e-03  -3.3647990e-03
  -1.1152310e-01   2.1809215e-02  -4.5004024e-03   1.1226030e-02  -3.8895663e-03  -3.3487524e-03
  -1.1103133e-01   6.7227811e-02   4.7447702e-02   1.1102929e-02  -3.6863814e-03  -3.4384075e-03
  -1.0871577e-01   3.7751692e-02   5.8983225e-03   1.0930523e-02  -3.7618914e-03  -3.2227934e-03
  -9.2503155e-02   8.0360973e-02   6.2454284e-02   9.2580763e-03  -3.2930707e-03  -3.2459454e-03
  -1.0987301e-01   1.0567703e-02  -6.7029720e-03   1.0128969e-02  -2.9797458e-03  -3.0787365e-03
  -1.0875501e-01   8.1259164e-02   2.6140132e-02   8.6749336e-03  -2.7928912e-03  -3.2219222e-03
  -1.1741076e-01   3.5173611e-02  -1.0898287e-02   1.0161560e-02  -3.1059104e-03  -3.2468251e-03
  -1.1635328e-01   9.2520303e-02   3.2032106e-02   9.1594179e-03  -3.7127576e-03  -3.4687076e-03
  -1.1975764e-01   6.3022612e-02   4.8588784e-02   8.6016863e-03  -3.6014826e-03  -3.2268801e-03
  -1.2902384e-01   6.4045683e-02   8.5826222e-02   9.5050498e-03  -3.3975099e-03  -3.5289383e-03
  -1.1647758e-01   9.5005255e-02   1.2933195e-01   8.5160116e-03  -2.9108282e-03  -3.4288621e-03
  -7.2078509e-02   9.5684905e-02   2.3991503e-01   1.0163772e-02  -2.4514228e-03  -3.8740223e-03
  -9.2912094e-02  -6.2230521e-02  -7.7641873e-02   1.2145363e-02  -3.3282348e-03  -3.2496920e-03
  -9.3989758e-02  -7.8454846e-04  -4.0123912e-02   1.3290863e-02  -3.3831359e-03  -3.2736599e-03
  -1.1078223e-01   5.8780102e-02   1.1536804e-02   1.1411096e-02  -2.8896207e-03  -3.3121483e-03
  -1.1169309e-01   2.1873233e-02  -5.8884986e-03   1.0412999e-02  -3.1647307e-03  -3.3139062e-03
  -1.0710921e-01   1.8147820e-02   4.0672684e-02   1.0608005e-02  -3.2676126e-03  -3.2509232e-03
  -1.0587228e-01   6.0076173e-02   8.2252653e-02   1.0486810e-02  -3.1380317e-03  -3.3850841e-03
  -1.0227545e-01   4.5876231e-02   2.1923186e-02   1.0503992e-02  -3.5096900e-03  -3.4273865e-03
  -8.9990291e-02  -2.9563260e-01  -4.8971078e-01   3.8325824e-02  -7.9375887e-03  -4.6471309e-03
  -8.7718182e-02  -9.9388338e-02  -2.0900629e-01   2.2690099e-02  -4.8589929e-03  -3.0113454e-03
  -1.0279013e-01  -1.0562406e-01  -1.5462269e-01   2.0734705e-02  -4.5714178e-03  -3.8618044e-03
  -8.1516461e-02   1.1064389e-03   2.4828800e-02   2.0254806e-02  -4.8503501e-03  -3.8472143e-03
  -8.4420496e-02  -4.3988302e-02  -4.8567773e-02   2.1097105e-02  -4.7048155e-03  -3.7283404e-03
  -8.2869035e-02   7.5237747e-03  -2.6674319e-02   2.0212544e-02  -4.9644865e-03  -3.7582376e-03
  -7.7299472e-02   1.8268802e-02   4.6578779e-02   1.8752016e-02  -4.6282082e-03  -3.8174882e-03
  -8.6463303e-02   2.7514989e-03  -9.0074599e-04   1.8107481e-02  -4.8417684e-03  -3.8018469e-03
  -7.6792007e-02   3.7021000e-02   7.6992520e-02   1.8093770e-02  -4.6360158e-03  -3.6683864e-03
  -8.5280906e-02  -1.9568266e-02  -4.2873664e-03   1.8505801e-02  -4.9129423e-03  -3.6573122e-03
  -8.8280245e-02   3.7666190e-02   8.9689241e-02   1.7535350e-02  -4.6126618e-03  -4.0710712e-03
  -9.1364417e-02   4.6631768e-03   3.2942424e-02   1.8043389e-02  -4.9425774e-03  -3.6299194e-03
  -9.4729074e-02   5.3542939e-02   1.0336999e-01   1.7305237e-02  -4.5419360e-03  -3.8630442e-03
  -9.7752509e-02   2.0024084e-02   3.6145137e-02   1.8070176e-02  -5.0771512e-03  -3.8665951e-03
  -1.0580132e-01   1.5498230e-01   2.0536429e-01   1.6981640e-02  -4.3988932e-03  -4.8149307e-03
  -4.1427283e-01   5.0550476e-01  -5.9457817e-01   2.4943538e-03  -2.7484479e-03  -3.3593384e-03
  -8.5581352e-01   4.5278021e-01  -2.3429581e-01  -3.6163356e-03   3.0606567e-04  -2.6878838e-03
  -5.8113694e-01   1.8134873e-01  -8.3882686e-02  -2.5372301e-03  -4.0070917e-05  -4.9670067e-03
  -2.7420778e-01   1.8454875e-01   3.3576480e-01  -8.7839021e-04   1.7240605e-04  -1.3617129e-03
  -3.4045073e-01  -4.6813368e-01  -4.8152287e-01   2.3518821e-02  -8.6526837e-04  -2.8901654e-03
  -2.8464578e-01  -2.9608312e-01  -6.2473152e-01   2.9258975e-02  -1.1774189e-03  -1.9736430e-03
  -2.1132111e-01  -7.5855061e-02  -1.7491302e-01   2.2262878e-02  -2.2499176e-03  -1.1223286e-03
  -1.8019007e-01  -4.8030245e-02   4.9314856e-02   1.8484710e-02  -2.5786794e-03  -1.2896250e-03
  -1.8543222e-01  -9.0257598e-02   3.4661610e-02   1.8303122e-02  -2.5143518e-03  -1.4715902e-03
  -1.7459070e-01  -6.1867535e-02   4.7599803e-02   1.8342977e-02  -3.3091270e-03  -1.6581665e-03
  -1.7578068e-01  -8.1370922e-03   1.1445817e-01   1.7531942e-02  -3.0351347e-03  -1.6603703e-03
  -1.5971533e-01  -6.5391648e-02  -1.1106397e-02   1.8027673e-02  -3.4584836e-03  -1.5840853e-03
  -1.7701137e-01  -5.0862192e-02  -1.7007315e-02   1.9401492e-02  -3.4803512e-03  -1.4291839e-03
  -1.3830766e-01   2.5245596e-02   2.8858481e-02   1.7741558e-02  -1.9038110e-03  -6.9272355e-04
  -1.2665595e-01   2.0062774e-02   1.6095249e-01   1.8684213e-02  -2.0065073e-03  -1.0325478e-03
  -1.4333157e-01   2.4924536e-02  -2.5619096e-03   1.8282381e-02  -3.6742983e-03  -1.5630756e-03
  -1.4240069e-01   4.2793735e-02   9.8204370e-02   1.7797425e-02  -3.7406703e-03  -1.7745400e-03
  -1.4940502e-01   4.3257936e-02   5.6422756e-02   1.7929463e-02  -3.7382630e-03  -1.9542517e-03
  -1.1982657e-01   6.0829528e-02   1.4714647e-01   1.7723947e-02  -3.9620829e-03  -1.8875667e-03
  -1.3562576e-01  -3.5275555e-04   9.7358128e-02   1.7939059e-02  -3.8391344e-03  -1.8301125e-03
  -1.1674000e-01   6.3817181e-02   1.3536891e-01   1.7379046e-02  -4.1016830e-03  -1.8107916e-03
  -1.2121829e-01  -2.0510066e-02   7.3712246e-02   1.9083220e-02  -4.2400331e-03  -1.7698706e-03
  -1.1739257e-01   5.6053676e-03   1.2402754e-01   1.7279617e-02  -4.1796720e-03  -1.7359477e-03
  -1.1370031e-01   8.2845347e-02   1.4674208e-01   1.6414803e-02  -3.8815159e-03  -1.6014755e-03
  -1.2370205e-01   1.7554704e-02   1.2554507e-01   1.6689761e-02  -3.6895070e-03  -1.6986334e-03
  -1.2738595e-01   2.0045858e-02   8.3594448e-02   1.8345683e-02  -3.5665624e-03  -1.8151547e-03
  -2.1723189e-02   1.5740149e-01   3.9328585e-01   1.4500291e-02  -6.0389761e-03  -2.0846908e-03
  -8.8621739e-02   2.9050256e-02   4.1471615e-02   1.2622151e-02  -3.8792278e-03  -1.5147426e-03
  -9.8171307e-02   4.6107561e-02   1.0561685e-01   1.2707199e-02  -3.5607082e-03  -1.5219264e-03
  -1.0631175e-01   7.3378662e-02   9.5635618e-02   1.2704166e-02  -3.8016194e-03  -1.8514038e-03
  -1.3262786e-01   4.3382077e-02   1.3007596e-01   1.3392371e-02  -3.9427177e-03  -2.6325459e-03
  -1.1351292e-01   9.0903421e-02   1.6674853e-01   1.3037320e-02  -3.9730981e-03  -2.1382187e-03
  -1.2405066e-01   4.3169257e-02   1.4705823e-01   1.3473870e-02  -4.1800159e-03  -2.0039273e-03
  -1.1345126e-01   7.5992080e-02   1.7539602e-01   1.2768741e-02  -3.9519733e-03  -1.9067666e-03
  -1.1761075e-01   3.2610972e-02   1.5580391e-01   1.3402984e-02  -4.1460881e-03  -1.8855182e-03
  -1.1475208e-01   2.9166393e-02   1.6929371e-01   1.3651961e-02  -4.2664669e-03  -1.8890559e-03
  -1.1964185e-01   7.0121079e-02   1.8233093e-01   1.2944989e-02  -4.2034955e-03  -2.0578510e-03
  -1.2475063e-01   7.3687001e-02   1.7471995e-01   1.3345944e-02  -4.2882509e-03  -1.8826887e-03
   2.3935834e-01   3.8505319e-01   5.6328360e-01   8.9633498e-03  -6.6608419e-04   2.8365651e-03
  -3.6818847e-02   4.3360311e-02  -2.2207320e-01   7.9670675e-03   1.8911911e-03  -6.4973337e-04
  -1.7473143e-02   1.5682954e-01   1.9869119e-01   1.0470452e-02   8.8689931e-04  -2.9164402e-03
  -1.5231290e-01   8.4636485e-02  -2.2416462e-03   7.6630443e-03   1.1511383e-03  -1.0243196e-03
  -2.0224271e-01  -2.0121666e-01  -2.4612581e-02   3.1320738e-02  -8.8574458e-05  -2.9052649e-03
  -2.3032603e-01  -4.6035122e-02  -1.4013477e-01   3.1202797e-02  -7.2583019e-04  -3.1319718e-03
  -2.2739728e-01  -1.1532431e-01  -1.1618349e-01   2.6746981e-02  -2.5776935e-04  -3.0721411e-03
  -2.3443334e-01  -9.7829059e-02  -1.0731531e-01   2.7984664e-02  -7.7725945e-04  -3.1328904e-03
  -2.2443458e-01  -3.8293545e-02  -3.8371197e-02   2.7455705e-02  -8.7940044e-04  -3.2579611e-03
  -2.2586957e-01  -6.7755449e-02  -1.5280145e-01   2.6423858e-02  -1.3561666e-03  -2.8265023e-03
  -2.2933535e-01  -1.2770744e-01  -1.0433688e-01   2.6733395e-02  -1.3585785e-03  -2.7272928e-03
  -1.9351984e-01  -5.8855989e-02  -5.7047028e-02   2.6308914e-02  -1.6699522e-03  -3.0063159e-03
  -2.2139548e-01  -9.2472381e-02  -1.8328457e-01   2.6767583e-02  -1.7312923e-03  -2.8780196e-03
  -2.1208101e-01  -5.7120327e-02  -1.2951533e-01   2.3772252e-02  -1.3259493e-03  -2.8651094e-03
  -2.2674063e-01  -5.8551925e-02  -1.2342619e-01   2.3700989e-02  -1.4426108e-03  -2.9999541e-03
  -2.2535431e-01  -4.2256339e-02  -1.3921732e-01   2.5543927e-02  -1.9548804e-03  -3.1660739e-03
  -2.1647974e-01  -1.7167960e-02   7.4405866e-02   2.4357990e-02  -1.4947987e-03  -3.3172285e-03
  -2.3494089e-01  -6.7162149e-02  -1.1036686e-01   2.3686754e-02  -1.5961685e-03  -3.0693152e-03
  -2.0310219e-01  -8.0687076e-03  -1.1308519e-02   2.3638287e-02  -1.3232863e-03  -2.9576658e-03
  -2.0946887e-01  -5.7792898e-02  -7.8002177e-02   2.3696131e-02  -1.4512519e-03  -2.8081659e-03
  -1.8666744e-01  -3.5647741e-02  -1.8256840e-02   2.2967273e-02  -1.5153137e-03  -2.6853681e-03
  -1.9517665e-01  -5.0597568e-02  -5.2774570e-02   2.3625137e-02  -1.7035650e-03  -2.4869384e-03
  -1.8557066e-01  -5.4633948e-02  -3.6444153e-02   2.2605258e-02  -1.5937905e-03  -2.4464952e-03
  -1.6912174e-01  -3.3886336e-02   1.9109073e-02   2.1871051e-02  -1.3187181e-03  -2.3888414e-03
  -1.7911744e-01  -5.8411356e-02  -3.6762360e-02   2.2803684e-02  -1.4928965e-03  -2.3862592e-03
  -1.5676445e-01  -4.0694600e-02   4.2359899e-02   2.3819963e-02  -1.2233049e-03  -2.6301444e-03
  -1.9753111e-01  -7.5891240e-02  -5.6919392e-02   2.2401514e-02  -9.3627430e-04  -2.3695888e-03
  -1.9296018e-01  -3.4023416e-02  -6.7948074e-03   2.2407347e-02  -1.2421735e-03  -2.8131939e-03
  -2.0937475e-01  -5.2298928e-02  -6.4994835e-02   2.2151960e-02  -1.4416755e-03  -2.5973315e-03
  -1.8847812e-01   7.1096412e-02   1.4785866e-01   2.0187047e-02  -2.5231248e-03  -2.9084365e-03
  -2.2433665e-01  -2.7311964e-02  -9.8703552e-02   1.7014148e-02  -1.5304248e-03  -2.4985514e-03
  -2.2259219e-01  -2.5267006e-02  -4.9171586e-02   1.8033001e-02  -1.6275193e-03  -2.6169275e-03
  -2.0685761e-01  -1.5572949e-03  -6.0677059e-03   1.8706221e-02  -1.7844579e-03  -2.7922568e-03
  -2.0259046e-01  -1.7655245e-03   2.6504080e-02   1.8617562e-02  -1.4807745e-03  -2.7056034e-03
  -2.1394232e-01  -4.1796153e-02  -1.1800995e-01   1.8513268e-02  -1.1677428e-03  -2.3725684e-03
  -2.1168167e-01   7.7885547e-03  -4.1986850e-02   1.8599843e-02  -8.2729170e-04  -2.4294381e-03
  -2.1522430e-01  -2.2651416e-02  -8.4855825e-02   1.9250493e-02  -1.3343493e-03  -2.6050078e-03
  -2.2056257e-01   2.8179078e-02   2.3766534e-02   1.8338992e-02  -1.0276940e-03  -2.7189821e-03
  -2.2529680e-01  -1.5553689e-02  -3.7243362e-02   1.8753899e-02  -1.4944822e-03  -2.7771213e-03
  -2.0869683e-01   3.8006708e-02   5.4631518e-02   1.7991331e-02  -1.0249310e-03  -2.6472162e-03
  -2.2019377e-01  -1.8043950e-02  -4.8914366e-02   1.9318823e-02  -1.3741816e-03  -2.7017552e-03
  -2.0755245e-01   5.7434248e-02   3.7469637e-02   1.8671615e-02  -1.0634576e-03  -2.7288173e-03
  -2.1497532e-01   6.5706882e-03  -7.7977593e-02   2.0076941e-02  -1.8546816e-03  -2.6895247e-03
  -2.0011519e-01   4.5743930e-02   4.0712713e-02   1.8948038e-02  -1.2480544e-03  -2.6897061e-03
  -3.1585931e-01  -1.0895453e-01  -3.1705927e-01   3.7326864e-02  -3.4122528e-03  -4.5779684e-03
  -2.6068990e-01  -5.1987301e-02  -1.6925192e-01   2.6620055e-02  -2.3745523e-03  -3.0810729e-03
  -2.4149235e-01  -7.8810116e-02  -1.9021202e-01   2.5126342e-02  -2.6761646e-03  -3.1829926e-03
  -2.4516814e-01  -6.0230496e-02  -1.2556298e-01   2.6673072e-02  -2.8995993e-03  -3.5715415e-03
  -2.2659678e-01  -2.1457786e-02  -4.9252259e-02   2.3748550e-02  -2.8986303e-03  -3.2073110e-03
  -2.3990747e-01  -5.8843658e-02  -3.2743420e-02   2.4063985e-02  -2.5509701e-03  -3.3051247e-03
  -2.3170578e-01  -7.0820533e-02  -1.1514243e-01   2.4014642e-02  -2.8734014e-03  -3.1488106e-03
  -2.1228938e-01  -2.2887554e-02  -1.0012740e-02   2.4334095e-02  -2.6428779e-03  -3.2937016e-03
  -2.2033971e-01  -8.0991335e-02  -9.2034263e-02   2.6200085e-02  -2.7398464e-03  -3.3500696e-03
  -2.2743187e-01  -2.2178271e-02  -1.0875356e-01   2.2872584e-02  -1.8047708e-03  -2.8616376e-03
  -2.3914705e-01  -8.6201045e-02  -1.1853072e-01   2.3692411e-02  -1.8128810e-03  -3.0900690e-03
  -2.1714991e-01  -2.0855803e-02  -6.2830554e-02   2.3409541e-02  -2.0014874e-03  -3.1760303e-03
  -2.3488768e-01  -6.8668725e-02  -1.0407508e-01   2.4075629e-02  -2.1187890e-03  -3.3953474e-03
  -2.3258256e-01  -2.2937737e-02  -4.7002315e-02   2.3456795e-02  -1.9766075e-03  -3.3513878e-03
  -2.1410877e-01  -2.8547352e-02  -4.3835301e-02   2.3397461e-02  -2.1753222e-03  -3.1989496e-03
  -2.1880969e-01  -3.2623216e-02  -1.4305543e-02   2.3020631e-02  -2.1411013e-03  -3.2985509e-03
  -2.5417166e-01  -1.0310777e-01  -1.1297084e-01   2.3492093e-02  -2.0624928e-03  -3.7969698e-03
  -2.3971243e-01  -6.2022017e-02  -1.3184634e-01   2.4460885e-02  -2.6104441e-03  -3.8508170e-03
  -2.1727378e-01  -5.1663991e-01  -4.8128244e-01   3.7886604e-02  -4.5598819e-03  -5.9213565e-03
  -2.7486175e-01  -2.1926507e-01  -6.7520791e-01   3.7107612e-02  -1.9672230e-03  -4.1244784e-03
