   0.0000000e+00   0.0000000e+00   0.0000000e+00   0.0000000e+00   0.0000000e+00  -6.9388939e-18
   9.0371854e-03  -8.9077878e-02  -1.0303512e-01   6.6568985e-03  -1.3711838e-04  -7.1385424e-04
  -2.1543488e-02   2.1065051e-01  -9.2896333e-02   4.8700230e-03  -2.1858186e-03  -4.6376489e-04
  -1.9283793e-02   8.1086157e-02   2.9410898e-01  -2.2988034e-02  -1.9982141e-03   1.2252421e-05
  -2.3840369e-02   1.4990131e-01   2.1014708e-01  -1.7625520e-02  -1.5080278e-03  -1.8004780e-05
  -2.1409955e-02   1.4397571e-01   2.2168304e-01  -1.6514709e-02  -1.5587780e-03   1.8997748e-04
  -1.6044090e-02   1.2426767e-01   1.9373696e-01  -1.5984766e-02  -1.4295505e-03   3.2009718e-04
  -3.3611044e-03   1.4555231e-01   2.6166932e-01  -1.6442056e-02  -1.2340703e-03   5.1738891e-04
  -2.2822105e-03   1.0547660e-01   2.0065799e-01  -1.5490679e-02  -1.2428729e-03   5.9084000e-04
   3.3163191e-02   1.6903683e-01   2.4422106e-01  -1.6491261e-02  -7.7309553e-04   9.6241621e-04
   2.2297607e-02   1.3696277e-01   2.1718340e-01  -1.5371330e-02  -2.9631988e-04   1.1852412e-03
   3.5962881e-02   1.3645864e-01   1.8154101e-01  -1.4208702e-02  -6.8730187e-04   1.1113790e-03
   3.2229219e-02   1.4930612e-01   2.4240053e-01  -1.5787443e-02  -1.8494572e-04   1.3333259e-03
   4.1405102e-02   1.4139529e-01   1.9316550e-01  -1.5880155e-02  -2.6954753e-04   1.5777935e-03
   4.5259529e-02   1.6274039e-01   2.5881370e-01  -1.6490568e-02   3.9616428e-05   1.5719065e-03
   5.6992493e-02   1.1732819e-01   1.8755550e-01  -1.5460680e-02  -2.7069101e-04   1.5939254e-03
   5.7795166e-02   1.9324610e-01   2.1940106e-01  -1.6435060e-02   1.6146072e-04   1.6886653e-03
   6.5628846e-02   1.3705741e-01   1.6603560e-01  -1.4292309e-02  -1.7627114e-04   1.9387308e-03
   7.8075863e-02   1.5686353e-01   2.7820139e-01  -1.5298874e-02   2.6711677e-05   1.8957695e-03
   9.0339613e-02   1.2380709e-01   2.4323002e-01  -1.5634581e-02   9.6031210e-05   2.0251732e-03
   8.1638988e-02   1.1695520e-01   2.4805179e-01  -1.5064519e-02  -1.3313331e-05   1.9398805e-03
   8.3940147e-02   1.4696169e-01   2.4292198e-01  -1.6318801e-02  -1.7458480e-04   1.7638857e-03
   6.5866765e-02   1.2962486e-01   2.1281431e-01  -1.5879265e-02   6.6778836e-06   1.8659996e-03
   7.7878169e-02   1.7233619e-01   2.2607785e-01  -1.6144709e-02  -3.8837450e-05   1.8802199e-03
   6.6217336e-02   1.3421277e-01   2.3259705e-01  -1.5569280e-02   1.3915436e-05   1.9509697e-03
   8.2936446e-02   1.4987600e-01   2.9361604e-01  -1.6172902e-02   2.3526999e-04   1.8439751e-03
   7.2858925e-02   1.2398720e-01   2.4563203e-01  -1.5452081e-02  -3.4933707e-05   2.0273008e-03
   1.2066271e-01   2.1020145e-01   3.1506508e-01  -1.7035392e-02  -3.2876978e-04   2.3614241e-03
   1.3217913e-01   1.3733608e-01   3.0288940e-01  -1.5665772e-02  -5.1268128e-04   2.8689284e-03
   2.2514696e-01   1.8331758e-01   4.1718739e-01  -1.5913959e-02  -1.3199517e-03   3.3264966e-03
   1.8900510e-01   1.6509424e-01   2.9454910e-01  -1.5454549e-02  -5.8316787e-04   3.6962123e-03
   1.6668030e-01   1.8420148e-01   2.8798963e-01  -1.6479039e-02  -3.2080383e-04   3.2589111e-03
   1.1092631e-01   1.3142389e-01   2.3864076e-01  -1.4559422e-02   1.4610382e-04   2.7017403e-03
   1.1816167e-01   1.4556619e-01   2.4703034e-01  -1.5019988e-02  -3.1104327e-05   2.5861569e-03
   9.8887034e-02   1.4366078e-01   2.4560605e-01  -1.5142958e-02   1.9688891e-04   2.7748990e-03
   1.1440537e-01   1.5183042e-01   2.6329448e-01  -1.5220228e-02  -1.8582264e-04   2.6323403e-03
   1.0642694e-01   1.1915549e-01   2.9085430e-01  -1.4289059e-02   1.6477524e-04   2.6868401e-03
   1.1942557e-01   1.6974506e-01   2.7924236e-01  -1.5502180e-02   2.8326481e-04   2.8116160e-03
   1.1378056e-01   1.3446289e-01   2.4587345e-01  -1.3326146e-02   2.8304842e-04   2.9931542e-03
   1.3053801e-01   1.6370138e-01   2.8604223e-01  -1.4954365e-02   3.5104531e-04   2.9543360e-03
   1.1328253e-01   1.2686834e-01   2.5534239e-01  -1.4233431e-02   2.9683438e-04   2.9062173e-03
   1.4234775e-01   1.4948492e-01   3.0491416e-01  -1.3436854e-02   8.9312782e-04   2.7209077e-03
   1.3254062e-01   1.0430070e-01   1.4428287e-01  -1.2215440e-02   3.5373697e-04   3.0953286e-03
   1.2694356e-01   1.3247239e-01   1.9499271e-01  -1.2858756e-02   8.0032749e-04   3.1907967e-03
   1.3636216e-01   1.3252848e-01   2.1679599e-01  -1.2763297e-02   7.6906507e-04   3.0280311e-03
   1.2886827e-01   1.1347665e-01   1.8555911e-01  -1.2366985e-02   7.8576687e-04   3.2693116e-03
   1.4374588e-01   1.6150912e-01   2.0417120e-01  -1.3586970e-02   7.4617190e-04   3.3335781e-03
   1.3141169e-01   1.0741508e-01   1.7761321e-01  -1.2034349e-02   6.8198776e-04   3.2920832e-03
   1.4835560e-01   1.8226260e-01   1.8787197e-01  -1.2300943e-02   6.0960137e-04   3.4708069e-03
   1.4293742e-01   1.1771897e-01   1.9446176e-01  -1.2377410e-02   6.7703164e-04   3.4068950e-03
   1.5796364e-01   1.4663792e-01   2.4764089e-01  -1.2876296e-02   5.2002519e-04   3.5037267e-03
   1.7157630e-01   1.5136315e-01   2.2102767e-01  -1.3456749e-02   7.2692150e-04   3.8323010e-03
   1.6309418e-01   1.1093954e-01   2.5153898e-01  -1.2092393e-02   1.1229139e-03   3.7743163e-03
   1.7964004e-01   1.6242696e-01   3.3210040e-01  -1.3017208e-02   1.2768313e-03   3.6180846e-03
   1.7372308e-01   1.0688577e-01   2.3928030e-01  -1.1142712e-02   1.1388907e-03   3.9767588e-03
   1.9370402e-01   1.5597436e-01   2.6613920e-01  -1.2865517e-02   9.3034096e-04   4.0953551e-03
   1.8988428e-01   1.4689226e-01   2.1380572e-01  -1.2198759e-02   1.2115002e-03   4.0814709e-03
   1.9483610e-01   1.8656845e-01   2.8573605e-01  -1.3378900e-02   1.0069911e-03   3.9419452e-03
   1.7720223e-01   1.3710358e-01   2.1059862e-01  -1.3130597e-02   1.3018236e-03   4.2764271e-03
   1.7450045e-01   1.8669700e-01   2.4933687e-01  -1.2531288e-02   1.6226403e-03   3.9238574e-03
   1.7398251e-01   1.5032672e-01   1.9442247e-01  -1.2023169e-02   1.1917272e-03   3.9353794e-03
   1.7275832e-01   1.7418937e-01   2.5769575e-01  -1.2528637e-02   1.1403842e-03   3.8312400e-03
   1.7766531e-01   1.7687139e-01   1.8030915e-01  -1.2441642e-02   9.0155369e-04   4.0815096e-03
   1.8872013e-01   1.8763247e-01   2.4708743e-01  -1.2564206e-02   1.0417805e-03   4.2746922e-03
   1.9881546e-01   1.6368573e-01   2.0083574e-01  -1.0987914e-02   1.0656704e-03   4.1438259e-03
   1.9888233e-01   1.5859865e-01   2.6009158e-01  -1.1584279e-02   1.4383078e-03   4.2797121e-03
   2.1160540e-01   1.7221893e-01   2.8935698e-01  -1.2413735e-02   1.4586722e-03   4.1062495e-03
   2.0961346e-01   1.4936385e-01   2.6179910e-01  -1.1490368e-02   1.2574016e-03   4.3806392e-03
   2.4905970e-01   2.1074243e-01   3.0744044e-01  -1.2627196e-02   1.1809406e-03   4.5950467e-03
   2.3411455e-01   1.5388826e-01   2.6790143e-01  -1.1410563e-02   1.3346661e-03   4.7323881e-03
   2.6626838e-01   2.1806387e-01   3.2600797e-01  -1.2530970e-02   1.4016196e-03   4.6306556e-03
   2.0842325e-01   1.2004724e-01   1.7862727e-01  -8.0510729e-03   2.0106238e-03   3.0312770e-03
   1.8049008e-01   1.5002975e-01   1.3440338e-01   4.2831635e-03   4.1847973e-03  -8.2402616e-04
   1.9817176e-01   3.9593506e-03  -1.1451810e-01  -1.7802511e-03   2.6726634e-03   1.7599426e-03
   1.8345608e-01   1.6391707e-02  -1.0209166e-02  -1.8622849e-03   2.8168643e-03   2.3720943e-03
   1.6354171e-01   4.7010429e-02  -3.6902582e-02  -2.1918674e-03   2.6428927e-03   1.8107386e-03
   1.6536491e-01   3.3922672e-02   1.8462506e-02  -1.0661015e-03   2.6633076e-03   1.7282505e-03
   1.6976631e-01   5.9873797e-02   6.0287297e-02  -9.2262302e-04   2.8927111e-03   1.7115570e-03
   1.8041033e-01   8.7374394e-02   9.7063333e-02  -1.1780982e-03   3.0370007e-03   1.9677267e-03
   1.8606588e-01   9.2969063e-02   1.3615364e-01  -1.9992991e-03   3.1339569e-03   1.8814441e-03
   1.9024817e-01   5.2770541e-02   1.1630968e-01  -3.3898832e-04   3.1401805e-03   1.8569826e-03
   2.4993059e-01   1.2799682e-01   7.3459348e-02  -3.7930322e-03   1.2907016e-03   2.8918190e-03
   1.5636205e-01   4.1907978e-01  -3.0257050e-02  -1.4453671e-02  -2.2945101e-03   8.0977084e-04
   1.8732552e-01   7.7112534e-03   2.3080749e-01  -4.0011169e-03  -3.4283588e-04  -1.6102975e-03
   1.6458302e-01   3.9156113e-01   3.5222591e-01  -1.7520903e-03  -2.7253100e-03  -9.4380789e-04
   1.6712143e-01   2.3191747e-01   6.0227005e-01  -1.1846550e-02  -2.3604523e-03  -3.5758002e-04
   1.7153625e-01   2.7138839e-01   5.1225661e-01  -9.4189805e-03  -2.2597305e-03  -8.6090684e-05
   1.6985036e-01   2.6944112e-01   5.4887885e-01  -9.4031642e-03  -1.9106958e-03  -1.0883469e-04
   1.0493305e-01   4.4975423e-01   8.1881263e-01  -3.8061854e-03  -4.0323022e-04  -2.2289922e-03
   1.1695829e-01   5.5324760e-01   9.2236628e-01   1.9251610e-04  -2.0939815e-03  -7.0213078e-04
   1.4951264e-01   5.0767650e-01   9.9501250e-01   2.1854164e-03  -3.7009990e-03   1.6908611e-04
   1.1124105e-01   2.6828959e-02   1.9833333e-01   7.6351916e-03  -2.0356857e-03  -1.7850928e-03
   8.6078593e-02   2.7269805e-01   2.1299985e-01   1.0176995e-02  -2.4847473e-03  -1.9889540e-03
   1.3434544e-01   1.4625535e-01   3.1135593e-01   3.0405101e-03  -1.8603504e-03  -2.0510440e-03
   1.4286755e-01   1.7331667e-01   4.0970673e-01   5.7239713e-04  -2.3371221e-03  -2.0233798e-03
   1.4476250e-01   2.2964655e-01   4.3212727e-01  -4.4346226e-04  -1.9086163e-03  -2.2463389e-03
   1.4455006e-01   2.2237118e-01   4.5049028e-01   1.3160005e-03  -1.3896014e-03  -2.5867300e-03
   1.4138987e-01   1.0061403e-01   3.5084550e-01   1.2172708e-03  -1.4072904e-03  -2.6001338e-03
   9.1559654e-02  -1.0890476e-01  -3.2577759e-02   1.4380723e-02  -1.8030020e-03  -3.0951676e-03
   1.0132964e-01   2.0703999e-01   3.6212041e-01  -4.3468068e-03  -3.4544580e-03  -1.4579690e-03
   1.1687427e-01   1.5573974e-01   4.3711736e-01  -7.2115367e-03  -3.6526717e-03  -1.0054959e-03
   1.3692881e-01   2.4585522e-01   4.8969569e-01  -8.2786243e-03  -3.7689761e-03  -1.3763217e-03
   1.2603209e-01   2.0474421e-01   4.6709280e-01  -7.7766295e-03  -4.0304876e-03  -1.0721888e-03
   1.4042115e-01   2.4773910e-01   5.3768017e-01  -7.5712081e-03  -3.7424536e-03  -1.4660231e-03
   1.2438444e-01   1.9144481e-01   5.0066677e-01  -7.2637718e-03  -3.5010364e-03  -1.1047694e-03
   1.4424607e-01   1.9893250e-01   4.5308433e-01  -8.0115532e-03  -3.9126253e-03  -1.1592803e-03
   1.5090621e-01   1.0784488e-01   3.4910264e-01  -2.3182529e-03  -4.1795426e-03  -9.0288252e-04
   8.5699303e-02   1.7123736e-01  -1.6194044e-02   6.9273695e-03  -4.9754565e-03  -1.5862469e-03
   1.5055298e-01   1.9395476e-01   5.6088705e-01  -1.2770636e-02  -3.7853481e-03  -4.2674371e-04
   1.4338727e-01   2.7801493e-01   4.8398196e-01  -1.0725301e-02  -4.0189671e-03  -5.2790292e-04
   1.3247364e-01   2.3645380e-01   5.4782740e-01  -1.0540308e-02  -3.9371644e-03  -3.9368049e-04
   1.3717976e-01   2.6420845e-01   5.5210998e-01  -1.1720387e-02  -4.0608408e-03  -4.7583196e-04
   1.3899016e-01   2.5839014e-01   5.6895175e-01  -1.0854794e-02  -4.2255307e-03  -2.7505019e-04
   1.4908467e-01   2.3419943e-01   5.4932025e-01  -1.1572784e-02  -4.1878882e-03  -3.8192407e-04
   1.3483973e-01   2.3032112e-01   5.3646356e-01  -1.0953636e-02  -4.0920843e-03  -3.4912462e-04
   1.6754267e-01   2.9869286e-01   6.0079839e-01  -1.1883675e-02  -4.4337787e-03  -3.7300254e-04
   1.5269180e-01   2.1914485e-01   5.6816992e-01  -1.0311187e-02  -4.2408377e-03  -3.0681470e-04
   1.7531301e-01   2.4239813e-01   5.9050667e-01  -1.1071488e-02  -4.3069882e-03  -4.7620561e-04
   1.5532321e-01   2.1105619e-01   5.5366347e-01  -1.0513165e-02  -4.2285094e-03  -3.4632606e-04
   1.1802772e-01   2.5170467e-01   4.7574316e-01  -1.0103504e-02  -3.1498475e-03  -9.2546396e-05
   1.3170829e-01   2.2781051e-01   4.1698821e-01  -9.7821320e-03  -3.6166979e-03  -5.0841740e-04
   1.3168754e-01   1.7998402e-01   4.5162069e-01  -1.1061613e-02  -3.3745373e-03  -3.6251520e-04
   1.4723098e-01   2.7019298e-01   4.6286104e-01  -1.1329823e-02  -3.6379211e-03  -2.2439585e-04
   1.4601955e-01   2.2025079e-01   5.1723251e-01  -1.0436242e-02  -3.6952430e-03  -1.6970388e-04
   1.5109046e-01   2.4735462e-01   5.4158824e-01  -1.0331686e-02  -3.9567520e-03  -2.3208824e-04
   1.4211614e-01   2.0709325e-01   5.3733134e-01  -1.0297621e-02  -3.8357389e-03   5.1275712e-06
   1.4721646e-01   2.4463861e-01   5.5413658e-01  -1.0970381e-02  -3.4881776e-03   5.4039642e-05
   1.4914447e-01   1.9807634e-01   5.0894039e-01  -1.0754807e-02  -3.5879100e-03   1.7003595e-05
   1.4746899e-01   2.5891730e-01   5.4259273e-01  -1.0216685e-02  -3.8204594e-03  -8.7288048e-05
   1.4211755e-01   2.4995627e-01   4.8425291e-01  -1.1559313e-02  -3.5078845e-03   2.5433138e-04
   1.5177443e-01   2.4800687e-01   5.5762203e-01  -1.1575740e-02  -3.4842172e-03   2.4744181e-04
   1.5226211e-01   2.2264880e-01   5.1960360e-01  -1.0990276e-02  -3.4604757e-03   1.8202489e-04
   1.7583749e-01   2.6470206e-01   5.5239157e-01  -1.1843470e-02  -3.4727178e-03   4.8437000e-04
   1.9787160e-01   2.1455506e-01   5.0167356e-01  -9.4108639e-03  -3.3007928e-03   5.9088862e-04
   2.0366614e-01   2.4459715e-01   5.6376332e-01  -1.1045572e-02  -2.9214260e-03   7.2096172e-04
   2.0895345e-01   2.3448838e-01   5.2355288e-01  -1.0921069e-02  -3.0769407e-03   7.9940718e-04
   2.0186471e-01   2.7460122e-01   5.5903180e-01  -1.0566194e-02  -3.0347914e-03   6.0134667e-04
   2.0314175e-01   2.4656719e-01   5.1175783e-01  -1.1349722e-02  -3.1235003e-03   9.7441748e-04
   2.0854669e-01   2.7454622e-01   5.7717160e-01  -1.1599187e-02  -3.0054866e-03   8.7600535e-04
   2.0640734e-01   2.4253665e-01   4.9465576e-01  -1.1028701e-02  -3.1496096e-03   1.2162457e-03
   2.2168576e-01   2.9009209e-01   5.8909520e-01  -1.1966070e-02  -2.8914415e-03   1.0711541e-03
   2.1167013e-01   2.3534077e-01   5.1589694e-01  -1.0992848e-02  -3.1978146e-03   9.3486840e-04
   2.1995219e-01   2.9008885e-01   5.9693243e-01  -1.0733771e-02  -2.9858451e-03   6.4703509e-04
   2.2096919e-01   2.2664314e-01   5.4626561e-01  -1.0303809e-02  -2.9510496e-03   9.7054619e-04
   2.5161313e-01   2.6399016e-01   5.8063280e-01  -9.6473276e-03  -3.3910305e-03   8.3832957e-04
   2.3806351e-01   2.5138794e-01   5.5890126e-01  -1.0467505e-02  -3.2965532e-03   1.1352088e-03
   2.4952406e-01   2.7387522e-01   5.8129501e-01  -1.1746384e-02  -3.0583434e-03   1.0833271e-03
   2.3759549e-01   2.4520504e-01   5.5121708e-01  -1.1169503e-02  -3.3356289e-03   1.2098220e-03
   2.4927733e-01   2.8255802e-01   5.6643854e-01  -1.1708158e-02  -3.3873651e-03   1.2230915e-03
   2.3227704e-01   2.6418924e-01   5.4026870e-01  -9.7109968e-03  -3.7760833e-03   1.0035303e-03
   2.3206012e-01   2.6279937e-01   5.3518301e-01  -9.8144886e-03  -3.5425545e-03   9.0543078e-04
   2.2729027e-01   2.7775238e-01   5.6629073e-01  -1.0638124e-02  -3.3578902e-03   9.6002458e-04
   2.3830702e-01   2.6792278e-01   5.3831557e-01  -1.0812632e-02  -3.3416783e-03   1.0546249e-03
   2.2872332e-01   2.8236943e-01   5.6016181e-01  -1.0637168e-02  -3.2836271e-03   1.0488912e-03
   2.4533791e-01   2.7528366e-01   5.3746362e-01  -1.1261505e-02  -3.2881690e-03   1.2510682e-03
   2.4003812e-01   2.8376531e-01   5.5436830e-01  -1.0187798e-02  -3.5688378e-03   9.6769232e-04
   2.3771009e-01   2.5319247e-01   5.2020400e-01  -1.0278632e-02  -3.5455699e-03   1.0374517e-03
   2.3149534e-01   2.9817565e-01   5.4358639e-01  -1.0412650e-02  -3.3711021e-03   1.0665887e-03
   2.1649783e-01   2.3025240e-01   4.8586595e-01  -1.0017642e-02  -3.4716880e-03   8.9623034e-04
   2.1501262e-01   2.7208589e-01   5.4987093e-01  -1.0585245e-02  -3.6260838e-03   9.1932739e-04
   1.8407523e-01  -3.3772390e-02   3.0344319e-01   2.1511731e-03  -4.3571977e-03  -1.6451687e-03
   9.6993765e-02   3.4574766e-01   4.5539826e-02   3.9260503e-03  -6.2991158e-03  -1.6952992e-03
   1.3685627e-01   2.3878189e-01   4.9479661e-01  -1.0399634e-02  -4.9980030e-03  -4.5860008e-04
   1.3047431e-01   2.0574542e-01   4.9808518e-01  -1.0135208e-02  -5.1800769e-03  -3.6459608e-04
   1.2765616e-01   2.7360420e-01   5.3207028e-01  -1.0650931e-02  -4.7550572e-03  -3.9133247e-04
   1.2790917e-01   2.4451475e-01   4.9928968e-01  -1.0887214e-02  -4.6613322e-03  -2.7619821e-04
   1.3667143e-01   2.4061528e-01   5.3379399e-01  -9.9437010e-03  -4.4317595e-03  -3.1331024e-04
   1.6104743e-01   2.6358100e-01   5.3624518e-01  -1.1041858e-02  -4.1074079e-03  -1.8997060e-04
   1.5977376e-01   2.8389342e-01   5.7659737e-01  -1.1576346e-02  -3.7333236e-03  -1.1613352e-04
   1.7102512e-01   2.8554652e-01   5.3316982e-01  -1.2047716e-02  -3.8337409e-03   2.5240842e-04
   1.9923465e-01   3.1649150e-01   6.3278506e-01  -1.2797196e-02  -3.6162946e-03   5.8908781e-04
   2.1110706e-01   2.7880001e-01   5.8101621e-01  -1.2116220e-02  -3.7081033e-03   7.7757354e-04
   2.1291278e-01   3.3198596e-01   6.6254849e-01  -1.3414212e-02  -3.0900469e-03   6.8453615e-04
   2.0133202e-01   2.8125821e-01   5.4950918e-01  -1.2163034e-02  -3.4445887e-03   7.8493608e-04
   1.9977516e-01   2.9398239e-01   5.7359631e-01  -1.2542205e-02  -3.5287002e-03   3.5077327e-04
   1.8382620e-01   2.8312113e-01   5.2817633e-01  -1.2194210e-02  -3.5191440e-03   4.8055101e-04
   1.9218569e-01   2.8954952e-01   5.2510149e-01  -1.1180617e-02  -3.4741717e-03   2.9132000e-04
   1.8436323e-01   2.8314037e-01   5.3655588e-01  -1.1556336e-02  -3.4765219e-03   4.1294747e-04
   1.9509670e-01   3.0193325e-01   5.5721943e-01  -1.2334835e-02  -3.3215859e-03   5.4012916e-04
   1.8631469e-01   3.0924033e-01   5.7675890e-01  -1.2342268e-02  -3.0620224e-03   8.6686366e-04
   1.9805541e-01   2.7438018e-01   5.4702679e-01  -1.2179773e-02  -3.6165238e-03   9.7454250e-04
   1.9778653e-01   3.0819124e-01   5.9727881e-01  -1.2600699e-02  -3.8389421e-03   1.0202696e-03
   2.0064163e-01   2.7237169e-01   5.8824411e-01  -1.1944591e-02  -3.9007099e-03   9.5180361e-04
   1.9340583e-01   2.8208695e-01   5.8922972e-01  -1.1895583e-02  -4.1015295e-03   9.2747215e-04
   1.9715137e-01   2.8951444e-01   5.5262123e-01  -1.2331523e-02  -4.4823594e-03   8.9651512e-04
   2.0016225e-01   2.6617269e-01   5.8973920e-01  -1.1799077e-02  -4.1343299e-03   1.0517214e-03
   2.0966929e-01   2.8061908e-01   5.6535979e-01  -1.1860997e-02  -4.0757834e-03   9.5702502e-04
   1.9639740e-01   3.1023580e-01   5.6705781e-01  -1.2082392e-02  -3.8721190e-03   9.2392456e-04
