   0.0000000e+00   0.0000000e+00   0.0000000e+00   0.0000000e+00   0.0000000e+00   0.0000000e+00
   6.6088372e-03  -2.6642304e-02   1.4177883e-03  -9.3623036e-05  -3.5906468e-04   9.2478979e-05
  -1.3391278e-03  -1.3281779e-02   8.5010391e-02   1.0028820e-03   3.4802117e-04  -2.1607257e-04
   4.0272774e-03  -6.6562901e-02   9.8726437e-04   2.2746529e-03  -2.4534166e-04  -2.7892596e-04
  -1.5479216e-03  -1.9594920e-02   8.5317853e-02   1.6068310e-03   2.1704534e-04  -4.0197848e-04
   1.1222665e-02  -5.6720049e-02  -1.2407244e-03   1.9986450e-03  -3.3755247e-04  -9.5733009e-05
  -2.3441943e-03   3.9664916e-03   6.8260454e-02   1.2618130e-03   3.3986816e-04  -4.7891645e-04
  -7.3313568e-03  -1.5508689e-02   2.6552047e-02   1.3868523e-03   9.6755475e-05  -2.1901500e-04
   6.3088411e-03  -1.9687269e-02   7.5369367e-02   1.1994188e-03   9.5853967e-05  -3.2619125e-04
   1.1761492e-02  -4.1589585e-02   1.6889688e-02   1.9814661e-03   1.8565626e-05  -3.3286807e-05
   1.4289193e-02  -2.3393054e-03   6.7349146e-02   1.4423492e-03   1.6661596e-04  -2.8479874e-04
   2.3597277e-02  -7.1199508e-02   3.9768238e-02   3.3186523e-03   1.0506182e-05   4.2458872e-05
   2.1658474e-02  -3.2259282e-02   1.1405207e-01   2.6357912e-03   1.8776322e-04  -3.3855225e-04
   2.5103547e-02  -6.2926249e-02   4.8951270e-02   2.9083030e-03  -1.0163939e-04   4.1722304e-06
   2.3353793e-02  -2.1120602e-02   9.3981251e-02   2.3274137e-03   3.6594961e-05  -2.9945221e-04
   2.1803792e-02  -4.4469459e-02   3.7433067e-02   2.3590386e-03  -6.6119271e-05   3.0276645e-05
   1.6806253e-02   1.6678906e-03   6.0909993e-02   1.3123084e-03  -9.9893227e-05  -2.3593866e-04
   1.9132732e-02  -4.0347400e-02   3.5288578e-02   1.8087944e-03  -4.9017644e-05   5.9744925e-05
   1.9393195e-02   8.1908802e-03   7.3558033e-02   1.7310260e-03   1.6973861e-05  -1.7496951e-04
   2.8526430e-02  -8.0165413e-02   4.2034686e-02  -1.5755175e-04  -5.4433051e-04   1.8084330e-04
   1.4452597e-02  -4.7274035e-02  -5.2825099e-02   6.3884884e-03   3.5836247e-04  -1.1211719e-03
   2.0010089e-02  -6.8091737e-03   5.1106671e-02   4.1707037e-03   7.3423665e-04  -7.5529020e-04
   3.0451126e-02  -5.1693756e-02   5.7221934e-03   2.5918337e-03  -4.2387424e-07  -1.7708252e-04
   3.1632397e-02  -3.9450066e-02   6.6136991e-02   1.7314932e-03   7.0443877e-05   1.2853450e-04
   3.0284991e-02   2.4435632e-02   9.6348871e-02   1.0644637e-03   2.7507851e-04  -2.2484908e-04
   2.2879961e-02  -3.1098129e-02   5.9587422e-02   1.3470171e-03   1.5500135e-04   5.9521295e-05
   2.8309740e-02   3.3718056e-02   8.5697832e-02   1.1571962e-03   2.0496123e-04  -1.4551451e-04
   2.4819217e-02  -1.2806848e-02   4.1169723e-02   1.4760001e-03   3.3939419e-04   1.0913676e-04
   2.2557074e-02   1.6728293e-02   5.0609923e-02   1.1362666e-03   3.7084781e-04  -2.9876249e-04
   1.8515195e-02   6.1677823e-03   4.0182602e-02   1.0191398e-03   5.4470182e-04  -1.2922565e-04
   2.3182923e-02  -3.7303378e-03   3.5461105e-02   1.1161951e-03   2.1316213e-04  -1.3965503e-04
   1.4799474e-02   3.9518875e-03   9.0727332e-02   1.7143175e-03   7.9912185e-04  -1.9347073e-04
   2.2753814e-02  -3.5344886e-02   4.5900968e-02   3.3735217e-03   2.8203817e-04  -1.9045561e-04
   2.5096851e-02   6.0744504e-03   1.0700172e-01   1.9492075e-03   5.7835503e-04  -2.4620189e-04
   2.6951082e-02  -2.5051102e-02   3.8903177e-02   1.9216790e-03   1.7747936e-04  -1.3139200e-04
   8.6913939e-03   2.8496157e-02   1.0644941e-01   1.3488531e-03   8.1505856e-04  -3.5706844e-04
   1.8196492e-02  -4.4930033e-04   3.5688035e-02   1.4641190e-03   1.6213586e-04  -7.4448107e-05
   1.6135342e-02   5.2299922e-02   1.4372931e-01   1.0735952e-03   9.3473558e-04  -3.8259081e-04
   2.2127601e-02  -3.1574877e-02   5.5639027e-02   1.6236180e-03   3.3149232e-04  -6.3422507e-05
   3.7704879e-03   2.0739323e-02   1.4564979e-01   1.4377873e-03   9.3792974e-04  -3.8119259e-04
   1.6352212e-02  -4.1135228e-02   5.8601706e-02   2.6318501e-03   3.8716671e-04  -1.6623392e-04
   1.3087086e-02   9.4781477e-03   1.2753934e-01   2.2693222e-03   8.6085520e-04  -4.6592200e-04
   1.6072715e-02  -3.7562667e-02   6.3546691e-02   2.4992601e-03   4.2784107e-04  -3.6975531e-04
  -2.5121719e-03   3.5247173e-02   8.6612097e-02   1.7094711e-03   9.2469599e-04  -4.3662158e-04
   1.6092329e-02   3.1452740e-02   1.6963468e-01  -1.5323783e-03   1.1883438e-03  -2.1323631e-04
   3.5529478e-02  -7.2719591e-02   3.7657515e-02   7.7299483e-04   3.7360195e-04   2.8348358e-04
   2.9865773e-02  -8.9037116e-03   5.3910933e-02   1.1010364e-03   6.6509812e-04   3.1074651e-04
   2.1418465e-02  -3.8599346e-03   6.1043570e-02   1.0315887e-03   5.9601834e-04   8.4105800e-05
   2.2035087e-02  -3.0121032e-03   6.7114503e-02   1.1549740e-03   8.2643434e-04  -2.4114086e-05
   3.0426750e-02   2.9509992e-02   8.2368371e-02   3.7758159e-04   9.0685676e-04  -6.9819274e-05
   3.7478654e-02  -7.2360593e-03   8.8542929e-02   5.5832315e-04   7.9725568e-04   2.2307759e-04
   3.4946294e-02   2.5803722e-02   1.2394157e-01   3.8154623e-04   9.3770031e-04   5.6957739e-05
   3.3049227e-02  -3.2727668e-02   8.6397467e-02   8.5437700e-04   6.5975055e-04   2.2425946e-04
   3.1617474e-02   9.2102795e-03   1.3314296e-01   1.3332924e-03   8.9952173e-04   3.1903229e-05
   3.1921054e-02  -2.1832625e-02   5.8552123e-02   1.3822511e-03   6.2785056e-04   5.6856921e-05
   3.1467256e-02   2.7207167e-02   7.2491649e-02   2.4242539e-03   7.7069505e-04   3.0708683e-04
   3.7259313e-02   1.2710412e-01   7.9790760e-02  -3.7060765e-03  -6.7582580e-04   7.3258434e-04
   4.3002111e-02   1.1122993e-02   1.0258409e-01  -6.3138129e-03  -6.4047180e-04   1.4684877e-03
   4.0929702e-02   1.0108587e-01   1.2412252e-01  -6.1919663e-03  -8.0323182e-05   9.5237757e-04
   4.2319531e-02   4.6576205e-02   7.1338816e-02  -6.0556606e-03  -6.2745195e-04   1.4289645e-03
   3.7548680e-02   8.9551977e-02   1.4129658e-01  -6.5225242e-03   2.5580257e-05   9.9143371e-04
   3.6328718e-02   6.6740406e-02   8.1828396e-02  -6.2130520e-03  -3.5412948e-04   1.2349753e-03
   4.7781452e-02   1.0336718e-01   1.4614281e-01  -6.9008204e-03   8.2641768e-05   9.4893880e-04
   3.6875766e-02   7.6636848e-02   9.2449875e-02  -6.3177216e-03  -2.0369177e-04   1.1361475e-03
   4.5506581e-02   9.5181276e-02   1.4501955e-01  -7.1486484e-03  -1.2766331e-04   9.1579780e-04
   3.5166237e-02   6.9734672e-02   1.1368570e-01  -5.0792966e-03  -7.2405070e-05   1.1249877e-03
   4.1576427e-02   7.1432122e-02   1.6706972e-01  -4.9840409e-03   1.1819899e-04   4.1045507e-04
   3.8344424e-02   7.3515941e-02   1.2532198e-01  -5.6869887e-03   8.8300766e-07   1.0047961e-03
   4.2608666e-02   5.6496085e-02   5.9151137e-02  -4.4028807e-03  -3.8894141e-04   8.2402136e-04
   3.4286528e-02   6.7380929e-02   8.9751291e-02  -5.3669349e-03   2.3801902e-04   1.0793166e-03
   3.5899634e-02   8.9743788e-02   3.6117986e-02  -6.3845409e-03  -8.2324336e-05   1.0853696e-03
   2.0342963e-02   8.4029767e-02   1.0455484e-01  -5.7290946e-03   3.2079356e-04   9.7977233e-04
   2.5359705e-02   6.7429203e-02   6.6137292e-02  -5.5079465e-03  -1.8356305e-04   9.9462147e-04
   1.6844878e-02   9.7717008e-02   1.3395761e-01  -4.8839303e-03   4.0787211e-04   7.4622518e-04
   3.2283238e-02   8.1304319e-02   9.1945077e-02  -8.8786885e-03  -1.5577477e-03   1.8970735e-03
   3.0278867e-02   7.9536560e-02   1.2426702e-01  -8.1647378e-03  -7.6308842e-04   1.6908907e-03
   2.3322425e-02   8.6116765e-02   1.4345067e-01  -8.1372496e-03  -6.4191692e-04   1.2735400e-03
   3.1828922e-02   7.1774721e-02   1.1687220e-01  -7.4536397e-03  -8.1987523e-04   1.4823900e-03
   1.6262942e-02   1.3550448e-01   1.5267243e-01  -8.6410944e-03  -1.6978491e-04   1.2721338e-03
   2.4250894e-02   8.0193350e-02   9.2806342e-02  -7.8208222e-03  -6.8728421e-04   1.4358802e-03
   2.8705498e-02   1.0077341e-01   1.4060629e-01  -8.5538054e-03  -4.0272234e-04   1.4683711e-03
   2.4671531e-02   6.7773412e-02   1.4140441e-01  -7.4457242e-03  -7.7123004e-05   1.1428536e-03
   1.9842118e-02   6.9582938e-02   1.3155853e-01  -6.8549997e-03  -1.3461047e-04   1.0974907e-03
   2.5317324e-02   1.1524303e-01   1.4123155e-01  -8.2373362e-03  -1.4956292e-04   1.1139018e-03
   8.8655885e-03   1.2229039e-01   1.5290425e-01  -8.1780158e-03   3.3166360e-04   1.1909142e-03
   1.8047647e-02   4.9971134e-02   8.6888323e-02  -6.6720168e-03   3.4538174e-04   9.7255677e-04
   3.1672699e-02  -1.5697963e-01  -1.6881134e-02   7.3085258e-04  -2.5849792e-05  -3.0754929e-05
   1.8013612e-02   3.1385151e-02   1.7041309e-02  -3.7125328e-03  -4.9840664e-04   5.3531545e-04
   2.1426165e-02   7.0350668e-02   2.7113583e-02  -2.7811560e-03   1.1471262e-04   4.5664818e-04
   2.5865510e-02   2.5887067e-02   3.2380221e-04  -1.9447294e-03  -3.9058112e-04   4.7276939e-04
   2.4951978e-02   3.5058253e-02   3.5727195e-02  -6.7116403e-04  -3.2559578e-04   4.9634752e-04
   2.9626725e-02   4.0708291e-02   9.1014355e-02  -2.3847493e-03  -2.0522665e-04   3.4177616e-04
   2.9521733e-02   2.3442207e-03   7.6553717e-02  -2.1315161e-03  -2.3322520e-04   4.9312784e-04
   2.8991552e-02   9.4176045e-02   1.3706755e-01  -3.0216204e-03   4.8960285e-04   3.6775605e-06
   2.6400539e-02   5.1532833e-03   4.9337143e-03  -2.8869454e-03   7.6756581e-05   4.8907729e-04
   3.7601512e-02   1.1410207e-02   4.9732044e-02  -2.0180205e-03   1.5591606e-04   5.8760374e-04
   4.2089160e-02   8.8074530e-02   6.8224145e-02  -2.8504366e-03   5.0364315e-04   2.5351619e-04
   3.2502899e-02   8.0118787e-03  -9.5466125e-03  -2.4864187e-03  -9.4131099e-05   5.4285669e-04
   2.9740761e-02   8.5173079e-02   7.3984285e-02  -3.0820493e-03   4.1750251e-04   3.6033836e-04
   2.8853399e-02   1.0696463e-02   2.0614987e-02  -9.9628306e-04   2.6975257e-04   2.6620795e-04
   1.9028474e-02   3.0233480e-02   5.5962999e-02   5.3759199e-04   7.6321673e-04  -4.1953696e-04
   2.7328401e-02  -1.2300422e-02  -5.6902220e-03  -1.4737576e-04   3.0491539e-04  -7.6259078e-05
   2.9851213e-02   4.7605993e-02   5.4561722e-02  -9.5122943e-04   9.6501338e-04  -2.7161429e-04
   3.4797893e-02   3.8476088e-03  -2.0639517e-02  -1.0032810e-03   6.2615613e-04  -1.4182141e-06
   3.3562881e-02   4.9577005e-02   7.0406451e-02  -1.4572944e-03   1.2722337e-03  -2.4024459e-04
   3.3835628e-02  -2.7671906e-02   9.7524550e-03   8.3281173e-04   7.3193994e-04  -1.4510358e-06
   2.2036733e-02   4.8151384e-02   8.1912617e-02  -4.9796651e-04   1.4041653e-03  -3.8745672e-04
   2.9400116e-02  -1.4259896e-02  -2.1407096e-03   1.4651246e-04   6.7191610e-04  -2.5986525e-04
   3.1938757e-02  -2.1899060e-02   2.3044399e-02   4.7407943e-04   5.2814896e-04  -8.6615325e-05
   3.2407477e-02   4.8829189e-02   5.5044314e-02  -7.3162595e-04   9.1414312e-04  -3.7685427e-04
   3.5453138e-02   1.3590763e-02   1.7561074e-02  -3.4746149e-04   5.0230487e-04  -5.6408457e-05
   3.7072714e-02   2.2537952e-02   8.7640371e-02  -1.6346184e-04   9.9191859e-04  -3.0666698e-04
   3.5622767e-02   5.0183344e-03   4.4538653e-02   4.0020512e-04   7.5666705e-04  -1.9307387e-04
   5.0038412e-02   3.4917487e-02   9.9781608e-02  -4.8233955e-04   9.5960080e-04  -4.6053549e-04
   5.1125617e-02  -3.8049133e-02   1.9963768e-02   3.1470587e-04   5.5234707e-04   7.6041397e-05
   3.9258866e-02   2.3540492e-02   2.7007313e-02   2.9731056e-04   8.7905067e-04  -2.5957172e-04
   3.6611201e-02  -1.0607613e-02  -2.3394386e-02   1.1793842e-03   4.3584282e-04  -3.4075396e-04
   2.2904218e-02   4.0251290e-02   4.3037889e-02  -2.4460695e-04   1.1032579e-03  -3.5166558e-04
   3.7936810e-02  -1.6888594e-02   3.6805072e-02   5.2048774e-04   7.6047556e-04  -3.6122015e-04
   3.2410135e-02  -8.2857153e-03   7.1932803e-02   4.0119884e-04   1.0005525e-03  -3.5097800e-04
   4.2020827e-02  -3.0837195e-02   3.6343530e-02   5.9434690e-04   6.2933283e-04  -1.8390826e-04
   3.5036952e-02   2.7104907e-02   3.8759768e-02  -1.5590242e-04   9.8240209e-04  -1.9292119e-04
   5.7025294e-02  -3.0493028e-03   3.1510180e-02  -5.2166036e-04   8.4059598e-04  -1.0747584e-04
   3.7750519e-02  -2.3356009e-02   7.6661969e-02   3.6858263e-03   9.5440119e-04  -4.6325700e-04
   4.5780868e-02   8.3477397e-02   1.4192882e-01  -5.3982412e-03  -1.0773636e-03   8.3074721e-04
   7.2053993e-02  -2.0680415e-01  -2.1240861e-02   2.2621689e-03  -6.2445368e-04   3.4036071e-05
   3.4735405e-02  -1.4706143e-02  -1.0149673e-01   2.9133504e-03  -1.1828419e-03   4.2410988e-04
   4.0987287e-02  -2.7623275e-03  -2.6351932e-02  -1.7966038e-03  -3.8001388e-04   7.3072462e-04
   5.0072151e-02   5.0028047e-02   7.1896249e-02  -1.9768853e-03  -5.3589192e-05   2.9980144e-04
   4.6398416e-02  -1.0904982e-02   2.8771297e-02  -1.5496973e-04  -3.2110177e-04   4.0230631e-04
   5.0016918e-02   3.6034073e-02   9.1265882e-02  -5.7294206e-04   1.1314277e-04   1.7156273e-04
   4.8683681e-02  -1.1869854e-02   3.4529710e-02  -9.8742792e-05  -3.0915652e-04   4.8300814e-04
   4.5066602e-02   3.0554389e-05   4.9482280e-02   8.3832812e-04  -2.0108953e-04   5.0057695e-04
   6.4142449e-02   2.7846699e-02   7.4369800e-02  -7.5438418e-04  -7.8765775e-05   3.9276911e-04
   5.4888911e-02  -5.8620395e-03   4.0810052e-02  -5.4553829e-04  -1.4137748e-04   6.2703286e-04
   6.5922108e-02   9.9878980e-02   1.5722675e-01   3.2688854e-04   1.1561918e-03  -2.1884924e-04
   4.8558897e-02  -4.3709623e-03  -1.5239826e-01   4.9384263e-04  -5.3785198e-04   6.0742670e-04
   5.5787883e-02  -3.7674404e-02  -9.7928175e-03   8.4261969e-04  -3.0821634e-04   6.1090620e-04
   5.5597826e-02   1.3102967e-02  -1.9666037e-03   1.1460101e-03  -3.6217432e-04   4.7583876e-04
   5.6996136e-02   5.9047320e-02   4.7862414e-02   6.5044736e-04   1.4280386e-04  -6.5357107e-06
   6.0786484e-02  -7.2720032e-03   1.8378340e-02   1.6239866e-03  -1.2221531e-04   2.7848815e-04
   6.6898629e-02   2.0176353e-02   7.6612643e-02   9.5838375e-04   2.1673793e-04   2.0411052e-04
   5.9528047e-02   4.4863735e-02  -3.0915110e-03  -1.6323266e-03  -1.1068137e-03   1.1547472e-03
   8.3916050e-02   1.0507296e-01   9.8653473e-02  -9.2087923e-03  -2.0067258e-03   2.5054606e-03
   7.4837391e-02   5.9923560e-02   5.9742728e-02  -7.8854613e-03  -1.5900342e-03   2.5356392e-03
   7.1907547e-02   1.1106065e-01   9.9584765e-02  -8.0388703e-03  -1.3127146e-03   2.3268986e-03
   6.8591171e-02   1.0187926e-01   7.9141380e-02  -7.4040290e-03  -1.3227600e-03   2.1664640e-03
   6.2278040e-02   7.2241540e-02   1.1063258e-01  -6.7104123e-03  -1.1953411e-03   1.9993816e-03
   6.5910335e-02   9.2906354e-02   8.5200750e-02  -5.5618686e-03  -1.4555245e-03   1.9890372e-03
   5.3916170e-02   8.5101654e-02   9.6821001e-02  -7.0566896e-03  -1.5608445e-03   2.3023472e-03
   5.6613670e-02   9.1119448e-02   1.4963746e-01  -8.7493406e-03  -1.5973860e-03   2.1913281e-03
   5.2911092e-02   1.1776979e-01   8.9985319e-02  -7.3873893e-03  -1.3061431e-03   2.0611957e-03
   6.2053295e-02   1.2450306e-01   1.4255436e-01  -7.7480478e-03  -1.0399426e-03   1.8503034e-03
   6.4762147e-02   4.7166234e-02   4.5836041e-02  -5.2987343e-03  -1.1184887e-03   2.1332318e-03
   7.5272452e-02   1.1114754e-01   1.0539854e-01  -6.3776657e-03  -6.1712435e-04   1.8012121e-03
   6.4788681e-02   5.8151801e-02   4.7613818e-02  -5.6582870e-03  -9.7145351e-04   1.8457390e-03
   6.4461091e-02   1.2781335e-01   1.3213550e-01  -6.1602437e-03  -4.0473076e-04   1.4664971e-03
   6.8090869e-02   6.0837255e-02   5.4585496e-02  -5.0953702e-03  -1.3011841e-03   1.8371970e-03
   7.6173937e-02   1.1185016e-01   1.2782994e-01  -4.2229847e-03  -8.5375977e-04   1.6225904e-03
   8.7996130e-02   6.2451119e-02   7.0663167e-02  -4.8460629e-03  -1.1794761e-03   1.9451516e-03
   8.5664146e-02   1.2059997e-01   1.5005296e-01  -5.5853473e-03  -5.7696864e-04   1.6852014e-03
   9.6435647e-02   6.4943919e-02   7.7279265e-02  -5.2188963e-03  -1.2587920e-03   1.9699884e-03
   9.9122019e-02   1.1358677e-01   1.6350298e-01  -5.6623944e-03  -9.5544554e-04   1.6667341e-03
   9.5155422e-02   4.3132133e-02   7.1303948e-02  -4.9450664e-03  -1.4175478e-03   1.9658270e-03
   9.6479343e-02   1.0854563e-01   1.6213451e-01  -5.2982922e-03  -8.0473592e-04   1.5807579e-03
   1.0216502e-01   4.9701574e-02   6.4381553e-02  -4.2482650e-03  -1.2347912e-03   1.9540347e-03
   9.1352214e-02   8.8267802e-02   1.1147988e-01  -5.0066417e-03  -8.4396432e-04   1.7333157e-03
   9.7622941e-02   9.2416630e-02   1.0243542e-01  -5.1037240e-03  -1.1165973e-03   1.5654904e-03
   8.1739673e-02   8.8317900e-02   1.0968283e-01  -4.6537933e-03  -8.9951650e-04   1.5667987e-03
   9.6448862e-02   9.0937296e-02   8.7260319e-02  -5.3025471e-03  -1.0451647e-03   1.6837368e-03
   1.0163372e-01   1.7824148e-01   1.9193046e-01  -1.2292661e-02  -2.3127825e-03   2.9618865e-03
   9.5239926e-02   1.0654796e-01   7.8416790e-02  -1.0879366e-02  -2.4115089e-03   2.9684271e-03
   1.0403744e-01   1.5240823e-01   1.6995253e-01  -1.0946770e-02  -1.4920140e-03   2.6732696e-03
   1.0760065e-01   1.0135452e-01   6.7524275e-02  -9.7389430e-03  -1.9183149e-03   2.8067216e-03
   1.0931045e-01   1.3777414e-01   1.4029721e-01  -1.0162065e-02  -1.6547008e-03   2.5595670e-03
   9.8893440e-02   8.1302923e-02   7.2785529e-02  -9.0772822e-03  -1.7465606e-03   2.5846075e-03
   1.0471519e-01   1.4108527e-01   1.6500068e-01  -8.3335348e-03  -1.3627075e-03   2.1279933e-03
   8.0631424e-02   1.1036621e-01   6.8504184e-02  -1.1995986e-02  -2.5146434e-03   3.2375209e-03
   7.1197495e-02   1.4986641e-01   1.0428862e-01  -1.1684899e-02  -1.9245177e-03   2.8549209e-03
   7.3730832e-02   1.2049416e-01   2.2204091e-02  -1.1071843e-02  -2.2923500e-03   2.7926416e-03
   7.1203622e-02   1.2359896e-01   8.8211068e-02  -9.6341445e-03  -2.0529618e-03   2.4906664e-03
   9.1608501e-02   9.6370032e-02   8.8944511e-02  -9.8673134e-03  -2.2695218e-03   2.5582401e-03
   8.6006867e-02   1.1682433e-01   7.0055162e-02  -1.0694171e-02  -2.2128883e-03   2.8034718e-03
   9.4305681e-02   1.5347332e-01   1.7399052e-01  -1.1156097e-02  -1.7908829e-03   2.5403213e-03
   9.8081746e-02   6.8965513e-02   1.0687139e-01  -9.5164454e-03  -2.2465186e-03   2.8010188e-03
   9.6065380e-02   1.2568019e-01   1.5295197e-01  -1.0362764e-02  -1.9943244e-03   2.7354025e-03
   9.5493101e-02   1.2020358e-01   5.5335152e-02  -1.0863348e-02  -2.4222760e-03   2.8268403e-03
   9.0375417e-02   1.6085425e-01   1.5802792e-01  -1.0295805e-02  -1.7015519e-03   2.2845601e-03
