   0.0000000e+00   0.0000000e+00   0.0000000e+00   0.0000000e+00   1.3877788e-17   0.0000000e+00
  -2.6618486e-03  -2.8354152e-02  -7.2429845e-02   3.6977317e-04   1.7553727e-04  -1.4388854e-04
  -3.9600672e-03   2.0632443e-02   1.2840088e-02   4.0713557e-04   4.6688368e-04  -6.6599388e-04
  -1.9948911e-03  -7.1922977e-03  -3.0943996e-02   5.8799175e-04  -1.8338618e-04  -1.9404889e-04
  -1.5366004e-03   3.1368604e-02   3.4896938e-02  -6.6442648e-04  -2.5932187e-04  -3.3362118e-04
  -9.9867019e-03  -2.7149198e-03   1.5916394e-02  -1.3975506e-04  -3.0351686e-04  -9.7011793e-05
   6.8535131e-04   2.5356581e-02   5.8107901e-02  -3.9590611e-05  -4.4595612e-04  -3.4573277e-04
  -4.7172834e-03   5.3070915e-02   1.0793968e-01  -5.9715805e-04   6.3931935e-05   5.6942771e-06
  -4.2476220e-02   2.5632088e-02   3.1282316e-02  -5.1552015e-04   2.3463552e-05  -5.7387393e-04
  -4.9260594e-02   7.4214985e-02   1.0634095e-01  -1.4180309e-03   9.6405908e-05  -7.1892380e-04
  -4.1770894e-02   3.1835642e-02   7.5833833e-02  -4.2876668e-04  -2.8411881e-05  -5.5529497e-04
  -4.9917151e-02   4.6138897e-02   5.7197443e-02  -8.6904257e-04   2.9654783e-04  -5.8429917e-04
  -4.7909497e-02   5.3142193e-02   6.2320234e-02   8.6057077e-05  -2.6383280e-05  -6.3649122e-04
  -4.1972867e-02   3.2752949e-02   2.6363952e-02  -7.2532078e-04   1.1450310e-04  -4.6404057e-04
  -2.0457980e-02   9.5677089e-02   1.3580645e-01  -2.0326600e-03  -6.5175506e-04  -6.3143768e-04
  -9.1151361e-03   4.4686687e-02   8.7030987e-02  -9.2170405e-04  -5.3294913e-04  -2.1796860e-04
   1.2658714e-04   6.0463567e-02   6.6758114e-02  -1.6904383e-03  -2.8281235e-04  -1.6401572e-04
   1.5937407e-03   7.6385620e-02   1.0623234e-01  -1.2925787e-03  -5.2885595e-04  -3.2430632e-04
  -2.5563182e-04   6.5187597e-02   6.1184059e-02  -1.9577434e-03  -3.7344845e-04  -1.7906152e-04
  -2.2382750e-04   7.4857829e-02   1.3870051e-01  -2.6471483e-03  -4.0034136e-04  -2.0937835e-04
  -8.1238354e-04   4.2651415e-02   1.1996807e-01  -1.9534440e-03  -3.1891181e-04  -1.4256234e-04
  -2.4411309e-03   8.6793620e-02   1.7606299e-01  -3.0432985e-03  -2.8146757e-04  -2.6618922e-04
  -9.1548605e-03   4.1572693e-02   9.8644096e-02  -1.5595625e-03  -2.7795778e-04  -1.7313177e-04
   3.7521417e-03   9.6640556e-02   1.4744213e-01  -3.1292345e-03  -3.6610726e-04  -2.7296658e-04
  -3.2011253e-03   5.0965227e-02   9.4754851e-02  -1.6237164e-03  -5.8405730e-04  -3.0772480e-04
   6.5104519e-04   5.7030151e-02   9.5995514e-02  -2.1631807e-03  -5.8730546e-04  -3.8770348e-04
  -1.3136372e-03   6.8930020e-02   1.2496788e-01  -2.6832635e-03  -4.6695445e-04  -2.7165260e-04
   2.5784053e-03   4.3847851e-02   8.7224767e-02  -2.3434566e-03  -4.6872365e-04  -1.2853132e-04
   3.0830904e-02   1.0324025e-01   1.6712877e-01  -3.4422969e-03  -4.2627651e-04  -6.7336721e-05
   3.2111671e-02   7.8759176e-02   1.3040153e-01  -3.1371604e-03  -2.4003827e-04   4.4878480e-04
   3.6357646e-02   7.7658173e-02   1.1320329e-01  -3.2449999e-03  -3.6596008e-04   3.3576171e-04
   3.2339984e-02   8.4565335e-02   1.2549670e-01  -3.1361172e-03  -3.7670370e-04   3.0608366e-04
   4.2908621e-02   4.5510716e-02   5.3875369e-02  -1.2865605e-03  -4.9117192e-04   4.2364919e-04
   4.4678715e-02   1.0574179e-01   1.2248914e-01  -1.9354301e-03  -4.3908778e-04   3.0585313e-04
   5.7628392e-02   6.0362019e-02   1.1291352e-01  -2.0904196e-03  -4.5492037e-04   6.5192365e-04
   5.6128868e-03   1.5914680e-01   3.1723163e-01  -4.2457392e-03   3.7355121e-04   1.9767893e-04
  -2.6678139e-02   2.8195146e-01   3.0886268e+00  -2.0867486e-03  -1.3883510e-04   1.2282244e-03
   3.3466352e-02   1.0299670e-01   1.1313229e+00  -2.2829370e-03   4.2812432e-03   1.4358352e-03
  -1.4207613e-02   2.3152694e-01   9.5171060e-01  -6.9491258e-03   3.1509391e-03  -5.0744240e-05
  -1.5046389e-02   2.0484212e-01   1.0562659e+00  -6.3285766e-03   2.5333349e-03   3.0488046e-04
  -2.9312797e-02   1.8932376e-01   1.1213578e+00  -7.5040746e-03   1.7140204e-03  -4.6490106e-05
  -2.4942213e-02   1.8973162e-01   1.1235018e+00  -6.8403140e-03   1.6122974e-03   1.5450046e-04
  -1.8738138e-02   2.2482975e-01   1.1659378e+00  -7.2005106e-03   1.5457670e-03   2.2004619e-04
  -2.1882853e-02   1.7257202e-01   1.0790204e+00  -7.4155194e-03   1.3492606e-03   4.7647505e-04
  -2.9943025e-02   1.6760564e-01   1.0970751e+00  -5.6542052e-03   1.2891492e-03   2.9341396e-04
  -3.5257610e-02   1.9625478e-01   1.0904665e+00  -6.7245588e-03   1.2170222e-03  -3.5596693e-05
  -3.4309665e-02  -2.3036993e-01   7.3446613e-01   1.6689033e-02   1.2981109e-03  -3.2730134e-03
  -6.9249769e-02   9.6510797e-02   8.1263496e-01   7.6652540e-03   1.9779124e-03  -1.9499111e-03
  -2.9828823e-02   5.6442515e-02   8.5949555e-01   7.9896873e-03   2.0750834e-03  -1.5321411e-03
  -3.9986278e-02   9.0165251e-02   8.7866638e-01   8.1408378e-03   2.0208662e-03  -1.5275105e-03
  -3.6075254e-02   5.4196122e-02   8.0148622e-01   1.0573630e-02   1.5858878e-03  -1.3568152e-03
  -3.0274856e-02   8.9829185e-02   9.0697993e-01   8.9259901e-03   1.6614552e-03  -1.3590524e-03
  -1.8902485e-02   1.8765347e-01   9.5151348e-01   9.4373119e-03   1.2971604e-03  -1.2040870e-03
  -3.1432731e-02   3.0919181e-02   7.8355525e-01   1.1359836e-02  -1.7561664e-05  -9.6395033e-04
  -3.2691884e-02   9.3112882e-02   8.8789465e-01   1.2690201e-02   5.4341751e-05  -8.8663239e-04
  -5.5759791e-03   1.4944741e-01   9.4387814e-01   1.2086599e-02   4.6330472e-04  -8.9807922e-04
  -3.7665134e-02  -2.0874957e-01   6.1410613e-01   1.9425863e-02  -3.5646206e-03  -2.7549963e-03
  -1.0455486e-01   1.0580021e-01   5.9898959e-01   1.7002128e-02  -2.2325618e-03  -1.6256424e-03
  -6.7134863e-02   6.1261410e-02   8.2806814e-01   7.4360825e-03   6.8377719e-05  -6.2305359e-04
  -6.8757938e-02   9.3363984e-02   7.6706297e-01   5.5340307e-03  -3.1907923e-04  -7.6704963e-04
  -6.0352131e-02   7.6244782e-02   8.3710247e-01   6.2694260e-03  -2.5808671e-04  -6.2041883e-04
  -3.4866625e-02   1.3946139e-01   9.1176015e-01   4.1073797e-03  -3.4713485e-04  -4.7952561e-04
  -4.7346270e-02   5.7202756e-02   8.7714433e-01   4.9294833e-03  -1.7744242e-04  -4.3132067e-04
  -3.3548309e-02   1.0167566e-01   9.0067297e-01   5.9474170e-03  -4.5422352e-04  -6.2856559e-04
  -4.3400701e-02   7.0188676e-02   8.3989208e-01   6.2509120e-03  -3.8775483e-04  -5.5812603e-04
  -3.3243578e-02   1.2739715e-01   8.9620709e-01   4.6875749e-03  -4.3841995e-04  -5.9823950e-04
  -4.9016672e-02   9.6355530e-02   8.4085785e-01   5.0149253e-03  -1.8121170e-04  -5.1795019e-04
  -3.8603061e-02   1.5534709e-01   9.0182275e-01   3.7780977e-03  -1.8224066e-04  -7.0051459e-04
  -4.2788707e-02   9.6662102e-02   8.4677817e-01   5.1906030e-03  -1.2992509e-04  -5.1650677e-04
  -2.1423240e-02   1.3715959e-01   8.8476324e-01   4.9972690e-03  -3.6947207e-04  -4.7449796e-04
  -2.8505741e-02   7.3040144e-02   8.7316547e-01   5.4702661e-03  -6.0297994e-05  -5.3989026e-04
  -1.9470209e-02   1.3349195e-01   9.1436635e-01   5.0098863e-03  -1.6429350e-04  -5.4562293e-04
  -3.4833503e-02   1.1376416e-01   8.4491878e-01   6.0209214e-03  -3.0620393e-04  -5.5537109e-04
  -3.3766982e-02   9.3335614e-02   8.8102522e-01   5.3105617e-03   8.2727325e-05  -5.0210457e-04
  -4.9498684e-02   5.3556250e-02   8.3841128e-01   6.7818330e-03   6.4930189e-04  -3.3111767e-04
  -4.9301883e-02   8.8155099e-02   8.2654732e-01   7.4964610e-03   4.4852162e-04  -5.1834157e-04
  -4.2755397e-02   9.4063760e-02   8.0284657e-01   5.8436076e-03   3.6292945e-04  -4.5865787e-04
  -3.4296555e-02   1.0915226e-01   8.3433969e-01   7.6638271e-03   1.4334699e-04  -5.1850560e-04
  -2.4573896e-02   1.1381886e-01   8.3487019e-01   6.0815681e-03   3.9869598e-04  -2.3617345e-04
  -1.1469155e-02   8.8528230e-02   8.8307130e-01   5.6962217e-03   7.2423890e-04   9.1127774e-06
  -5.8285113e-03   9.5026098e-02   8.1357025e-01   7.3398144e-03   6.0603861e-04  -2.3091598e-05
  -4.2287677e-03   1.0407930e-01   8.7189808e-01   6.3782335e-03   6.6712934e-04  -1.3781481e-05
   1.4712504e-04   1.0630546e-01   8.6430224e-01   6.0699859e-03   7.7616273e-04  -1.5447853e-04
  -1.2525414e-02   1.2652723e-01   8.7138903e-01   6.0706892e-03   8.3813371e-04  -2.7977131e-04
   2.3366961e-03   1.2837831e-01   8.6506276e-01   5.6501065e-03   6.6058519e-04  -7.9376693e-05
   7.4504728e-03   1.0430774e-01   8.9544938e-01   5.5450971e-03   8.4017046e-04   8.5434239e-05
   1.6962946e-02   1.2468993e-01   9.2099778e-01   4.8750373e-03   9.3551709e-04  -4.4776154e-05
   7.8758465e-03   6.0974266e-02   8.6490046e-01   6.4309367e-03   9.6778364e-04   1.8834128e-05
   1.8914877e-02   1.3879584e-01   8.9682185e-01   5.7476070e-03   7.9003992e-04  -1.7301662e-04
  -1.9628285e-03   8.2898721e-02   8.3247490e-01   6.7102443e-03   6.7611674e-04  -3.3782928e-04
   2.0966114e-03   1.0079404e-01   7.9867780e-01   8.3030289e-03   1.4952223e-03  -5.2013459e-04
  -1.8467835e-02   5.5606385e-02   7.4574510e-01   7.7734692e-03   1.2455246e-03  -6.6897396e-04
  -6.6293921e-03   1.2317242e-01   8.3757473e-01   6.8891373e-03   1.2964057e-03  -8.7943838e-04
  -1.0706601e-02   8.4222578e-02   7.7797490e-01   8.5781203e-03   1.1611689e-03  -8.2576933e-04
   2.8582277e-02   1.2997708e-01   8.6114663e-01   6.8763101e-03   1.5943764e-03  -3.7770529e-04
   4.0325355e-03   8.2659172e-02   8.3977217e-01   7.7101530e-03   1.1718607e-03  -8.3741099e-04
   3.3860346e-02   1.0522178e-01   8.4186926e-01   7.0270346e-03   1.5296961e-03  -1.2631193e-04
   1.6934535e-02  -6.1396553e-02   7.4931266e-01   1.3837753e-02   1.7549952e-03  -1.5352629e-03
  -6.3869185e-02   3.8777951e-02   2.7024112e-01   2.8161932e-02   6.7654617e-04  -3.0572715e-03
  -1.1560962e-02  -2.9625568e-02   7.9367659e-01   1.3890112e-02   1.7718033e-03  -1.4102620e-03
   2.9365946e-02   7.0283206e-02   8.6037414e-01   1.3674061e-02   1.6560552e-03  -1.3122984e-03
   4.8685606e-02   7.6202631e-02   8.4255288e-01   7.5453560e-03   1.0206218e-03  -1.2989729e-04
   4.8844471e-02   8.0379237e-02   9.0201997e-01   8.1859954e-03   1.6692599e-03  -1.5683897e-04
   5.3904876e-02   1.3428887e-01   9.2202680e-01   6.2583554e-03   1.9009575e-03  -7.5823028e-05
   4.3172527e-02   1.0965176e-01   8.9411530e-01   6.7261781e-03   2.1742792e-03   6.9006755e-07
   6.4221781e-02   1.2267660e-01   8.2083602e-01   7.2157639e-03   2.2784239e-03   2.5726024e-04
   1.0060447e-01   1.5387355e-01   9.1678613e-01   6.1150994e-03   2.3200825e-03   5.0563440e-04
   1.0713714e-01   1.1502612e-01   8.3194359e-01   7.0987879e-03   2.4088772e-03   6.4935657e-04
   1.1822921e-01   1.5556679e-01   9.6222322e-01   6.0044463e-03   2.6000883e-03   3.9899051e-04
   1.0273388e-01   1.2501004e-01   8.8394705e-01   6.8369168e-03   2.8055888e-03   9.0592252e-04
   1.1669575e-01   1.5373875e-01   9.3520553e-01   7.4889130e-03   2.5882799e-03   6.6526885e-04
   1.0601357e-01   1.7135199e-01   1.0072950e+00   8.6037187e-03   2.6331069e-03   4.9415988e-04
   9.8370917e-02   1.6361093e-01   9.3556708e-01   8.8976296e-03   2.1006895e-03   8.6685930e-04
   1.0759376e-01   2.0756585e-01   1.0438050e+00   7.4527710e-03   2.3356138e-03   8.7034477e-04
   9.1694050e-02   1.6970639e-01   9.1711539e-01   4.9857201e-03   1.8296348e-03   1.5264787e-03
   8.6662828e-02   1.9337467e-01   9.6366215e-01   5.1175167e-03   2.1163932e-03   1.4024704e-03
   7.3023474e-02   2.1625408e-01   9.5996098e-01   5.3795075e-03   2.1175839e-03   1.0584860e-03
   8.3804995e-02   1.8400060e-01   9.8179372e-01   6.5396500e-03   2.1537977e-03   1.2599235e-03
   9.7230060e-02   2.0959324e-01   1.0475668e+00   5.9420489e-03   2.1013613e-03   1.0285659e-03
   1.0121503e-01   1.5756077e-01   9.7076030e-01   6.6723151e-03   2.5268718e-03   1.4768410e-03
   1.9624078e-01   2.1879521e-01   9.8924504e-01   6.7959906e-03   2.4892501e-03   2.2352355e-03
   1.5069610e-01   1.7782505e-01   9.8543625e-01   7.3527795e-03   2.1224006e-03   2.3115064e-03
   8.3225594e-02   1.6277134e-01   9.4560284e-01   7.7174277e-03   2.4063163e-03   6.1767937e-04
   8.0477442e-02   1.8033989e-01   9.7634746e-01   8.1708139e-03   2.8571050e-03   2.0524623e-04
   8.4443599e-02   1.5868708e-01   9.5401648e-01   8.1642610e-03   2.7717136e-03   1.9076863e-04
   7.5419387e-02   1.5406463e-01   9.6170950e-01   9.0082408e-03   2.8908037e-03   3.9948922e-05
   8.6525322e-02   1.9250854e-01   9.7386905e-01   8.7436987e-03   2.7914301e-03  -6.8176588e-05
   1.0449434e-01   1.3679075e-01   9.6441886e-01   9.7163045e-03   2.9510935e-03   4.0012351e-04
   1.0118169e-01   2.1619143e-01   9.8965392e-01   8.2604138e-03   2.9489670e-03   1.9221419e-04
   1.0202925e-01   1.4482828e-01   9.3466028e-01   9.3593167e-03   3.0432338e-03   5.8199857e-04
   1.0450220e-01   1.8450629e-01   9.7585512e-01   9.0129645e-03   2.9213474e-03   2.2988596e-04
   1.0236032e-01   1.5332329e-01   9.6681500e-01   1.0006071e-02   3.0091427e-03   3.8445491e-04
   9.5698226e-02   1.9704978e-01   1.0145649e+00   8.8335968e-03   3.2662530e-03   4.3156297e-05
   7.3856065e-02  -1.2463825e-01   6.5573635e-01   2.0934938e-02   1.6757299e-03  -1.3254525e-03
   5.2563773e-02   1.3163813e-01   7.0995296e-01   1.8282241e-02   1.4892067e-03  -3.3407211e-05
   8.3319530e-02   1.2234414e-01   8.7562309e-01   1.1557078e-02   2.5047870e-03   3.3579736e-04
   9.9459932e-02   1.2008028e-01   8.7824329e-01   1.3462188e-02   2.3851401e-03   4.7299989e-04
   9.7445882e-02   1.6144022e-01   9.0736035e-01   1.3423072e-02   2.1052418e-03   2.7044222e-04
   8.5506726e-02   1.8448355e-01   9.0723481e-01   1.0656754e-02   2.0750131e-03   7.3965935e-04
   9.8932953e-02   1.6506888e-01   8.8787509e-01   7.1880905e-03   3.2385405e-03   9.8098783e-04
   9.5878071e-02   1.6624012e-01   8.9393614e-01   7.0002428e-03   3.3565582e-03   9.6573347e-04
   1.1890922e-01   2.0537282e-01   9.8094638e-01   6.7168706e-03   3.3324280e-03   8.4838063e-04
   1.1853636e-01   1.4854131e-01   9.6254429e-01   8.3583175e-03   3.2498590e-03   9.3450498e-04
   1.3945200e-01   2.0483786e-01   1.0441791e+00   7.6053605e-03   2.9942541e-03   8.1558891e-04
   1.5231364e-01   1.5548271e-01   9.8562009e-01   7.9388041e-03   2.7268349e-03   1.5558337e-03
   1.6693633e-01   2.1969240e-01   1.0655122e+00   6.9400085e-03   2.7815488e-03   1.4217551e-03
   1.5893708e-01   2.1070824e-01   9.7160369e-01   7.1332190e-03   2.8926231e-03   1.6811353e-03
   1.6440973e-01   2.3296940e-01   1.0664316e+00   6.3401472e-03   3.2721400e-03   1.3646914e-03
   1.5415092e-01   1.8071845e-01   9.7901326e-01   7.0653621e-03   3.0076592e-03   1.6201511e-03
   1.7209898e-01   2.3962046e-01   1.0038445e+00   7.1271013e-03   3.0079398e-03   1.5273098e-03
   1.5879742e-01   2.0692179e-01   1.0008703e+00   6.9433084e-03   2.9350921e-03   1.4818538e-03
   1.7493206e-01   2.4129320e-01   1.1044624e+00   5.8409336e-03   3.1307163e-03   1.1968439e-03
   1.4288233e-01   1.5967814e-01   9.8449551e-01   7.0885988e-03   3.0571854e-03   1.4874774e-03
   1.5806240e-01   2.3656539e-01   1.0626576e+00   6.5904636e-03   3.1641183e-03   1.2701165e-03
   1.5830963e-01   1.9802810e-01   9.4912555e-01   8.1949282e-03   2.8704789e-03   1.3964045e-03
   1.6270492e-01   2.0342424e-01   1.0349154e+00   7.2819723e-03   2.9419335e-03   1.2561968e-03
   1.7320862e-01   2.0366881e-01   1.0373214e+00   6.9641496e-03   2.9218847e-03   1.2962238e-03
   1.6656066e-01   1.7645469e-01   1.0250324e+00   7.5093251e-03   2.8195161e-03   1.3739090e-03
   1.9061679e-01   2.1358121e-01   1.0607536e+00   6.5356025e-03   2.9097830e-03   1.5429684e-03
   1.7054042e-01   1.7994501e-01   1.0454159e+00   7.1159444e-03   2.9562320e-03   1.5345342e-03
   1.9944863e-01   1.8992094e-01   1.1025448e+00   6.5300704e-03   2.8169245e-03   1.4060324e-03
   1.8041656e-01   2.0497119e-01   1.0211013e+00   6.7963082e-03   3.0412904e-03   1.3706823e-03
   2.0538701e-01   2.0071229e-01   1.0613019e+00   6.8911756e-03   2.8499661e-03   1.3399653e-03
   2.0658025e-01   2.0598071e-01   1.0712157e+00   7.0205933e-03   3.0080234e-03   1.4511114e-03
   2.3305653e-01   2.2415297e-01   1.0492901e+00   6.3127256e-03   2.9436014e-03   1.9343825e-03
   2.1293261e-01   2.3076842e-01   1.0445707e+00   6.1447081e-03   3.4946732e-03   1.8683140e-03
   1.9119528e-01   2.0804236e-01   9.4395159e-01   6.5793757e-03   3.4425228e-03   1.9504970e-03
   2.1364407e-01   2.5229931e-01   1.0427829e+00   5.3519975e-03   2.9299778e-03   2.2293711e-03
   1.9127085e-01   2.2048808e-01   1.0232814e+00   2.1099119e-03   2.2407164e-03   2.9823334e-03
   2.4088151e-01   3.0382338e-01   1.0610372e+00   1.8735719e-03   2.8491665e-03   3.4533613e-03
   2.4800248e-01   2.6745960e-01   1.0222746e+00   3.5084263e-03   2.7579519e-03   3.8583630e-03
   2.8653250e-01   3.1518216e-01   1.1168252e+00   2.5080084e-03   3.1828100e-03   4.0294387e-03
   2.8329456e-01   2.7439685e-01   1.0803856e+00   3.2732930e-03   3.1601995e-03   4.2148037e-03
   3.0479892e-01   3.1058847e-01   1.1268144e+00   2.5801888e-03   3.4465085e-03   4.1172629e-03
   3.0947624e-01   2.5158822e-01   1.0793815e+00   4.2384544e-03   2.9583103e-03   4.1565871e-03
   3.0380811e-01   2.8366043e-01   1.1321228e+00   4.1957362e-03   2.8034430e-03   3.6174987e-03
   3.0873358e-01   2.5403723e-01   1.0465940e+00   5.6134392e-03   3.1473793e-03   4.3115868e-03
   2.7453123e-01   2.5898184e-01   1.0453687e+00   4.6544381e-03   3.2587595e-03   3.9288274e-03
   3.1014276e-01   3.0552697e-01   1.0979435e+00   3.5700950e-03   3.4458931e-03   4.2448995e-03
   3.0678864e-01   2.3669580e-01   1.0885988e+00   4.9675767e-03   3.3300508e-03   4.3805912e-03
   3.3881319e-01   2.9628609e-01   1.1637682e+00   3.6876675e-03   3.4084595e-03   4.5130229e-03
   3.3813914e-01   2.4128448e-01   1.0969961e+00   4.7598119e-03   3.2409017e-03   4.7273475e-03
   3.4590628e-01   2.6815048e-01   1.1052147e+00   5.4073588e-03   3.3090921e-03   4.2915290e-03
   3.2582534e-01   3.0332063e-01   1.0092898e+00   1.7217391e-03   2.6151019e-03   4.5644515e-03
   2.9706714e-01   2.5869106e-01   1.0354675e+00   3.2096354e-03   2.9416500e-03   4.1079582e-03
   3.0645888e-01   2.7936621e-01   1.0113290e+00   3.3795443e-03   2.7494784e-03   3.8301019e-03
   3.0568478e-01   2.9143723e-01   1.0708030e+00   3.7990077e-03   3.1339378e-03   3.6809987e-03
   2.7195434e-01   2.3018100e-01   1.0037047e+00   4.2049030e-03   3.1024256e-03   3.6495647e-03
