   0.0000000e+00   0.0000000e+00   0.0000000e+00   0.0000000e+00   0.0000000e+00   0.0000000e+00
  -2.1397524e-02  -8.1645137e-02  -3.1519524e-02   2.1212210e-03   1.4357952e-03  -1.5148139e-03
  -3.2464504e-02  -3.2636697e-01  -1.8199163e-01   1.6494644e-02   2.1293037e-03  -3.2650651e-03
  -4.0138278e-02  -1.6531687e-01  -1.4952555e-01   1.5680920e-02   1.0386640e-03  -2.6470027e-03
  -3.1149502e-02  -1.5450780e-02  -8.1609317e-02   6.6316319e-03   5.6431557e-04  -1.7627698e-03
  -3.0928502e-02  -5.9887214e-02  -1.5215308e-02   5.3386578e-03   5.6561945e-04  -1.4263265e-03
  -2.9186851e-02   3.5524359e-02   6.4122022e-03   4.7173681e-03   8.7507415e-04  -1.5531839e-03
  -2.3819583e-02  -2.4020165e-02   1.7041275e-03   4.6264895e-03   8.1705426e-04  -1.1167622e-03
  -2.6210359e-02   6.3214377e-03   4.4798244e-02   3.8116563e-03   1.0377614e-03  -1.3649578e-03
  -2.0386722e-02  -4.0273973e-02   2.4651651e-02   5.3662193e-03   7.8408402e-04  -1.3065819e-03
  -1.0599556e-02   1.7950783e-02   7.3369185e-02   4.7625244e-03   8.7995683e-04  -1.7232422e-03
  -1.5116112e-02  -3.9064039e-02   2.9704074e-03   6.2430379e-03   5.9762988e-04  -1.2998587e-03
  -1.4796041e-02   1.5843723e-02   4.1927228e-02   5.5841874e-03   7.1360340e-04  -1.5180618e-03
  -1.9533424e-02  -5.8254913e-03  -2.3936023e-02   5.6573504e-03   5.3351912e-04  -1.2174178e-03
  -1.7576340e-02   3.0082078e-02   2.5251070e-02   4.0949191e-03   6.0196790e-04  -1.5103195e-03
  -3.0560512e-02   7.9814681e-02  -3.0775999e-03   6.8087527e-04  -2.9500649e-04  -4.4082061e-04
   1.3720791e-02   1.7333184e-01   1.4657551e-01  -1.2561480e-02  -1.0486539e-03   1.2481923e-03
  -5.3674987e-04   1.0207435e-01   7.4134908e-02  -1.0229117e-02  -1.0606810e-03   1.4222299e-03
  -1.4262313e-02   1.3779210e-01   1.2399674e-01  -1.0752205e-02  -6.4877481e-04   1.1860681e-03
  -9.7950261e-03   9.7691184e-02   8.0437764e-02  -1.0502500e-02  -8.6555150e-04   1.1093465e-03
  -1.4509370e-02   1.4051760e-01   1.0123930e-01  -9.0063075e-03  -6.9501952e-04   9.8749553e-04
   1.1722938e-02   1.6086189e-01   1.2547454e-01  -9.9629675e-03  -6.4172748e-04   6.1317763e-04
  -3.0021970e-03   8.3007042e-02   7.6091171e-02  -1.0220450e-02  -1.0418052e-03   1.0940612e-03
  -3.0993284e-02   1.5146008e-01   9.5467797e-02  -1.1009424e-02  -5.2706268e-04   1.0408695e-03
  -1.8667402e-02   1.4445420e-01   4.4561762e-02  -1.1620934e-02  -1.1117685e-03   1.1859955e-03
  -1.6877181e-02   1.4087847e-01   1.1808794e-01  -1.1354944e-02  -8.0554527e-04   1.3204303e-03
  -9.8839347e-03   1.2995132e-01   8.7924401e-02  -1.0880723e-02  -9.1491671e-04   1.1229693e-03
  -3.8289140e-03   9.1411387e-02   1.0757963e-01  -9.5962858e-03  -7.9877591e-04   1.1708035e-03
   2.1905221e-03   1.5248951e-01   1.4483011e-01  -9.2172928e-03  -4.6569723e-04   7.4376606e-04
   4.5593598e-03   1.0704822e-01   3.9782366e-02  -8.4540291e-03  -6.1610534e-04   9.3293124e-04
   1.9406084e-03   8.4537338e-02   9.0401002e-02  -7.9682210e-03  -3.5425104e-04   9.6496738e-04
   2.2471895e-03   1.1678162e-01   5.9411184e-02  -8.0032225e-03  -5.0286107e-04   7.8186951e-04
  -6.5334401e-03   9.9983565e-02   4.1481170e-02  -6.7469052e-03  -7.6103408e-04   8.9960427e-04
   1.6491517e-03   1.4954339e-01   9.8057910e-02  -8.4390730e-03  -6.0503944e-04   8.3658347e-04
  -1.7620420e-03   1.1477851e-01   5.3254178e-02  -7.9669502e-03  -8.7675606e-04   1.0280593e-03
   2.0322888e-02   1.5925685e-01   1.2696050e-01  -9.0885217e-03  -7.4389148e-04   9.7301122e-04
   1.1675024e-03   9.0755505e-02   5.2894265e-02  -7.7257465e-03  -8.8249966e-04   1.0882313e-03
   3.1365364e-02   1.4604180e-01   1.5539696e-01  -5.6797507e-03  -4.9959557e-04   5.0370541e-04
   4.5222414e-03   1.6938295e-01   3.7019597e-02  -8.7114758e-03  -1.5533184e-03   1.1579098e-03
  -5.1800230e-03   1.7602529e-01   1.2453400e-01  -1.1279258e-02  -1.1703838e-03   1.3849196e-03
   3.4279796e-03   1.6909346e-01   5.9137044e-02  -1.1579333e-02  -1.5045548e-03   1.5901262e-03
   6.5180517e-03   1.9013299e-01   1.7333884e-01  -1.1203138e-02  -1.3527048e-03   1.2809250e-03
   5.4689865e-03   1.2622347e-01   1.0682321e-01  -1.0609902e-02  -1.4627081e-03   1.5201710e-03
  -4.2117363e-03   1.4982574e-01   1.5644117e-01  -1.0306663e-02  -1.4143633e-03   1.2884283e-03
   4.7440971e-03   1.2949755e-01   9.9417943e-02  -1.1194069e-02  -1.6590373e-03   1.6029884e-03
   2.9912285e-03   1.7952614e-01   1.4240903e-01  -1.2142923e-02  -1.4397954e-03   1.5229670e-03
   5.5559180e-03   1.3979755e-01   8.6964713e-02  -1.2122302e-02  -1.4800400e-03   1.6518139e-03
   1.4989028e-03   1.6247876e-01   1.2613061e-01  -1.0650780e-02  -1.5123374e-03   1.4800697e-03
   1.2269043e-02   1.6001860e-01   1.1355469e-01  -1.1972028e-02  -1.4329122e-03   1.5480087e-03
   7.4638625e-03   9.8089825e-02   1.0479792e-01  -9.7852710e-03  -1.4572581e-03   1.5154965e-03
   6.9707317e-03   1.6947177e-01   1.3510711e-01  -1.1169917e-02  -1.1243455e-03   1.4609621e-03
   1.9984055e-02   1.5688523e-01   1.4608296e-01  -1.1449052e-02  -1.2436179e-03   1.2957113e-03
   4.9265705e-03   8.2013273e-02   9.3520508e-02  -9.0445017e-03  -1.2889069e-03   1.3424125e-03
   5.9557739e-03   1.6040625e-01   1.2223407e-01  -9.4004162e-03  -8.4299288e-04   1.0810465e-03
   1.0754195e-02   1.3977758e-01   3.9057037e-02  -9.1121878e-03  -1.2173134e-03   1.3040949e-03
   7.4131101e-03   1.3468205e-01   1.0323667e-01  -8.7637958e-03  -9.6714660e-04   1.1922033e-03
   1.6051394e-02   8.5949219e-02   5.7712473e-02  -7.9339980e-03  -1.3293397e-03   1.2920987e-03
   2.9191473e-02  -6.2765243e-02  -4.3887267e-02   1.3117989e-02   1.9090228e-03  -3.0844292e-04
  -1.2212234e-03   1.3246069e-02  -9.7152215e-02   5.9175356e-03   1.1533346e-03  -9.9561291e-04
   9.1970911e-03  -2.1473235e-02  -2.8647231e-02   5.2549451e-03   9.0447211e-04  -3.0814114e-04
   6.8555902e-03   7.0610172e-02  -1.0184844e-02   3.8674471e-03   1.1128924e-03  -1.0175319e-03
   8.7889037e-03   1.1907241e-02  -2.5675054e-03   4.4995652e-03   9.4128188e-04  -6.7998119e-04
  -1.8229846e-04   3.6475491e-02   3.0026083e-02   4.9361090e-03   1.3865356e-03  -8.9480444e-04
   7.1004202e-03   2.0844927e-02   1.2480641e-02   4.4662758e-03   9.9522388e-04  -8.5986041e-04
   3.4696488e-03  -5.3009309e-03   3.5343996e-02   4.8807131e-03   1.1232639e-03  -8.4400707e-04
   8.2802324e-03   1.0967893e-02   2.7436627e-02   4.5531457e-03   1.0910630e-03  -1.0430282e-03
   3.4803715e-03  -1.6465710e-04   1.3534498e-02   5.0097587e-03   9.9627854e-04  -8.9027157e-04
   8.5994620e-03   2.3927575e-02   1.9880286e-02   4.4322964e-03   9.7953009e-04  -1.0945134e-03
  -4.5081530e-03   4.7780964e-02   5.0893361e-03   4.2745588e-03   1.1562687e-03  -1.1028083e-03
   4.6515480e-03   4.6314098e-02  -5.6169399e-02   5.3788343e-03   5.4719839e-04  -3.2754330e-04
   2.8026385e-03   1.6533854e-01   4.4069176e-02  -1.0628851e-03   2.5848787e-05  -2.6133737e-04
   7.0827448e-02   1.0536674e-01   2.0251244e-01  -3.3275224e-03   2.5874794e-04   2.6189765e-04
   2.1687160e-02   7.9086067e-02  -8.6553803e-04  -9.5787588e-03  -2.8166169e-04   1.1630948e-03
   1.4287424e-02   1.4737068e-01   2.0380282e-02  -1.0445960e-02  -3.5055017e-04   1.3395005e-03
   2.0182594e-02   1.6379274e-01   7.2727124e-02  -1.0383078e-02  -6.4728123e-04   1.3084399e-03
   1.1026756e-02   1.6290464e-01   8.7229758e-02  -9.1591698e-03  -4.6712500e-04   1.0248720e-03
   1.7489541e-02   1.6835895e-01   9.8166561e-02  -1.0091244e-02  -4.6088417e-04   1.1062644e-03
   1.5143984e-02   1.4297625e-01   1.2133013e-01  -1.0050139e-02  -4.3985926e-04   1.3059033e-03
   1.6800856e-02   1.8205620e-01   1.4127774e-01  -1.0650070e-02  -4.4553028e-04   1.1191228e-03
   1.0464220e-02   1.5848347e-01   1.0449602e-01  -1.0241764e-02  -6.6012907e-04   1.1846612e-03
   1.2186176e-02   1.5703696e-01   1.1216144e-01  -1.0337515e-02  -5.4533077e-04   1.0957588e-03
   1.6716351e-02   1.6106897e-01   1.0063824e-01  -9.0403394e-03  -4.4756019e-04   1.1281467e-03
   1.9138137e-02   2.0292039e-01   8.7244368e-02  -1.0390570e-02  -4.9467934e-04   1.1749417e-03
   8.2094789e-03   1.5589123e-01   9.7565305e-02  -9.8834507e-03  -1.0774380e-04   1.0882856e-03
  -1.0155570e-03   1.4363067e-01   1.5153794e-02  -9.4901294e-03  -6.1273987e-05   9.9165955e-04
   2.0229167e-02   1.7824008e-01   1.0938010e-01  -8.7713251e-03  -9.1639749e-05   6.3938150e-04
   5.9030605e-03   1.4580940e-01   5.8107872e-02  -8.9805101e-03   8.3627215e-05   8.6607876e-04
   2.8243946e-04   1.3354580e-01   4.4688244e-02  -7.6671765e-03   6.0852938e-04   7.9190078e-05
  -1.3693636e-03  -3.0421675e-02  -9.7904410e-02   4.9424860e-03  -3.7607258e-04   8.3383199e-04
  -9.4332050e-03   1.2858004e-01   3.5921494e-02  -6.6088100e-03  -2.2611689e-04   7.3565803e-04
   5.6812647e-02   1.7539928e-01   1.6028391e-03  -9.7388014e-03   5.2571053e-03   3.2109586e-03
   5.6937483e-02   1.7681195e-01   2.8012552e-02  -1.2133847e-02   4.7838335e-03   2.5929614e-03
   4.5910118e-02   1.6814426e-01  -1.0837666e-02  -1.2115247e-02   3.2228123e-03   2.3176131e-03
   4.1183807e-02   2.0782534e-01   8.5087033e-02  -1.3567509e-02   3.5226954e-03   2.1830189e-03
   3.5622398e-02   1.6609835e-01   2.7882174e-02  -1.3104623e-02   3.3201975e-03   2.4223213e-03
   4.4863298e-02   2.0792307e-01   7.7672622e-02  -1.3628602e-02   3.5635208e-03   2.0448708e-03
   3.4045143e-02   1.4608713e-01   2.5312667e-02  -1.1868030e-02   3.1834072e-03   2.2314667e-03
   3.3123016e-02   2.0502737e-01   4.5090477e-02  -1.2222539e-02   3.2785785e-03   1.9052812e-03
   3.1409778e-02   1.5521943e-01   7.4263889e-03  -1.2149719e-02   3.3163358e-03   2.2110734e-03
   5.9238912e-02   1.9961273e-01   7.0513601e-02  -1.2844777e-02   3.3573688e-03   1.8737556e-03
   4.1433334e-02   1.4796476e-01   1.1093127e-02  -1.1952467e-02   3.2596189e-03   2.1046790e-03
   5.4114309e-02   1.9888494e-01   5.7522354e-02  -1.2953288e-02   3.3619568e-03   2.0537071e-03
   5.1795090e-02   1.5123775e-01  -1.4052880e-03  -1.2251853e-02   3.3254771e-03   2.0253575e-03
   5.7536627e-02   1.9085041e-01   6.5074673e-02  -1.3041990e-02   3.5451598e-03   2.0455190e-03
   6.0484018e-02   1.4687998e-01   1.2336213e-03  -1.2598481e-02   3.3518129e-03   2.0936729e-03
   6.4259184e-02   2.0466833e-01   6.7625593e-02  -1.3181439e-02   3.3699034e-03   2.0011814e-03
   8.3850843e-02   1.7761335e-01   5.6036290e-03  -1.3389697e-02   2.9777044e-03   2.3452722e-03
   8.8823280e-02   2.0139191e-01   1.1285966e-01  -1.3351688e-02   3.3391933e-03   2.1394048e-03
   7.4983006e-02   1.3484610e-01   2.3837216e-02  -1.1115572e-02   3.1483411e-03   2.1348801e-03
   7.7735285e-02   1.7871186e-01   1.0338557e-01  -1.1783646e-02   3.5258734e-03   2.0054960e-03
   7.7805473e-02   1.5214735e-01  -1.3397187e-02  -9.9607920e-03   3.0632516e-03   2.0496770e-03
   8.9262497e-02   1.8218026e-01   7.7114410e-02  -1.1754656e-02   3.3255027e-03   1.9810602e-03
   6.6465817e-02   1.6360787e-01   1.6335742e-02  -1.1079734e-02   3.2500327e-03   2.1020281e-03
   8.4642361e-02   1.8738732e-01   1.1066296e-02  -1.0497116e-02   2.7732754e-03   2.0300745e-03
   6.4949385e-02   1.7479073e-01   3.3926642e-02  -1.1315075e-02   2.9694660e-03   2.3837227e-03
   8.7251366e-02   1.6945350e-01   7.5775017e-02  -1.1625258e-02   3.0468673e-03   2.3256070e-03
   6.7504660e-02   1.5199695e-01   7.0701729e-02  -1.0359598e-02   3.2857505e-03   2.1831827e-03
   7.7051274e-02   1.6310893e-01   5.6541541e-02  -1.0383423e-02   3.0694350e-03   2.2290387e-03
   7.7850175e-02   1.7846909e-01   6.6738719e-02  -9.5757778e-03   3.2025452e-03   2.2869908e-03
   9.2739765e-02   1.5641647e-01   2.7593419e-02  -9.9457903e-03   3.1714646e-03   2.5871486e-03
   8.1308336e-02   1.3847471e-01   7.2062582e-02  -9.7997318e-03   3.2080128e-03   2.4172444e-03
   1.0487001e-01   1.3526142e-01   9.3794862e-02  -1.0095071e-02   2.9493936e-03   2.4283058e-03
   8.3147436e-02   1.4489639e-01   4.9871091e-02  -1.0471807e-02   3.1229730e-03   2.2863538e-03
   9.6082975e-02   1.7887111e-01   8.8701886e-02  -1.1320142e-02   3.1778708e-03   2.5359811e-03
   8.6920374e-02   1.0537146e-01   7.0999679e-02  -9.5529047e-03   3.0329922e-03   2.4461329e-03
   1.0635220e-01   1.3370266e-01   9.2298660e-02  -8.9155249e-03   3.3562809e-03   2.0673159e-03
   7.6911759e-02   1.1921880e-01   6.9489187e-03  -8.5901987e-03   3.3253123e-03   2.1819655e-03
   9.6415015e-02   1.6702812e-01   6.8621238e-02  -9.7427106e-03   3.3551867e-03   2.0730607e-03
   8.1319668e-02   1.0302350e-01   1.5979978e-02  -6.6801267e-03   3.0989774e-03   2.0487485e-03
   9.8366304e-02   1.3306783e-01   1.0803593e-01  -8.4572950e-03   3.5414176e-03   1.8989300e-03
   7.8554172e-02   1.2846521e-01   4.5389416e-02  -8.4184450e-03   3.3145891e-03   1.9021482e-03
   1.0252194e-01   1.5056461e-01   6.3337092e-02  -8.7649341e-03   3.1493550e-03   1.9950251e-03
   8.7570464e-02   1.2242777e-01   1.6660052e-02  -8.3144983e-03   3.2264912e-03   2.2528504e-03
   1.1218698e-01   1.6669424e-01   8.2994748e-02  -8.5706611e-03   3.4130881e-03   2.3329661e-03
   8.6276868e-02   1.2495089e-01   4.2045512e-02  -7.8970687e-03   3.0731874e-03   2.0673421e-03
   9.6272549e-02   1.7860538e-01   1.2183123e-01  -8.3636250e-03   3.2195902e-03   1.8722706e-03
   6.1060474e-02   1.8054232e-01   9.3439042e-02  -1.6271657e-02   2.3158297e-03   2.6263696e-03
   6.9672302e-02   2.0478409e-01   9.8597192e-02  -1.5911669e-02   2.5509018e-03   2.4641601e-03
   5.2016667e-02   1.6852941e-01   2.0506811e-02  -1.5001761e-02   2.2191835e-03   2.5266976e-03
   5.4037162e-02   1.8886807e-01   5.5723648e-02  -1.2372911e-02   2.2146974e-03   3.0400747e-03
   6.3162947e-02   1.7810495e-01   6.3794385e-02  -1.3185387e-02   2.5267397e-03   2.3117479e-03
   5.4030648e-02   1.8454278e-01   6.9801832e-02  -1.3311752e-02   2.7077234e-03   2.3448178e-03
   8.1335862e-02   2.1023746e-01   5.6828142e-02  -1.4054651e-02   2.6541543e-03   2.5941193e-03
   7.3255284e-02   1.8977294e-01   8.7105900e-02  -1.3847692e-02   2.7731354e-03   2.7010517e-03
   9.3513619e-02   1.7386080e-01   7.1664772e-02  -1.1797116e-02   2.5136829e-03   2.7150558e-03
   8.3627485e-02   1.5002615e-01   8.9039189e-02  -1.2654762e-02   2.6061381e-03   2.7535248e-03
   1.3441351e-01   2.1765471e-01   1.5458227e-01  -1.3206314e-02   2.3212618e-03   2.6513738e-03
   1.1935756e-01   1.4830862e-01   7.7464676e-02  -1.1882707e-02   2.5807702e-03   2.9231905e-03
   1.1538288e-01   1.9123344e-01   6.7099971e-02  -1.2351559e-02   2.7183473e-03   2.8255134e-03
   1.3650216e-01   2.2105961e-01   1.0295620e-01  -1.3740888e-02   2.5608991e-03   2.8735282e-03
   1.0434555e-01   1.6733436e-01   2.1698574e-02  -1.1306253e-02   2.2294342e-03   2.9991255e-03
   1.0354995e-01   1.7789927e-01   9.0240931e-02  -1.2214539e-02   2.5737645e-03   2.9885504e-03
   1.2543931e-01   2.1072436e-01   1.4717148e-01  -1.2328590e-02   3.0852656e-03   2.8079339e-03
   1.0999164e-01   1.4588603e-01   6.9186983e-02  -1.1482288e-02   2.8860995e-03   2.7397630e-03
   1.5011364e-01   1.5040305e-01   1.4947214e-01  -7.9817309e-03   3.7924282e-03   1.3419689e-03
   7.3608383e-02   1.0132613e-01  -9.8578619e-02  -5.0661647e-03   3.2427780e-03   1.1332680e-03
   5.8042625e-02   1.2446949e-01  -1.5769108e-02  -5.0639917e-03   3.6458657e-03   1.0580331e-03
   7.0106341e-02   1.3358724e-01  -1.1419408e-02  -5.3852772e-03   3.7518674e-03   9.5315897e-04
   6.8900342e-02   1.0966054e-01   1.7963746e-02  -5.4837915e-03   3.8782329e-03   1.1174686e-03
   9.8989574e-02   1.0535671e-01   1.4395836e-02  -5.6140259e-03   3.7282710e-03   1.4127914e-03
   8.2310030e-02   1.0393562e-01   1.0812256e-02  -5.9326087e-03   3.7002741e-03   1.5431097e-03
   1.0520516e-01   1.5622250e-01   6.4860762e-02  -7.2739451e-03   3.9116302e-03   1.7950893e-03
   8.5641685e-02   1.0386170e-01   4.1481127e-02  -6.5973128e-03   3.7428705e-03   1.6117141e-03
   1.0630979e-01   2.5438564e-02  -1.6371896e-01  -4.0789052e-03   1.6078457e-04  -6.5892279e-04
   2.7685266e-02   4.0313055e-02  -7.0016636e-02  -4.4865890e-03   3.3979157e-03   1.1451895e-03
   3.2953906e-02   1.0038093e-01  -3.3220918e-02  -3.2054657e-03   3.4080447e-03   1.1770196e-03
   5.5161705e-03   7.4814997e-02  -9.7184057e-02  -4.0913887e-03   3.4015682e-03   1.3582018e-03
   1.0982620e-02   1.2370129e-01  -3.1358229e-02  -4.5946756e-03   3.6235262e-03   1.0435187e-03
   5.5930942e-03   8.9471328e-02  -5.7507181e-02  -3.6121196e-03   3.5058375e-03   1.0582565e-03
   2.8805272e-02   1.0140968e-01  -3.5484440e-03  -3.2238989e-03   3.7988421e-03   1.0643309e-03
   1.1055691e-02   6.3719797e-02  -4.9393782e-02  -2.4495331e-03   3.7863722e-03   1.3288045e-03
   3.1017333e-02   1.2040939e-01   1.0078169e-02  -4.2543656e-03   3.9229427e-03   1.1004105e-03
   1.6167729e-02   4.7166216e-02  -1.0171142e-01  -3.8582554e-03   3.4002013e-03   1.3048777e-03
   1.5638905e-02   1.0690728e-01  -2.9395517e-02  -4.4893889e-03   3.6728479e-03   1.3011368e-03
   2.0707562e-02   8.3035835e-02  -8.1460615e-02  -4.1593907e-03   3.1921618e-03   1.3636470e-03
   5.3658894e-02   1.4572323e-01  -4.0448882e-02  -7.1053092e-03   8.7370728e-04   2.3234067e-03
   9.2966049e-02   1.7326456e-01   9.2655665e-02  -1.3588945e-02  -9.1573211e-04   3.4196809e-03
   4.5123972e-02   1.3006093e-01   2.9449434e-02  -1.2248807e-02   7.9566345e-05   3.5107523e-03
   6.8411874e-02   1.7393306e-01   9.1640864e-02  -1.3233532e-02  -2.1280432e-04   3.5463674e-03
   8.0976497e-02   1.4713461e-01   3.6250847e-02  -1.2888754e-02  -4.9706573e-04   3.9269294e-03
   6.1035701e-02   1.7296046e-01   1.7971270e-02  -1.2306346e-02  -1.5448869e-04   3.7215498e-03
   7.5219792e-02   1.7923314e-01   5.4801418e-02  -1.2719540e-02   1.5560005e-04   3.5508778e-03
   4.7095750e-02   1.5615018e-01   1.5475730e-02  -1.1792231e-02   6.4033808e-04   3.3791121e-03
   5.7324173e-02   1.8329972e-01   5.7180555e-02  -1.0304707e-02   8.6614503e-04   2.8078042e-03
   3.2243964e-02   9.8185219e-02  -3.2332376e-02  -8.6540573e-03   7.3709290e-04   2.8144308e-03
   4.7783352e-02   1.7376886e-01   4.9042043e-02  -9.1988141e-03   1.0716099e-03   2.4706383e-03
   2.0884096e-02   1.0347040e-01  -5.7063591e-02  -8.1189180e-03   1.0765375e-03   2.4661399e-03
   2.9243019e-02   1.7223793e-01  -1.9290255e-03  -8.3691317e-03   1.2922027e-03   2.1068142e-03
