   0.0000000e+00   0.0000000e+00   0.0000000e+00   0.0000000e+00   3.4694470e-18   0.0000000e+00
  -1.3217017e-03   1.7469085e-02   3.9258874e-02  -2.8564626e-04  -3.5628409e-05  -3.7887832e-05
  -6.3621883e-03   9.1099229e-04   6.8984979e-02  -1.1430365e-03   3.5776810e-04  -4.6004028e-05
   4.7101096e-04   5.6711025e-02  -1.2810188e-02  -2.5628654e-03   2.9161465e-04   4.8916553e-05
  -5.8077100e-02   1.0053996e-01   5.0937776e-01  -2.5031667e-03  -5.6257789e-03  -1.6427747e-03
  -3.5198019e-02   5.7798762e-02   1.8527222e-01  -1.1900896e-03  -3.5523571e-03  -1.7898633e-03
  -2.5657712e-02   6.6522999e-02   2.8729918e-01  -1.6369569e-03  -1.9892717e-03  -1.5834834e-03
  -5.8822982e-02   6.7585539e-02   2.9772747e-01  -1.3989882e-03  -1.4299031e-03  -2.0476155e-03
  -8.4669486e-02   9.0835573e-02   2.9078782e-01  -2.1012827e-03  -6.5357537e-04  -1.8170072e-03
  -3.6470760e-02   1.4420303e-01   2.4333163e-01  -3.7082467e-03  -9.1596062e-04  -1.9340954e-03
  -4.2480407e-02   8.5848232e-02   2.3904054e-01  -3.0148735e-03  -1.0988508e-03  -2.1649124e-03
  -1.2127236e-02   9.7270510e-02   2.2425696e-01  -3.1143234e-03  -1.4975892e-03  -1.9056726e-03
  -6.6223819e-03   1.5783588e-01   2.6615673e-01  -4.1211596e-03  -1.5085964e-03  -2.1245633e-03
  -8.2730503e-03   8.0463717e-02   2.7111585e-01  -3.6891941e-03  -1.5695861e-03  -2.2766441e-03
   1.0472311e-02   5.4267478e-02   2.3080116e-01  -1.7700663e-03  -1.9516450e-03  -1.8354698e-03
   2.2901020e-04   1.0509293e-01   2.4411927e-01  -3.3805805e-03  -1.5904703e-03  -2.3289294e-03
   5.9725136e-02  -1.8304574e-01  -5.4334122e-03  -2.0248373e-03  -1.9376364e-04   3.9204590e-04
   8.7050469e-02  -2.4332891e-01  -1.3876608e-01   4.6280819e-03   5.6799782e-04   1.9835999e-03
   8.6956590e-02  -1.7490174e-01  -1.7022800e-01   4.2757687e-03   7.8342604e-04   1.4028043e-03
   7.6585651e-02  -7.7085190e-02  -1.4625191e-01   3.0019705e-03   2.8151662e-04   1.2288734e-03
   8.0702928e-02  -2.1246794e-01  -1.5663220e-01   6.1183717e-03  -2.8162051e-04   1.2487778e-03
   5.8587233e-02  -1.9944402e-01  -1.5616004e-01   1.0908664e-02  -4.3123898e-04   2.0287922e-03
   1.1947992e-02  -2.3469001e-01  -2.5260579e-01   9.9485346e-03   1.3419510e-03   1.4833364e-03
   5.8122603e-02  -3.6899057e-01  -2.4237531e-01   1.5371010e-02   1.8371432e-04   5.1662419e-03
   9.9633003e-02  -5.1966600e-01  -2.4975135e-01   2.2023067e-02  -1.2007085e-03   6.7184463e-03
   1.0251273e-01  -5.5201617e-01  -2.6966253e-01   2.2832514e-02  -6.4093706e-04   6.2148305e-03
   8.8201391e-02  -6.0292388e-01  -2.4370237e-01   2.3737801e-02  -2.0991343e-04   6.7292051e-03
   9.4347692e-02  -6.0929738e-01  -2.7399169e-01   2.2211842e-02   6.4754624e-05   6.3445943e-03
   6.7350532e-02  -4.5629504e-01  -2.9612637e-01   1.9094032e-02   7.6422823e-04   6.1864017e-03
   7.3236963e-02  -5.4073909e-01  -2.5261257e-01   1.9932066e-02   7.7762136e-04   5.8431862e-03
   3.8309865e-02  -4.8063395e-01  -2.6427439e-01   2.0962671e-02   1.0069453e-03   4.4479256e-03
   2.2978779e-02  -5.4521536e-01  -2.1468166e-01   2.0886721e-02   1.0876850e-03   4.7286502e-03
   3.2794802e-02  -3.8390773e-01  -2.3497891e-01   1.7374140e-02   6.1131965e-04   3.3089860e-03
   3.0876870e-02  -3.4325290e-01  -1.7659986e-01   1.5900813e-02   4.0618198e-04   1.8350635e-03
   1.9866846e-02  -2.5294043e-01  -1.6420437e-01   1.4790012e-02   4.6695769e-04   1.9166487e-03
   2.6158759e-02  -2.3930292e-01  -1.5869548e-01   1.4619220e-02   1.0429910e-03   2.3761132e-03
   8.5793929e-03  -1.8289737e-01  -1.0287110e-01   1.2971569e-02   1.1850529e-03   2.5634639e-03
   7.5888922e-03  -1.5049620e-01  -1.1270723e-02   1.2878781e-02  -7.3506290e-05   2.2053857e-03
   3.7806379e-02  -2.3509431e-01  -2.8283747e-01   1.3778264e-02  -1.5530952e-03   1.2624262e-03
  -1.4638670e-01  -2.3516326e-01  -2.0172963e-01   1.4568616e-02   1.9594510e-03   1.9885062e-03
  -5.3722910e-03  -2.0834144e-01  -2.7593965e-01   1.2784190e-02   1.1889421e-03   1.6394050e-03
   1.0797855e-02  -1.3395089e-01  -2.7772859e-01   1.1478446e-02   1.6680575e-03   8.8686083e-04
   3.0598246e-03  -1.1401638e-01  -2.6712352e-01   1.0934292e-02   1.8113199e-03   1.0531502e-03
   4.5016181e-02  -1.9939518e-01  -2.9782402e-01   9.7185848e-03   1.6918426e-03   1.8964781e-03
   6.8558947e-02  -3.4293627e-02  -3.6976765e-01   5.5257253e-03   1.9705758e-03   3.0401360e-03
   4.3949233e-02  -3.1016092e-01  -3.8961309e-01   6.8174433e-03   1.7408098e-03   2.4743050e-03
   2.9555909e-02  -1.8774090e-01  -3.3344148e-01   6.2914374e-03   2.4100119e-03   2.2129369e-03
   7.8445008e-02  -2.3605249e-01  -3.6303807e-01   1.0260561e-02   9.7670739e-04   5.4879195e-03
   1.1275212e-01   1.2108744e-02  -4.9952328e-01   8.4532003e-03  -6.9595927e-04   4.7235802e-03
   2.1737358e-01  -4.3964842e-01  -6.7863325e-01   8.1638220e-03  -7.0467315e-03   5.4142129e-03
   3.5751487e-01  -8.6792259e-01  -1.0232547e+00   1.7799575e-02  -1.8471689e-02  -3.6011001e-04
   3.0400134e-01  -9.7159243e-01  -1.3248382e+00   3.4088165e-02  -2.0019421e-02   3.5744448e-04
   1.0386547e-01  -2.7358400e-01  -3.9114588e-01   8.7054977e-03  -6.3813457e-03   3.6278205e-03
   8.6474504e-02  -2.1950088e-01  -1.6371460e-01   3.6820013e-03  -3.6307606e-03   5.3050135e-03
   5.5693945e-02  -2.0713580e-01  -2.6653539e-01  -1.7669326e-03  -3.2340927e-03   4.8836835e-03
   3.7408343e-02  -4.0796928e-01  -2.3882230e-01   4.8146275e-03  -2.8744585e-03   4.2638853e-03
   2.8018761e-02  -2.4687380e-01  -2.6566920e-01  -2.5699690e-03  -1.3469086e-03   4.6992613e-03
   3.3480298e-02  -3.0427663e-01  -2.6330149e-01   2.6794270e-03  -2.0596663e-03   5.1347415e-03
   3.5417623e-02  -3.8805072e-01  -2.0473442e-01   5.5219510e-03  -2.4666154e-03   4.5874145e-03
   3.8833134e-02  -3.0040072e-01  -2.8599565e-01   4.3596953e-03  -2.2231063e-03   5.2082438e-03
   2.2400688e-02  -3.1349237e-01  -2.5544596e-01   3.5578230e-03  -1.4734452e-03   4.9970923e-03
   1.8593672e-02  -2.8374696e-01  -2.4536528e-01   6.1952508e-03  -1.3462540e-03   5.1981392e-03
   2.4114741e-02  -3.7584244e-01  -3.1365656e-01   6.1679135e-03  -7.6397839e-04   6.3029389e-03
   3.8680080e-02  -4.2211740e-01  -3.1942451e-01   1.2244689e-02  -8.4342033e-04   6.5082255e-03
   6.0403057e-02  -1.3095643e-01  -3.0143685e-01   1.0695768e-02  -1.6147252e-03   6.9106689e-03
   6.2621880e-02  -3.6114507e-01  -3.0247861e-01   1.1848700e-02  -1.4583390e-03   6.0555514e-03
   6.1519858e-02  -2.4122241e-01  -3.0459563e-01   1.0590405e-02  -2.1981454e-04   4.7967755e-03
   4.2889790e-02  -1.8687803e-01  -2.6022251e-01   9.3253934e-03  -5.2234955e-04   4.5774295e-03
   3.8118477e-02  -2.2361030e-01  -2.6028513e-01   8.9799352e-03  -5.2569997e-04   4.4038912e-03
   3.6770338e-02  -1.6507419e-01  -1.9713614e-01   8.9626549e-03  -6.1974503e-04   4.9387614e-03
   6.1323347e-02  -2.9967361e-01  -1.7508645e-01   1.3043110e-02  -9.0277687e-04   5.7369987e-03
   1.0869936e-01  -2.1929196e-01  -2.1706756e-01   1.1892872e-02  -1.3257739e-03   7.9596125e-03
   6.0870622e-02  -2.3797297e-01  -2.7405994e-01   1.2441502e-02  -1.4382994e-03   5.6902795e-03
   5.1028375e-02  -2.6513357e-01  -2.6921898e-01   1.1767676e-02  -1.5827520e-03   5.6069254e-03
   3.6129842e-02  -2.7934311e-01  -2.6420351e-01   1.1670503e-02  -1.4177990e-03   5.5311088e-03
   4.4740633e-02  -2.4621659e-01  -2.8894875e-01   1.2621535e-02  -1.1307965e-03   5.9362074e-03
   2.6404718e-02  -3.8393882e-01  -2.6050856e-01   1.3662634e-02  -1.1004737e-03   5.8848587e-03
   5.4231329e-02  -3.0379301e-01  -2.9604710e-01   1.3362355e-02  -1.5918348e-03   6.4627229e-03
   5.3740534e-02  -2.6879496e-01  -4.1667862e-01   1.4383141e-02  -1.3078550e-03   6.3565481e-03
   3.1691441e-02  -3.4915314e-01  -5.6112799e-01   9.9264894e-03  -1.9990577e-03   6.0367756e-03
   1.6250359e-01  -4.5784388e-01  -6.2420653e-01   9.5380021e-03  -7.6651262e-03   6.1440778e-03
   5.3922672e-01  -1.5539932e+00  -6.5015469e-01   4.7465104e-02  -2.1486847e-02   1.9561244e-03
   2.9360268e-01  -1.0179305e+00  -9.3482257e-01   3.3134893e-02  -1.3575502e-02   4.3719252e-03
   1.2514628e-01  -4.7015801e-01  -3.3163337e-01   1.0749266e-02  -4.7028423e-03   5.0227918e-03
  -3.3959944e-03  -5.2721042e-02  -6.4106004e-01  -3.3103724e-02  -6.9527943e-03  -6.1949150e-04
  -6.8284004e-01   2.8264324e-02  -3.9797648e-01  -1.3537623e-01  -1.3703063e-02   2.7148610e-03
  -2.6152839e-01  -1.9265343e-02  -1.3287749e+00  -1.3890492e-01  -1.5671415e-02   2.9456496e-03
   2.8359810e-02  -4.6412560e-01  -2.6694593e+00  -4.6075059e-02  -1.7755132e-02  -3.2778270e-04
   9.0789466e-02  -3.0090212e-01  -2.7787479e+00  -1.5844671e-02  -1.7695772e-02   9.5440792e-04
   4.6215941e-02  -2.2065375e-01  -2.6169811e+00  -1.8769768e-02  -1.5710162e-02  -4.9097169e-04
   1.5019785e-01  -7.9530036e-01  -3.5720926e+00  -5.3429194e-03  -1.9768453e-02   3.3371825e-03
   1.3739614e-01  -9.5823332e-01  -5.3103747e+00   7.8447674e-03  -2.4343574e-02   3.5516076e-03
   1.3609183e-01  -1.0382086e+00  -5.1993375e+00   5.1051360e-03  -2.3120972e-02   3.3941531e-03
   1.1008263e-01  -1.0312547e+00  -5.2047530e+00   4.2839863e-03  -2.1966789e-02   3.3270528e-03
   1.2231158e-01  -8.4214137e-01  -5.2303273e+00   3.7197833e-03  -2.1786486e-02   3.2723271e-03
   1.2111130e-01  -9.7931205e-01  -5.2918490e+00   4.0695246e-03  -2.0977350e-02   3.6291436e-03
   1.2331663e-01  -8.4927893e-01  -5.2034814e+00   1.5434981e-03  -2.0528711e-02   4.0891274e-03
   1.6884587e-01   2.6537195e-02  -3.7993496e+00  -2.3339906e-03  -1.9669185e-02   3.8855478e-03
   1.7807605e-01  -1.9455383e-01  -3.0094840e+00  -1.0321574e-03  -1.6771847e-02   4.9930250e-03
   1.7431477e-01  -1.6664794e-01  -2.9007860e+00  -1.7117121e-03  -1.5733838e-02   5.1951186e-03
   1.8309812e-01  -1.8368927e-01  -2.9305716e+00  -4.1908111e-05  -1.5633396e-02   5.0448018e-03
   1.8964158e-01  -2.3182022e-01  -2.9018644e+00  -4.4396365e-06  -1.5483843e-02   4.9966925e-03
   1.7623044e-01  -2.8040183e-01  -2.9448135e+00   5.1302601e-04  -1.5225272e-02   4.8343592e-03
   2.1337124e-01  -3.9315240e-01  -3.5609506e+00   1.7312378e-03  -1.5494017e-02   5.0919211e-03
   2.0664094e-01  -3.0538899e-01  -3.2812989e+00   6.5325853e-04  -1.5532619e-02   5.0890900e-03
   1.8856286e-01  -2.1306574e-01  -2.9594490e+00  -6.2528972e-04  -1.5068606e-02   5.2566942e-03
   1.8231010e-01  -2.7258320e-01  -2.8351850e+00  -1.2060031e-04  -1.5023868e-02   5.1291081e-03
   1.8082729e-01  -1.9096068e-01  -2.7402238e+00  -9.7675077e-04  -1.4950913e-02   5.1057747e-03
   1.7211562e-01  -1.9742804e-01  -2.7035982e+00  -8.2970176e-04  -1.4751510e-02   4.9328219e-03
   1.6779175e-01  -2.9482183e-01  -2.6867560e+00  -1.1273342e-03  -1.4647231e-02   5.1063899e-03
   1.9476907e-01  -1.9097498e-01  -2.7166276e+00  -7.8469493e-04  -1.5107139e-02   5.4263238e-03
   2.0191894e-01  -1.5933163e-01  -2.6749978e+00  -8.7335626e-04  -1.5445491e-02   5.7879064e-03
   2.4167019e-01  -3.6830413e-01  -2.7595684e+00  -3.9532745e-04  -1.5823173e-02   6.2998565e-03
   2.4320816e-01  -3.1208048e-01  -2.6452580e+00   3.4050523e-03  -1.6491183e-02   5.5708577e-03
   2.5399108e-01  -1.5611825e-01  -2.5037525e+00  -1.4925922e-03  -1.6429671e-02   5.5784041e-03
   2.4804621e-01  -3.0599814e-01  -2.5741499e+00  -5.9152838e-04  -1.5740678e-02   5.7294054e-03
   2.7044466e-01  -1.8650336e-01  -2.6152095e+00  -1.2391129e-03  -1.5726427e-02   6.5720573e-03
   2.3875899e-01  -1.2184555e-01  -2.6653414e+00  -1.4094357e-03  -1.5215206e-02   6.4187973e-03
   1.8295692e-01  -2.6326123e-01  -2.6019636e+00  -1.1359051e-03  -1.3874238e-02   6.6858344e-03
   1.6694205e-01  -9.3859796e-02  -2.4947444e+00  -3.7076770e-03  -1.2986149e-02   5.9392185e-03
   1.9372968e-01  -9.6056153e-02  -2.5046192e+00  -3.2691532e-03  -1.3480737e-02   6.1684572e-03
   2.0228729e-01  -1.3043416e-01  -2.5462213e+00  -4.2108449e-03  -1.3879505e-02   5.2632698e-03
   1.9989354e-01  -8.3836708e-02  -2.5188858e+00  -4.7195124e-03  -1.3802223e-02   5.1664301e-03
   1.7466637e-01  -1.2336260e-01  -2.4742868e+00  -4.1736961e-03  -1.3134991e-02   4.9644594e-03
   1.5453723e-01   6.2845819e-03  -2.2722268e+00  -4.9389507e-03  -1.2821009e-02   5.2385089e-03
   1.6769968e-01  -9.4607787e-02  -2.2250772e+00  -5.0930063e-03  -1.2878663e-02   5.0741313e-03
   1.5908661e-01  -9.1995815e-02  -2.3364860e+00  -4.6141022e-03  -1.2972218e-02   4.7337810e-03
   1.5587000e-01   1.1216496e-02  -2.3276942e+00  -5.5540542e-03  -1.2898716e-02   4.9544726e-03
   1.7056117e-01  -8.9793069e-02  -2.3245552e+00  -5.2277215e-03  -1.2997897e-02   4.8315149e-03
   1.8007208e-01  -4.1576886e-03  -2.3187359e+00  -6.3195137e-03  -1.2688440e-02   4.4620780e-03
   1.7029938e-01   2.3648456e-02  -2.2728683e+00  -6.5469036e-03  -1.2645060e-02   4.2034911e-03
   1.7729822e-01  -7.5554109e-02  -2.2882796e+00  -5.3970818e-03  -1.2602323e-02   4.2108803e-03
   1.8173276e-01  -5.7326964e-02  -2.2584118e+00  -5.2524405e-03  -1.2520442e-02   3.7783311e-03
   1.7427889e-01   2.2005610e-02  -2.2313059e+00  -6.1245868e-03  -1.2295213e-02   3.6594070e-03
   1.8400114e-01  -5.8287347e-02  -2.2647994e+00  -5.9484614e-03  -1.2590901e-02   3.7015602e-03
   1.8035983e-01   8.3161951e-03  -2.2051567e+00  -7.8129178e-03  -1.2225494e-02   3.4796365e-03
   1.7418779e-01   1.4208249e-02  -2.1921760e+00  -7.2520215e-03  -1.2070172e-02   3.5899822e-03
   1.7897338e-01   4.3132949e-03  -2.1904771e+00  -8.6606755e-03  -1.2392961e-02   3.2667486e-03
   1.6887821e-01   5.2166591e-02  -2.1388939e+00  -8.9386308e-03  -1.2753341e-02   3.1988647e-03
   1.9930246e-01  -3.2403584e-02  -2.1224281e+00  -8.3610878e-03  -1.2803360e-02   3.2645898e-03
   1.9047992e-01  -3.3814458e-03  -2.1287670e+00  -8.0830953e-03  -1.2737952e-02   3.0465261e-03
   1.7480300e-01  -7.5382145e-03  -2.0888138e+00  -7.3889946e-03  -1.2607852e-02   2.7080608e-03
   1.8252398e-01  -1.0450710e-01  -2.1165581e+00  -6.9818551e-03  -1.2643267e-02   3.0766197e-03
   1.9656305e-01  -3.9055164e-02  -2.1445951e+00  -6.8042938e-03  -1.2891963e-02   2.9465009e-03
   1.9049225e-01  -2.7269906e-02  -2.1362006e+00  -6.6881586e-03  -1.3081480e-02   2.9992636e-03
   2.0152788e-01  -1.3178094e-01  -2.1382911e+00  -6.5535177e-03  -1.3085931e-02   3.0325956e-03
   2.0825086e-01  -3.4209828e-02  -2.1717179e+00  -6.3457486e-03  -1.3167527e-02   3.2257162e-03
   2.7355455e-01   7.7665241e-02  -2.1056154e+00  -1.1694186e-02  -1.3460663e-02   4.8050804e-03
   2.2351664e-01  -5.9297983e-02  -2.2313970e+00  -1.1823501e-02  -1.2848055e-02   5.7232745e-03
   2.6980743e-01  -8.6674062e-02  -2.5720700e+00  -1.0660505e-02  -1.4329841e-02   4.8089570e-03
   4.3248246e-01  -5.3119445e-01  -2.8664462e+00   5.7770764e-03  -2.1836717e-02   1.0113740e-03
   9.2106905e-01  -1.8254982e+00  -3.0574252e+00   3.4852906e-02  -2.9801377e-02   6.5849358e-03
   7.8582981e-01  -1.7569877e+00  -3.0705178e+00   4.4240689e-02  -3.3523530e-02   6.7316419e-03
   2.6627070e-01  -2.6189869e-01  -1.9771552e+00  -8.1405132e-05  -1.6315455e-02   7.0755392e-03
   2.6280809e-01  -2.1280033e-01  -1.8671333e+00  -2.0665580e-03  -1.5141107e-02   7.1852378e-03
   2.5835727e-01  -6.2643519e-02  -1.8740828e+00  -3.5244270e-03  -1.5098995e-02   6.7700670e-03
   3.0007108e-01  -9.3499020e-02  -1.8262522e+00  -3.7795450e-03  -1.5327431e-02   8.2883859e-03
   5.3359210e-01  -7.9114931e-01  -1.2630552e+00  -7.1061759e-03  -1.8221915e-02   7.5085585e-02
   3.1424664e-01  -4.5848775e-01  -1.4438507e+00  -3.2204400e-03  -1.3571769e-02   5.0879215e-02
   3.1483054e-01  -4.5593460e-01  -1.4533211e+00  -4.3935778e-03  -1.1852985e-02   4.7893875e-02
   3.5155752e-01  -3.6687448e-01  -1.4717792e+00  -4.6162537e-03  -1.1800701e-02   4.6887172e-02
   3.9039765e-01  -4.2134901e-01  -1.5606201e+00  -4.2093878e-03  -1.1440828e-02   4.6066453e-02
   3.9570494e-01  -3.7590350e-01  -1.5599852e+00  -4.8701860e-03  -1.1182527e-02   4.4861242e-02
   4.0170747e-01  -2.3388455e-01  -1.5447175e+00  -6.2369961e-03  -1.1377345e-02   4.4654705e-02
   3.9359282e-01  -2.6289722e-01  -1.5655860e+00  -7.6439408e-03  -1.0862943e-02   4.4401510e-02
   4.1474855e-01  -1.4613564e-01  -1.5946409e+00  -8.6253533e-03  -1.1332911e-02   4.3669165e-02
   3.9306981e-01  -1.5335191e-01  -1.6415408e+00  -8.8971340e-03  -1.1326468e-02   4.2769536e-02
   3.8893745e-01  -1.3449403e-01  -1.6682453e+00  -9.0596152e-03  -1.1744816e-02   4.1716536e-02
   3.9058426e-01  -1.4843593e-01  -1.6244114e+00  -8.9463727e-03  -1.1562535e-02   4.1083286e-02
   3.7874578e-01  -1.5802613e-01  -1.6833515e+00  -8.0417984e-03  -1.1578081e-02   4.1049055e-02
   3.0687759e-01   1.6273130e-01  -7.2981738e-01  -4.4195195e-03  -1.4080525e-02   3.8955168e-02
   2.2801506e-01   1.3626691e-01  -7.3070690e-01  -8.0769091e-03  -1.3273550e-02   3.5526458e-02
   2.3375349e-01   9.6874165e-02  -7.4179875e-01  -7.0353682e-03  -1.2326438e-02   3.5558911e-02
   2.5186860e-01   5.7596229e-02  -6.2089663e-01  -4.9844092e-03  -1.2491132e-02   3.5338386e-02
   2.3514211e-01   1.4717550e-01  -6.0459669e-01  -6.3287014e-03  -1.2330988e-02   3.5036242e-02
   2.7537297e-01  -6.9020555e-02  -5.9811185e-01  -5.3482028e-03  -1.2566527e-02   3.5712102e-02
   3.2590296e-01  -7.8978451e-03  -7.1951627e-01  -5.2971390e-03  -1.3259916e-02   3.5912573e-02
   3.7103373e-01   1.2180690e-02  -9.9631548e-01  -7.6773488e-03  -1.3896401e-02   3.6565107e-02
   4.2907471e-01  -4.8474361e-01  -1.0636021e+00  -8.8119589e-04  -1.6266590e-02   3.6243679e-02
   5.1727374e-01  -5.6781325e-01  -1.6006405e+00   1.6079111e-02  -1.8717528e-02   2.9212110e-02
   3.8181543e-01  -3.2039798e-01  -1.1874096e+00   5.0019309e-03  -1.5562025e-02   3.2315008e-02
   3.2649464e-01  -1.8791360e-01  -9.4286928e-01  -6.3723671e-04  -1.4783075e-02   2.9610590e-02
   3.0505571e-01   2.5162734e-02  -9.1659288e-01  -1.9007895e-03  -1.4857096e-02   2.8332637e-02
   2.9198006e-01   1.2496852e-03  -8.6401304e-01  -1.2660656e-03  -1.4556995e-02   2.8083921e-02
   2.9669414e-01  -6.5844279e-02  -8.7795162e-01  -1.5980928e-03  -1.4581163e-02   2.8063703e-02
   2.8919211e-01   4.1392049e-02  -8.8637272e-01  -2.3831244e-03  -1.4514951e-02   2.7932064e-02
   2.8532308e-01   5.1878963e-02  -8.7789574e-01  -2.6899004e-03  -1.4588158e-02   2.7841398e-02
   2.6159458e-01   5.1161971e-02  -8.6682970e-01  -2.0434469e-03  -1.4479413e-02   2.8390016e-02
