   0.0000000e+00  -7.5373064e-17   0.0000000e+00   0.0000000e+00   0.0000000e+00   6.8807953e-18
  -5.4543196e-03  -3.0732469e-02   5.2169264e-02  -2.0577560e-04   4.5381860e-04  -1.5021661e-04
  -1.9084975e-02   7.8730349e-03   7.8722080e-02   8.4457364e-05   9.2860720e-04   2.3964100e-04
  -1.2681268e-02  -4.0432156e-02   6.2789075e-02   6.5414404e-04   1.0932623e-03   4.9194118e-05
  -2.7763630e-02  -1.3306769e-02   6.6008623e-02  -8.3830399e-05   1.3353396e-03   2.2143167e-04
  -2.0728434e-02  -3.1744033e-04   1.3960930e-01  -1.9028797e-04   8.7252494e-04  -1.7914375e-04
  -2.7617505e-02   9.6104996e-02   1.7040065e-01  -1.6099269e-03   1.4502028e-03  -3.1909611e-04
  -3.6609854e-02   4.0456070e-02   1.9946831e-01  -1.7128701e-03   1.6961017e-03  -4.6548090e-04
  -3.0355047e-02   9.6338599e-02   1.8985044e-01  -2.2761255e-03   1.8091378e-03  -7.5721681e-04
  -5.3214299e-02   6.6983822e-02   2.6365200e-01  -1.1748545e-03   1.9560297e-03  -1.0564531e-03
  -5.9099378e-02   1.1647433e-02   2.9180995e-01   4.0126034e-04   2.4769182e-03  -1.1749580e-03
  -6.8245618e-02   3.1232844e-02   3.6204063e-01   7.3997187e-04   2.7046209e-03  -1.3618734e-03
  -5.7779742e-02   8.9266028e-02   3.7878183e-01  -1.4677173e-04   2.9508526e-03  -1.3490756e-03
  -7.2319828e-02   1.9540764e-02   4.3895124e-01   7.0113105e-04   3.0478945e-03  -1.9854511e-03
  -8.4030383e-02   9.8747000e-02   5.0667069e-01   6.1937608e-04   3.2052745e-03  -2.4317828e-03
  -5.9145974e-02   1.6530558e-02   4.9018697e-01   2.0248630e-03   3.0018957e-03  -1.8700813e-03
  -5.8703858e-02   1.6971594e-01   5.6815783e-01   7.0068984e-04   3.0529735e-03  -1.4188418e-03
  -1.0507378e-02   9.9606165e-04   5.8214399e-01  -2.9797239e-03   2.3093983e-03  -1.9046025e-03
   1.5365409e-02   5.5501912e-02   4.6660263e-01  -3.6681313e-03   2.5665731e-03  -5.6267442e-04
   5.2210810e-05  -3.4204556e-02   4.1648320e-01  -2.2457793e-03   3.3309391e-03   1.9538156e-04
   1.2588650e-01  -2.4047853e-01   3.1888407e-01   7.5466423e-03  -9.7330765e-04   1.0787032e-03
   2.6214218e-01  -6.7321186e-01  -6.0601206e-02   8.0552955e-03  -4.5283030e-03  -9.6404930e-04
   3.3511398e-01  -1.3775132e+00  -6.0460955e-01   1.0556210e-02  -1.2129144e-02   1.1900866e-03
   6.2190047e-01  -1.9831424e+00  -4.7451685e-01   4.5867209e-02  -1.8160962e-02   8.0895883e-03
   8.9324085e-02  -1.7864095e-01  -2.8039751e-01  -9.5311065e-03  -2.4861402e-03   1.8795458e-03
  -4.8021879e-02   1.1540111e-01   5.9593227e-01  -2.3906388e-02   1.7245901e-03  -1.5800775e-03
  -6.6784338e-02   2.4050317e-01   6.8941873e-01  -2.1994189e-02   1.4888548e-03  -1.8889018e-03
  -7.8846924e-02   2.6451913e-01   7.3782758e-01  -2.1611822e-02   1.5568269e-03  -2.0832168e-03
  -8.2892071e-02   2.3769989e-01   7.9749095e-01  -2.1599801e-02   1.5466071e-03  -2.5117830e-03
  -8.3814660e-02   2.6142965e-01   8.2267354e-01  -2.2159764e-02   1.7804706e-03  -2.7086509e-03
  -7.8748612e-02   2.4662504e-01   7.8262731e-01  -2.1510047e-02   1.6232270e-03  -2.6289599e-03
  -8.2502278e-02   2.8778979e-01   8.1121829e-01  -2.2638186e-02   1.7410333e-03  -2.8091744e-03
  -9.3481481e-02   2.7056528e-01   8.1420422e-01  -2.2478637e-02   2.0267981e-03  -3.0432323e-03
  -1.0374952e-01   2.9432983e-01   8.3237920e-01  -2.2242788e-02   2.2677890e-03  -3.1675566e-03
  -7.2433113e-02   4.5366488e-01   9.0943554e-01  -2.3117348e-02   1.2882070e-03  -3.3025759e-03
  -1.0554410e-01   2.5135431e-01   8.0445466e-01  -2.3510994e-02   2.5073961e-03  -3.9568205e-03
  -7.7144061e-02   3.7231247e-01   8.7647114e-01  -2.2570295e-02   1.3965427e-03  -3.0940796e-03
  -8.6646243e-02   2.8724033e-01   7.6998458e-01  -2.1109636e-02   1.9185047e-03  -3.0456488e-03
  -1.0555240e-01   3.1535268e-01   7.8157748e-01  -2.1240747e-02   2.1901707e-03  -4.2186881e-03
  -9.1293067e-02   3.8816303e-01   7.9864112e-01  -2.3535099e-02   2.0866815e-03  -3.9948615e-03
  -1.1756308e-01   3.7233335e-01   8.1052166e-01  -2.2629751e-02   2.4245572e-03  -4.3694291e-03
  -1.0080787e-01   4.3011284e-01   8.2540672e-01  -2.3830773e-02   2.1630215e-03  -4.1045297e-03
  -1.1013997e-01   3.5879273e-01   8.4179381e-01  -2.3233997e-02   2.0856872e-03  -4.5841901e-03
  -1.1650820e-01   4.0182734e-01   8.6746289e-01  -2.2901913e-02   2.2354874e-03  -4.6575861e-03
  -1.2097977e-01   3.6719659e-01   9.0174387e-01  -2.2618838e-02   2.3351381e-03  -4.7828761e-03
  -1.2193516e-01   3.6243487e-01   9.1963543e-01  -2.2642803e-02   2.4439725e-03  -4.7806132e-03
  -1.1758674e-01   3.5968599e-01   9.2135374e-01  -2.2595023e-02   2.4805489e-03  -4.8222935e-03
  -8.8890506e-02   4.4526085e-01   8.4645425e-01  -2.4029657e-02   2.0311485e-03  -4.5055707e-03
  -9.9858536e-02   3.8093374e-01   8.6548556e-01  -2.3991654e-02   2.3885588e-03  -5.0145520e-03
  -9.3217760e-02   4.2747127e-01   8.7680454e-01  -2.5271662e-02   2.4093664e-03  -4.7900287e-03
  -8.9869116e-02   3.7460344e-01   8.0223077e-01  -2.5547762e-02   2.3477597e-03  -4.2522323e-03
  -6.2175306e-02   5.0992384e-01   7.1250753e-01  -3.0274552e-02   2.9749817e-03  -4.3435897e-03
  -7.5298792e-02   4.2749173e-01   7.6199110e-01  -2.9400132e-02   2.7929830e-03  -4.5490736e-03
  -8.3246734e-02   3.9989228e-01   7.5347639e-01  -2.7306646e-02   3.0170614e-03  -4.5407420e-03
  -6.1541241e-02   5.0544452e-01   7.0586139e-01  -3.0389956e-02   3.1291190e-03  -4.7247730e-03
  -4.9649406e-02   3.7183554e-01   7.4610639e-01  -3.1015314e-02   2.6763014e-03  -4.9207850e-03
  -5.0717834e-02   4.7044308e-01   9.8344901e-01  -2.9963262e-02   2.2760734e-03  -4.6202583e-03
   1.8115904e-03   7.2185809e-01   7.7911903e-01  -3.2833240e-02   2.2068140e-03  -4.0664075e-03
   5.1335165e-03   4.7888078e-01   7.3560711e-01  -3.4326769e-02   1.8860597e-03  -4.0475330e-03
   7.4113498e-03   5.3587656e-01   7.4527887e-01  -3.4723962e-02   1.9575904e-03  -3.6496287e-03
   1.2016887e-04   5.0248467e-01   6.9702919e-01  -3.4603480e-02   2.2876346e-03  -2.9713421e-03
   9.6212836e-02  -2.3227177e-01   2.8846653e-01  -1.2985539e-02  -7.4612865e-04  -1.1639813e-02
   4.7511489e-01  -1.2088316e+00   7.0273392e-01   5.3637293e-02  -1.9839398e-02  -1.1433128e-02
   5.7556879e-01  -2.1551922e+00   7.8383733e-01   7.7530468e-02  -3.0127440e-02  -6.1231771e-03
   1.8847806e-01  -3.5625886e-01   1.5648400e-01   8.1546010e-03  -1.4897126e-02  -2.4577319e-03
   1.3040160e-03   2.8525457e-01   2.4008426e-01  -3.0041717e-02  -2.3969839e-03  -1.9555398e-03
  -1.7885694e-02   4.3007631e-01   3.6172163e-01  -3.8062933e-02  -1.3269996e-03  -4.2191287e-03
  -5.7195931e-03   4.3843112e-01   4.1097236e-01  -3.8142715e-02  -1.0822192e-03  -4.0187297e-03
  -1.7650596e-02   4.9572422e-01   4.8045038e-01  -3.8085291e-02  -8.0899022e-04  -4.5899723e-03
  -2.2540440e-02   5.0090622e-01   5.2260317e-01  -3.7708685e-02  -5.5793391e-04  -4.7636208e-03
  -2.8032749e-02   5.3132696e-01   5.3063247e-01  -3.7024845e-02  -5.7953608e-04  -4.7167780e-03
  -3.6341513e-02   5.5511922e-01   5.6384349e-01  -3.8355502e-02  -2.2974025e-04  -4.8144140e-03
  -4.0219834e-02   5.2890399e-01   6.0461570e-01  -3.7209650e-02  -1.9294877e-04  -4.9224712e-03
  -4.9217491e-02   5.8745182e-01   6.3269849e-01  -3.6494458e-02   7.8401969e-05  -4.9692779e-03
  -6.2399378e-02   5.4476096e-01   6.6280082e-01  -3.6003084e-02   3.4068816e-04  -5.3231423e-03
  -6.0766926e-02   5.7627518e-01   6.9910218e-01  -3.5975057e-02   4.2673881e-04  -5.6157881e-03
  -6.9622261e-02   6.2511709e-01   7.5898294e-01  -3.4111230e-02   7.2326511e-04  -5.6101210e-03
  -7.3530563e-02   5.4394173e-01   7.7684326e-01  -3.3563401e-02   9.9140452e-04  -5.5593116e-03
  -8.4590994e-02   5.2422107e-01   7.7155833e-01  -3.2364547e-02   1.0499603e-03  -5.1564755e-03
  -5.7530736e-02   6.7199126e-01   7.9688571e-01  -3.1634148e-02  -8.0836294e-04  -3.3188312e-03
  -4.0747929e-02   4.0230847e-01   7.2923475e-01  -1.9858077e-02  -2.5239661e-03  -2.0497306e-03
  -3.9170938e-02   4.2374318e-01   5.2452120e-01  -2.1846128e-02  -2.2612198e-03  -1.9613946e-03
  -5.8578630e-02   5.5358372e-01   6.4979260e-01  -2.5790804e-02  -1.2527294e-03  -2.9041715e-03
  -8.4446727e-02   5.3545763e-01   6.8291013e-01  -2.6633561e-02  -5.1714344e-04  -3.5464361e-03
  -6.6320128e-02   6.7010131e-01   6.6305031e-01  -2.8233986e-02  -1.2054962e-03  -3.3387272e-03
  -8.4096552e-02   5.4744482e-01   6.4202425e-01  -2.7020575e-02  -6.2046011e-04  -3.2766248e-03
  -7.6771714e-02   5.9571816e-01   6.7384640e-01  -2.8625618e-02  -6.9946555e-04  -3.3976537e-03
  -9.6085050e-02   5.6003528e-01   7.2211341e-01  -2.7825764e-02  -3.7832699e-04  -3.5273335e-03
  -9.8861200e-02   5.4438456e-01   7.3852150e-01  -2.7376211e-02  -1.0687580e-04  -4.2773735e-03
  -9.6082954e-02   5.5617783e-01   7.2130880e-01  -2.6272431e-02  -1.4329853e-04  -4.0051207e-03
  -9.6700111e-02   5.5293590e-01   7.3610308e-01  -2.6456694e-02   4.7658387e-05  -4.2936134e-03
  -1.0119071e-01   5.6495337e-01   7.6420192e-01  -2.7687893e-02  -9.0909829e-05  -3.9306298e-03
  -1.0715663e-01   5.4870107e-01   7.9301237e-01  -2.7517722e-02   3.0933694e-04  -4.7181547e-03
  -1.1346166e-01   5.8262676e-01   8.3179950e-01  -2.7480458e-02   3.8923560e-04  -4.7550235e-03
  -1.2317223e-01   5.0386938e-01   8.5648615e-01  -2.7432127e-02   8.6996660e-04  -5.2166730e-03
  -1.2110715e-01   5.8456021e-01   8.7904866e-01  -2.8149509e-02   7.6464141e-04  -5.1407662e-03
  -1.2233851e-01   5.5397924e-01   8.9617743e-01  -2.7106976e-02   7.0075533e-04  -5.2409545e-03
  -1.1161585e-01   5.1436018e-01   9.1449286e-01  -2.7363556e-02   6.4050983e-04  -5.4121598e-03
  -1.2736980e-01   5.3579072e-01   9.3950216e-01  -2.6715346e-02   7.7392497e-04  -5.3899480e-03
  -1.1602843e-01   5.7189672e-01   9.4097058e-01  -2.7634829e-02   9.0730701e-04  -5.4807137e-03
  -1.2845541e-01   5.5204840e-01   9.4172726e-01  -2.8330524e-02   6.9374591e-04  -5.6118558e-03
  -1.0973169e-01   5.5846837e-01   9.1566624e-01  -2.8758318e-02   8.7966766e-04  -5.4337974e-03
  -8.6473122e-02   6.2109625e-01   8.4662004e-01  -2.9613636e-02   5.1973412e-04  -5.3144948e-03
  -9.6509614e-02   6.1349469e-01   8.3656599e-01  -3.0776723e-02   5.5920564e-04  -5.6594113e-03
  -1.0456752e-01   5.5724165e-01   8.2622667e-01  -2.8980913e-02   6.8351649e-04  -5.8817051e-03
  -1.0943684e-01   6.0375818e-01   8.1518931e-01  -2.8642382e-02   9.5797444e-04  -5.8565801e-03
  -1.1744518e-01   5.6978326e-01   9.0327034e-01  -2.8121419e-02   1.2961916e-03  -6.0181002e-03
  -1.1072144e-01   5.7319971e-01   9.0702246e-01  -2.8499676e-02   1.0220515e-03  -5.3946291e-03
  -1.0670240e-01   5.5747873e-01   8.7334288e-01  -2.8505956e-02   1.0633474e-03  -4.9995683e-03
  -1.2180891e-01   6.4800390e-01   8.6690886e-01  -3.0655143e-02   1.0924798e-03  -5.1685653e-03
  -1.2000530e-01   5.8388797e-01   8.5030837e-01  -3.0922350e-02   1.3330114e-03  -5.2000088e-03
  -1.0927682e-01   5.7726520e-01   8.1423440e-01  -2.9857056e-02   1.3493154e-03  -5.3269515e-03
  -8.9201887e-02   6.6249402e-01   8.0041433e-01  -3.0926368e-02   9.8177099e-04  -5.6940569e-03
  -1.0057141e-01   6.1864011e-01   7.8589411e-01  -3.1024942e-02   9.6497256e-04  -5.9100142e-03
  -1.0867651e-01   6.1762416e-01   8.0065738e-01  -3.1030597e-02   9.2864556e-04  -5.7648816e-03
  -1.0371461e-01   6.5081584e-01   7.9264772e-01  -3.0687492e-02   9.6660320e-04  -5.7394078e-03
  -9.2136863e-02   6.6065016e-01   7.9413419e-01  -3.1234559e-02   9.8799260e-04  -5.7349104e-03
  -9.4304301e-02   6.2063615e-01   7.9406742e-01  -3.0685492e-02   1.0092561e-03  -5.6396110e-03
  -9.7711787e-02   6.3252991e-01   8.0547343e-01  -3.0499349e-02   1.1618775e-03  -5.7106739e-03
  -9.4201321e-02   6.3447838e-01   7.8038249e-01  -3.0915226e-02   1.1447064e-03  -5.7631928e-03
  -7.7364239e-02   6.3606429e-01   7.8251398e-01  -3.0996701e-02   7.9942887e-04  -5.1105447e-03
  -9.0758292e-02   6.3774905e-01   7.9794485e-01  -3.1085571e-02   1.1166392e-03  -5.6441968e-03
  -9.0268255e-02   5.9743562e-01   7.8960408e-01  -3.0551124e-02   1.1880241e-03  -5.8080178e-03
  -8.1956694e-02   6.5201344e-01   8.1002761e-01  -3.1212200e-02   1.1365991e-03  -5.7980912e-03
  -8.7251999e-02   6.0490978e-01   8.0690078e-01  -3.0940656e-02   1.1824332e-03  -5.6187788e-03
  -9.0264624e-02   5.9648906e-01   8.4844830e-01  -3.0373256e-02   1.1287377e-03  -5.8289987e-03
  -8.8311873e-02   5.9538129e-01   8.6285662e-01  -2.9815077e-02   1.1708952e-03  -5.7599095e-03
  -8.4176872e-02   5.6134466e-01   8.5387696e-01  -3.0003688e-02   1.0465030e-03  -6.0132291e-03
  -9.5837785e-02   5.5487592e-01   8.6576267e-01  -2.9703852e-02   1.3734137e-03  -5.8807207e-03
  -8.6938967e-02   5.4788675e-01   8.5463695e-01  -2.9735733e-02   1.2246410e-03  -5.5578216e-03
  -9.0842183e-02   5.4316195e-01   8.5793570e-01  -2.9851839e-02   1.0370513e-03  -5.5925178e-03
  -9.2310950e-02   5.7264635e-01   8.5195308e-01  -3.0267317e-02   1.1003399e-03  -5.7148840e-03
  -9.7045463e-02   6.1219731e-01   8.6557224e-01  -3.0877024e-02   1.1750083e-03  -5.8827004e-03
  -9.8527166e-02   5.5239272e-01   8.5463139e-01  -3.0508367e-02   1.3536970e-03  -5.8261065e-03
  -8.8325553e-02   6.1507256e-01   8.4225214e-01  -2.9561135e-02   4.9640169e-04  -5.2372873e-03
  -1.0187338e-01   5.7667554e-01   8.6728488e-01  -2.9601448e-02   9.2586548e-04  -5.7154028e-03
  -8.6667666e-02   5.1255609e-01   8.3146307e-01  -2.7867815e-02   9.8944553e-04  -5.6171828e-03
  -1.4282864e-01   5.9097436e-01   8.2941213e-01  -2.9233518e-02   2.3609438e-03  -4.6470030e-03
  -6.9243315e-02   4.9953110e-01   6.5828835e-01  -1.9013735e-02  -1.3693152e-03  -7.9193969e-05
  -4.1788519e-02   5.1248287e-01  -6.4013621e-01  -1.8336955e-02  -6.2323239e-03  -1.4853765e-03
   5.1637204e-02   5.5432851e-01   4.3430610e-01  -3.4624500e-02  -3.6738120e-03  -5.9006030e-03
   4.5734231e-02   6.0916388e-01   5.0118215e-01  -3.5373055e-02  -3.1241020e-03  -5.8985806e-03
   7.0670633e-02   7.4604211e-01   4.1348461e-01  -3.5009016e-02  -3.7507785e-03  -5.7590986e-03
   1.9325746e-02   6.7980238e-01   4.0456640e-01  -4.1386138e-02  -2.6979967e-03  -7.6900028e-03
  -5.4014702e-02   4.7171501e-01   4.1203653e-01  -4.8353677e-02  -4.1686762e-04  -8.6468100e-03
  -5.2009508e-02   5.1213586e-01   4.4091664e-01  -4.2492435e-02   5.3969840e-04  -8.3804969e-03
  -3.2126258e-02   4.7138233e-01   4.3864768e-01  -4.4384817e-02   2.1496292e-04  -7.6216917e-03
   6.8203387e-03   3.9227617e-01   4.2978374e-01  -3.8093621e-02  -8.8837392e-04  -6.2876226e-03
  -6.6963531e-04   5.7367110e-01   3.7126538e-01  -4.2954446e-02   1.9606829e-04  -6.4886526e-03
  -2.1242963e-03   4.4165208e-01   4.0816868e-01  -3.9624027e-02  -7.2328420e-05  -5.6949649e-03
  -1.1760990e-02   5.4092664e-01   3.9028897e-01  -4.1445424e-02   8.5891015e-04  -6.2188939e-03
  -1.7585295e-02   4.1480656e-01   4.6563532e-01  -2.7908881e-02   2.5545782e-04  -4.0773369e-03
   2.6214891e-03   3.0326054e-01   4.1112663e-01  -2.5289191e-02  -1.3660924e-03  -2.4472352e-03
  -1.2209365e-02   2.5324170e-01   4.5587538e-01  -2.3940211e-02  -7.1326572e-04  -1.8476395e-03
  -2.7318400e-03   2.7990169e-01   4.2007209e-01  -2.0698873e-02  -9.8128699e-04  -1.5580733e-03
   1.0446775e-02   2.9707693e-01   4.4251584e-01  -2.2000923e-02  -8.7651678e-04  -1.0706684e-03
   3.8469196e-02   3.1724499e-01   3.7039785e-01  -2.4023346e-02  -1.2441296e-03  -3.7942339e-04
   7.2138820e-02   3.3850511e-01   1.5479146e-01  -2.6913272e-02  -1.2578397e-03  -1.1624974e-03
   6.1382097e-02   2.8349839e-01   7.5062986e-02  -2.7377344e-02  -3.7877852e-03  -2.6162380e-03
   1.9480284e-01  -8.4974042e-02  -1.5173638e-01  -1.9971135e-02  -1.1741356e-02  -6.2071274e-03
   5.1723235e-01  -1.4939057e+00   5.6932761e-02   4.4701268e-02  -2.4160992e-02   4.7505136e-03
   2.4785382e-01  -4.3055199e-01  -2.1509374e-01   3.0038951e-02  -1.6948335e-02   3.0760799e-03
  -2.0606471e-02   2.8594207e-01   7.0829123e-01  -2.5614169e-02  -2.1778244e-03  -1.8393872e-03
  -4.2973566e-02   3.6908673e-01   7.8567007e-01  -2.4506407e-02  -2.8160771e-03  -1.9371262e-03
  -5.8182377e-02   4.7434703e-01   8.1021266e-01  -2.3902031e-02  -2.8740005e-03  -2.3640233e-03
  -7.6892945e-02   5.2033375e-01   8.5227530e-01  -2.5686069e-02  -2.6047864e-03  -3.0562520e-03
  -6.7207926e-02   4.2503303e-01   8.7247165e-01  -2.5729054e-02  -2.6206644e-03  -2.7026067e-03
  -6.1582216e-02   4.9499182e-01   8.6981692e-01  -2.7239242e-02  -2.5311508e-03  -2.5830362e-03
  -5.5217022e-02   4.7362322e-01   8.5597664e-01  -2.8021370e-02  -2.4533693e-03  -2.6377018e-03
  -5.3152170e-02   4.5525948e-01   8.4197767e-01  -2.7780073e-02  -2.4552286e-03  -2.6970961e-03
  -2.7859469e-02   5.3293930e-01   8.0146658e-01  -3.0356474e-02  -2.2308428e-03  -2.4567973e-03
  -5.1329205e-02   4.8891473e-01   7.8281975e-01  -2.9489481e-02  -1.9797423e-03  -2.6438183e-03
  -3.4821327e-02   5.1199360e-01   7.5194334e-01  -3.0180338e-02  -2.0480189e-03  -2.9603200e-03
  -5.8575133e-02   5.2068798e-01   7.9124742e-01  -3.0465249e-02  -1.7645082e-03  -2.6967767e-03
  -2.5880111e-02   5.0227500e-01   7.5227778e-01  -2.8854257e-02  -2.2167514e-03  -2.6676207e-03
  -2.4125551e-02   5.7804858e-01   7.1536512e-01  -2.9838665e-02  -2.2738661e-03  -2.9551348e-03
  -3.8341082e-02   5.3113357e-01   7.3944295e-01  -2.9593580e-02  -2.7004910e-03  -2.9916710e-03
   2.1352706e-02   5.0173276e-01   4.4197989e-01  -3.0008301e-02  -2.5354405e-03  -6.3306136e-03
   8.5798582e-02   5.7849815e-01   3.5216659e-01  -2.9657857e-02  -3.6195755e-03  -4.9645162e-03
   7.0816251e-02   5.6043408e-01   4.0024089e-01  -3.0203637e-02  -3.9760249e-03  -4.0077535e-03
   5.5353450e-02   5.6261720e-01   3.8562205e-01  -3.0559006e-02  -3.6174757e-03  -4.4825818e-03
   5.6083621e-02   6.0647211e-01   4.0062208e-01  -3.0697338e-02  -3.5511005e-03  -4.5442559e-03
   4.9197341e-02   5.7052361e-01   4.3271894e-01  -3.0837235e-02  -3.3667552e-03  -4.6844609e-03
   3.9494174e-02   5.5400649e-01   4.6179833e-01  -3.0785889e-02  -3.1335698e-03  -4.7241274e-03
   3.2080153e-02   6.1382601e-01   4.8042068e-01  -3.1554523e-02  -3.1014142e-03  -4.8054765e-03
   3.8249650e-02   5.4611950e-01   4.7646184e-01  -3.1173696e-02  -3.1319491e-03  -5.0823200e-03
   2.3045363e-02   5.8912072e-01   4.8302416e-01  -3.1199003e-02  -3.0902449e-03  -5.4632055e-03
   9.2126801e-02   5.4808478e-01   5.2768979e-01  -2.8272167e-02  -4.6583051e-03  -4.3585039e-03
