   0.0000000e+00   0.0000000e+00   0.0000000e+00   0.0000000e+00   0.0000000e+00   0.0000000e+00
   1.5667562e-02   4.1749945e-02  -3.1417931e-02  -4.8286893e-04  -5.5315116e-04  -4.7802168e-04
  -1.5981946e-03  -1.1902625e-02   1.0828285e-02   8.7811944e-04  -9.2859304e-05  -4.0585613e-04
  -2.0734790e-02   7.2360466e-02   2.8710351e-02   2.6626557e-04  -1.1074008e-04  -3.8125140e-04
  -2.1981585e-02   6.0637744e-02   1.3170231e-02  -1.1740738e-04  -3.8270800e-04  -4.5024715e-04
  -2.9452861e-02   1.0358077e-01   5.7568601e-02  -7.9804818e-04  -3.1464635e-04  -7.6785135e-04
  -3.5559348e-02   4.1541011e-02   1.7445358e-02   1.7050836e-04  -2.0043241e-04  -7.8926427e-04
  -2.8083674e-02   6.2208425e-02   8.9630622e-03   4.1850686e-04  -1.2637885e-04  -9.4146509e-04
  -3.6041242e-02   1.0666350e-01   4.7831932e-03  -8.9013295e-04   2.5415829e-05  -9.2585829e-04
  -2.5717315e-02   9.6348403e-02   8.2897013e-03  -9.9755265e-04  -1.5238919e-04  -8.7385617e-04
  -2.2113265e-02   6.5170945e-02   2.1490951e-02   6.0805348e-05  -3.0896092e-05  -8.9224782e-04
  -2.5679724e-02   7.6285047e-02   1.4963329e-04   1.3985865e-04   4.9879332e-05  -1.0213789e-03
  -7.8894192e-03   2.7676802e-02  -1.9833809e-03  -5.0053935e-04  -3.9751936e-04  -2.2563447e-04
  -2.4271720e-02   1.6093740e-01   3.0918438e-02  -2.7608515e-03  -8.5142973e-06  -7.6814997e-04
  -7.8035307e-04   9.5569184e-02   8.9746790e-03  -1.6718917e-03  -2.1834459e-04  -6.8419653e-04
  -6.0903934e-03   1.4000501e-01   6.5870448e-03  -1.9617277e-03  -4.7094103e-04  -5.5364072e-04
   1.0697935e-02   1.4625108e-01  -2.1013741e-02  -2.6778259e-03  -5.8327038e-04  -5.4023447e-04
   1.9796599e-02   1.3001330e-01  -2.1974165e-02  -3.5919300e-03  -8.2510765e-04  -2.7869057e-04
   1.3729972e-02   1.2363730e-01  -5.6662925e-04  -2.9442014e-03  -7.9043943e-04  -4.8962546e-04
   6.9685273e-03   1.0885657e-01   2.5617518e-02  -2.4429071e-03  -6.7201469e-04  -7.9757622e-04
  -3.1904305e-03   9.7132885e-02   2.8888617e-02  -2.1652118e-03  -7.4059278e-04  -1.0371515e-03
   9.1041082e-05   9.5396768e-02   2.2899410e-02  -1.5696237e-03  -8.7374759e-04  -6.9931369e-04
  -2.8250282e-02   1.2277017e-01   7.2500610e-02  -2.1190193e-03  -8.4668981e-04  -8.7425069e-04
  -1.0873386e-02   1.2063828e-01   6.9103854e-02  -2.5689084e-03  -6.6854740e-04  -9.3232295e-04
  -2.0276500e-02   9.8500147e-02   6.5983920e-02  -2.0678125e-03  -3.9523083e-04  -9.0323970e-04
  -3.9162184e-03   6.8582883e-02   7.7173065e-02  -8.7695001e-04  -5.9629866e-04  -5.4384200e-04
   4.6204260e-03   1.1606524e-01   1.2093475e-01  -2.0740999e-03  -6.2334424e-04  -6.8245113e-04
   1.0496546e-02   6.6942497e-02   9.8105873e-02  -1.1972961e-03  -7.2467863e-04  -5.6086936e-04
   2.3289575e-02   1.1636999e-01   1.2305351e-01  -2.8643002e-03  -8.3497701e-04  -6.0529050e-04
   2.8310703e-02   9.8158995e-02   2.1055357e-01  -1.5260045e-03  -9.0102048e-04  -1.0467807e-03
   1.0715891e-02   5.5721693e-02   2.3205317e-01  -3.3454967e-04  -7.0590907e-04  -1.1826452e-03
   1.7866811e-02   6.0455330e-02   2.2639175e-01  -8.5935623e-04  -1.0834997e-03  -1.3564494e-03
   1.9907079e-02   1.1641839e-01   2.4569022e-01  -2.0759860e-03  -1.1881247e-03  -1.7145993e-03
   2.8233024e-02   1.0607108e-01   2.4418243e-01  -2.0872128e-03  -1.2559040e-03  -1.4214233e-03
   2.3519436e-02   4.3648586e-02   2.3742526e-01  -1.1605336e-03  -1.0541825e-03  -1.1516233e-03
   4.9787636e-02   9.1949490e-02   2.1434273e-01  -1.4819968e-03  -1.5289196e-03  -5.4470660e-04
   3.6644525e-02   8.4949869e-02   2.0544855e-01  -2.8327922e-03  -1.4185677e-03  -5.1425333e-04
   3.3842382e-02   4.7119684e-02   2.0147199e-01  -2.1934307e-03  -1.0300183e-03  -6.6035309e-04
   3.4379576e-02   1.4260741e-01   1.8778945e-01  -2.9326153e-03  -8.0922033e-04  -8.9600701e-04
   2.6268695e-02   1.0475321e-01   2.1133214e-01  -2.5673864e-03  -9.1042156e-04  -1.1261693e-03
   1.5173547e-02   5.9836830e-02   2.2758522e-01  -1.1733365e-03  -6.1965006e-04  -1.1777558e-03
   5.6990715e-03   1.2802802e-01   2.5160638e-01  -2.3390316e-03  -5.3644750e-04  -1.0667682e-03
   1.0519194e-02   9.1690201e-02   2.4091775e-01  -2.0157858e-03  -8.9008171e-04  -1.2824080e-03
   1.8005467e-02   9.5622058e-02   2.2647451e-01  -1.9602585e-03  -8.0298845e-04  -9.1947190e-04
   5.7980377e-03   1.1719774e-01   2.4452289e-01  -2.5604673e-03  -7.4099649e-04  -1.0538593e-03
   9.3262109e-03   8.6794054e-02   2.4283503e-01  -2.0014627e-03  -6.9637284e-04  -1.0770359e-03
   3.2820362e-03   1.0939210e-01   2.4897390e-01  -2.1225511e-03  -4.1054853e-04  -1.0158235e-03
   8.5987719e-03   8.6116271e-02   2.6294881e-01  -2.1193160e-03  -8.1828137e-04  -1.3738956e-03
   4.4972610e-03   7.0876991e-02   2.7487223e-01  -1.7080893e-03  -7.7509127e-04  -1.5283831e-03
   4.9052884e-03   1.1403864e-01   2.7278876e-01  -2.1868908e-03  -6.8233458e-04  -1.6565433e-03
  -2.2777815e-03   1.2449438e-01   3.0381918e-01  -2.5747267e-03  -7.1514127e-04  -1.6368745e-03
  -4.9631985e-03   7.1090124e-02   3.8357285e-01  -2.7276715e-04  -6.9120349e-04  -2.0395868e-03
  -5.3109922e-03   8.5569994e-02   3.8969260e-01  -1.8022173e-04  -4.6216837e-04  -2.0983781e-03
  -1.0163090e-02   7.3707826e-02   4.3462519e-01  -4.2336791e-04  -5.0581518e-04  -2.1378780e-03
  -1.0826688e-02   4.5055534e-02   4.4254319e-01  -2.7759568e-05  -6.2101922e-04  -2.2186066e-03
  -1.2455333e-02   8.5973542e-02   4.3461361e-01  -5.7080716e-04  -3.8454871e-04  -2.1932237e-03
  -1.1806512e-02   1.1864706e-01   4.5231370e-01  -1.6563594e-03  -4.5796157e-04  -2.1900953e-03
  -1.4306387e-02   7.3763396e-02   4.6098326e-01  -7.7287292e-04  -3.6474309e-04  -2.2102634e-03
  -5.5923878e-03   7.9103933e-02   4.1657196e-01  -7.8149506e-04  -5.8793978e-04  -2.0649749e-03
   1.3017496e-02   1.5658293e-02   2.9993714e-01   7.0047623e-03  -8.0965618e-04  -2.6191417e-03
   4.2638299e-03   7.2475815e-04   3.0621537e-01   4.3476296e-03  -7.3871815e-04  -2.0371543e-03
   8.2551401e-03   3.3429328e-02   2.4184703e-01   2.2770743e-03  -7.8756377e-04  -1.9365508e-03
   4.8169239e-03   9.0236791e-02   2.7448222e-01   1.6243963e-03  -8.9697722e-04  -1.7914038e-03
  -1.0102418e-02   5.0003955e-02   3.0647272e-01   1.9689794e-03  -7.7514525e-04  -1.9419200e-03
   3.8937654e-03   3.6701325e-02   3.0082963e-01   2.1461816e-03  -8.7373266e-04  -2.1051958e-03
  -4.3254243e-03   8.5365189e-02   3.4788327e-01   1.1886936e-03  -7.7557509e-04  -2.0533407e-03
  -3.1239123e-03   6.1514022e-02   3.5724283e-01   1.4632981e-03  -9.0859714e-04  -1.9700665e-03
   4.9087536e-03   7.9162928e-02   3.6140589e-01   7.0782783e-04  -8.4951851e-04  -2.0480477e-03
   1.2125117e-02   8.7649877e-02   3.6183553e-01   5.9071853e-04  -1.0151607e-03  -1.9174115e-03
   1.2555237e-03   8.0705017e-02   3.4753084e-01   2.5473344e-04  -7.2467977e-04  -2.0088053e-03
  -1.6050398e-02   6.0331118e-02   2.9219011e-01  -1.9618478e-04  -4.7892972e-04  -2.1627981e-03
  -1.0541336e-02   1.4229314e-01   2.8603355e-01  -1.5535770e-03  -3.2123558e-04  -2.1951968e-03
  -3.1952265e-03   5.8940686e-02   2.7288892e-01  -1.5424596e-04  -4.8292734e-04  -1.9919537e-03
   4.7829953e-03   6.9700519e-02   2.8487991e-01  -4.9413811e-04  -5.3327938e-04  -2.0905741e-03
   5.0975770e-03   1.3758468e-01   2.6442159e-01  -1.0322311e-03  -5.9996054e-04  -2.1047195e-03
  -2.1293456e-03   8.1687969e-02   2.5211447e-01  -1.0871662e-03  -4.6414015e-04  -2.1741869e-03
   6.6550539e-03   8.6317783e-02   2.1561299e-01  -4.9553582e-04  -8.0539047e-04  -2.3475149e-03
  -1.3709740e-02   1.3569526e-01   2.3281777e-01  -1.0313882e-03  -4.3311516e-04  -2.1964405e-03
  -1.3006296e-02   7.7042320e-02   2.0450978e-01  -1.8306962e-04  -4.5102682e-04  -2.0956651e-03
  -4.1163783e-03   6.3948042e-02   2.0373355e-01   8.7197190e-04  -7.2070853e-04  -1.6633710e-03
  -1.3106204e-02   1.1494530e-01   2.2993023e-01  -6.7209819e-04  -4.5148947e-04  -2.0353781e-03
  -1.9810421e-02   1.1833741e-01   2.3476656e-01  -1.1253309e-03  -4.1396066e-04  -2.1213620e-03
   2.0904329e-03   1.0113150e-01   1.6432743e-01  -2.2313250e-04  -2.8960441e-04  -1.6685212e-03
   2.4725946e-02   1.3540589e-01   1.7278182e-01  -8.4218119e-04   7.7861325e-05  -1.5305252e-03
   3.3895754e-02   1.5119805e-01   1.3453336e-01  -2.2641956e-03  -4.5552581e-04  -1.7395791e-03
   5.2068210e-02   2.7601267e-01  -2.1881401e-01  -7.1141836e-03  -1.5782076e-03  -1.8862864e-03
  -5.4989048e-04   2.1950208e-01  -2.6739730e-01  -7.0028149e-03  -2.2352257e-03  -2.9688657e-03
  -1.9884563e-02   2.7909388e-01  -2.1148718e-01  -7.1004458e-03  -2.0473626e-03  -3.4111648e-03
  -1.5948194e-02   2.9711331e-01  -1.7422796e-01  -7.5226781e-03  -1.9876661e-03  -3.1447471e-03
   1.8775855e-03   2.6543071e-01  -1.6329427e-01  -6.9990868e-03  -1.8259674e-03  -2.9140351e-03
   7.2391166e-03   2.2455435e-01  -1.1750657e-01  -6.1857090e-03  -1.8012157e-03  -2.9979371e-03
   1.3598002e-02   2.9373474e-01  -1.2340042e-01  -6.7624785e-03  -1.6948529e-03  -2.5859631e-03
   1.2203733e-02   2.8523054e-01  -9.8838395e-02  -7.0844266e-03  -1.4632862e-03  -2.6967311e-03
   3.5901891e-02   2.6518047e-01  -1.7836389e-01  -7.7291335e-03  -1.5758574e-03  -2.3366507e-03
   4.6793607e-02   3.0301719e-01  -2.4072321e-01  -8.0866757e-03  -1.8731945e-03  -1.9457617e-03
   4.8871789e-02   2.3210124e-01  -2.1889345e-01  -7.8777291e-03  -1.9842242e-03  -1.9000694e-03
   5.7168416e-02   2.8353975e-01  -2.4556684e-01  -8.2980418e-03  -1.9469471e-03  -1.8347947e-03
   5.9468174e-02   3.3467516e-01  -2.5112703e-01  -8.8020873e-03  -2.0969449e-03  -9.0818328e-04
   6.9995835e-02   2.4225412e-01  -2.3162011e-01  -8.8684337e-03  -2.1155637e-03  -6.8982908e-04
   7.9769426e-02   2.7158017e-01  -2.5344019e-01  -7.8762478e-03  -2.2696744e-03  -5.1722985e-04
   6.4442000e-02   3.0073511e-01  -2.3483158e-01  -8.7839147e-03  -1.7216836e-03  -6.3282896e-04
   5.7355734e-02   2.3750018e-01  -2.3101923e-01  -8.2118376e-03  -1.7740651e-03  -9.9899800e-04
   6.3085296e-02   2.8347619e-01  -2.6584153e-01  -8.5467005e-03  -2.0463851e-03  -1.4894573e-03
   4.7916841e-02   3.0869845e-01  -2.5371698e-01  -9.6624649e-03  -1.8556225e-03  -1.6491105e-03
   6.9342468e-02   2.8468438e-01  -2.6657446e-01  -9.1093217e-03  -2.0848818e-03  -1.4993535e-03
   6.5671623e-02   3.1066192e-01  -2.5964986e-01  -9.5767886e-03  -2.0650950e-03  -1.4433539e-03
   5.7820720e-02   2.9138004e-01  -2.4447206e-01  -9.6031019e-03  -2.0827237e-03  -1.6096253e-03
   7.4252396e-02   3.1645881e-01  -2.5260249e-01  -9.4651668e-03  -2.2825621e-03  -1.7073602e-03
   7.2277241e-02   3.0019320e-01  -2.5217184e-01  -8.8036489e-03  -2.1596203e-03  -1.7334701e-03
   4.9660175e-02   2.6711288e-01  -2.3580050e-01  -8.8712704e-03  -1.9857035e-03  -1.8581673e-03
   6.7617303e-02   2.5497284e-01  -2.1234494e-01  -8.1352024e-03  -2.1931788e-03  -1.9369400e-03
   7.7887033e-02   2.8126917e-01  -1.3418784e-01  -7.4113836e-03  -2.2647937e-03  -1.9034118e-03
   8.5186519e-02   2.7768543e-01  -1.0620656e-01  -7.8397980e-03  -2.4361930e-03  -1.7981003e-03
   8.3232219e-02   2.8650530e-01  -6.0707441e-02  -7.9545476e-03  -2.2746882e-03  -2.0059572e-03
   7.1997317e-02   2.4799928e-01  -5.2798381e-02  -7.4205333e-03  -1.8490880e-03  -2.2401514e-03
   5.9253005e-02   2.6217767e-01  -2.5347697e-03  -7.6251947e-03  -1.7219610e-03  -2.2396004e-03
   6.9621373e-02   2.1269948e-01   8.3548353e-03  -6.7631201e-03  -1.6600316e-03  -1.9890832e-03
   7.0611218e-02   2.2177142e-01  -3.4980990e-03  -6.3644937e-03  -1.6324768e-03  -2.1688670e-03
   1.4475307e-01   4.3230536e-01  -4.0610701e-02  -7.2465086e-03  -3.6106114e-03  -1.5021941e-03
   1.6335094e-01   3.1077039e-01  -7.4709510e-02  -7.5437868e-03  -3.8092146e-03  -1.3668612e-03
   1.1484848e-01   2.3073206e-01  -2.2274259e-01  -1.3346346e-02  -3.7161112e-03  -2.5257609e-03
   1.0415537e-01   3.1002643e-01  -2.2969586e-01  -1.2567702e-02  -3.5948697e-03  -1.9417117e-03
   1.1372470e-01   2.8534808e-01  -2.4182981e-01  -1.0903169e-02  -3.4031590e-03  -1.8506041e-03
   1.2566986e-01   3.4266715e-01  -2.0876146e-01  -1.1568802e-02  -3.1495837e-03  -1.7622413e-03
   1.3251740e-01   2.4764440e-01  -2.2882405e-01  -9.1127844e-03  -3.5330415e-03  -1.5210767e-03
   1.3910681e-01   2.6008435e-01  -2.1709842e-01  -9.5083675e-03  -3.3671157e-03  -1.2328973e-03
   1.4282745e-01   2.5794652e-01  -2.3449778e-01  -9.0945481e-03  -3.4959716e-03  -1.3399652e-03
   1.2829665e-01   2.7733981e-01  -2.3125213e-01  -9.8236539e-03  -3.4326037e-03  -1.6663062e-03
   1.1295354e-01   2.9167277e-01  -2.2880535e-01  -1.0114942e-02  -3.0861105e-03  -1.5816105e-03
   1.1278107e-01   2.9389712e-01  -2.3056786e-01  -1.0395998e-02  -3.1343385e-03  -1.7481967e-03
   1.2821566e-01   2.6986027e-01  -2.3095592e-01  -9.0299537e-03  -3.5913116e-03  -1.4928587e-03
   2.2683903e-01  -3.0473067e-01  -1.9520412e-01   3.4812555e-02  -9.5452775e-03  -1.0416143e-03
   2.1641708e-01  -3.4736227e-01  -2.9141707e-01   3.7589842e-02  -8.8850512e-03  -2.4209068e-03
   2.0918493e-01  -3.5607598e-01  -2.7229881e-01   3.3810812e-02  -7.6734279e-03  -2.2984798e-03
   2.1726970e-01  -2.9414587e-01  -4.8578016e-01   3.1360921e-02  -7.3136425e-03  -1.9391921e-03
   2.0532492e-01  -2.7324777e-01  -2.4785519e-01   2.8976826e-02  -7.1106542e-03  -2.1139523e-03
   1.8739925e-01  -2.4744237e-01  -2.3776882e-01   2.7437513e-02  -6.5324185e-03  -2.4080192e-03
   1.7874884e-01  -1.6326272e-01  -2.0663889e-01   2.5596757e-02  -6.1644142e-03  -2.4632003e-03
   1.6989904e-01  -2.1718915e-01  -1.9955760e-01   2.5429668e-02  -5.8241919e-03  -2.5887932e-03
   1.7090266e-01  -1.0862088e-01  -2.2377411e-01   2.3423836e-02  -5.5063370e-03  -2.8103397e-03
   1.8178319e-01  -1.9392689e-01  -3.7650442e-01   2.3627771e-02  -5.3711460e-03  -2.8724031e-03
   1.6103671e-01  -1.6886692e-01  -2.4082793e-01   2.3741194e-02  -4.6602606e-03  -2.5813523e-03
   1.6321459e-01  -1.2201055e-01  -2.2075794e-01   2.2531958e-02  -4.7583009e-03  -2.1523004e-03
   1.6742294e-01  -1.6546845e-01  -2.9156277e-01   2.2070140e-02  -4.5801704e-03  -2.1943607e-03
  -3.3456740e-01  -1.3912501e-01  -2.2027935e-01   1.9453584e-02  -3.3464867e-03   7.0501886e-05
  -1.2821451e+00  -2.4816565e-01   9.6845224e-01   1.1496262e-02  -6.5717262e-03   4.6931319e-03
  -3.3865687e-01   1.1903237e-01   1.7468060e-01   4.9162002e-03  -8.9483431e-03  -9.8131706e-05
  -4.3764971e-02   1.0819362e-01   6.8436468e-02   7.0543349e-03  -7.6426541e-03  -4.0223359e-04
  -3.0537387e-02   1.6000772e-01   1.0218086e-01   5.4160045e-03  -6.8671192e-03  -2.0760711e-04
  -9.6734977e-03   8.4087715e-02   9.3568522e-02   5.1587493e-03  -6.3189295e-03  -3.3677106e-04
   1.6131338e-02   1.4434982e-01   1.2235443e-01   3.7880363e-03  -6.3250820e-03  -5.8780111e-04
   1.2536250e-02   2.1659301e-01   1.2477803e-01   2.8317008e-03  -6.1381751e-03  -9.3475940e-04
   8.9195260e-03   8.0036763e-02   1.3558159e-01   3.8307854e-03  -5.9241431e-03  -1.2385607e-03
   1.2420142e-02   1.2762008e-01   1.6771061e-01   3.8982772e-03  -5.6097913e-03  -1.7007434e-03
   3.0533266e-02   1.9494673e-01   1.8626130e-01   2.9985881e-03  -5.8945698e-03  -1.6162214e-03
   3.0410739e-02   9.5122389e-02   1.8622601e-01   3.5517611e-03  -5.4773798e-03  -1.6498675e-03
   4.0093589e-02   1.7023201e-01   1.8906588e-01   2.4233518e-03  -5.2651455e-03  -1.5307594e-03
   3.4710636e-02   1.5246374e-01   1.8933965e-01   2.4481664e-03  -5.1771000e-03  -1.8119904e-03
   4.3489960e-02   1.1469233e-01   1.7538093e-01   3.0313395e-03  -5.0702556e-03  -2.0194614e-03
   4.4952528e-02   1.2943970e-01   1.9303786e-01   2.0649985e-03  -4.7988164e-03  -1.8899516e-03
   4.8239561e-02   1.0917217e-01   1.7450312e-01   1.7215729e-03  -5.1108257e-03  -1.5732702e-03
   6.6139271e-02   1.7600679e-01   1.5014902e-01  -7.0381616e-04  -4.8403566e-03  -1.2076564e-03
   6.2280985e-02   1.6939472e-01   1.3830769e-01  -1.9827144e-03  -5.0620680e-03  -1.3279676e-03
   6.4687052e-02   2.2489854e-01   1.4281415e-01  -2.1177594e-03  -4.8033760e-03  -1.2699468e-03
   7.2341355e-02   2.1948455e-01   1.7370503e-01  -1.6416442e-03  -4.9694516e-03  -1.4705809e-03
   8.7189793e-02   1.3379897e-01   1.9184627e-01  -4.5319617e-05  -5.2415157e-03  -1.6692519e-03
   1.0332928e-01   1.8795265e-01   2.6302282e-01  -7.9971580e-04  -5.4174890e-03  -1.5860096e-03
   1.0221187e-01   1.7292774e-01   2.7293279e-01  -5.7208455e-04  -5.4223692e-03  -1.6494112e-03
   1.0207660e-01   2.3735996e-01   2.7339806e-01  -1.5583533e-03  -5.4386310e-03  -1.7328074e-03
   1.0326144e-01   1.9238772e-01   3.2788814e-01  -7.4436582e-04  -5.6491466e-03  -1.8664396e-03
   1.0437434e-01   1.5115646e-01   3.5343160e-01   7.2060094e-04  -5.5148997e-03  -1.9226371e-03
   1.0329520e-01   1.7791752e-01   3.6720445e-01   3.2013381e-04  -5.4851878e-03  -1.9421725e-03
   9.0856258e-02   1.6062632e-01   3.6848126e-01  -5.9215070e-05  -5.4928363e-03  -1.8736997e-03
   9.5997808e-02   1.6776516e-01   3.8573716e-01   2.4938885e-04  -5.6524691e-03  -2.2243244e-03
   9.4606498e-02   2.2572549e-01   4.0295675e-01  -6.1272592e-04  -5.6145769e-03  -2.3277515e-03
   8.9360097e-02   2.2898264e-01   4.0487168e-01  -1.3739717e-03  -5.8121717e-03  -2.0492047e-03
   1.1645887e-01   1.8841473e-01   3.4503186e-01  -2.8590979e-03  -6.8372487e-03  -1.9290067e-03
   8.4444989e-02   2.6611206e-01   3.9278639e-01  -5.9790415e-03  -7.6577342e-03  -1.3072262e-03
   9.2406323e-02   2.1576381e-01   3.4748741e-01  -4.4413625e-03  -6.7517530e-03  -1.2352771e-03
   9.4973562e-02   2.1242302e-01   3.4819072e-01  -3.2448933e-03  -6.6960533e-03  -1.5419194e-03
   7.7385528e-02   2.0912990e-01   3.6024137e-01  -2.3848350e-03  -6.6545691e-03  -1.7593648e-03
   6.5418313e-02   1.8943489e-01   3.5920868e-01  -2.4963856e-03  -6.8948085e-03  -2.2231708e-03
   8.1001574e-02   1.9663389e-01   3.5309729e-01  -2.5531418e-03  -7.2129540e-03  -2.5040713e-03
   6.1823408e-02   2.2922718e-01   3.9250329e-01  -3.6854208e-03  -7.1618766e-03  -2.5846973e-03
   6.1326632e-02   2.3322725e-01   3.7118312e-01  -3.7262317e-03  -7.0989641e-03  -2.9055499e-03
   4.5381474e-02   2.2563776e-01   4.0079519e-01  -3.3861519e-03  -7.0920689e-03  -2.7069333e-03
   5.0766431e-02   1.5293618e-01   3.6518028e-01  -2.1165583e-03  -7.0241020e-03  -2.9080555e-03
   5.3348705e-02   2.6420597e-01   3.6358248e-01  -2.6978895e-03  -7.1424791e-03  -2.9380518e-03
