   0.0000000e+00   0.0000000e+00   0.0000000e+00   3.4694470e-18   0.0000000e+00   0.0000000e+00
  -2.3832966e-02   3.2030795e-02   7.3870343e-02  -6.5552256e-04   2.7782286e-04   6.1047101e-05
  -2.5479872e-02   1.3121340e-02   8.2503164e-02  -7.2657236e-04   1.8172543e-04  -8.7970208e-05
  -2.5972510e-02   3.8542900e-02   8.2939910e-02  -7.9476656e-04   3.0983940e-04   4.4502274e-05
  -3.7938712e-02   7.9923303e-02   1.0747272e-01  -1.5108620e-03   3.3761923e-04   1.1677541e-04
  -4.6959436e-02   4.8969893e-02   1.0763468e-01  -1.8099294e-03   6.4725069e-04  -6.5821278e-06
  -5.5756687e-02   1.0705117e-01   1.4370752e-01  -2.0755553e-03   7.9349253e-04   8.2828871e-05
  -4.7554940e-02   1.0158107e-01   1.8359782e-01  -2.1408824e-03   5.5301971e-04   2.9815809e-04
  -5.7859850e-02   7.7331008e-02   1.8588408e-01  -1.5848732e-03   6.0486089e-04   4.6306245e-04
  -7.1183986e-02   6.5492397e-02   2.1415534e-01  -1.8588076e-03   1.0772889e-03   3.2077392e-04
  -7.9442188e-02   7.1259883e-02   2.2640798e-01  -2.1722159e-03   1.3771675e-03   3.2748452e-04
  -8.4039191e-02   3.8322546e-02   2.0090714e-01  -1.4755591e-03   1.6009615e-03   4.5168477e-04
  -1.0458578e-01   6.8134173e-02   1.9608352e-01  -1.9167110e-03   1.7110395e-03   3.8015002e-04
  -1.1120972e-01   6.5999034e-02   2.0142242e-01  -2.8138711e-03   1.9106856e-03   4.4463272e-04
  -1.0871620e-01   6.8427743e-02   1.8363928e-01  -2.8154038e-03   2.0391106e-03   3.6371194e-04
  -9.8648941e-02   1.3197903e-01   1.2772384e-01  -3.9628073e-03   1.7509971e-03   6.0844770e-04
  -1.0826199e-01   1.4183390e-01   1.9554298e-01  -6.2732184e-03   2.0606361e-03   6.1353938e-04
  -1.0024524e-01   1.0585741e-01   1.9378831e-01  -5.0293316e-03   2.0072990e-03   4.9818578e-04
  -9.9589759e-02   7.8303961e-02   1.6936879e-01  -5.0052202e-03   2.4028988e-03   2.4568625e-04
  -8.5192512e-02   1.3164855e-01   1.6392373e-01  -6.3258149e-03   2.3239574e-03   4.2836355e-04
  -9.2601330e-02   1.0950465e-01   1.6438491e-01  -7.3251572e-03   2.6393763e-03   6.8695960e-04
  -7.7615954e-02   1.8124085e-01   2.0786629e-01  -9.6460943e-03   2.9693770e-03   7.0691108e-04
  -9.5454576e-02   4.7438537e-01   5.3248502e-01  -1.1055918e-02   3.4334837e-03  -1.5708317e-03
  -1.3292925e-01   2.3194428e-01   5.6382878e-01  -1.5596037e-02   4.9612078e-03  -1.6739594e-03
  -2.0284984e-01   1.7798852e-01   5.4860436e-01  -9.9877669e-03   6.5035769e-03  -7.7616708e-04
  -2.1249961e-01   1.9213957e-01   5.4923648e-01  -1.2256448e-02   6.4807796e-03  -9.2980525e-04
  -2.3807744e-01   2.2894454e-01   5.9888128e-01  -1.3104256e-02   6.9531159e-03  -1.4133605e-03
  -2.5355387e-01   1.9079292e-01   5.5358131e-01  -1.1747133e-02   6.3199475e-03  -1.0377043e-03
  -1.1074201e-01  -1.0698197e-01   1.0353738e-01  -5.0050098e-03   4.0853426e-03  -1.3650909e-03
  -1.4267013e-01   5.3671836e-02   2.3310383e-01  -4.5500915e-03   4.7674052e-03  -2.5046324e-03
  -1.5334566e-01   9.6768141e-02   2.6091950e-01  -5.7629389e-03   4.9864957e-03  -2.6774837e-03
  -1.6338167e-01   9.2476214e-02   2.4833704e-01  -6.3968962e-03   5.6319538e-03  -2.7448021e-03
  -1.4717319e-01   1.6592574e-01   2.5918419e-01  -8.0137747e-03   5.4736480e-03  -2.5366039e-03
  -1.6521635e-01   1.3960517e-01   2.9951391e-01  -7.7579360e-03   5.9559836e-03  -2.4364364e-03
  -1.7763759e-01   1.6213294e-01   3.2896169e-01  -8.1126846e-03   6.0096751e-03  -2.4802822e-03
  -1.9979712e-01   1.6354884e-01   4.1019602e-01  -7.7280546e-03   5.9115262e-03  -2.3513019e-03
  -1.9813053e-01   1.2619845e-01   3.6313302e-01  -7.2421035e-03   6.0947843e-03  -2.3859270e-03
  -1.6085643e-01   2.5775645e-01   4.9253304e-01  -7.2944374e-03   5.9397344e-03  -2.0328140e-03
  -1.7538270e-01   1.6415047e-01   4.2629627e-01  -9.1732263e-03   6.2605451e-03  -2.6151769e-03
  -2.1694675e-01   2.0402521e-01   4.7365320e-01  -9.3257227e-03   6.4634396e-03  -2.5652152e-03
  -2.3517883e-01   2.1956576e-01   4.0740817e-01  -8.5248301e-03   6.4296260e-03  -3.0476152e-03
  -2.3283708e-01   1.4964344e-01   4.0446750e-01  -8.3567832e-03   6.9439465e-03  -3.0081349e-03
  -2.2426919e-01   1.7283558e-01   4.3523058e-01  -8.4041053e-03   6.7203895e-03  -2.8723014e-03
  -2.3621927e-01   2.2990661e-01   4.2603045e-01  -8.1502281e-03   7.0332036e-03  -2.8298393e-03
  -2.3960020e-01   2.0597862e-01   4.3301240e-01  -8.6224156e-03   6.7103271e-03  -3.1463849e-03
  -2.3947948e-01   2.1748225e-01   4.6279990e-01  -8.7683244e-03   6.6782969e-03  -2.9293014e-03
  -2.4208217e-01   2.1246129e-01   4.5716778e-01  -8.4543801e-03   6.8036695e-03  -2.9827309e-03
  -2.2329820e-01   1.9873397e-01   4.0066933e-01  -8.3814087e-03   6.7551805e-03  -2.7117056e-03
  -3.6421884e-01   1.1122230e-01  -3.0559593e-02  -5.5862068e-03   1.1333982e-02   9.5375946e-04
  -4.0318831e-01  -8.4950465e-02  -2.1021242e+00  -7.4162667e-03   1.0275109e-02  -6.6487791e-04
  -2.2703759e-01   1.8951727e-01  -9.6928215e-01  -1.2046648e-02   6.8408333e-03  -5.4026118e-03
  -2.2599229e-01   2.2409225e-01  -7.3501311e-01  -1.3830580e-02   6.6233528e-03  -6.4228155e-03
  -2.5641327e-01   2.6550474e-01  -5.8831194e-01  -1.6338126e-02   7.0358649e-03  -5.9575130e-03
  -2.5595902e-01   2.6405869e-01  -5.7163944e-01  -1.5776420e-02   7.0892597e-03  -5.8675449e-03
  -2.5564240e-01   2.9530288e-01  -5.5460293e-01  -1.5853166e-02   7.0089717e-03  -5.9037320e-03
  -2.6228464e-01   2.7003835e-01  -5.1424747e-01  -1.6090440e-02   7.1294555e-03  -5.7476212e-03
  -2.6422969e-01   2.8695895e-01  -4.7366287e-01  -1.5275651e-02   7.2079078e-03  -5.6530179e-03
  -2.6352796e-01   3.3980314e-01  -4.5822939e-01  -1.5950203e-02   7.1727274e-03  -5.4038751e-03
  -2.9361641e-01   2.7623060e-01  -3.9759834e-01  -1.5680237e-02   7.3889697e-03  -5.4938736e-03
  -2.6009536e-01   2.7554079e-01  -4.2693805e-01  -1.4981825e-02   7.2271793e-03  -5.1382904e-03
  -2.4694522e-01   2.9688593e-01  -3.7953981e-01  -1.5470328e-02   7.2978724e-03  -5.0862008e-03
  -2.7450762e-01   2.7769260e-01  -3.9060985e-01  -1.6182785e-02   7.4547593e-03  -5.0268736e-03
  -2.6842397e-01   2.8404930e-01  -3.4269252e-01  -1.5964587e-02   7.4423442e-03  -5.3167627e-03
  -2.5620048e-01   3.3077789e-01  -3.6402454e-01  -1.6725308e-02   7.4939174e-03  -5.2290063e-03
  -2.5793689e-01   3.2861469e-01  -3.5331529e-01  -1.7401485e-02   7.4734645e-03  -5.0804188e-03
  -2.5329434e-01   2.9398530e-01  -3.4502412e-01  -1.6745967e-02   7.4787415e-03  -5.1658345e-03
  -2.4344538e-01   3.1580941e-01  -3.8802256e-01  -1.6402735e-02   7.2401315e-03  -5.3182173e-03
  -2.5198806e-01   3.1903293e-01  -3.7265399e-01  -1.6246938e-02   7.1482507e-03  -5.4144138e-03
  -2.4797741e-01   2.5077020e-01  -3.6005319e-01  -1.4942148e-02   7.2315631e-03  -5.5287392e-03
  -1.9745678e-01   2.9434528e-01  -4.1950121e-01  -1.5058415e-02   6.3912408e-03  -5.8160099e-03
  -1.9704496e-01   3.6573659e-01  -3.1050061e-01  -1.5863165e-02   6.6734988e-03  -5.1434052e-03
  -2.0327636e-01   2.8263557e-01  -2.7973498e-01  -1.5334738e-02   6.5799776e-03  -5.4012840e-03
  -1.9526864e-01   3.1679080e-01  -2.8519361e-01  -1.5510605e-02   6.6525977e-03  -5.4368400e-03
  -1.9742362e-01   3.4464271e-01  -2.7307183e-01  -1.5999642e-02   6.8140537e-03  -5.3442890e-03
  -1.8978418e-01   3.0310154e-01  -2.9302702e-01  -1.6179321e-02   6.7841857e-03  -5.4463055e-03
  -1.8504112e-01   3.5800093e-01  -2.6763037e-01  -1.5989174e-02   6.9897567e-03  -5.1783949e-03
  -1.9591754e-01   3.4960719e-01  -2.1433767e-01  -1.6528364e-02   7.0845699e-03  -5.2226733e-03
  -1.8262837e-01   3.3705394e-01  -2.2803963e-01  -1.6267927e-02   6.7551616e-03  -5.4559988e-03
  -1.6244611e-01   3.7728100e-01  -2.3911839e-01  -1.6334703e-02   6.3743252e-03  -5.2730200e-03
  -1.7541424e-01   3.2902876e-01  -1.9833809e-01  -1.6768925e-02   6.6693557e-03  -5.4423432e-03
  -1.7584714e-01   2.7719394e-01  -1.8877288e-01  -1.4812207e-02   6.6065968e-03  -5.5127029e-03
  -1.8249564e-01   3.2984569e-01  -1.7058694e-01  -1.5769155e-02   6.6659651e-03  -5.4298927e-03
  -1.8173878e-01   3.0530695e-01  -1.7433115e-01  -1.5730326e-02   6.7108752e-03  -5.4568409e-03
  -1.7980073e-01   2.8680336e-01  -1.8982276e-01  -1.6011087e-02   6.6806720e-03  -5.6269626e-03
  -1.7463355e-01   3.3198959e-01  -1.7953097e-01  -1.6886454e-02   6.6605593e-03  -5.5600966e-03
  -1.9373625e-01   3.7020701e-01   2.7711216e-02  -1.8082964e-02   6.4636030e-03  -5.9514787e-03
  -1.8951426e-01   4.0518735e-01   6.0990790e-01  -2.0645977e-02   6.2968195e-03  -6.6726895e-03
  -1.6813909e-01   2.6403074e-01   1.1901405e-01  -1.6180255e-02   5.9072164e-03  -6.7117884e-03
  -1.6084632e-01   2.8210278e-01   1.1994764e-01  -1.6655841e-02   5.8697260e-03  -6.4950160e-03
  -1.6976981e-01   3.2175469e-01   1.1962223e-01  -1.7157675e-02   6.0048738e-03  -6.4503952e-03
  -1.7612231e-01   3.0025506e-01   9.0830554e-02  -1.6731689e-02   6.0223442e-03  -6.1964360e-03
  -1.7306464e-01   3.0682795e-01   8.1741318e-02  -1.7705212e-02   6.0574816e-03  -6.0302070e-03
  -1.7385941e-01   3.6042529e-01   9.1406922e-02  -1.8597265e-02   6.1051166e-03  -6.1793566e-03
  -1.7024903e-01   3.5180487e-01   9.7207126e-02  -1.8771753e-02   6.0578924e-03  -6.3059255e-03
  -1.7078649e-01   2.8477765e-01   1.0270237e-01  -1.7702655e-02   6.2842590e-03  -6.1058183e-03
  -1.6863700e-01   2.8561307e-01   9.9766809e-02  -1.7077257e-02   6.3871481e-03  -6.0719056e-03
  -1.6262610e-01   2.8996538e-01   7.1748327e-02  -1.5961129e-02   6.1890402e-03  -6.3232111e-03
  -1.7629306e-01   3.2546847e-01   8.5975768e-02  -1.7213061e-02   6.3388159e-03  -6.1681772e-03
  -1.6727989e-01   3.1169108e-01   1.0265154e-01  -1.7719057e-02   6.2218403e-03  -6.3308258e-03
  -1.5944230e-01   3.4358738e-01   1.1048578e-01  -1.8213205e-02   5.8694857e-03  -6.5140892e-03
  -1.7129862e-01   3.7216587e-01   1.2428149e-01  -1.8766574e-02   6.0952475e-03  -6.2267728e-03
  -1.7323211e-01   2.7922023e-01   1.2681326e-01  -1.7420576e-02   6.2072507e-03  -6.2961489e-03
  -1.6474204e-01   3.0284810e-01   1.0998520e-01  -1.7172146e-02   6.0530344e-03  -6.5671363e-03
  -1.7967776e-01   3.4299830e-01   1.2729421e-01  -1.8060112e-02   6.1451741e-03  -6.2981957e-03
  -1.8178256e-01   3.4960359e-01   1.3142340e-01  -1.8914792e-02   6.3876836e-03  -6.4521286e-03
  -1.7424033e-01   3.6099126e-01   1.2653857e-01  -1.9247111e-02   6.3344591e-03  -6.3542980e-03
  -1.7558832e-01   4.1462764e-01   1.3721532e-01  -1.9900336e-02   6.1364499e-03  -6.4132575e-03
  -1.6404416e-01   3.3626679e-01   1.2019991e-01  -1.9182414e-02   6.0985558e-03  -6.3268514e-03
  -1.6370729e-01   3.7138402e-01   1.1312933e-01  -1.9050843e-02   6.0946314e-03  -6.6523604e-03
  -1.6559596e-01   3.7145792e-01   1.1067916e-01  -1.9136225e-02   5.9232711e-03  -6.7132048e-03
  -1.5452000e-01   3.9261439e-01   7.7983080e-02  -1.9632781e-02   5.9451348e-03  -6.3443289e-03
  -1.5631927e-01   3.5840962e-01   6.4682268e-02  -1.8642786e-02   5.6764712e-03  -6.0633450e-03
  -1.5992964e-01   4.1007768e-01   7.0121484e-02  -1.9673415e-02   5.8941249e-03  -6.5082948e-03
  -1.5828347e-01   3.7637143e-01   3.4895550e-02  -1.8582618e-02   5.5690682e-03  -6.3172486e-03
  -1.6163979e-01   3.5718485e-01   6.8151233e-02  -1.8967489e-02   5.7167454e-03  -6.5997129e-03
  -1.6199612e-01   3.9881421e-01   7.1457152e-02  -1.9397576e-02   5.8322545e-03  -6.5844113e-03
  -1.5813358e-01   3.7317017e-01   6.1666174e-02  -1.9357967e-02   5.6669413e-03  -6.3410825e-03
  -1.5905279e-01   3.5276530e-01   6.3120155e-02  -1.9117909e-02   5.5572640e-03  -6.1842533e-03
  -1.4410370e-01   6.0918989e-01  -3.4788344e-02  -2.2716870e-02   4.1377088e-03  -7.3949225e-03
  -1.0205443e-01   2.1841525e-01  -3.1107145e-01  -1.9879394e-02   3.7305348e-03  -6.4055072e-03
  -1.6605332e-01  -2.2335071e-01  -8.1640626e-01  -1.3341212e-02   4.3783378e-03  -4.3596345e-03
  -2.3727102e-01  -1.0060983e-01  -7.7121583e-01  -1.5446091e-02   7.0463020e-03  -6.1433274e-03
  -2.5750556e-01  -1.6135926e-02  -6.9093907e-01  -1.5127699e-02   6.1556515e-03  -6.5570572e-03
  -1.7914476e-01  -2.0894701e-01  -6.9887822e-01  -1.3666900e-02   7.0238454e-03  -8.2159804e-03
  -1.6567519e-01  -7.6972825e-02  -6.2191050e-01  -6.8081418e-03   6.5062654e-03  -6.7978331e-03
  -1.6034289e-01  -1.6503504e-02  -4.9128229e-01  -9.5989727e-03   6.6464612e-03  -7.4707958e-03
  -1.3251947e-01   2.7698027e-02  -5.0998890e-01  -1.2748437e-02   6.3593134e-03  -6.8318817e-03
  -1.3789800e-01   1.9114360e-01  -4.6709271e-01  -1.7804829e-02   6.8430418e-03  -6.4303439e-03
  -1.4192113e-01   2.0111613e-01  -4.5983866e-01  -1.8028462e-02   6.8399280e-03  -6.5122913e-03
  -1.3278621e-01   2.0639058e-01  -3.8305159e-01  -1.8564949e-02   6.4882944e-03  -6.4252407e-03
  -1.3268520e-01   2.1763296e-01  -3.7509156e-01  -1.8071680e-02   6.1615665e-03  -5.5201773e-03
  -1.5592737e-01   4.5662607e-02  -4.9080340e-01  -1.9543619e-02   6.2539866e-03  -6.2061973e-03
  -1.4610556e-01   6.6277217e-02  -5.3140182e-01  -1.7008731e-02   6.9191057e-03  -6.8507192e-03
  -1.5725140e-01   1.2908067e-01  -4.9016001e-01  -1.5788076e-02   7.0484179e-03  -5.9104082e-03
  -1.5338972e-01   1.1681069e-01  -5.0271375e-01  -1.3954232e-02   6.6320000e-03  -6.0065620e-03
  -1.6898720e-01   1.2757771e-01  -4.9773907e-01  -1.4654322e-02   7.0682418e-03  -6.0038028e-03
  -1.9803232e-01   1.8680141e-01  -4.9426957e-01  -1.4944600e-02   7.5729131e-03  -6.4757571e-03
  -1.9632462e-01   1.8497672e-01  -4.8124935e-01  -1.4447736e-02   7.6045314e-03  -7.1885294e-03
  -1.6429961e-01   1.5513338e-01  -5.3796881e-01  -1.1236515e-02   6.8435641e-03  -7.1357856e-03
  -1.1856422e-01   1.0295962e-01  -4.6895266e-01  -8.1615538e-03   5.7013344e-03  -5.8041573e-03
  -6.3241053e-02  -2.8095767e-02  -5.1560311e-01   1.4269573e-03   3.7353080e-03  -2.9956085e-03
  -8.1525515e-02  -4.9774563e-02  -4.6495745e-01  -4.0157654e-04   4.2232107e-03  -3.0179294e-03
  -9.0803820e-02  -7.3460465e-02  -4.6765051e-01  -2.5036035e-03   4.7198168e-03  -4.1474572e-03
  -1.0001038e-01   2.6081341e-02  -4.8901293e-01  -3.7162725e-03   4.9572510e-03  -4.3162536e-03
  -9.0729757e-02   3.1192337e-02  -5.0155547e-01  -4.4533469e-03   4.7473964e-03  -4.2907449e-03
  -8.9150964e-02   3.9127990e-03  -4.4947739e-01  -6.3344460e-03   4.8541967e-03  -4.5970121e-03
  -9.5498700e-02   6.2589200e-02  -4.5404004e-01  -6.0265497e-03   4.6937172e-03  -4.7822282e-03
  -1.0844960e-01   1.0815479e-01  -4.0300066e-01  -6.9435405e-03   4.6901104e-03  -4.2919361e-03
  -1.0990552e-01   2.2846837e-03  -3.7346393e-01  -6.5297301e-03   4.7509941e-03  -4.5817344e-03
  -1.0880551e-01   5.5400046e-02  -3.8124754e-01  -5.4085613e-03   4.5943426e-03  -4.8096769e-03
  -1.1474213e-01   7.3999556e-02  -3.6001253e-01  -5.7187989e-03   4.7465727e-03  -4.5398666e-03
  -9.4307725e-02   1.6448033e-02  -3.6592368e-01  -6.6295601e-03   4.4207243e-03  -4.0721550e-03
  -9.4089676e-02   6.0902382e-02  -3.9216570e-01  -7.2779774e-03   4.2562416e-03  -4.1819924e-03
  -9.1854987e-02   6.6118048e-02  -3.9922592e-01  -8.7354590e-03   4.4220233e-03  -4.6012709e-03
  -1.0630655e-01  -1.2880462e-01  -4.6981941e-01  -4.8767774e-03   4.3671928e-03  -2.5784062e-03
  -1.0546776e-01  -2.0096036e-01  -4.4090800e-01  -1.7198908e-03   4.8270091e-03  -1.1495394e-03
  -1.1120370e-01  -3.1101973e-01  -4.9533426e-01   1.7520639e-03   4.6870029e-03  -4.3170906e-04
  -1.2592257e-01  -2.5450257e-01  -5.1620672e-01   2.0659768e-03   5.3212961e-03   8.0863985e-04
  -1.2231356e-01  -3.0011352e-01  -5.3663121e-01   1.9255401e-03   5.7575025e-03   7.8882461e-05
  -1.3837336e-01  -2.8859141e-01  -5.2322784e-01   1.0502287e-03   5.9610467e-03   3.3942133e-04
  -1.5413105e-01  -2.5390815e-01  -5.0599643e-01   2.7150174e-04   6.6119699e-03   1.3365997e-04
  -1.5408816e-01  -1.8616685e-01  -5.0293802e-01  -5.6848576e-04   6.8003342e-03  -1.1018881e-03
  -1.2900685e-01  -1.7927482e-01  -5.1716580e-01  -5.8695430e-04   6.3022542e-03   2.6918161e-04
  -1.4731782e-01  -2.2651713e-01  -5.0577356e-01   2.7903897e-03   6.5345112e-03  -3.0731125e-04
  -1.4559473e-01  -1.6368174e-01  -4.9068439e-01   1.0259712e-03   6.8153978e-03  -1.3302928e-03
  -1.6001470e-01  -1.2929293e-01  -4.6989574e-01   6.7498031e-05   7.0646107e-03  -1.5723995e-03
  -1.6249237e-01  -8.8710341e-02  -4.7987803e-01   2.6581740e-04   7.2591803e-03  -2.0436078e-03
  -1.6760477e-01  -5.1895836e-02  -4.4421865e-01  -4.4448293e-04   7.3373277e-03  -1.7843050e-03
  -1.6872116e-01  -9.2868746e-02  -3.9000037e-01  -4.7496199e-05   7.3013124e-03  -1.9399181e-03
  -1.4908969e-01  -7.9998632e-02  -4.3510494e-01   1.0435111e-03   7.2279162e-03  -1.5448312e-03
  -1.4442710e-01  -1.8853496e-01  -4.5549254e-01   1.9327745e-03   6.8241270e-03  -6.9676143e-04
  -1.4860739e-01  -2.2347978e-01  -4.5719700e-01   2.1801769e-03   6.4297925e-03  -9.3403213e-04
  -1.6791058e-01  -2.1759142e-01  -4.4145462e-01   3.0522788e-03   6.9907469e-03  -1.0683111e-03
  -1.6288721e-01  -1.6130930e-01  -4.2616860e-01   2.1668685e-03   6.9845488e-03  -6.0622416e-04
  -1.6838465e-01  -1.7559062e-01  -3.6146614e-01   2.5492489e-03   7.4036136e-03  -9.4141638e-04
  -1.8011292e-01  -2.0646832e-01  -3.2680543e-01   4.9293404e-03   7.6923400e-03  -9.4542913e-04
  -1.6603676e-01  -1.5373784e-01  -2.3755953e-01   4.4637367e-03   7.6927599e-03  -6.9253485e-04
  -1.7843849e-01  -2.0088305e-01  -2.6046209e-01   4.5099609e-03   7.8999938e-03  -9.0410564e-04
  -1.9512232e-01  -1.3618277e-01  -2.6736261e-01   3.3044566e-03   8.3073510e-03  -1.0129949e-03
  -1.9371601e-01  -1.4021556e-01  -2.2783076e-01   3.1636202e-03   8.2891029e-03  -1.1758818e-03
  -1.8686732e-01  -1.7532262e-01  -2.2550677e-01   4.9005829e-03   8.1857076e-03  -1.1515983e-03
  -1.7868481e-01  -1.9342189e-01  -1.8398635e-01   5.0340605e-03   8.0171229e-03  -1.2092143e-03
  -2.0655912e-01  -1.5452373e-01  -1.8672298e-01   3.9280728e-03   8.6067060e-03  -1.3411797e-03
  -1.8112348e-01  -2.2044341e-01  -2.4789948e-01   3.7394906e-03   8.5690896e-03  -7.5133038e-04
  -1.8505608e-01  -1.4393999e-01  -2.4390242e-01   3.2855273e-03   8.5640336e-03  -7.4629064e-04
  -2.1727567e-01  -1.7346079e-01  -2.1691929e-01   3.6230666e-03   8.9107413e-03  -1.7136820e-03
  -2.2141783e-01  -1.3166428e-01  -2.0508501e-01   3.9638653e-03   8.8082408e-03  -2.0588788e-03
  -2.2931217e-01  -1.0763288e-01  -1.8957284e-01   3.3346730e-03   8.6810036e-03  -1.7200227e-03
