   0.0000000e+00   0.0000000e+00   0.0000000e+00   0.0000000e+00   0.0000000e+00   0.0000000e+00
   9.8042397e-03   2.2048448e-02   2.3358078e-02  -7.7802646e-04   8.9002794e-06   5.7101537e-04
  -4.4468070e-03  -1.5218262e-02   5.1316450e-02  -9.8630217e-04   1.5935620e-04   4.7497050e-04
  -1.3888256e-02  -2.8829000e-02   3.2051175e-02  -2.7510456e-04   5.3740568e-04   2.4577071e-04
  -2.5161635e-02   5.0592979e-02   2.6040158e-02  -1.6222289e-03   7.9231972e-04   6.7884397e-04
  -1.8898532e-03   2.7244885e-02  -1.6148389e-02  -2.4511193e-03   5.0386328e-04   5.2746257e-04
   1.7657216e-02   6.2295154e-02   4.3654973e-02  -2.5334940e-03  -2.3750765e-04   3.3094837e-04
  -6.5208819e-03   6.9208095e-02   3.6306264e-02  -3.4406597e-03   2.8476727e-04  -2.2148872e-05
  -7.7840029e-03   8.8751048e-02   2.5130742e-02  -4.6860458e-03   5.4770820e-04  -7.2699009e-05
  -1.6797538e-02   9.9319749e-02   6.0242673e-02  -9.6579349e-03   5.3937911e-04  -6.9536123e-04
  -3.0262733e-02   1.4998613e-01   8.5950121e-02  -9.4639897e-03   1.1333438e-03  -7.0992799e-04
  -4.5048548e-02   1.5867823e-01   2.5078457e-02  -9.2852104e-03   1.6987039e-03  -8.9972142e-04
  -6.6074173e-02   1.2574040e-01   6.6409957e-02  -9.9051799e-03   2.6364511e-03  -1.8274011e-03
  -2.8092789e-02   2.5147833e-01   1.8163487e-02  -1.3148677e-02   2.5449252e-03  -1.5650249e-03
  -2.4603096e-02   1.0807700e-01  -9.8556258e-02  -1.6543900e-02   1.2479722e-03  -1.6312744e-03
   9.2774791e-02  -6.3617505e-02  -5.2013586e-01  -1.9018675e-02  -1.5198254e-03  -3.4016886e-03
  -7.4482914e-02   1.3983707e-01  -5.6890382e-01  -2.6796800e-02   2.5917005e-03  -4.0890753e-03
  -9.0621873e-02   1.0720202e-01  -4.2355321e-01  -2.3317260e-02   3.3164265e-03  -4.1288802e-03
  -9.2233522e-02   2.0819764e-01  -3.2248821e-01  -2.3215242e-02   2.5259189e-03  -3.9975318e-03
  -1.0441444e-01   2.3673807e-01  -3.0474999e-01  -2.2839193e-02   2.7835489e-03  -4.0913673e-03
  -1.2023083e-01   2.4688462e-01  -2.7278419e-01  -2.1901780e-02   3.0511331e-03  -4.2584762e-03
  -1.2194118e-01   2.7873461e-01  -2.1610811e-01  -2.2194394e-02   2.8830849e-03  -4.7089945e-03
  -1.4443002e-01   3.1405130e-01  -1.8087243e-01  -2.3311361e-02   3.2467138e-03  -4.7192873e-03
  -1.5552649e-01   2.9258005e-01  -1.8174388e-01  -2.3969183e-02   3.7147656e-03  -4.7732550e-03
  -1.3795090e-01   3.3281172e-01  -1.5581338e-01  -2.5811835e-02   3.6031353e-03  -4.7860569e-03
  -1.7372216e-01   2.9579014e-01  -1.1581726e-01  -2.4447267e-02   3.8013903e-03  -5.2095351e-03
  -2.0705369e-01   2.6868928e-01  -9.4468065e-02  -2.4118195e-02   4.3669060e-03  -4.9932900e-03
  -1.9696190e-01   3.3346314e-01  -8.6973720e-02  -2.5035021e-02   4.3444773e-03  -4.7545534e-03
  -2.1149589e-01   3.4597811e-01  -9.8962726e-02  -2.5065595e-02   4.4136766e-03  -5.0681162e-03
  -2.1882577e-01   3.3244912e-01  -5.0161923e-02  -2.4454307e-02   4.6489181e-03  -5.3551474e-03
  -1.9076759e-01   4.2042046e-01  -8.5254832e-02  -2.5950480e-02   4.7643331e-03  -4.6488996e-03
  -2.0012721e-01   2.8824452e-01  -1.2895339e-01  -2.2896238e-02   4.6480097e-03  -4.5593403e-03
  -1.6445206e-01   3.8924907e-01  -7.8193529e-02  -2.4143983e-02   4.0927990e-03  -3.4664495e-03
  -1.2844981e-01   3.8745410e-01   7.0200850e-03  -1.8096166e-02   4.1584767e-03  -3.4393090e-03
  -1.7114702e-01   1.0784648e-01  -1.8988615e-01  -2.2006262e-02   5.0921313e-03  -2.9343977e-03
  -2.0687640e-01   2.3458327e-01  -1.5861611e-01  -2.3193126e-02   5.7355502e-03  -3.3844374e-03
  -1.6586037e-01   2.4284039e-01  -2.0006047e-01  -2.2744662e-02   5.1843838e-03  -2.6402270e-03
  -7.9910897e-02   5.2963477e-01  -4.0401974e-01  -2.4935341e-02   4.9534056e-03  -3.7669843e-04
   3.0581754e-02   1.2444209e-01  -8.5273414e-01  -2.6032568e-02   1.3681823e-03   2.6959352e-03
   1.9899916e-01  -7.5679396e-01  -1.5320211e+00  -1.1777975e-02  -8.9850066e-03  -1.0655592e-03
   8.5405431e-02  -4.6597163e-01  -1.7247562e+00  -1.2753090e-02  -6.1273728e-03   1.2053896e-03
  -7.5426401e-02   1.5624978e-01  -5.7765734e-01  -2.6445587e-02   3.0984495e-03   4.5927690e-04
  -1.4734040e-01   3.0497401e-01  -5.0279519e-01  -2.7349921e-02   3.8766090e-03  -6.4979641e-04
  -1.3821227e-01   1.7126582e-01  -7.1914717e-01  -2.6259302e-02   4.5517377e-03  -4.0679385e-04
  -1.1074720e-01   7.7322502e-02  -1.8912497e+00  -2.4680846e-02   3.7528512e-03  -8.7265973e-04
  -1.5256217e-01   2.6801286e-01  -1.1015577e+00  -2.6728282e-02   3.2721290e-03  -2.1086271e-03
  -1.7773342e-01   3.1647349e-01  -9.3709937e-01  -2.9722875e-02   3.3477087e-03  -3.0927955e-03
  -1.8342504e-01   3.3609830e-01  -9.5545426e-01  -2.9851245e-02   3.3112120e-03  -3.4394825e-03
  -1.8391062e-01   4.4493366e-01  -5.5826681e-01  -2.9330602e-02   3.1132172e-03  -3.6723112e-03
  -1.8482855e-01   4.8740034e-01  -3.9778561e-01  -3.0127523e-02   3.1456140e-03  -3.6659706e-03
  -1.8739994e-01   4.3275707e-01  -3.6731888e-01  -3.0033855e-02   3.1954521e-03  -3.8309587e-03
  -1.7653187e-01   4.5860494e-01  -4.1661223e-01  -3.0679408e-02   2.8640360e-03  -3.7511967e-03
  -1.8584415e-01   5.6599328e-01  -2.3885232e-02  -2.7138225e-02   2.1197336e-03  -5.2769222e-03
  -1.4578751e-01   2.8789362e-01  -1.1935924e+00  -3.0878949e-02   1.3467896e-03  -5.6203797e-03
  -4.4898495e-02   4.1560996e-01  -7.4625973e-01  -2.9970489e-02   1.9172525e-03  -3.2784795e-03
  -9.8565356e-02   4.8719417e-01  -6.6123543e-01  -3.1318414e-02   3.1676719e-03  -3.2701977e-03
  -6.4212198e-02   5.4530472e-01  -7.0862752e-01  -3.5985788e-02   3.3738609e-03  -2.8246027e-03
  -4.3276562e-02   4.7458824e-01  -6.2552419e-01  -3.5872886e-02   3.5746760e-03  -3.6636938e-03
  -5.5696270e-02   5.3808508e-01  -6.2443352e-01  -3.5162765e-02   3.8201624e-03  -3.2200721e-03
  -7.0881248e-02   5.2879202e-01  -5.6956086e-01  -3.5632875e-02   4.0832218e-03  -3.1074876e-03
  -8.3436654e-02   4.3752557e-01  -6.0114614e-01  -3.3681553e-02   3.9737134e-03  -3.2185577e-03
  -7.4984340e-02   5.6220939e-01  -6.1852344e-01  -3.5447193e-02   4.1001083e-03  -3.2149077e-03
  -8.9090613e-02   4.2210305e-01  -6.1328661e-01  -3.3253141e-02   3.7395685e-03  -3.7500684e-03
  -1.0820968e-01   4.5411959e-01  -5.4023016e-01  -3.3434257e-02   3.8439641e-03  -4.1351451e-03
  -1.1995623e-01   5.2081237e-01  -5.1555002e-01  -3.5015056e-02   4.3003061e-03  -3.9291131e-03
  -1.1271970e-01   4.2555888e-01  -4.8154352e-01  -3.3815207e-02   4.1260553e-03  -4.3134174e-03
  -1.2556410e-01   4.0030892e-01  -4.3663418e-01  -3.2630380e-02   4.5091013e-03  -4.4803832e-03
  -1.2000253e-01   3.6624525e-01  -4.1551406e-01  -3.2498152e-02   4.3343562e-03  -4.6255622e-03
  -1.3038588e-01   4.0097492e-01  -4.0744377e-01  -3.2501025e-02   4.3651474e-03  -4.6170541e-03
  -1.4573008e-01   4.2390970e-01  -4.2653141e-01  -3.3483072e-02   4.6049447e-03  -4.5023820e-03
  -1.2362383e-01   4.1195652e-01  -4.5208259e-01  -3.4516379e-02   4.5988732e-03  -3.9612192e-03
  -6.4773039e-02   7.1982228e-01  -5.8787348e-01  -3.8274518e-02   4.7528590e-03  -3.4246701e-03
  -4.0129152e-02   4.3390749e-01  -8.3805342e-01  -3.7887226e-02   4.3661030e-03  -1.1491789e-03
   6.1682138e-02  -3.8180023e-02  -9.0848358e-01  -3.3459741e-02   6.1166283e-04   2.8745305e-04
   2.8249151e-01  -2.2001407e-01  -1.3487176e+00  -2.8412090e-02  -7.9961782e-03  -3.8038192e-03
   2.3488899e-01  -7.9111992e-01  -1.6397321e+00  -7.7707705e-03  -1.2242353e-02  -6.7247083e-03
   5.4337369e-02  -1.2399128e-01  -1.4934491e+00  -1.7404769e-02  -3.9804331e-03  -5.1713975e-03
   5.2408507e-02   2.6389422e-01  -8.5225614e-01  -3.0071254e-02  -6.9154569e-04  -2.2170724e-03
   1.8292688e-02   4.1655139e-01  -7.7830959e-01  -3.0210742e-02   3.0638486e-04  -2.8593703e-03
  -3.0545404e-02   3.4756169e-01  -7.5134355e-01  -3.0393279e-02  -1.4133530e-04  -3.8163231e-03
  -3.9539228e-02   4.3136589e-01  -7.2219860e-01  -3.0268599e-02  -2.5275118e-04  -4.2129997e-03
  -3.8440884e-02   4.2842135e-01  -7.2061343e-01  -3.4124226e-02  -2.6090998e-04  -2.9755642e-03
  -6.4976956e-02   2.6597492e-01  -7.3133254e-01  -3.1350380e-02   5.4613071e-04  -2.8754136e-03
  -7.9491361e-02   1.5179462e-01  -8.1235695e-01  -2.9702379e-02   2.1475093e-03  -2.4880231e-03
  -4.7894237e-02   2.6227473e-01  -8.5210592e-01  -2.6200949e-02   1.3568019e-03  -2.1003060e-03
  -5.6036334e-02   3.4034687e-01  -8.1733044e-01  -2.9317549e-02   1.9088173e-03  -2.9332530e-03
  -7.3428217e-02   3.3561784e-01  -7.9671323e-01  -3.0325066e-02   2.1107289e-03  -3.1277430e-03
  -5.4778478e-02   4.1435624e-01  -8.3431532e-01  -3.3554896e-02   2.3051784e-03  -2.1491138e-03
  -8.8021988e-02   4.7382554e-01  -7.9130765e-01  -3.4436117e-02   2.8013940e-03  -2.1792124e-03
  -7.7644802e-02   4.6537313e-01  -7.9600518e-01  -3.3508636e-02   2.6614450e-03  -2.1197632e-03
  -7.5522348e-02   3.2818414e-01  -7.8664112e-01  -2.9270225e-02   1.8677272e-03  -2.5113395e-03
  -9.8452272e-02   5.4009166e-01  -7.3546185e-01  -3.1477095e-02   2.3642494e-03  -3.4108537e-03
  -9.1701377e-02   4.1331520e-01  -7.3027758e-01  -3.2102039e-02   2.3706473e-03  -3.6917052e-03
  -8.9835248e-02   4.8102522e-01  -6.8638720e-01  -3.2833543e-02   2.5260764e-03  -3.6353275e-03
  -1.1481813e-01   5.0948488e-01  -6.2938628e-01  -3.1578689e-02   2.5740532e-03  -3.7308603e-03
  -1.0617722e-01   4.3771862e-01  -6.0139446e-01  -3.0925365e-02   2.4211826e-03  -3.5449115e-03
  -1.0902242e-01   3.9049523e-01  -5.6874848e-01  -2.9867649e-02   2.4290746e-03  -3.7611093e-03
  -1.1350702e-01   4.7280264e-01  -5.2059685e-01  -3.0630293e-02   2.1846539e-03  -3.6391189e-03
  -1.4122560e-01   4.1811440e-01  -4.9699605e-01  -3.0450137e-02   2.3807819e-03  -3.6335322e-03
  -1.3250398e-01   3.9400650e-01  -5.0701085e-01  -3.0135176e-02   2.5389061e-03  -3.7360793e-03
  -1.6841310e-01   4.2506017e-01  -4.7268805e-01  -3.0368458e-02   2.6802580e-03  -3.8403747e-03
  -1.5083977e-01   3.7935846e-01  -5.0618414e-01  -2.9847066e-02   2.7226329e-03  -4.0739668e-03
  -1.6614866e-01   4.4402930e-01  -4.8736619e-01  -3.0608526e-02   2.4679450e-03  -4.0606021e-03
  -1.5193346e-01   3.5979195e-01  -5.2741572e-01  -2.9657462e-02   2.0684323e-03  -3.8537222e-03
  -1.4091947e-01   3.7468700e-01  -5.4295716e-01  -3.0371949e-02   2.6069306e-03  -3.9725865e-03
  -1.3193744e-01   4.1566174e-01  -5.5745087e-01  -2.9907284e-02   2.4664335e-03  -4.0979927e-03
  -1.4923858e-01   3.3502310e-01  -5.3611763e-01  -3.0218803e-02   2.4979120e-03  -3.8297173e-03
  -1.3995874e-01   3.9084757e-01  -5.5136780e-01  -2.9909834e-02   2.6634205e-03  -3.9040372e-03
  -1.4048964e-01   4.3219002e-01  -5.4144257e-01  -3.0013686e-02   2.6162341e-03  -4.1811884e-03
  -1.5808234e-01   3.4884167e-01  -5.1826701e-01  -3.0372640e-02   2.6079520e-03  -4.2329524e-03
  -1.5443094e-01   4.0876862e-01  -5.3229241e-01  -2.9924211e-02   2.6792887e-03  -4.3435591e-03
  -1.4455710e-01   4.4414947e-01  -5.2717601e-01  -3.0411863e-02   2.6605807e-03  -4.1963643e-03
  -1.5034534e-01   3.6206582e-01  -4.7764685e-01  -3.0392967e-02   2.8197048e-03  -4.0627818e-03
  -1.5724765e-01   4.0335760e-01  -4.8095604e-01  -2.9451343e-02   2.6198984e-03  -3.9665051e-03
  -1.5945134e-01   4.0833269e-01  -4.8607277e-01  -2.9602619e-02   2.9138655e-03  -4.1419452e-03
  -1.7040297e-01   3.6458523e-01  -4.6723016e-01  -2.9488907e-02   2.9217806e-03  -4.3715570e-03
  -1.6905766e-01   3.7325423e-01  -4.6599826e-01  -2.9562436e-02   3.0466358e-03  -4.4834348e-03
  -1.6145496e-01   3.8885510e-01  -4.6685433e-01  -2.9609261e-02   2.9454995e-03  -4.5897391e-03
  -1.6625610e-01   4.1659227e-01  -4.7442391e-01  -3.0060701e-02   2.8857679e-03  -4.7518550e-03
  -1.6636308e-01   4.0763938e-01  -4.9726103e-01  -3.0610518e-02   3.0528515e-03  -4.5842818e-03
  -1.5229478e-01   4.1648360e-01  -5.2098862e-01  -3.0315697e-02   2.9480402e-03  -4.4333953e-03
  -1.8310700e-01   4.8334640e-01  -5.0064669e-01  -3.0739537e-02   3.1987277e-03  -4.5894383e-03
  -1.6841251e-01   3.9765614e-01  -5.1091886e-01  -3.0219921e-02   3.2642798e-03  -4.6737444e-03
  -1.6645758e-01   4.5762319e-01  -5.0454954e-01  -3.1065317e-02   3.2597755e-03  -4.7093440e-03
  -1.6930081e-01   5.2972304e-01  -5.0137471e-01  -3.1499958e-02   3.1578342e-03  -4.5473433e-03
  -1.7039286e-01   4.1165374e-01  -4.9752837e-01  -3.0544216e-02   3.2617145e-03  -4.6754557e-03
  -1.7004057e-01   4.1491386e-01  -4.8727531e-01  -2.9460826e-02   3.2851219e-03  -4.7124706e-03
  -1.8957172e-01   4.8750764e-01  -4.4957037e-01  -2.9743477e-02   3.5431883e-03  -4.6904841e-03
  -1.8730257e-01   3.9831272e-01  -4.6249775e-01  -2.9748673e-02   3.4515832e-03  -4.7606713e-03
  -1.7961066e-01   4.1865338e-01  -4.6817086e-01  -2.9755164e-02   3.2775340e-03  -4.7460932e-03
  -1.8749870e-01   4.6743454e-01  -4.6615523e-01  -3.0248297e-02   3.1644319e-03  -4.6552124e-03
  -1.8533028e-01   3.8116906e-01  -4.6562049e-01  -2.9673565e-02   3.3311594e-03  -4.6825697e-03
  -1.9399311e-01   4.1597755e-01  -4.4873132e-01  -2.9572866e-02   3.4927275e-03  -4.6716679e-03
  -2.0217478e-01   4.2979940e-01  -4.5149362e-01  -2.9225255e-02   3.6103298e-03  -4.6962579e-03
  -1.9679546e-01   4.0707923e-01  -4.5253392e-01  -2.9610288e-02   3.8291353e-03  -4.6189151e-03
  -1.9490335e-01   4.4895269e-01  -4.3993331e-01  -3.0919009e-02   3.7083698e-03  -4.5838080e-03
  -2.0740553e-01   3.6807574e-01  -3.9616978e-01  -2.9419255e-02   3.9282575e-03  -4.6299717e-03
  -1.9860574e-01   3.5397339e-01  -3.9389804e-01  -2.8246008e-02   3.9244461e-03  -4.5491885e-03
  -2.0188947e-01   3.7143409e-01  -3.6286794e-01  -2.8595908e-02   4.1980038e-03  -4.7159867e-03
  -1.8684517e-01   3.5816630e-01  -3.8102836e-01  -2.9633502e-02   4.0019899e-03  -4.6949968e-03
  -1.7228069e-01   3.9333716e-01  -4.2807079e-01  -3.0038768e-02   3.8157971e-03  -4.4862869e-03
  -1.7218246e-01   4.8290321e-01  -4.4523513e-01  -3.1552079e-02   3.9997780e-03  -4.7450718e-03
  -1.7183253e-01   3.8249232e-01  -4.7842972e-01  -3.1233167e-02   3.8410725e-03  -4.6047016e-03
  -1.4818421e-01   4.5927489e-01  -4.7912680e-01  -3.1296956e-02   3.6809499e-03  -4.8168832e-03
  -1.3736911e-01   5.1498046e-01  -4.7551146e-01  -3.2336708e-02   3.5979127e-03  -4.6014111e-03
  -1.4893962e-01   3.7445130e-01  -4.8729854e-01  -3.1185889e-02   3.8362796e-03  -4.9255873e-03
  -1.3766017e-01   4.4472569e-01  -4.9904579e-01  -3.0551879e-02   3.8333763e-03  -4.8460242e-03
  -1.3352250e-01   4.7470808e-01  -5.0264854e-01  -3.1144338e-02   3.9873536e-03  -4.9779183e-03
  -1.3598163e-01   3.9718972e-01  -4.9468527e-01  -3.1043741e-02   3.8920767e-03  -4.9197289e-03
  -1.3495496e-01   4.3779470e-01  -5.0093539e-01  -3.0482089e-02   3.8805364e-03  -4.9855538e-03
  -1.4575855e-01   4.7336062e-01  -4.7668280e-01  -3.1226413e-02   4.0207556e-03  -5.1744235e-03
  -1.4903776e-01   4.1118203e-01  -4.7565088e-01  -3.0488314e-02   3.8737591e-03  -4.9946593e-03
  -1.4330113e-01   4.9416702e-01  -4.9896350e-01  -3.1749121e-02   3.9351103e-03  -5.0734280e-03
  -1.4034603e-01   4.7587857e-01  -5.0836968e-01  -3.1829803e-02   3.8560352e-03  -4.8853377e-03
  -1.4185907e-01   4.5328048e-01  -5.1108809e-01  -3.1642531e-02   3.8338494e-03  -4.9175451e-03
  -1.5546128e-01   5.0317011e-01  -5.3454308e-01  -3.1360687e-02   3.9560517e-03  -5.0574388e-03
  -1.6066341e-01   4.8276952e-01  -5.3399122e-01  -3.1666108e-02   3.8742854e-03  -5.1343488e-03
  -1.5098722e-01   4.9067597e-01  -5.5479914e-01  -3.0447473e-02   3.6911325e-03  -5.1619648e-03
  -1.4918400e-01   4.7265710e-01  -5.4660384e-01  -3.1383357e-02   3.7884999e-03  -5.1501088e-03
  -1.5936288e-01   4.7898200e-01  -5.3855741e-01  -3.1098187e-02   4.2258370e-03  -5.0665928e-03
  -1.5602510e-01   4.6507148e-01  -5.3518020e-01  -3.0424343e-02   4.1421450e-03  -5.1392642e-03
  -1.6199481e-01   4.7257959e-01  -5.2417279e-01  -3.0948820e-02   4.1702238e-03  -5.1667301e-03
  -1.6207397e-01   4.3175400e-01  -5.2165691e-01  -3.0547760e-02   4.3525108e-03  -5.1480020e-03
  -1.7190121e-01   4.9726581e-01  -5.0993025e-01  -3.0984864e-02   4.3835666e-03  -5.2332046e-03
  -1.6738977e-01   4.7934251e-01  -5.3092657e-01  -3.1443726e-02   4.5014147e-03  -5.3310229e-03
  -1.7286506e-01   5.0697019e-01  -5.3741535e-01  -3.1823018e-02   4.8441750e-03  -5.1010503e-03
  -1.5674890e-01   5.0077151e-01  -5.8074638e-01  -3.1641409e-02   4.8651149e-03  -4.9313552e-03
  -1.5603409e-01   5.6508041e-01  -5.8526863e-01  -3.3638751e-02   4.8457792e-03  -4.9587480e-03
  -1.5811662e-01   4.8077518e-01  -6.0143871e-01  -3.3303113e-02   4.6524253e-03  -4.9695430e-03
  -1.6032917e-01   5.0852575e-01  -6.3772643e-01  -3.3252821e-02   4.8106275e-03  -5.0653413e-03
  -1.5507630e-01   5.5513048e-01  -5.9997502e-01  -3.3431479e-02   4.7553203e-03  -4.8978502e-03
  -1.6277631e-01   4.9122892e-01  -5.9669522e-01  -3.2225157e-02   4.5960252e-03  -4.9262429e-03
  -1.6337420e-01   4.6300268e-01  -5.9351762e-01  -3.2315756e-02   4.6935318e-03  -5.1052043e-03
  -1.6681088e-01   5.3237650e-01  -6.0299727e-01  -3.2248105e-02   4.6279432e-03  -5.5228276e-03
  -1.6182801e-01   4.8992589e-01  -5.7868634e-01  -3.2297704e-02   4.7495228e-03  -5.0760177e-03
  -1.4671390e-01   4.2083034e-01  -6.2923880e-01  -3.1708010e-02   4.7024753e-03  -5.1502316e-03
  -1.4269596e-01   4.7569906e-01  -6.5052237e-01  -3.1235578e-02   4.7350310e-03  -4.8511924e-03
  -1.4341297e-01   4.3619752e-01  -6.4016755e-01  -3.1457289e-02   4.6670715e-03  -4.7612889e-03
  -1.4831208e-01   4.3079434e-01  -6.2054167e-01  -3.2233500e-02   4.8552699e-03  -4.4738757e-03
  -1.3421247e-01   4.7174872e-01  -6.4879285e-01  -3.2428038e-02   4.9075617e-03  -4.6665043e-03
  -1.4787130e-01   4.6311649e-01  -6.4284029e-01  -3.2714218e-02   4.9723079e-03  -4.8190770e-03
  -1.5165154e-01   4.2795347e-01  -6.5316615e-01  -3.2287525e-02   5.0299172e-03  -5.0228555e-03
  -1.5268003e-01   5.0929136e-01  -6.3715553e-01  -3.3311934e-02   4.9890500e-03  -5.1517872e-03
  -1.5178399e-01   4.5673387e-01  -6.2596506e-01  -3.1860507e-02   4.7969146e-03  -5.2382963e-03
  -1.3899674e-01   4.2205180e-01  -6.2819502e-01  -3.1434668e-02   4.8782666e-03  -5.2140187e-03
  -1.5113831e-01   4.4073504e-01  -6.0236972e-01  -3.1172899e-02   5.0626076e-03  -5.3179073e-03
  -1.4285271e-01   4.0963963e-01  -6.0728365e-01  -3.1544254e-02   4.8430284e-03  -5.5822345e-03
  -1.1713484e-01   4.9344682e-01  -5.8451502e-01  -3.2365877e-02   4.0661889e-03  -4.4261052e-03
