   0.0000000e+00  -7.6841213e-17   0.0000000e+00   0.0000000e+00   0.0000000e+00   3.4165096e-18
  -9.7568601e-03   1.7931842e-02   4.0806818e-02  -6.8009442e-04   2.6385910e-04  -3.7932518e-05
  -7.1297552e-03   6.5890566e-02   4.0439968e-02  -2.5575159e-03   4.8150057e-04  -5.3396437e-04
  -9.9414850e-03   8.9846477e-02   6.8490702e-02  -3.7967063e-03   2.3480461e-04  -3.1122078e-04
  -2.7411609e-02   3.0166488e-02   8.7058692e-02  -3.3081401e-03   9.7882247e-04  -1.2943669e-03
  -3.0482641e-02   5.3026535e-02   9.9270120e-02  -3.0601144e-03   6.7224015e-04  -1.4174780e-03
  -5.9532216e-02   8.3687312e-02   1.3821576e-01  -3.7484260e-03   9.3596461e-04  -1.5932864e-03
  -6.5544434e-02   8.3156116e-02   1.6924300e-01  -4.1924075e-03   1.1495096e-03  -1.7374791e-03
  -6.0101209e-02   1.4760212e-01   1.4846909e-01  -5.3346228e-03   1.0066755e-03  -1.5875252e-03
  -5.4156760e-02   1.8478012e-01   1.1546505e-01  -7.2158412e-03   8.1071760e-04  -8.9252660e-04
  -7.4017292e-02   1.3430134e-01   1.4086798e-01  -8.9320475e-03   1.7277107e-03  -2.7408171e-04
  -7.9220159e-02   1.2557593e-01   1.2967606e-01  -5.2528776e-03   2.8567866e-03  -1.3973992e-03
  -8.8849368e-02   1.6612597e-01   8.1758679e-02  -6.7880210e-03   2.6807005e-03  -1.5666960e-03
  -9.4074805e-02   1.2746515e-01   1.2157077e-01  -9.3852373e-03   3.1859311e-03  -1.6564204e-03
  -8.8665008e-02   1.9952198e-01   8.3762818e-02  -8.7254823e-03   2.6024780e-03  -1.6170295e-03
  -1.0534779e-01   2.3240298e-01   9.5856658e-02  -1.0387475e-02   2.6201524e-03  -1.4733592e-03
  -1.2257881e-01   1.8708885e-01   8.1070002e-02  -8.8454490e-03   2.5751742e-03  -1.4568559e-03
  -1.2965130e-01   2.1518453e-01   9.4867223e-02  -8.8751513e-03   2.6431765e-03  -1.2092787e-03
  -1.5870505e-01   2.1711651e-01   1.3409371e-01  -9.9036544e-03   2.8230262e-03  -1.5733906e-03
  -1.6022598e-01   2.2739090e-01   1.3435717e-01  -1.0486612e-02   3.0635089e-03  -2.0419169e-03
  -1.5637469e-01   2.9803428e-01   1.5750131e-01  -1.1633690e-02   3.0811556e-03  -1.8690125e-03
  -1.5494094e-01   2.3996548e-01   2.0573741e-01  -1.0945337e-02   3.7214831e-03  -1.4996414e-03
  -1.4043331e-01   2.5686106e-01   1.8824998e-01  -1.1262876e-02   3.3870118e-03  -1.4046094e-03
  -1.3356434e-01   2.8696903e-01   1.2835265e-01  -1.1922287e-02   3.1365504e-03  -1.3574984e-03
  -1.7258653e-01   2.9044824e-01   1.4075131e-01  -1.2727271e-02   3.1547387e-03  -1.3518223e-03
  -1.6987509e-01   3.1748835e-01   1.3246019e-01  -1.4213481e-02   3.4277130e-03  -1.3110318e-03
  -1.4357271e-01   3.2756585e-01   7.7950212e-02  -1.4401699e-02   3.1953072e-03  -1.5223802e-03
  -1.3421092e-01   3.2010808e-01   8.4034682e-02  -1.4632653e-02   3.0780842e-03  -1.6319108e-03
  -1.4664917e-01   2.9627294e-01   7.9594234e-02  -1.3899199e-02   3.1585162e-03  -1.8109634e-03
  -1.5449471e-01   2.7098607e-01   7.7167542e-02  -1.3606917e-02   3.3334222e-03  -1.8266268e-03
  -1.7180617e-01   3.2308293e-01   3.9631237e-02  -1.4469284e-02   3.3918598e-03  -2.1606233e-03
  -1.7206589e-01   3.5984892e-01   7.3720316e-02  -1.5377454e-02   3.4872880e-03  -1.7514909e-03
  -1.7263406e-01   3.3949152e-01   1.0886254e-01  -1.5192464e-02   3.4733374e-03  -1.7937614e-03
  -1.8761471e-01   3.2043332e-01   1.1984438e-01  -1.4304847e-02   3.4657108e-03  -1.7368126e-03
  -1.8225326e-01   3.3538826e-01   1.2484999e-01  -1.4571288e-02   3.2701743e-03  -1.7385965e-03
  -1.7302197e-01   3.5334063e-01   8.2244057e-02  -1.4712976e-02   3.0506647e-03  -1.4988451e-03
  -1.5966382e-01   3.6879297e-01   7.2435003e-02  -1.6759301e-02   3.1633605e-03  -1.4324312e-03
  -1.5940506e-01   4.0478403e-01   1.9347476e-02  -1.7349299e-02   3.4647169e-03  -1.5041836e-03
  -1.5563107e-01   4.0170410e-01   3.6112939e-02  -1.7175636e-02   3.3392123e-03  -1.4396927e-03
  -1.6346339e-01   3.3305605e-01   4.2102895e-02  -1.6356682e-02   3.4841325e-03  -1.4492719e-03
  -1.7475772e-01   3.2788772e-01   1.7762590e-02  -1.5193375e-02   3.8211430e-03  -1.5053889e-03
  -1.8371976e-01   3.6493144e-01   3.7234941e-02  -1.6347807e-02   3.7997719e-03  -1.3888708e-03
  -1.8920356e-01   3.3908566e-01   2.4449089e-02  -1.6299342e-02   4.1203567e-03  -1.6288079e-03
  -1.8891051e-01   4.1308226e-01   1.6025069e-02  -1.7660392e-02   3.9985893e-03  -1.6925097e-03
  -1.8847397e-01   4.1345317e-01   1.6976543e-02  -1.8464602e-02   4.0773449e-03  -1.3947718e-03
  -1.8332515e-01   3.9802723e-01  -5.1444679e-03  -1.8982611e-02   4.0920422e-03  -1.6539160e-03
  -2.1377547e-01   4.4802860e-01   1.1217298e-02  -2.0075708e-02   4.4146262e-03  -1.6719291e-03
  -2.0464532e-01   3.6706426e-01   2.1471574e-03  -1.9278642e-02   4.7632331e-03  -2.0266320e-03
  -2.0605167e-01   4.6473398e-01  -3.7285473e-02  -2.0681015e-02   4.9624624e-03  -1.9026682e-03
  -2.0352257e-01   4.6770397e-01  -1.6104415e-02  -2.1970640e-02   4.8302580e-03  -1.4265343e-03
  -1.9110493e-01   5.0651281e-01  -4.7991003e-03  -2.2776312e-02   5.1027436e-03  -1.1673680e-03
  -2.2388953e-01   7.5832572e-01   3.1851661e-02  -2.5221297e-02   5.4559713e-03  -2.1879780e-03
  -2.2500955e-01   3.4372815e-01  -1.3256005e-01  -2.5452090e-02   6.4829933e-03  -1.2046366e-03
  -2.1362123e-01   5.6357771e-01  -8.3569871e-02  -2.8297292e-02   7.0384655e-03  -1.4043188e-03
  -3.7155165e-02   5.5067458e-01  -1.2517026e+00  -3.9159863e-02   2.6446797e-03  -5.5544560e-03
  -2.6299618e-02   5.9500095e-01  -2.0473735e+00  -5.7866903e-02   2.6660802e-03  -7.7191970e-03
  -7.6851476e-02   8.6868256e-01  -1.2385256e+00  -5.4445668e-02   5.0518807e-03  -7.4051988e-03
  -1.2135382e-01   8.0677873e-01  -1.2616027e+00  -5.4940806e-02   5.4581600e-03  -7.6907968e-03
  -1.4568260e-01   9.2143625e-01  -1.2083572e+00  -5.6501949e-02   5.6124666e-03  -7.5589970e-03
  -1.6453584e-01   8.9062890e-01  -1.1936357e+00  -5.6509306e-02   5.8883662e-03  -7.6755099e-03
  -1.6693391e-01   9.5849235e-01  -1.1509240e+00  -5.7605304e-02   6.1240436e-03  -7.5648754e-03
  -1.8494637e-01   9.7185399e-01  -1.1523925e+00  -5.7011458e-02   6.4971456e-03  -7.3040539e-03
  -1.9848694e-01   9.2461567e-01  -1.1850716e+00  -5.7364071e-02   6.7119242e-03  -7.3358936e-03
  -2.0542307e-01   1.0016547e+00  -1.1663662e+00  -5.8155053e-02   7.1704221e-03  -6.9903566e-03
  -2.1116944e-01   9.6111246e-01  -1.2183362e+00  -5.5717834e-02   7.1947918e-03  -6.7572082e-03
  -2.1813702e-01   9.7262910e-01  -1.2009973e+00  -5.7134462e-02   7.4185855e-03  -6.5687967e-03
  -1.6566915e-01   8.8651955e-01  -1.2142324e+00  -5.5331905e-02   7.4518614e-03  -5.9991361e-03
  -2.6090595e-01   1.0424149e+00  -9.1752753e-01  -5.1015259e-02   9.4161667e-03  -3.8552370e-03
  -3.6007199e-01   9.7947650e-01  -6.7245999e-01  -4.9021802e-02   1.1867602e-02  -2.4503836e-03
  -3.5830048e-01   8.9763133e-01  -8.1441459e-01  -5.0384605e-02   1.1922760e-02  -2.6954114e-03
  -3.6116088e-01   1.0276429e+00  -8.3801736e-01  -5.1346812e-02   1.1694604e-02  -3.3691171e-03
  -3.5791138e-01   9.5450669e-01  -8.3661798e-01  -5.1939702e-02   1.1604846e-02  -3.6265487e-03
  -3.9517591e-01   9.2196881e-01  -8.4383874e-01  -5.1541275e-02   1.1977279e-02  -3.6783055e-03
  -3.7572894e-01   9.9286708e-01  -8.0578068e-01  -5.1121224e-02   1.1739997e-02  -3.3042968e-03
  -3.8513519e-01   9.1682558e-01  -8.3339660e-01  -5.1725783e-02   1.2021238e-02  -3.9316663e-03
  -3.6273683e-01   9.4250784e-01  -8.7425914e-01  -5.1256592e-02   1.1820896e-02  -4.1788139e-03
  -3.7182876e-01   9.5862793e-01  -8.2756405e-01  -5.1400489e-02   1.1960459e-02  -4.2051103e-03
  -3.6778848e-01   9.3395637e-01  -8.3627783e-01  -5.0738100e-02   1.1946737e-02  -4.3946529e-03
  -3.9151788e-01   9.8306586e-01  -7.6703974e-01  -5.1402615e-02   1.2505944e-02  -4.6476261e-03
  -4.0469588e-01   8.8101086e-01  -7.8325341e-01  -5.0600688e-02   1.2723758e-02  -4.4087897e-03
  -3.9220761e-01   9.3647745e-01  -7.6374051e-01  -5.0784464e-02   1.2538680e-02  -4.2365999e-03
  -3.9348453e-01   9.7586947e-01  -7.5061029e-01  -5.1842716e-02   1.2347020e-02  -4.3321690e-03
  -4.0005829e-01   9.2175512e-01  -7.5385781e-01  -5.2464216e-02   1.2529044e-02  -4.5141361e-03
  -4.0974374e-01   1.0188353e+00  -7.2772557e-01  -5.2810075e-02   1.2612702e-02  -4.4500032e-03
  -4.2168680e-01   9.3354544e-01  -7.0537500e-01  -5.1438411e-02   1.2740934e-02  -4.5270241e-03
  -4.1260819e-01   8.8140887e-01  -7.4752748e-01  -5.1744419e-02   1.2526706e-02  -4.6410374e-03
  -4.5320753e-01   9.5689936e-01  -6.9403381e-01  -4.9304852e-02   1.0233396e-02  -2.6923463e-03
  -4.7047073e-01   9.3257779e-01  -6.6543206e-01  -4.8763061e-02   1.0243063e-02  -1.9041060e-03
  -4.5338743e-01   8.4299832e-01  -7.1228798e-01  -4.9713587e-02   1.0670654e-02  -2.7718853e-03
  -4.6439606e-01   9.5218877e-01  -7.0322433e-01  -5.0149902e-02   1.0144183e-02  -3.2580508e-03
  -4.7425298e-01   9.7183766e-01  -6.8651146e-01  -5.0665930e-02   1.0640143e-02  -3.2465529e-03
  -4.5303907e-01   9.1015131e-01  -7.1943435e-01  -5.0402861e-02   1.0648835e-02  -3.3051935e-03
  -4.5289346e-01   9.5011159e-01  -7.0877455e-01  -4.9157480e-02   1.0968667e-02  -2.9629260e-03
  -4.4623186e-01   9.5821206e-01  -6.8906371e-01  -5.0282153e-02   1.0859262e-02  -3.4622432e-03
  -4.5293619e-01   9.0199202e-01  -6.8762860e-01  -4.9730098e-02   1.0850885e-02  -3.6215193e-03
  -4.6526468e-01   9.6352431e-01  -6.5792940e-01  -5.0201717e-02   1.0955779e-02  -3.5226685e-03
  -4.7409731e-01   9.5405212e-01  -6.5557564e-01  -4.9511314e-02   1.1033760e-02  -3.6238848e-03
  -4.7798536e-01   9.5707853e-01  -6.2074306e-01  -4.9360725e-02   1.1272752e-02  -3.5406095e-03
  -4.7646655e-01   9.7165540e-01  -6.0813388e-01  -5.0397532e-02   1.1151458e-02  -3.4427017e-03
  -4.6582210e-01   8.8691788e-01  -6.0057697e-01  -4.8941563e-02   1.1445339e-02  -3.3831031e-03
  -4.5426744e-01   9.7180701e-01  -5.4549358e-01  -4.8709342e-02   1.1234870e-02  -3.6424670e-03
  -4.4442319e-01   9.1330846e-01  -5.1044846e-01  -4.8071537e-02   1.1169057e-02  -3.3684582e-03
  -4.5011960e-01   9.2126921e-01  -5.0176266e-01  -4.8967543e-02   1.1480238e-02  -3.3849210e-03
  -4.4928188e-01   1.0232868e+00  -5.1038193e-01  -5.0505184e-02   1.1301879e-02  -3.1935786e-03
  -4.7066260e-01   8.9716949e-01  -4.9266252e-01  -4.9210475e-02   1.1455743e-02  -3.4531587e-03
  -4.6312472e-01   8.8630020e-01  -5.3278945e-01  -4.8456006e-02   1.1251576e-02  -3.3645721e-03
  -4.5884576e-01   9.6840955e-01  -4.7198550e-01  -4.8717439e-02   1.1095298e-02  -3.5505957e-03
  -4.4718636e-01   8.7530585e-01  -4.8564585e-01  -4.7929088e-02   1.1114300e-02  -3.3130714e-03
  -4.5033381e-01   9.6170728e-01  -4.5780168e-01  -4.9556107e-02   1.1294220e-02  -3.5535418e-03
  -4.5727435e-01   9.2634576e-01  -4.1009232e-01  -4.8231421e-02   1.1442104e-02  -3.5795674e-03
  -4.4977427e-01   9.0772162e-01  -4.2082432e-01  -4.7863278e-02   1.1398394e-02  -3.6203888e-03
  -4.5592954e-01   9.2017903e-01  -3.5343520e-01  -4.7363190e-02   1.1391581e-02  -3.5611605e-03
  -4.6015061e-01   8.3140825e-01  -3.8297934e-01  -4.6127971e-02   1.1681570e-02  -3.6245080e-03
  -4.5477295e-01   8.9444199e-01  -3.5701499e-01  -4.6298820e-02   1.1519471e-02  -3.8605575e-03
  -4.5356023e-01   8.8409634e-01  -3.0546081e-01  -4.5752590e-02   1.1699075e-02  -4.0398851e-03
  -4.5052434e-01   8.3815951e-01  -3.0590648e-01  -4.5952060e-02   1.1888146e-02  -4.1074234e-03
  -4.4669249e-01   9.2236522e-01  -2.8905207e-01  -4.7544859e-02   1.1963796e-02  -4.2224686e-03
  -4.4749017e-01   9.0522063e-01  -3.0586151e-01  -4.6556226e-02   1.1725810e-02  -3.9380877e-03
  -4.4586231e-01   8.3203673e-01  -3.3002960e-01  -4.7019171e-02   1.1785387e-02  -4.1389876e-03
  -4.4742136e-01   9.6614523e-01  -3.5895932e-01  -4.8270313e-02   1.1766653e-02  -4.2081447e-03
  -4.4541575e-01   8.8843878e-01  -3.6190500e-01  -4.7109614e-02   1.1444299e-02  -4.1122604e-03
  -4.1656456e-01   8.2169614e-01  -4.0665647e-01  -4.6929784e-02   1.0951204e-02  -4.2755459e-03
  -4.1881808e-01   9.4616742e-01  -4.1286937e-01  -4.6951542e-02   1.0583860e-02  -4.2327758e-03
  -4.2670371e-01   8.9706421e-01  -4.1147115e-01  -4.5390061e-02   1.0856663e-02  -4.4343181e-03
  -4.3437694e-01   8.2461735e-01  -4.0651591e-01  -4.5534821e-02   1.1207032e-02  -4.4232368e-03
  -4.2959010e-01   8.8181812e-01  -4.0087726e-01  -4.5430494e-02   1.1199152e-02  -4.3803342e-03
  -4.4608782e-01   8.8847202e-01  -3.5988912e-01  -4.5824463e-02   1.1335121e-02  -4.2844273e-03
  -4.3109961e-01   8.3116391e-01  -3.8756843e-01  -4.5149043e-02   1.0976134e-02  -4.2408750e-03
  -4.2709738e-01   8.8663006e-01  -3.9862747e-01  -4.8300752e-02   1.1882362e-02  -4.4285955e-03
  -4.2428486e-01   9.1462533e-01  -3.2337591e-01  -4.7980411e-02   1.1890416e-02  -4.4304547e-03
  -4.4295696e-01   8.9972075e-01  -3.2352704e-01  -4.7702895e-02   1.1876219e-02  -4.4830094e-03
  -4.3824719e-01   8.7810507e-01  -3.4645107e-01  -4.7278336e-02   1.1869050e-02  -4.6929681e-03
  -4.3556715e-01   9.0359471e-01  -3.1796527e-01  -4.7241149e-02   1.1664299e-02  -4.3235124e-03
  -4.4718871e-01   9.1891717e-01  -3.0671862e-01  -4.7569592e-02   1.1757921e-02  -4.4212474e-03
  -4.4539011e-01   8.9297251e-01  -3.1058588e-01  -4.8179463e-02   1.2112033e-02  -4.6025614e-03
  -4.4607610e-01   9.3857049e-01  -3.2211458e-01  -4.8470300e-02   1.1811636e-02  -4.5882018e-03
  -4.6779400e-01   9.5218060e-01  -3.0645598e-01  -4.8443989e-02   1.1976489e-02  -4.6173114e-03
  -4.5287670e-01   9.0663980e-01  -3.1375458e-01  -4.8068507e-02   1.1903557e-02  -4.3039543e-03
  -4.6687780e-01   9.1245697e-01  -2.6051752e-01  -4.7702318e-02   1.1922673e-02  -4.3131845e-03
  -4.7073501e-01   8.8149122e-01  -2.6791552e-01  -4.6101744e-02   1.2102161e-02  -4.2771890e-03
  -4.5319052e-01   8.7212189e-01  -2.7081978e-01  -4.6263168e-02   1.1956171e-02  -4.4612106e-03
  -4.5538492e-01   8.9819718e-01  -2.2541501e-01  -4.6868727e-02   1.2094303e-02  -4.6136832e-03
  -4.4769124e-01   9.2848161e-01  -2.1892641e-01  -4.6930561e-02   1.2050911e-02  -4.6774452e-03
  -4.6481793e-01   9.4642144e-01  -2.0967301e-01  -4.8848651e-02   1.2118901e-02  -4.4280820e-03
  -4.6830106e-01   8.8376069e-01  -2.8366087e-01  -4.7380739e-02   1.2205573e-02  -4.1967362e-03
  -4.6472208e-01   9.1239428e-01  -3.3018240e-01  -4.7856413e-02   1.2014052e-02  -4.6812882e-03
  -4.6966123e-01   9.2429388e-01  -2.7488842e-01  -4.7852346e-02   1.2252965e-02  -4.7161568e-03
  -4.5263035e-01   8.7401057e-01  -2.7175730e-01  -4.6680610e-02   1.2217358e-02  -4.4316116e-03
  -4.5280010e-01   9.5037379e-01  -3.2515771e-01  -4.8029588e-02   1.2190280e-02  -4.7264778e-03
  -4.3025651e-01   9.8317228e-01  -4.1777753e-01  -5.0009313e-02   1.1745494e-02  -4.5766334e-03
  -3.9063086e-01   9.8690587e-01  -5.1897485e-01  -5.0885444e-02   1.1248786e-02  -5.0294351e-03
  -1.0479257e-01   9.7628566e-01  -1.6285150e+00  -6.1524459e-02   4.9510815e-03  -1.0311918e-02
  -3.6948566e-01   1.0461893e+00  -1.5720418e+00  -6.6324131e-02   1.1797840e-02  -8.5924187e-03
  -4.3876136e-01   1.0476008e+00  -1.0434811e+00  -5.9627006e-02   1.3663088e-02  -7.2348467e-03
  -4.5767730e-01   9.6720718e-01  -1.0890208e+00  -5.9564748e-02   1.3449261e-02  -7.7084304e-03
  -5.5332195e-01   1.0713224e+00  -8.7097929e-01  -5.8032027e-02   1.5223736e-02  -6.0173293e-03
  -6.3231280e-01   1.0410471e+00  -7.0013527e-01  -5.6731261e-02   1.7246338e-02  -4.2142969e-03
  -6.2060621e-01   9.9214678e-01  -8.0720011e-01  -5.7006337e-02   1.6880747e-02  -4.5825621e-03
  -6.2725025e-01   1.0746896e+00  -7.9189110e-01  -5.8288207e-02   1.6655391e-02  -4.8958886e-03
  -6.0752967e-01   9.9888573e-01  -8.1780326e-01  -5.7391656e-02   1.6427246e-02  -5.2439770e-03
  -5.7987510e-01   9.7186120e-01  -7.8877273e-01  -5.6287047e-02   1.6052820e-02  -4.9341668e-03
  -5.7488622e-01   9.8872469e-01  -7.8722379e-01  -5.5765954e-02   1.5636975e-02  -5.0994000e-03
  -5.9816019e-01   1.0266104e+00  -7.8308553e-01  -5.7068805e-02   1.6131815e-02  -5.4159502e-03
  -5.8926005e-01   1.0269191e+00  -7.9061210e-01  -5.7095181e-02   1.6336061e-02  -5.6034968e-03
  -5.8669846e-01   9.9798162e-01  -7.8695968e-01  -5.5308372e-02   1.6336644e-02  -5.7056623e-03
  -5.6857427e-01   9.8418596e-01  -7.9129103e-01  -5.6058122e-02   1.6034562e-02  -5.6770403e-03
  -5.8929736e-01   1.0464452e+00  -7.7733269e-01  -5.7618162e-02   1.6432445e-02  -5.6534046e-03
  -5.9608415e-01   1.0408892e+00  -7.9895430e-01  -5.7623827e-02   1.6739346e-02  -5.4691317e-03
  -5.9476213e-01   1.0262136e+00  -7.8940558e-01  -5.6904502e-02   1.6693206e-02  -5.5821088e-03
  -5.8454071e-01   1.0205021e+00  -7.7886397e-01  -5.6724699e-02   1.6484464e-02  -5.6361157e-03
  -5.7989079e-01   1.0673948e+00  -7.8371013e-01  -5.7676672e-02   1.6228168e-02  -5.7269302e-03
  -6.0571277e-01   1.0540738e+00  -8.1948550e-01  -5.7725571e-02   1.6141898e-02  -5.8340338e-03
  -5.7773910e-01   1.0524115e+00  -8.2927852e-01  -5.7098650e-02   1.6208340e-02  -5.9841188e-03
  -6.0393590e-01   1.1062016e+00  -7.5422845e-01  -5.8467175e-02   1.6192797e-02  -5.8387541e-03
  -6.0034042e-01   1.1185930e+00  -7.7245536e-01  -5.8987273e-02   1.6280883e-02  -6.1318230e-03
  -6.0879869e-01   1.1568669e+00  -7.7277608e-01  -5.8736001e-02   1.6415655e-02  -5.8888429e-03
  -5.8029873e-01   1.1297264e+00  -7.9746145e-01  -5.7560297e-02   1.5926726e-02  -5.6504683e-03
  -5.7849200e-01   1.0561791e+00  -8.0395392e-01  -5.7407855e-02   1.6059638e-02  -5.9193433e-03
  -5.6742309e-01   1.1059062e+00  -8.2688853e-01  -5.7510100e-02   1.5999272e-02  -6.1046375e-03
  -5.8849600e-01   1.1149077e+00  -8.1653731e-01  -5.8119382e-02   1.6173940e-02  -6.2232764e-03
  -5.8794446e-01   1.0841103e+00  -8.4148823e-01  -5.8212549e-02   1.6194698e-02  -6.2827567e-03
  -5.3447319e-01   1.1435030e+00  -8.7563511e-01  -5.8790688e-02   1.5561535e-02  -6.2824239e-03
  -5.4435900e-01   1.0695024e+00  -8.5797953e-01  -5.6910399e-02   1.5514773e-02  -6.0097666e-03
  -5.4995874e-01   1.0773012e+00  -8.6698286e-01  -5.8313613e-02   1.5661715e-02  -6.1695273e-03
  -5.5992373e-01   1.1025981e+00  -8.6556857e-01  -5.8695083e-02   1.5632742e-02  -6.3739350e-03
  -5.6251345e-01   1.0611159e+00  -8.5244138e-01  -5.7887526e-02   1.5406260e-02  -6.2755103e-03
  -5.6077775e-01   1.0390106e+00  -8.5120166e-01  -5.7338022e-02   1.5233889e-02  -6.1942867e-03
  -5.5868708e-01   1.0628542e+00  -8.5049304e-01  -5.7479230e-02   1.5068429e-02  -6.4845135e-03
