   0.0000000e+00   0.0000000e+00   0.0000000e+00   0.0000000e+00   6.9388939e-18   3.4694470e-18
  -2.0503014e-02   5.3523696e-03   4.3838487e-02  -5.5189447e-04   2.9844425e-04   6.1209645e-05
  -2.6970234e-02   2.2449179e-02   7.1054105e-02  -8.7996261e-04   3.4445411e-04   1.2541958e-04
  -3.1158803e-02   6.2725334e-02   7.4392118e-02  -1.8445229e-03   5.0658450e-04  -4.1779903e-05
  -3.7733136e-02   8.3514876e-02   9.1818744e-02  -2.2809615e-03   5.6897681e-04  -2.2666653e-06
  -9.4219240e-02   2.4914936e-01   1.9313078e-01  -3.8540337e-03   6.8664109e-04   5.2507940e-04
  -1.1171366e-01   3.7540522e-02   7.8135412e-02  -1.7588442e-03   2.1561618e-03   9.1371866e-04
  -1.0837473e-01   1.3516019e-01   1.0224638e-01  -1.3390349e-03   1.4901766e-03   5.9604870e-04
  -9.5976358e-02   5.3069298e-02   4.1929372e-02   5.8657938e-04   1.3157637e-03   5.9518973e-04
  -1.0139673e-01   9.2598430e-02   7.7690973e-02  -4.2052178e-04   1.7755222e-03   8.9015496e-05
  -9.2177039e-02   1.2187151e-01   5.4651919e-02  -5.5711279e-04   1.9959210e-03   1.1479389e-04
  -9.7541010e-02   1.6170799e-02   1.0182673e-01  -5.2745922e-04   2.2782569e-03   1.7086736e-05
  -1.1679864e-01   1.4236178e-01   8.9134444e-02  -2.5906940e-03   2.8937718e-03  -9.2310272e-04
  -1.1245857e-01   1.6945780e-01   1.6114362e-01  -2.9858115e-03   2.5029955e-03  -7.9646197e-04
  -1.3726959e-01   1.4040126e-01   1.6863366e-01  -3.4729085e-03   2.8358561e-03  -9.5168309e-04
  -1.3651306e-01   9.6844692e-02   1.1025644e-01  -2.2030638e-03   2.8802008e-03  -1.0023009e-03
  -1.3937139e-01   1.5896820e-01   1.0540527e-01  -3.7084489e-03   2.7982735e-03  -1.0235482e-03
  -1.1361765e-01   1.3468391e-01   6.6844619e-02  -4.4581300e-03   2.9351357e-03  -1.1616556e-03
  -1.4763878e-01   1.8474559e-01   6.5869651e-02  -4.2452138e-03   2.9499568e-03  -1.8515215e-03
   1.0091783e-02  -2.9560181e-01  -1.6897407e-01   3.8488914e-03  -2.4018330e-03  -1.7737815e-03
   2.3455001e-01  -1.2078103e+00  -7.2182678e-01   2.3584603e-02  -6.2003182e-03   6.7513935e-05
  -1.0866884e-01  -5.2649520e-01  -6.8229302e-01   2.1305639e-02  -2.4941985e-04  -5.0353781e-03
  -1.3631078e-01  -3.2763116e-01  -4.1875477e-01   1.4582192e-02   1.8137942e-03  -4.9639543e-03
  -1.8018084e-01  -1.0882033e-01  -3.1690500e-01   1.2421524e-02   2.9609294e-03  -4.8627631e-03
  -1.9931238e-01  -5.4653018e-02  -2.8665006e-01   1.2168374e-02   3.0302375e-03  -5.3057990e-03
  -2.1416780e-01  -3.8793692e-02  -2.5714680e-01   1.0986506e-02   3.5127732e-03  -5.4832756e-03
  -2.0440952e-01   2.2198565e-02  -2.1643033e-01   1.0138787e-02   3.4880969e-03  -5.1720223e-03
  -1.9370560e-01  -1.2635674e-02  -1.8945119e-01   1.0514204e-02   3.5110540e-03  -5.0350241e-03
  -1.6242249e-01   5.7707606e-02  -1.1150170e-01   1.0217818e-02   3.6207867e-03  -5.3198066e-03
  -1.7923218e-01  -3.0184416e-02  -1.8289253e-01   1.0120411e-02   3.6143380e-03  -5.1768916e-03
  -1.9175428e-01   1.1074899e-01  -1.5243217e-01   7.1923769e-03   3.7466176e-03  -4.0998922e-03
  -2.0148084e-01   8.7009744e-02  -2.1844373e-01   6.6178725e-03   4.6038284e-03  -4.3302126e-03
  -1.7727819e-01   1.1252315e-01  -2.6306129e-01   5.4972358e-03   4.7959676e-03  -4.1699948e-03
  -1.7375542e-01   1.0380753e-01  -1.7386811e-01   3.7068486e-03   4.7007257e-03  -3.8622005e-03
  -2.2029127e-01  -7.5963891e-02  -2.4078469e-01   6.5925073e-03   5.8444600e-03  -4.7026029e-03
  -2.2117529e-01  -7.9705707e-02  -2.9073039e-01   8.8674836e-03   5.5854374e-03  -3.6943724e-03
  -2.1043423e-01  -8.7521988e-02  -2.7740123e-01   7.2378064e-03   5.3572639e-03  -2.6493577e-03
  -2.0411995e-01  -1.2919388e-01  -2.5892831e-01   8.6616852e-03   5.5358306e-03  -2.9320119e-03
  -2.1526198e-01  -7.0085313e-02  -2.4681926e-01   7.9490787e-03   5.7727490e-03  -3.3906128e-03
  -2.1936340e-01  -9.4052815e-02  -2.4395316e-01   7.4720250e-03   6.0474607e-03  -3.6630833e-03
  -2.1432591e-01  -1.7674589e-01  -2.2788322e-01   6.9434085e-03   5.5973771e-03  -3.5173950e-03
  -2.3386565e-01  -1.0368968e-01  -2.7068846e-01   6.3917363e-03   6.5998660e-03  -4.0503904e-03
  -2.3289466e-01  -1.0923322e-01  -2.5913548e-01   3.2434634e-03   6.9322494e-03  -3.7537817e-03
  -2.1391622e-01  -1.0596892e-01  -2.6984594e-01   6.6567217e-03   6.1325602e-03  -3.9618968e-03
  -2.3169382e-01   3.4592196e-03  -2.2358514e-01   6.4196908e-03   5.8931275e-03  -3.9905627e-03
  -2.2322895e-01  -7.8439370e-02  -2.5436670e-01   5.9253133e-03   6.1544168e-03  -4.4842659e-03
  -2.1700197e-01   3.6692045e-02  -2.4300162e-01   4.9538069e-03   6.1934031e-03  -4.3753758e-03
  -2.1328232e-01   2.1723662e-02  -2.3381467e-01   5.0783848e-03   6.1023021e-03  -4.2210530e-03
  -2.0425662e-01  -1.8454421e-02  -2.8079810e-01   5.1527758e-03   6.2092996e-03  -4.3983647e-03
  -2.0652233e-01   7.3240655e-02  -2.7211655e-01   4.8835712e-03   6.1941996e-03  -4.2674274e-03
  -2.0869787e-01   5.7008424e-02  -2.8331189e-01   4.6140849e-03   6.2097503e-03  -4.1945964e-03
  -2.1380295e-01   4.3778857e-02  -3.0158036e-01   4.7954214e-03   6.2425004e-03  -4.2941017e-03
  -2.1250287e-01   1.0257912e-01  -2.6780237e-01   4.2205003e-03   6.4799756e-03  -4.2419877e-03
  -2.1267965e-01   8.7129732e-02  -2.5626198e-01   3.8689851e-03   6.3665585e-03  -4.2307551e-03
  -2.0462462e-01   4.6232301e-02  -2.9561036e-01   4.8415365e-03   6.2379125e-03  -4.5307027e-03
  -2.0149265e-01   1.0520765e-01  -2.4822635e-01   3.3400121e-03   6.1976691e-03  -4.2547890e-03
  -2.1491724e-01   2.4703969e-02  -2.6415413e-01   4.6192504e-03   6.2879556e-03  -4.6964713e-03
  -2.3835484e-01   1.4983011e-01  -2.5387149e-01   3.6666053e-03   6.6675003e-03  -4.6661471e-03
  -2.2691266e-01   5.3071335e-02  -2.8233120e-01   3.9800500e-03   6.3981390e-03  -4.9430686e-03
  -2.3727475e-01   1.3561702e-01  -2.5655851e-01   3.1786262e-03   6.3384620e-03  -4.7720784e-03
  -2.1375136e-01   3.1669226e-02  -2.5172123e-01   4.2019184e-03   6.0772908e-03  -3.8111224e-03
  -2.3303020e-01  -1.0619926e-01  -2.9644713e-01   2.0526934e-03   6.7044860e-03  -3.9339177e-03
  -2.3263917e-01  -1.3902692e-01  -2.5528038e-01   9.6624564e-04   6.9235586e-03  -4.6316536e-03
  -2.3302688e-01  -2.9009291e-03  -3.1770606e-01   4.7007447e-03   7.0854849e-03  -4.6840836e-03
  -2.1659339e-01  -4.4900721e-02  -3.0804361e-01   3.8532932e-03   6.8864330e-03  -4.7688596e-03
  -2.2119967e-01  -1.3481409e-02  -3.0185280e-01   3.9143770e-03   6.9636240e-03  -4.7712404e-03
  -2.2662618e-01   2.3763610e-02  -3.0669775e-01   3.5392364e-03   7.0911595e-03  -4.9143607e-03
  -2.3131643e-01   6.4396678e-02  -3.1017769e-01   3.1164714e-03   6.9223703e-03  -4.5228652e-03
  -2.2710210e-01   1.4717594e-02  -2.9714508e-01   2.6710467e-03   7.0991104e-03  -4.8239541e-03
  -2.3298685e-01   9.6245154e-02  -2.9011512e-01   2.2476098e-03   7.2923944e-03  -4.9523478e-03
  -2.4291755e-01   9.8129287e-02  -2.8663689e-01   1.5169648e-03   7.4953133e-03  -4.8357508e-03
  -2.3816687e-01   8.2692240e-02  -2.9169842e-01   9.9301057e-04   7.5603352e-03  -4.9694428e-03
  -2.4045846e-01   1.0925208e-01  -3.0022799e-01   8.6281298e-04   7.7480309e-03  -4.9377654e-03
  -2.4179177e-01   1.4153775e-01  -2.9273027e-01   7.4900034e-04   7.6858928e-03  -4.8169447e-03
  -2.4333425e-01   1.3936772e-01  -3.0600498e-01   1.0867040e-03   7.5401695e-03  -4.3923140e-03
  -2.3411961e-01   1.2161281e-01  -3.0616465e-01  -2.2747401e-04   7.4432896e-03  -4.5290566e-03
  -2.3232817e-01   1.9928004e-01  -2.7919846e-01  -3.8268274e-04   7.4514834e-03  -4.3973916e-03
  -2.3236952e-01   1.6142292e-01  -2.6896368e-01  -4.5206081e-04   7.4044214e-03  -4.3695803e-03
  -2.2040126e-01   1.2605135e-01  -3.0303481e-01   8.3832040e-04   7.1587320e-03  -3.9546871e-03
  -2.1266618e-01   1.5437129e-01  -3.0250545e-01   1.3371336e-03   7.1210675e-03  -3.8884210e-03
  -2.1968208e-01   9.3870799e-02  -2.8484322e-01   6.3252643e-04   7.4002268e-03  -3.8359270e-03
  -2.2794926e-01   9.7207258e-02  -2.8626226e-01   5.0838384e-04   7.6709017e-03  -4.0511265e-03
  -2.2897094e-01   1.2896688e-01  -2.8703976e-01  -2.1715073e-04   7.5170064e-03  -3.9405513e-03
  -2.2819909e-01   1.6451937e-01  -2.6943297e-01  -1.7902165e-03   7.5984796e-03  -3.6615990e-03
  -2.3685408e-01   1.4386249e-01  -2.7361831e-01  -2.2490568e-03   7.4416344e-03  -3.8024702e-03
  -2.3518223e-01   1.4263027e-01  -2.9457657e-01  -2.3752421e-03   7.4501671e-03  -3.9329887e-03
  -2.3817643e-01   2.0961846e-01  -2.7726248e-01  -3.7318709e-03   7.5832266e-03  -3.9314794e-03
  -2.4812856e-01   1.8926032e-01  -2.6350822e-01  -4.8443995e-03   7.7676818e-03  -4.1127948e-03
  -2.3885359e-01   1.8512635e-01  -2.5874187e-01  -5.0893340e-03   7.6129007e-03  -4.1835846e-03
  -2.3712501e-01   2.3380660e-01  -1.9844998e-01  -5.6871418e-03   7.5237415e-03  -3.8205770e-03
  -2.3659936e-01   1.8023745e-01  -2.2534173e-01  -4.6008884e-03   7.2768421e-03  -3.7573381e-03
  -2.2880432e-01   1.3683896e-01  -2.7097688e-01  -3.2294088e-03   7.1758147e-03  -3.8838998e-03
  -2.3022964e-01   1.8775160e-01  -2.7462649e-01  -4.4797193e-03   7.3635404e-03  -3.9933055e-03
  -2.4174979e-01   2.0193305e-01  -2.8011769e-01  -5.2525195e-03   7.3954879e-03  -4.2076687e-03
  -2.4093445e-01   1.7949549e-01  -3.0715788e-01  -5.3071143e-03   7.4763591e-03  -4.0095151e-03
  -2.3981256e-01   2.3611837e-01  -2.9927362e-01  -5.8997329e-03   7.4230514e-03  -3.7980015e-03
  -2.3913573e-01   1.9725835e-01  -3.1217413e-01  -6.1002733e-03   7.3577330e-03  -3.9665051e-03
  -2.4437089e-01   2.0677367e-01  -3.1597042e-01  -6.3190071e-03   7.4478516e-03  -3.9626751e-03
  -2.3590012e-01   2.7325916e-01  -3.5220883e-01  -6.3088072e-03   7.2937959e-03  -3.4876557e-03
  -2.4280013e-01   1.7313746e-01  -3.2769954e-01  -6.3912606e-03   7.5356104e-03  -4.1349434e-03
  -2.2730712e-01   2.0438297e-01  -3.3484181e-01  -5.9753629e-03   7.1943796e-03  -4.1346580e-03
  -2.3284265e-01   2.0386476e-01  -3.1788244e-01  -6.4641998e-03   7.3825154e-03  -3.9746080e-03
  -2.3254997e-01   1.7423094e-01  -3.0805071e-01  -5.8199399e-03   7.2327424e-03  -4.1797606e-03
  -2.3785632e-01   2.3858863e-01  -3.0119500e-01  -6.7912123e-03   7.4334201e-03  -4.2100840e-03
  -2.4541827e-01   2.1176217e-01  -2.8094807e-01  -7.1654906e-03   7.2754639e-03  -4.2465743e-03
  -2.3549145e-01   1.9719982e-01  -2.9076648e-01  -6.1342576e-03   7.0988339e-03  -4.1144626e-03
  -2.5019340e-01   2.1452282e-01  -2.8155737e-01  -5.9360729e-03   7.4041795e-03  -3.9120400e-03
  -2.4670048e-01   1.6380650e-01  -2.7003614e-01  -6.1042403e-03   7.2835827e-03  -3.9497601e-03
  -2.5015932e-01   2.0295610e-01  -2.7210517e-01  -6.2563589e-03   7.4336169e-03  -3.8225448e-03
  -2.6062940e-01   2.4639474e-01  -2.5833162e-01  -7.0885889e-03   7.4085867e-03  -3.4431995e-03
  -2.3857214e-01   2.1127373e-01  -3.1536514e-01  -6.4753423e-03   7.2341289e-03  -3.6246798e-03
  -2.3135368e-01   3.0438547e-01  -3.7888895e-01  -9.1238895e-03   7.1001400e-03  -4.0704445e-03
  -2.2094863e-01   1.2814684e-01  -2.9301205e-01  -4.1071607e-03   6.8085812e-03  -4.3146800e-03
  -2.0219684e-01   3.0386835e-01  -1.1843577e-01  -5.8735042e-03   6.7043162e-03  -4.0104519e-03
  -2.0311212e-01   1.8819673e-01  -1.4318399e-01  -5.1364086e-03   6.7139186e-03  -4.0971624e-03
  -1.9733395e-01   1.9364677e-01  -1.6381856e-01  -4.7746697e-03   6.6504814e-03  -4.0356336e-03
  -1.9395163e-01   2.2458201e-01  -1.2872372e-01  -5.1040993e-03   6.3261779e-03  -3.9453677e-03
  -1.7847684e-01   1.6330921e-01  -1.2320868e-01  -2.6472869e-03   5.8370932e-03  -3.6315184e-03
  -1.5212081e-01   2.5149384e-01  -2.8367594e-01  -5.8802843e-03   5.5463951e-03  -3.8847531e-03
  -1.4603722e-01   1.8635145e-01  -3.8099714e-01  -5.3047447e-03   4.0819189e-03  -4.0824661e-03
   3.9191333e-02  -3.9807804e-01  -1.1269221e+00  -4.3905946e-03  -3.4081595e-04  -1.8677551e-03
   2.3417836e-01  -1.1126138e+00  -1.7131288e+00   8.2483902e-03  -8.1412312e-03  -3.1641683e-03
   2.2748300e-02  -5.5271714e-01  -1.8094557e+00   2.1709477e-02  -4.9837603e-03  -4.9214411e-03
  -1.5933469e-01  -3.2703411e-01  -1.3122178e+00   1.0951878e-02   1.9085963e-03  -7.3453426e-03
  -2.0316090e-01  -3.4218785e-02  -1.0943568e+00   1.3685700e-03   4.0133078e-03  -7.3885995e-03
  -2.0300438e-01   9.6425412e-02  -9.5534977e-01  -8.7824424e-04   4.6875699e-03  -7.8666518e-03
  -1.8934343e-01   1.2068747e-01  -8.2004961e-01  -2.1645038e-03   4.2615680e-03  -7.2487959e-03
  -1.9467485e-01   7.9500074e-02  -7.8646516e-01  -1.7696945e-03   4.5838312e-03  -7.0639092e-03
  -1.9293495e-01   9.8368199e-02  -7.0115694e-01  -2.0330254e-03   4.8529298e-03  -6.8565078e-03
  -1.8651636e-01   1.2639446e-01  -6.8766639e-01  -2.9603549e-03   4.6994238e-03  -6.8281922e-03
  -1.8354277e-01   7.2573556e-02  -7.0936166e-01  -3.2082616e-03   4.8180119e-03  -6.9620717e-03
  -2.0215105e-01   1.2757581e-01  -6.7733345e-01  -3.9794888e-03   5.4179612e-03  -6.5399336e-03
  -1.7790661e-01   1.6205391e-01  -7.6330165e-01  -3.4508324e-03   5.1969582e-03  -6.1826545e-03
  -1.9108515e-01   2.3579261e-01  -6.9511453e-01  -4.8785485e-03   5.3629061e-03  -5.9590668e-03
  -1.8581797e-01   1.0256058e-01  -7.0540948e-01  -3.9199546e-03   5.3793417e-03  -6.1486748e-03
  -2.0562543e-01   1.5069633e-01  -6.9831829e-01  -3.6529237e-03   5.7842747e-03  -6.0944273e-03
  -2.2007445e-01   2.0812633e-01  -6.8553700e-01  -3.7938421e-03   5.7190747e-03  -5.8421013e-03
  -2.2867182e-01   1.5475032e-01  -6.6226928e-01  -3.2740315e-03   6.0037419e-03  -5.3575125e-03
  -2.4216741e-01   1.8398394e-01  -6.3862454e-01  -3.5530801e-03   6.0673307e-03  -5.1528025e-03
  -2.6531655e-01   2.8182232e-01  -6.0696806e-01  -3.9672907e-03   6.2988602e-03  -4.7134238e-03
  -2.4373325e-01   1.5501454e-01  -6.6449524e-01  -3.1415710e-03   6.2268034e-03  -5.2112070e-03
  -2.4496273e-01   2.1115617e-01  -6.4986300e-01  -3.3339090e-03   6.2214439e-03  -5.0667146e-03
  -2.5247691e-01   2.3665935e-01  -6.3475916e-01  -2.8841908e-03   6.3859262e-03  -4.7415510e-03
  -2.5227344e-01   1.6479687e-01  -6.0029550e-01  -2.9891797e-03   6.4364482e-03  -4.8007326e-03
  -2.6318144e-01   2.2800471e-01  -5.7799408e-01  -3.7189395e-03   6.7566502e-03  -4.8704656e-03
  -2.8527293e-01   1.8231610e-01  -5.7275141e-01  -3.4153048e-03   6.9420997e-03  -4.7231364e-03
  -2.8621579e-01   1.6563704e-01  -5.8246581e-01  -2.8551273e-03   6.9118905e-03  -4.7127101e-03
  -2.9943733e-01   2.0140881e-01  -5.4476925e-01  -2.8379410e-03   7.1691230e-03  -4.6685320e-03
  -2.9135861e-01   1.7219298e-01  -5.0603374e-01  -3.0703700e-03   7.1635119e-03  -4.5791801e-03
  -3.1566466e-01   1.8554231e-01  -4.6987026e-01  -3.0280600e-03   7.4562237e-03  -4.2875065e-03
  -3.2701244e-01   2.0860654e-01  -5.1425682e-01  -3.2055863e-03   7.6923952e-03  -4.2704046e-03
  -3.2962469e-01   1.3917546e-01  -5.1186711e-01  -3.1012786e-03   7.8287802e-03  -4.0213245e-03
  -3.2143642e-01   1.7363071e-01  -4.6559423e-01  -2.2650071e-03   7.5434442e-03  -3.1047305e-03
  -3.3614406e-01   2.0848148e-01  -4.8586829e-01  -2.8354704e-03   7.8317059e-03  -3.3207717e-03
  -3.4351111e-01   1.2871646e-01  -4.5718829e-01  -2.5745015e-03   7.8498840e-03  -3.2590374e-03
  -3.4430698e-01   1.5543001e-01  -4.4533099e-01  -1.9458429e-03   7.8387323e-03  -3.2023649e-03
  -3.3345374e-01   1.9337366e-01  -4.5660568e-01  -2.5665491e-03   7.6369173e-03  -3.4203701e-03
  -2.9659006e-01   1.5407458e-01  -5.3367354e-01  -2.1672979e-03   7.3125756e-03  -2.9126610e-03
  -3.3258247e-01   1.5794582e-01  -4.7307826e-01  -2.5096020e-03   7.9215716e-03  -3.0539716e-03
  -3.3519724e-01   2.0632548e-01  -5.2320721e-01  -2.7451551e-03   8.0170619e-03  -3.2743533e-03
  -3.4310038e-01   1.6473341e-01  -4.8390401e-01  -2.3964831e-03   8.1551794e-03  -3.2231420e-03
  -3.4199797e-01   1.6926174e-01  -4.8659508e-01  -2.5250578e-03   8.1585578e-03  -3.2065523e-03
  -3.4168857e-01   2.0281472e-01  -4.4614879e-01  -3.2919353e-03   8.2200866e-03  -3.0470769e-03
  -3.4898646e-01   1.6841063e-01  -4.1309862e-01  -2.6940826e-03   8.3106598e-03  -2.6731730e-03
  -3.3206327e-01   1.9961280e-01  -4.4607019e-01  -3.3400273e-03   8.2776953e-03  -2.5446388e-03
  -3.2046694e-01   2.2464903e-01  -4.4156222e-01  -3.8172942e-03   8.2202406e-03  -2.4784900e-03
  -3.3956278e-01   1.9218253e-01  -4.5760405e-01  -3.3581267e-03   8.5290604e-03  -2.3989853e-03
  -3.3488780e-01   1.8923334e-01  -5.1003963e-01  -3.3258188e-03   8.4835040e-03  -2.6097928e-03
  -3.2771955e-01   2.1675292e-01  -4.8966070e-01  -3.8361618e-03   8.3142789e-03  -2.3392741e-03
  -3.2778979e-01   1.9270520e-01  -4.9155321e-01  -3.0681924e-03   8.2233941e-03  -2.2031274e-03
  -3.3960048e-01   1.8206915e-01  -4.8995163e-01  -3.9878865e-03   8.3432251e-03  -2.4491314e-03
  -3.3856664e-01   2.2215594e-01  -4.5265114e-01  -4.8403649e-03   8.4805120e-03  -2.2646363e-03
  -3.4173188e-01   2.0833632e-01  -4.4540022e-01  -4.2333659e-03   8.5568201e-03  -2.3173936e-03
  -3.3231308e-01   1.7581608e-01  -4.6509937e-01  -3.8209035e-03   8.5297482e-03  -2.2547565e-03
  -3.3601691e-01   2.1682967e-01  -4.3170547e-01  -4.2059086e-03   8.6635703e-03  -2.2616623e-03
  -3.4706366e-01   1.7332694e-01  -4.0833051e-01  -3.4531165e-03   8.7609952e-03  -2.0055974e-03
  -3.3174267e-01   1.8566195e-01  -3.8678706e-01  -3.9648636e-03   8.6196433e-03  -1.8619185e-03
  -3.0820694e-01   1.9740976e-01  -4.0989564e-01  -3.9511572e-03   8.2025451e-03  -1.6133818e-03
  -3.0468512e-01   1.6719692e-01  -3.9185124e-01  -4.5571129e-03   8.2661012e-03  -1.7300820e-03
  -2.9493254e-01   1.7142240e-01  -4.2052895e-01  -4.0710414e-03   8.3594331e-03  -1.7080550e-03
  -2.9514878e-01   2.3446476e-01  -4.1534039e-01  -6.2199705e-03   8.3475626e-03  -1.4431882e-03
  -3.1563067e-01   7.5260487e-02  -3.9947998e-01  -2.7938826e-03   8.3943846e-03  -1.3176633e-03
  -3.3601473e-01   1.6682137e-01  -3.6842547e-01  -4.2134423e-03   8.8651466e-03  -3.1104619e-03
  -3.3986300e-01   1.8947428e-01  -3.7130915e-01  -3.8676660e-03   9.0305633e-03  -3.0424750e-03
  -3.2982155e-01   1.5533546e-01  -3.3518452e-01  -4.0321027e-03   8.9656238e-03  -2.7686369e-03
  -3.1739051e-01   1.3744318e-01  -3.7100285e-01  -3.5885057e-03   8.8957008e-03  -2.8756781e-03
  -3.2388244e-01   1.8590926e-01  -3.4636229e-01  -4.4167949e-03   8.9919585e-03  -2.7148463e-03
  -3.3877625e-01   1.2557536e-01  -3.8298729e-01  -4.9454629e-03   9.0137502e-03  -3.1579221e-03
