   0.0000000e+00   0.0000000e+00   0.0000000e+00   0.0000000e+00   0.0000000e+00   0.0000000e+00
  -8.3927928e-03   2.8984772e-02   3.2996908e-01  -2.1120933e-03   1.7885158e-03  -8.8292387e-04
  -1.1310543e-01   4.0942617e-02   6.8085692e-01  -3.4130029e-03   5.2726878e-03  -1.8791132e-03
  -1.3050736e-01   1.5279816e-01   7.0848981e-01  -5.3634067e-03   5.6837944e-03  -1.9037315e-03
  -1.4799878e-01   1.2991114e-02   6.7038822e-01  -4.9488052e-03   5.8801918e-03  -2.7957238e-03
  -1.4692953e-01   8.5524763e-02   7.9100983e-01  -5.4680691e-03   5.6178303e-03  -3.0136068e-03
  -1.5952720e-01   8.9272020e-02   7.5850299e-01  -6.1150775e-03   5.8221395e-03  -3.3045488e-03
  -1.6042290e-01   1.0417212e-01   7.5846674e-01  -6.5573683e-03   5.7865775e-03  -3.2108690e-03
   4.9492774e-02  -3.8795025e-01   6.5146684e-01   2.1693795e-02  -4.1400682e-03  -2.1758981e-04
   8.0344379e-02  -8.7312802e-01  -2.1536546e-01   4.7244623e-02  -9.1474392e-03  -2.7298058e-04
  -7.9749327e-03  -8.6666705e-01  -5.2551606e-02   5.0192963e-02  -5.3115628e-03   6.8939268e-05
  -6.2282849e-03  -6.3776438e-01   1.8766973e-01   4.1731126e-02  -4.2041401e-03   6.2924482e-04
  -4.5400473e-04  -5.7541272e-01   1.0968872e-01   3.8398406e-02  -4.0848876e-03   1.9947563e-03
   2.2340230e-03  -4.9091975e-01   1.3276651e-01   3.7002894e-02  -3.7417937e-03   2.2530886e-03
   4.0328857e-02  -5.2609916e-01   7.2325595e-02   3.8258458e-02  -3.8316608e-03   2.0448497e-03
   2.6080088e-02  -6.3672083e-01   9.1999970e-02   4.0681839e-02  -4.4843629e-03   2.2330484e-03
   2.2578194e-02  -5.8776172e-01   5.6254081e-02   4.0098780e-02  -4.2068177e-03   1.7029202e-03
   4.1362210e-02  -6.4408149e-01   7.1231750e-02   3.9844317e-02  -4.4535225e-03   2.5781052e-03
   1.6253369e-01  -7.6588176e-01   1.7670034e-01   4.0834006e-02  -1.0469025e-02   2.3598141e-03
   4.4507105e-01  -1.9057256e+00   1.3488623e-01   8.1237954e-02  -2.5733850e-02   1.6443663e-04
   2.5145233e-01  -1.0635306e+00  -7.4747478e-01   3.7700667e-02  -1.7138148e-02   3.4716063e-03
  -8.4360231e-03  -1.2468953e-01  -2.3988807e-01  -2.0659373e-02   2.5273263e-03   2.6341013e-03
  -1.8470750e-02   4.0166747e-03  -1.9275328e-01  -2.0348777e-02   2.4048612e-03   1.7938338e-03
  -2.8003131e-02   6.5512953e-02  -1.8504973e-01  -1.9480588e-02   2.0012888e-03   1.8403645e-03
  -3.3477780e-02   1.1536901e-01  -1.6256675e-01  -1.9924802e-02   2.0912061e-03   1.4297467e-03
  -3.2466427e-02   1.5847762e-01  -1.4832359e-01  -1.9615963e-02   2.0922050e-03   1.2439019e-03
  -3.1929495e-02   1.3326535e-01  -1.0502718e-01  -1.8823413e-02   1.8828716e-03   1.3506287e-03
  -3.1291862e-02   1.3241498e-01  -3.6082514e-02  -1.8741435e-02   1.9616343e-03   1.6232840e-03
  -2.0683843e-02   1.9410790e-01  -1.0224610e-01  -1.9670731e-02   2.0287631e-03   1.7710255e-03
  -3.2113458e-02   5.8957854e-02  -6.8301036e-02  -1.8746863e-02   2.4618620e-03   1.2630594e-03
  -3.6899475e-02   8.7844082e-02  -6.0448774e-02  -1.8247809e-02   2.4519769e-03   9.3251235e-04
  -4.2103875e-02   1.5061880e-01  -6.0191348e-02  -1.8510379e-02   2.5742401e-03   8.5738636e-04
  -3.9636240e-02   1.4837564e-01  -8.1843256e-02  -1.9039421e-02   2.5631224e-03   4.9053030e-04
  -3.4097276e-02   1.5054875e-01  -7.4274755e-02  -1.8628038e-02   2.3693436e-03   2.9114659e-04
  -3.4595853e-02   1.6346219e-01  -4.8824767e-02  -1.7686203e-02   2.4926033e-03   2.3963869e-04
  -3.4876428e-02   1.1145515e-01  -3.8964960e-02  -1.7116193e-02   2.5800889e-03   2.6779576e-05
   4.2380207e-03   1.6850685e-01  -2.0538601e-02  -1.7700553e-02   1.9408085e-03   5.5043948e-04
  -9.0799899e-03   1.4188407e-01  -8.4867067e-02  -1.8074884e-02   2.2881009e-03   1.2893108e-04
   1.3637108e-02   1.7187459e-01  -2.1919644e-02  -1.8216160e-02   2.2876728e-03   5.3055255e-04
   1.4294185e-02   1.3816524e-01  -5.7533417e-02  -1.8232535e-02   2.6464565e-03   3.7692478e-04
   3.2682777e-02   1.7306279e-01  -3.4045307e-02  -1.8674572e-02   2.6336890e-03   8.1036250e-04
   1.1340552e-02   1.2071099e-01  -6.8146888e-02  -1.8322928e-02   2.6870900e-03   4.2981744e-04
   2.3130003e-02   1.8585464e-01  -1.0307278e-02  -1.9687304e-02   2.8063842e-03   4.2014188e-04
  -2.3166996e-03   8.7524630e-02  -3.3362567e-02  -1.8145932e-02   2.8324293e-03   3.5599377e-04
  -1.1981562e-02   1.3028507e-01  -2.3929790e-02  -1.6561550e-02   2.8996570e-03   2.5409964e-04
  -2.3134551e-02   1.4119795e-01   7.0484894e-03  -1.7108441e-02   2.9948436e-03  -2.2180358e-05
  -2.4458360e-02   1.0872303e-01   1.3633890e-02  -1.7255466e-02   3.0907873e-03  -7.1552749e-05
  -2.5885501e-02   1.7083403e-01   3.1462036e-02  -1.7593990e-02   3.1172735e-03  -1.4100890e-05
  -1.8086202e-02   1.2034182e-01   2.2463470e-02  -1.7293427e-02   3.1710380e-03  -1.5889674e-04
  -2.9133467e-02   1.1697776e-01   6.5792112e-02  -1.7303006e-02   3.3005595e-03  -1.9623550e-04
  -4.4283207e-02   1.4700050e-01   7.8903748e-02  -1.7542218e-02   3.3238068e-03  -1.3655848e-04
  -3.3573583e-02   2.0839786e-01   7.8588538e-02  -1.8866282e-02   3.2426407e-03   2.7470306e-05
  -4.0590714e-02   1.1525504e-01   5.3775867e-02  -1.8892622e-02   3.5999869e-03  -1.2506999e-04
  -2.5524215e-02   1.7404539e-01  -2.7914962e-02  -1.8786546e-02   3.4446057e-03  -3.2947143e-04
  -3.1265493e-02   1.9647059e-01   1.0497566e-02  -1.9366916e-02   3.5653369e-03  -2.4282132e-04
  -4.8831763e-02   1.5208516e-01   2.0652261e-02  -1.8474243e-02   3.6640760e-03  -2.2294390e-04
  -3.4915929e-02   1.6157522e-01  -1.4556437e-02  -1.8337497e-02   3.5435759e-03  -3.3927644e-04
  -3.0631349e-02   2.0224089e-01  -1.7908286e-02  -1.8735254e-02   3.3721073e-03  -1.3445092e-04
  -4.8707553e-02   1.5761216e-01  -2.3875438e-02  -1.7808964e-02   3.6795546e-03  -5.5703944e-04
  -2.2099279e-02   1.8234912e-01  -5.8574863e-02  -1.9333032e-02   3.4958128e-03  -2.0045692e-04
  -5.8512849e-03   1.8008419e-01  -7.1769319e-02  -1.8886029e-02   3.6699042e-03   1.8013635e-04
   5.6691757e-02   2.1795525e-01  -2.7697870e-01  -2.0208515e-02   2.2270009e-03   1.9954139e-03
   7.2500076e-02  -3.7418069e-01  -3.5758402e-01  -3.0276762e-03  -4.0029275e-03   6.9839316e-03
   2.6060534e-01  -1.4286150e+00   4.2839241e-01   5.5053204e-02  -1.8422921e-02   1.7672729e-02
   7.6779598e-01  -2.6025698e+00   2.2350233e-01   7.8171139e-02  -2.7500325e-02   8.7568609e-03
   2.5799642e-01  -9.6113742e-01  -2.0104056e-01   4.4316173e-02  -1.6909067e-02   5.9943767e-03
  -1.0452220e-02  -4.4465733e-01   5.4991369e-01   6.1097943e-03  -1.3276371e-03   6.4998910e-03
   1.2293033e-02  -3.1520682e-01   5.5219067e-01   3.7085129e-03  -3.4673620e-03   9.7463525e-03
   1.1979554e-01  -1.5587174e-01   5.0040027e-01   1.7947981e-03  -3.6981564e-03   8.3634317e-03
   9.2377254e-02  -1.9100743e-01   4.7569254e-01   7.5727655e-06  -2.8811053e-03   6.2579471e-03
  -2.6328176e-02  -2.5383720e-01   4.5875819e-01   4.0810509e-04  -1.1938027e-03   4.4479678e-03
  -5.0045952e-02  -2.0732442e-01   5.0160501e-01  -3.8346461e-04  -1.4538391e-03   3.9475427e-03
  -4.7493133e-02  -1.9337862e-01   5.1522448e-01  -1.0178858e-03  -9.6864325e-04   3.8752782e-03
  -7.1786932e-02  -2.3264935e-01   4.7532724e-01  -2.6358532e-03  -7.7833321e-04   4.4100357e-03
  -7.0787711e-02  -2.6267442e-01   4.1096484e-01  -6.7374574e-03  -8.7578083e-04   5.1649057e-03
  -9.5698035e-02  -3.1213050e-01   4.2030316e-01  -2.2128721e-03   2.5344481e-04   4.5495397e-03
  -8.8802271e-02  -3.1357931e-01   4.6932807e-01  -4.1852984e-03   2.6035153e-04   3.9494846e-03
  -7.8337075e-02  -3.9252189e-01   4.8902156e-01   1.7248590e-04  -5.8994976e-04   4.0205242e-03
  -3.4143627e-02  -2.7726261e-01   4.2185725e-01   7.2471038e-04  -1.5313228e-03   7.1480615e-03
  -3.4865051e-02  -2.5714629e-01   4.4937257e-01   8.4006416e-04  -1.4789673e-03   6.5906819e-03
  -4.1523094e-02  -3.2681101e-01   4.9654335e-01   2.0167641e-03  -1.7944759e-03   6.4437669e-03
  -4.8956246e-02  -3.3529730e-01   4.3371151e-01   3.5003132e-03  -1.6214612e-03   6.1926558e-03
  -4.4171168e-02  -3.0139684e-01   4.8743958e-01   5.0966554e-03  -2.0196421e-03   6.0956300e-03
  -2.9951268e-02  -3.6356312e-01   4.0208617e-01   5.9580507e-03  -2.5901582e-03   6.7767309e-03
   1.5462443e-02  -3.1808522e-01   4.5052925e-01   7.2241864e-03  -3.4494847e-03   7.9211066e-03
  -7.9038533e-03  -3.1491458e-01   4.1464901e-01   8.4303593e-03  -3.5426612e-03   7.3928652e-03
  -1.2957358e-02  -2.8751585e-01   4.1808932e-01   7.7572916e-03  -4.0527724e-03   7.1884637e-03
  -2.0937523e-02  -3.1644449e-01   4.2086919e-01   7.8358403e-03  -4.1991124e-03   7.2609186e-03
   1.0167247e-02  -1.7346518e-01   4.4238974e-01   4.6295569e-03  -4.7343798e-03   6.4342035e-03
   1.5985524e-02  -1.2221227e-01   4.8415192e-01  -9.5459897e-05  -4.0958739e-03   5.4401880e-03
  -9.2493924e-03  -1.9752358e-01   5.5201068e-01   4.1093756e-03  -4.2497871e-03   5.8494785e-03
  -4.4875374e-02  -8.1523709e-02   5.2003215e-01   1.5921937e-03  -3.8636813e-03   4.4777656e-03
  -6.0564381e-02  -4.0323201e-02   4.5784325e-01   2.0356793e-03  -3.6083913e-03   5.1822022e-03
   1.1797586e-02  -3.1156647e-02   5.2290290e-01   7.8623806e-04  -7.2705832e-03   2.6923716e-03
   1.6718958e-02  -2.1977079e-02   2.5004661e-01  -6.4843827e-04  -1.4371297e-02  -3.6018450e-03
  -5.8403352e-02  -2.6554976e-02   2.1108339e-01   3.6460800e-04  -1.2319938e-02   3.0624727e-03
  -3.6506877e-02  -5.1814288e-02   3.3555194e-01   1.9622295e-04  -1.0884512e-02   5.3665479e-03
  -2.4760098e-02  -8.1660004e-02   5.3861912e-01   7.7301563e-04  -6.9062127e-03   5.3007246e-03
  -4.4862178e-02  -9.5892957e-02   2.4058516e-01   1.7530600e-03  -6.2008034e-03   5.6280284e-03
   1.4447915e-02   1.5442495e-02   1.4128896e-01   2.1274742e-03  -6.8014856e-03   6.4566109e-03
  -2.1501671e-02  -1.2374044e-01   1.5008120e-01   8.3390593e-04  -6.0625285e-03   4.7194564e-03
  -3.6555350e-02  -1.1907506e-01   1.6906987e-01   2.1500544e-03  -6.0639838e-03   4.5148867e-03
  -5.2743563e-02  -9.7479801e-02   1.8427043e-01   1.7579788e-03  -6.1521317e-03   4.3313345e-03
  -7.1947938e-02  -1.1067317e-01   2.1374832e-01   1.6666991e-03  -5.5910711e-03   3.2863241e-03
  -6.7919374e-02  -7.5236053e-02   2.6892824e-01   1.2327314e-03  -5.5024229e-03   3.6947279e-03
  -5.9822404e-02  -3.3195051e-02   2.7903518e-01   6.4393623e-04  -4.7866059e-03   3.8595940e-03
  -6.3092384e-02  -7.3149772e-02   2.9191741e-01   1.0044686e-03  -4.3756272e-03   3.2642601e-03
  -6.2807883e-02  -4.7044526e-02   2.9752104e-01   1.1332747e-03  -4.3169033e-03   3.5417377e-03
  -6.8798069e-02  -2.9807917e-02   3.1247736e-01  -4.6162396e-04  -4.0130754e-03   3.3619092e-03
  -7.4153871e-02   3.4933227e-02   3.5411931e-01  -7.7932535e-04  -3.8976219e-03   3.8995711e-03
  -6.4776111e-02  -2.0630888e-02   2.8037435e-01  -1.5384744e-03  -4.0159047e-03   3.7864701e-03
  -4.3176192e-02  -1.0453281e-02   2.5815801e-01  -3.1037950e-03  -4.3855660e-03   4.2805145e-03
  -6.4567055e-02   1.2999618e-01   2.7914856e-01  -5.5037896e-03  -3.8653255e-03   3.9213115e-03
  -6.6370899e-02  -1.8298989e-02   2.6807836e-01  -5.6833630e-03  -3.6860509e-03   4.0402666e-03
  -7.1553065e-02   9.0036844e-02   2.1311330e-01  -9.0134407e-03  -2.3859604e-03   3.7240898e-03
  -7.6558169e-02   1.0341512e-01   2.3062667e-01  -9.4780539e-03  -2.8417793e-03   4.6191089e-03
  -5.7827514e-02   5.6316283e-02   1.9615740e-01  -1.0976722e-02  -3.9034949e-03   3.8898190e-03
  -8.2883020e-02   1.8824054e-01   1.7390589e-01  -1.2691166e-02  -2.3655172e-03   2.3653756e-03
  -9.1423294e-02   1.9355819e-01   2.0785153e-01  -1.4235852e-02  -2.0601787e-03   2.4678615e-03
  -9.3827190e-02   1.3639228e-01   1.8792391e-01  -1.4052392e-02  -1.9085429e-03   2.3557925e-03
  -9.9517065e-02   2.1849062e-01   1.9770317e-01  -1.4722999e-02  -1.6405670e-03   1.9755165e-03
  -1.0754646e-01   1.3634734e-01   2.2381542e-01  -1.3717209e-02  -1.3440713e-03   1.8841186e-03
  -1.1321649e-01   1.1019274e-01   2.2584672e-01  -1.2770745e-02  -9.7964376e-04   1.7121030e-03
  -1.1279112e-01   1.1317874e-01   2.5524931e-01  -1.3189291e-02  -1.2867539e-03   1.5065545e-03
  -1.2036294e-01   1.2486406e-01   2.6944104e-01  -1.3994709e-02  -1.2194042e-03   1.1751511e-03
  -1.0443971e-01   1.2254084e-01   2.4733230e-01  -1.3699776e-02  -1.4233503e-03   1.5709457e-03
  -1.1133831e-01   1.6538478e-01   2.6983930e-01  -1.5364214e-02  -1.0068548e-03   1.5372440e-03
  -1.3217306e-01   9.2305017e-02   2.6550482e-01  -1.4387485e-02  -9.6241032e-04   1.0885154e-03
  -1.3674220e-01   9.4549371e-02   2.5306328e-01  -1.2120137e-02  -9.1086125e-04   1.2359193e-03
  -1.5261852e-01   1.5877303e-01   2.4725617e-01  -1.4042119e-02  -4.9458476e-04   1.1989388e-03
  -1.4949139e-01   6.4960971e-02   2.2136627e-01  -1.3966153e-02  -7.0456209e-04   1.3240820e-03
  -1.5182454e-01   1.7842708e-01   2.5839604e-01  -1.3992708e-02  -5.1428594e-04   9.3055683e-04
  -1.5749998e-01   1.5606291e-01   2.7613220e-01  -1.4065634e-02  -3.6201548e-04   1.0721789e-03
  -1.5730405e-01   1.1036111e-01   2.5671847e-01  -1.3978330e-02  -4.0266859e-04   1.0821756e-03
  -1.4082044e-01   1.9442653e-01   2.6227366e-01  -1.4593373e-02  -3.3793607e-04   1.2976409e-03
  -1.4927915e-01   1.5289053e-01   2.4989455e-01  -1.4212875e-02  -3.7717608e-04   1.4228999e-03
  -1.5838170e-01   1.1890988e-01   2.2626679e-01  -1.3218784e-02  -7.5299008e-05   1.1930578e-03
  -1.4400930e-01   2.1080862e-01   3.7734277e-01  -1.2379765e-02   1.5668993e-04   5.6189628e-04
  -1.5679988e-01   1.1367254e-01   5.1007659e-01  -1.0786610e-02  -3.2150277e-03  -6.5520402e-04
  -1.6469575e-01   1.2459277e-01   6.2886094e-01  -9.0086047e-03  -1.5532107e-04  -1.9820109e-04
  -2.0485970e-01   8.5161411e-02   6.3752860e-01  -8.9050997e-03  -3.2272563e-06  -4.3165886e-04
  -2.0630592e-01   1.3527754e-01   6.4897568e-01  -9.9910943e-03   1.2073731e-04  -4.6143591e-04
  -2.1892260e-01   1.1779828e-01   6.8565690e-01  -1.0068038e-02   1.4155137e-04  -6.3040750e-04
  -2.1042796e-01   9.4860037e-02   6.8720895e-01  -9.8607012e-03   2.4543642e-04  -6.1611205e-04
  -2.0132011e-01   9.0965568e-02   6.0261206e-01  -9.5018406e-03   2.1911137e-05  -5.5531217e-04
  -2.2604768e-01   1.0861251e-01   5.7372692e-01  -1.0876204e-02   1.1756526e-04  -5.5666168e-04
  -2.3871251e-01   9.3024458e-02   5.9423735e-01  -1.0565760e-02   3.5040994e-04  -5.8154554e-04
  -2.4768657e-01   1.5328368e-01   6.1112637e-01  -1.1543805e-02   4.9022870e-04  -7.4768035e-04
  -2.4871100e-01   1.0565574e-01   6.3542971e-01  -1.0525793e-02   6.3561072e-04  -9.4703118e-04
  -2.4172258e-01   1.2222702e-01   6.3749191e-01  -1.0699905e-02   7.4470843e-04  -1.0047476e-03
  -2.2412781e-01   1.2961345e-01   6.1048162e-01  -1.0304726e-02   4.3919177e-04  -9.6880988e-04
  -2.3525138e-01   1.0499397e-01   6.2750614e-01  -1.0968412e-02   1.0154872e-03  -1.1907609e-03
  -2.4243050e-01   1.7285634e-01   6.0909842e-01  -1.2191549e-02   1.3217229e-03  -1.1607317e-03
  -2.3746721e-01   1.4638051e-01   5.9604548e-01  -1.1955346e-02   1.3432853e-03  -1.1621867e-03
  -2.2874735e-01   1.3460264e-01   5.5577400e-01  -1.1120870e-02   1.4170301e-03  -1.3592573e-03
  -2.2261996e-01   2.2351662e-01   5.1593887e-01  -1.5355438e-02   1.7321523e-03  -1.3660899e-03
  -1.9960249e-01   1.5097614e-01   4.6823312e-01  -1.5688433e-02   1.6657290e-03  -3.6708317e-04
  -2.1145465e-01   1.3652019e-01   5.0036982e-01  -1.4033335e-02   1.9958694e-03  -6.6169929e-04
  -2.1516074e-01   1.9153358e-01   5.8798478e-01  -1.4365349e-02   2.1257687e-03  -7.6853454e-04
  -2.2440433e-01   1.2608730e-01   6.1342207e-01  -1.1684735e-02   2.0715062e-03  -5.1414031e-04
  -2.2524257e-01   1.5584700e-01   6.1139277e-01  -1.3549232e-02   2.1729163e-03  -7.0096142e-04
  -2.3750411e-01   1.3895936e-01   6.5175670e-01  -1.2951160e-02   2.0485008e-03  -6.4248547e-04
  -2.3783020e-01   1.1215655e-01   6.8504395e-01  -1.2087456e-02   2.0888412e-03  -8.4481151e-04
  -2.4143433e-01   1.3018003e-01   6.9909114e-01  -1.2350934e-02   2.2154381e-03  -5.9161968e-04
  -2.4819917e-01   1.4136305e-01   7.2905986e-01  -1.2503806e-02   2.2170205e-03  -1.4741148e-04
  -2.4704874e-01   1.3520689e-01   7.2402096e-01  -1.2502309e-02   2.2323263e-03  -4.6014190e-04
  -2.4760859e-01   1.1622841e-01   7.2946247e-01  -1.1744034e-02   2.2945880e-03  -7.4876057e-04
  -2.5519023e-01   1.2736696e-01   7.2570107e-01  -1.1857459e-02   2.3612946e-03  -8.1978357e-04
  -2.5605263e-01   1.0626977e-01   7.2278482e-01  -1.1535790e-02   2.2573547e-03  -6.5490655e-04
  -2.5741482e-01   8.5968498e-02   7.0246369e-01  -1.1245811e-02   2.4490301e-03  -7.2707299e-04
  -2.6514307e-01   1.3395778e-01   7.2962964e-01  -1.2365176e-02   2.5974130e-03  -3.7961373e-04
  -2.6925748e-01   1.2764931e-01   7.0587421e-01  -1.2507074e-02   2.7039748e-03  -6.9667632e-04
  -2.6991569e-01   1.3480124e-01   7.0129776e-01  -1.1879123e-02   2.7263478e-03  -6.6745530e-04
  -2.6411134e-01   1.4645849e-01   7.4193868e-01  -1.1787683e-02   2.4691845e-03  -7.4203009e-04
  -2.6254399e-01   9.6912297e-02   7.9598378e-01  -1.0347442e-02   2.6231915e-03  -1.1437445e-03
  -2.5457727e-01   1.3305178e-01   7.9982206e-01  -1.0868210e-02   2.5205458e-03  -8.1064602e-04
  -2.5683264e-01   1.0952719e-01   7.4475119e-01  -1.1338148e-02   2.5673764e-03  -7.6083306e-04
  -2.5125951e-01   6.1678652e-02   7.2375427e-01  -9.1521110e-03   2.2505414e-03  -6.5108863e-04
  -2.4322510e-01   1.1204767e-01   7.0964370e-01  -9.5060604e-03   2.1637980e-03  -8.3821571e-04
  -2.5261966e-01   1.0479369e-01   7.5535294e-01  -1.0340288e-02   2.4216256e-03  -1.1442784e-03
  -2.6130003e-01   1.0118712e-01   7.4903636e-01  -1.0265201e-02   2.3779670e-03  -8.9209376e-04
  -2.5996642e-01   8.5733248e-02   6.2427545e-01  -1.0014230e-02   2.0451835e-03  -9.8096945e-04
  -2.7835637e-01   1.3078300e-01   7.1859971e-01  -1.0651032e-02   2.5098971e-03  -1.2026049e-03
  -2.8863708e-01   1.3442242e-01   7.1760924e-01  -1.0942826e-02   2.5519149e-03  -1.3836906e-03
  -2.7807094e-01   1.0673329e-01   6.7477293e-01  -1.0147620e-02   2.3139462e-03  -1.3315719e-03
  -8.3816847e-01   8.3744248e-01   2.0310300e-01   8.3711724e-03  -5.1136300e-03  -2.0423876e-04
  -1.7851616e-01   4.5415734e-01   5.3347965e-01   6.5159435e-03  -1.0758037e-02  -3.9856198e-03
  -2.3747666e-02   6.0637399e-01   1.4899674e+00   1.0584355e-02  -1.3615900e-02  -3.4149756e-03
