   0.0000000e+00   0.0000000e+00   0.0000000e+00   0.0000000e+00   0.0000000e+00   0.0000000e+00
  -1.1859329e-02   1.7682611e-02   2.0055620e-02  -2.9383435e-04   2.3269901e-04  -1.5728130e-04
  -3.9210858e-03   2.7767915e-02   2.3231881e-02   1.2512556e-04   9.1015471e-05  -3.6607620e-04
  -2.5805044e-02   9.5129475e-03   7.2125154e-02   8.1840816e-04   4.2839214e-04  -7.1793679e-05
  -2.9390301e-02  -2.0147304e-02   6.1675502e-02   1.1111141e-03   5.4910769e-04  -2.7308786e-04
  -2.1350867e-02   1.1644377e-03   5.5143365e-02   1.2941218e-03   5.0234838e-04  -2.8163994e-04
  -2.3329241e-02   1.7150933e-02   7.3878204e-02   1.1219849e-03   2.9090775e-04  -2.5426101e-04
  -1.7091581e-02   3.5833588e-02   3.9632205e-02   4.7581430e-04   4.4378145e-04  -4.3501615e-04
  -9.2668857e-03  -1.9039147e-02   3.2252755e-02   1.9310575e-03   2.8727089e-04  -2.1328169e-04
  -8.6251467e-03   6.3743044e-03  -1.0292984e-02   1.4811606e-03   4.1789541e-04   9.6912422e-06
   1.2633028e-02   2.3404517e-02   1.9263352e-02   1.5978311e-03   1.1130291e-04   8.3909519e-04
   5.3653970e-02   2.4031391e-02   6.3851189e-02   1.0712474e-03  -1.6707989e-03   7.4587141e-04
  -1.5945643e-01  -1.6974452e-01  -7.0696207e-01   4.8338617e-03   8.8072012e-04  -3.5368496e-03
  -3.3417212e-02  -5.4304741e-02  -4.4906742e-01  -1.8259205e-03   1.3248766e-03   7.4379924e-04
  -2.3359584e-02   3.7105039e-02  -3.5341947e-01  -2.0436797e-03   1.3318119e-03   5.7035400e-04
  -2.4938312e-02  -3.4172089e-01  -2.4786316e-01   3.5034804e-03  -8.2428738e-05   1.9693551e-02
   4.2111651e-02  -3.6995718e-01  -3.2043382e-01  -6.2863121e-03  -3.6735226e-03   4.7666821e-02
  -5.3167307e-02   1.5188760e-02   8.2610974e-01  -1.8959701e-03  -1.7362681e-03   4.0012446e-02
  -5.9549514e-02   1.2227310e-01   1.0508817e+00  -5.6424193e-03  -2.0778396e-03   3.6920823e-02
  -7.4272752e-02   1.1486073e-01   1.1149483e+00  -6.6848127e-03  -9.7890547e-04   3.6129680e-02
  -5.9646129e-02   1.2196138e-01   1.0699209e+00  -8.0705431e-03  -7.0653375e-04   3.6282761e-02
  -2.7752987e-02   1.7147487e-01   9.6828493e-01  -1.1328138e-02  -7.2317981e-04   3.6063883e-02
   2.0947943e-02   2.2638404e-01   7.4623873e-01  -1.0583192e-02  -1.2005551e-03   3.3598450e-02
  -5.3858530e-02  -1.8021897e-01   6.4314577e-01  -8.1456576e-03  -3.7838721e-03   2.9451325e-02
  -7.6546238e-02   3.0935190e-01   6.3693568e-01  -1.3247220e-01  -3.1590996e-02   8.3985059e-03
   1.0079143e-01  -6.1327618e-01  -7.2331991e-01  -1.1418616e-02  -2.0806415e-02   2.3151621e-02
   1.3434935e-02  -2.0777167e-01  -7.5841472e-01   9.3459107e-03  -1.7485405e-02   3.0072755e-02
   1.6876521e-02  -3.3966147e-02  -8.2463281e-01  -2.9728656e-03  -1.1698609e-02   3.0826928e-02
   4.2174726e-02   1.3755686e-01  -7.5592299e-01  -1.0786709e-02  -9.5096037e-03   3.1772021e-02
   6.8035424e-02   3.4346026e-01  -8.0553920e-01  -2.6728963e-02  -7.1558278e-03   3.1830903e-02
   5.6918003e-02   3.4795246e-01  -6.7171729e-01  -2.7953714e-02  -6.2178565e-03   3.0817345e-02
   6.9550141e-02   3.6308684e-01  -6.7367885e-01  -2.5897303e-02  -6.5165010e-03   3.0142271e-02
   5.0762137e-02   3.3457448e-01  -6.4002185e-01  -2.6410459e-02  -6.0111532e-03   2.9343754e-02
   3.5541928e-02   3.4547605e-01  -6.2910816e-01  -2.7180572e-02  -5.3277818e-03   2.8777064e-02
   2.8403461e-02   4.5594796e-01  -6.0710204e-01  -2.7503909e-02  -5.3583933e-03   2.8652876e-02
   5.0367046e-02   4.7991704e-01  -5.8021330e-01  -2.7859536e-02  -5.1536349e-03   2.8379869e-02
   6.7535796e-02   4.6143900e-01  -6.3169781e-01  -2.8566408e-02  -5.3460152e-03   2.8341995e-02
   5.6897317e-02   4.8610773e-01  -6.8814840e-01  -2.7552214e-02  -5.1333800e-03   2.8211856e-02
   6.1161208e-02   4.7739012e-01  -6.2503320e-01  -2.7169585e-02  -5.2483371e-03   2.8775223e-02
   4.2415626e-02   4.2393778e-01  -6.2368884e-01  -2.7166143e-02  -5.1756566e-03   2.8572452e-02
   4.2434653e-02   5.3177735e-01  -5.5340682e-01  -2.6888623e-02  -5.0684054e-03   2.8421233e-02
   3.4421252e-02   3.9348901e-01  -5.7237362e-01  -2.5533460e-02  -4.9104745e-03   2.8203218e-02
   2.5819644e-02   5.0279636e-01  -5.2523670e-01  -2.6115565e-02  -4.7585551e-03   2.8395401e-02
   2.1785943e-02   4.6055631e-01  -5.1458695e-01  -2.5558626e-02  -4.6569068e-03   2.8295423e-02
   1.5642895e-02   5.2175384e-01  -4.8505945e-01  -2.6317923e-02  -4.6188241e-03   2.8163214e-02
   1.7919981e-02   4.8297054e-01  -4.6869476e-01  -2.5712416e-02  -4.6057713e-03   2.8083881e-02
   8.6725373e-03   4.4828001e-01  -4.1175676e-01  -2.4532776e-02  -4.4529775e-03   2.8134921e-02
   1.2768783e-02   4.1247015e-01  -4.2106311e-01  -2.2815210e-02  -4.3729818e-03   2.8078293e-02
   1.4411404e-02   4.6918686e-01  -4.6161638e-01  -2.3737802e-02  -4.4774651e-03   2.7579936e-02
   2.1781564e-02   3.9723772e-01  -4.6290566e-01  -2.4242524e-02  -4.6259945e-03   2.7878089e-02
   3.0680154e-02   4.4892736e-01  -4.5615073e-01  -2.4450942e-02  -4.5740075e-03   2.8322897e-02
   2.3884163e-02   4.6557456e-01  -4.2738091e-01  -2.4798761e-02  -4.4050552e-03   2.8413581e-02
   3.0102863e-02   3.8592396e-01  -4.4190792e-01  -2.4358127e-02  -4.4784401e-03   2.8686381e-02
   4.8565757e-02   5.3795638e-01  -4.7498563e-01  -2.6025540e-02  -5.1203215e-03   2.8133764e-02
   5.0827938e-02   5.1161370e-01  -5.5922032e-01  -2.8052153e-02  -4.7405349e-03   2.7800409e-02
   2.1150857e-01   3.8834517e-01  -6.7949365e-01  -2.0586607e-02  -9.1351401e-03   2.7527782e-02
   5.2105215e-01  -2.8896891e-01  -1.1818307e+00  -1.6136431e-03  -2.1679978e-02   2.1995119e-02
   8.4362258e-01  -1.4924837e+00  -6.7372315e-01   5.5469816e-02  -3.5983063e-02   2.5505169e-02
   6.7178832e-01  -6.4698744e-01  -6.3787423e-01   4.0447480e-02  -2.6014909e-02   2.6453344e-02
   1.7223221e-01  -1.9196402e-01  -4.5506540e-02   2.7243791e-03  -1.3220525e-02   3.5155218e-02
   1.9857163e-01  -1.6159197e-01  -3.4254320e-01   5.6186120e-04  -1.2529543e-02   3.3189237e-02
   2.0128066e-01  -6.4213514e-02  -4.2730160e-01  -3.6273937e-03  -1.2635210e-02   3.3383000e-02
   2.1249646e-01   6.4683847e-02  -3.1055310e-01  -6.7346610e-03  -1.3696989e-02   3.3214044e-02
   2.2176855e-01  -1.2528489e-01  -2.5888499e-01  -3.2874203e-04  -1.3773303e-02   3.4002556e-02
   1.9688845e-01   8.2674750e-02  -2.8576966e-01  -3.0198838e-03  -1.3055941e-02   3.2709424e-02
   2.3076896e-01   9.8351991e-02  -2.7657391e-01  -5.2286197e-03  -1.2712812e-02   3.2867242e-02
   2.7293625e-01   1.0131146e-01  -2.5869757e-01  -4.3834706e-03  -1.2036472e-02   3.2527000e-02
   2.5334470e-01   1.4960739e-01  -2.9046225e-01  -4.6295537e-03  -1.1686024e-02   3.2635122e-02
   2.3784093e-01   1.5717054e-01  -2.8123229e-01  -5.8308985e-03  -1.1429408e-02   3.2079779e-02
   2.2663834e-01   2.1931498e-01  -2.6465845e-01  -5.6213696e-03  -1.1841342e-02   3.2105225e-02
   2.3880732e-01   2.5260631e-01  -3.0545691e-01  -7.1011090e-03  -1.2654721e-02   3.1080619e-02
   2.4258289e-01   2.5913401e-01  -2.3676430e-01  -7.2086514e-03  -1.3424936e-02   3.1502483e-02
   2.4237590e-01   2.0013341e-01  -3.4245882e-01  -7.0019295e-03  -1.3307751e-02   3.1048428e-02
   2.2978163e-01   2.8015946e-01  -2.9189079e-01  -6.5680634e-03  -1.3089714e-02   3.1135882e-02
   2.3480724e-01   2.5293415e-01  -3.2854682e-01  -6.2612643e-03  -1.3090313e-02   3.0912040e-02
   2.1642622e-01   1.8894093e-01  -3.0878635e-01  -4.4766411e-03  -1.2934211e-02   3.0728726e-02
   1.9960109e-01   3.0967872e-01  -2.8838173e-01  -5.2867867e-03  -1.2717124e-02   3.0935443e-02
   1.9297721e-01   2.3337566e-01  -2.7982130e-01  -5.0648740e-03  -1.2286262e-02   3.0028548e-02
   1.8811173e-01   2.6794034e-01  -2.5335594e-01  -4.3910330e-03  -1.2551825e-02   3.0007215e-02
   2.1722781e-01   2.8895065e-01  -1.8512105e-01  -6.0541928e-03  -1.3103311e-02   3.0674507e-02
   5.1136835e-02  -4.1889750e-01  -8.8363060e-02   5.0133961e-02  -1.1540200e-02   1.6472967e-02
   1.2569415e-01  -5.1475849e-01  -1.9509043e-01   4.6980246e-02  -1.2798982e-02   2.0191600e-02
   1.8239880e-01  -4.4414224e-01  -2.3552441e-01   4.1263290e-02  -1.1673066e-02   2.2185153e-02
   1.8253496e-01  -1.7443977e-01  -2.6850410e-01   3.4146411e-02  -1.0631908e-02   2.2449784e-02
   1.5906174e-01  -2.6104310e-01  -2.6959855e-01   3.3671915e-02  -1.0566493e-02   2.2079031e-02
   1.3668107e-01  -2.9147565e-01  -2.6607727e-01   3.3088327e-02  -1.1412016e-02   2.1184036e-02
   2.1863741e-01  -2.6129612e-01  -3.3875123e-01   2.6828651e-02  -1.5948526e-02   1.7303945e-02
   3.5694687e-01  -7.3167952e-01  -3.6556114e-01   3.7581547e-02  -2.2822105e-02   1.7935315e-02
   2.5640730e-01  -6.5475827e-01  -7.0459916e-01   4.1243324e-02  -2.0766311e-02   2.3675015e-02
   3.6099259e-02   1.5216505e-01  -5.3225116e-01  -1.6898957e-02  -6.4266608e-03   2.4739467e-02
   1.8766160e-02   3.3614810e-01  -4.0854286e-01  -1.6717322e-02  -5.5154794e-03   2.5110264e-02
   4.8190166e-02   2.9118205e-01  -4.2650985e-01  -1.6370099e-02  -6.2748277e-03   2.5105973e-02
   1.0005126e-01   3.9062019e-01  -4.4977792e-01  -1.5199989e-02  -8.0260637e-03   2.3981959e-02
   6.1250719e-01   4.7499680e-01  -6.1251286e-01  -1.2668404e-02  -1.3838991e-02   2.1068463e-02
   2.1407740e-01   4.5779795e-01  -4.1667245e-01  -1.5797656e-02  -7.2767928e-03   2.4106564e-02
   1.8456413e-01   5.0451728e-01  -3.8128876e-01  -1.6179533e-02  -6.7039282e-03   2.3747090e-02
   1.5858200e-01   5.2269256e-01  -4.2889908e-01  -1.7639827e-02  -6.8567471e-03   2.2839771e-02
   1.5163033e-01   5.8247554e-01  -4.4576640e-01  -1.9011432e-02  -6.8318827e-03   2.2554240e-02
   1.4469155e-01   5.7377182e-01  -4.5487435e-01  -1.9448742e-02  -6.8482268e-03   2.2224999e-02
   1.6749263e-01   6.6147643e-01  -4.1531742e-01  -1.9763525e-02  -7.2807116e-03   2.2368822e-02
   1.5796193e-01   6.3180391e-01  -4.4027904e-01  -1.8914132e-02  -7.3739095e-03   2.2344219e-02
   1.6329768e-01   6.0156146e-01  -3.8558670e-01  -1.8034393e-02  -7.4476120e-03   2.2157669e-02
   1.5832844e-01   5.3851432e-01  -4.6020115e-01  -1.6572882e-02  -7.4836139e-03   2.2203437e-02
   1.8647822e-01   6.8246558e-01  -4.2332128e-01  -1.7671314e-02  -7.6400419e-03   2.2619833e-02
   1.6406700e-01   5.3207062e-01  -4.4742753e-01  -1.6830626e-02  -7.3790108e-03   2.2738223e-02
   1.9212657e-01   5.7940952e-01  -4.7908343e-01  -1.6407437e-02  -7.9562771e-03   2.2928803e-02
   2.1715650e-01   6.6794990e-01  -4.6010046e-01  -1.7557618e-02  -8.0811854e-03   2.3966284e-02
   1.8306529e-01   5.1951409e-01  -5.0128405e-01  -1.6702880e-02  -7.5647853e-03   2.3276931e-02
   1.5223174e-01   5.3361942e-01  -4.7939578e-01  -1.6285146e-02  -7.0985207e-03   2.3236714e-02
   1.4961491e-01   5.7406532e-01  -4.6085523e-01  -1.6087147e-02  -7.0837836e-03   2.2758674e-02
   1.9756039e-01   5.6067632e-01  -5.0924075e-01  -1.7227578e-02  -7.4245100e-03   2.3241155e-02
   2.0458279e-01   5.7035951e-01  -4.9137082e-01  -1.6316316e-02  -7.5410573e-03   2.3355951e-02
   2.1543132e-01   5.9030858e-01  -5.1203074e-01  -1.7981512e-02  -7.7770274e-03   2.2856012e-02
   2.1923359e-01   4.5894588e-01  -4.7681227e-01  -1.7641817e-02  -8.0270794e-03   2.2522134e-02
   2.1427445e-01   6.2035193e-01  -4.9741296e-01  -2.2187699e-02  -7.7020526e-03   2.2256162e-02
   2.1401104e-01   5.6129935e-01  -5.0849684e-01  -2.3128197e-02  -7.5190783e-03   2.1060470e-02
   1.9080066e-01   6.5917168e-01  -5.1391783e-01  -2.6174921e-02  -7.2306645e-03   1.8755536e-02
   2.0050318e-01   6.1482690e-01  -5.2298137e-01  -2.6216356e-02  -7.3366964e-03   1.8159853e-02
   2.5523917e-01   5.2936754e-01  -4.8583081e-01  -2.4275050e-02  -8.2220709e-03   2.0928765e-02
   2.2583880e-01   5.0607999e-01  -5.0381753e-01  -2.2737929e-02  -8.2069574e-03   2.1331132e-02
   1.9896770e-01   4.8087090e-01  -5.0362605e-01  -2.2251944e-02  -8.2960368e-03   2.1227274e-02
   2.0887016e-01   4.1043225e-01  -5.1348572e-01  -2.1876188e-02  -8.6343840e-03   2.1209645e-02
   2.1360924e-01   4.5247945e-01  -5.0463963e-01  -2.2019119e-02  -8.5676792e-03   2.1128569e-02
   2.1270557e-01   6.1017597e-01  -5.0933831e-01  -2.3576776e-02  -8.4815591e-03   2.1651024e-02
   2.2875444e-01   4.7078565e-01  -5.4267482e-01  -2.4804851e-02  -8.3296333e-03   2.1149415e-02
   2.2139060e-01   6.4688202e-01  -5.1772890e-01  -2.5970484e-02  -8.7601031e-03   2.0247381e-02
   2.1755833e-01   5.3921359e-01  -5.1443267e-01  -2.5664726e-02  -9.5207120e-03   1.8363894e-02
   2.4603656e-01   5.3540252e-01  -5.1563243e-01  -2.1922020e-02  -1.0428379e-02   1.8680748e-02
   2.5524344e-01   5.7223867e-01  -5.3068282e-01  -2.3165444e-02  -1.1191905e-02   1.9073789e-02
   2.5468203e-01   5.8529627e-01  -5.4982831e-01  -2.4744179e-02  -1.1205147e-02   1.8410472e-02
   2.2938813e-01   6.3863765e-01  -4.9376716e-01  -2.3695293e-02  -1.0012189e-02   1.9075627e-02
   2.3295936e-01   5.0581150e-01  -5.4859619e-01  -2.0470659e-02  -9.7121055e-03   2.1013347e-02
   2.0903988e-01   5.5867300e-01  -5.5671362e-01  -2.1747612e-02  -9.0193334e-03   1.9674774e-02
   2.1953084e-01   6.2476344e-01  -5.2490372e-01  -2.3159548e-02  -9.2093483e-03   2.0587268e-02
   2.2864462e-01   5.1984772e-01  -5.2579078e-01  -2.2022345e-02  -9.8041128e-03   2.0298587e-02
   2.2687063e-01   5.6516241e-01  -4.7397511e-01  -2.2307181e-02  -9.5404412e-03   2.0495456e-02
   2.0825318e-01   5.4255910e-01  -4.4522639e-01  -2.1363440e-02  -9.5860790e-03   1.9712885e-02
   1.9948755e-01   5.5567902e-01  -3.9317823e-01  -2.1647705e-02  -9.3577613e-03   1.9931689e-02
   1.8045221e-01   4.9102882e-01  -3.4416645e-01  -2.0051674e-02  -9.4385006e-03   1.9805503e-02
   1.7189311e-01   5.3222031e-01  -3.0307693e-01  -2.0056927e-02  -9.5387558e-03   1.9656297e-02
   1.8006441e-01   5.0032753e-01  -3.0290007e-01  -2.0271276e-02  -9.8523124e-03   1.9439797e-02
   1.7615659e-01   5.0850457e-01  -3.0865586e-01  -2.0554128e-02  -9.7583736e-03   1.9452572e-02
   1.8639318e-01   5.4754640e-01  -3.1912822e-01  -2.0971865e-02  -9.8470236e-03   1.9250463e-02
   1.8457501e-01   5.5413584e-01  -2.9852164e-01  -2.1514942e-02  -1.0068632e-02   1.9171197e-02
   1.9891464e-01   5.0769833e-01  -3.1465780e-01  -2.0972459e-02  -1.0336709e-02   1.9309056e-02
   2.1076840e-01   5.3469093e-01  -3.2101210e-01  -2.0685711e-02  -1.0055842e-02   2.0249288e-02
   2.1040938e-01   5.5090933e-01  -2.8675322e-01  -2.1212346e-02  -1.0300286e-02   2.0609822e-02
   1.9823614e-01   5.0912826e-01  -3.0988167e-01  -2.0484563e-02  -1.0418859e-02   2.0317600e-02
   1.9000438e-01   4.6074656e-01  -3.5703865e-01  -1.9433184e-02  -1.0332684e-02   2.0176114e-02
   1.9038845e-01   5.3305834e-01  -3.4403349e-01  -1.9409198e-02  -1.0188494e-02   2.0406169e-02
   2.5791191e-01   5.3839538e-01  -2.1602039e-01  -1.9069483e-02  -9.3170694e-03   2.1671009e-02
   2.1493044e-01   4.5166604e-01  -1.3166004e-01  -1.7140103e-02  -8.5475966e-03   2.2097393e-02
   1.8634789e-01   4.8894912e-01  -1.8040888e-01  -1.6330035e-02  -8.3040790e-03   2.1934267e-02
   1.8459290e-01   4.9661695e-01  -1.7377839e-01  -1.6833280e-02  -8.7253535e-03   2.1831897e-02
   1.6798462e-01   4.0006578e-01  -1.7015431e-01  -1.6424140e-02  -8.9066176e-03   2.1542659e-02
   1.7139701e-01   4.7794494e-01  -1.3467351e-01  -1.6327481e-02  -8.9077964e-03   2.1926036e-02
   1.5673839e-01   4.5161412e-01  -9.0856497e-02  -1.6009337e-02  -8.6859450e-03   2.2138905e-02
   1.3735138e-01   3.8349292e-01  -6.7818132e-02  -1.4981329e-02  -8.6014722e-03   2.2045556e-02
   1.2051785e-01   4.3520823e-01  -3.3848422e-02  -1.5069076e-02  -8.2604290e-03   2.2454811e-02
   1.1342961e-01   4.2600163e-01  -4.7198245e-02  -1.5420236e-02  -8.2377122e-03   2.2322033e-02
   1.1192040e-01   3.8797440e-01  -4.8556222e-02  -1.4931069e-02  -8.0500568e-03   2.2118843e-02
   1.3624102e-01   4.9050781e-01  -7.5624918e-02  -1.6853480e-02  -8.2624464e-03   2.2014634e-02
   1.2582923e-01   4.6177128e-01  -7.6930864e-02  -1.6684216e-02  -8.3754703e-03   2.2180810e-02
   1.2316807e-01   4.5147617e-01  -1.4123059e-01  -1.5960408e-02  -8.0561223e-03   2.2256953e-02
   1.2668524e-01   4.6225270e-01  -1.3088783e-01  -1.5857155e-02  -7.9849609e-03   2.2142541e-02
   1.2569516e-01   4.5413031e-01  -1.3525911e-01  -1.6476243e-02  -8.0473357e-03   2.2184301e-02
   1.2792171e-01   4.5045724e-01  -1.2975536e-01  -1.6261491e-02  -8.1756527e-03   2.2102555e-02
   3.0241948e-01   4.3901060e-01  -8.1929999e-02  -1.4126518e-02  -1.1486342e-02   2.2781540e-02
   7.9305114e-01   3.7172303e-01  -5.6947525e-01  -1.2757239e-02  -1.6052644e-02   1.8324380e-02
   4.4277455e-01   4.1377567e-01  -3.5312793e-01  -1.4265819e-02  -1.1512082e-02   2.3710859e-02
   3.7582334e-01   4.0637947e-01  -3.2798066e-01  -1.3845940e-02  -1.1241581e-02   2.3140959e-02
   3.3740512e-01   4.5757247e-01  -4.1684551e-01  -1.5393141e-02  -1.0800959e-02   2.2441183e-02
   2.9190518e-01   4.1434132e-01  -3.1297339e-01  -1.6469765e-02  -9.4967998e-03   2.2062732e-02
   3.0210892e-01   4.4695528e-01  -2.7348117e-01  -1.5785467e-02  -9.6501482e-03   2.2292588e-02
   2.8871144e-01   4.7774432e-01  -2.4789367e-01  -1.6350547e-02  -9.5132081e-03   2.2083422e-02
   2.8878174e-01   4.2690978e-01  -2.4867382e-01  -1.5911847e-02  -9.6821915e-03   2.1900802e-02
   2.8183427e-01   5.0315922e-01  -2.5346299e-01  -1.7069936e-02  -9.3181021e-03   2.1776939e-02
   2.6709245e-01   4.7346310e-01  -2.2993197e-01  -1.7084538e-02  -9.2074312e-03   2.1777366e-02
   2.5898659e-01   4.7001006e-01  -2.4984989e-01  -1.6690788e-02  -9.0848113e-03   2.1706221e-02
   2.6033430e-01   5.0601794e-01  -2.4670868e-01  -1.7539696e-02  -9.0616636e-03   2.1854271e-02
   2.5601259e-01   4.6205002e-01  -2.5477784e-01  -1.7287405e-02  -8.9899973e-03   2.1890249e-02
   2.6407218e-01   4.8970077e-01  -2.6716912e-01  -1.7116438e-02  -8.9805343e-03   2.1864894e-02
   2.6342937e-01   4.8158166e-01  -2.5386796e-01  -1.6626493e-02  -8.9633270e-03   2.1719007e-02
   2.5684901e-01   4.1801723e-01  -2.2756307e-01  -1.5743319e-02  -8.8612055e-03   2.1737898e-02
   2.4689933e-01   4.8427962e-01  -2.3067303e-01  -1.6377191e-02  -8.5520803e-03   2.1540190e-02
   2.4647183e-01   4.1775109e-01  -2.3246565e-01  -1.5964526e-02  -8.7424913e-03   2.1373730e-02
   2.4016712e-01   4.9945985e-01  -2.1996255e-01  -1.6845899e-02  -8.6937538e-03   2.1307521e-02
   2.4400858e-01   4.9181877e-01  -2.2783365e-01  -1.5593712e-02  -8.8452852e-03   2.1763788e-02
