   0.0000000e+00   0.0000000e+00   0.0000000e+00   0.0000000e+00   0.0000000e+00   0.0000000e+00
   9.4113639e-03   6.1224127e-03   3.5471414e-02  -7.9602986e-05  -1.8881134e-04   4.2427110e-05
   4.3156218e-03  -2.0441737e-02   4.1353201e-02   4.5045562e-04  -3.7151774e-05   1.4366694e-04
   1.1950803e-02  -8.6907872e-03   4.2392624e-02   6.5784865e-04  -2.2246230e-04  -4.9051013e-05
   1.4842700e-02   2.0950100e-02   4.3930741e-02   2.3605371e-05  -4.9085260e-04  -5.6449240e-06
   1.0508126e-02   2.4243588e-02   3.9334128e-02  -2.7853794e-04  -5.5259453e-04  -1.2520638e-04
   8.4874456e-03   7.7206646e-02   4.3316881e-02  -9.6678890e-04  -5.5798159e-04  -3.6241389e-04
   2.1454116e-02   4.6350565e-02   7.8721328e-02  -5.0773785e-04  -9.9562282e-04  -3.7698517e-04
   1.4661831e-02   6.5268331e-02   7.0930829e-02  -9.2913077e-04  -9.0136976e-04  -1.7142512e-04
   1.4794171e-02   1.1924007e-01   8.3654572e-02  -1.8041373e-03  -9.3376348e-04  -2.4118578e-04
   3.5957222e-02   1.0115919e-01   8.5369609e-02  -9.0915524e-04  -1.6090406e-03  -2.0126249e-04
   3.1355414e-02   1.0889484e-01   6.4232571e-02  -2.2502800e-03  -1.5026287e-03  -3.8011946e-04
   5.1131161e-02   1.6550527e-01  -3.1428540e-02  -2.7965865e-03  -1.9140777e-03  -8.8000710e-04
   2.3356508e-02  -1.0094294e-01  -2.5191154e-01   1.0490070e-04  -2.4206044e-03  -1.6744022e-03
   1.0011235e-01  -3.8643077e-01  -6.1939243e-01   2.1382312e-03  -4.7329948e-03  -3.2173167e-03
   7.3992416e-02  -3.2419154e-01  -4.6813827e-01   3.8502973e-03  -5.0176426e-03  -2.7293277e-03
   5.7024199e-02  -3.0494558e-01  -4.5341590e-01   3.8802252e-03  -4.7175740e-03  -2.6424540e-03
   5.5233835e-02  -2.7849730e-01  -3.5852897e-01   3.7002650e-03  -4.4336238e-03  -2.6261244e-03
   4.7989289e-02  -2.9610786e-01  -3.3153200e-01   3.4381626e-03  -4.4399232e-03  -2.5096933e-03
   4.1347826e-02  -2.3154348e-01  -3.2239184e-01   2.1364834e-03  -4.2064431e-03  -2.4469442e-03
   4.6677834e-02  -2.8434819e-01  -2.9516455e-01   2.8298686e-03  -4.4223998e-03  -2.4947564e-03
   5.5873365e-02  -2.5420769e-01  -3.0260258e-01   2.3024001e-03  -4.7155531e-03  -2.6046419e-03
   6.6429974e-02  -2.1160403e-01  -3.0757097e-01   1.6538603e-03  -4.8205441e-03  -2.8061669e-03
   7.2270186e-02  -2.4868026e-01  -2.8711923e-01   1.9432970e-03  -4.8224640e-03  -2.7019766e-03
   7.2569206e-02  -1.9990398e-01  -3.0848662e-01   1.4745286e-03  -4.9331465e-03  -2.8433825e-03
   6.9176208e-02  -2.0490375e-01  -3.1557495e-01   1.3351596e-03  -5.0244627e-03  -2.9498938e-03
   7.2486419e-02  -1.7196315e-01  -3.5306024e-01   8.7836261e-04  -5.1636761e-03  -3.0521507e-03
   7.3504091e-02  -2.9030681e-01  -5.8037727e-01   1.8240910e-03  -5.4422016e-03  -3.3724878e-03
   8.0186605e-02  -3.0333339e-01  -6.3042532e-01   1.4881960e-03  -5.8507877e-03  -3.7430536e-03
   8.6507245e-02  -3.1172502e-01  -6.6305058e-01   1.2760589e-03  -6.1362415e-03  -4.0455203e-03
   8.1749886e-02  -2.9937264e-01  -6.5102291e-01   1.3238514e-03  -6.2477782e-03  -4.0782461e-03
   8.6392599e-02  -2.4681003e-01  -4.9474418e-01   2.2214007e-03  -6.1998772e-03  -3.8710018e-03
   9.2936312e-02  -2.7636243e-01  -4.2380234e-01   2.9658773e-03  -6.0876559e-03  -3.8202209e-03
   6.5329134e-02  -2.7099656e-01  -4.6827537e-01   3.0324409e-03  -5.7776707e-03  -3.7092868e-03
   8.5204939e-02  -2.7897266e-01  -4.6251604e-01   3.1569852e-03  -6.1308674e-03  -3.6566509e-03
   7.8454466e-02  -2.5220983e-01  -4.3591981e-01   3.1420675e-03  -6.2504080e-03  -3.9065075e-03
   7.4247059e-02  -2.3709706e-01  -4.4207529e-01   2.9199864e-03  -6.1788541e-03  -3.9998825e-03
   7.6860371e-02  -2.4119045e-01  -4.0709223e-01   2.0881331e-03  -6.2982661e-03  -4.0141773e-03
   8.0488029e-02  -2.4137285e-01  -4.0265160e-01   2.2627878e-03  -6.3631888e-03  -4.0374560e-03
   1.0116952e-01  -1.5061625e-01  -3.8755532e-01   7.2493802e-04  -6.6412882e-03  -3.9015863e-03
   1.2398015e-01  -1.1148020e-01  -3.6484719e-01  -6.1054985e-04  -6.9897427e-03  -3.7340810e-03
   1.1627948e-01  -1.0106757e-01  -3.5931240e-01  -2.7655649e-04  -6.9692716e-03  -3.7389926e-03
   1.0779789e-01  -4.5656653e-02  -3.9074836e-01  -1.3609006e-03  -6.9197747e-03  -4.1462317e-03
   1.2564934e-01  -9.5336822e-02  -4.1020435e-01  -1.2002006e-03  -7.1527170e-03  -4.2803595e-03
   1.1246149e-01  -5.5991587e-02  -4.4236654e-01  -1.2256596e-03  -6.7120961e-03  -4.4767356e-03
   1.2197540e-01  -1.3558494e-01  -4.2792656e-01   4.5455844e-04  -7.0594706e-03  -4.3776410e-03
   1.0966098e-01  -2.2403009e-01  -5.9828389e-01   1.5705463e-04  -7.1628421e-03  -4.6917388e-03
   1.1182256e-01  -2.1043938e-01  -6.2307856e-01   1.1584072e-04  -7.3729617e-03  -4.9140403e-03
   1.0600418e-01  -2.7273006e-01  -7.3903703e-01   6.7160168e-04  -7.5460672e-03  -5.1882887e-03
   1.1422864e-01  -1.7684105e-01  -5.0075320e-01   5.3114119e-04  -7.6702597e-03  -4.9989045e-03
   1.1929933e-01  -1.4821547e-01  -3.7393528e-01   6.4006300e-04  -7.4847295e-03  -4.8990887e-03
   1.1940487e-01  -6.6129674e-02  -3.0640759e-01  -1.6667084e-04  -7.1618608e-03  -4.6585593e-03
   1.0670913e-01  -8.2761736e-02  -2.2266746e-01   1.4897974e-04  -6.8542179e-03  -4.1905246e-03
   1.1178938e-01  -5.5123264e-02  -2.1931590e-01  -1.5209778e-04  -6.9851681e-03  -4.2477857e-03
   1.2532867e-01  -1.5940909e-02  -2.2409536e-01  -9.2278033e-04  -7.3358988e-03  -4.5184383e-03
   1.2908817e-01  -3.1741214e-02  -2.2483339e-01  -1.0435812e-03  -7.5190118e-03  -4.6885882e-03
   1.1266556e-01  -4.2117621e-02  -2.6733668e-01  -8.1087898e-04  -7.2236954e-03  -4.4549448e-03
   1.2531993e-01  -1.4575323e-01  -6.4537843e-01   7.9305227e-04  -7.3332375e-03  -3.2649840e-03
   1.6440309e-01  -5.7622822e-02  -2.4175479e-01   4.5051334e-04  -8.4417100e-03  -3.8583508e-03
   1.9541345e-01  -1.1544935e-01  -2.0910354e-01   1.9374708e-03  -8.8955589e-03  -4.5461463e-03
   2.0988772e-01  -1.0862631e-01  -2.9257824e-01   1.5176161e-03  -9.1677786e-03  -4.7394582e-03
   2.0351249e-01  -1.0844972e-01  -2.7101972e-01   1.2642998e-03  -9.1503706e-03  -4.7677192e-03
   2.0763498e-01  -1.0158408e-01  -2.6074968e-01   1.1678351e-03  -9.2471839e-03  -4.8603203e-03
   2.0694304e-01  -7.2148498e-02  -2.7491155e-01   4.6452921e-04  -9.3614921e-03  -5.0218464e-03
   2.2075942e-01  -8.7643550e-02  -2.6496086e-01   2.7325627e-04  -9.7774655e-03  -5.1248804e-03
   2.1594788e-01  -9.8158299e-02  -2.8452081e-01   5.7639279e-04  -9.8863517e-03  -5.2255035e-03
   2.2310053e-01  -8.6810167e-02  -2.9420487e-01   9.1378977e-04  -1.0112679e-02  -5.3140626e-03
   2.2717746e-01  -7.8226225e-02  -2.9019455e-01   2.2486097e-04  -1.0231164e-02  -5.3838920e-03
   2.2745563e-01  -6.7136318e-02  -3.0048846e-01  -3.8674648e-05  -1.0362135e-02  -5.4330757e-03
   2.1921881e-01  -6.9723233e-02  -3.1416442e-01   1.0638818e-04  -1.0264886e-02  -5.4688450e-03
   2.1456061e-01  -5.5047209e-02  -3.1868171e-01   6.3838341e-05  -1.0126135e-02  -5.5390872e-03
   2.3804258e-01  -7.5327731e-02  -3.1705121e-01   3.7184294e-04  -1.0545196e-02  -5.3887512e-03
   2.3901638e-01  -6.6522807e-02  -3.1939125e-01   8.6884701e-05  -1.0426114e-02  -5.3236625e-03
   2.4086687e-01  -4.3600111e-02  -3.2896176e-01  -5.9720783e-04  -1.0424348e-02  -5.5076577e-03
   2.4447027e-01  -6.5752659e-02  -3.1646843e-01  -9.4290549e-05  -1.0487925e-02  -5.5093280e-03
   2.4986166e-01  -1.0218889e-01  -3.3296489e-01   5.4780519e-04  -1.0592544e-02  -5.4907926e-03
   2.4044606e-01  -3.2353914e-02  -3.2098072e-01  -3.7339490e-04  -1.0440914e-02  -5.5971874e-03
   2.3747730e-01  -6.3404440e-02  -2.9994416e-01  -5.8101307e-04  -1.0435452e-02  -5.3844809e-03
   2.3462208e-01  -6.0128280e-02  -2.9573920e-01  -8.4841872e-04  -1.0294387e-02  -5.3630089e-03
   2.4298662e-01  -4.1775762e-02  -2.9701843e-01  -4.9102874e-04  -1.0627514e-02  -5.6022238e-03
   2.9145275e-01  -6.8772388e-02  -3.3207515e-01  -8.4792140e-04  -1.1517801e-02  -5.6686565e-03
   2.8422703e-01  -5.9275672e-02  -3.4954387e-01  -8.5711892e-04  -1.1313546e-02  -5.5422804e-03
   2.7299351e-01  -1.5673621e-02  -3.6416335e-01  -1.2641576e-03  -1.1298468e-02  -5.8140176e-03
   2.7164377e-01  -7.5034395e-02  -3.7058170e-01  -8.8249658e-04  -1.1349353e-02  -5.7790562e-03
   2.6074001e-01  -1.9072168e-02  -4.0260787e-01  -2.0573511e-03  -1.1099796e-02  -5.8577969e-03
   2.6007709e-01  -2.0624052e-02  -3.7307506e-01  -2.3698487e-03  -1.1153692e-02  -5.9249514e-03
   2.5664365e-01  -2.8589769e-02  -3.8508352e-01  -2.3733853e-03  -1.1089371e-02  -5.7675570e-03
   2.6050316e-01  -3.0733009e-02  -3.8518326e-01  -1.6784728e-03  -1.1186331e-02  -5.8313609e-03
   2.6999557e-01  -4.0087644e-02  -3.7859926e-01  -1.5298468e-03  -1.1390279e-02  -5.6826171e-03
   2.6794076e-01  -3.2790773e-02  -3.7349268e-01  -1.8967049e-03  -1.1340016e-02  -5.6442275e-03
   2.6293938e-01  -4.1393894e-03  -3.7940953e-01  -2.5693951e-03  -1.1306949e-02  -5.8186720e-03
   2.6948279e-01   4.5320154e-03  -3.6801435e-01  -3.1906086e-03  -1.1582117e-02  -5.9276328e-03
   2.5830273e-01  -8.6633402e-03  -3.6542362e-01  -2.8867986e-03  -1.1426569e-02  -5.9536778e-03
   2.5544338e-01   1.2695145e-02  -3.6041767e-01  -2.6542183e-03  -1.1510590e-02  -6.1037989e-03
   2.5609555e-01   6.6628460e-02  -3.4075889e-01  -4.7666911e-03  -1.1707424e-02  -6.3160270e-03
   2.6158499e-01   1.0482243e-01  -3.2863122e-01  -5.5643701e-03  -1.1691492e-02  -6.3390527e-03
   2.7200343e-01   7.2534207e-02  -3.2699452e-01  -4.9640859e-03  -1.1826962e-02  -6.3960700e-03
   2.6092221e-01   7.8691132e-02  -3.4620820e-01  -5.5313399e-03  -1.1689234e-02  -6.6259354e-03
   2.5182546e-01   1.0776634e-01  -3.5723944e-01  -5.6457046e-03  -1.1477119e-02  -6.5969016e-03
   2.5835068e-01   6.8551463e-02  -3.5979799e-01  -4.7565640e-03  -1.1666584e-02  -6.6357770e-03
   2.5129848e-01   9.7114891e-02  -3.7513498e-01  -5.5005573e-03  -1.1567284e-02  -6.8690339e-03
   2.3558401e-01   1.1046266e-01  -3.7372367e-01  -5.7359309e-03  -1.1379153e-02  -7.0672252e-03
   2.3924728e-01   1.0013382e-01  -3.7870555e-01  -5.5767547e-03  -1.1537797e-02  -6.9252441e-03
   2.3432471e-01   8.4581818e-02  -3.8680253e-01  -5.6548012e-03  -1.1441656e-02  -6.9881932e-03
   2.2868390e-01   9.4678927e-02  -3.8541688e-01  -5.7674552e-03  -1.1463695e-02  -7.0868562e-03
   2.2824626e-01   1.1475614e-01  -3.8470954e-01  -5.9976655e-03  -1.1624502e-02  -7.2665660e-03
   2.1662299e-01   8.9904227e-02  -3.8430686e-01  -5.9118205e-03  -1.1566285e-02  -7.2281918e-03
   2.1688919e-01   1.0367438e-01  -3.9309903e-01  -5.8685029e-03  -1.1729051e-02  -7.3735557e-03
   2.0871017e-01  -6.5848176e-03  -5.6532534e-01  -4.6592541e-03  -1.1992752e-02  -7.6422534e-03
   2.1530221e-01  -5.6208021e-02  -6.3797395e-01  -4.4115447e-03  -1.2215919e-02  -7.8669062e-03
   2.3008435e-01  -1.0049401e-01  -7.5187806e-01  -4.6477020e-03  -1.2891239e-02  -8.2888223e-03
   2.6392272e-01  -8.3811061e-02  -7.6017055e-01  -4.7001353e-03  -1.4058551e-02  -9.0016811e-03
   2.3750472e-01  -1.1626346e-02  -5.1837785e-01  -4.6860512e-03  -1.2915490e-02  -8.5439234e-03
   2.4054927e-01  -1.8049194e-02  -4.4987008e-01  -3.6002642e-03  -1.2785920e-02  -8.2947494e-03
   2.3219639e-01   2.7690922e-02  -4.4040295e-01  -4.3967813e-03  -1.2791457e-02  -8.3733728e-03
   2.1854205e-01   2.6567741e-02  -4.1260035e-01  -4.3798863e-03  -1.2548379e-02  -8.3564226e-03
   2.3666718e-01  -1.4627194e-03  -4.2146080e-01  -4.2859203e-03  -1.2852054e-02  -8.3171211e-03
   1.9100643e-01   7.3083837e-02  -3.0845255e-01  -4.7897993e-03  -1.1399720e-02  -7.8234237e-03
   1.9592589e-01   1.2953146e-01  -2.1321657e-01  -5.2008195e-03  -1.1010229e-02  -7.6746451e-03
   2.3737159e-01   1.0582788e-01  -2.1613948e-01  -4.8628481e-03  -1.1804667e-02  -7.6502132e-03
   2.9215463e-01   5.7998771e-02  -2.5586332e-01  -4.2699487e-03  -1.3008880e-02  -7.7766669e-03
   2.8908077e-01   1.2948707e-01  -2.7384877e-01  -5.2175595e-03  -1.3043453e-02  -7.7718356e-03
   3.0303978e-01   1.2095222e-01  -2.9434018e-01  -5.4877399e-03  -1.3524224e-02  -8.0094198e-03
   2.9436941e-01   1.0961431e-01  -2.9112428e-01  -5.4268228e-03  -1.3407833e-02  -7.9269758e-03
   2.9888687e-01   1.1731285e-01  -2.8752862e-01  -4.9993059e-03  -1.3431652e-02  -7.8345418e-03
   3.0663049e-01   1.1993423e-01  -2.8988965e-01  -5.3282533e-03  -1.3628445e-02  -8.0068241e-03
   3.0491455e-01   1.2327090e-01  -2.9718568e-01  -5.7368181e-03  -1.3697678e-02  -8.0687651e-03
   3.0147840e-01   8.6571539e-02  -4.2774936e-01  -5.9804491e-03  -1.3834306e-02  -8.2461867e-03
   2.9872085e-01   3.2100430e-02  -4.5631859e-01  -4.9133818e-03  -1.4135722e-02  -8.2353477e-03
   2.8355040e-01   2.2941675e-02  -5.0051540e-01  -4.9956157e-03  -1.3761365e-02  -8.2555032e-03
   2.8415418e-01   5.4624604e-02  -5.1466012e-01  -5.8924862e-03  -1.3942122e-02  -8.4619043e-03
   3.3555716e-01  -2.2663396e-02  -5.6108532e-01  -4.0658224e-03  -1.5178907e-02  -8.5543202e-03
   3.2962051e-01  -5.1728349e-02  -5.5057814e-01  -4.1969812e-03  -1.5291866e-02  -8.6480434e-03
   3.0294684e-01   1.1234848e-02  -5.2328570e-01  -4.8568279e-03  -1.4638615e-02  -8.6881143e-03
   2.9370453e-01   3.4553575e-02  -4.4692131e-01  -4.6890181e-03  -1.4219888e-02  -8.4373362e-03
   2.9889247e-01   1.8784343e-02  -3.9357328e-01  -3.9462830e-03  -1.4455813e-02  -8.4447874e-03
   2.8760642e-01   6.4719445e-02  -3.9536416e-01  -4.8257397e-03  -1.4276424e-02  -8.5305340e-03
   2.8992387e-01   1.1293894e-01  -3.9738820e-01  -5.8732875e-03  -1.4357843e-02  -8.6470790e-03
   2.9314926e-01   9.1545638e-02  -3.9022389e-01  -5.7982705e-03  -1.4219332e-02  -8.5353597e-03
   2.7122029e-01   9.9032070e-02  -4.6203063e-01  -6.9279253e-03  -1.3446966e-02  -9.0232468e-03
   2.2435751e-01   5.6753640e-02  -5.3426226e-01  -5.3182104e-03  -1.1772787e-02  -9.6982773e-03
   2.4713474e-01   3.2882658e-03  -4.6374950e-01  -4.8826337e-03  -1.2531098e-02  -9.5041732e-03
   2.1619872e-01  -2.2322174e-02  -5.2853248e-01  -3.7977297e-03  -1.2104953e-02  -9.4054616e-03
   2.4390925e-01  -2.7834348e-02  -5.0953497e-01  -4.0381875e-03  -1.2446042e-02  -8.7774789e-03
   2.4985214e-01   5.9816731e-02  -3.1050481e-01  -4.6698808e-03  -1.2093012e-02  -7.9663528e-03
   2.5696271e-01   7.5873766e-02  -2.8233558e-01  -4.8568046e-03  -1.2084891e-02  -7.8702005e-03
   2.6930907e-01   1.2998176e-01  -2.8656685e-01  -5.5806114e-03  -1.2343746e-02  -8.1152896e-03
   2.7605232e-01   1.4304166e-01  -3.0126234e-01  -5.9135103e-03  -1.2603280e-02  -8.2589744e-03
   2.8707010e-01   1.2639913e-01  -3.1874052e-01  -6.0158700e-03  -1.2915805e-02  -8.3573756e-03
   2.8474948e-01   1.5907024e-01  -3.5791634e-01  -6.2371633e-03  -1.3073081e-02  -8.6046708e-03
   2.9052066e-01   1.2982849e-01  -3.3474783e-01  -5.6124378e-03  -1.3439000e-02  -8.7738086e-03
   3.0036497e-01   1.1192429e-01  -3.3387110e-01  -5.4881074e-03  -1.3708903e-02  -8.8884302e-03
   2.9618387e-01   1.3599690e-01  -3.4535169e-01  -5.9853430e-03  -1.3667690e-02  -8.7842463e-03
   2.9276903e-01   1.6075253e-01  -3.4623196e-01  -6.2451796e-03  -1.3461412e-02  -8.7358932e-03
   2.9930536e-01   1.5857202e-01  -3.4625281e-01  -6.3788852e-03  -1.3618950e-02  -8.7946290e-03
   3.0012638e-01   1.4991416e-01  -3.3550824e-01  -6.5575469e-03  -1.3525164e-02  -8.7292294e-03
   3.0018817e-01   1.7712348e-01  -3.3329988e-01  -6.8303102e-03  -1.3475794e-02  -8.7318282e-03
   2.9410020e-01   1.4387705e-01  -3.4014001e-01  -6.2644758e-03  -1.3347894e-02  -8.5306897e-03
   2.9227085e-01   1.7972012e-01  -2.9550431e-01  -6.8177605e-03  -1.3238569e-02  -8.5063141e-03
   2.8693139e-01   2.0197137e-01  -3.6473288e-01  -7.7415154e-03  -1.3242182e-02  -8.7269461e-03
   2.9306217e-01   1.7723189e-01  -3.5399930e-01  -7.6099214e-03  -1.3422199e-02  -8.8419110e-03
   2.6880774e-01   2.1754978e-01  -3.7458840e-01  -9.4145860e-03  -1.2854850e-02  -9.3914206e-03
   2.6592396e-01   2.7772669e-01  -3.6842665e-01  -1.0307003e-02  -1.2888293e-02  -9.3442913e-03
   2.7410787e-01   2.4586604e-01  -3.2551808e-01  -9.3132329e-03  -1.2973214e-02  -9.0371367e-03
   2.6698132e-01   2.7181585e-01  -2.6139225e-01  -8.7681746e-03  -1.2938569e-02  -8.7823044e-03
   2.6324005e-01   2.3723845e-01  -3.6047459e-01  -9.4776021e-03  -1.3319237e-02  -9.0712103e-03
   2.6421310e-01   1.6016697e-01  -4.3862047e-01  -8.9316806e-03  -1.3537894e-02  -9.3319799e-03
   2.5745177e-01   8.9223778e-02  -5.9963095e-01  -8.0921168e-03  -1.3631268e-02  -9.4367911e-03
   2.4473771e-01   7.7296438e-02  -5.4385976e-01  -6.9196420e-03  -1.3582307e-02  -9.2535013e-03
   2.4540272e-01   7.1985888e-02  -5.3107254e-01  -6.5307129e-03  -1.3761461e-02  -9.2833181e-03
   2.5051653e-01   1.8031168e-01  -3.4809704e-01  -7.0093911e-03  -1.3447282e-02  -9.2712496e-03
   2.4602989e-01   1.7076349e-01  -3.3978842e-01  -6.7600067e-03  -1.2835592e-02  -9.1255840e-03
   2.6411004e-01   1.4205997e-01  -2.9365963e-01  -4.8386454e-03  -1.2998790e-02  -8.5049846e-03
   2.6960260e-01   1.7280319e-01  -1.5623310e-01  -4.2260634e-03  -1.3147466e-02  -8.0904645e-03
   2.8954888e-01   1.8198303e-01  -1.0158707e-01  -4.0414692e-03  -1.3651159e-02  -8.2981381e-03
   2.9509250e-01   1.7141369e-01  -1.0497983e-01  -4.7962479e-03  -1.3820944e-02  -8.4524040e-03
   2.9776546e-01   1.9891805e-01  -1.2516716e-01  -5.3977193e-03  -1.3913570e-02  -8.7057869e-03
   2.9098207e-01   2.0869375e-01  -1.2835747e-01  -5.8048041e-03  -1.3907239e-02  -8.7405433e-03
   2.9817774e-01   1.6757208e-01  -1.6117991e-01  -5.4170887e-03  -1.4191639e-02  -8.6515070e-03
   3.0086138e-01   2.1264617e-01  -1.8278195e-01  -6.1561002e-03  -1.3876941e-02  -8.4930422e-03
   3.1673693e-01   1.9156518e-01  -2.3059417e-01  -5.9545368e-03  -1.3970255e-02  -8.7201499e-03
   3.3046075e-01   1.2639802e-01  -3.1251302e-01  -5.6830629e-03  -1.4220335e-02  -8.8357181e-03
   3.1605552e-01   2.1386689e-01  -2.7353850e-01  -7.1244223e-03  -1.3888045e-02  -8.7682652e-03
   3.0990830e-01   1.9529990e-01  -2.3955893e-01  -6.7092215e-03  -1.3913990e-02  -8.5902017e-03
   3.2675616e-01   7.0161931e-02  -3.5594253e-01  -4.8687502e-03  -1.4808587e-02  -8.6743364e-03
   2.8351008e-01   1.1930868e-01  -3.5896967e-01  -5.1342426e-03  -1.3879199e-02  -8.6650170e-03
   2.9228530e-01   3.8079706e-02  -5.2660938e-01  -5.1469004e-03  -1.4115815e-02  -8.8194955e-03
   2.7973709e-01  -4.0211190e-02  -6.5573896e-01  -3.3708569e-03  -1.4577017e-02  -1.0215070e-02
