   0.0000000e+00   0.0000000e+00   0.0000000e+00   0.0000000e+00   0.0000000e+00  -8.6736174e-19
   2.5629025e-02   1.4740525e-03   5.0280092e-01  -6.8427822e-04  -2.4557816e-03  -4.2245384e-04
   9.6005535e-02   3.4143391e-02   3.0888740e-01   2.1868045e-05  -2.5583003e-03   3.9293433e-04
   6.7590293e-02   3.6840740e-01   1.0429729e+00   8.7755392e-03   1.1316881e-03   3.9128398e-03
   7.3552905e-02   4.1094494e-01   1.1740037e+00   7.0345239e-03   3.1074423e-04   3.8375325e-03
   5.8196706e-02   3.9657639e-01   1.2302837e+00   7.2730874e-03   7.2208007e-04   4.2051974e-03
   4.0740538e-02   4.8534432e-01   1.2315671e+00   5.8159119e-03   1.0719179e-03   4.0764713e-03
  -1.6344494e-01   1.2484259e-01   5.1348156e-01   4.6732502e-03   2.3504184e-03   2.6217398e-04
  -2.0366247e-01   2.0802986e-01   6.4745470e-01   4.2394941e-03   3.9352527e-03  -1.5916495e-05
  -1.7531894e-01   3.3458769e-01   8.1393653e-01   3.6653432e-03   4.4368027e-03   8.0416890e-04
  -1.5124394e-01   3.8388023e-01   8.7017888e-01   3.8065034e-03   4.6526805e-03   1.3884833e-03
  -1.6709089e-01   3.7519590e-01   8.6893682e-01   4.1451301e-03   5.4001527e-03   1.7188279e-03
  -1.4218703e-01   3.9189756e-01   9.1417840e-01   3.7387535e-03   4.8736453e-03   1.9225623e-03
  -1.4378464e-01   4.3999098e-01   8.9641186e-01   3.7558701e-03   5.2946023e-03   2.1192576e-03
  -1.5226658e-01   4.0353103e-01   8.9103901e-01   4.1562043e-03   5.6899708e-03   2.1420730e-03
  -1.4116855e-01   3.9956451e-01   9.1938879e-01   4.0753954e-03   5.4396773e-03   2.3064963e-03
  -1.4061551e-01   4.4799262e-01   9.1522480e-01   3.9257648e-03   5.3856091e-03   2.3726758e-03
  -1.4608095e-01   4.4841939e-01   9.1093375e-01   3.5325288e-03   5.4286441e-03   2.3207535e-03
  -1.3528426e-01   3.9825798e-01   9.2096359e-01   4.1327234e-03   5.3745651e-03   2.4132605e-03
  -1.3451892e-01   4.5338008e-01   9.0605350e-01   4.0126426e-03   5.6824504e-03   2.5467921e-03
  -1.2955504e-01   4.4051041e-01   9.1866194e-01   3.6820913e-03   5.7830912e-03   2.7200702e-03
  -1.1576463e-01   4.4341509e-01   9.1281672e-01   3.3089965e-03   5.7362458e-03   3.0624673e-03
  -1.1218593e-01   4.2721326e-01   9.2356664e-01   3.7200967e-03   6.0159096e-03   3.3033046e-03
  -9.8165072e-02   4.3531344e-01   9.2311390e-01   3.3077120e-03   5.9430010e-03   3.2786401e-03
  -1.0058592e-01   4.4833518e-01   8.7817982e-01   3.3696276e-03   6.0489410e-03   3.1666911e-03
  -1.1564454e-01   4.1239850e-01   8.8630698e-01   4.6512437e-03   6.2312232e-03   3.0828070e-03
  -1.0993269e-01   4.0933211e-01   9.0892047e-01   5.1131997e-03   5.9429251e-03   3.2757310e-03
  -1.0804966e-01   4.3588850e-01   9.1349219e-01   4.6007192e-03   5.8753276e-03   3.3409410e-03
  -1.1627955e-01   4.5042986e-01   9.0811821e-01   3.8673939e-03   6.1453958e-03   3.4244726e-03
  -1.1278367e-01   4.3928013e-01   9.1671184e-01   4.1946319e-03   6.2287849e-03   3.4376513e-03
  -1.1041332e-01   4.3005747e-01   9.2572905e-01   4.5177924e-03   6.1953454e-03   3.4432276e-03
  -1.1521204e-01   4.2109442e-01   9.2042141e-01   4.3317057e-03   6.2773178e-03   3.4663936e-03
  -1.0628697e-01   4.1988821e-01   9.4660503e-01   4.2582366e-03   6.1258391e-03   3.5577075e-03
  -1.0440709e-01   4.6797369e-01   9.3179778e-01   3.3693095e-03   6.2357860e-03   3.5668692e-03
  -1.0869903e-01   4.9086991e-01   9.8499318e-01   2.5966187e-03   6.3912308e-03   3.7719555e-03
  -9.5998336e-02   4.6566310e-01   9.9398955e-01   3.8731907e-03   6.7217823e-03   4.5193441e-03
  -9.1600443e-02   5.1019360e-01   1.0237599e+00   4.2829263e-03   6.9417797e-03   5.3511174e-03
  -8.3257649e-02   4.8662782e-01   1.0013814e+00   4.4936802e-03   6.8759930e-03   5.4517211e-03
  -6.8630162e-02   4.8459975e-01   9.7717564e-01   4.2935704e-03   6.5352188e-03   5.2910407e-03
  -6.3934914e-02   5.2664727e-01   1.0942176e+00   4.9550711e-03   6.6574760e-03   5.3913800e-03
  -5.5845583e-02   6.4543686e-01   1.2563763e+00   3.7078855e-03   7.1182119e-03   5.6108765e-03
  -4.7043640e-02   6.6041754e-01   1.3236506e+00   3.1763814e-03   7.1789403e-03   6.0168629e-03
  -4.9521924e-02   6.8635712e-01   1.3361020e+00   2.6973195e-03   7.4207413e-03   6.2544436e-03
  -4.9610453e-02   7.5024930e-01   1.3447028e+00   2.0160578e-03   7.3639264e-03   6.2258550e-03
  -4.1802153e-02   7.0576202e-01   1.3729837e+00   2.7313037e-03   7.3353755e-03   6.2790881e-03
  -3.7335105e-02   7.2601281e-01   1.3704174e+00   2.2794589e-03   7.3287402e-03   6.2599216e-03
  -3.1388090e-02   7.8075532e-01   1.3587643e+00   1.6072000e-03   7.2017886e-03   6.1739324e-03
  -1.4481497e-02   7.4235194e-01   1.3759128e+00   1.7240078e-03   6.9127811e-03   6.2375058e-03
  -9.8408965e-03   7.3626880e-01   1.3823469e+00   2.2414186e-03   6.8754466e-03   6.2899979e-03
   3.5618172e-03   7.8182433e-01   1.3590405e+00   2.0164106e-03   6.9294187e-03   6.3713017e-03
   1.1902447e-02   7.8540656e-01   1.3798095e+00   1.1757849e-03   6.9388237e-03   6.4880839e-03
   2.6176956e-02   7.9465557e-01   1.3805398e+00   9.4210204e-04   6.7772380e-03   6.5922082e-03
   2.3248658e-02   8.5698066e-01   1.3753392e+00   6.1311996e-04   6.8978081e-03   6.6051951e-03
   1.6687694e-02   7.9788147e-01   1.3927945e+00   1.4463256e-03   6.6800944e-03   6.5949786e-03
   4.7341305e-03   8.0518371e-01   1.3874943e+00   1.3803574e-03   6.7674757e-03   6.5292258e-03
  -2.0513901e-03   8.6097357e-01   1.3774846e+00   9.0850943e-04   6.8413715e-03   6.4042633e-03
   3.8976388e-03   8.0932754e-01   1.3947877e+00   8.4617851e-04   6.8139328e-03   6.5051067e-03
   3.5609187e-03   8.3944284e-01   1.4050520e+00   7.8598985e-04   6.9339791e-03   6.5572810e-03
   1.2537091e-02   8.2965759e-01   1.4231499e+00   6.2575570e-04   6.7256227e-03   6.6217145e-03
   1.4070014e-02   8.3970741e-01   1.4264190e+00   2.1165499e-04   6.6999930e-03   6.5290499e-03
   1.0091204e-02   8.8701386e-01   1.4210922e+00  -6.8473234e-04   6.8361175e-03   6.5216494e-03
  -1.3950934e-02   8.3078011e-01   1.4301553e+00  -3.2008440e-05   7.3467194e-03   6.4634764e-03
  -1.2582233e-02   7.8348042e-01   1.3404013e+00   1.1774715e-03   7.3656687e-03   6.2827643e-03
   7.0685615e-03   8.3891648e-01   1.3631871e+00   2.6067984e-04   6.8043231e-03   5.9517765e-03
   2.1146099e-02   8.4365664e-01   1.3944759e+00   3.4072641e-04   6.4851124e-03   6.2674838e-03
   1.9649747e-02   7.3390486e-01   1.2781169e+00   1.5052511e-03   6.4776461e-03   6.1620851e-03
   1.1693210e-02   6.8897926e-01   1.1856748e+00   2.1269528e-03   6.5733867e-03   6.0401681e-03
   1.7786202e-02   6.8018713e-01   1.1396036e+00   1.6733797e-03   6.2787021e-03   5.8635802e-03
   1.3288429e-02   7.6721870e-01   1.2448656e+00   6.6938870e-04   6.2402512e-03   5.9967665e-03
   2.6787584e-02   8.7668698e-01   1.4060678e+00  -1.0984107e-03   5.9766684e-03   6.5455577e-03
   2.7016015e-02   9.1395893e-01   1.4169909e+00  -1.5695088e-03   6.1297497e-03   6.6045474e-03
   4.1920939e-02   8.8189413e-01   1.4308603e+00  -5.6783204e-04   6.0498949e-03   6.7264261e-03
   4.5377450e-02   9.1996117e-01   1.4277215e+00  -1.0554295e-03   6.1303312e-03   6.7132171e-03
   1.9676437e-02   9.2875696e-01   1.2608885e+00  -3.4543431e-03   6.2721524e-03   6.0379855e-03
   1.9833006e-02   8.9926217e-01   1.2421406e+00  -3.6698474e-03   6.5379500e-03   6.2482877e-03
   2.3366413e-02   9.0035185e-01   1.2491962e+00  -3.5422397e-03   6.5718285e-03   6.2613346e-03
   6.8032278e-03   9.1744040e-01   1.1893312e+00  -3.6024521e-03   6.9008177e-03   5.8867357e-03
   3.3118449e-02   8.5983817e-01   1.2050982e+00  -2.9924955e-03   6.1999880e-03   5.9357837e-03
   9.6618381e-03   8.1237630e-01   1.1034455e+00  -2.8883607e-03   6.5332125e-03   6.0206072e-03
   9.3691334e-03   8.4058231e-01   1.0489259e+00  -2.6726741e-03   6.6725386e-03   5.8454631e-03
   2.5577447e-02   7.3911128e-01   1.0138531e+00  -2.1790743e-03   6.3706094e-03   5.8988603e-03
   1.7943499e-02   6.9726398e-01   8.5373551e-01  -1.7080166e-03   6.2433774e-03   5.6300568e-03
   1.8876582e-02   7.4120037e-01   9.6500545e-01  -1.2980101e-03   6.3730569e-03   5.6697210e-03
   1.9803802e-02   7.4170908e-01   1.0119481e+00  -1.4740699e-03   6.4539126e-03   5.7335179e-03
   1.8490030e-02   7.9839328e-01   1.1182531e+00  -1.7324082e-03   6.7355432e-03   5.9525282e-03
   1.7905040e-02   8.5458190e-01   1.1276898e+00  -2.2636912e-03   6.6653604e-03   5.9235993e-03
   2.8575044e-02   8.2287718e-01   1.1682995e+00  -1.7376672e-03   6.5959800e-03   6.3318893e-03
   3.5412160e-02   7.6222342e-01   1.1662874e+00  -8.5515602e-04   6.4024942e-03   6.2820519e-03
   3.3724751e-02   8.7319281e-01   1.0795753e+00  -2.4326039e-03   6.4322125e-03   5.8711318e-03
   4.9056700e-02   7.6108641e-01   1.0714201e+00  -2.4610980e-03   5.9596210e-03   5.8074582e-03
   5.8966717e-02   7.9569150e-01   1.1095091e+00  -2.4620006e-03   5.6950299e-03   5.8527814e-03
   6.9054739e-02   7.9071113e-01   1.1199013e+00  -2.1804578e-03   5.2994823e-03   5.7724234e-03
   5.8148811e-02   7.9970689e-01   1.1250797e+00  -1.8523034e-03   5.6421802e-03   5.8547575e-03
   6.7997834e-02   8.1295860e-01   1.1333218e+00  -2.5537245e-03   5.3773171e-03   5.8590194e-03
   8.7090791e-02   7.9382208e-01   1.1438885e+00  -2.7583186e-03   4.8176903e-03   5.6012037e-03
   9.2292756e-02   8.1810343e-01   1.1212761e+00  -2.2074860e-03   4.5653727e-03   5.5858167e-03
   9.3899953e-02   7.9846798e-01   1.1227657e+00  -2.0372227e-03   4.3065874e-03   5.5221640e-03
   9.9837930e-02   7.0400212e-01   1.0324634e+00  -1.5718577e-03   3.8986134e-03   5.2951531e-03
   8.9210880e-02   6.8622468e-01   9.2535713e-01  -7.2344762e-04   3.8828192e-03   5.1416471e-03
   9.1339870e-02   6.4938893e-01   9.7704257e-01   1.1390065e-03   3.8465282e-03   5.1759473e-03
   9.0603461e-02   6.0071587e-01   9.5167690e-01   1.5273705e-03   3.8279214e-03   5.2152472e-03
   7.9202966e-02   6.5923806e-01   9.2503653e-01   4.6077320e-04   4.1378906e-03   5.1720972e-03
   9.4635199e-02   6.2975866e-01   9.0938178e-01   3.6476116e-04   3.8344874e-03   5.1467367e-03
   1.1715889e-01   7.1602795e-01   8.4105935e-01  -2.6595493e-03   3.4175028e-03   4.3193474e-03
   1.8015957e-01   7.6769636e-01   8.2977133e-01  -5.1530813e-03   2.0695406e-03   4.2512790e-03
   1.8656303e-01   7.1858962e-01   7.9414194e-01  -4.5761918e-03   1.6865410e-03   4.0338905e-03
   1.3399930e-01   7.3980184e-01   8.3952088e-01  -3.5297122e-03   2.7205323e-03   4.1467464e-03
   1.2597226e-01   7.8062913e-01   9.6492138e-01  -2.9824050e-03   3.0080744e-03   4.2888316e-03
   1.2721045e-01   7.9137179e-01   9.8079051e-01  -3.4055309e-03   2.9226075e-03   4.4991471e-03
   1.2053382e-01   8.2743419e-01   9.8070744e-01  -3.6718858e-03   3.1791087e-03   4.4697400e-03
   1.2901263e-01   8.4589171e-01   9.8790060e-01  -4.4181664e-03   3.0695605e-03   4.5711795e-03
   1.3578258e-01   8.5515166e-01   9.8868948e-01  -4.6160089e-03   2.9175374e-03   4.4874962e-03
   1.2916286e-01   9.0037821e-01   9.7171691e-01  -5.0560944e-03   2.8841614e-03   4.2944200e-03
   1.1741339e-01   8.5541689e-01   9.8249067e-01  -4.5953659e-03   3.0883726e-03   4.3635524e-03
   1.2719546e-01   8.3153690e-01   9.7333341e-01  -4.3904872e-03   2.9217208e-03   4.3230402e-03
   1.2396664e-01   9.0366439e-01   9.6637401e-01  -5.1462929e-03   2.9646349e-03   4.3031828e-03
   1.3457297e-01   8.6882131e-01   9.8814991e-01  -5.3909204e-03   2.7153483e-03   4.3669727e-03
   1.4749825e-01   9.1914117e-01   9.7094614e-01  -6.5998331e-03   2.6654034e-03   4.3301075e-03
   1.4762702e-01   9.1822606e-01   9.6289774e-01  -5.3116173e-03   2.4231362e-03   4.4502319e-03
   1.4296576e-01   8.4248682e-01   9.8630169e-01  -4.5641283e-03   2.5228283e-03   4.5186467e-03
   1.3211328e-01   8.8508785e-01   9.7599432e-01  -4.8041651e-03   2.8733623e-03   4.5751508e-03
   1.2941937e-01   9.4359248e-01   9.6971183e-01  -5.2475457e-03   3.1458160e-03   4.4230286e-03
   1.3507233e-01   8.3903843e-01   9.6697042e-01  -5.3208601e-03   2.8298146e-03   4.4885802e-03
   1.3797997e-01   8.6701854e-01   9.9513690e-01  -5.0029385e-03   2.7712700e-03   4.5853616e-03
   1.4183514e-01   8.6525220e-01   9.9874400e-01  -4.9437530e-03   2.6937793e-03   4.5507450e-03
   1.3925657e-01   8.9438261e-01   9.8754409e-01  -5.4868129e-03   2.7216435e-03   4.4391741e-03
   1.3673045e-01   8.8081260e-01   9.7942336e-01  -5.5865407e-03   2.7398053e-03   4.3939755e-03
   1.3817798e-01   8.4317491e-01   9.8592896e-01  -5.0554587e-03   2.8320431e-03   4.5015322e-03
   1.2723567e-01   9.1321140e-01   1.1131292e+00  -4.3878717e-03   2.9404609e-03   4.6188821e-03
   1.2746297e-01   9.3131363e-01   1.1559170e+00  -4.9576890e-03   2.7634197e-03   4.7553603e-03
   1.1734421e-01   9.5431758e-01   1.1547958e+00  -5.1279574e-03   3.1493191e-03   4.9089570e-03
   1.2505179e-01   9.6215239e-01   1.1519156e+00  -5.1898551e-03   3.1449581e-03   5.0075364e-03
   1.2329045e-01   8.6301386e-01   1.0968873e+00  -2.7744643e-03   3.2731588e-03   5.0422722e-03
   1.0832380e-01   8.6480277e-01   1.1179646e+00  -2.7343822e-03   3.6494710e-03   5.0954182e-03
   1.0167854e-01   9.1416081e-01   1.1038325e+00  -3.3548677e-03   3.7731407e-03   5.0923039e-03
   9.9843672e-02   8.7825922e-01   1.0982954e+00  -3.2305464e-03   3.7775326e-03   5.0524079e-03
   9.2495594e-02   8.9025813e-01   1.0952515e+00  -3.3740069e-03   3.9216640e-03   5.0243089e-03
   8.2842656e-02   9.1648382e-01   1.1090490e+00  -3.1425907e-03   4.0027669e-03   4.9571057e-03
   8.8947627e-02   8.8159664e-01   1.1210236e+00  -2.5612490e-03   3.7516278e-03   4.9895977e-03
   8.5075721e-02   8.7401689e-01   1.1210514e+00  -2.6351064e-03   3.8046812e-03   4.9529306e-03
   6.6360544e-02   9.1829195e-01   1.1140145e+00  -2.9964410e-03   3.9964394e-03   4.7026632e-03
   6.1597231e-02   9.1344343e-01   1.1090635e+00  -3.0129542e-03   3.8633802e-03   4.5702018e-03
   6.7574569e-02   8.9460583e-01   1.1118319e+00  -2.8608639e-03   3.5274161e-03   4.3976155e-03
   5.4691519e-02   9.2701737e-01   1.1362388e+00  -2.8293040e-03   3.7913807e-03   4.2627442e-03
   6.0819887e-02   9.0862008e-01   1.1228384e+00  -2.5378870e-03   3.8453833e-03   4.4687181e-03
   8.1408813e-02   8.5814321e-01   1.1427906e+00  -1.0562385e-03   3.5476169e-03   5.0181002e-03
   6.3664572e-02   8.4868128e-01   1.1943884e+00   5.1054589e-05   4.3135460e-03   5.4700244e-03
   6.3237947e-02   8.8424845e-01   1.2277928e+00  -1.7581024e-04   4.4682375e-03   5.3903886e-03
   5.9598159e-02   8.9903823e-01   1.2446802e+00  -3.4162397e-04   4.6256236e-03   5.3163322e-03
   6.2119276e-02   8.6854757e-01   1.2682749e+00  -9.4923747e-05   4.4322707e-03   5.2519740e-03
   6.2053530e-02   8.2378223e-01   1.2581194e+00   7.8595335e-04   4.3744296e-03   5.2579380e-03
   6.2241222e-02   8.5966233e-01   1.2484816e+00   4.7539757e-04   4.3269278e-03   5.2153122e-03
   7.1665387e-02   8.4482515e-01   1.2618873e+00   2.0102308e-04   4.0345774e-03   5.1996264e-03
   6.8368908e-02   8.6825809e-01   1.2415772e+00  -9.6281801e-05   4.1382993e-03   5.2048075e-03
   5.9910832e-02   8.9912839e-01   1.2579911e+00  -7.3105276e-04   4.3360967e-03   5.2142121e-03
   7.1445279e-02   8.4964956e-01   1.2485328e+00  -2.7895445e-05   4.1558576e-03   5.2165656e-03
   8.2695808e-02   8.8760302e-01   1.2286962e+00  -7.2719185e-04   3.9113656e-03   5.1872186e-03
   8.1194995e-02   9.2008030e-01   1.2187661e+00  -1.2590304e-03   3.7913215e-03   5.1370550e-03
   8.1231126e-02   8.9165345e-01   1.2093439e+00  -1.1599696e-03   3.8201523e-03   5.0555480e-03
   7.9886598e-02   9.4077226e-01   1.1962158e+00  -1.8894644e-03   4.0165340e-03   5.0287398e-03
   8.8897683e-02   9.2449607e-01   1.1807278e+00  -1.5361955e-03   3.9186619e-03   4.9392282e-03
   9.4416567e-02   9.0451812e-01   1.2122675e+00  -1.4522729e-03   4.0436914e-03   5.0342728e-03
   9.2730156e-02   8.6948223e-01   1.1857438e+00  -1.1348557e-03   4.0719732e-03   4.8434250e-03
   9.0156684e-02   7.7855335e-01   1.0718088e+00   6.4230980e-04   3.7363596e-03   4.8097600e-03
   7.2763504e-02   8.1859494e-01   1.1680863e+00   1.3154060e-04   3.3637973e-03   3.6574875e-03
   7.2078976e-02   8.5648992e-01   1.1835009e+00  -2.4109010e-04   3.2621353e-03   3.3301528e-03
   6.9949623e-02   7.9749333e-01   1.1563799e+00  -1.4077161e-04   3.2286510e-03   3.3828648e-03
   3.9932365e-02   8.3308817e-01   1.1877319e+00   5.0727875e-04   3.7679557e-03   3.5581546e-03
   6.6056986e-02   8.0915988e-01   1.1945249e+00  -4.0427277e-05   2.8521241e-03   3.9916108e-03
   5.4643277e-02   7.6636691e-01   1.1488226e+00   4.7558506e-04   2.8909241e-03   3.6920604e-03
   3.3643369e-02   8.2370027e-01   1.1303922e+00  -3.4091931e-04   3.2566311e-03   3.5987510e-03
   3.7083831e-02   7.6729547e-01   1.1601762e+00  -2.9358314e-04   3.2064803e-03   3.5473211e-03
   3.4296249e-02   8.6489915e-01   1.1341877e+00  -1.6822725e-03   3.2358745e-03   3.5387351e-03
   1.8744036e-02   9.0437352e-01   1.0650293e+00  -2.6147824e-03   3.3675666e-03   3.1988297e-03
   3.7439994e-02   8.2269687e-01   1.1095876e+00  -2.2889665e-03   3.0237215e-03   3.2854487e-03
   3.8738603e-02   9.3687573e-01   1.0463092e+00  -4.0464581e-03   3.2441226e-03   3.1523703e-03
   5.7996992e-02   8.8547020e-01   1.0645264e+00  -4.0440665e-03   2.9147777e-03   3.0861394e-03
   5.1175483e-02   9.3726657e-01   1.0310729e+00  -4.4722668e-03   3.0754265e-03   3.1024788e-03
   5.7742790e-02   8.9056101e-01   1.0532402e+00  -3.8217216e-03   2.7977706e-03   3.0879380e-03
   4.7843272e-02   9.3008514e-01   1.0587658e+00  -4.3512537e-03   2.8240137e-03   2.8695408e-03
   3.8398695e-02   9.4973077e-01   1.1637647e+00  -4.0116410e-03   2.5614601e-03   2.8599926e-03
   5.3181716e-02   9.3123562e-01   1.1680076e+00  -3.3050085e-03   2.4815341e-03   2.9189501e-03
   5.3707641e-02   9.5998769e-01   1.1543492e+00  -4.3799315e-03   2.6236672e-03   2.9610349e-03
   5.7685279e-02   9.3425157e-01   1.1422660e+00  -4.3460618e-03   2.5634888e-03   2.9848778e-03
   5.0768288e-02   9.8130317e-01   1.1297315e+00  -4.4011054e-03   2.5058261e-03   3.1153244e-03
   5.1209330e-02   9.4896693e-01   1.1363906e+00  -4.5560469e-03   2.4357078e-03   3.0395639e-03
   4.2849643e-02   9.9385845e-01   1.1233673e+00  -4.9618476e-03   2.6607068e-03   3.0717018e-03
   5.0011231e-02   9.6884981e-01   1.1238416e+00  -4.3718573e-03   2.3278321e-03   3.0656880e-03
