   0.0000000e+00   0.0000000e+00   0.0000000e+00   0.0000000e+00   3.4694470e-18   0.0000000e+00
   2.4232152e-03   2.8635244e-02   5.3386716e-02  -6.0595362e-04  -1.6976149e-04  -5.1353426e-05
  -1.0512027e-02   5.4315181e-02   5.9952629e-02  -1.1208123e-03   3.7560057e-05   1.7837892e-05
  -1.9607000e-02   1.2166230e-01   5.2035656e-02  -1.8625482e-03   2.6626056e-04   1.3106904e-04
  -1.1694248e-02   9.5569524e-02   9.8276535e-02  -2.1161419e-03   2.8057613e-04   2.1496872e-04
  -2.9184098e-03   1.2282310e-01   1.3730410e-01  -2.3788972e-03   5.1499375e-05   1.7667686e-04
  -3.3056466e-03   2.0572037e-01   1.6211956e-01  -3.6043041e-03   9.4404712e-05   3.4118966e-04
  -7.9494458e-03   2.2023543e-01   1.7960801e-01  -4.4148272e-03   9.2170831e-05   2.1863593e-04
   1.0702924e-02   2.5798481e-01   2.2104280e-01  -5.2903561e-03  -3.0423298e-04   2.7256677e-04
   1.3672280e-02   3.3824986e-01   2.1669711e-01  -6.6105012e-03  -4.5927075e-04   1.5477155e-04
   2.3065533e-02   3.3371219e-01   2.0511545e-01  -6.8517724e-03  -5.9859027e-04   2.4239067e-04
   3.8269878e-02   2.8861362e-01   1.0647618e-01  -6.1454676e-03  -1.0279434e-03   4.4151124e-05
   2.3302063e-02   3.7541753e-01   1.9980763e-01  -6.7783890e-03  -5.7756943e-04   8.0959633e-05
   2.6516094e-02   3.7984019e-01   2.5668252e-01  -7.4299363e-03  -5.1916266e-04   2.3027558e-04
   2.2933619e-02   3.9007022e-01   2.6971118e-01  -7.1967519e-03  -5.4692314e-04   1.9544118e-04
   3.9759904e-02   3.7619984e-01   2.9635121e-01  -6.8931881e-03  -8.0082769e-04   3.3581604e-04
   3.2757751e-02   3.8093006e-01   2.9333469e-01  -7.1200199e-03  -5.4893206e-04   4.3160143e-04
  -1.7204737e-02   4.3947525e-01   3.1655544e-01  -7.9683471e-03   5.7208532e-04   1.0199039e-03
   3.4982511e-03   3.9500451e-01   3.2039233e-01  -7.3517914e-03  -3.9369058e-06   8.0376285e-04
   1.9733967e-02   3.9381838e-01   2.9468817e-01  -7.3851397e-03  -4.8292702e-04   8.0422577e-04
   1.7856365e-03   4.3739073e-01   3.1702904e-01  -7.9254569e-03   6.1933051e-05   9.8299756e-04
  -2.2644246e-02   4.5872360e-01   3.5321827e-01  -8.1032063e-03   4.9012214e-04   1.4732674e-03
   2.3616971e-03   4.4433388e-01   3.4343641e-01  -8.3339581e-03   1.1712598e-04   1.3090931e-03
  -3.3863372e-04   4.5510307e-01   2.9463925e-01  -7.9696174e-03   4.2301808e-04   9.6593228e-04
   2.8119868e-02   4.3321727e-01   2.7757105e-01  -6.6982822e-03   1.7580297e-04   1.1571957e-03
   2.8235314e-02   4.2019111e-01   2.8384083e-01  -6.5545612e-03   2.7916758e-04   1.1350927e-03
   2.9458481e-02   4.2933451e-01   2.7992470e-01  -6.6733979e-03   4.5036266e-04   1.3762438e-03
   3.0644294e-02   4.0846419e-01   2.8063944e-01  -6.6576389e-03   1.0041075e-03   2.0450593e-03
   3.6051388e-02   3.6861717e-01   2.8999827e-01  -6.5614623e-03   1.5973788e-03   2.7100869e-03
   5.3732519e-02   3.9927343e-01   2.7306586e-01  -6.9048857e-03   1.5931197e-03   2.9606870e-03
   1.1946376e-01   1.2615961e-01  -5.1157124e-02  -5.0385368e-03   1.3935816e-03   2.1359351e-03
   9.7990162e-02  -2.1054286e-01  -6.0554289e-01  -3.1094569e-03   2.3576149e-03   1.6928722e-03
   7.9813075e-02  -2.4080109e-01  -4.6546205e-01  -1.2826396e-04   2.0769967e-03   2.1978228e-03
   7.0039466e-02   1.2540135e-02   6.6006377e-02   1.6570413e-03   1.9973732e-03   3.1298169e-03
   6.1341819e-02   7.3602369e-02   1.8923737e-01   1.7335307e-04   2.2396961e-03   3.5672414e-03
   5.7707884e-02   6.2382860e-02   2.0177730e-01   3.2585973e-04   2.0121384e-03   3.4889659e-03
   5.9126385e-02   5.3951750e-02   1.9476698e-01   1.1601188e-03   1.6415644e-03   3.3310058e-03
   3.6308324e-02   1.0205350e-01   3.2091892e-01  -5.0855460e-05   1.9794284e-03   3.7590983e-03
   3.3031188e-02   1.4468557e-01   3.2414518e-01  -9.9007155e-04   1.8438640e-03   3.5403715e-03
   4.9012951e-02   1.1776146e-01   3.0831894e-01  -4.6783092e-04   1.4122763e-03   3.5162899e-03
   5.2111889e-02   1.2483553e-01   2.8558680e-01  -6.2797149e-04   1.3535055e-03   3.5525597e-03
   6.5581033e-02   1.4116212e-01   2.7641717e-01  -1.2506298e-03   1.2324189e-03   3.4703817e-03
   6.2096091e-02   1.2317383e-01   2.7211400e-01  -1.0399983e-03   1.3011126e-03   3.6090766e-03
   6.6982389e-02   1.5451722e-01   2.7323057e-01  -1.0648723e-03   1.1663489e-03   3.6651475e-03
   6.5490148e-02   1.7814427e-01   2.9161242e-01  -1.6827690e-03   1.0521091e-03   3.6851333e-03
   1.8705345e-02   3.5977063e-01   6.6218469e-01  -1.5740666e-03   2.5797280e-03   5.6474135e-03
  -3.8980075e-02   1.1781182e-01   9.5608539e-02  -1.7151165e-04   2.8743940e-03   6.0844261e-03
  -2.6087630e-02   1.1721873e-01   1.1915382e-01   3.4585415e-05   2.2673249e-03   5.9888916e-03
  -2.4386248e-02   2.2534182e-01   3.4244264e-01  -2.8069711e-05   2.5427730e-03   6.3138368e-03
  -3.7182777e-02   3.4250626e-01   4.6435255e-01  -1.3985712e-03   3.2449274e-03   6.0993887e-03
  -3.1347492e-02   3.8161498e-01   5.6035441e-01  -2.1105452e-03   3.2097677e-03   5.5844655e-03
  -5.9702436e-02   4.5708615e-01   5.8979913e-01  -7.1453443e-03   4.0432469e-03   4.9413488e-03
  -4.9575591e-02   5.1399213e-01   6.1854989e-01  -7.4096385e-03   4.2784392e-03   5.0090137e-03
   3.4862711e-02   5.5600403e-01   6.0283130e-01  -8.3287241e-03   2.2136061e-03   4.8740803e-03
   3.9016304e-02   3.5469044e-01   1.7838804e-01  -7.3404583e-03   1.7177583e-03   3.9949535e-03
   2.9500390e-02   4.1784359e-01   2.0070454e-01  -6.4086963e-03   1.5368450e-03   3.9753574e-03
   3.7089826e-02   4.2647441e-01   2.9981555e-01  -6.3634125e-03   1.4102094e-03   4.0280716e-03
   4.9703856e-02   4.3458335e-01   3.5674014e-01  -6.6414201e-03   1.0293886e-03   3.9819637e-03
   2.6364050e-02   4.7221241e-01   3.8147051e-01  -7.2532718e-03   1.4499398e-03   3.9015096e-03
   1.5949126e-02   4.3948867e-01   3.6723035e-01  -7.0443998e-03   1.3210178e-03   3.4212646e-03
   1.1675764e-02   4.1154723e-01   3.9857685e-01  -6.1522853e-03   7.9307415e-04   3.3807079e-03
   1.4567043e-02   3.7125288e-01   3.8229303e-01  -4.9958446e-03   5.8168475e-04   3.5613187e-03
   7.8489606e-03   3.2395234e-01   3.6839539e-01  -3.9036395e-03   4.8834843e-04   3.5340728e-03
   2.6408781e-03   3.6246600e-01   3.7326149e-01  -4.5368293e-03   2.4676856e-04   3.3692504e-03
  -2.6237696e-03   3.4486677e-01   3.8622425e-01  -4.4534477e-03   7.6297718e-05   3.1556453e-03
  -1.2814780e-02   3.4372783e-01   3.8388525e-01  -4.4956845e-03   1.4589300e-04   3.2175433e-03
  -2.1240514e-02   3.2051428e-01   3.7813474e-01  -3.8366804e-03   4.4676062e-04   2.9202055e-03
  -5.7399509e-03  -1.4874896e-01  -4.4758129e-01  -6.8534019e-05   7.1787203e-04   1.8849521e-03
   2.7988123e-02  -8.9835640e-02  -4.3856187e-01  -5.4110966e-04  -4.6352969e-04   2.5796087e-03
  -5.6816753e-04   3.8786063e-02  -2.4773589e-01  -1.9031049e-03  -4.3530689e-05   2.6637567e-03
  -4.8536714e-02   9.3872856e-02  -6.5277039e-02  -3.1757849e-03   5.8523488e-04   2.5097519e-03
  -4.2130112e-02   1.4488794e-01   2.7026585e-03  -3.8481950e-03   4.8825977e-04   2.5727868e-03
  -3.1781153e-02   3.1516568e-01   1.3764870e-01  -5.8823016e-03   4.1859296e-04   3.1832635e-03
  -2.5762499e-03   3.4119843e-01   3.6753007e-01  -6.4742252e-03   4.7483347e-04   3.9187493e-03
  -4.0976694e-03   4.2458849e-01   4.1741307e-01  -5.8119751e-03   4.2035928e-04   4.0000151e-03
   2.7986232e-03   4.5633932e-01   5.7132035e-01  -5.4091823e-03   1.6750962e-04   4.0454032e-03
  -1.3144892e-02   4.5944269e-01   5.9651034e-01  -5.7515370e-03   3.8251507e-04   4.1310890e-03
  -4.4025271e-02   3.9742106e-01   4.0239127e-01  -5.4975516e-03   1.3412482e-03   3.4964680e-03
  -2.6464836e-02   3.3890203e-01   3.3714892e-01  -5.3183816e-03   1.5652937e-03   3.3496371e-03
  -1.1077298e-02   4.0590568e-01   4.2448652e-01  -5.4300254e-03   9.0121324e-04   3.5350524e-03
   2.8923814e-02   4.9474081e-01   5.3356266e-01  -6.2045610e-03   2.5280216e-04   4.3498437e-03
   3.8567857e-02   4.3365047e-01   5.9477799e-01  -5.2343889e-03   1.4470285e-05   4.4417923e-03
   4.8849938e-02   4.6641389e-01   5.4619386e-01  -5.2384402e-03  -3.1702528e-04   4.2814187e-03
   4.6313288e-02   4.7730813e-01   5.5370783e-01  -5.8102183e-03  -4.6957494e-04   4.2097189e-03
   5.7777178e-02   4.5207952e-01   5.5939456e-01  -5.9305790e-03  -7.1294163e-04   4.3502537e-03
   5.6457997e-02   5.1131392e-01   5.6539404e-01  -6.3685579e-03  -5.3660619e-04   4.3989362e-03
   3.6491943e-02   4.6413542e-01   5.9797958e-01  -6.0931228e-03  -1.3817518e-04   4.3164812e-03
   1.1989982e-02   4.5189994e-01   6.0089328e-01  -5.4068973e-03   5.3736586e-04   4.7383834e-03
  -1.2454773e-02   4.4707363e-01   4.8469029e-01  -5.0377659e-03   1.9533981e-03   2.7925481e-03
   2.9261781e-02   3.2403562e-01   3.8082459e-01  -4.7080454e-03   7.4260668e-04   2.9210863e-03
   2.2166984e-02   3.8138449e-01   4.8786622e-01  -4.3383492e-03   8.5192235e-04   3.1665555e-03
   3.1328665e-02   4.7024931e-01   5.2442977e-01  -6.2002624e-03   3.3136257e-04   3.2859570e-03
   3.1263615e-02   4.9571523e-01   5.5737713e-01  -7.9097255e-03  -3.5725843e-04   2.9991337e-03
  -4.3515014e-03   5.5964201e-01   6.5957404e-01  -6.9912675e-03   7.7785881e-04   4.1773695e-03
   4.8813719e-02   6.0433031e-01   8.1852116e-01  -8.0928860e-03  -5.8265388e-04   4.3890577e-03
   6.6585762e-02   6.3299606e-01   8.2218534e-01  -8.7542881e-03  -6.6139118e-04   4.2941883e-03
   6.2585909e-02   6.7535553e-01   7.9816520e-01  -9.3225908e-03  -4.8925050e-04   4.2738012e-03
   6.5025729e-02   6.5787447e-01   7.7479470e-01  -9.1092789e-03  -6.0847898e-04   4.5040497e-03
   7.4637637e-02   6.4397082e-01   7.3469646e-01  -9.0917977e-03  -8.5276188e-04   4.4750453e-03
   1.2984366e-02   5.3843673e-01   4.2135403e-01  -8.7123430e-03   3.2586903e-04   4.7652787e-03
   3.2888932e-02   4.5785688e-01   3.5911626e-01  -6.5267979e-03  -1.2902405e-04   4.8282213e-03
   4.0987504e-02   5.7320691e-01   5.3799014e-01  -8.1750437e-03  -4.0950737e-04   4.7612045e-03
   3.8250986e-02   6.4954930e-01   6.3908078e-01  -8.8887211e-03  -2.8985456e-04   4.7056468e-03
   2.3819003e-02   6.4333665e-01   6.8664753e-01  -8.8816450e-03  -8.7041165e-05   4.7789206e-03
   1.6534163e-02   6.5621067e-01   7.2294916e-01  -8.5913548e-03   3.8066519e-04   5.3008084e-03
   3.7248229e-02   6.9221363e-01   6.9929211e-01  -9.4132773e-03   2.1227686e-04   5.2402606e-03
   3.5601220e-02   6.4991275e-01   6.8264451e-01  -9.4450834e-03   4.2309588e-04   5.2386065e-03
   2.1454840e-02   6.8171468e-01   6.4368686e-01  -9.5133771e-03   8.9004541e-04   5.1919386e-03
   1.9183955e-02   5.3058414e-01   4.0560542e-01  -7.8443025e-03   8.2360104e-04   5.0507279e-03
   5.2699112e-02   2.6886546e-01   1.9010322e-01  -4.3921834e-03  -3.2982316e-04   4.3248251e-03
   1.9275398e-02   2.2247462e-01  -7.4489083e-02  -4.8295446e-03  -2.7503512e-04   3.8906489e-03
   1.7036454e-02   3.5614148e-01   1.7195527e-01  -5.5325876e-03  -4.1010207e-04   4.0445521e-03
  -3.8584968e-02   3.3754291e-01   4.1188628e-01  -4.4451519e-03  -3.7349662e-05   2.6746273e-03
   3.5224812e-03   1.9497457e-01   1.3965214e-01  -2.7313501e-03  -2.6883309e-04   3.1254257e-03
   4.8311927e-02   1.9818268e-01   3.1617503e-01  -2.5084150e-03  -1.0235179e-03   3.5285705e-03
   3.3262613e-02   2.6056271e-01   2.9089011e-01  -2.7482923e-03  -5.8369560e-04   3.8131165e-03
   1.4940049e-02   2.8487146e-01   3.2082596e-01  -3.1828081e-03  -3.1124269e-04   3.9177908e-03
   1.8903805e-02   2.7614161e-01   3.3826346e-01  -3.2983675e-03  -3.3590206e-04   3.9910605e-03
   1.8987377e-02   3.4162804e-01   3.4229868e-01  -4.1344256e-03  -3.9917315e-04   4.0663612e-03
   1.5809119e-02   3.4077240e-01   3.3172682e-01  -4.6102093e-03  -2.7347326e-04   4.0542516e-03
   2.2224728e-02   3.2177000e-01   3.2070668e-01  -4.3309969e-03  -1.4552669e-04   4.3628563e-03
   3.9862017e-02   3.3564451e-01   2.8312582e-01  -3.5674933e-03  -5.1158987e-04   4.4127047e-03
   4.1448443e-02   3.1127538e-01   2.9169087e-01  -4.2442656e-03  -4.1446598e-04   4.5119305e-03
   4.2297697e-02   3.4937270e-01   2.7888601e-01  -4.6437266e-03  -3.5385878e-04   4.4712275e-03
   5.1071153e-02   3.1312083e-01   2.6133790e-01  -4.2494701e-03  -5.8967249e-04   4.5031702e-03
   4.9126065e-02   2.9795164e-01   2.4697239e-01  -4.2786606e-03  -4.6370648e-04   4.6416626e-03
   5.9094584e-02   2.8991917e-01   1.8275840e-01  -4.4687838e-03  -7.8944594e-04   4.3770311e-03
   5.4316536e-02   1.4035463e-01   1.7950445e-02  -1.8727118e-03  -6.8530522e-04   4.6396961e-03
   3.1721850e-02   1.1874259e-01  -5.7792260e-02  -2.0565615e-03  -4.2250818e-04   4.8010121e-03
   3.3763569e-02   1.3965926e-01  -1.2961528e-01  -2.7529515e-03  -6.8218968e-04   4.5890864e-03
   5.9142659e-02   1.6081280e-01   6.7367750e-03  -2.6864398e-03  -1.2130330e-03   4.7278584e-03
   5.4715415e-02   2.6759741e-01   1.1978229e-01  -4.3425215e-03  -1.0571717e-03   4.4795081e-03
   4.3641663e-02   3.5542305e-01   1.6944436e-01  -6.2147286e-03  -6.9750078e-04   4.1254649e-03
   3.3105982e-02   3.3173469e-01   2.0333501e-01  -5.6639082e-03  -2.7065045e-04   4.3941704e-03
   3.4007824e-02   3.1903313e-01   1.7121289e-01  -4.7843395e-03  -4.8861264e-04   4.2116646e-03
   2.0878949e-02   1.9519371e-01   2.5702099e-02  -3.6251088e-03  -3.0784018e-04   4.3873496e-03
   1.9854153e-02   1.3936824e-01  -7.9697274e-02  -3.2723638e-03  -2.0804792e-04   4.3791183e-03
   1.4727178e-02   2.8668846e-01   1.1115723e-01  -4.3187596e-03  -2.7705145e-05   4.5648442e-03
   1.7529519e-02   2.7219814e-01   1.7927400e-01  -4.2749777e-03  -1.3333750e-04   4.6094837e-03
   1.9355633e-02   1.3646075e-01  -1.3476202e-01  -3.3773750e-03  -3.8790629e-04   4.5134476e-03
   2.3611597e-02   2.2457289e-01  -5.9520762e-02  -3.9774769e-03  -2.1855462e-04   4.3963744e-03
   3.8233203e-02   3.0332929e-01   1.7380605e-01  -4.5771977e-03  -1.7671529e-04   4.7103169e-03
   1.9658546e-02   4.4667827e-01   5.4330790e-01  -3.0994824e-03   6.8836675e-04   5.1663441e-03
   3.9275252e-02   2.0499788e-01   1.8831259e-01  -1.4256848e-03  -4.6970758e-04   4.6587548e-03
   1.9391433e-02   1.8538775e-01   1.3164641e-01  -1.6542195e-03  -2.8013854e-04   4.5267231e-03
  -6.0934679e-03   2.4975551e-01   1.4478145e-01  -2.6819636e-03   4.8315185e-04   4.5118215e-03
  -1.4548144e-02   3.6469241e-01   4.6473072e-01  -3.2936046e-03   1.2980084e-03   4.8569644e-03
   7.5678186e-03   2.2039032e-01   3.0639654e-01  -2.2031065e-03   1.3392741e-04   4.6310991e-03
   1.2840395e-02   1.1902766e-01   1.4745773e-02  -1.2234149e-03  -1.8665119e-04   4.3966350e-03
   1.3330483e-02   1.2320608e-01   2.1822025e-02  -1.4393835e-03  -1.9077662e-04   4.5667688e-03
  -1.1165470e-02   2.1404919e-01   3.7704485e-02  -3.0146075e-03   7.9096289e-04   5.0926814e-03
  -7.5804892e-03   3.3612666e-01   2.6781892e-01  -4.6516696e-03   1.4642106e-03   5.3999000e-03
   2.6674728e-03   3.5936497e-01   3.0667900e-01  -5.4075714e-03   1.2623562e-03   5.6037440e-03
  -1.0364185e-02   3.2312952e-01   1.2372112e-01  -4.8954731e-03   1.2761664e-03   5.4562659e-03
   1.0663796e-02   2.3758135e-01   6.2706337e-03  -3.6687998e-03   8.9589096e-04   5.4643679e-03
   9.3788632e-03   2.4114785e-01  -1.0287469e-02  -4.3674572e-03   7.0978895e-04   5.4691104e-03
   1.7392813e-02   2.2230339e-01  -1.0425473e-02  -3.8734028e-03   7.1217381e-04   5.5557300e-03
   3.3493934e-02   8.0793281e-02  -9.0241141e-02  -2.8539796e-03   7.6141983e-05   5.0560394e-03
   1.0457778e-01   5.9187646e-02  -1.9113005e-02  -1.4405799e-04  -4.6416697e-04   4.3308669e-03
   1.3073395e-01  -3.8758316e-02  -1.8431693e-02   4.3066419e-04  -6.9254241e-04   4.2570921e-03
   7.4561306e-02   6.5478001e-02   5.7441086e-02  -1.3487837e-04  -2.6833931e-04   4.7333604e-03
   7.6506212e-02   1.3490868e-01   1.9262961e-01  -5.7388209e-04  -5.5815973e-04   5.1482360e-03
   8.0780173e-02   1.1478653e-01   1.1504359e-01  -7.6299027e-04  -1.0609887e-03   4.9998273e-03
   6.9533662e-02   1.2681759e-01   5.1357463e-02  -1.2293654e-03  -1.2575272e-03   4.8905266e-03
   5.5266997e-02   5.2229477e-02   1.8927991e-02  -1.0730434e-03  -1.3610679e-03   4.9324772e-03
   2.4797121e-02  -1.0434784e-01  -4.1276152e-01  -6.0466010e-05  -1.3859701e-03   4.3745406e-03
   4.7150904e-02  -5.4519078e-02  -3.2704639e-01  -7.2968475e-04  -1.9167279e-03   4.2252595e-03
   1.3787440e-02   1.1403547e-01  -9.9090028e-02  -2.7345307e-03  -9.1239010e-04   4.8067332e-03
   1.2593112e-02   2.4161410e-01   1.3529717e-01  -3.1558117e-03  -4.2554656e-04   5.7521835e-03
   3.2995782e-02   2.4256609e-01   1.5138692e-01  -3.0995647e-03  -6.6049134e-04   5.7220269e-03
   2.4453145e-02   2.7116992e-01   9.2318741e-02  -4.2568266e-03  -2.4672908e-04   5.6582629e-03
  -3.8819309e-03   3.5101793e-01   1.8523112e-01  -4.7862520e-03   7.2209411e-04   6.1393902e-03
   6.5470445e-03   3.4850479e-01   2.0600495e-01  -4.1450878e-03   6.3883618e-04   6.3854810e-03
  -9.7436183e-03   3.8787630e-01   2.1603010e-01  -5.4950082e-03   8.5537515e-04   6.2637620e-03
   5.2988030e-03   3.8716347e-01   1.8839816e-01  -5.5843054e-03   6.7814725e-04   6.2971270e-03
  -4.8618177e-02   3.2505694e-01   1.2393724e-01  -4.8129965e-03   1.8566758e-03   6.9718516e-03
  -4.3496459e-02   3.2406101e-01   1.1993941e-01  -4.0086177e-03   1.7007610e-03   6.7857685e-03
  -1.2625224e-02   2.0675716e-01   3.5515942e-02  -2.5231741e-03   8.5857782e-04   6.3350555e-03
   9.0803180e-03   1.9645912e-01   3.7015771e-02  -2.5515771e-03   1.5631652e-04   5.9529266e-03
   9.1000143e-03   3.1353507e-01   1.6108878e-01  -4.0432629e-03   3.2154469e-04   5.8712150e-03
   2.1015913e-02   3.3011052e-01   1.6244882e-01  -5.4491189e-03   2.3936000e-04   5.9209624e-03
   3.7866254e-02   3.2085593e-01   1.6270398e-01  -5.4074319e-03  -9.2666625e-05   5.9171632e-03
   3.2232940e-02   3.7576030e-01   1.6160305e-01  -5.8662341e-03  -1.1498180e-04   6.0310386e-03
   3.6356822e-02   3.3114051e-01   1.3735741e-01  -5.6985150e-03  -2.3250013e-04   6.0100966e-03
   4.6386180e-02   3.3456004e-01   1.3895114e-01  -5.2339008e-03  -4.6565844e-04   5.9419256e-03
   4.5770205e-02   2.9950092e-01   5.9924265e-02  -5.2864370e-03  -6.0504620e-04   5.8440059e-03
   3.3479311e-02   2.4897299e-01  -2.0208875e-02  -4.7577704e-03  -2.0027083e-04   5.9983135e-03
   4.4668409e-02   2.5070767e-01   3.0886625e-02  -4.3071217e-03  -2.3150186e-04   5.9233120e-03
