   0.0000000e+00   0.0000000e+00   0.0000000e+00  -1.3877788e-17   0.0000000e+00   0.0000000e+00
   9.2817249e-03   1.0465964e-01   4.0176378e-02  -1.1458613e-03   4.3407312e-04   1.8708502e-04
  -6.5202291e-03   2.7197251e-02   6.7761984e-02  -6.0174602e-04   4.8620618e-04   2.6077980e-04
  -1.0473156e-02   5.9701239e-02   6.9496274e-02  -4.7090978e-04   6.9496989e-04   6.9384607e-04
  -1.0677895e-03   3.1985651e-03   5.4800982e-02   3.9603910e-04   5.9918352e-04   1.0461834e-03
   1.1713072e-02  -1.4410662e-02  -4.7404040e-02   5.2057102e-04   1.0313324e-04   8.4297856e-04
   6.4857843e-02  -4.8954126e-01  -1.0643961e+00   1.6060860e-03  -1.9820911e-03  -6.5460174e-04
   7.4135225e-02  -6.4782059e-01  -1.5766286e+00   2.8638843e-03  -2.8882711e-03  -1.4799392e-03
   7.5471869e-02  -7.3130770e-01  -1.6147147e+00   3.6741913e-03  -3.2834344e-03  -7.9077318e-04
   6.8728074e-02  -6.5882515e-01  -1.5917943e+00   2.4453645e-03  -3.0566783e-03  -8.5962039e-04
   5.3612564e-02  -6.7050512e-01  -1.5885353e+00   2.8585655e-03  -3.0226922e-03  -1.0420941e-03
   5.7224801e-02  -6.3440005e-01  -1.6162657e+00   2.5500522e-03  -3.0340959e-03  -1.3130483e-03
   5.1644960e-02  -6.8264487e-01  -1.6230759e+00   2.4363608e-03  -3.1632550e-03  -1.2920402e-03
   7.2793954e-02  -5.2950777e-01  -1.6507136e+00   1.2373732e-03  -3.1705272e-03  -1.5436765e-03
   6.7185496e-02  -6.3910082e-01  -1.6906320e+00   8.4956232e-04  -3.0845195e-03  -1.5335010e-03
   6.8688084e-02  -6.8328360e-01  -1.6651470e+00   1.7207183e-03  -3.2345244e-03  -1.4402242e-03
   6.8685998e-02  -6.3005166e-01  -1.6587534e+00   2.3482554e-03  -3.2541088e-03  -1.3398271e-03
   7.7078325e-02  -6.6380264e-01  -1.6475692e+00   1.8354265e-03  -3.5237951e-03  -1.3399114e-03
   7.2354494e-02  -6.2712815e-01  -1.6692304e+00   9.0309619e-04  -3.2631336e-03  -1.3687716e-03
   6.6071154e-02  -5.9608113e-01  -1.7037694e+00  -3.6111434e-04  -3.4395554e-03  -1.7970862e-03
   8.4903823e-02  -8.3664934e-01  -2.0175938e+00  -4.9721188e-04  -3.6159932e-03  -2.7618376e-03
   6.3762031e-02  -8.3176288e-01  -1.9034008e+00   2.0310553e-03  -2.8524279e-03  -1.3052152e-03
   1.9946257e-03  -7.1555952e-01  -1.7465320e+00   2.3581953e-03  -1.8131603e-03  -9.6887211e-04
   8.5929619e-03  -7.4504842e-01  -1.7199774e+00   2.8520812e-03  -1.8440301e-03  -1.1301666e-03
   2.1764429e-02  -7.6223074e-01  -1.7246653e+00   2.8219246e-03  -2.2448830e-03  -1.2370367e-03
   1.8711016e-02  -6.9108862e-01  -1.7536936e+00   1.8614604e-03  -2.2158719e-03  -1.2780115e-03
   1.8242357e-02  -7.1088459e-01  -1.7501774e+00   1.4984210e-03  -2.3212961e-03  -1.3303915e-03
   2.1048133e-02  -6.6171434e-01  -1.7781913e+00   7.7229413e-04  -2.3974256e-03  -1.6115983e-03
   2.1007939e-02  -7.4514543e-01  -1.7520448e+00   1.4489233e-03  -2.5179806e-03  -1.6908731e-03
   7.7915626e-03  -6.8914511e-01  -1.7726498e+00   1.5494891e-03  -2.1479598e-03  -1.4684639e-03
   1.5415892e-02  -6.9624796e-01  -1.7843696e+00   8.4193283e-04  -2.4013302e-03  -1.1377610e-03
   1.6831023e-02  -7.0348696e-01  -1.7911210e+00   4.6706943e-04  -2.5708965e-03  -1.2332751e-03
   1.5317260e-02  -6.2566037e-01  -1.8136731e+00  -2.2942262e-04  -2.6335273e-03  -1.2825741e-03
   9.1311318e-03  -6.4686133e-01  -1.8080372e+00  -3.8466448e-04  -2.6823689e-03  -1.4199447e-03
   8.9019020e-04  -6.3044625e-01  -1.8170023e+00  -9.3584405e-04  -2.5526234e-03  -1.5789622e-03
   1.1964530e-02  -6.1544906e-01  -1.8143333e+00  -6.9725509e-04  -2.8361373e-03  -1.7749957e-03
   4.6225942e-03  -6.2318242e-01  -1.8221999e+00  -7.2244593e-04  -2.7443676e-03  -1.8068458e-03
   7.2754922e-03  -6.0722149e-01  -1.8276942e+00  -9.9177902e-04  -2.7111854e-03  -1.7549453e-03
   7.3882948e-03  -5.9622486e-01  -1.8124413e+00  -8.3218808e-04  -2.7255137e-03  -1.6703168e-03
   1.7056743e-02  -6.1117508e-01  -1.8352504e+00  -6.9098470e-04  -2.7722086e-03  -1.7133843e-03
   1.4999307e-02  -6.2175590e-01  -1.8259273e+00  -1.0745531e-03  -2.8319306e-03  -1.8235307e-03
   9.0128018e-03  -6.0794181e-01  -1.8218295e+00  -1.2807520e-03  -2.8404800e-03  -1.8961324e-03
   9.0540726e-03  -5.4497282e-01  -1.8356217e+00  -1.6395116e-03  -3.0010925e-03  -2.0639963e-03
   9.1443321e-03  -5.8761700e-01  -1.8215888e+00  -9.8007988e-04  -3.1877645e-03  -2.1584472e-03
   9.8292415e-03  -5.6797864e-01  -1.8247918e+00  -1.3279634e-03  -3.1491058e-03  -2.1675731e-03
   4.5945324e-04  -5.3491613e-01  -1.8230977e+00  -1.8785313e-03  -2.9904828e-03  -2.5136604e-03
   7.3815525e-03  -5.6151897e-01  -1.8115832e+00  -1.7975445e-03  -2.9801039e-03  -2.6040240e-03
   1.2070537e-02  -5.6624326e-01  -1.8020418e+00  -1.8013208e-03  -3.0627492e-03  -2.5531542e-03
   1.3989752e-02  -5.5966633e-01  -1.8051207e+00  -1.9634963e-03  -3.2871421e-03  -2.7712241e-03
   1.6264540e-02  -5.3458124e-01  -1.7970153e+00  -3.0026760e-03  -3.6820037e-03  -3.0290067e-03
   5.4050583e-03  -4.9791748e-01  -1.7952427e+00  -3.5648398e-03  -3.8733326e-03  -3.4183285e-03
   1.4582443e-02  -4.5948932e-01  -1.7664860e+00  -4.4461465e-03  -4.2019501e-03  -3.5811585e-03
   1.4825584e-02  -4.6016109e-01  -1.7473528e+00  -4.4591419e-03  -4.1264312e-03  -3.6270447e-03
  -3.0801174e-03  -4.6233655e-01  -1.7556328e+00  -4.5030541e-03  -3.6689257e-03  -3.8076177e-03
  -1.5373711e-03  -4.4020606e-01  -1.7589920e+00  -4.5968931e-03  -3.6813222e-03  -3.9511947e-03
  -5.2464986e-05  -4.6196831e-01  -1.7390008e+00  -4.1715528e-03  -3.8384079e-03  -4.0925300e-03
   3.0770690e-03  -4.5418573e-01  -1.7360813e+00  -4.2188089e-03  -4.0183880e-03  -4.1515447e-03
   1.3217803e-03  -4.1258354e-01  -1.7291889e+00  -4.9176143e-03  -4.0949017e-03  -4.1860167e-03
  -1.7528094e-03  -4.4530414e-01  -1.7287122e+00  -4.5280257e-03  -4.2062100e-03  -4.1122405e-03
  -1.9446058e-02  -4.6694623e-01  -1.6712659e+00  -2.3018750e-03  -3.8990387e-03  -3.5960063e-03
  -2.2697142e-02  -4.3499974e-01  -1.5707770e+00  -1.4094434e-03  -3.7701322e-03  -3.2948462e-03
  -1.7325266e-02  -4.8416874e-01  -1.5821707e+00  -1.4828332e-03  -3.9687697e-03  -3.5442211e-03
  -2.5790010e-02  -4.6979969e-01  -1.6019867e+00  -1.6280799e-03  -4.0183542e-03  -3.7692577e-03
  -2.9551918e-02  -4.4588265e-01  -1.5773231e+00  -1.7968474e-03  -3.9507517e-03  -3.7159773e-03
  -1.1811348e-02  -4.9024050e-01  -1.5827289e+00  -2.0266966e-03  -4.2509950e-03  -3.7046229e-03
   7.4188723e-04  -4.2595106e-01  -1.5993088e+00  -3.1792935e-03  -4.3902138e-03  -3.8350132e-03
   2.6087395e-03  -4.0031698e-01  -1.6229491e+00  -3.6714575e-03  -4.5697008e-03  -4.0193230e-03
  -4.7947082e-03  -4.4168054e-01  -1.6208786e+00  -2.9926646e-03  -4.5191487e-03  -3.9723368e-03
  -1.1545773e-02  -4.4340097e-01  -1.6297761e+00  -2.6919309e-03  -4.2347038e-03  -3.6490005e-03
  -1.8350263e-02  -3.8263318e-01  -1.6408775e+00  -4.1082082e-03  -3.9688569e-03  -3.6354932e-03
  -6.8665826e-03  -4.4112516e-01  -1.6362887e+00  -4.0332137e-03  -4.1154390e-03  -3.5779987e-03
  -5.5571536e-03  -3.8518856e-01  -1.6393543e+00  -4.4441832e-03  -4.1013250e-03  -3.5976726e-03
   3.9005751e-03  -4.0155435e-01  -1.6318377e+00  -4.0592616e-03  -4.4333770e-03  -3.6457321e-03
  -1.0125689e-03  -3.7061822e-01  -1.6029318e+00  -5.1203688e-03  -4.1279442e-03  -3.3478444e-03
  -3.3196436e-02  -3.1229743e-01  -1.5696483e+00  -5.2936727e-03  -4.0414787e-03  -3.6303013e-03
  -3.1546715e-02  -3.4808612e-01  -1.5818339e+00  -4.8310271e-03  -4.0579733e-03  -3.6347361e-03
  -3.6005195e-02  -5.8084133e-01  -1.8017676e+00  -9.4255498e-04  -3.2005195e-03  -3.6957109e-03
  -4.8517802e-05  -5.1734450e-01  -1.7829100e+00  -1.6000846e-03  -3.9701368e-03  -4.1416197e-03
  -2.7711573e-03  -5.5559769e-01  -1.8190290e+00  -2.0424608e-03  -4.2189887e-03  -4.2832963e-03
  -7.5125338e-03  -5.3919877e-01  -1.7628290e+00  -1.4908708e-03  -4.1709653e-03  -4.1517578e-03
   1.6707158e-03  -5.4214152e-01  -1.8361888e+00  -2.1670550e-03  -4.4699802e-03  -4.4194235e-03
  -4.4097820e-03  -5.2171902e-01  -1.7835660e+00  -2.8397882e-03  -4.4104605e-03  -4.3818938e-03
  -1.8556257e-04  -5.1083593e-01  -1.7747596e+00  -3.2550309e-03  -4.5034767e-03  -4.4287867e-03
  -5.4649112e-03  -4.8242671e-01  -1.7858292e+00  -3.5749362e-03  -4.4205632e-03  -4.4449645e-03
  -1.0753058e-03  -4.7594816e-01  -1.7284401e+00  -3.1785202e-03  -4.5631352e-03  -4.4465130e-03
   4.7184363e-03  -5.0760898e-01  -1.7825644e+00  -3.4171158e-03  -4.6936580e-03  -4.4777502e-03
   1.8650965e-02  -3.8697857e-01  -1.7942951e+00  -6.0761908e-03  -4.8869516e-03  -4.7085996e-03
  -5.6508606e-02  -4.2471047e-01  -2.0161714e+00  -1.0764342e-02  -4.3404671e-03  -5.0722162e-03
  -2.0704075e-02  -4.9043722e-01  -2.0251279e+00  -9.0171114e-03  -4.5984461e-03  -4.6464230e-03
  -9.4956824e-03  -5.4920796e-01  -1.8767771e+00  -3.6961643e-03  -4.3414835e-03  -3.4931181e-03
   8.5988652e-03  -6.4795770e-01  -1.9634522e+00  -1.8196995e-03  -5.0527397e-03  -3.6529053e-03
   4.0568145e-03  -5.8752389e-01  -1.8696755e+00  -1.4801450e-03  -5.1141238e-03  -3.7098507e-03
  -5.8159363e-03  -4.9749520e-01  -1.6780880e+00  -2.0082246e-03  -4.6675600e-03  -3.4533615e-03
   7.4334176e-03  -4.4725564e-01  -1.5492717e+00  -2.2162125e-03  -4.9187093e-03  -3.3288806e-03
  -2.4009218e-03  -3.7628111e-01  -1.5186368e+00  -3.3293919e-03  -4.7123253e-03  -3.5324776e-03
   3.5372042e-03  -3.2603804e-01  -1.5213085e+00  -4.7352735e-03  -4.9376529e-03  -3.7344622e-03
  -4.5807182e-03  -3.3874058e-01  -1.5253099e+00  -5.2852112e-03  -5.0099462e-03  -4.0546271e-03
  -3.1973813e-02  -2.8848936e-01  -1.5618820e+00  -5.8790197e-03  -4.6990488e-03  -4.2898427e-03
   9.0506161e-04  -2.9236857e-01  -1.5980639e+00  -5.0688508e-03  -4.5130404e-03  -3.6874070e-03
  -8.6855509e-03  -6.3231551e-01  -1.9601884e+00  -3.1835506e-03  -5.2673792e-03  -4.2291057e-03
  -7.6360798e-02  -7.9294583e-01  -2.1880072e+00  -9.4573207e-04  -4.6633013e-03  -4.1123864e-03
  -9.6686177e-02  -8.1710128e-01  -2.1421085e+00   1.6121101e-03  -4.2352665e-03  -3.7346374e-03
  -1.2691294e-01  -6.8049214e-01  -1.9822775e+00  -8.8576045e-05  -3.6535508e-03  -3.5918734e-03
  -1.1556337e-01  -6.6090367e-01  -1.9010407e+00  -1.1455531e-03  -3.7304382e-03  -3.3279580e-03
  -1.0068086e-01  -5.4930920e-01  -1.6736897e+00  -8.0872234e-04  -3.9332343e-03  -3.2239665e-03
  -7.5170877e-02  -4.7425444e-01  -1.5812454e+00  -1.7768233e-03  -4.5482834e-03  -3.8187179e-03
  -6.7003191e-02  -4.9041872e-01  -1.5774816e+00  -2.3971701e-03  -4.8668525e-03  -4.0751832e-03
  -5.6604350e-02  -4.2864842e-01  -1.5801661e+00  -3.2041493e-03  -5.1364110e-03  -4.0399092e-03
  -4.8214963e-02  -3.9846092e-01  -1.5655954e+00  -3.3326599e-03  -5.3304230e-03  -4.0857757e-03
  -4.1748002e-02  -4.2172091e-01  -1.5659425e+00  -3.4241945e-03  -5.4286584e-03  -4.0879659e-03
  -4.6397484e-02  -3.6910680e-01  -1.5828716e+00  -3.7759449e-03  -5.1445316e-03  -4.0127437e-03
  -4.1400139e-02  -3.4355749e-01  -1.5951210e+00  -4.0918270e-03  -5.2008338e-03  -4.0783923e-03
  -3.2727647e-02  -3.8992181e-01  -1.5936866e+00  -3.9094328e-03  -5.3699738e-03  -4.0866467e-03
  -3.4886194e-02  -3.6071133e-01  -1.5819841e+00  -3.6020561e-03  -5.3083409e-03  -4.1853037e-03
  -2.6334461e-02  -3.8761706e-01  -1.5562467e+00  -3.4040148e-03  -5.6001194e-03  -4.0457146e-03
  -2.0828103e-02  -3.5080202e-01  -1.5463244e+00  -3.8332338e-03  -5.8470148e-03  -3.9003167e-03
  -8.5889578e-02  -3.2335955e-01  -1.5023834e+00  -3.7745241e-03  -4.3381816e-03  -3.6426312e-03
  -5.2031656e-02  -3.4598018e-01  -1.4853375e+00  -3.4868606e-03  -4.9093298e-03  -2.7939945e-03
  -4.7616044e-02  -3.3250191e-01  -1.4984676e+00  -3.9012746e-03  -5.0593034e-03  -2.7297418e-03
  -4.4246693e-02  -3.6045184e-01  -1.5209312e+00  -2.8504041e-03  -4.8798009e-03  -2.6846415e-03
  -7.4904448e-02  -5.3283092e-01  -1.7123234e+00  -5.9792613e-05  -3.0371723e-03  -3.1057575e-03
  -6.1970210e-02  -5.4095091e-01  -1.6820339e+00   1.7857470e-04  -3.3775946e-03  -3.4595268e-03
  -6.5747618e-02  -4.7225976e-01  -1.6458073e+00  -1.1623510e-03  -3.4746601e-03  -3.3892563e-03
  -6.0750178e-02  -4.8823075e-01  -1.6265957e+00  -1.1192801e-03  -3.4223368e-03  -2.9959232e-03
  -6.8317823e-02  -5.2722558e-01  -1.6286397e+00  -2.5108130e-04  -3.5182280e-03  -3.2075200e-03
  -7.3498026e-02  -4.4532462e-01  -1.5641744e+00  -1.2930897e-03  -3.3303510e-03  -2.9056223e-03
  -9.1524528e-02  -2.7266858e-01  -1.2876115e+00  -1.3531402e-03  -1.4422860e-03  -1.7708677e-03
  -2.4938975e-02  -4.8571140e-01  -1.3636661e+00  -5.3869283e-04  -3.4113806e-03  -1.4355061e-03
   3.5452275e-02  -4.7269590e-01  -1.3040430e+00   1.3345430e-03  -3.7352806e-03  -6.6201077e-06
   4.9599939e-02  -4.4656746e-01  -1.3210072e+00   1.0610306e-03  -4.0587076e-03  -2.2718152e-04
   7.8735978e-02  -4.7895837e-01  -1.4074291e+00   4.2583699e-04  -4.8079247e-03  -5.3465483e-04
   8.5122881e-02  -5.8321270e-01  -1.7180781e+00   3.3369009e-04  -5.3492869e-03  -1.2974775e-03
   3.0749674e-02  -6.0479813e-01  -1.5561614e+00   1.2925077e-03  -4.3651330e-03  -7.2287994e-04
  -1.3732013e-03  -6.4730083e-01  -1.5700988e+00   2.4255493e-03  -3.5308086e-03  -5.0744911e-04
  -1.0222191e-02  -5.5074374e-01  -1.4955589e+00   1.3172234e-03  -3.8238475e-03  -7.2130285e-04
  -1.9020672e-02  -5.1318610e-01  -1.4043437e+00   1.0127937e-03  -3.3403869e-03  -5.7298780e-04
  -1.5150116e-02  -5.0948447e-01  -1.3967580e+00   1.0889219e-03  -3.2836497e-03  -2.8673204e-04
  -1.2856328e-02  -4.9891416e-01  -1.4158341e+00   8.0127173e-04  -3.3279347e-03  -4.4426336e-04
  -7.0505313e-03  -4.6452621e-01  -1.4360433e+00   1.8860178e-04  -3.4083537e-03  -4.7389110e-04
  -2.2495910e-02  -3.7452327e-01  -1.5022890e+00  -1.4756680e-03  -3.1140635e-03  -9.1096246e-04
  -6.0203789e-03  -5.1447239e-01  -1.4498674e+00   7.3033192e-05  -3.4177116e-03  -8.8174183e-04
   1.4658589e-03  -4.5310010e-01  -1.4511481e+00  -2.7205911e-04  -3.5594019e-03  -8.4188898e-04
  -9.1618172e-04  -3.4396516e-01  -1.4534029e+00  -2.5617453e-03  -3.6565855e-03  -9.2289813e-04
  -2.6333654e-03  -3.5595250e-01  -1.4428885e+00  -2.9945823e-03  -3.5559732e-03  -8.8811036e-04
   3.1571513e-02  -3.7432319e-01  -1.6209460e+00  -4.4372638e-03  -4.4831970e-03  -1.5316759e-03
   1.1891009e-02  -4.5491054e-01  -1.8796838e+00  -5.8710199e-03  -4.3374703e-03  -1.9377415e-03
   1.6024493e-02  -1.1331788e+00  -2.8425196e+00  -4.7440678e-03  -5.1427246e-03  -3.4081662e-03
   1.8032623e-02  -9.9191664e-01  -2.5394338e+00   1.7465823e-03  -4.4244966e-03  -2.4837177e-03
   3.0237587e-02  -8.0801973e-01  -2.0670769e+00   1.6307482e-03  -3.9845103e-03  -1.8956571e-03
   3.8237810e-02  -7.2558162e-01  -1.9944874e+00   1.3524669e-04  -4.2614784e-03  -2.0375326e-03
   4.4890708e-02  -7.1533068e-01  -1.9915240e+00  -3.7635322e-04  -4.2463400e-03  -1.8660652e-03
   3.1430347e-02  -6.6479381e-01  -1.9110874e+00  -5.5182281e-04  -3.0784996e-03  -9.9587651e-04
   1.9518560e-02  -6.3428148e-01  -1.8968263e+00  -3.8598704e-04  -3.1933736e-03  -1.2860731e-03
   2.3291967e-02  -6.6687979e-01  -1.8906032e+00  -2.2585518e-04  -3.2937213e-03  -1.3401131e-03
   2.9387640e-02  -6.2300595e-01  -1.8945566e+00  -6.2779149e-04  -3.6608491e-03  -1.5069219e-03
   3.3767489e-02  -6.3203710e-01  -1.8801650e+00  -6.9029527e-04  -3.9484535e-03  -1.5720233e-03
   6.0671939e-02  -6.4789458e-01  -1.8959966e+00  -7.9707144e-05  -4.4907710e-03  -1.5219985e-03
   3.9337184e-02  -6.2023281e-01  -1.9070477e+00  -6.8135988e-04  -4.3349836e-03  -1.6099316e-03
   1.9680002e-02  -6.2016350e-01  -1.8993566e+00  -9.2682724e-04  -4.3961220e-03  -2.0577551e-03
   2.9131337e-02  -6.8820918e-01  -1.8930356e+00  -1.5627512e-04  -4.7156255e-03  -2.0777961e-03
   4.5284712e-02  -7.0199407e-01  -1.9676957e+00   4.7015030e-05  -5.0915402e-03  -2.1058380e-03
   3.0926546e-02  -6.6239301e-01  -1.9203520e+00  -3.8476094e-04  -4.5483332e-03  -1.9491836e-03
   4.2980678e-02  -7.4048275e-01  -2.0505515e+00  -3.3731242e-04  -4.7946587e-03  -2.0450136e-03
   4.0307535e-02  -6.6988428e-01  -1.9602626e+00  -7.0060868e-04  -4.9623330e-03  -2.3000929e-03
   4.1767467e-02  -6.3724736e-01  -1.9006329e+00  -9.8776219e-04  -5.1269192e-03  -2.2274775e-03
   4.1684339e-02  -6.1132059e-01  -1.8820051e+00  -1.4864817e-03  -5.1371508e-03  -2.3022173e-03
   3.9044144e-02  -5.6958142e-01  -1.8460366e+00  -2.1472812e-03  -5.2741046e-03  -2.3899700e-03
   4.7115951e-02  -5.9125305e-01  -1.8285368e+00  -1.5058955e-03  -5.4431945e-03  -2.4063710e-03
   5.5140754e-02  -5.7397324e-01  -1.8373069e+00  -1.7770597e-03  -5.4911024e-03  -2.3952008e-03
   5.1703647e-02  -5.3314395e-01  -1.7952145e+00  -1.5260221e-03  -5.4111574e-03  -2.2566063e-03
   2.9852826e-02  -4.6022277e-01  -1.6515153e+00  -2.2626412e-03  -5.8894664e-03  -2.4647327e-03
   3.6892266e-02  -5.2310332e-01  -1.7414764e+00  -2.4336458e-03  -6.3910632e-03  -2.6870569e-03
   2.3982561e-02  -4.4053977e-01  -1.6943165e+00  -3.0557896e-03  -6.0324994e-03  -2.8295236e-03
   3.8401859e-02  -4.2851433e-01  -1.6120845e+00  -2.7551571e-03  -6.0831167e-03  -2.5268174e-03
   3.5757150e-02  -3.5869404e-01  -1.5870374e+00  -2.9567667e-03  -6.0348816e-03  -2.5359451e-03
   4.1617742e-02  -3.8868637e-01  -1.5627716e+00  -2.8911096e-03  -6.2435595e-03  -2.4993390e-03
   4.8446015e-02  -4.1183979e-01  -1.5704054e+00  -2.3860717e-03  -6.2476398e-03  -2.3684821e-03
   5.4547905e-02  -3.7599117e-01  -1.5794804e+00  -2.5765590e-03  -6.3309144e-03  -2.4942409e-03
   5.1591372e-02  -3.9140382e-01  -1.5855565e+00  -2.7501555e-03  -6.2607550e-03  -2.3504746e-03
   5.4621195e-02  -3.7476864e-01  -1.6007563e+00  -2.9231491e-03  -6.2504530e-03  -2.4463493e-03
   5.0816579e-02  -3.3000969e-01  -1.5876664e+00  -3.3849906e-03  -6.1908200e-03  -2.4908333e-03
   6.8534559e-02  -4.0718872e-01  -1.5857200e+00  -2.0997367e-03  -6.5606417e-03  -2.5632185e-03
   7.0537973e-02  -3.9152616e-01  -1.5853854e+00  -2.2897585e-03  -6.5562438e-03  -2.4017327e-03
   6.1290827e-02  -3.5741630e-01  -1.5877778e+00  -3.0849982e-03  -6.5988465e-03  -2.6132261e-03
   6.3774672e-02  -3.6005743e-01  -1.5821667e+00  -3.3173062e-03  -6.8187148e-03  -2.7770843e-03
   5.8870003e-02  -3.7528558e-01  -1.5614774e+00  -3.0435503e-03  -6.8235605e-03  -2.7816068e-03
   4.3107099e-02  -3.3907815e-01  -1.5358873e+00  -3.2921610e-03  -6.6856801e-03  -2.7624054e-03
   6.2209460e-02  -3.8177960e-01  -1.5503952e+00  -3.3794394e-03  -7.1126894e-03  -2.7731605e-03
