   0.0000000e+00   0.0000000e+00   0.0000000e+00   0.0000000e+00   0.0000000e+00   0.0000000e+00
  -3.5938716e-03  -4.0008255e-02   2.7904990e-02   1.0656440e-03   1.8528378e-04   1.5308551e-04
  -1.8258837e-02   2.7318357e-03   4.4780308e-02   1.7011022e-03   2.9333433e-04   1.0599460e-04
  -1.1300346e-02  -3.8337219e-02   5.1628296e-02   1.4004390e-03   1.7955487e-04   3.3000824e-04
  -9.0803065e-03  -2.7370852e-02   6.5370117e-02   1.1244666e-03   8.4614081e-05   4.6725897e-04
  -7.0090726e-03   6.6538363e-02   6.3328321e-02   5.0472549e-05   1.7961337e-04   5.0591504e-04
   2.0126385e-02   1.1461665e-02   6.2231991e-02   1.4531460e-04   8.7494600e-05   1.0750541e-03
   1.7500900e-02  -2.3609068e-02   5.5577023e-02   5.4162601e-04   1.3500550e-04   1.0943609e-03
   3.5935007e-02   3.5718472e-02   3.7719870e-02   1.0307670e-03   5.2852651e-04   1.7107550e-03
   3.5847673e-02  -9.7055127e-02   5.4927562e-02   2.6360688e-03  -5.5853910e-06   1.4077125e-03
   3.8498920e-02  -8.7942674e-02   4.8060513e-02   2.7928741e-03  -9.3062076e-05   1.4070077e-03
   3.6881934e-02  -5.3975241e-02   5.4024457e-02   2.1567657e-03  -3.7112073e-05   1.2809579e-03
   3.0684639e-02   7.0557732e-03   7.5364027e-02   1.2371866e-03  -1.5428382e-05   1.2361288e-03
   3.7230589e-02  -6.4444472e-02   7.8842605e-02   1.9134000e-03  -2.6120048e-04   1.2816878e-03
   1.8182724e-02   1.5959582e-02   7.6328485e-02   1.0472403e-03  -5.5016324e-05   1.0793878e-03
   3.1858661e-02   2.5026965e-02   5.4864064e-02   4.2941648e-04  -1.0269717e-04   1.1860388e-03
   3.4824825e-02   6.1615771e-04   5.1884813e-02   2.3232536e-04  -1.0198749e-04   1.2619456e-03
   4.0027020e-02  -6.5426313e-02   3.8286489e-02   2.0775992e-03  -3.9817582e-04   1.0020570e-03
   3.8735083e-02  -1.9249559e-02   7.2810306e-03   2.2791514e-03  -6.4874234e-05   1.3066855e-03
   6.2851727e-02  -8.9014168e-02   6.3538350e-03   2.2227797e-03  -4.1371824e-04   1.5795565e-03
   4.9941158e-02  -1.0593315e-01   6.6195225e-03   2.5141274e-03  -1.0885900e-04   1.5784903e-03
   4.8063168e-02  -8.2133626e-02   2.6048217e-03   3.2161629e-03  -6.3910428e-06   1.7288628e-03
   5.7737341e-02  -1.7541378e-01   1.6125097e-02   3.8275074e-03  -4.8313323e-04   1.6768995e-03
   5.1451581e-02  -1.4492530e-01   5.8949889e-04   3.3694196e-03  -2.1312384e-04   1.7550767e-03
   5.8349618e-02  -1.2588286e-01   7.0297779e-04   3.8674133e-03  -3.8223006e-04   1.8795745e-03
   6.4037769e-02  -1.0384839e-01  -6.6432629e-03   2.9093525e-03  -3.3406009e-04   2.0977188e-03
   7.2423883e-02  -1.3433195e-01  -1.7598514e-02   2.9841567e-03  -5.8674055e-04   2.3070289e-03
   7.5807514e-02  -1.6768265e-01  -7.0204866e-03   3.0420679e-03  -5.0025245e-04   2.3122396e-03
   8.4851332e-02  -9.7521923e-02  -2.5355374e-02   2.8086974e-03  -2.3775192e-04   2.9178386e-03
   9.1703520e-02  -1.8175444e-01  -9.2158915e-03   3.7580004e-03  -5.6650437e-04   2.9944677e-03
   7.8263785e-02  -1.7260246e-01  -1.9797349e-02   4.5895813e-03  -3.1927358e-04   2.8097846e-03
   6.4259993e-02  -1.4427548e-01  -2.3512289e-02   4.1281020e-03  -3.8027479e-04   2.6122731e-03
   8.1957501e-02  -1.4277412e-01  -2.2351694e-02   3.4667475e-03  -8.4839480e-04   2.6839025e-03
   6.1297718e-02  -1.3263035e-01  -4.6538655e-02   3.5989167e-03  -3.0164873e-04   2.5516143e-03
   7.7303813e-02  -1.9960420e-01  -2.6355370e-02   4.0325369e-03  -9.2799547e-04   2.4491466e-03
   7.3860908e-02  -2.1220860e-01  -3.0534967e-02   4.8558016e-03  -7.6189972e-04   2.4963210e-03
   7.4932282e-02  -1.4611268e-01  -3.3794987e-02   4.2985272e-03  -7.7671064e-04   2.4269962e-03
   8.6058929e-02  -1.7648267e-01  -3.1478890e-02   4.4741299e-03  -9.4251308e-04   2.4124011e-03
   8.4983878e-02  -1.5171453e-01  -3.8914471e-02   3.9713716e-03  -8.4538903e-04   2.4125142e-03
   1.0487276e-01  -2.1870539e-01  -3.5329289e-02   4.1708605e-03  -1.1958751e-03   2.5585637e-03
   1.0113762e-01  -1.9543016e-01  -4.4737072e-02   4.2654768e-03  -9.9113969e-04   2.5502006e-03
   1.0989642e-01  -1.3440723e-01  -5.1038311e-02   3.7913748e-03  -1.2147882e-03   2.5840325e-03
   1.1352228e-01  -1.6211106e-01  -5.5959321e-02   3.8580821e-03  -1.1090634e-03   2.7129727e-03
   1.0390837e-01  -1.2506785e-01  -5.7743311e-02   3.7178296e-03  -8.7984309e-04   2.6506449e-03
   1.0611312e-01  -1.5660960e-01  -4.4085408e-02   4.5355955e-03  -9.0341388e-04   2.6079582e-03
   1.0959242e-01  -1.6953920e-01  -3.3981784e-02   4.2481536e-03  -8.9475680e-04   2.7900882e-03
   9.9764456e-02  -1.0299032e-01  -3.6579757e-02   3.3525392e-03  -9.5121264e-04   2.6345798e-03
   1.0077026e-01  -1.2030848e-01  -3.7775022e-02   3.0889390e-03  -8.4685664e-04   2.7279086e-03
   1.0839439e-01  -1.6244303e-01  -4.0327655e-02   3.5382236e-03  -1.0201087e-03   2.7460110e-03
   1.0562445e-01  -1.3641797e-01  -4.6880339e-02   4.1650739e-03  -1.3030253e-03   2.3411925e-03
   1.0702131e-01  -1.5882533e-01  -5.2112485e-02   4.0482281e-03  -1.1170863e-03   2.5293506e-03
   9.8004890e-02  -1.6745153e-01  -5.2902956e-02   3.4404179e-03  -1.0393435e-03   2.5956802e-03
   7.0958173e-02  -1.0616183e-01  -4.4009241e-02   2.9320974e-03  -5.3772738e-04   2.0890833e-03
   7.2453107e-02  -9.8421599e-02  -3.3811402e-02   2.8826142e-03  -5.6994861e-04   2.4121939e-03
   8.6510609e-02  -1.3642308e-01  -2.6948485e-02   3.1935660e-03  -7.4787316e-04   2.3326961e-03
   9.0436751e-02  -1.3187407e-01  -3.7891675e-02   3.3079804e-03  -7.4261776e-04   2.3985338e-03
   7.5600862e-02  -9.1244043e-02  -3.1946646e-02   3.3531382e-03  -7.1282618e-04   2.2273889e-03
   7.9843594e-02  -1.1585458e-01  -3.8808634e-02   3.6234925e-03  -8.2335230e-04   2.3833550e-03
   8.4537715e-02  -1.1190130e-01  -4.0556228e-02   3.0067499e-03  -7.3106889e-04   2.4114599e-03
   8.7766454e-02  -6.1643804e-02  -3.3936793e-02   2.0430883e-03  -5.9489699e-04   2.5050519e-03
   1.0049244e-01  -1.0647907e-01  -3.7573338e-02   2.7293758e-03  -7.9805476e-04   2.4626826e-03
   8.8948727e-02  -1.3087083e-01  -5.1846116e-02   3.0845712e-03  -6.3159658e-04   2.3412472e-03
   7.8450067e-02  -9.2151524e-02  -4.4793612e-02   2.9849036e-03  -5.1182530e-04   2.3188325e-03
   8.8181677e-02  -1.1667946e-01  -4.7406640e-02   2.7730486e-03  -6.7925622e-04   2.3826696e-03
   8.5396253e-02  -1.2183825e-01  -4.7636270e-02   2.6878878e-03  -7.0026322e-04   2.2169809e-03
   7.5386528e-02  -7.7194581e-02  -4.7265889e-02   2.5042248e-03  -6.2681493e-04   2.0708080e-03
   6.1052762e-02  -7.1582546e-02  -4.7392774e-02   2.4392296e-03  -4.2902929e-04   2.0293905e-03
   7.4813504e-02  -1.4301845e-01  -5.4358117e-02   3.5301612e-03  -5.1607814e-04   2.2052974e-03
   8.6755236e-02  -1.3757397e-01  -7.7647436e-02   3.4097549e-03  -6.3836716e-04   2.1383148e-03
   8.3310146e-02  -9.2751685e-02  -7.3300808e-02   2.8670334e-03  -6.9885221e-04   2.1033209e-03
   8.6418713e-02  -1.2029213e-01  -6.2897281e-02   2.6688742e-03  -6.8890620e-04   2.2695741e-03
   9.4013116e-02  -1.3479526e-01  -6.4573798e-02   2.8520841e-03  -8.9526803e-04   2.2388149e-03
   8.8998751e-02  -1.1567666e-01  -6.8630433e-02   2.7518815e-03  -9.7870986e-04   2.0219707e-03
   9.8909273e-02  -9.8687398e-02  -9.9271785e-02   2.2555232e-03  -1.0793465e-03   2.1955738e-03
   8.4798777e-02  -1.4255889e-01  -1.0467740e-01   3.4219510e-03  -8.9986177e-04   2.1679332e-03
   9.8185426e-02  -2.1406040e-01  -1.1789763e-01   3.5170646e-03  -1.1304049e-03   2.2582794e-03
   1.0088699e-01  -1.5220182e-01  -1.3512850e-01   3.8761341e-03  -9.0498043e-04   2.6373365e-03
   1.0294473e-01  -2.5163525e-01  -1.2879342e-01   4.5458940e-03  -1.1386849e-03   2.4420908e-03
   1.0390912e-01  -1.9902592e-01  -1.4812397e-01   4.4232827e-03  -9.8818881e-04   2.4568263e-03
   1.0493073e-01  -1.3725787e-01  -1.6338147e-01   3.0767752e-03  -1.1210737e-03   2.7692961e-03
   1.0427281e-01  -2.2058072e-01  -1.5201710e-01   3.3872591e-03  -1.3745387e-03   2.3709225e-03
   1.0059502e-01  -2.1348844e-01  -1.6696990e-01   4.5852886e-03  -9.6374885e-04   2.5864599e-03
   1.0859801e-01  -2.0531845e-01  -1.6488952e-01   4.3755015e-03  -1.1758004e-03   2.6255686e-03
   1.0558840e-01  -2.0097626e-01  -1.7463527e-01   4.0201643e-03  -9.9564422e-04   3.0484069e-03
   1.1079389e-01  -2.9238274e-01  -1.8137502e-01   4.7063100e-03  -1.6489739e-03   2.5531184e-03
   9.4780866e-02  -2.4830868e-01  -1.7334719e-01   4.7469315e-03  -1.3167436e-03   2.5206108e-03
   9.6758404e-02  -3.2147252e-01  -1.7827841e-01   5.9092517e-03  -1.6117925e-03   2.3026174e-03
   9.4994149e-02  -2.6422690e-01  -1.7225164e-01   5.1613344e-03  -1.6557891e-03   2.2467273e-03
   9.6971318e-02  -2.6124228e-01  -1.6416547e-01   4.9475619e-03  -1.7007221e-03   2.2961632e-03
   8.8929833e-02  -2.6759051e-01  -1.5594702e-01   5.0972171e-03  -1.6030872e-03   2.3668020e-03
   1.0000842e-01  -2.3895523e-01  -1.6327687e-01   5.2455781e-03  -1.5601218e-03   2.3128006e-03
   9.3083484e-02  -2.9350934e-01  -1.6384304e-01   5.5906724e-03  -1.5432543e-03   2.1479717e-03
   9.9205802e-02  -2.4225096e-01  -1.6413034e-01   5.1482833e-03  -1.7097465e-03   1.8899074e-03
   1.0052418e-01  -2.5804442e-01  -1.5959868e-01   5.2496573e-03  -1.7646830e-03   2.0500696e-03
   1.0445468e-01  -2.8034215e-01  -1.8575378e-01   5.0462628e-03  -1.6782159e-03   2.2116814e-03
   9.7821829e-02  -2.6214089e-01  -1.8244440e-01   4.9288264e-03  -1.4959987e-03   2.2021897e-03
   9.4385374e-02  -2.4317229e-01  -1.8782482e-01   4.7270851e-03  -1.4080702e-03   2.3330319e-03
   9.5493794e-02  -3.1644260e-01  -1.9749158e-01   5.7040532e-03  -1.3903638e-03   2.3592653e-03
   9.0100238e-02  -2.7538595e-01  -1.9503964e-01   5.4498076e-03  -1.2514643e-03   2.2813812e-03
   8.3569740e-02  -2.6708332e-01  -1.8456336e-01   5.1659818e-03  -1.1844759e-03   2.3996491e-03
   8.2121900e-02  -3.2967013e-01  -1.8752732e-01   5.6912996e-03  -1.1744822e-03   2.6496035e-03
   8.8880535e-02  -2.8469998e-01  -1.8364247e-01   5.5410915e-03  -1.3071153e-03   2.5885077e-03
   8.5899109e-02  -2.7539580e-01  -1.7727552e-01   5.2176819e-03  -1.2320361e-03   2.6298193e-03
   8.9497213e-02  -3.1785856e-01  -1.8287728e-01   5.7529242e-03  -1.2476187e-03   2.6488062e-03
   1.1926807e-01  -2.3020081e-01  -1.7110040e-01   4.9086306e-03  -1.6117643e-03   2.3756685e-03
   1.1185238e-01  -3.1368494e-01  -1.6934239e-01   5.9910409e-03  -1.4865215e-03   2.5976237e-03
   1.0684592e-01  -2.9036370e-01  -1.7250100e-01   5.3703483e-03  -1.4764664e-03   2.5038613e-03
   1.0148083e-01  -2.6497141e-01  -1.6998179e-01   5.3517316e-03  -1.3610115e-03   2.5277754e-03
   1.0482135e-01  -3.1838510e-01  -1.8982893e-01   5.6144762e-03  -1.3487019e-03   2.5832338e-03
   9.9062559e-02  -2.6726518e-01  -1.8347281e-01   5.2951526e-03  -1.2271501e-03   2.4835008e-03
   9.1674473e-02  -3.1081984e-01  -1.7942523e-01   6.2051803e-03  -1.2071820e-03   2.5970491e-03
   1.0054444e-01  -3.1718105e-01  -2.0439043e-01   5.8824056e-03  -1.0278048e-03   2.8547376e-03
   1.0444909e-01  -3.2315386e-01  -2.0305799e-01   5.9279361e-03  -7.6523863e-04   3.1822605e-03
   1.0184959e-01  -2.9546651e-01  -1.9348463e-01   5.7641906e-03  -9.0262631e-04   3.0109437e-03
   9.2505297e-02  -2.9195951e-01  -1.9111365e-01   5.7855163e-03  -6.5312642e-04   3.0433736e-03
   1.0616117e-01  -3.5926479e-01  -1.9435328e-01   6.7567450e-03  -7.6086467e-04   3.2528183e-03
   1.0425992e-01  -2.9275678e-01  -1.8561872e-01   6.2807096e-03  -8.0445559e-04   3.0265009e-03
   1.0266224e-01  -2.9882854e-01  -1.9455653e-01   5.9233578e-03  -9.0249483e-04   2.9985546e-03
   1.0367022e-01  -3.2629440e-01  -1.9757124e-01   6.0444064e-03  -9.4251473e-04   3.1147872e-03
   6.9098017e-02  -2.5116185e-01  -1.7446081e-01   5.5860860e-03  -4.2401688e-04   3.0279994e-03
   4.1488377e-02  -2.2755236e-01  -8.8763482e-02   6.1185893e-03  -8.5429763e-05   3.0276156e-03
   4.7770798e-02  -3.0887446e-01  -9.1202188e-02   7.4915421e-03  -8.1134800e-05   3.0720498e-03
   4.8948441e-02  -2.6314986e-01  -1.1443786e-01   6.7574495e-03  -6.4157416e-05   3.0826480e-03
   5.7601858e-02  -2.9199788e-01  -1.2693593e-01   6.1239635e-03  -2.9610761e-04   3.1416966e-03
   8.4633670e-02  -2.5055094e-01  -1.4380764e-01   5.3710204e-03  -6.1644648e-04   3.0650833e-03
   8.3521167e-02  -2.1968374e-01  -1.4268404e-01   5.1100362e-03  -5.9915066e-04   2.9690715e-03
   7.4270978e-02  -2.2259986e-01  -1.1580876e-01   5.6276441e-03  -4.3636366e-04   3.2423073e-03
   7.4312279e-02  -2.6225522e-01  -1.1521729e-01   6.8046010e-03  -6.1487621e-04   2.9547865e-03
   7.3846290e-02  -2.3503986e-01  -1.2628509e-01   6.8565184e-03  -7.4187440e-04   2.5492497e-03
   8.1536316e-02  -2.6415979e-01  -1.2054288e-01   6.7792368e-03  -6.9826171e-04   2.6597595e-03
   8.8546081e-02  -2.3539954e-01  -1.4442758e-01   6.1137459e-03  -8.9100129e-04   2.5149006e-03
   9.5366711e-02  -2.2199758e-01  -1.3509408e-01   6.0180365e-03  -1.1140189e-03   2.3460110e-03
   9.7886018e-02  -2.7438199e-01  -1.3545892e-01   6.6222972e-03  -1.0847179e-03   2.4902806e-03
   8.7614909e-02  -2.3603451e-01  -1.5627488e-01   6.9904038e-03  -1.0278859e-03   2.4140167e-03
   1.0517969e-01  -2.4035465e-01  -1.5547937e-01   6.0526364e-03  -1.2070699e-03   2.5066381e-03
   1.0794233e-01  -2.6922698e-01  -1.6757428e-01   6.1172502e-03  -1.1873397e-03   2.6012226e-03
   1.1818774e-01  -2.8279486e-01  -1.6225460e-01   6.3429584e-03  -1.3184982e-03   2.6357534e-03
   1.0766231e-01  -2.6599483e-01  -1.6206365e-01   6.6935903e-03  -1.1990260e-03   2.5764222e-03
   1.2740796e-01  -2.7135987e-01  -1.6365216e-01   6.4872866e-03  -1.6551136e-03   2.3520098e-03
   1.3357506e-01  -3.0133170e-01  -1.5773051e-01   6.6039040e-03  -1.5390641e-03   2.6395585e-03
   1.3817024e-01  -2.9672502e-01  -1.6593945e-01   7.0494213e-03  -1.6051168e-03   2.4962040e-03
   1.3250084e-01  -2.4391417e-01  -1.7224750e-01   6.3738231e-03  -1.7106474e-03   2.2147775e-03
   1.3313982e-01  -2.7780314e-01  -1.7551673e-01   6.5311850e-03  -1.6424861e-03   2.2255253e-03
   1.5135827e-01  -3.0619286e-01  -1.7909160e-01   6.5649458e-03  -1.8990552e-03   2.3207472e-03
   1.5336110e-01  -2.6240990e-01  -1.8922291e-01   6.0223888e-03  -1.8862980e-03   2.2471334e-03
   1.4299268e-01  -2.5961069e-01  -1.8103231e-01   6.0478378e-03  -1.6509112e-03   2.3682626e-03
   1.2718471e-01  -2.9236392e-01  -1.4688841e-01   6.7563090e-03  -1.4265862e-03   2.6480371e-03
   1.3703481e-01  -3.3183193e-01  -1.6646129e-01   7.0432321e-03  -1.7522645e-03   2.4260811e-03
   1.4174934e-01  -2.8574715e-01  -1.7119235e-01   6.2905004e-03  -1.8230100e-03   2.3184818e-03
   1.4628319e-01  -2.7932712e-01  -1.7370723e-01   6.2927590e-03  -1.8260537e-03   2.2360249e-03
   1.4041873e-01  -2.6169774e-01  -1.7669737e-01   5.8713764e-03  -1.6816013e-03   2.1788777e-03
   1.4860192e-01  -3.0549961e-01  -1.6621287e-01   6.3434078e-03  -1.7559362e-03   2.1065140e-03
   1.5339745e-01  -2.5363384e-01  -1.7733992e-01   6.1373478e-03  -1.8394339e-03   2.0090502e-03
   1.4252050e-01  -2.2548945e-01  -1.8427502e-01   5.9731757e-03  -1.7150375e-03   2.0003781e-03
   1.2955563e-01  -2.8326061e-01  -1.8390000e-01   6.5532535e-03  -1.6056949e-03   1.8385569e-03
   1.2910372e-01  -2.6667592e-01  -1.9264573e-01   5.9778183e-03  -1.7641108e-03   1.8285597e-03
   1.3838673e-01  -2.4817535e-01  -1.7870180e-01   5.7024366e-03  -1.8270751e-03   2.0114681e-03
   1.4397165e-01  -2.4893983e-01  -1.9784124e-01   5.8012267e-03  -1.9675889e-03   1.8561927e-03
   1.5366453e-01  -2.7293798e-01  -2.0426577e-01   5.8295298e-03  -1.9435266e-03   1.9578455e-03
   1.5435759e-01  -3.0871053e-01  -1.9924705e-01   6.4662613e-03  -2.0946154e-03   2.0278802e-03
   1.4783271e-01  -2.6246761e-01  -1.8783484e-01   5.9447853e-03  -2.0907102e-03   1.8292149e-03
   1.4648643e-01  -2.5663212e-01  -1.8439117e-01   5.6028183e-03  -2.1394072e-03   1.8297194e-03
   1.5355622e-01  -2.7555378e-01  -1.7415233e-01   5.7152350e-03  -2.2075475e-03   1.9109445e-03
   1.4467640e-01  -2.3737605e-01  -1.8263796e-01   5.4334920e-03  -2.0788594e-03   1.6582051e-03
   1.4655844e-01  -2.4419130e-01  -1.8857979e-01   5.4772000e-03  -2.1806082e-03   1.6377690e-03
   1.5207021e-01  -2.4300764e-01  -1.9611555e-01   5.4560360e-03  -2.0332847e-03   1.8699938e-03
   1.4638041e-01  -2.4061324e-01  -1.9019690e-01   5.7074924e-03  -1.9787740e-03   1.8667134e-03
   1.4258950e-01  -2.2342647e-01  -2.0084239e-01   5.7577933e-03  -2.0207697e-03   1.6369106e-03
   1.4299940e-01  -2.3501758e-01  -2.0491078e-01   5.4572446e-03  -2.0840674e-03   1.7510029e-03
   1.4207030e-01  -2.7222752e-01  -2.0866443e-01   5.7348744e-03  -2.0508256e-03   1.9354888e-03
   1.3857658e-01  -2.6367971e-01  -2.1697714e-01   5.5729695e-03  -1.9607879e-03   1.8066527e-03
   1.4709791e-01  -2.5685522e-01  -2.1091897e-01   5.5272493e-03  -2.1131936e-03   1.9734790e-03
   1.4268371e-01  -2.6602072e-01  -2.0523153e-01   5.3958502e-03  -1.8988467e-03   2.0347342e-03
   1.4811998e-01  -2.7156014e-01  -2.0225609e-01   5.5368813e-03  -2.0260133e-03   2.0425044e-03
   1.5858048e-01  -2.5584842e-01  -1.9572363e-01   5.4179137e-03  -2.1996567e-03   1.9388998e-03
   1.5857014e-01  -2.6901723e-01  -2.0111160e-01   5.8174272e-03  -2.1844589e-03   1.8985784e-03
   1.5813602e-01  -2.7741716e-01  -2.0876607e-01   5.9229918e-03  -2.1112740e-03   1.7541440e-03
   1.7925502e-01  -2.5205635e-01  -1.9260246e-01   5.8594841e-03  -2.0284378e-03   1.6521685e-03
   1.5748018e-01  -2.4713118e-01  -1.9770634e-01   5.7384433e-03  -2.0624394e-03   1.8482545e-03
   1.5953278e-01  -2.8581745e-01  -2.1841025e-01   6.1597833e-03  -1.9937464e-03   1.8869953e-03
   1.6725792e-01  -2.8603073e-01  -2.3782477e-01   6.1349686e-03  -2.0766202e-03   1.7980854e-03
   1.4502931e-01  -2.5437730e-01  -2.4210938e-01   5.5929781e-03  -1.7304211e-03   1.7659227e-03
   1.2899827e-01  -3.1017947e-01  -2.4719414e-01   6.1779592e-03  -1.4755535e-03   1.8822339e-03
   1.3231412e-01  -3.3114722e-01  -2.3968199e-01   6.3730557e-03  -1.5408275e-03   2.0149002e-03
   1.2430074e-01  -1.7703859e-01  -2.0028141e-01   4.6941740e-03  -1.2529809e-03   2.1243209e-03
   1.4796015e-01  -2.6737192e-01  -1.9066055e-01   4.8486580e-03  -1.7852360e-03   2.3274852e-03
   1.4671361e-01  -2.7810530e-01  -1.5935612e-01   5.7216136e-03  -1.7656530e-03   2.5323630e-03
   1.4722800e-01  -2.0575304e-01  -1.5481825e-01   5.0700612e-03  -1.9869790e-03   2.3806968e-03
   1.3999311e-01  -2.0905611e-01  -1.6451016e-01   4.5215303e-03  -2.1336376e-03   2.1161964e-03
   1.3103267e-01  -2.0873666e-01  -1.6173759e-01   4.1049483e-03  -1.9490255e-03   1.9981146e-03
   1.2641770e-01  -1.6416101e-01  -1.4971369e-01   3.7564688e-03  -1.8033477e-03   1.7862085e-03
   1.5528764e-01  -2.2275968e-01  -1.6267111e-01   4.7139785e-03  -2.3076134e-03   1.7583419e-03
   1.6959375e-01  -2.0871100e-01  -1.8187223e-01   4.2209516e-03  -2.5948083e-03   1.6986242e-03
   1.5642962e-01  -1.6885768e-01  -1.6601040e-01   4.0507869e-03  -2.3804945e-03   1.8264801e-03
   1.6124014e-01  -1.8238910e-01  -1.6560643e-01   3.3666623e-03  -2.3353198e-03   2.0308578e-03
   1.6497396e-01  -1.5944744e-01  -1.5461711e-01   2.9693830e-03  -2.4437054e-03   1.9912122e-03
   1.7104000e-01  -1.3486267e-01  -1.6245226e-01   2.9141856e-03  -2.6433192e-03   2.0815780e-03
   1.6527875e-01  -1.5251892e-01  -1.6740475e-01   2.8262360e-03  -2.6133203e-03   2.0901636e-03
   1.5608924e-01  -1.0002725e-01  -1.6267240e-01   2.1200372e-03  -2.7395244e-03   1.5198323e-03
   1.4527444e-01  -1.1450252e-01  -1.5853263e-01   2.4883461e-03  -2.5824008e-03   1.7033200e-03
   1.4038644e-01  -1.1938413e-01  -1.6436282e-01   2.3095178e-03  -2.3745303e-03   1.9220808e-03
   1.2266683e-01  -7.5988258e-02  -1.5474199e-01   1.7812139e-03  -2.1737493e-03   1.5520887e-03
   1.1633031e-01  -8.0805505e-02  -1.6662487e-01   2.4105672e-03  -2.2065743e-03   1.3601175e-03
   1.2819091e-01  -1.4794415e-01  -1.9330134e-01   3.0848810e-03  -2.3818751e-03   1.3945692e-03
   1.2147855e-01  -1.0811936e-01  -1.5020536e-01   2.7616206e-03  -1.9964434e-03   1.2096965e-03
   1.0688000e-01  -5.8995135e-02  -7.4162243e-02   2.7790836e-03  -1.5150293e-03   1.5566823e-03
   9.0947088e-02  -1.2844977e-01  -5.4864889e-02   3.7751183e-03  -1.2828461e-03   1.7596939e-03
   9.0028228e-02  -9.7533656e-02  -5.8132784e-02   3.2504104e-03  -1.3561178e-03   1.5992127e-03
   9.8867279e-02  -1.5586580e-01  -4.7787501e-02   3.7799028e-03  -1.3741556e-03   1.8095136e-03
   1.0372411e-01  -1.6945608e-01  -5.0472100e-02   3.9165797e-03  -1.6481757e-03   1.5748177e-03
   1.0229848e-01  -1.1564628e-01  -5.3423489e-02   3.2561725e-03  -1.8172805e-03   1.5111887e-03
   8.5565305e-02  -1.3354523e-01  -8.9336004e-02   2.9886805e-03  -1.7817476e-03   1.3681926e-03
   9.1921245e-02  -1.5502777e-01  -1.2022426e-01   3.0043656e-03  -1.7258882e-03   1.3901551e-03
   8.8533409e-02  -1.4974644e-01  -1.4876067e-01   2.7813600e-03  -1.7454616e-03   1.3527604e-03
   8.5711711e-02  -1.4311517e-01  -1.5504764e-01   2.8402486e-03  -1.8386560e-03   1.2261725e-03
   8.8573219e-02  -1.2755926e-01  -1.6455536e-01   2.9233422e-03  -1.8265611e-03   1.1600161e-03
   8.2379793e-02  -1.5461237e-01  -1.7956769e-01   2.9307622e-03  -1.7302567e-03   1.2200567e-03
   7.7456855e-02  -1.6997127e-01  -1.9574793e-01   2.7663753e-03  -1.7397751e-03   1.2962864e-03
   7.3267853e-02  -1.5353679e-01  -2.0493706e-01   2.6963821e-03  -1.7671589e-03   1.1483668e-03
   6.6427771e-02  -2.2803086e-01  -1.8396094e-01   3.9064029e-03  -1.6975397e-03   1.2059175e-03
   8.3692839e-02  -1.8911424e-01  -2.2541346e-01   2.9012019e-03  -1.9846268e-03   1.3426351e-03
   1.0686761e-01  -1.6788616e-01  -2.4078106e-01   2.3943768e-03  -2.1536746e-03   1.2154214e-03
   9.8044436e-02  -2.8335683e-01  -2.4259084e-01   3.8786741e-03  -2.1599567e-03   1.2313354e-03
   8.0293443e-02  -2.7680772e-01  -2.8366895e-01   4.5916504e-03  -1.8426027e-03   1.3716215e-03
   8.7741682e-02  -2.5666376e-01  -2.8911296e-01   4.7836894e-03  -1.6630485e-03   1.6427185e-03
   9.9925873e-02  -3.3964738e-01  -2.5780509e-01   4.8688450e-03  -1.9080559e-03   1.7409181e-03
   8.7991394e-02  -2.6249334e-01  -2.9870137e-01   4.4074825e-03  -1.3309456e-03   2.1858273e-03
   1.1243196e-01  -3.3325009e-01  -3.0372103e-01   4.9176247e-03  -1.9016384e-03   2.2525049e-03
   9.5571692e-02  -3.7531493e-01  -3.1685978e-01   6.0655895e-03  -1.7564741e-03   1.8091578e-03
   8.8937926e-02  -3.4521871e-01  -3.2269588e-01   6.8115309e-03  -1.8058326e-03   1.6742112e-03
   9.1332565e-02  -3.8012425e-01  -3.1748361e-01   6.4726293e-03  -1.9715122e-03   1.6374785e-03
   8.9572698e-02  -3.5622637e-01  -3.1661225e-01   5.5979626e-03  -2.2103507e-03   1.4242713e-03
   8.8653861e-02  -2.7730088e-01  -3.1971470e-01   4.7353266e-03  -2.3614566e-03   1.1887293e-03
   8.9830374e-02  -3.8506772e-01  -3.0816407e-01   5.6289958e-03  -2.6563208e-03   1.1952260e-03
   9.0550736e-02  -3.2271958e-01  -3.3311047e-01   4.7360117e-03  -2.6465911e-03   1.1165824e-03
   9.1502480e-02  -3.0662970e-01  -3.4604226e-01   5.1254842e-03  -2.7045201e-03   1.2352568e-03
   1.0546977e-01  -3.6124706e-01  -3.4106776e-01   5.4375939e-03  -2.8021882e-03   1.4033675e-03
   9.2092165e-02  -2.8812215e-01  -3.5269717e-01   4.9847362e-03  -2.5852620e-03   1.5252808e-03
   8.4178650e-02  -2.9816923e-01  -3.4928881e-01   4.5841972e-03  -2.6509591e-03   1.3470767e-03
   9.7791437e-02  -4.1210572e-01  -3.2268347e-01   6.3918613e-03  -2.9825648e-03   1.1895737e-03
   9.1273692e-02  -3.3347698e-01  -3.4157344e-01   5.1807239e-03  -2.7502989e-03   1.1859128e-03
   8.6518602e-02  -2.9145148e-01  -3.0802595e-01   4.8782547e-03  -2.2921928e-03   1.9591580e-03
   5.2081959e-02  -1.2670423e-01  -7.9861691e-02   3.6802928e-03  -1.2683488e-03   2.9140448e-03
   6.7529559e-02  -1.4998845e-01  -1.0628011e-01   3.7842747e-03  -1.5924286e-03   2.9555952e-03
   7.1807599e-02  -1.0955256e-01  -1.3404403e-01   3.2741356e-03  -1.9417439e-03   2.4797589e-03
   6.8829574e-02  -1.2574481e-01  -1.5858931e-01   3.0819685e-03  -1.7923021e-03   2.1315613e-03
   4.7073278e-02  -1.1940949e-01  -1.7891851e-01   2.3484038e-03  -1.5195406e-03   1.8395698e-03
   3.9543412e-02  -8.0892603e-02  -1.9349731e-01   2.0046919e-03  -1.2084058e-03   1.7926134e-03
   4.6548498e-02  -9.5280043e-02  -1.7710427e-01   2.6175087e-03  -1.2160868e-03   1.6304007e-03
   4.8153217e-02  -1.1457351e-01  -1.8320946e-01   2.6302199e-03  -1.3480495e-03   1.5999676e-03
   4.3955048e-02  -1.3659386e-01  -1.7559153e-01   2.6623767e-03  -1.3325505e-03   1.4716421e-03
   3.5496598e-02  -6.2208224e-02  -1.5126806e-01   1.5174593e-03  -1.1961551e-03   1.2214892e-03
   2.1772765e-02  -3.6216797e-02  -1.5617529e-01   4.2525076e-04  -7.7398783e-04   1.0342062e-03
   1.8802755e-02  -9.3852734e-02  -1.5146674e-01   1.1558423e-03  -8.1561117e-04   1.1600509e-03
   3.4317887e-03  -4.2736722e-02  -1.4526416e-01   6.7517666e-04  -7.1984402e-04   1.1183136e-03
  -1.2992351e-02  -7.4803634e-02  -1.3314898e-01   1.0326538e-03  -6.5436713e-04   8.2665719e-04
   1.8923255e-03  -9.9655830e-02  -1.3455941e-01   1.2005233e-03  -8.5235062e-04   8.5005806e-04
   5.8425004e-04  -8.7630806e-02  -1.3556103e-01   1.0567205e-03  -7.8932126e-04   9.5743493e-04
  -9.1202405e-03  -5.1431211e-02  -1.2374927e-01   3.9339138e-04  -6.5383721e-04   9.4464639e-04
  -8.7786790e-02  -1.6133815e-02  -6.7537063e-02   2.9418711e-04   1.1931463e-03   9.6770778e-04
  -8.0233844e-02  -5.6713161e-02  -1.1705978e-01  -1.7982774e-04   1.3271082e-03   1.1464751e-03
  -6.3090710e-02  -1.4092997e-02  -1.2600271e-01  -5.3296437e-04   1.2032395e-03   9.1690911e-04
  -6.7643044e-02  -3.0789603e-02  -1.3073803e-01  -4.9888537e-04   1.3058242e-03   8.4729399e-04
  -5.7173237e-02  -2.2390007e-02  -1.2085628e-01  -7.6085012e-04   1.1510388e-03   7.8108554e-04
  -5.3776457e-02  -1.8561227e-02  -1.1844746e-01  -4.4761909e-04   1.2455862e-03   7.9991244e-04
  -5.2298918e-02   1.1446550e-02  -1.2309134e-01  -7.3672065e-04   1.2765522e-03   6.8817162e-04
  -4.4932521e-02  -2.4136965e-02  -1.3106449e-01  -7.0192161e-04   1.0021926e-03   6.1864285e-04
  -4.0057145e-02  -3.1612790e-02  -1.4547497e-01  -9.8917368e-04   7.1401067e-04   4.3109615e-04
  -4.4930623e-02  -2.9700679e-02  -1.4964799e-01  -8.0087920e-04   7.5253739e-04   3.9563140e-04
  -5.6869213e-02   4.6431547e-03  -1.5080193e-01  -9.4837986e-04   9.8524017e-04   5.8577321e-04
  -6.5325043e-02  -3.6894273e-02  -1.6543208e-01  -4.4877974e-04   1.0081619e-03   3.6292653e-04
  -4.8380839e-02  -8.0836625e-02  -2.0700066e-01   4.9958882e-04   7.3974047e-04   5.4352810e-04
  -6.4540985e-02  -8.0277222e-02  -2.0792216e-01   1.4351055e-04   7.9386952e-04   1.1941800e-04
  -6.4106174e-02  -5.6329814e-02  -2.2118513e-01  -1.8006183e-04   6.5594651e-04  -7.2026053e-05
  -6.8628404e-02  -4.8515831e-02  -2.2485253e-01  -4.5613796e-04   7.3014392e-04  -2.3690195e-04
  -7.4154461e-02  -7.7903228e-02  -2.2349790e-01  -1.3693702e-04   9.5101724e-04  -2.9673841e-04
  -6.1319255e-02  -1.1730020e-01  -2.0758099e-01   6.0043842e-04   6.6725995e-04  -2.3988521e-06
  -6.8696698e-02  -1.1709508e-01  -2.2584618e-01   6.4730258e-04   6.4731912e-04  -1.0462713e-04
  -6.3814999e-02  -8.5627506e-02  -2.0627735e-01  -2.7664009e-04   5.7084877e-04   2.9490443e-06
  -6.2417395e-02  -1.1234164e-01  -2.0453226e-01  -2.9014332e-04   6.3803875e-04   3.4374249e-05
  -5.9628603e-02  -8.3157968e-02  -1.9924707e-01  -7.3917438e-04   5.8192589e-04   1.3278613e-04
  -6.4836657e-02  -6.0884438e-02  -2.0185890e-01  -8.5219876e-04   6.8927631e-04   1.1174120e-04
  -6.2698781e-02  -9.9018918e-02  -2.2264606e-01  -2.5851792e-04   7.6518887e-04   2.0432045e-04
  -5.1216537e-02  -9.1805090e-02  -2.0536111e-01  -2.9193747e-04   5.5592741e-04   3.1738045e-04
  -4.0422076e-02  -5.3863627e-02  -2.0200341e-01  -8.4819200e-04   4.8638168e-04   4.3951725e-04
  -4.1518402e-02  -8.1809030e-02  -2.0622885e-01  -6.9770794e-04   5.2360046e-04   5.3013862e-04
  -4.6101781e-02  -6.1474978e-02  -2.0669936e-01  -9.5564938e-04   6.2006008e-04   6.2287434e-04
  -4.4089308e-02  -4.0438229e-02  -1.9242241e-01  -1.0538619e-03   5.8286378e-04   4.4101455e-04
  -3.7439807e-02  -5.2459852e-02  -2.0046203e-01  -1.4728375e-03   6.2883764e-04   4.0848156e-04
  -3.3959539e-02  -4.2887308e-02  -1.8955515e-01  -1.7979395e-03   4.6517182e-04   3.9481374e-04
  -2.9149778e-02  -4.0648914e-02  -2.4523976e-01  -2.1683986e-03   2.5511504e-04   4.9205997e-04
  -4.6209476e-02  -1.9210617e-01  -3.4553045e-01  -1.1573968e-03   6.7650634e-04   9.6347755e-04
  -6.2639014e-02  -1.7530780e-01  -2.9290660e-01  -7.5245546e-05   9.4851338e-04   9.4281845e-04
  -5.7316096e-02  -1.4932102e-01  -2.9744465e-01  -3.4705652e-04   8.4579912e-04   9.7686525e-04
  -4.6112453e-02  -1.5608641e-01  -2.8745251e-01  -8.4417368e-04   7.8936937e-04   1.2705565e-03
  -3.9458469e-02  -8.8672115e-02  -2.6625664e-01  -1.6353061e-03   6.7924052e-04   1.4980017e-03
  -2.7518253e-02  -1.0684430e-01  -2.6786086e-01  -1.0486436e-03   4.7042474e-04   1.5184358e-03
  -5.8859319e-03  -8.9213357e-02  -1.5319796e-01   5.6115846e-05   3.9589269e-04   1.8910335e-03
   2.4621340e-04  -5.0705473e-02  -1.2664628e-01  -2.4208185e-04   6.5093061e-04   2.2352442e-03
  -2.3494826e-03  -6.6900167e-02  -1.6640072e-01  -5.7464001e-04   8.6445727e-04   2.7903497e-03
  -1.2607306e-02  -1.1552493e-01  -2.6009634e-01  -1.1745628e-03   1.1578673e-03   3.0097992e-03
  -7.3084169e-04  -1.2988105e-01  -2.9010956e-01  -1.4173395e-03   9.9089960e-04   2.9790596e-03
   5.1956296e-03  -1.1718966e-01  -2.6137757e-01  -1.1164566e-03   7.5251085e-04   2.9866877e-03
  -6.2930048e-03  -2.1063801e-01  -3.3574828e-01  -6.0025684e-04   8.3455688e-04   2.8400274e-03
   1.2691318e-02  -2.5751507e-01  -3.9664475e-01  -1.3012623e-04   4.3217843e-04   2.8371664e-03
  -2.1327922e-03  -2.7311199e-01  -5.0384670e-01  -2.8112715e-04   5.0131458e-04   2.7989068e-03
  -1.5642559e-04  -1.4204975e-01  -2.8180732e-01  -3.6609261e-04   6.5384543e-04   3.0547962e-03
   2.4488491e-02   1.2636058e-02  -7.2586400e-02   1.1697047e-04   3.8601327e-04   3.0084074e-03
   1.3935043e-02   9.7468805e-02   1.8784537e-02  -1.0481948e-03   7.4733241e-04   3.1208884e-03
   9.0237993e-03   7.2081195e-02   1.9650656e-02  -8.2115382e-04   6.4799097e-04   3.0868702e-03
  -3.0221951e-03   1.1832819e-01   2.9033022e-02  -1.3128952e-03   6.3026107e-04   2.7191338e-03
  -7.3566840e-03   1.3436877e-01   4.1511113e-02  -1.2788472e-03   6.8876393e-04   2.5661786e-03
   1.9647526e-02   1.0892028e-01   3.7445688e-02  -9.9574546e-04   1.1346382e-04   2.7025634e-03
   3.1823139e-02   9.4982622e-02   2.1804467e-02  -9.7116681e-04  -3.3059301e-06   2.7229549e-03
   2.4031110e-02   1.5245235e-01   3.2680330e-02  -1.4489655e-03   7.9547870e-06   2.5841672e-03
   2.7606595e-02   1.1062465e-01   3.2986278e-02  -1.4117056e-03   8.2088155e-05   2.7219333e-03
   4.0271791e-02   1.1128710e-01   4.1058337e-02  -1.3184679e-03   1.1180785e-04   2.9318659e-03
   4.4624754e-02   1.6514240e-01   7.0171603e-02  -2.0416449e-03   2.6756261e-04   3.1081581e-03
   4.4592202e-02   1.7235516e-01   5.6840585e-02  -2.5166595e-03   2.8960576e-04   3.2293539e-03
   4.2886272e-02   1.7635136e-01   6.3624856e-02  -2.7677997e-03   3.2552511e-04   3.2088199e-03
   4.4482566e-02   1.8846969e-01   4.8629133e-02  -1.8397965e-03   1.1767749e-04   3.2518915e-03
   4.1534820e-02   1.3976153e-01  -8.3259032e-03  -1.9281106e-03   2.0900879e-04   3.2519950e-03
   2.2997432e-02   8.1695888e-02  -8.0120945e-02  -1.8254025e-03   3.7893461e-04   3.1622425e-03
   3.4344591e-02   8.9187645e-02  -1.1844488e-01  -2.0867663e-03   4.4476129e-04   3.4318836e-03
   3.1274198e-02   5.2581577e-02  -1.2879268e-01  -1.6898876e-03   4.4654342e-04   3.3695278e-03
   2.7726590e-02   5.0935326e-02  -1.1629762e-01  -1.6105797e-03   3.1141270e-04   3.3761437e-03
   1.5535951e-02   6.6121564e-02  -1.1321413e-01  -2.1145462e-03   3.2605186e-04   3.1259845e-03
   2.1802248e-02   5.9312732e-02  -1.2197415e-01  -2.3648845e-03   3.4105514e-04   3.1290580e-03
   2.5323437e-02   1.2832268e-02  -1.2086564e-01  -1.5817274e-03   2.0507503e-04   3.1558051e-03
  -3.7852322e-04   5.4492227e-02  -1.0497981e-01  -1.4572859e-03   4.0242244e-04   2.9678927e-03
  -5.9150520e-03   4.3298741e-02  -1.1157367e-01  -1.5406209e-03   3.9179897e-04   2.7615914e-03
   5.1814233e-03   2.0287501e-02  -1.3490891e-01  -1.6853482e-03   1.6382792e-04   2.8336725e-03
  -2.6072466e-03   6.2172979e-02  -1.4560721e-01  -2.2292151e-03   2.4212515e-04   2.7272951e-03
   1.9923334e-02   2.3740049e-02  -1.8265537e-01  -2.0323381e-03  -2.4732964e-04   2.5194665e-03
   3.3924933e-02   6.2421331e-02  -9.0191894e-02  -1.8982776e-03  -3.1100077e-04   2.7359541e-03
   2.5667954e-02  -4.5101184e-03  -1.7664404e-01  -1.3862047e-03  -1.3117700e-04   2.8002645e-03
   9.3421602e-03  -3.2238264e-02  -2.5946276e-01  -1.5520932e-03   5.9138149e-05   2.7887818e-03
   1.8391499e-02  -3.1481788e-02  -2.4038833e-01  -1.5330300e-03  -7.8761163e-05   2.9582041e-03
   2.0681606e-02  -4.7598879e-02  -2.2214536e-01  -1.2802823e-03  -1.0371622e-04   2.8924218e-03
   1.6354492e-02  -2.6983417e-02  -2.3306322e-01  -1.7763844e-03   8.8178683e-05   2.8700418e-03
   4.3196264e-03  -2.8239047e-02  -2.2419073e-01  -1.8781293e-03   2.2804999e-04   2.7847083e-03
  -1.4193249e-03  -5.0393891e-02  -2.3580486e-01  -1.8400000e-03   1.4602006e-04   2.7381366e-03
   1.5638236e-03   8.6520972e-03  -1.9894245e-01  -2.1010052e-03   2.7749060e-05   2.7471982e-03
  -6.2777672e-03   1.3603437e-02  -1.8693146e-01  -2.1473459e-03   1.7164008e-04   2.6819488e-03
  -1.3953603e-02  -2.8520434e-02  -2.1929648e-01  -1.9990296e-03   5.5226619e-04   2.6142897e-03
  -3.5125540e-03  -1.0507451e-03  -2.0619915e-01  -2.2007376e-03   4.2223713e-04   2.8570915e-03
  -7.6911233e-03   5.7339189e-02  -1.8684430e-01  -3.1261010e-03   5.2652822e-04   2.8885005e-03
  -5.4178889e-03   4.1176944e-02  -2.0638346e-01  -3.2501328e-03   3.1452664e-04   2.8720442e-03
  -1.4757424e-03  -3.1570305e-03  -2.1755018e-01  -2.7690869e-03   2.5406043e-04   2.9916382e-03
   7.5630941e-03   1.7449811e-02  -2.5894857e-01  -3.1277290e-03   2.4439663e-04   3.0329077e-03
   4.2657810e-03   1.2736272e-01  -1.3318582e-01  -4.1609740e-03   4.5546890e-04   2.9326654e-03
  -1.3165352e-03   1.1077810e-01  -1.0109345e-01  -4.4266556e-03   8.1459111e-04   3.4282628e-03
  -1.1088360e-03   1.2824547e-01  -8.9020192e-02  -3.5570374e-03   8.2803605e-04   3.4684324e-03
   9.5318726e-03   1.6029875e-01  -2.4264405e-02  -3.1993669e-03   5.7482237e-04   3.7499285e-03
   1.1396177e-03   1.5049595e-01  -4.2538380e-02  -3.7005797e-03   7.4686295e-04   3.5206011e-03
   1.2578613e-02   1.7887096e-01  -4.1873446e-02  -4.0754485e-03   4.7080837e-04   3.7551015e-03
   8.4415206e-03   5.9532900e-02  -2.5414209e-01  -4.5203684e-03   4.1747851e-04   3.9028112e-03
   9.5040619e-03  -1.5955730e-01  -4.4496700e-01  -3.0715002e-03   3.4919118e-04   4.1919924e-03
   9.7767430e-03   7.1288048e-04  -3.4776403e-01  -3.5169802e-03   4.2699093e-04   4.5998222e-03
   1.9388597e-02   1.0606102e-01  -1.6296746e-01  -4.0876649e-03   7.2114845e-04   5.4027330e-03
   3.4659756e-02  -4.8256459e-02  -3.5293232e-01  -3.9303708e-03   2.1107031e-04   5.0715914e-03
   4.6202851e-02  -1.5504484e-01  -5.9420303e-01  -4.8718831e-03   6.5651339e-05   4.5345912e-03
   2.1039550e-02  -2.4486008e-01  -6.7821325e-01  -4.4715606e-03   4.4702461e-05   4.4289422e-03
   8.0166447e-03  -7.6222788e-02  -4.5756463e-01  -4.0914930e-03   6.3734956e-04   5.0257953e-03
   1.4486562e-02   2.7151651e-02  -2.4242544e-01  -3.9253685e-03   6.7939554e-04   5.1607761e-03
   1.7741879e-02   1.8131936e-02  -2.3876461e-01  -4.5525768e-03   6.2972044e-04   5.1734885e-03
   2.2454763e-02   9.6117324e-02  -2.2530531e-01  -5.6669172e-03   7.8804498e-04   5.2320965e-03
   2.4841999e-02   8.8390400e-02  -2.1931321e-01  -5.5535362e-03   7.5972353e-04   5.3623829e-03
  -3.1611010e-03   3.9758904e-02  -2.7722574e-01  -5.0356659e-03   1.5852134e-03   5.4685867e-03
   1.2520761e-02   1.9011863e-02  -2.6200621e-01  -4.5982772e-03   1.7119469e-03   5.1297686e-03
   2.0155670e-02  -1.6233681e-01  -4.8061378e-01  -3.5343783e-03   1.3604994e-03   4.7685230e-03
  -1.4148907e-02  -2.9128204e-01  -6.6611525e-01  -3.6145737e-03   1.4833466e-03   4.8306017e-03
  -3.0267824e-02   7.9333418e-02  -2.5268977e-01  -4.5446994e-03   1.9417839e-03   5.3302516e-03
  -8.0247142e-03   7.9326844e-02  -1.9908526e-01  -4.6095392e-03   1.9525399e-03   6.1278461e-03
  -1.1726694e-02  -4.2833775e-02  -3.4904897e-01  -4.1833610e-03   1.8591214e-03   6.7699204e-03
  -1.3531324e-02   2.7873432e-03  -3.1458988e-01  -4.4539030e-03   1.8697257e-03   7.1140164e-03
  -2.0826796e-02   6.6271431e-04  -3.3288461e-01  -5.0927203e-03   2.1747002e-03   6.7588860e-03
  -1.8482617e-02  -1.5749348e-02  -3.5362934e-01  -5.0421973e-03   2.1630141e-03   6.9637332e-03
  -1.7725002e-02  -1.5487816e-01  -4.2171975e-01  -2.0782117e-03   2.5830158e-03   6.7562054e-03
   2.4131894e-02  -1.0509471e-01  -4.0498984e-01  -1.8945159e-03   2.7891002e-03   7.5108753e-03
   4.7958989e-02  -5.2678120e-02  -2.8315871e-01  -3.3702813e-03   2.7606715e-03   8.6350271e-03
   8.0007810e-02   2.0845268e-02  -2.5112470e-01  -3.9920392e-03   1.9895356e-03   8.8442989e-03
   7.9334587e-02   5.9619930e-02  -2.4224448e-01  -5.1348379e-03   1.9260626e-03   9.2335005e-03
   9.3058625e-02   6.2595807e-02  -2.6673078e-01  -5.5666290e-03   1.6317699e-03   8.9497918e-03
   6.0547452e-02   9.5244058e-02  -2.8596604e-01  -5.9257643e-03   2.1439634e-03   9.4861172e-03
   4.5098456e-02   7.8335282e-02  -2.6893717e-01  -5.4432341e-03   2.0500065e-03   9.6884877e-03
   5.0385697e-02   1.0003774e-01  -2.4456163e-01  -5.5953007e-03   1.2075002e-03   8.9842743e-03
   5.6248544e-02   1.3839478e-01  -2.4744399e-01  -6.9386394e-03   1.3342774e-03   8.4017568e-03
   5.8986637e-02   7.4436902e-02  -2.8416055e-01  -6.0389344e-03   1.2295158e-03   8.2544763e-03
   6.2938497e-02   6.2195458e-02  -2.6625830e-01  -4.9934271e-03   1.0347689e-03   8.1269006e-03
