   0.0000000e+00   0.0000000e+00   0.0000000e+00   0.0000000e+00  -8.6736174e-19   0.0000000e+00
  -2.3876565e-03  -1.2001597e-03   5.9317043e-03   6.3323052e-05   2.2004981e-04   1.0193637e-04
  -8.0429081e-03  -6.6488619e-03  -4.9109330e-04   4.8541897e-04   6.3147285e-04   4.2338779e-04
  -1.2844263e-02  -2.8786507e-02   6.5908545e-03   1.2374236e-03   7.8438732e-04   5.7036930e-04
  -9.2279482e-03  -5.0669091e-02  -5.0111982e-03   1.4586065e-03   5.1493546e-04   4.6686349e-04
  -6.8191077e-03  -2.3762058e-02  -2.0438263e-02   7.1234812e-04   2.8147704e-04   4.7372331e-04
   8.1832008e-03   4.1755505e-04  -8.2273587e-02   1.1358328e-04  -1.0687713e-04   4.0068505e-04
   1.0935221e-02   2.6168049e-02   7.2504023e-03  -1.0936216e-04  -4.4497050e-05   1.3065301e-04
   1.3917785e-02  -2.7492999e-02  -8.0487500e-04   5.5028216e-04  -6.1508415e-05   3.7414115e-05
   7.9253398e-03   1.0639581e-02  -3.1053884e-02   2.8548863e-04  -5.2567387e-05  -2.1693445e-05
   1.3060081e-02  -5.5600910e-03  -2.0612628e-02  -2.0371228e-04  -2.7223724e-04   3.4119969e-05
   1.9309079e-02  -1.5946342e-02  -2.1290833e-02   8.4708802e-04  -3.8939190e-04   1.1719034e-04
   2.7715243e-02   2.6542553e-02  -3.5213158e-02  -4.5634530e-04  -5.2446178e-04   8.7345020e-05
   2.2346663e-02  -1.8445607e-03  -4.4063503e-02  -5.6255973e-04  -3.6936614e-04  -1.6512254e-05
   2.1732322e-02   1.5517831e-02  -5.3328522e-02  -7.0044206e-04  -3.1438581e-04   4.4544841e-05
   4.9298832e-02   3.8238960e-02  -1.0452347e-01  -2.1681942e-03  -6.1372841e-04  -4.3135804e-04
   1.1616917e-01   2.7331048e-02  -2.5049006e-01  -4.6137476e-03  -1.0938702e-03  -1.4002239e-03
   8.2260722e-02   1.4577377e-01  -1.2163750e-01  -6.1078967e-03  -1.1693866e-03  -1.8428793e-03
   2.9405213e-02   7.9944104e-02  -1.5415230e-01  -5.5279441e-03  -8.7561884e-04  -1.7018388e-03
   3.6257944e-02   1.3857981e-01  -1.5628065e-01  -5.6253018e-03  -9.9450229e-04  -1.4402313e-03
   2.9749584e-02   6.8425702e-02  -1.5500802e-01  -4.1951826e-03  -1.0086971e-03  -1.6042474e-03
   1.5684856e-02   7.6792491e-02  -1.4280099e-01  -3.7584871e-03  -8.9270421e-04  -1.3235494e-03
   1.5801134e-02   8.7907560e-02  -1.4660022e-01  -3.8351829e-03  -8.8316898e-04  -1.3011396e-03
   2.2705348e-02   6.6171958e-02  -1.5544902e-01  -3.4950999e-03  -1.0540664e-03  -1.3800865e-03
   1.9681408e-02   4.7331548e-02  -1.5818808e-01  -3.3258508e-03  -9.3456154e-04  -1.2991337e-03
   2.3777658e-02   5.1080767e-02  -1.5890084e-01  -2.9197058e-03  -1.0208699e-03  -1.2970955e-03
   1.8262184e-02   2.0365857e-02  -1.4716094e-01  -2.1341171e-03  -8.8855513e-04  -1.3158326e-03
   1.5977847e-02  -2.2865958e-02  -1.5605482e-01  -1.2937679e-03  -9.4835632e-04  -1.4305816e-03
   7.1880856e-03  -3.0718733e-02  -1.7588102e-01  -1.1511451e-03  -1.0200094e-03  -1.4616917e-03
  -6.1966789e-03  -3.4976597e-02  -1.6191884e-01  -6.9194987e-04  -6.9635774e-04  -1.3941429e-03
  -1.0014552e-02  -3.0050559e-02  -1.6421064e-01  -5.2194952e-04  -4.8974608e-04  -1.3086416e-03
  -1.4536909e-02  -9.0298108e-02  -1.5016122e-01   6.8417264e-04  -4.0676653e-04  -1.2637795e-03
  -2.0042465e-02  -1.1710879e-01  -1.5285091e-01   1.6266708e-03  -3.9468180e-04  -1.2628253e-03
  -2.5192300e-02  -9.8712780e-02  -1.3308617e-01   1.3836034e-03  -2.1491654e-04  -1.1268509e-03
  -4.2643934e-02  -7.4895003e-02  -1.4340126e-01   8.1232250e-04   6.9722861e-05  -1.0593846e-03
  -4.5850777e-02  -9.3651818e-02  -1.2565764e-01   8.3462116e-04   5.8153455e-05  -1.0778971e-03
  -5.5475915e-02  -1.1568191e-01  -1.0107572e-01   1.8284975e-03   7.3264072e-05  -1.2850341e-03
  -7.4246125e-02  -1.5357211e-01  -9.5881718e-02   2.7557867e-03   7.9403169e-05  -1.6704667e-03
  -8.3315688e-02  -1.2932952e-01  -1.2173379e-01   2.2860052e-03  -3.1427128e-05  -1.9973987e-03
  -8.7185888e-02  -1.1147257e-01  -1.2372560e-01   1.5044051e-03  -3.8161244e-04  -2.2937679e-03
  -9.7570092e-02  -1.1139089e-01  -1.3741673e-01   1.2387572e-03  -4.0558542e-04  -2.4766226e-03
  -9.9140779e-02  -1.0328248e-01  -1.3876880e-01   1.4902404e-03  -4.5511364e-04  -2.5981769e-03
  -1.0567569e-01  -1.0155601e-01  -1.6177294e-01   1.5672263e-03  -3.7355616e-04  -2.6418530e-03
  -1.0182945e-01  -1.3975684e-01  -1.5449514e-01   1.9727302e-03  -3.9023118e-04  -2.6155508e-03
  -1.0929745e-01  -1.2662647e-01  -1.5572751e-01   2.2852614e-03  -2.0878745e-04  -2.6140804e-03
  -1.0813704e-01  -1.0431760e-01  -1.6271075e-01   1.6268396e-03  -4.3357275e-04  -2.7176595e-03
  -1.2378009e-01  -1.2719596e-01  -1.7366302e-01   1.4010638e-03  -2.6309368e-04  -2.8870476e-03
  -1.0671630e-01  -8.6459435e-02  -1.4422228e-01   1.2183532e-03  -4.9723691e-04  -2.9878783e-03
  -1.1189881e-01  -8.7415498e-02  -1.1042879e-01   1.6156138e-03  -5.6336606e-04  -3.0820056e-03
  -1.1962311e-01  -1.0177046e-01  -1.3888316e-01   1.5509327e-03  -5.7447575e-04  -3.2165478e-03
  -1.1623265e-01  -8.7290344e-02  -1.5953258e-01   8.5328681e-04  -6.7525777e-04  -3.3827310e-03
  -1.0973394e-01  -5.7623973e-02  -1.6452459e-01   4.9825600e-04  -6.6260115e-04  -3.2260511e-03
  -1.1812816e-01  -1.1239922e-01  -1.9155311e-01   1.0338382e-03  -6.9161171e-04  -3.2646680e-03
  -1.0008837e-01  -9.2947446e-02  -1.0299290e-01   3.0781521e-03  -9.1222594e-04  -2.9507804e-03
  -1.0076813e-01  -1.2044889e-01  -2.2754899e-01   1.7647280e-03  -9.1339427e-04  -3.2622531e-03
  -1.1507119e-01  -1.6818722e-01  -2.2458615e-01   2.5233327e-03  -6.7959770e-04  -2.9971618e-03
  -1.1010684e-01  -2.0671280e-01  -2.3700214e-01   2.9499350e-03  -9.4239642e-04  -3.0340942e-03
  -1.0763701e-01  -1.5281256e-01  -2.7358089e-01   1.9282684e-03  -1.0120664e-03  -2.9743516e-03
  -9.5327619e-02  -9.9377128e-02  -1.7991166e-01   3.2384516e-04  -6.5250282e-04  -2.6459733e-03
  -9.5674567e-02  -1.3066396e-02  -1.6992422e-01  -1.3595755e-03  -5.1457064e-04  -2.9748598e-03
  -1.0001923e-01  -7.0408133e-02  -1.9139710e-01   2.6775143e-04  -8.2188874e-04  -3.0766639e-03
  -9.8071630e-02  -5.8397438e-02  -2.1069843e-01   2.9790774e-04  -8.2116642e-04  -2.8790699e-03
  -9.8783702e-02  -1.4354068e-02  -2.3568056e-01  -3.0259710e-04  -9.4551910e-04  -2.8043550e-03
  -1.0108008e-01  -2.8247851e-02  -2.0228830e-01  -4.2119968e-04  -9.5348456e-04  -2.6047665e-03
  -1.0474011e-01  -2.9876601e-02  -1.8427122e-01  -2.6888136e-04  -8.6560729e-04  -2.7246802e-03
  -1.0276928e-01  -6.1174145e-02  -2.0170152e-01   3.5038733e-04  -8.5542066e-04  -2.6940068e-03
  -1.0622967e-01  -7.4182621e-02  -2.1269784e-01   1.1874466e-03  -6.8619934e-04  -2.7734164e-03
  -9.9813496e-02  -4.5162436e-02  -2.1006998e-01   4.2101397e-04  -9.9991663e-04  -2.8644758e-03
  -1.0308247e-01  -5.3061889e-02  -2.0622608e-01   5.7933014e-05  -9.5577215e-04  -2.8797931e-03
  -9.2604790e-02  -4.0232439e-02  -2.2574559e-01   3.5206002e-04  -1.2181904e-03  -2.8312567e-03
  -9.8600301e-02  -9.8105588e-02  -2.2406005e-01   9.6082426e-04  -9.9881067e-04  -2.6160980e-03
  -1.1144545e-01  -7.2786566e-02  -2.8433114e-01   3.7717179e-04  -7.5982614e-04  -2.9863979e-03
  -9.4027440e-02  -1.1067764e-01  -2.5978720e-01   1.4473707e-03  -8.4558347e-04  -2.5276306e-03
  -9.6491818e-02  -1.1306549e-01  -2.5098859e-01   1.2826013e-03  -9.3591702e-04  -2.7578660e-03
  -9.3233678e-02  -8.2081302e-02  -2.7978319e-01   7.0035621e-04  -1.1400373e-03  -3.0882929e-03
  -1.3844338e-01  -2.9531379e-01  -4.8817224e-01   2.5966919e-03  -6.5458535e-04  -2.6287349e-03
  -1.6793275e-01  -7.5095398e-01  -1.3482599e+00   5.6574774e-03  -1.4407572e-03  -3.1653657e-03
  -7.5628935e-02  -5.0519661e-01  -9.8712124e-01   4.2398265e-03  -1.5969602e-03  -4.4268430e-03
  -4.3496604e-02  -4.8970667e-01  -8.5741883e-01   3.9095499e-03  -1.5677395e-03  -4.7401967e-03
  -5.4863401e-02  -4.0923423e-01  -7.4700095e-01   3.6976957e-03  -1.8803217e-03  -4.6893872e-03
  -7.3782026e-02  -3.9630588e-01  -7.0584586e-01   3.1495500e-03  -1.9992692e-03  -4.8819001e-03
  -8.0698633e-02  -3.5535284e-01  -7.0522131e-01   2.6552520e-03  -2.2309923e-03  -5.0823249e-03
  -8.5024264e-02  -3.5908385e-01  -6.9691141e-01   2.9746323e-03  -2.4220485e-03  -5.1096841e-03
  -8.1949327e-02  -3.3691346e-01  -7.0826845e-01   1.9808218e-03  -2.8533794e-03  -5.2648909e-03
  -8.4214227e-02  -3.3145574e-01  -7.1850432e-01   2.1491427e-03  -2.9273359e-03  -5.3392856e-03
  -8.6538092e-02  -3.3176719e-01  -7.1866695e-01   2.5799603e-03  -2.9268410e-03  -5.3122588e-03
  -9.1134383e-02  -3.1924128e-01  -7.1959438e-01   1.8056637e-03  -2.8376942e-03  -5.3371761e-03
  -8.5898945e-02  -3.3993826e-01  -7.1986694e-01   1.8219596e-03  -2.9162063e-03  -5.4716416e-03
  -7.7961156e-02  -3.2194020e-01  -7.3032154e-01   1.9762339e-03  -3.0974769e-03  -5.6260507e-03
  -7.1277009e-02  -3.2422586e-01  -7.5374055e-01   1.2577570e-03  -3.4565203e-03  -5.8971346e-03
  -9.0736710e-02  -3.3548736e-01  -7.8425286e-01   8.5132772e-04  -3.6686785e-03  -6.4571937e-03
  -9.4879896e-02  -3.1079801e-01  -7.5362848e-01   9.5437942e-04  -3.6656757e-03  -6.2816916e-03
  -9.8918283e-02  -2.7794823e-01  -7.6628285e-01   1.5098282e-05  -3.7744702e-03  -6.4183357e-03
  -1.0964683e-01  -3.9246058e-01  -8.8725384e-01   1.0035683e-03  -4.2979326e-03  -6.8472792e-03
  -1.1062534e-01  -3.9126933e-01  -9.1881196e-01   1.5349287e-03  -4.4511060e-03  -6.9263578e-03
  -1.3216477e-01  -4.1388024e-01  -9.2610495e-01   1.4677258e-03  -3.9975773e-03  -6.8138633e-03
  -1.3616882e-01  -3.9657144e-01  -8.3164426e-01   2.2101001e-03  -3.6618960e-03  -6.4317680e-03
  -1.4580947e-01  -3.7278114e-01  -7.5059644e-01   2.7400856e-03  -3.2535054e-03  -5.9716429e-03
  -1.3386334e-01  -3.5907214e-01  -6.5790375e-01   3.0424559e-03  -3.1299348e-03  -5.6054355e-03
  -1.7046296e-01  -3.4873802e-01  -7.1878159e-01   1.6210076e-03  -2.4291091e-03  -5.9746694e-03
  -1.7126314e-01  -3.1793727e-01  -7.0656928e-01   8.6932771e-04  -2.4999465e-03  -6.1314464e-03
  -1.5726706e-01  -3.2219246e-01  -6.8443922e-01   8.5300186e-04  -2.5876941e-03  -6.0518041e-03
  -1.4886406e-01  -3.1742240e-01  -7.0324051e-01   6.8178676e-04  -2.7456166e-03  -6.0186470e-03
  -1.4791410e-01  -3.1108613e-01  -7.3790879e-01  -8.9070768e-05  -2.9709295e-03  -6.0721785e-03
  -1.4962945e-01  -2.9416209e-01  -7.2849477e-01   3.1619585e-04  -3.0174523e-03  -6.0535216e-03
  -1.8137863e-01  -3.5885621e-01  -7.7998417e-01   6.8412695e-04  -2.3984941e-03  -5.7685950e-03
  -2.4934102e-01  -5.0452575e-01  -1.0788318e+00   8.9682868e-04  -1.9117288e-03  -6.0491875e-03
  -2.2439400e-01  -3.7216553e-01  -7.9039928e-01   1.2274327e-03  -1.7889725e-03  -5.7309738e-03
  -2.3042818e-01  -2.7556655e-01  -7.0982088e-01  -3.1271961e-04  -1.3144044e-03  -5.7338355e-03
  -2.1162948e-01  -2.1004498e-01  -7.4243533e-01  -3.2221018e-03  -2.0684489e-03  -6.4605030e-03
  -2.5499531e-01  -1.8082512e-01  -7.6200838e-01  -6.0249644e-03  -1.5780837e-03  -7.0730198e-03
  -2.5935225e-01  -1.5726795e-01  -7.3847964e-01  -6.1089680e-03  -1.4930012e-03  -6.9947150e-03
  -2.6191332e-01  -1.0086131e-01  -7.5990628e-01  -6.7168123e-03  -1.2937345e-03  -6.9691473e-03
  -2.5076245e-01  -1.1447936e-01  -7.2772056e-01  -5.9381503e-03  -1.6116167e-03  -6.9009370e-03
  -2.5520772e-01  -1.0727023e-01  -7.3883214e-01  -6.0273001e-03  -1.6327290e-03  -6.6581796e-03
  -2.6554388e-01  -9.2487951e-02  -7.4941087e-01  -6.2834679e-03  -1.4911817e-03  -6.7546675e-03
  -2.5963032e-01  -1.9464452e-01  -8.0965821e-01  -4.2515917e-03  -1.8112031e-03  -6.8857235e-03
  -2.9150694e-01  -1.4434262e-01  -6.8709146e-01  -3.2189161e-03  -9.6279664e-04  -6.3106816e-03
  -2.6402091e-01  -3.9648495e-02  -6.3731183e-01  -4.3374035e-03  -9.1027637e-04  -5.9594844e-03
  -2.7180039e-01  -1.3727706e-01  -6.7338357e-01  -3.2056577e-03  -1.1294515e-03  -6.0462065e-03
  -2.8879628e-01  -1.7107716e-01  -7.5520777e-01  -3.5338801e-03  -1.1386817e-03  -6.3965050e-03
  -3.1237513e-01  -2.3131922e-01  -8.4178350e-01  -2.6769774e-03  -9.3013040e-04  -6.7558620e-03
  -2.8694950e-01  -3.6722759e-01  -8.1344212e-01   1.2872279e-03  -7.6886257e-04  -5.7460698e-03
  -3.6958150e-01  -2.9803718e-01  -7.8991624e-01   1.1732557e-03   1.1560944e-03  -7.6738691e-03
  -3.5886526e-01  -3.8909059e-01  -8.3970627e-01   1.1501216e-03   1.5560077e-03  -6.3925775e-03
  -2.3253711e-01  -2.4375528e-01  -5.4514995e-01   4.2626173e-05   1.0583229e-04  -4.2425911e-03
  -2.5854424e-01  -1.9746426e-01  -5.5143739e-01  -4.1343499e-04  -1.1731729e-04  -5.1015399e-03
  -2.8466387e-01  -1.7589220e-01  -6.0266195e-01  -1.8248099e-03   7.5265918e-05  -5.7328440e-03
  -2.8458913e-01  -1.3018585e-01  -6.2450901e-01  -2.8205999e-03  -9.6834897e-05  -6.1402661e-03
  -2.8539291e-01  -1.4315834e-01  -6.5628086e-01  -3.5739318e-03   2.0756058e-05  -5.8233889e-03
  -2.8955379e-01  -1.9055143e-01  -6.9914654e-01  -3.1277513e-03  -7.3129888e-05  -5.8961149e-03
  -2.6930268e-01  -1.6910098e-01  -8.5922042e-01  -4.9850203e-03  -5.7106024e-04  -6.1925465e-03
  -2.8170956e-01  -2.3803521e-01  -1.0301854e+00  -5.9424344e-03  -6.9440316e-04  -6.9910805e-03
  -2.9385256e-01  -3.5559829e-01  -1.1174516e+00  -4.7628681e-03  -1.1785882e-03  -7.0690098e-03
  -2.7990926e-01  -3.5558388e-01  -9.9672970e-01  -1.2357211e-03  -1.5168719e-03  -6.1492539e-03
  -2.9566358e-01  -2.3653158e-01  -8.5800977e-01  -2.0595075e-03  -1.1239854e-03  -6.2867908e-03
  -3.3782928e-01  -2.3992303e-01  -8.1652439e-01  -2.4422441e-03  -2.8588729e-04  -6.0853877e-03
  -3.8128265e-01  -1.5045731e-01  -9.0379316e-01  -5.7004599e-03   1.2211812e-04  -6.7602431e-03
  -3.5249381e-01  -1.3347467e-01  -9.7122362e-01  -8.2164176e-03   1.9989750e-06  -6.9244215e-03
  -3.2760076e-01  -1.0352705e-01  -1.0016769e+00  -9.1188377e-03  -3.3223642e-04  -6.9120437e-03
  -3.0896750e-01  -2.2460768e-01  -1.1185548e+00  -7.0781257e-03  -8.8129345e-04  -6.8827217e-03
  -2.9028899e-01  -1.7476330e-01  -9.9192738e-01  -6.8247128e-03  -1.0594722e-03  -6.3768301e-03
  -3.1069751e-01  -1.8571207e-01  -1.0627480e+00  -6.8838141e-03  -1.1544520e-03  -6.8775911e-03
  -2.9758105e-01  -1.8294688e-01  -1.0677027e+00  -7.3969096e-03  -1.6768336e-03  -7.2189603e-03
  -3.1515078e-01  -1.6360328e-01  -9.5489625e-01  -7.6039044e-03  -1.0896952e-03  -6.7907585e-03
  -3.2100149e-01  -1.2571882e-01  -9.2209439e-01  -7.2556342e-03  -7.0127356e-04  -6.5046915e-03
  -3.3473907e-01  -9.5049238e-02  -9.7603618e-01  -8.9679266e-03  -3.2257312e-04  -5.9236698e-03
  -3.1177818e-01  -1.1714165e-01  -9.8159455e-01  -8.3566337e-03  -9.5338319e-04  -6.4343092e-03
  -3.0911657e-01  -7.8738798e-02  -8.4565665e-01  -4.7574974e-03  -1.0102106e-03  -6.3995130e-03
  -2.8601910e-01  -4.4700631e-01  -1.1778179e+00  -4.0197442e-03  -2.7859977e-03  -7.6586532e-03
  -2.5110988e-01  -8.8225506e-01  -1.8891264e+00  -2.1983797e-03  -3.8900352e-03  -8.2582183e-03
  -2.8133919e-01  -7.4925622e-01  -1.4605992e+00   2.9598504e-03  -1.3083383e-03  -7.5991935e-03
  -2.8838845e-01  -6.4266264e-01  -1.2693918e+00   1.8993504e-03  -1.6377568e-03  -7.7530842e-03
  -3.0003394e-01  -6.1652981e-01  -1.2360232e+00   1.4432631e-03  -1.8202129e-03  -8.2164256e-03
  -2.9963536e-01  -6.0556445e-01  -1.2315607e+00   2.2779931e-03  -1.9888630e-03  -8.6377187e-03
  -3.2114404e-01  -5.9914274e-01  -1.2466620e+00   1.8654541e-03  -1.8411572e-03  -8.6618581e-03
  -3.2407007e-01  -6.2122899e-01  -1.2547284e+00   1.5236548e-03  -1.9281143e-03  -8.8924095e-03
  -3.4938831e-01  -5.9471311e-01  -1.3083941e+00   7.7737776e-04  -1.5433276e-03  -8.9724115e-03
  -3.4557940e-01  -6.3899958e-01  -1.2982622e+00   1.2722079e-03  -1.7051860e-03  -8.9097276e-03
  -3.5030541e-01  -6.2708445e-01  -1.3063992e+00   9.3359590e-04  -1.6107358e-03  -9.0154895e-03
  -3.5525734e-01  -5.9020154e-01  -1.3150178e+00   4.5149538e-04  -1.5514955e-03  -9.1683227e-03
  -3.4256980e-01  -6.4251748e-01  -1.3501641e+00  -2.5942915e-04  -1.6754309e-03  -8.9851105e-03
  -3.2785436e-01  -6.7492786e-01  -1.3954386e+00   7.2180031e-04  -1.7946845e-03  -8.7927383e-03
  -3.3023560e-01  -6.5150344e-01  -1.4363735e+00   4.2113783e-04  -1.5518564e-03  -8.9375016e-03
  -3.2570777e-01  -6.9426376e-01  -1.4288394e+00   7.0488400e-04  -1.8926503e-03  -8.9257294e-03
  -3.1730236e-01  -6.6762082e-01  -1.2572650e+00   2.0221902e-03  -1.9276662e-03  -8.5986923e-03
  -3.1737918e-01  -5.2783971e-01  -1.1302502e+00   7.0181992e-04  -1.4037346e-03  -8.3337994e-03
  -2.9027032e-01  -3.9924790e-01  -7.8022636e-01   2.9678053e-04  -1.1940021e-04  -7.0551877e-03
  -2.5532029e-01  -3.0210857e-01  -5.8568027e-01   6.5927504e-04   1.1409995e-03  -5.2783867e-03
  -2.2074915e-01  -4.9723872e-01  -8.4698278e-01   2.7110399e-03  -5.8206118e-04  -5.5958635e-03
  -2.4001751e-01  -5.7357170e-01  -1.0295951e+00   3.1558974e-03  -7.2392875e-04  -5.9402733e-03
  -2.4285123e-01  -5.5793501e-01  -1.0454393e+00   3.3574360e-03  -6.9390004e-04  -6.0675119e-03
  -2.7395942e-01  -4.9594631e-01  -8.7342567e-01   2.5013607e-03  -1.5035883e-04  -5.8320078e-03
  -2.8128335e-01  -3.9962335e-01  -8.1693073e-01   5.0537190e-04  -7.0376156e-08  -6.1134581e-03
  -2.5499433e-01  -3.2296415e-01  -8.3020182e-01  -1.5983544e-03  -3.3147740e-04  -6.4365329e-03
  -2.0294788e-01  -4.1498054e-01  -8.9837519e-01  -5.3117854e-04  -1.0763795e-03  -6.1083341e-03
  -2.4740141e-01  -3.8251260e-01  -9.4803037e-01  -4.9996777e-04  -4.8002341e-04  -6.0107186e-03
  -2.6223429e-01  -4.2631154e-01  -9.6522990e-01   5.6710100e-05  -4.7473964e-04  -5.8865529e-03
  -2.4700588e-01  -4.7677162e-01  -9.8214173e-01   3.8881251e-04  -8.4346468e-04  -5.7822417e-03
  -2.2819895e-01  -4.3909685e-01  -9.8905917e-01   2.8908455e-04  -5.8733811e-04  -5.5651645e-03
  -2.1089576e-01  -4.4917458e-01  -9.6538511e-01   7.2024100e-04  -6.0349683e-04  -5.2860681e-03
  -2.1613073e-01  -5.1449853e-01  -9.6946517e-01   1.6599352e-03  -8.1050298e-04  -5.3061636e-03
  -2.2371781e-01  -4.7805496e-01  -9.8231859e-01   1.0860912e-03  -8.2457845e-04  -5.4816058e-03
  -2.2423920e-01  -4.9538160e-01  -9.8784513e-01   1.2516851e-03  -8.2597941e-04  -5.3954751e-03
  -2.0999475e-01  -5.0637077e-01  -9.9005917e-01   1.1091016e-03  -1.1265769e-03  -5.3692781e-03
  -2.1966775e-01  -4.4886310e-01  -9.9639858e-01   1.1705783e-04  -9.9820714e-04  -5.5896266e-03
  -2.3655019e-01  -4.2608453e-01  -8.9216465e-01   1.5470352e-06  -1.9021829e-04  -6.0523414e-03
  -2.2441034e-01  -3.9768194e-01  -8.2887570e-01  -3.7065554e-04   1.0998864e-04  -5.7303412e-03
