   0.0000000e+00   0.0000000e+00   0.0000000e+00   0.0000000e+00   0.0000000e+00   0.0000000e+00
  -2.0149360e-03  -5.1417968e-02   4.2797555e-02   8.4559074e-04  -2.4983980e-04  -4.1390079e-05
   5.4066096e-03  -5.0603785e-03   1.6009306e-02   1.7099181e-03  -3.7834871e-04  -1.7006734e-04
   3.4086908e-03   4.2112979e-03   1.7482551e-02   1.7912144e-04  -6.8128387e-04  -2.4364664e-04
   3.1467292e-03  -3.9930264e-03   1.2146655e-02   1.0774616e-03  -8.7610686e-04  -2.1378045e-04
   1.9248806e-02   7.7716789e-02   1.3208283e-02   5.4640291e-04  -8.6016807e-04  -3.4851109e-04
   1.3043716e-02  -1.2930587e-02   3.0820575e-02   1.2598227e-03  -1.0160537e-03  -2.5033752e-04
   3.0278845e-03   4.2099910e-02   5.7752166e-03   6.3041852e-04  -7.0316187e-04  -2.5082495e-04
   2.5004794e-02   6.8749780e-02  -1.6840134e-02   1.3276453e-03  -9.7645829e-04  -2.1283569e-04
   2.4806321e-02   1.2007605e-02   1.7884865e-03   9.5402773e-04  -1.3081833e-03  -3.5068845e-05
   1.6123544e-02   5.0072716e-02  -4.5860743e-03   9.8006238e-04  -1.1548386e-03  -4.8111675e-05
   2.2437782e-02   2.7085638e-02   2.0184615e-03   9.1960804e-04  -1.4726513e-03  -1.2012928e-04
   2.5731883e-02   1.0716624e-01   1.9287890e-02  -1.2691342e-04  -1.4264322e-03  -9.7472666e-05
   3.4249496e-02   8.6583921e-02   1.6209164e-02  -2.2825336e-04  -1.9929149e-03  -2.4075058e-04
   3.7539544e-02   2.0930561e-01  -5.5911637e-03  -2.5617691e-04  -1.2588086e-03   1.5223882e-04
   3.7758023e-02  -3.0919377e-02  -3.2569162e-02   1.7068672e-03  -1.4162469e-03   4.8069667e-04
   4.7688712e-02   2.7344880e-02   2.5420683e-02   1.0823560e-03  -1.6686244e-03   5.2829980e-04
   4.0890325e-02   3.9721822e-02   1.8086306e-02   1.0495157e-03  -1.6178055e-03   3.7156846e-04
   3.4318127e-02   4.9078484e-02   3.8373354e-02   1.5758556e-03  -1.5263185e-03   1.5622555e-04
   3.8995384e-02   3.7169021e-02   4.3176521e-02   4.6322647e-04  -1.7144987e-03   1.2043739e-04
   3.2738084e-02   1.1082094e-01   4.6682989e-02  -2.9132405e-04  -1.3783330e-03   4.8498018e-05
   4.2385946e-02   9.2191111e-02   7.2983587e-02  -6.0902333e-04  -1.6284342e-03   1.8513359e-04
   2.7846821e-02   9.5765857e-02   5.9997127e-02  -1.1708609e-03  -1.5432038e-03   2.0951130e-04
   5.9875152e-02   8.7460406e-02   6.3005369e-02  -2.2884006e-05  -2.0049089e-03   3.1991759e-04
   4.8451769e-02   3.0528722e-02   7.2504176e-02   2.9442302e-04  -2.0134272e-03   2.4349207e-04
   4.9443493e-02   5.8928178e-02   3.8776279e-02   5.3068118e-05  -2.0385871e-03   1.1768843e-04
   4.4520932e-02   7.6376640e-02   6.3118927e-02   4.4602026e-04  -2.0108981e-03  -4.0226683e-05
   4.6744456e-02   8.7539522e-02   6.4338455e-02  -9.0758157e-05  -2.5361536e-03  -2.5250517e-04
   3.6447850e-02   1.2823114e-01   7.2136633e-02  -5.6417098e-04  -2.4913291e-03  -4.8931027e-04
   3.2755940e-02   1.1954418e-01   9.0545193e-02  -1.5699185e-04  -2.7219558e-03  -6.0571791e-04
   5.2759086e-02   1.3101377e-01   5.9581565e-02   2.0906337e-05  -3.0032122e-03  -7.0826609e-04
   4.5647263e-02   8.4915491e-02   8.3032105e-02  -1.8831946e-04  -2.8620528e-03  -7.9099589e-04
   5.2265551e-02   9.1179105e-02   6.3371051e-02  -4.3100338e-05  -2.7783841e-03  -6.6739095e-04
   6.4417373e-02   1.0110665e-01   9.2799657e-02   9.3171774e-04  -2.8050210e-03  -7.5911405e-04
   6.0389027e-02   1.3651782e-01   1.0287199e-01  -1.8235250e-04  -2.9394091e-03  -6.0541833e-04
   4.6829738e-02   1.3495237e-01   1.1219032e-01  -4.4985578e-04  -2.8532610e-03  -7.7844732e-04
   5.8988152e-02   1.7105710e-01   1.2561122e-01  -4.9508428e-04  -3.0223755e-03  -7.9528276e-04
   5.7990719e-02   1.7006375e-01   1.0893135e-01  -1.0569360e-03  -2.9553816e-03  -6.1379727e-04
   5.5452363e-02   2.0706597e-01   9.5723569e-02  -1.7576423e-03  -2.8032540e-03  -7.7158957e-04
   5.2183543e-02   1.5920198e-01   1.0962361e-01  -9.9082422e-04  -2.9709748e-03  -5.9998975e-04
   4.0373028e-02   1.7349548e-01   1.0678734e-01  -6.2421067e-04  -2.8816542e-03  -5.1071085e-04
   4.3355495e-02   1.9216811e-01   1.1489456e-01  -1.1641691e-03  -2.7626831e-03  -4.7011750e-04
   4.6391589e-02   2.0451793e-01   1.2529852e-01  -1.7769130e-03  -2.6416638e-03  -2.1070936e-04
   5.9624743e-02   2.4035006e-01   1.4670204e-01  -2.0231782e-03  -2.9110494e-03  -4.3913321e-04
   5.9174038e-02   2.5657651e-01   1.3691941e-01  -2.7534858e-03  -2.7341225e-03  -3.9862054e-04
   4.7620259e-02   2.2772960e-01   1.3639858e-01  -2.8971854e-03  -2.5426470e-03  -1.3508202e-04
   6.5015651e-02   2.9557000e-01   1.5518430e-01  -3.4614966e-03  -2.8911142e-03  -1.8690579e-04
   5.5221673e-02   3.0250730e-01   1.6215966e-01  -4.6168133e-03  -3.0264794e-03  -3.2273051e-04
   3.0685302e-02   3.1651664e-01   9.7671893e-02  -5.1175484e-03  -2.6516875e-03  -7.2874966e-04
   1.5704449e-02   2.6794534e-01   1.5682446e-01  -7.9833707e-05  -2.0610085e-03  -6.2561532e-05
  -1.4682348e-02   3.9517552e-01   3.4096761e-01  -2.2573613e-03  -1.4830438e-03   6.3886029e-05
   2.5953646e-02   4.6138552e-01   3.1874296e-01  -4.6970026e-03  -2.7762000e-03  -4.7583853e-04
   4.3022435e-02   1.6373402e-01  -1.4186921e-01  -4.1865672e-03  -3.3595716e-03  -1.9004164e-03
   3.9584746e-02   2.6162092e-01  -1.2332720e-01  -5.1391844e-03  -3.5160432e-03  -1.9254993e-03
   4.7277143e-02   2.5178711e-01  -1.1212316e-01  -5.6430304e-03  -3.5961124e-03  -1.7751044e-03
   4.1140286e-02   2.3462513e-01  -9.8044028e-02  -4.9424689e-03  -3.6248130e-03  -1.9224755e-03
   4.2322667e-02   2.7806073e-01  -1.0058966e-01  -5.3327955e-03  -3.6305914e-03  -1.8746324e-03
   6.8742449e-02   1.6901851e-01  -1.2056959e-01  -3.0930835e-03  -4.7005847e-03  -1.6157251e-03
   7.7531151e-02   2.8259698e-01  -4.5676145e-02  -4.9964116e-03  -4.6610227e-03  -1.4337136e-03
   8.6382763e-02   2.1012225e-01  -5.8055054e-02  -4.3582152e-03  -4.9023284e-03  -1.4918244e-03
   8.8549940e-02   2.3293899e-01  -7.2334125e-02  -3.5215692e-03  -4.8102382e-03  -1.6838114e-03
   8.7026217e-02   1.9429184e-01  -9.2193079e-02  -3.3292748e-03  -4.8007614e-03  -1.6178567e-03
   7.8694502e-02   2.7022205e-01  -1.2538372e-01  -3.9237327e-03  -4.2318718e-03  -1.4481920e-03
   9.4375122e-02   1.0088896e-01  -7.7869434e-02  -2.5543236e-03  -4.8324329e-03  -1.1330569e-03
   9.4805361e-02   2.1672706e-01  -9.8888827e-02  -3.2996004e-03  -4.9143903e-03  -1.4128873e-03
   9.5689022e-02   1.9622726e-01  -8.6520084e-02  -3.6370492e-03  -5.0747522e-03  -1.6082254e-03
   9.2429484e-02   2.4662339e-01  -1.0067947e-01  -4.3323718e-03  -5.0675307e-03  -1.7383141e-03
   1.0990160e-01   1.7228563e-01  -1.0088295e-01  -3.6587473e-03  -5.5848297e-03  -2.0253715e-03
   1.2734865e-01   2.1946527e-01  -1.1797362e-01  -3.9809238e-03  -5.6205531e-03  -2.0644172e-03
   1.2878950e-01   1.6984956e-01  -8.9583127e-02  -3.6742245e-03  -5.9654384e-03  -2.1919905e-03
   1.2488766e-01   2.1779169e-01  -1.1249433e-01  -4.0077080e-03  -6.0150400e-03  -2.3745573e-03
   1.2197051e-01   1.7874711e-01  -1.1437124e-01  -4.4312308e-03  -6.0866897e-03  -2.4590446e-03
   1.3315513e-01   2.0353765e-01  -1.1696940e-01  -4.3874627e-03  -6.2310487e-03  -2.0942822e-03
   1.3038070e-01   1.5879348e-01  -1.4928418e-01  -3.9333056e-03  -6.1450791e-03  -1.9181611e-03
   1.2917512e-01   1.9788060e-01  -1.8075494e-01  -4.2464021e-03  -6.1458559e-03  -2.2884635e-03
   1.2816584e-01   1.1547012e-01  -1.7492098e-01  -3.4671879e-03  -6.2972968e-03  -2.3267254e-03
   1.1690863e-01   1.2432172e-01  -1.9240553e-01  -2.8153881e-03  -6.2164976e-03  -2.4521171e-03
   1.2222477e-01   1.4514134e-01  -1.9038229e-01  -2.8212514e-03  -6.4052124e-03  -2.6834912e-03
   1.3144467e-01   1.1803865e-01  -1.5275758e-01  -3.5322410e-03  -6.5237796e-03  -2.3561313e-03
   1.2621539e-01   1.8826990e-01  -1.6764516e-01  -4.3884987e-03  -6.3830662e-03  -2.4949051e-03
   1.1241091e-01   1.8541455e-01  -1.2719698e-01  -4.8950842e-03  -6.1835730e-03  -2.3657172e-03
   1.0188210e-01   3.1739094e-01  -7.5584026e-02  -7.0457956e-03  -5.9706718e-03  -2.2810554e-03
   1.0439072e-01   2.9201357e-01  -8.3817257e-02  -7.2941844e-03  -5.9012718e-03  -2.1534687e-03
   1.0466750e-01   3.2076577e-01  -9.1330750e-02  -6.9250242e-03  -5.7464882e-03  -2.1232668e-03
   1.0032753e-01   3.0100608e-01  -1.0575049e-01  -7.0561426e-03  -5.6908600e-03  -2.0527626e-03
   1.0276862e-01   3.1772620e-01  -1.2349395e-01  -7.2863476e-03  -5.6517531e-03  -2.1626715e-03
   1.0474372e-01   2.8945504e-01  -1.1551637e-01  -6.6233206e-03  -5.6599373e-03  -2.1502333e-03
   1.0631713e-01   2.7925346e-01  -1.2519977e-01  -6.2933245e-03  -5.7006649e-03  -2.0850640e-03
   1.0116890e-01   3.2403660e-01  -1.1281664e-01  -6.6944122e-03  -5.5482906e-03  -2.1051942e-03
   1.1256051e-01   3.0926436e-01  -8.8444913e-02  -6.6854706e-03  -5.8261402e-03  -1.9818601e-03
   1.1184758e-01   2.9696425e-01  -2.2233393e-03  -3.4835299e-03  -5.8494931e-03  -8.7354803e-04
   9.9133665e-02   4.2954681e-01   2.1041559e-01  -3.2803062e-03  -5.2371651e-03  -8.6405935e-04
   9.2800356e-02   3.3199175e-01   2.3162853e-01  -1.9724284e-03  -5.4561950e-03  -7.9284030e-04
   8.4496521e-02   3.5092233e-01   2.2731511e-01  -2.1341070e-03  -5.4700319e-03  -1.0926275e-03
   8.7144859e-02   3.0206617e-01   2.2423983e-01  -1.4356574e-03  -5.6996142e-03  -1.3748367e-03
   9.6492046e-02   2.5420960e-01   2.0510458e-01  -1.0092301e-03  -5.9795342e-03  -1.5588196e-03
   8.9601490e-02   2.8168036e-01   1.8143884e-01  -1.3528394e-03  -5.8651041e-03  -1.8436835e-03
   9.3219112e-02   2.5916215e-01   1.7872561e-01  -1.3379390e-03  -6.1504206e-03  -1.9412613e-03
   8.7324641e-02   2.4163307e-01   1.7573861e-01  -9.6573079e-04  -6.1110104e-03  -1.9488094e-03
   8.9589955e-02   2.8300224e-01   1.6923979e-01  -8.3481500e-04  -6.1212686e-03  -1.9782359e-03
   9.0980860e-02   2.3710131e-01   1.2707748e-01  -8.2680033e-04  -6.0631469e-03  -2.1829714e-03
   9.0081729e-02   1.6881955e-01   1.6503276e-01  -3.4010462e-04  -6.4052343e-03  -2.1285173e-03
   8.3339163e-02   2.3277186e-01   1.4009468e-01  -8.3200160e-04  -6.3827146e-03  -2.2693073e-03
   1.1440323e-01   2.6307092e-01   1.0958072e-01  -2.5123672e-03  -7.0503514e-03  -2.7422634e-03
   1.2855463e-01   2.7106524e-01   4.4653443e-02  -2.6148059e-03  -7.2443877e-03  -2.9910537e-03
   1.2792668e-01   1.8025576e-01   3.7244026e-02  -1.4408342e-03  -7.2305248e-03  -3.0069999e-03
   1.4617426e-01   2.0997293e-01   8.5655873e-03  -8.3067191e-04  -7.4230552e-03  -3.0762070e-03
   1.3932335e-01   2.1532048e-01   1.7189598e-02  -1.7618490e-03  -7.3854228e-03  -2.8840165e-03
   1.4240815e-01   1.4813403e-01   3.0155500e-02  -5.1821161e-04  -7.4794440e-03  -2.7992413e-03
   1.2499658e-01   2.1645828e-01   4.9530285e-03  -1.1155955e-03  -7.1674552e-03  -2.8144174e-03
   1.2809975e-01   1.8323889e-01   1.5253205e-02  -1.3657594e-03  -7.3589911e-03  -3.0639363e-03
   1.2990597e-01   2.4234588e-01   3.2911147e-02  -1.9104500e-03  -7.3212171e-03  -3.1034209e-03
   1.3716752e-01   2.1987525e-01   5.7427169e-02  -1.5949838e-03  -7.5745733e-03  -3.1149464e-03
   1.3242742e-01   2.1755001e-01   1.3415338e-02  -1.8584970e-03  -7.4713027e-03  -3.1292888e-03
   1.6576163e-01   1.0027091e-01  -1.5592110e-01  -1.1396904e-03  -8.2885378e-03  -3.5139511e-03
   1.5539614e-01   8.2279046e-02  -1.1723367e-01   1.3087938e-03  -8.4167270e-03  -3.5542788e-03
   1.3078950e-01   1.5604862e-01  -6.2938481e-02  -7.5118846e-05  -7.9509735e-03  -3.1635941e-03
   1.3554743e-01   1.3480221e-01  -5.5232023e-02  -3.6512652e-04  -8.0975564e-03  -3.1331724e-03
   1.3004307e-01   1.7082109e-01  -3.9765561e-02  -2.5504736e-04  -8.0109006e-03  -3.1485844e-03
   1.3436483e-01   1.7024308e-01  -2.2872733e-02  -4.2090851e-04  -8.2185196e-03  -3.3864545e-03
   1.3363458e-01   1.5902052e-01  -1.2179241e-02  -6.0408269e-04  -8.2758840e-03  -3.4768883e-03
   1.3063391e-01   2.1231147e-01  -2.4157191e-02  -7.3805730e-04  -8.3696580e-03  -3.5464354e-03
   1.3756076e-01   1.8642046e-01  -2.3397155e-02  -9.8799987e-04  -8.7135187e-03  -3.6238780e-03
   1.2849926e-01   2.1962121e-01  -2.0688125e-02  -1.8041174e-03  -8.4712520e-03  -3.5825577e-03
   1.3087953e-01   2.6076047e-01  -1.7647353e-02  -2.0516792e-03  -8.4829042e-03  -3.5362127e-03
   1.4647330e-01   1.9115933e-01  -7.9099320e-03  -1.2310642e-03  -8.6440444e-03  -3.4818198e-03
   1.3600349e-01   2.6905748e-01  -1.3042023e-02  -2.1642572e-03  -8.4945874e-03  -3.6572418e-03
   1.3249600e-01   2.3533645e-01  -1.1927946e-02  -2.3363463e-03  -8.5313895e-03  -3.7573338e-03
   1.2898443e-01   2.9339956e-01  -9.8581879e-03  -2.9048225e-03  -8.7397143e-03  -4.2800906e-03
   1.1844834e-01   2.6779232e-01   3.6181888e-03  -2.1062030e-03  -8.9753256e-03  -4.8135997e-03
   1.3575614e-01   2.7302412e-01   5.2065190e-02  -1.4252246e-03  -9.1502210e-03  -4.5930435e-03
   1.3631742e-01   3.0940873e-01   7.4884049e-02  -2.1033693e-03  -8.8513275e-03  -4.5721444e-03
   1.3798352e-01   3.3445412e-01   6.9565199e-02  -2.7040310e-03  -8.8947543e-03  -4.6696742e-03
   1.3672738e-01   2.9114983e-01   5.7360696e-02  -2.6247335e-03  -9.0820081e-03  -4.7441080e-03
   1.3723614e-01   2.9211223e-01   5.8417738e-02  -1.9095951e-03  -9.1298951e-03  -4.7257348e-03
   1.2516653e-01   3.0776585e-01   6.4237749e-02  -1.4811046e-03  -8.8921144e-03  -4.8210928e-03
   1.3742165e-01   2.4129420e-01   7.0721280e-02  -1.2064299e-03  -9.1532945e-03  -4.8698246e-03
   1.3143192e-01   2.8720684e-01   6.0749725e-02  -1.5574290e-03  -9.2600071e-03  -4.9835452e-03
   1.2339553e-01   3.3652880e-01   6.0738870e-02  -2.5398438e-03  -9.1753284e-03  -5.1098180e-03
   1.0816484e-01   2.6194885e-01   5.0090758e-02  -1.8478757e-03  -8.9943615e-03  -5.1285532e-03
  -7.0288111e-03   3.5883299e-01  -9.3813084e-02  -2.0278971e-03  -7.6061935e-03  -7.7925679e-03
   4.4689089e-02   1.8022246e-01  -7.8528394e-02  -8.2958068e-04  -7.7099385e-03  -6.4690102e-03
   6.8960277e-02   1.1569220e-01  -1.2094078e-02   2.2266955e-04  -8.2131952e-03  -6.2201977e-03
   6.7629000e-02   1.9843878e-01  -1.2790285e-02   6.3712713e-04  -8.4466403e-03  -6.2894977e-03
   7.5167396e-02   1.7801181e-01  -1.1400908e-02   4.1925174e-04  -8.8178299e-03  -6.3760125e-03
   7.6457705e-02   1.9222097e-01  -2.3788854e-03   1.5761600e-05  -9.1446506e-03  -6.6684901e-03
   7.8681065e-02   2.0440619e-01  -3.3558687e-03  -5.9247704e-04  -9.2591469e-03  -6.6708866e-03
   7.1740370e-02   2.2474784e-01   4.0801185e-03  -9.9759244e-04  -9.0487896e-03  -6.7259300e-03
   8.2072590e-02   2.0109018e-01  -2.5130687e-03  -8.6199868e-04  -9.4201733e-03  -6.7410532e-03
   7.5940128e-02   2.1380112e-01  -1.2324110e-02  -1.2072309e-03  -9.3623280e-03  -6.8720142e-03
   7.7863687e-02   2.4599135e-01  -1.5963088e-02  -1.7513234e-03  -9.3176076e-03  -6.7509445e-03
   9.1148344e-02   2.1953877e-01  -9.0029722e-03  -1.2004294e-03  -9.5751404e-03  -6.9071631e-03
   8.6899875e-02   2.6549404e-01  -2.2097156e-02  -1.8123161e-03  -9.4610538e-03  -6.9897969e-03
   8.1659293e-02   2.6139303e-01  -3.7218887e-02  -1.9674675e-03  -9.4828020e-03  -7.0304373e-03
   7.6463140e-02   3.3034304e-01  -4.5854664e-02  -2.2864486e-03  -9.4108430e-03  -7.0190033e-03
   8.0874833e-02   2.7483618e-01  -3.9770198e-02  -1.7744287e-03  -9.4283128e-03  -7.1080162e-03
   8.5003180e-02   2.4850133e-01  -4.6814861e-02  -1.7324901e-03  -9.4796135e-03  -7.0623163e-03
   4.2453228e-02   3.1824944e-01  -4.2567728e-02  -2.4498332e-03  -8.5009171e-03  -7.0202555e-03
   9.0548582e-03   2.9071343e-01  -3.1396258e-02  -1.3001520e-03  -7.9189515e-03  -6.9234610e-03
   3.7431862e-02   2.7091065e-01  -5.8627497e-03  -4.9629010e-04  -8.6768682e-03  -6.5789272e-03
   3.6842365e-02   2.8797327e-01  -8.6810188e-02  -6.5977531e-04  -8.8155926e-03  -6.4783997e-03
   2.1253762e-02   2.5343479e-01  -5.6797766e-02  -1.2005045e-03  -8.5687491e-03  -6.4999326e-03
   2.1711079e-02   2.4065303e-01  -5.8733049e-02  -1.2217636e-03  -8.5493508e-03  -6.6762994e-03
   2.5918691e-02   2.7114009e-01  -7.3495781e-02  -1.4635511e-03  -8.7847745e-03  -6.9033509e-03
   6.2439445e-03   1.5313904e-01  -1.6426152e-01  -1.0426734e-03  -8.8871675e-03  -6.8788763e-03
  -2.5423069e-02   2.7247431e-02  -5.4436061e-01  -1.5162625e-03  -8.5087928e-03  -7.7818957e-03
  -2.8445079e-02   1.1042514e-01  -4.8540667e-01  -2.4431567e-03  -8.4485848e-03  -7.8487537e-03
  -1.6256923e-02   5.7100813e-02  -4.4253212e-01  -1.7812067e-03  -8.8666494e-03  -7.9221242e-03
  -1.4310340e-02   8.0486972e-02  -4.3966055e-01  -2.0763838e-03  -9.1859315e-03  -8.1186376e-03
  -1.4905540e-02   8.9943364e-02  -4.5105441e-01  -2.7923983e-03  -9.4151639e-03  -8.3689020e-03
  -4.0680630e-03   9.5867269e-02  -4.4530030e-01  -3.2262120e-03  -9.5432824e-03  -8.3640047e-03
  -1.5433464e-03   8.8751883e-02  -4.6442058e-01  -2.9433629e-03  -9.6089834e-03  -8.6379494e-03
   7.0107949e-03   1.9558515e-02  -4.8343737e-01  -3.3816047e-03  -9.9150964e-03  -8.8160396e-03
  -2.6844103e-02   8.8536629e-02  -4.9793304e-01  -3.6584277e-03  -9.3514491e-03  -9.4006335e-03
  -6.9452687e-02  -3.9624174e-01  -8.5444257e-01  -3.4653852e-03  -1.1071453e-02  -7.5254232e-03
  -8.2027318e-02  -4.3689317e-01  -1.0779136e+00  -3.6938186e-03  -1.1665966e-02  -7.9254858e-03
   1.6006130e-02  -1.9764334e-01  -6.4931851e-01  -2.7686095e-03  -1.0476078e-02  -5.9293065e-03
   6.1705726e-02  -1.1405551e-01  -5.2924407e-01  -2.3138617e-03  -1.1685139e-02  -5.8260360e-03
   6.8429989e-02  -4.2185728e-02  -4.2444100e-01  -2.9456730e-03  -1.1681709e-02  -5.9345873e-03
   7.8802094e-02  -2.1780867e-02  -4.0911981e-01  -2.8183184e-03  -1.1967322e-02  -6.1504258e-03
   7.3532364e-02   5.9024456e-02  -4.0136794e-01  -3.8074342e-03  -1.1835480e-02  -6.3062658e-03
   6.8191064e-02   6.2894461e-02  -3.9097154e-01  -3.5477296e-03  -1.1801020e-02  -6.3016510e-03
   7.9083324e-02   1.4581014e-02  -3.6321912e-01  -3.9891003e-03  -1.2261936e-02  -6.5727774e-03
   6.0293765e-02   1.3468035e-01  -4.1221443e-01  -5.2469959e-03  -1.1707424e-02  -6.4436052e-03
   8.0943203e-02   6.9477765e-02  -3.8179518e-01  -4.3452550e-03  -1.2021066e-02  -6.1125898e-03
   9.5931517e-02   1.0992670e-01  -4.0515195e-01  -4.4457027e-03  -1.2369809e-02  -6.2659057e-03
   1.0126364e-01   9.5676627e-02  -3.9941425e-01  -5.1331840e-03  -1.2281210e-02  -6.3358811e-03
   1.1452667e-01   1.5737223e-01  -4.1258403e-01  -5.1482247e-03  -1.2338021e-02  -6.2440449e-03
