   0.0000000e+00   0.0000000e+00   0.0000000e+00   0.0000000e+00   0.0000000e+00   0.0000000e+00
  -3.8024213e-03   2.7029696e-03   4.0226193e-02   1.9389396e-04   4.6410042e-06   5.9599057e-05
   9.9542074e-03   7.6794436e-03   6.9242329e-02  -3.0148967e-04  -1.0352852e-04   3.2982234e-04
   1.7069938e-02   7.8555465e-02   6.4551469e-02  -1.4586584e-03  -1.9331160e-04   2.6630373e-04
   2.8759341e-02  -6.1385021e-03   7.7727129e-02  -6.4472698e-04  -3.3985996e-04   2.9464741e-04
   4.5038572e-02   6.5985595e-02   3.0377551e-02  -1.0719781e-03  -3.2265098e-06   3.7918613e-04
   3.2232540e-02  -5.6139317e-02   4.2483160e-02   5.9810059e-04   2.7006778e-05   2.2575554e-04
   5.4697102e-02  -4.0076572e-02   1.2933975e-02   1.7856574e-03  -5.4156715e-04   4.0785717e-04
   5.0827648e-02   2.5314262e-02   1.8582194e-02   1.1141172e-04  -5.5415154e-04   2.8167091e-04
   4.5098850e-02   4.7642212e-02   3.5156451e-02  -7.7041853e-04  -6.9182407e-04   2.6716017e-04
   4.8245947e-02   6.2333611e-02   4.9453368e-02  -1.3064273e-03  -8.4440757e-04   3.2899758e-04
   5.0923644e-02   1.0509334e-01   3.1308412e-02  -1.7353326e-03  -6.4235917e-04   4.6892860e-04
   1.9602871e-03   1.7162628e-02   1.4800633e-02  -3.1423160e-04   4.6270591e-04   6.3442173e-04
   3.6556803e-03  -8.1155615e-03  -4.7713654e-02   7.6647471e-05   2.2845073e-04   5.6190014e-04
   1.2682138e-02   6.1142810e-02   6.8009911e-03  -7.5634590e-04   2.1583045e-04   3.4848992e-04
   1.6665533e-02   2.5453359e-02   1.1863352e-02  -7.6389721e-04   1.4230124e-04   3.2440588e-04
   1.7927075e-02  -1.5205665e-02  -1.9319837e-02   6.0976399e-04  -1.1398045e-04   3.1865914e-04
   2.2873341e-02   3.8026279e-02  -2.5118967e-02  -6.1751287e-04  -2.4855629e-04   1.9640194e-04
   2.9304649e-02   1.0625590e-02  -9.9147232e-03  -8.5388235e-04  -5.6932565e-05   3.6463338e-04
   3.1046629e-02   7.6765680e-02  -3.7091336e-02  -1.4655962e-03  -7.9111475e-06   2.9236871e-04
   4.3865878e-02   3.2764900e-02  -1.4631500e-02  -1.3451357e-03  -2.3099220e-04   3.5076350e-04
   4.0042401e-02   6.9344786e-02  -3.0660918e-02  -1.8091205e-03  -6.2408614e-05   1.9226081e-04
   3.8698713e-02   6.8916227e-02  -1.9795272e-02  -1.4300721e-03  -6.6734404e-05   1.1353875e-04
   4.9901180e-02   5.4256249e-02  -3.9288594e-02  -1.5755098e-03  -4.9274994e-04   1.9889021e-05
   4.9312230e-02   1.1706750e-01  -2.7913450e-02  -2.6519034e-03  -6.4189091e-04  -2.1987985e-04
   4.7108818e-02   9.7649056e-02  -1.9000789e-02  -2.8342615e-03  -6.5262721e-04  -1.6816468e-04
   5.8250790e-02   8.3604534e-02  -3.4363968e-03  -2.5355920e-03  -9.0145704e-04  -9.1784794e-05
   4.8629691e-02   1.4780266e-01  -6.4308475e-03  -3.4255519e-03  -6.6993650e-04  -2.2006710e-04
   5.2933127e-02   1.0887003e-01  -1.8597915e-02  -3.4318782e-03  -6.8694547e-04  -1.6431039e-04
   6.5835184e-02   9.4311286e-02  -6.2562754e-02  -2.8503174e-03  -7.8773791e-04   4.1478948e-06
   5.2291771e-02   1.5602999e-01  -5.3205517e-02  -3.9898425e-03  -4.3536576e-04   8.3054619e-06
   3.1189485e-02   1.2636328e-01   3.5183306e-03  -3.4556066e-03   2.6907779e-05   1.6811998e-04
   9.7308197e-03   1.6390112e-01  -2.5159353e-02  -3.4507631e-03   5.6954479e-04  -1.9824786e-04
   7.1591654e-03   9.5127584e-02  -5.5051439e-02  -2.3057913e-03   3.6396322e-04   3.3961036e-04
  -2.6166338e-02   1.3637052e-01  -2.3054233e-02  -3.0077841e-03   9.9957671e-04   2.8864675e-04
  -3.3768876e-02   1.5696368e-01  -3.0015929e-02  -3.7753957e-03   1.3787310e-03   6.1535051e-04
  -2.0815300e-02   1.6768162e-01   2.7899596e-02  -3.9305643e-03   1.5029440e-03   1.3328735e-03
  -2.9675243e-02   1.4085816e-01   1.3375160e-01  -2.8409715e-03   1.8232529e-03   1.7316560e-03
  -1.8587612e-02   1.5446386e-01   1.0621986e-01  -3.1614909e-03   1.5255726e-03   1.4497070e-03
  -1.5868327e-02   2.0108364e-01   7.9217024e-02  -4.0971111e-03   1.4496786e-03   1.2463766e-03
  -1.0509395e-02   1.9249637e-01   1.1078795e-01  -3.9884432e-03   1.2643959e-03   1.2339766e-03
  -9.0537807e-04   1.9979517e-01   9.4114209e-02  -4.8057262e-03   9.4282210e-04   1.0787548e-03
  -8.1769157e-04   2.5949584e-01   8.9631699e-02  -6.1069712e-03   7.9739888e-04   9.7462431e-04
   5.1543361e-03   2.9213490e-01   9.5958273e-02  -7.1834036e-03   6.7315553e-04   8.1420303e-04
  -1.1581564e-02   2.9705136e-01   9.7719787e-02  -7.5682230e-03   1.0585694e-03   7.5220725e-04
  -1.0001899e-02   3.6510065e-01   1.0534244e-01  -9.1339364e-03   1.2422883e-03   6.4889486e-04
  -1.8155262e-02   4.1962143e-01   1.1570270e-01  -1.0674836e-02   1.3537726e-03   4.5322067e-04
  -3.1373465e-02   3.9566038e-01   1.0979760e-01  -1.0876848e-02   1.5239452e-03   4.3662854e-04
  -3.7209915e-02   4.3384764e-01   1.7988707e-01  -1.0259637e-02   1.9232918e-03   8.0292534e-04
  -2.0368188e-02   4.1145886e-01   2.0439213e-01  -9.4779972e-03   1.6184084e-03   8.4394545e-04
  -4.6753069e-03   3.9165827e-01   1.5720670e-01  -9.8025881e-03   1.1543215e-03   7.1394354e-04
  -1.7613439e-02   4.6066749e-01   1.2853123e-01  -1.1436254e-02   1.4010729e-03   7.8589019e-04
  -7.8387881e-03   4.8882260e-01   1.3231182e-01  -1.1728121e-02   1.2655934e-03   8.0431548e-04
  -1.8900723e-02   4.4741634e-01   1.3378306e-01  -1.1423057e-02   1.5234356e-03   8.4962996e-04
  -4.3709547e-03   4.5749161e-01   8.7372605e-02  -1.1368317e-02   1.3278019e-03   7.1736805e-04
  -1.5868634e-02   3.1568319e-01  -1.8621451e-01  -9.9134113e-03   1.4293387e-03   6.3478687e-04
  -1.7142727e-02   2.7205727e-01  -2.6084459e-01  -9.8551025e-03   1.0212575e-03   2.8594315e-04
  -6.7561851e-03   2.4409195e-01  -2.9422310e-01  -9.2513475e-03   1.4442780e-04  -1.4443681e-04
  -2.3581254e-02   1.8529214e-01  -3.2380839e-01  -8.9304727e-03  -3.5578092e-04  -2.4153755e-04
  -2.7777470e-02   2.2924076e-01  -3.1736664e-01  -9.5399436e-03  -3.6852772e-04  -3.5361762e-04
  -1.1120841e-02   2.1097507e-01  -3.6690713e-01  -9.8448253e-03  -5.9055891e-04  -3.7922674e-04
  -1.7782626e-02   8.1388085e-02  -5.6749311e-01  -9.0026874e-03  -7.6172968e-04  -3.6052101e-04
  -3.4692400e-02   1.5605276e-01  -3.6680124e-01  -8.8808500e-03  -3.6384532e-04  -1.5176056e-04
  -3.4995545e-02   2.4267776e-01  -2.8613977e-01  -9.7302486e-03  -2.5240972e-04  -1.6287827e-05
  -3.4735388e-02   2.8836751e-01  -1.8704720e-01  -1.0418195e-02  -2.6225979e-04  -1.9662187e-04
  -2.4860247e-02   3.4662921e-01  -7.9451768e-02  -1.0747903e-02  -3.2444346e-04  -1.6810265e-04
  -3.1241265e-03   3.9561161e-01  -2.3396119e-02  -1.1156027e-02  -6.1164824e-04  -1.7642747e-04
   1.8999196e-02   3.9415716e-01  -9.6161398e-03  -1.1613929e-02  -1.0970303e-03  -3.2524272e-04
   2.8826018e-02   4.4536945e-01   3.5265488e-02  -1.2406997e-02  -9.9858875e-04  -2.6403693e-04
  -2.4320974e-02   3.4715985e-01  -1.9254026e-01  -1.3275646e-02  -1.7807274e-04  -8.3361959e-04
  -2.7890065e-02  -1.2505523e-02  -6.2898876e-01  -7.0400140e-03   1.5009966e-04  -8.9833845e-04
  -4.0093871e-02   1.1604049e-01  -5.0757126e-01  -7.6388900e-03   3.6140078e-04  -1.1622482e-03
  -3.5090610e-02   3.1320012e-01  -1.3778516e-01  -1.0258909e-02   5.0171883e-04  -6.5566486e-04
  -1.8471135e-02   3.3309524e-01  -2.9374855e-02  -9.4012272e-03   4.0769282e-04   1.5858701e-04
  -2.1661313e-02   4.6897161e-01  -3.2066719e-02  -1.2234870e-02   7.0854283e-04   5.2108618e-04
  -6.4751469e-02   4.7119751e-01  -2.1371049e-02  -1.1223487e-02   2.1244263e-03   9.7580573e-04
  -4.7683124e-02   4.6136095e-01  -3.0245482e-02  -1.2103441e-02   1.7137385e-03   7.4039638e-04
  -3.7651314e-02   5.1204902e-01  -4.7189484e-02  -1.3226575e-02   1.7614985e-03   5.9922411e-04
  -2.0156906e-02   5.3440520e-01  -3.7963551e-02  -1.3650021e-02   1.4133055e-03   5.1814845e-04
  -2.6095041e-02   4.9927815e-01  -2.1968118e-02  -1.2293457e-02   1.6044164e-03   8.9345413e-04
  -1.4343486e-02   5.6317436e-01  -1.9944577e-02  -1.3984712e-02   1.2448430e-03   5.3737711e-04
  -8.8418693e-03   4.9589665e-01  -4.2239729e-02  -1.3525753e-02   1.0347462e-03   2.8393693e-04
  -1.7331540e-02   3.1825105e-01  -3.0981312e-01  -1.1496986e-02   8.7820029e-04   1.9595915e-04
   3.1689592e-02   2.2085092e-01  -2.9276534e-01  -6.9828819e-03  -1.1305022e-03  -4.7181567e-04
  -3.7027018e-02   1.7176155e-03  -5.6412858e-01  -6.4521769e-03   1.5880348e-04   1.4766611e-04
  -6.1998399e-02   4.7381939e-02  -5.0642340e-01  -6.1985319e-03   6.9098788e-04   1.9973193e-04
  -6.5708767e-02   8.7016194e-02  -4.9033711e-01  -6.9588781e-03   5.6180528e-04   9.1708413e-07
  -5.4664134e-02   9.3432719e-02  -4.7298128e-01  -8.1561249e-03   1.2070932e-04  -1.6452256e-05
  -5.7471569e-02   1.3888239e-01  -4.7731919e-01  -9.2955651e-03   6.5536209e-05  -1.2060648e-05
  -4.2255500e-02   1.8306090e-01  -4.5350642e-01  -1.0352633e-02  -1.7708087e-04  -9.9012383e-05
  -3.8780669e-02   1.2762165e-01  -4.5543439e-01  -9.4315734e-03  -3.4276151e-04  -1.3502497e-04
  -4.3906460e-02   1.3814344e-01  -5.3483830e-01  -1.0044863e-02  -3.6388397e-04  -2.6712291e-04
  -1.6828847e-02   1.7627840e-01  -5.4523603e-01  -1.0873591e-02  -6.7907490e-04  -2.9873574e-04
  -3.2560207e-02   1.4991720e-01  -5.2931611e-01  -1.0833424e-02  -2.9003270e-04  -2.7204909e-04
  -6.4088614e-03   1.9825356e-01  -6.1753830e-01  -1.2414155e-02  -7.7897307e-04  -4.7041612e-04
  -3.8371341e-03   2.1236468e-01  -6.3576015e-01  -1.4054371e-02  -9.4485637e-04  -6.1552917e-04
  -4.3991359e-03   2.5108002e-01  -6.8657609e-01  -1.5118047e-02  -1.0374653e-03  -6.9212858e-04
  -1.8692399e-03   2.7861368e-01  -7.1378691e-01  -1.5722744e-02  -1.2694118e-03  -8.5478969e-04
  -2.3617514e-03   2.4968046e-01  -7.4844861e-01  -1.6018958e-02  -1.0561552e-03  -6.1566124e-04
  -7.6830760e-03   2.2323571e-01  -8.4824789e-01  -1.5728856e-02  -8.2225738e-04  -6.8046648e-04
  -2.8990125e-04   1.2360532e-01  -9.7234463e-01  -1.4981466e-02  -1.0586558e-03  -6.3919499e-04
   4.0585944e-02  -4.9800275e-02  -1.1544311e+00  -1.2425254e-02  -2.3390828e-03  -9.9687254e-04
  -3.0445218e-02   6.3599102e-02  -1.0822808e+00  -1.2576341e-02  -1.3227488e-03  -1.0927680e-03
  -3.6160153e-02   1.0369881e-01  -7.6783562e-01  -1.2740744e-02  -9.2847860e-04  -5.4059706e-04
  -3.3134584e-02   1.7124466e-01  -7.5568651e-01  -1.3492215e-02  -9.1058399e-04  -5.5760722e-04
  -3.4283711e-02   1.9725898e-01  -7.5660028e-01  -1.3852903e-02  -7.5948955e-04  -5.0052525e-04
  -2.1183968e-02   1.8013855e-01  -7.4578385e-01  -1.4143566e-02  -9.8264428e-04  -4.5997891e-04
  -9.1279371e-03   1.7846954e-01  -7.2851905e-01  -1.3323512e-02  -8.6702215e-04  -3.2324612e-04
  -1.2403235e-03   1.8930631e-01  -7.3454043e-01  -1.2669365e-02  -7.6438733e-04  -1.4818030e-04
  -2.2709149e-02   1.7336263e-01  -6.2599509e-01  -1.0737108e-02   4.8541320e-04  -2.1059818e-04
  -3.8413345e-02   1.5615979e-01  -5.8259025e-01  -1.1064136e-02   6.2142866e-04   4.5465178e-05
  -3.1417566e-02   2.0985018e-01  -6.0102183e-01  -1.2698330e-02   1.6649883e-04   3.6504202e-05
  -6.6471005e-03   2.9595862e-01  -6.5449636e-01  -1.5282397e-02  -7.6427231e-04  -2.7647661e-04
  -2.2059810e-02   3.2726736e-01  -7.8424569e-01  -1.8588984e-02  -7.5720392e-04  -8.8287152e-04
  -2.6903458e-02   1.8925787e-01  -9.1536816e-01  -1.8649869e-02  -8.1009347e-04  -1.4873821e-03
  -2.4362515e-02   2.7776594e-01  -8.9945085e-01  -2.0188839e-02  -8.8443349e-04  -1.5722254e-03
  -2.8584990e-02   3.0689227e-01  -8.9395485e-01  -2.1286530e-02  -9.5403466e-04  -1.4881077e-03
  -2.9386278e-02   3.0907483e-01  -8.6147488e-01  -2.0646932e-02  -6.5268965e-04  -6.2812472e-04
  -2.7349510e-02   4.2188698e-01  -8.4992412e-01  -2.2425549e-02  -5.2221005e-04  -6.8549089e-04
   3.0502802e-02  -5.7395871e-02  -1.0806982e+00  -1.3411676e-02  -2.3786189e-03  -3.2151212e-04
  -1.6916557e-02  -4.1865783e-01  -1.5975112e+00  -8.4408875e-03  -3.3898746e-03  -3.0268971e-03
  -4.4736602e-02  -1.5194691e-01  -1.2523623e+00  -5.7970113e-03  -2.3715126e-03  -2.9973979e-03
  -7.9838936e-02   8.4071895e-02  -4.9545293e-01  -6.0101528e-03  -4.9309518e-04  -1.4899067e-03
  -9.9656707e-02   1.7447788e-01  -3.8143850e-01  -6.6458645e-03  -8.2115281e-05  -9.2570638e-04
  -9.3084902e-02   1.6587667e-01  -2.3679129e-01  -6.5661767e-03   1.4644025e-04  -6.6142058e-04
  -1.1346101e-01   1.5594915e-01  -3.5731063e-01  -6.7518865e-03   8.8776189e-05  -9.3055661e-04
  -1.2657703e-01   3.8005150e-01   1.0048968e-01  -9.1162912e-03   7.0305262e-04  -8.5977689e-04
  -1.0647057e-01   3.7519451e-01   2.3083638e-01  -8.6002546e-03   8.5700289e-04  -2.9833327e-04
  -9.9440111e-02   4.6617254e-01   3.3475506e-01  -9.5955399e-03   9.4813521e-04   6.1146317e-05
  -7.8277993e-02   4.7572633e-01   3.3966386e-01  -9.6889832e-03   7.8216127e-04   2.9854585e-04
  -3.8378826e-02   5.2151124e-01   4.6660196e-01  -9.8997954e-03   6.1355249e-04   1.3377441e-03
   7.5083647e-03   4.3564637e-01   3.0025352e-01  -9.2785816e-03  -1.0847776e-03   3.4314659e-04
   2.0283684e-02   4.6077381e-01   3.4852939e-01  -7.4442223e-03  -1.1703312e-03   3.7341989e-04
   1.6706920e-02   4.4903323e-01   2.3421676e-01  -8.6291048e-03  -8.2312136e-04   3.5930710e-04
   2.3074669e-02   4.6296341e-01   2.6643932e-01  -8.5529725e-03  -8.3273095e-04   3.3775776e-04
   2.8888232e-02   4.3748722e-01   2.6400816e-01  -8.1716442e-03  -9.9375072e-04   2.1444330e-04
   2.8692877e-02   4.7364324e-01   2.4955763e-01  -9.3846518e-03  -1.1306773e-03   4.4283964e-05
   2.9795608e-02   4.7237543e-01   2.4873909e-01  -9.4397617e-03  -1.0914761e-03   1.3693154e-05
   3.1520990e-02   5.0800995e-01   2.3495228e-01  -9.6418029e-03  -9.6466148e-04   1.1051878e-04
   3.9091231e-02   4.8277085e-01   2.3434537e-01  -9.3538287e-03  -1.3275087e-03  -9.8927303e-05
   3.1793980e-02   4.7754497e-01   2.1961006e-01  -9.4719870e-03  -1.3415378e-03  -2.4001170e-04
   4.5800961e-02   4.4426484e-01   7.8626009e-02  -9.3064004e-03  -2.0771840e-03  -6.1331653e-04
   4.0283676e-02   3.3787904e-01  -1.5401056e-01  -9.4047274e-03  -2.4956425e-03  -9.3083136e-04
   2.7088931e-02   2.1302586e-01  -2.3141673e-01  -7.0159501e-03  -2.5241979e-03  -7.0445884e-04
   4.1780191e-02   4.3750039e-01   4.0766454e-02  -6.8837692e-03  -2.4995184e-03  -1.3265223e-03
   6.1759125e-02   3.9909958e-01   1.6435631e-01  -7.1099192e-03  -2.6157104e-03  -7.7058089e-04
   5.8547616e-02   4.6571198e-01   1.5718546e-01  -8.4837653e-03  -2.7656046e-03  -8.9232859e-04
   5.5314475e-02   4.7742689e-01   1.9069601e-01  -9.4638288e-03  -2.8720649e-03  -9.5363799e-04
   5.7586095e-02   4.5949721e-01   1.9827378e-01  -9.6446917e-03  -3.0237195e-03  -1.0942123e-03
   5.7065053e-02   5.2223827e-01   1.7692561e-01  -1.0770438e-02  -3.0963177e-03  -1.3428796e-03
   9.1913399e-02   4.9010209e-01   1.3180587e-01  -1.0238100e-02  -3.7122787e-03  -1.2769099e-03
   9.8265899e-02   5.1662428e-01   1.2697333e-01  -1.1089192e-02  -3.6144929e-03  -1.1945149e-03
   1.5424696e-01   5.5982995e-01   1.4868240e-01  -1.2615395e-02  -4.4185703e-03  -9.2766029e-04
   1.5050654e-01   5.4864172e-01   1.3427308e-01  -1.2934915e-02  -4.3861313e-03  -1.2642977e-03
   1.5767220e-01   5.9365351e-01   1.5626034e-01  -1.3352934e-02  -4.2836051e-03  -1.1177136e-03
   1.6120195e-01   6.2141021e-01   2.2033400e-01  -1.3957036e-02  -4.4913485e-03  -7.6082141e-04
   1.4462696e-01   6.4181921e-01   1.4230037e-01  -1.4313374e-02  -4.3015765e-03  -1.0421545e-03
   1.2704850e-01   6.7246631e-01   2.5908319e-01  -1.3837737e-02  -3.9392007e-03  -1.3076390e-03
   1.0539838e-01   3.9956908e-01  -1.6107044e-01  -1.2046423e-02  -4.2392198e-03  -1.6990299e-03
   6.3231917e-02   5.3256443e-01   2.5310667e-03  -1.2087741e-02  -4.2017961e-03  -2.1827993e-03
   8.8821879e-02   6.0903639e-01   2.3538795e-01  -1.1695722e-02  -3.8196224e-03  -1.5725382e-03
   1.2080322e-01   5.8773873e-01   3.2810484e-01  -1.2434735e-02  -4.3436546e-03  -1.4942287e-03
   1.3038620e-01   6.3344516e-01   4.2109508e-01  -1.2211122e-02  -4.3573385e-03  -1.2420819e-03
   1.3849023e-01   6.5775917e-01   4.6639870e-01  -1.2307872e-02  -4.4503813e-03  -1.2113505e-03
   1.3345254e-01   7.0933518e-01   4.7131718e-01  -1.3581733e-02  -4.3264568e-03  -1.2616439e-03
   1.3085450e-01   7.5179268e-01   5.0837354e-01  -1.4461983e-02  -4.1939906e-03  -1.1376537e-03
   1.4783008e-01   7.5824590e-01   4.9736817e-01  -1.4919840e-02  -4.5270866e-03  -1.1859920e-03
   1.9777219e-01   8.1594857e-01   3.5963910e-01  -1.8671759e-02  -5.4348507e-03  -2.3032894e-03
   1.6802960e-01   8.2777077e-01   5.1492944e-01  -1.7799692e-02  -5.2321008e-03  -2.8959896e-03
   1.5488192e-01   8.1103808e-01   5.4701712e-01  -1.6585273e-02  -4.9459095e-03  -2.3345329e-03
   1.4506706e-01   8.7900577e-01   5.9929425e-01  -1.6853471e-02  -4.6772687e-03  -2.3983628e-03
   1.5367475e-01   9.1776855e-01   6.2556351e-01  -1.7779139e-02  -4.8750887e-03  -2.3444534e-03
   1.4157180e-01   8.9144282e-01   6.8085072e-01  -1.7272924e-02  -4.6281527e-03  -2.0505008e-03
   1.4716939e-01   9.7865597e-01   7.5514230e-01  -1.7866023e-02  -5.2018258e-03  -1.9488314e-03
   1.4285631e-01   9.9700310e-01   7.5551395e-01  -1.8886048e-02  -5.0124283e-03  -2.2514775e-03
   1.5131221e-01   9.7431544e-01   7.6977500e-01  -1.8861746e-02  -5.0791948e-03  -2.0534193e-03
   1.6051938e-01   1.0151540e+00   7.8106289e-01  -1.8832820e-02  -5.2275326e-03  -1.9946880e-03
   1.6220349e-01   1.0041222e+00   7.5199512e-01  -1.8856191e-02  -5.0081089e-03  -2.1558282e-03
   1.3897726e-01   1.0074129e+00   8.4443163e-01  -1.8348729e-02  -4.4330141e-03  -1.8682168e-03
   1.4332432e-01   1.0910071e+00   9.7652761e-01  -1.9026208e-02  -4.2345432e-03  -1.8917731e-03
   1.4066909e-01   1.0777340e+00   1.0051499e+00  -1.8722120e-02  -4.3104753e-03  -1.9113625e-03
   1.3823458e-01   8.5232408e-01   5.8391878e-01  -1.7436258e-02  -4.6783622e-03  -1.7869176e-03
   1.2681867e-01   9.0333482e-01   5.9670766e-01  -1.6621336e-02  -4.6051621e-03  -1.7071080e-03
   1.3264002e-01   1.0073969e+00   9.2089466e-01  -1.8170271e-02  -4.5979452e-03  -1.5735575e-03
   1.2081783e-01   1.0382259e+00   9.8248872e-01  -1.7639848e-02  -4.1525590e-03  -1.5196147e-03
   1.0972891e-01   1.0651616e+00   1.1324796e+00  -1.6947181e-02  -3.7582378e-03  -1.1422064e-03
   1.3118808e-01   1.0888893e+00   1.1737203e+00  -1.7524248e-02  -3.8527942e-03  -6.9796017e-04
   1.2928286e-01   1.1116506e+00   1.1582250e+00  -1.8563540e-02  -3.8601002e-03  -1.1589511e-03
