   0.0000000e+00   0.0000000e+00   0.0000000e+00  -1.3877788e-17   0.0000000e+00   0.0000000e+00
  -4.5700466e-03   7.5740364e-02   3.8408158e-02  -1.3131279e-03   2.2709635e-04  -3.6965261e-05
  -1.5832803e-02   8.3799785e-02   5.3859233e-02  -1.6659137e-03   3.8539558e-04  -2.0171182e-04
  -1.3009148e-02   9.5999936e-02   3.5975345e-02  -1.9844163e-03   3.1985356e-04  -2.0567846e-04
  -2.8284129e-02   1.7274927e-01   5.5785740e-02  -2.8644361e-03   5.3935606e-04  -2.4324071e-04
  -2.1833066e-02   1.4598167e-01   6.5044563e-03  -2.6747231e-03   3.4184824e-04  -3.8468370e-04
  -2.3831821e-02   2.1100620e-01   3.4792636e-02  -3.4809650e-03   6.6231245e-04  -2.7432861e-04
  -3.3692665e-02   2.0705239e-01   5.4656416e-03  -3.5948260e-03   9.1137472e-04  -3.7323277e-04
  -2.8384489e-02   2.5379328e-01   3.4345583e-02  -4.4052725e-03   9.3368517e-04  -3.0615599e-04
  -4.3871257e-02   2.3299553e-01   2.4373985e-02  -4.2300480e-03   1.1991786e-03  -3.6945801e-04
  -3.3234490e-02   2.5163106e-01   1.4174197e-02  -4.5480077e-03   1.1700631e-03  -4.1860627e-04
  -4.1346449e-02   2.8586137e-01   1.8185767e-02  -4.9428789e-03   1.3570444e-03  -5.1486056e-04
  -3.1107794e-02   2.5707713e-01   7.0953029e-03  -4.4479067e-03   1.2025596e-03  -4.9096826e-04
  -3.2353479e-02   2.9536075e-01  -1.9910837e-02  -4.8517624e-03   1.1624616e-03  -5.5540871e-04
  -3.6104245e-02   3.0673536e-01  -3.7599092e-03  -4.8234655e-03   1.2530259e-03  -7.9153220e-04
  -1.8218395e-02   3.4954668e-01  -6.9183833e-02  -5.5606436e-03   8.6618170e-04  -9.7312977e-04
  -4.3143780e-03   4.0524308e-01  -1.5778432e-01  -6.6595794e-03   7.9164741e-04  -1.1173075e-03
  -2.1757801e-02   3.9464156e-01  -4.3155581e-02  -7.0021912e-03   1.2986242e-03  -9.4944757e-04
  -2.9419745e-02   3.8557843e-01  -7.7622750e-02  -6.9747939e-03   1.2935996e-03  -1.1199343e-03
  -4.2718806e-02  -7.1775375e-02  -4.0816008e-01   1.2057077e-03   1.4638018e-03   3.4586987e-04
  -5.2027266e-02   2.4585263e-01   7.5219057e-02  -2.9707900e-03   8.9624107e-04  -1.4813322e-03
  -6.5320703e-02   3.1813590e-01  -1.0134692e-01  -4.7960391e-03   1.4349669e-03  -1.5837492e-03
  -7.0382123e-02   3.8271288e-01   7.5729957e-02  -5.9831595e-03   1.8558978e-03  -1.5561606e-03
  -6.6864318e-02   3.5615706e-01   2.8784062e-03  -5.5538495e-03   1.6222595e-03  -1.6070860e-03
  -5.9406067e-02   3.9197745e-01   6.3640725e-02  -6.5998164e-03   1.6930935e-03  -1.5884681e-03
  -5.1929253e-02   4.0795982e-01   4.2129661e-02  -6.8378847e-03   1.6727246e-03  -1.7821915e-03
  -4.4464133e-02   4.1068548e-01   4.6566852e-02  -7.2345391e-03   1.5691626e-03  -1.6216637e-03
  -4.7408297e-02   4.8141349e-01   7.6831871e-02  -8.2436569e-03   1.6359815e-03  -1.8530728e-03
  -5.6417148e-02   4.7750418e-01   5.2136744e-02  -8.9934105e-03   1.7974512e-03  -1.8283544e-03
  -4.0454708e-02   5.5926071e-01   8.2165978e-02  -9.9003161e-03   1.5033448e-03  -2.1298073e-03
  -4.4398595e-02   5.2480449e-01  -6.5074607e-03  -9.9636241e-03   1.4128661e-03  -1.9699325e-03
  -4.7544822e-02   5.4704198e-01   4.8007875e-02  -1.0174445e-02   1.5239301e-03  -1.9499821e-03
  -4.4911975e-02   5.4763456e-01  -4.3118265e-03  -1.0207042e-02   1.3025909e-03  -1.9484232e-03
  -3.6959828e-02   5.5633926e-01   4.6058702e-02  -1.0181817e-02   1.2981853e-03  -2.0163257e-03
  -4.2561507e-02   5.4640201e-01   1.5589119e-02  -1.0151783e-02   1.3209287e-03  -1.8984225e-03
  -3.8121529e-02   5.6013610e-01   8.2420255e-02  -1.0252398e-02   1.3852054e-03  -2.0128074e-03
  -4.2658942e-02   5.5979310e-01   2.2279640e-02  -1.0420949e-02   1.3528026e-03  -1.8633294e-03
  -3.9664529e-02   5.9133004e-01   9.7771621e-02  -1.0847143e-02   1.4541594e-03  -2.1418923e-03
  -3.3986556e-02   5.5316817e-01   1.4048751e-02  -1.0021385e-02   1.3110037e-03  -1.8035413e-03
  -2.8086666e-02   5.4044189e-01   1.7017559e-02  -8.8445235e-03   1.2131805e-03  -1.6639828e-03
  -5.5761188e-03   5.9491739e-01  -4.1534657e-02  -9.4273285e-03   1.0897818e-03  -1.8504894e-03
  -1.2347755e-02   6.3804961e-01  -7.7631585e-03  -1.1439758e-02   1.3701728e-03  -1.9059515e-03
  -2.2816530e-02   5.9513895e-01  -1.4426764e-02  -1.1265720e-02   1.5345740e-03  -1.7312104e-03
  -2.2133343e-02   6.6116032e-01   2.7414774e-02  -1.1727760e-02   1.6747754e-03  -1.8917687e-03
  -2.8822709e-02   6.1317824e-01  -1.8815773e-02  -1.0972654e-02   1.5511292e-03  -1.7025131e-03
  -3.7971149e-02   6.6718463e-01   4.2439284e-02  -1.1115873e-02   1.5531850e-03  -1.9799978e-03
  -5.3161064e-02   6.3995124e-01   1.7723967e-02  -1.0897748e-02   1.6413903e-03  -1.8903486e-03
  -4.1967923e-02   6.5449761e-01   9.3033163e-02  -1.0941284e-02   1.4837488e-03  -2.0076634e-03
  -4.5188106e-02   6.0643526e-01   4.4185241e-02  -1.0718182e-02   1.6260140e-03  -1.9625100e-03
  -4.3469804e-02   6.8132552e-01   7.9302495e-02  -1.1485931e-02   1.6417366e-03  -2.1536326e-03
  -5.1796255e-02   6.6057550e-01   3.7622603e-02  -1.1807938e-02   1.7208944e-03  -2.1009442e-03
  -4.7685823e-02   6.7127573e-01   8.4513057e-02  -1.1723926e-02   1.7357797e-03  -2.0056340e-03
  -1.2845504e-02   6.4220276e-01  -3.6616390e-02  -1.0809482e-02   1.0732157e-03  -1.8310268e-03
  -2.0023755e-02   6.9095612e-01   4.1103644e-02  -1.1446217e-02   1.4746420e-03  -2.0293935e-03
  -1.6140468e-02   6.6169794e-01   3.7858759e-03  -1.1391001e-02   1.3576474e-03  -1.6112746e-03
  -3.1652585e-02   6.8001743e-01   2.7111890e-02  -1.0969503e-02   1.7789270e-03  -2.0838283e-03
  -2.7740279e-02   7.0059440e-01   7.4906087e-03  -1.2568334e-02   1.6989675e-03  -1.6663864e-03
  -4.4127693e-02   7.3992856e-01   6.9574102e-02  -1.3213127e-02   2.0700897e-03  -1.7591117e-03
  -5.3050858e-02   6.6574807e-01  -1.2669681e-01  -1.2179561e-02   1.9486660e-03  -1.6079739e-03
  -5.6331784e-02   7.8998150e-01   2.5942775e-01  -1.4712794e-02   1.9305601e-03  -1.8461599e-03
  -6.1210937e-02   7.2765190e-01   7.5221930e-02  -1.2913990e-02   2.1183986e-03  -2.0282477e-03
  -6.1538204e-02   7.2142671e-01   5.1134779e-02  -1.3087760e-02   2.1366040e-03  -2.0830813e-03
  -6.6955482e-02   7.6889748e-01   7.6077127e-02  -1.3819240e-02   2.2496092e-03  -2.0419522e-03
  -6.4557114e-02   7.2154404e-01   3.0718066e-02  -1.3236741e-02   2.2253032e-03  -2.0817554e-03
  -5.4543654e-02   7.3948732e-01   6.0143185e-02  -1.3789551e-02   2.1480427e-03  -1.9881775e-03
  -5.5436359e-02   7.2792046e-01   2.6606757e-02  -1.3322221e-02   2.1635399e-03  -2.1180013e-03
  -3.7873890e-02   7.4703493e-01   1.5839730e-02  -1.3760452e-02   1.8939546e-03  -2.0059794e-03
  -4.9926036e-02   7.6220298e-01   7.8129062e-02  -1.4055060e-02   2.1462542e-03  -2.1459249e-03
  -4.3801149e-02   7.4990859e-01  -4.2377240e-03  -1.4079094e-02   1.8748171e-03  -2.1720464e-03
  -5.5276309e-02   7.9285231e-01   9.9407135e-02  -1.4546569e-02   2.1384892e-03  -2.1821186e-03
  -4.8673580e-02   7.5738944e-01  -2.0736448e-02  -1.4352309e-02   1.8108195e-03  -2.2968499e-03
  -4.6505919e-02   7.7175868e-01   9.4846224e-02  -1.4164673e-02   1.8860357e-03  -2.2523106e-03
  -4.1690120e-03   7.1752772e-01  -2.6939856e-02  -1.2748629e-02   1.1127472e-03  -2.2705728e-03
  -1.0915401e-02   7.5533593e-01   3.4230100e-02  -1.3012722e-02   1.3473130e-03  -2.4417398e-03
  -1.5072903e-02   7.5741264e-01   1.3542682e-02  -1.3837788e-02   1.4473212e-03  -2.1878402e-03
  -1.4798232e-02   7.9654036e-01   5.3304214e-02  -1.4853642e-02   1.5767695e-03  -2.2387470e-03
  -2.2996751e-02   7.7947061e-01   5.4945638e-02  -1.4888897e-02   1.7254488e-03  -2.2751994e-03
  -2.0707330e-02   8.2589134e-01   7.8762087e-02  -1.5488571e-02   1.6118700e-03  -2.2357828e-03
  -3.5331522e-02   8.0423552e-01   8.7077789e-02  -1.4616963e-02   1.7234746e-03  -2.2599760e-03
  -2.8260678e-02   8.1955356e-01   8.9697633e-02  -1.5246022e-02   1.6393019e-03  -2.2131601e-03
  -3.6856592e-02   8.1680038e-01   1.3147463e-01  -1.4950778e-02   1.7352796e-03  -2.4311353e-03
  -3.6014332e-02   7.9226516e-01   6.4613404e-02  -1.4931757e-02   1.6423053e-03  -2.3393061e-03
  -3.7224183e-02   8.3072638e-01   1.2877276e-01  -1.5295060e-02   1.7042745e-03  -2.4699637e-03
  -4.4724638e-02   7.9884091e-01   5.6701237e-02  -1.4871347e-02   1.7187388e-03  -2.2782780e-03
  -3.8311180e-02   8.1682837e-01   1.2125923e-01  -1.5149750e-02   1.7532183e-03  -2.3849850e-03
  -2.8301969e-02   7.9062171e-01   8.4789717e-02  -1.4527818e-02   1.5936511e-03  -2.4515266e-03
  -2.5401340e-02   8.1688370e-01   1.3170131e-01  -1.5174626e-02   1.5996532e-03  -2.5434701e-03
  -3.5126029e-02   8.1110280e-01   9.5590372e-02  -1.4960753e-02   1.7603021e-03  -2.4657624e-03
  -3.0199902e-02   8.3834545e-01   9.2111601e-02  -1.5496545e-02   1.6327835e-03  -2.4060153e-03
  -3.5148130e-02   8.0295328e-01   1.0070706e-01  -1.4802585e-02   1.7813539e-03  -2.4005324e-03
  -2.2520269e-02   8.1524850e-01   1.0607523e-01  -1.5215171e-02   1.5991617e-03  -2.4320040e-03
  -8.8672824e-03   7.8711545e-01   3.5703430e-02  -1.4197125e-02   1.2679978e-03  -2.3158812e-03
  -2.6059448e-03   8.2130954e-01  -1.5843540e-02  -1.4748274e-02   1.1875448e-03  -2.1334725e-03
  -2.0861487e-02   8.3742836e-01   8.6966098e-02  -1.5578059e-02   1.6385960e-03  -2.3093499e-03
  -2.9226773e-02   8.0623223e-01   3.4806162e-02  -1.5638746e-02   1.6831414e-03  -2.2269814e-03
  -3.0481123e-02   8.3968211e-01   1.0749239e-01  -1.6109906e-02   1.7706210e-03  -2.3192796e-03
  -3.3739662e-02   8.2572840e-01   3.4320799e-02  -1.5717286e-02   1.5667810e-03  -2.3603793e-03
  -4.5223671e-02   8.4153171e-01   7.5513862e-02  -1.5944239e-02   1.6151719e-03  -2.3785267e-03
  -5.4619747e-02   8.4055711e-01   8.5413868e-02  -1.5404122e-02   1.7331207e-03  -2.3362822e-03
  -4.3923778e-02   8.4011950e-01   5.3293250e-02  -1.5594845e-02   1.6112829e-03  -2.4640862e-03
  -5.2344964e-02   8.6463934e-01   1.1594759e-01  -1.5807546e-02   1.7726117e-03  -2.5020333e-03
  -5.3964873e-02   8.3938792e-01   5.7570086e-02  -1.5530954e-02   1.7311933e-03  -2.5132736e-03
  -4.5960668e-02   8.4069484e-01   9.5004529e-02  -1.5460484e-02   1.7937537e-03  -2.5171044e-03
  -4.8548577e-02   8.4769341e-01   6.8519172e-02  -1.5815742e-02   1.7352311e-03  -2.6091532e-03
  -4.7328055e-02   8.3982915e-01   9.2722032e-02  -1.5703069e-02   1.7504141e-03  -2.4662127e-03
  -5.0126143e-02   8.5562584e-01   1.0364470e-01  -1.5557462e-02   1.7447325e-03  -2.4986791e-03
  -4.7709063e-02   8.1112370e-01   7.5598435e-02  -1.4985871e-02   1.6511095e-03  -2.3465061e-03
  -4.9842041e-02   8.4587304e-01   4.6206088e-02  -1.5630486e-02   1.7845122e-03  -2.2921704e-03
  -4.8999625e-02   8.6023807e-01   1.0205106e-01  -1.6238862e-02   2.0222837e-03  -2.3093843e-03
  -4.2082160e-02   8.3890554e-01   4.8149868e-02  -1.5787193e-02   1.9855834e-03  -2.3405450e-03
  -4.6315840e-02   8.6571436e-01   8.0551628e-02  -1.6275023e-02   1.9836166e-03  -2.4612234e-03
  -4.8429117e-02   8.6554429e-01   3.3157787e-02  -1.5467493e-02   1.7598080e-03  -2.4946075e-03
  -4.4969232e-02   8.5207394e-01   2.5678972e-02  -1.5362480e-02   1.6192658e-03  -2.3328425e-03
  -2.2212723e-02   8.6163648e-01  -6.7435867e-02  -1.5017328e-02   1.2842448e-03  -2.0998147e-03
  -3.6905852e-02   8.8441114e-01   3.5139440e-02  -1.5338130e-02   1.6652644e-03  -2.0085506e-03
  -2.6243758e-02   9.1766288e-01  -1.2606968e-01  -1.6107034e-02   1.3217645e-03  -1.9551975e-03
  -3.0688245e-02   9.4406929e-01  -9.8714112e-02  -1.6608060e-02   1.5103644e-03  -1.8713311e-03
  -2.7267296e-02   9.3580177e-01  -1.2745085e-01  -1.7307317e-02   1.5932876e-03  -2.1330747e-03
  -4.2270342e-02   1.0050377e+00   5.7737428e-04  -1.8294917e-02   2.0387107e-03  -2.2009988e-03
  -5.4622246e-02   9.2300977e-01  -5.6314451e-02  -1.7312166e-02   1.9979314e-03  -2.3635025e-03
  -6.5960652e-02   9.7259231e-01   6.0659609e-03  -1.7802994e-02   2.0338646e-03  -2.3696614e-03
  -7.2214741e-02   9.2546467e-01  -1.8616126e-01  -1.6098107e-02   1.8470977e-03  -2.7463951e-03
  -7.3782770e-02   8.8913770e-01  -2.0662899e-01  -1.5463374e-02   1.9217734e-03  -2.7216213e-03
  -8.1654080e-02   9.2153509e-01  -6.9737882e-02  -1.6109280e-02   2.1976486e-03  -2.7950136e-03
  -8.0280887e-02   8.7355108e-01  -1.3906932e-01  -1.6137127e-02   2.1908123e-03  -2.8163593e-03
  -7.2377627e-02   9.0929682e-01  -3.3218467e-02  -1.6608793e-02   2.0595814e-03  -2.8403897e-03
  -7.4069870e-02   9.4949104e-01   9.6269312e-02  -1.7669021e-02   2.0293116e-03  -2.6345326e-03
  -6.3349313e-02   9.0410818e-01   1.7347073e-02  -1.7392070e-02   1.9474554e-03  -2.5703063e-03
  -6.1582451e-02   9.3578329e-01   4.6507129e-02  -1.7765084e-02   2.0427530e-03  -2.6074562e-03
  -7.1572649e-02   9.7093674e-01   5.2779821e-02  -1.8286188e-02   2.1742844e-03  -2.6758610e-03
  -5.9555941e-02   9.0528422e-01   9.7278179e-03  -1.7670363e-02   1.8696089e-03  -2.6532228e-03
  -6.1665181e-02   9.6234772e-01   9.0879914e-02  -1.8143970e-02   2.0811242e-03  -2.5939870e-03
  -6.1492303e-02   9.2470128e-01   1.5469092e-02  -1.7879488e-02   2.0406326e-03  -2.6185068e-03
  -6.2388733e-02   9.2177662e-01   4.6698629e-02  -1.8226977e-02   1.9636551e-03  -2.5433235e-03
  -7.9254869e-02   9.3050842e-01   1.8967190e-02  -1.7725264e-02   2.1298266e-03  -2.6880758e-03
  -6.7679074e-02   9.2973824e-01   5.5533975e-02  -1.8050400e-02   1.9988278e-03  -2.7150700e-03
  -7.1816457e-02   9.1678826e-01   2.0382883e-02  -1.7682959e-02   2.1074755e-03  -2.7491620e-03
  -5.8442757e-02   9.3331507e-01   2.1139471e-02  -1.8132485e-02   2.0025800e-03  -2.6808833e-03
  -5.8083496e-02   9.2129877e-01  -2.0513641e-02  -1.7811661e-02   2.0352719e-03  -2.6392136e-03
  -7.0360689e-02   9.4651097e-01   2.4108797e-02  -1.8273396e-02   2.0523349e-03  -2.6574726e-03
  -8.4985047e-02   9.6607138e-01   3.3983573e-02  -1.8135389e-02   2.0782788e-03  -2.8105553e-03
  -8.2327986e-02   9.4599249e-01  -8.4600096e-04  -1.8117633e-02   1.9847279e-03  -2.7628985e-03
  -8.9556579e-02   9.8787880e-01   2.8463850e-02  -1.8863731e-02   2.1409923e-03  -2.7741761e-03
  -8.5287771e-02   9.2555926e-01  -1.2206110e-02  -1.8093799e-02   2.0475201e-03  -2.6996741e-03
  -9.2564972e-02   9.8135695e-01  -6.9392087e-03  -1.8970605e-02   2.1940523e-03  -2.6935371e-03
  -9.8783846e-02   9.4870329e-01  -1.6220006e-02  -1.8216334e-02   2.2539275e-03  -2.6787496e-03
  -8.9197531e-02   9.7284673e-01  -2.1164708e-02  -1.8636068e-02   2.1480150e-03  -2.6216621e-03
  -8.4990208e-02   9.6817462e-01  -4.8407673e-03  -1.8202364e-02   1.9511578e-03  -2.5471760e-03
  -9.0293867e-02   9.4549012e-01  -2.7930430e-02  -1.7885388e-02   2.1154577e-03  -2.4091798e-03
  -8.3124490e-02   9.4478750e-01  -4.0369451e-02  -1.7986044e-02   2.0361832e-03  -2.3045611e-03
  -7.4511735e-02   9.1902668e-01  -9.3323150e-02  -1.7103310e-02   1.7155221e-03  -2.4984893e-03
  -7.7355064e-02   9.0480864e-01  -9.6547925e-02  -1.7420203e-02   1.9683763e-03  -2.4243859e-03
  -7.0681939e-02   9.0260108e-01  -8.7298229e-02  -1.7019474e-02   1.9606591e-03  -2.5537024e-03
  -6.8782391e-02   9.0506862e-01  -1.5097137e-01  -1.7212921e-02   1.9518799e-03  -2.8096109e-03
  -5.5581650e-02   9.1390955e-01  -1.3306220e-01  -1.7511936e-02   1.7535220e-03  -2.6873209e-03
  -6.5200730e-02   9.2114966e-01  -1.3306888e-01  -1.7446870e-02   1.9996926e-03  -2.7108361e-03
  -5.6648021e-02   9.1939395e-01  -1.3634023e-01  -1.7344024e-02   1.8113323e-03  -2.6426525e-03
  -6.9607762e-02   9.5410216e-01  -3.0621533e-03  -1.7911955e-02   2.0937248e-03  -2.7803910e-03
  -4.9941632e-02   9.3636926e-01  -4.0065051e-02  -1.7738770e-02   1.8527420e-03  -2.5748148e-03
  -5.1823539e-02   9.6719891e-01  -3.3290839e-02  -1.7830610e-02   2.0587118e-03  -2.5817450e-03
  -3.8651712e-02   9.3908353e-01  -3.6243852e-02  -1.7724909e-02   1.9045370e-03  -2.4926234e-03
  -3.0582815e-02   9.6007873e-01  -6.9542303e-02  -1.7833118e-02   1.8224411e-03  -2.5023676e-03
  -3.8344836e-02   9.3803874e-01  -8.1781872e-02  -1.7042170e-02   1.7988968e-03  -2.3563871e-03
  -4.6053702e-02   9.9771851e-01  -8.1279254e-02  -1.8779762e-02   1.9295094e-03  -2.5308499e-03
  -6.6778332e-02   1.0051575e+00  -3.5673895e-02  -1.9321283e-02   2.2642571e-03  -2.5451816e-03
  -6.5426985e-02   9.9650774e-01  -8.8385148e-02  -1.9098050e-02   2.1548240e-03  -2.5791916e-03
  -5.3773516e-02   1.1453403e+00  -2.4830822e-01  -2.0749781e-02   1.6938309e-03  -2.5682090e-03
  -7.1634868e-02   9.2852282e-01  -2.5306808e-01  -1.8134758e-02   1.9238431e-03  -2.6656898e-03
  -5.3437664e-02   5.8678234e-01  -3.1180110e-01  -1.3024024e-02   1.2387839e-03  -1.2639587e-03
  -7.7969458e-02   6.2982930e-01  -2.9631306e-01  -1.0767231e-02   1.7229720e-03  -2.1081583e-03
  -7.2825876e-02   6.9920571e-01  -2.3231665e-01  -1.2380492e-02   1.6305177e-03  -2.5808236e-03
  -7.7509181e-02   7.5718233e-01  -1.7426315e-01  -1.3386273e-02   1.7611227e-03  -2.8689163e-03
  -6.6823079e-02   7.5168968e-01  -1.8105552e-01  -1.3819158e-02   1.7427001e-03  -2.6216414e-03
  -7.8387127e-02   8.4073749e-01  -1.0876297e-01  -1.4934270e-02   1.8956277e-03  -2.7341634e-03
  -6.4163937e-02   7.7336682e-01  -1.6056596e-01  -1.4524693e-02   1.5925174e-03  -2.5683147e-03
  -7.8451620e-02   8.5757186e-01  -8.5136334e-02  -1.6157042e-02   1.8710353e-03  -2.7812398e-03
  -7.7570821e-02   8.4541977e-01  -1.2361782e-01  -1.5762891e-02   1.7451974e-03  -2.8219132e-03
  -7.3109136e-02   9.0130825e-01  -9.7804556e-02  -1.6964582e-02   1.6675349e-03  -2.8521248e-03
  -8.3015103e-02   8.8508192e-01  -1.1841881e-01  -1.6695399e-02   1.8361971e-03  -2.9509970e-03
  -7.5852449e-02   9.0762189e-01  -1.3931812e-01  -1.7185092e-02   1.7595576e-03  -2.8754799e-03
  -8.7564921e-02   9.2304123e-01  -9.2415253e-02  -1.6946052e-02   1.9547695e-03  -2.9923250e-03
  -8.5145967e-02   9.1468292e-01  -1.4344602e-01  -1.7274899e-02   1.8806637e-03  -2.8004591e-03
  -8.9400628e-02   9.5213873e-01  -8.7342948e-02  -1.7749423e-02   1.9879113e-03  -2.9218136e-03
  -7.7369081e-02   8.9596790e-01  -1.3092029e-01  -1.7387853e-02   1.7706792e-03  -2.6996310e-03
  -8.0144948e-02   9.5575599e-01  -9.4401620e-02  -1.8228644e-02   1.9698708e-03  -2.9216862e-03
  -8.0920603e-02   9.0928963e-01  -1.3365249e-01  -1.7476235e-02   1.7939872e-03  -2.8282917e-03
  -7.8858668e-02   9.6033487e-01  -1.1608354e-01  -1.8371839e-02   1.7332058e-03  -2.9131486e-03
  -6.4187704e-02   9.6917860e-01   2.4311380e-01  -1.7251374e-02   8.3534623e-04  -2.9297003e-03
