   0.0000000e+00   0.0000000e+00   0.0000000e+00   0.0000000e+00   0.0000000e+00   0.0000000e+00
   7.9678989e-04   8.5922086e-02   3.0534142e-02  -1.4440642e-03  -1.4199251e-04  -7.2908197e-05
  -6.9748602e-03   9.2465661e-02   4.0273074e-02  -1.3610190e-03   2.2896561e-06  -9.7737434e-05
  -8.8002610e-03   1.4791125e-01   3.4481669e-02  -2.6400206e-03   9.9848312e-05  -2.0208688e-04
  -1.8341547e-02   1.4924517e-01   5.1907373e-02  -2.6726351e-03   3.9019887e-04  -3.4279136e-04
  -1.6504238e-02   1.9903138e-01   2.2432561e-02  -3.6250425e-03   4.4014117e-04  -3.2994801e-04
  -2.5925411e-02   2.0134702e-01   5.2803828e-02  -3.6840345e-03   6.7043881e-04  -3.8957668e-04
  -2.7915299e-02   2.2400623e-01   5.3881900e-02  -3.9111121e-03   7.0333185e-04  -3.6718041e-04
  -2.3784896e-02   2.3651396e-01   5.7063109e-02  -4.2466453e-03   6.2864486e-04  -4.3476929e-04
  -2.8926235e-02   3.5113772e-01  -3.3369315e-02  -6.0951752e-03   6.6323457e-04  -4.6063103e-04
  -3.1052434e-02   2.7179233e-01  -5.0082974e-02  -5.6392279e-03   7.9909764e-04  -6.1900994e-04
  -3.0576310e-02   2.8660517e-01   1.6504632e-02  -5.9813748e-03   8.2295800e-04  -5.7116301e-04
  -3.0943734e-02   3.8413730e-01  -6.3608237e-02  -7.1326891e-03   8.3758186e-04  -6.2568999e-04
  -2.6040906e-02   2.8909059e-01  -2.6734927e-02  -6.6311516e-03   7.9224172e-04  -6.8940826e-04
  -3.9764933e-02   3.3090847e-01   3.2070376e-02  -6.7140771e-03   1.0593852e-03  -7.7750595e-04
  -2.8388871e-02   3.2765897e-01   2.2683065e-02  -6.4824474e-03   8.0109842e-04  -8.2574057e-04
  -3.9265272e-02   3.8045341e-01   3.0791306e-02  -7.5389294e-03   1.0179311e-03  -8.4584314e-04
  -3.9402264e-02   3.4471197e-01   4.6711871e-02  -6.9567991e-03   1.1339512e-03  -8.7836864e-04
  -3.1639450e-02   4.2384591e-01   2.1152832e-02  -8.2693164e-03   1.0768352e-03  -9.8570933e-04
  -3.3139271e-02   3.8904445e-01   5.2887449e-02  -7.9570322e-03   1.1158274e-03  -1.0121802e-03
  -3.7208956e-02   4.2365725e-01   3.3124433e-02  -8.5142341e-03   1.1580546e-03  -9.7152291e-04
  -4.4595403e-02   4.2481859e-01   5.2689894e-02  -8.3968349e-03   1.3078270e-03  -8.9666965e-04
  -4.1026355e-02   4.1328397e-01   5.8067533e-02  -8.0441097e-03   1.3814939e-03  -8.6846078e-04
  -3.7877293e-02   4.2556445e-01   5.4112990e-02  -8.4206611e-03   1.3340617e-03  -9.0120419e-04
  -3.8527424e-02   4.3620873e-01   4.9992217e-02  -8.8011684e-03   1.2736016e-03  -8.9545115e-04
  -3.8359618e-02   4.5673681e-01   4.6464955e-02  -9.0782715e-03   1.2746251e-03  -1.0331058e-03
  -3.4363464e-02   4.0626000e-01   5.2086417e-02  -8.4834168e-03   1.1998196e-03  -1.0100324e-03
  -3.9094978e-02   4.4563720e-01   4.2478279e-02  -8.9372462e-03   1.3803895e-03  -1.0287918e-03
  -4.3742007e-02   4.6655679e-01   3.6917925e-02  -8.9521737e-03   1.3406963e-03  -9.0051716e-04
  -4.0069309e-02   4.3950021e-01   5.3409952e-02  -8.8704889e-03   1.3087868e-03  -9.6250784e-04
  -5.0995127e-02   4.4963200e-01   3.4575846e-02  -8.8774290e-03   1.4191895e-03  -1.0152709e-03
  -5.4926402e-02   1.2049566e-01   6.0625186e-04  -2.5513235e-03   1.2465501e-03   6.1208791e-04
  -4.6878319e-02   1.6780446e-01   5.4575003e-02  -2.3635867e-03   7.0947838e-04   3.5799177e-04
  -6.1996145e-02   2.7049863e-01   7.4331795e-02  -4.8452492e-03   1.4032395e-03  -1.5653374e-04
  -4.3737993e-02   2.7023008e-01   5.1808462e-02  -5.6880231e-03   1.1997041e-03  -5.2130775e-04
  -6.0052421e-02   3.4789546e-01   1.1321211e-01  -6.7711571e-03   1.3981690e-03  -4.6104305e-04
  -7.3018159e-02   3.4937102e-01   1.1668296e-01  -7.4367449e-03   1.5131768e-03  -7.1480819e-04
  -6.3361454e-02   3.7566379e-01   1.0392982e-01  -8.0959032e-03   1.4270528e-03  -8.2178896e-04
  -7.7289463e-02   4.2757266e-01   1.1060905e-01  -8.5995005e-03   1.6352345e-03  -8.0983633e-04
  -7.1378000e-02   4.1242341e-01   9.3772298e-02  -8.5081558e-03   1.5821025e-03  -9.8924107e-04
  -6.8202569e-02   4.7863877e-01   9.5536781e-02  -9.4931421e-03   1.5271886e-03  -9.5242783e-04
  -6.3261753e-02   4.3482554e-01   5.4934941e-02  -9.2795984e-03   1.3868504e-03  -1.0930676e-03
  -7.3401477e-02   4.7084914e-01   9.2297412e-02  -9.2806406e-03   1.5630172e-03  -1.0712018e-03
  -7.2627007e-02   4.4208577e-01   8.5610226e-02  -9.5800804e-03   1.6489715e-03  -1.1808556e-03
  -7.9642593e-02   4.9976413e-01   9.4225343e-02  -9.9408001e-03   1.8388953e-03  -1.1969308e-03
  -7.8100353e-02   5.1873407e-01   8.8512497e-02  -1.0639495e-02   1.8203329e-03  -1.3244862e-03
  -8.5460333e-02   5.2765148e-01   1.0551085e-01  -1.0819195e-02   1.9922242e-03  -1.3840203e-03
  -7.7333196e-02   5.1340255e-01   1.0326565e-01  -1.0400006e-02   1.8171736e-03  -1.4126390e-03
  -8.8169072e-02   5.5908223e-01   1.4800548e-01  -1.1323348e-02   2.0417244e-03  -1.3401847e-03
  -7.9651880e-02   5.1795434e-01   1.3122228e-01  -1.0987447e-02   1.8711673e-03  -1.5093645e-03
  -8.3799122e-02   5.7977183e-01   1.3651276e-01  -1.1949380e-02   2.0509766e-03  -1.4817598e-03
  -8.1670000e-02   5.4385446e-01   1.2812602e-01  -1.1665765e-02   1.9767074e-03  -1.4394822e-03
  -8.1413804e-02   6.1280916e-01   1.3231191e-01  -1.2836301e-02   1.9726757e-03  -1.4714010e-03
  -8.9419008e-02   5.8571423e-01   1.2975120e-01  -1.2422625e-02   2.0534038e-03  -1.5048995e-03
  -7.9577744e-02   6.1764385e-01   1.1090696e-01  -1.2932986e-02   1.8570505e-03  -1.5782213e-03
  -1.0003116e-01   6.4269625e-01   1.3688307e-01  -1.2991936e-02   2.1468311e-03  -1.4322065e-03
  -9.5595677e-02   6.0265742e-01   1.2163916e-01  -1.2877161e-02   2.1263059e-03  -1.5358358e-03
  -9.5705524e-02   6.0847418e-01   1.3248146e-01  -1.2746468e-02   2.0845860e-03  -1.5604300e-03
  -9.8806847e-02   6.3336486e-01   1.3234777e-01  -1.2782177e-02   2.1603341e-03  -1.5864550e-03
  -9.7336162e-02   6.0685325e-01   1.4587059e-01  -1.2928301e-02   2.1166558e-03  -1.6005233e-03
  -9.5587765e-02   6.0216206e-01   1.2596575e-01  -1.2565533e-02   2.0955368e-03  -1.5356151e-03
  -8.5175302e-02   6.4248846e-01   1.1993055e-01  -1.2760693e-02   1.9113772e-03  -1.5980323e-03
  -9.0883916e-02   6.0504941e-01   1.0982772e-01  -1.2459237e-02   2.1088949e-03  -1.6192255e-03
  -9.9192454e-02   6.8336678e-01   1.4071149e-01  -1.4208091e-02   2.0575763e-03  -1.2723085e-03
  -1.1410668e-01   5.9747312e-01   1.4265328e-01  -1.2839438e-02   2.3014127e-03  -1.3142240e-03
  -1.0614379e-01   2.3381931e-01   3.0498414e-01  -4.2105435e-03   1.2811790e-03   6.1091873e-04
  -1.4579714e-01   2.9114848e-01   3.4836939e-01  -5.3053985e-03   2.3876745e-03   1.3514158e-04
  -1.1558050e-01   2.7599148e-01   3.4624257e-01  -6.4744267e-03   1.8523748e-03   1.9253193e-04
  -1.4807386e-01   3.5694935e-01   3.7516945e-01  -6.9472404e-03   2.3567613e-03  -5.0708068e-04
  -1.1616860e-01   3.2739835e-01   3.3444317e-01  -6.8691753e-03   1.7421353e-03  -5.7364117e-04
  -1.3026911e-01   3.9783221e-01   3.6825804e-01  -8.6165387e-03   1.9863056e-03  -7.5865140e-04
  -1.3346969e-01   4.1619373e-01   3.7617504e-01  -8.6294794e-03   1.9819401e-03  -7.3302433e-04
  -1.3629982e-01   4.1220699e-01   3.7232345e-01  -8.9223988e-03   2.0875359e-03  -7.1106873e-04
  -1.4697798e-01   4.4038474e-01   4.2100770e-01  -9.4097828e-03   2.1867639e-03  -7.3171764e-04
  -1.3400475e-01   3.9385098e-01   3.7565229e-01  -8.7990437e-03   2.0328154e-03  -7.6486153e-04
  -1.3667443e-01   4.5761401e-01   3.9744974e-01  -9.8585688e-03   2.1474533e-03  -7.4327616e-04
  -1.4483352e-01   4.1854757e-01   4.1095422e-01  -9.4608153e-03   2.2965599e-03  -7.6123685e-04
  -1.3195327e-01   4.5287985e-01   3.7152936e-01  -1.0040733e-02   2.2415352e-03  -7.7322803e-04
  -1.2044546e-01   4.5239641e-01   3.8861703e-01  -9.7856660e-03   2.1142188e-03  -1.0245068e-03
  -1.1453118e-01   4.7807115e-01   3.9133340e-01  -1.1242565e-02   2.0666300e-03  -1.1280624e-03
  -1.1919623e-01   4.7978780e-01   4.0699512e-01  -1.0883025e-02   2.1571848e-03  -1.1910864e-03
  -1.1835752e-01   4.9549336e-01   3.6984746e-01  -1.1192083e-02   2.2816173e-03  -1.1699723e-03
  -1.2812191e-01   5.1508679e-01   4.0334776e-01  -1.1640584e-02   2.3744235e-03  -1.2905530e-03
  -1.3782376e-01   5.4383776e-01   3.7287218e-01  -1.2222523e-02   2.6936184e-03  -1.3738824e-03
  -1.3749548e-01   5.1343054e-01   3.8785610e-01  -1.1574352e-02   2.6376916e-03  -1.3807135e-03
  -1.4319564e-01   5.6595684e-01   4.0583968e-01  -1.2091806e-02   2.5626976e-03  -1.2742233e-03
  -1.4668139e-01   5.2076037e-01   3.8046681e-01  -1.1529302e-02   2.6889407e-03  -1.1759127e-03
  -1.4108652e-01   5.5080732e-01   3.8036582e-01  -1.1938947e-02   2.7105354e-03  -1.2469494e-03
  -1.4709213e-01   5.6036710e-01   3.7465017e-01  -1.1805860e-02   2.7862948e-03  -1.2614454e-03
  -1.5076443e-01   5.2459912e-01   3.5047435e-01  -1.1481530e-02   2.7356550e-03  -1.1502907e-03
  -1.4748496e-01   5.5512142e-01   3.0974496e-01  -1.1736669e-02   2.6802723e-03  -1.2063260e-03
  -1.4764344e-01   5.4925357e-01   3.2724533e-01  -1.1362421e-02   2.6982141e-03  -1.1813891e-03
  -1.4392586e-01   5.5272409e-01   3.1676407e-01  -1.1743820e-02   2.7388382e-03  -1.1513183e-03
  -1.4797290e-01   5.6645707e-01   3.2913530e-01  -1.1797471e-02   2.8327347e-03  -1.1112423e-03
  -1.3988414e-01   5.6684415e-01   3.0681314e-01  -1.1865683e-02   2.7891798e-03  -1.1543962e-03
  -1.5712876e-01   5.8111236e-01   3.5747741e-01  -1.2077038e-02   2.9454890e-03  -1.2081912e-03
  -1.4377737e-01   5.5820360e-01   3.4140426e-01  -1.1552959e-02   2.7126357e-03  -1.1149324e-03
  -1.5813638e-01   6.3416412e-01   3.6181283e-01  -1.2453273e-02   2.9328873e-03  -1.1057525e-03
  -1.4919391e-01   5.9486204e-01   3.4668188e-01  -1.2225603e-02   2.8347380e-03  -1.0660749e-03
  -1.5646680e-01   6.3965517e-01   3.4019389e-01  -1.3124983e-02   2.9745943e-03  -1.0450848e-03
  -1.5401397e-01   6.1177126e-01   3.3331859e-01  -1.2725416e-02   2.9682714e-03  -1.0561006e-03
  -1.6778617e-01   6.6067369e-01   3.4608615e-01  -1.3534839e-02   3.0379075e-03  -1.1202893e-03
  -1.6984141e-01   6.1211816e-01   3.2432035e-01  -1.2871430e-02   3.0758034e-03  -1.1272673e-03
  -1.7445643e-01   6.4916926e-01   3.5072279e-01  -1.3436913e-02   3.0836791e-03  -1.0520287e-03
  -1.8163719e-01   6.4335265e-01   3.6597900e-01  -1.3282064e-02   3.2604809e-03  -1.2016472e-03
  -1.6012835e-01   5.9906477e-01   3.2502378e-01  -1.2642799e-02   2.9293325e-03  -1.0681402e-03
  -1.5673909e-01   5.9368674e-01   3.5380594e-01  -1.2526312e-02   2.9474477e-03  -1.0511178e-03
  -1.5260701e-01   6.0930571e-01   3.4400178e-01  -1.2434233e-02   2.8954756e-03  -1.1129433e-03
  -1.5256341e-01   6.3935276e-01   3.3979923e-01  -1.3378023e-02   2.9691318e-03  -1.1742426e-03
  -1.6174817e-01   6.5482778e-01   3.9971785e-01  -1.3764889e-02   3.0988827e-03  -1.2184772e-03
  -1.5574119e-01   6.3761548e-01   3.4376458e-01  -1.3495354e-02   3.0881332e-03  -1.2530969e-03
  -1.5637372e-01   6.8228607e-01   3.9144902e-01  -1.3479325e-02   2.8687213e-03  -1.2764579e-03
  -1.6433787e-01   6.2968355e-01   3.4512458e-01  -1.3289732e-02   3.0565345e-03  -1.2458994e-03
  -1.4516127e-01   6.9568067e-01   3.4214976e-01  -1.4051598e-02   2.6679041e-03  -1.2497136e-03
  -1.6382887e-01   6.6528867e-01   3.5513584e-01  -1.3706735e-02   3.0636496e-03  -1.3432127e-03
  -1.6331203e-01   6.5678585e-01   3.5000218e-01  -1.3978802e-02   2.9235184e-03  -1.2826098e-03
  -1.8380333e-01   6.7745278e-01   3.9842929e-01  -1.3997387e-02   3.2632671e-03  -1.3138628e-03
  -1.7148100e-01   6.2297445e-01   3.5269180e-01  -1.3087642e-02   3.1173532e-03  -1.2430030e-03
  -1.6730335e-01   6.4680887e-01   3.8273304e-01  -1.3462523e-02   2.9752974e-03  -1.3348524e-03
  -1.6522541e-01   6.4546416e-01   3.6963659e-01  -1.3230208e-02   2.9277128e-03  -1.4575817e-03
  -1.7057971e-01   6.1776711e-01   3.2010808e-01  -1.2717078e-02   2.9202044e-03  -1.4983969e-03
  -1.8336819e-01   6.5102598e-01   2.9594049e-01  -1.3437256e-02   3.2506204e-03  -1.3535140e-03
  -1.8690574e-01   6.3643889e-01   3.0758065e-01  -1.3257192e-02   3.4429934e-03  -1.3973416e-03
  -1.5512583e-01   6.0496650e-01   2.8981147e-01  -1.2969413e-02   2.9949255e-03  -1.3614358e-03
  -1.6178309e-01   6.6502845e-01   3.3078171e-01  -1.3819698e-02   3.2158622e-03  -1.4638974e-03
  -1.4699026e-01   6.0782651e-01   3.1219190e-01  -1.2751127e-02   2.9544336e-03  -1.3904789e-03
  -1.5953425e-01   6.6056776e-01   3.4641200e-01  -1.3780855e-02   3.1597295e-03  -1.4135816e-03
  -1.5915399e-01   6.4206710e-01   3.1585746e-01  -1.3438787e-02   3.0722015e-03  -1.4027482e-03
  -1.5569148e-01   6.7285470e-01   3.1936861e-01  -1.4044938e-02   3.0064295e-03  -1.3315635e-03
  -1.3050211e-01   6.3063927e-01   2.9139795e-01  -1.3031894e-02   2.6992995e-03  -1.3610575e-03
  -1.3095196e-01   6.5445764e-01   2.8536164e-01  -1.3240145e-02   2.7082246e-03  -1.0976231e-03
  -1.2165219e-01   6.4525783e-01   2.8001609e-01  -1.3500587e-02   2.6324506e-03  -1.1844107e-03
  -1.5679349e-01   6.5174834e-01   3.1953623e-01  -1.3979028e-02   3.2264240e-03  -1.2628710e-03
  -1.4453439e-01   6.6132351e-01   2.9767222e-01  -1.4458324e-02   2.9667489e-03  -1.1665156e-03
  -1.7593547e-01   6.8025744e-01   3.4230996e-01  -1.4480836e-02   3.4045735e-03  -1.2041578e-03
  -1.5633148e-01   6.2281307e-01   2.9860870e-01  -1.3090203e-02   2.9047290e-03  -9.7367774e-04
  -1.5398178e-01   6.4851554e-01   2.9154355e-01  -1.2684731e-02   3.0590495e-03  -1.1337106e-03
  -1.6753545e-01   6.9583204e-01   3.4069118e-01  -1.4133645e-02   3.1579825e-03  -1.1837703e-03
  -1.6515586e-01   6.8621319e-01   3.5766762e-01  -1.4633081e-02   3.1933600e-03  -1.2694673e-03
  -1.4404459e-01   6.9218075e-01   3.3149724e-01  -1.4677356e-02   2.8327551e-03  -1.1341676e-03
  -1.6029703e-01   7.0854711e-01   3.7428417e-01  -1.4434777e-02   3.0508444e-03  -1.1674153e-03
  -1.5842042e-01   6.5586778e-01   3.3283294e-01  -1.3933007e-02   2.8173042e-03  -1.0393100e-03
  -1.3335412e-01   6.0710282e-01   3.6626199e-01  -1.3111666e-02   2.1117368e-03  -9.5851477e-04
  -1.2130046e-01  -1.1264894e-01   3.1263443e-02  -8.1100064e-04   2.4616858e-03   1.9207569e-03
  -9.3434816e-02   8.4110881e-02   2.4085675e-01   1.5485015e-04   1.0889568e-03   1.5326412e-03
  -4.3563055e-02   1.8024201e-01   3.9618398e-01  -4.0141202e-03   1.1723266e-03   1.9726297e-03
  -3.6010684e-02   3.0809149e-01   4.0498255e-01  -5.2675765e-03   1.1738393e-03   1.8520690e-03
  -4.0208519e-02   3.2601278e-01   3.4181689e-01  -6.0470303e-03   1.4246317e-03   1.7759460e-03
  -3.4863756e-02   3.2097483e-01   4.5066603e-01  -7.0693525e-03   1.2153003e-03   1.5069326e-03
  -4.0215007e-02   4.2539717e-01   4.1038650e-01  -8.4575784e-03   1.4807057e-03   1.3660497e-03
  -2.2728413e-02   4.0050822e-01   3.7684667e-01  -8.3555115e-03   1.3686416e-03   1.5332446e-03
  -4.7299592e-02   4.3875575e-01   3.9660339e-01  -9.2413106e-03   1.4055324e-03   1.4116355e-03
  -3.4320548e-02   4.2501898e-01   3.6411764e-01  -8.8919246e-03   1.0709308e-03   1.4525617e-03
  -3.7095880e-02   4.9404629e-01   3.6911173e-01  -1.0076760e-02   1.1697440e-03   1.4357062e-03
  -3.3075127e-02   4.3916113e-01   3.7041200e-01  -9.5301524e-03   1.0626919e-03   1.5120512e-03
  -3.5906101e-02   5.2202597e-01   3.7770986e-01  -1.0784303e-02   1.1811516e-03   1.4278049e-03
  -4.5718963e-02   5.0723923e-01   3.8888522e-01  -1.0404005e-02   1.3000555e-03   1.5106171e-03
  -3.7467213e-02   4.9092123e-01   3.5493427e-01  -1.0491446e-02   1.3182825e-03   1.4777742e-03
  -3.7225987e-02   5.1366220e-01   3.8671060e-01  -1.0640399e-02   1.2701021e-03   1.4104826e-03
  -3.4024778e-02   5.1370673e-01   3.4971478e-01  -1.0691076e-02   1.2423790e-03   1.3407475e-03
  -4.8689877e-02   5.4548459e-01   3.7654483e-01  -1.1038863e-02   1.4180348e-03   1.4296093e-03
  -5.0524094e-02   5.5729252e-01   3.7171832e-01  -1.1655114e-02   1.5169960e-03   1.3927293e-03
  -3.5571236e-02   5.2331954e-01   3.7056289e-01  -1.1087969e-02   1.4142195e-03   1.4640796e-03
  -3.3417502e-02   5.7139467e-01   3.5657375e-01  -1.1372324e-02   1.4310346e-03   1.4666017e-03
  -2.2057339e-02   5.5018042e-01   3.4129400e-01  -1.1465219e-02   1.3243441e-03   1.4735652e-03
  -2.2858933e-02   5.5761488e-01   3.4698408e-01  -1.1349876e-02   1.2693456e-03   1.5642152e-03
  -2.0192389e-02   6.0066751e-01   3.4197798e-01  -1.2016475e-02   1.2058439e-03   1.4351526e-03
  -2.2617523e-02   5.4909464e-01   3.3045431e-01  -1.1185972e-02   1.1801812e-03   1.4278783e-03
  -2.1875726e-02   5.7456337e-01   3.2906480e-01  -1.0973092e-02   1.1708740e-03   1.3994764e-03
  -2.5248037e-02   5.9665464e-01   3.4161776e-01  -1.1734248e-02   1.3797386e-03   1.5430269e-03
  -3.7156448e-02   5.8977459e-01   3.4034843e-01  -1.2091505e-02   1.5188696e-03   1.8170187e-03
  -2.3469318e-02   5.7152372e-01   3.0218280e-01  -1.1961567e-02   1.4239025e-03   1.8472005e-03
  -3.5850081e-02   6.2872607e-01   3.5094771e-01  -1.2111361e-02   1.3951151e-03   1.7887674e-03
  -3.8447142e-02   5.7068840e-01   3.0952073e-01  -1.1486268e-02   1.3911541e-03   1.8074292e-03
  -3.5904120e-02   6.0929161e-01   3.4739792e-01  -1.1790315e-02   1.0214003e-03   1.6846683e-03
  -6.2246791e-02   5.8546992e-01   3.1038907e-01  -1.1401049e-02   1.4232528e-03   1.6341472e-03
  -9.9686067e-02   5.7300786e-01   3.1826940e-01  -1.1393780e-02   2.2134966e-03   1.4683263e-03
  -9.6526809e-02   6.0690750e-01   3.2280766e-01  -1.1590056e-02   2.3293856e-03   1.3867896e-03
  -8.8311643e-02   5.4002327e-01   2.7240978e-01  -1.1071325e-02   2.2236257e-03   1.3037930e-03
  -9.5605779e-02   6.2876415e-01   3.0667287e-01  -1.2044034e-02   2.2182469e-03   1.2725007e-03
  -8.7817244e-02   5.6087850e-01   2.7624790e-01  -1.1049053e-02   2.1774871e-03   1.1906948e-03
  -8.0169707e-02   5.8714100e-01   3.4179921e-01  -1.1612767e-02   1.9979858e-03   1.2131423e-03
  -8.7458136e-02   5.7946621e-01   3.0324141e-01  -1.1496351e-02   2.1691178e-03   1.2548761e-03
  -7.8303264e-02   5.9783498e-01   3.3261906e-01  -1.1952794e-02   1.8479666e-03   1.2702100e-03
  -8.6945512e-02   5.9878267e-01   3.1537376e-01  -1.2431866e-02   2.0067730e-03   1.1651804e-03
  -7.3944145e-02   5.8403343e-01   3.0932697e-01  -1.1855787e-02   1.7826393e-03   1.1413508e-03
  -6.7523531e-02   6.6092753e-01   3.6040368e-01  -1.3224470e-02   1.4860592e-03   1.1201044e-03
  -8.5423821e-02   5.7541796e-01   2.3926721e-01  -1.2017241e-02   1.8177123e-03   1.1328531e-03
