   0.0000000e+00   0.0000000e+00   0.0000000e+00   0.0000000e+00   0.0000000e+00   0.0000000e+00
  -3.6697732e-03   4.2860775e-02   8.7810894e-02  -4.5533512e-04  -3.4037522e-04   1.9166589e-05
   1.4843860e-02   3.0299222e-02   7.0490982e-02  -1.7695662e-04  -6.9747390e-04  -3.5504349e-04
   6.6415050e-03   1.0230087e-01   1.5008736e-01  -1.3417143e-03  -6.3915437e-04  -1.5843186e-04
  -2.6624287e-03   1.8776317e-02   2.1341238e-02  -3.2881096e-04  -4.1563867e-04  -1.7010194e-04
   7.3530211e-03   6.7313838e-02   3.3261164e-02  -5.3164264e-04  -5.6586607e-04  -1.1461749e-04
   1.9188041e-02   3.0406411e-02   3.6919568e-02   9.5409066e-05  -6.5044224e-04  -2.6163342e-04
   2.4515511e-02   9.2532064e-02   1.0492203e-01  -7.0709629e-04  -8.4694817e-04  -2.7044832e-04
   8.0455211e-03   6.0523882e-02   5.1821053e-02  -2.9574392e-04  -5.4356741e-04  -2.6276693e-04
   2.6770331e-02   9.1995744e-02   7.1589980e-02  -8.6716470e-04  -9.0049577e-04  -1.7784598e-04
   2.3296442e-03   1.0383567e-01   6.8500132e-02  -5.8341845e-04  -4.9535571e-04  -2.4064869e-04
   2.4975834e-02   8.0718507e-02   3.3834635e-02  -2.9862778e-04  -8.9643369e-04  -2.4919931e-04
   1.1471356e-02   1.2725842e-01   1.1320565e-01  -9.0472279e-04  -6.3104968e-04  -2.4329811e-04
   2.2546462e-02   8.9765100e-02   6.1216099e-02  -8.3476601e-04  -7.9176843e-04  -4.0073596e-04
   2.1147487e-02   1.2747568e-01   8.7544579e-02  -1.1881802e-03  -7.1228394e-04  -2.5914705e-04
   1.7347119e-02   1.2492174e-01   6.6722358e-02  -1.0152268e-03  -7.5620798e-04  -3.6980157e-04
   1.3434932e-02   7.0788851e-02  -8.0627486e-03  -2.2260108e-04  -8.3216603e-04  -5.7867722e-04
   7.1250069e-04   9.5825531e-02  -1.4198985e-01  -1.7864718e-04  -4.2264628e-04  -5.6231147e-04
   2.3584021e-02   7.1068303e-02  -1.0071058e-01  -2.0661309e-04  -3.9324819e-04  -7.8901743e-04
   3.2036547e-02   1.1565353e-01  -4.3587372e-02  -5.6800055e-04  -5.0730490e-04  -3.5334319e-04
   1.8132557e-02   8.4279867e-02  -8.0976087e-02  -4.4159443e-04  -3.0919888e-04  -4.2264399e-04
   3.0497270e-02   1.0335257e-01  -6.4828653e-02  -6.4819755e-04  -6.5858768e-04  -4.6472900e-04
   2.4170291e-02   1.3824664e-01  -7.9165497e-02  -1.1039222e-03  -5.4346955e-04  -5.4695388e-04
   4.9922202e-02   1.1148239e-01  -8.6751970e-02  -1.0944491e-03  -8.6238730e-04  -7.1149838e-04
   2.9520832e-02   1.6208867e-01  -7.0512553e-02  -1.6248240e-03  -6.1324546e-04  -7.2462401e-04
   4.7136874e-02   1.1965610e-01  -1.1329776e-01  -1.1577317e-03  -9.4006406e-04  -8.9132502e-04
   3.3905158e-02   1.7464894e-01  -7.6959773e-02  -1.8032606e-03  -6.9224157e-04  -6.9153818e-04
   5.0717017e-02   1.1958634e-01  -1.1351349e-01  -1.2492633e-03  -7.3784227e-04  -9.3687779e-04
   4.6260572e-02   1.9850084e-01  -1.0725530e-01  -2.1840120e-03  -8.6795521e-04  -8.4234345e-04
   3.0807817e-02   1.6214502e-01  -9.9741945e-02  -1.6311424e-03  -5.7690035e-04  -8.7063220e-04
   5.0451609e-02   1.7333147e-01  -1.1413712e-01  -2.1735389e-03  -9.0572274e-04  -8.6352457e-04
   1.8740240e-02   1.9865710e-01  -6.7513388e-02  -2.2325389e-03  -4.7404779e-04  -9.0380633e-04
   4.8441027e-02   1.8675852e-01  -1.0953395e-01  -2.3388747e-03  -1.0012270e-03  -1.2152385e-03
   1.4432206e-02   2.2596091e-01  -5.5276334e-02  -2.8954802e-03  -5.5156177e-04  -1.1148507e-03
   3.0685399e-02   2.2000396e-01  -1.0739834e-01  -3.1198290e-03  -7.4451746e-04  -1.0845355e-03
   1.2836479e-02   2.5624473e-01  -5.0368683e-02  -3.4192758e-03  -4.4745907e-04  -9.5491567e-04
   1.8395927e-02   2.2965950e-01  -9.2202331e-02  -3.1857492e-03  -2.5965579e-04  -9.1750639e-04
   9.6354257e-03   2.6105790e-01  -3.1636360e-02  -3.5937892e-03  -3.2106944e-04  -7.6287788e-04
   2.0229671e-02   2.5073753e-01  -7.8286984e-02  -3.4037705e-03  -5.3970602e-04  -8.9883862e-04
   4.0591223e-02   2.3884275e-01  -6.0367876e-02  -3.2032145e-03  -9.0035611e-04  -1.0368410e-03
   7.0484933e-02   2.3506015e-01  -1.5565123e-01  -2.9481560e-03  -1.3285089e-03  -1.3674205e-03
   5.1098124e-02   2.5489580e-01  -5.8586757e-02  -3.0155617e-03  -9.8179269e-04  -1.0842149e-03
   5.1436530e-02   2.4941320e-01  -9.0599904e-02  -3.0055814e-03  -9.0796764e-04  -1.0793750e-03
   5.4899986e-02   2.4516950e-01  -7.6830187e-02  -3.2693594e-03  -1.0466772e-03  -9.8991357e-04
   3.6488390e-02   2.5823729e-01  -1.0542917e-01  -3.1202618e-03  -8.9475163e-04  -1.0722169e-03
   4.8926218e-02   2.5258107e-01  -1.2724106e-01  -3.3167181e-03  -1.1810438e-03  -1.0857976e-03
   1.3572641e-02   2.1864090e-01  -2.0200704e-01  -2.3497158e-03  -5.2107417e-04  -1.0264924e-03
   2.2360449e-02   2.0797179e-01  -2.4401114e-01  -2.4851215e-03  -7.1641360e-04  -1.0469299e-03
   1.3737641e-02   2.8109698e-01  -6.6971810e-02  -3.6771719e-03  -5.9884198e-04  -9.8321441e-04
   2.1810972e-02   2.6151447e-01  -1.1721962e-01  -3.4064468e-03  -6.2823307e-04  -1.1053065e-03
   3.6472867e-02   2.6900459e-01  -1.0997995e-01  -3.3316087e-03  -6.9210568e-04  -1.1116209e-03
   2.9332450e-02   2.9831371e-01  -9.3814503e-02  -3.7549500e-03  -6.9257469e-04  -1.0602125e-03
   3.6205049e-02   2.3292257e-01  -1.3444779e-01  -3.1493560e-03  -7.3868298e-04  -1.2041339e-03
   3.5863024e-02   2.8845303e-01  -8.3022477e-02  -3.8668118e-03  -8.0859420e-04  -1.1737458e-03
   3.2134520e-02   2.4507150e-01  -1.1480264e-01  -3.0774090e-03  -7.1964389e-04  -1.3499284e-03
   4.5419896e-02   2.7399245e-01  -6.9529592e-02  -3.4397650e-03  -9.3835745e-04  -1.1727386e-03
   3.5934750e-02   2.6290811e-01  -9.0490277e-02  -2.8297831e-03  -7.4203421e-04  -1.1851294e-03
   3.1213898e-02   2.7653173e-01  -6.4103183e-02  -3.3315756e-03  -7.4194054e-04  -1.0659319e-03
   2.1499544e-02   2.8377369e-01  -7.0739060e-02  -3.6068431e-03  -6.0128551e-04  -1.0696784e-03
   3.9519768e-02   2.5810830e-01  -8.0639709e-02  -3.5432549e-03  -9.4524917e-04  -1.0563194e-03
   2.3999464e-02   2.8338887e-01  -8.9202640e-02  -3.5608819e-03  -7.1710301e-04  -1.1941957e-03
   3.9909595e-02   2.6992180e-01  -9.6668883e-02  -3.2827879e-03  -9.7777801e-04  -1.1211268e-03
   2.3076425e-02   3.2751791e-01  -4.8721112e-02  -3.9411686e-03  -6.2869299e-04  -1.0600680e-03
   3.7185528e-02   2.5783756e-01  -1.2890197e-01  -3.2797012e-03  -7.4697383e-04  -1.2497013e-03
   2.6572765e-02   3.0708334e-01  -8.1155888e-02  -3.6191779e-03  -5.8696324e-04  -1.0300649e-03
   3.6548726e-02   2.7436410e-01  -1.2331920e-01  -3.5646394e-03  -7.1248693e-04  -1.1609532e-03
   4.3291021e-02   3.0504058e-01  -9.7793003e-02  -4.1665964e-03  -7.6379024e-04  -1.1253926e-03
   2.8551557e-02   2.9973100e-01  -8.5070106e-02  -3.5120894e-03  -6.4076445e-04  -1.1675197e-03
   3.8546888e-02   2.7980698e-01  -1.1431771e-01  -3.7260568e-03  -8.2524814e-04  -1.1799621e-03
   1.3731090e-02   3.1717514e-01  -4.9633907e-02  -4.0922200e-03  -5.4104797e-04  -1.0844281e-03
   2.2199679e-02   3.0704605e-01  -8.6876107e-02  -4.1230462e-03  -7.9211931e-04  -9.6140663e-04
   1.1913440e-02   3.2402573e-01  -6.0863575e-02  -4.1439034e-03  -5.4268907e-04  -1.0990875e-03
   2.4429402e-02   3.0836261e-01  -9.3349124e-02  -4.3405037e-03  -6.9891136e-04  -1.1824307e-03
   3.2738039e-02   2.9056728e-01  -9.1336329e-02  -3.9993388e-03  -6.2819921e-04  -1.2563621e-03
   2.2978112e-02   3.3453101e-01  -1.0028736e-01  -4.5250822e-03  -5.6981337e-04  -1.2478344e-03
   2.7908629e-02   2.7659036e-01  -1.1629508e-01  -3.8937531e-03  -6.8043605e-04  -1.2884396e-03
   2.1544467e-02   3.4393672e-01  -7.4362277e-02  -4.6996545e-03  -6.8359742e-04  -1.2594465e-03
   1.9869301e-02   2.9215615e-01  -1.0698003e-01  -4.0842624e-03  -6.1303260e-04  -1.4080381e-03
   3.1484055e-02   3.4769841e-01  -9.0020642e-02  -5.0427916e-03  -9.2894329e-04  -1.3064462e-03
   1.2022821e-02   3.2649606e-01  -7.7979557e-02  -4.4625313e-03  -5.9640545e-04  -1.3309925e-03
   3.7234874e-02   3.2241929e-01  -1.0914265e-01  -4.4668625e-03  -9.0184107e-04  -1.2447393e-03
   1.8755159e-02   3.2839557e-01  -6.3550562e-02  -4.2487631e-03  -6.1534588e-04  -1.2943900e-03
   6.4330079e-02   2.9040185e-01  -1.3420592e-01  -3.8798564e-03  -1.3805085e-03  -1.3181611e-03
   4.0020372e-02   3.1770650e-01  -4.7624134e-02  -3.9924109e-03  -9.2977553e-04  -1.4291004e-03
   4.9147950e-02   2.6482801e-01  -4.0324009e-02  -3.7438920e-03  -9.7422572e-04  -1.3000646e-03
   3.4058322e-02   3.2769506e-01  -3.5214101e-02  -4.6304044e-03  -6.5340265e-04  -1.1311067e-03
   3.7508292e-02   2.7750265e-01  -7.6531309e-02  -4.1206450e-03  -8.4802108e-04  -8.5078946e-04
   5.1251204e-02   3.5063741e-01  -5.7639360e-02  -4.4543641e-03  -1.3113088e-03  -1.0774110e-03
   2.5189447e-02   2.9558470e-01  -1.7843035e-02  -3.7803527e-03  -9.3243362e-04  -1.0800072e-03
   1.7129188e-02   3.4615065e-01  -7.5442075e-02  -4.1772502e-03  -4.6434067e-04  -9.5588421e-04
   2.6724949e-02   2.6480537e-01  -1.4575291e-01  -3.3718996e-03  -4.1973775e-04  -1.3016128e-03
   3.1084218e-02   3.1112020e-01  -9.3715739e-02  -4.1544238e-03  -6.4877496e-04  -1.1303842e-03
   1.7498926e-02   2.8821748e-01  -1.0818985e-01  -3.6743189e-03  -5.4159190e-04  -1.3730952e-03
   2.9420371e-02   3.1332362e-01  -9.4569266e-02  -4.2570329e-03  -8.1277946e-04  -1.2450719e-03
   1.4093574e-02   3.0260686e-01  -5.7021801e-02  -3.7210053e-03  -5.2490328e-04  -1.2909839e-03
   4.4640105e-02   3.0070125e-01  -8.3946988e-02  -4.2389586e-03  -9.3633177e-04  -1.1254381e-03
   2.3976054e-02   2.9044101e-01   1.0458159e-02  -3.2738887e-03  -6.4767558e-04  -1.1744263e-03
   6.3176152e-02   2.7508772e-01  -6.3442040e-02  -3.3702594e-03  -1.1728194e-03  -1.2539672e-03
   4.1024301e-02   3.0245850e-01  -4.6464854e-02  -3.8698741e-03  -7.7559395e-04  -1.3239676e-03
   6.2835124e-02   3.1155644e-01  -2.4852817e-02  -4.5422710e-03  -1.2350525e-03  -1.1869135e-03
   4.9623684e-02   2.9467948e-01  -1.5326602e-02  -4.1394413e-03  -1.0710276e-03  -1.2697179e-03
   9.1260937e-02   3.0670886e-01  -5.1626466e-02  -3.6286126e-03  -1.8393971e-03  -1.4048084e-03
   7.9438541e-02   3.1306811e-01  -4.4353293e-03  -2.9347066e-03  -1.4769104e-03  -1.7540558e-03
   7.5288337e-02   3.0847907e-01   5.9903018e-03  -3.7666562e-03  -1.4738629e-03  -1.2746438e-03
   7.1180617e-02   3.5712231e-01   1.6866564e-02  -4.9314811e-03  -1.3486216e-03  -1.1483276e-03
   7.3596266e-02   2.8351660e-01  -5.1302802e-02  -3.9301233e-03  -1.3757219e-03  -1.1606478e-03
   7.2451534e-02   3.4538197e-01  -1.3510455e-02  -4.2993205e-03  -1.5446782e-03  -1.1711520e-03
   5.4059677e-02   3.3370349e-01  -2.2632086e-02  -3.9502294e-03  -1.5068657e-03  -1.1179455e-03
   3.2483239e-02  -1.8706616e-01  -1.1617480e-01   2.6908995e-03  -7.7297735e-04   3.4290091e-04
   3.6130275e-02  -1.8688443e-01  -2.1958284e-01   5.3487521e-03  -9.1762792e-04  -8.4542846e-04
   5.9035379e-02  -3.9714250e-02  -7.2213652e-02   2.7163769e-03  -1.3847440e-03  -8.5292030e-04
   4.1632590e-02  -3.8003521e-02  -3.4796734e-02   3.3151141e-03  -1.1418291e-03  -7.3800255e-04
   7.4186087e-02  -3.6124622e-02  -6.9154054e-02   2.3774837e-03  -1.2909345e-03  -8.9230723e-04
   6.3011042e-02   2.6234129e-02   2.4497376e-02   1.9956052e-03  -1.0165006e-03  -7.0476074e-04
   8.2270115e-02  -1.6815466e-03  -1.0467382e-01   1.7239121e-03  -1.2745422e-03  -1.0652561e-03
   6.9058411e-02   3.8948197e-02  -2.1281876e-02   1.1198746e-03  -1.2370268e-03  -8.0964318e-04
   7.9242182e-02   4.9068927e-02  -8.8664689e-02   1.0627065e-03  -1.4128161e-03  -1.2289494e-03
   7.9687012e-02   6.1192833e-02  -3.4849179e-02   8.9638339e-04  -1.4414764e-03  -9.8003072e-04
   7.6984850e-02   6.8395455e-02  -8.8692981e-02   5.1786878e-04  -1.2621710e-03  -1.3068072e-03
   7.8182366e-02   1.0219082e-01  -7.4163353e-02  -1.6004408e-04  -1.2029585e-03  -1.2400624e-03
   7.7660333e-02   1.2350326e-01  -8.4172815e-02  -4.7441169e-04  -1.2779001e-03  -1.4036723e-03
   1.0536289e-01   1.2992654e-01  -3.7768261e-02  -9.5133179e-04  -1.6114417e-03  -1.2754926e-03
   9.8929583e-02   1.4061923e-01  -7.5940009e-02  -7.0153046e-04  -1.4070796e-03  -1.4201971e-03
   9.3001925e-02   1.9690564e-01  -2.1361411e-02  -1.6530056e-03  -1.4128905e-03  -1.3733329e-03
   9.1712652e-02   1.6301992e-01  -7.1465033e-02  -1.2909837e-03  -1.4128651e-03  -1.6088364e-03
   9.7349984e-02   1.9588545e-01  -4.6339960e-03  -1.7616592e-03  -1.5766236e-03  -1.5081412e-03
   8.6523796e-02   1.6607879e-01  -4.2213199e-02  -1.0091224e-03  -1.4383874e-03  -1.5117481e-03
   8.5689676e-02   2.0996377e-01   1.0788725e-02  -1.6859408e-03  -1.6569251e-03  -1.4198156e-03
   1.3035009e-01   1.5313425e-01  -7.6031495e-02  -6.2083603e-04  -2.3564173e-03  -1.8162551e-03
   1.3324181e-01   2.1086990e-01  -8.8090632e-02  -9.2120434e-04  -2.4705527e-03  -1.8482218e-03
   1.2793048e-01   2.8538096e-01  -1.4897600e-01  -2.1147468e-03  -2.3592583e-03  -2.2371574e-03
   9.8889798e-02   3.1392923e-01  -7.0187165e-02  -3.5513415e-03  -1.9096395e-03  -1.8207210e-03
   1.1507761e-01   2.6016917e-01  -1.2645965e-01  -3.1006727e-03  -2.1998008e-03  -1.8627550e-03
   9.7361531e-02   3.2525092e-01  -5.8671405e-02  -3.4921569e-03  -1.9312750e-03  -1.6391862e-03
   1.0109156e-01   2.9345590e-01  -1.1116421e-01  -3.1094771e-03  -1.9517948e-03  -1.6224755e-03
   1.0436956e-01   2.7422163e-01  -9.4291525e-02  -2.8030648e-03  -1.9930907e-03  -1.6908637e-03
   9.2415645e-02   3.3848334e-01  -6.2543828e-02  -3.4890958e-03  -2.0073980e-03  -1.6480104e-03
   8.7453768e-02   2.6768875e-01  -9.4017317e-02  -2.9744805e-03  -1.8274756e-03  -1.7626831e-03
   1.0291470e-01   3.2350118e-01  -5.4502020e-02  -3.6272068e-03  -2.2664169e-03  -1.6678973e-03
   9.4006251e-02   2.6700504e-01  -9.3797293e-02  -2.9878649e-03  -2.0204742e-03  -1.9619141e-03
   1.0864752e-01   2.8996618e-01  -6.2510311e-02  -2.9024821e-03  -2.3635503e-03  -1.9491028e-03
   9.1283550e-02   2.9247419e-01  -4.4506358e-02  -2.9499995e-03  -2.0297816e-03  -1.9853176e-03
   1.1833067e-01   2.4733937e-01  -8.1921840e-02  -2.7888267e-03  -2.3576333e-03  -2.0466641e-03
   9.7483860e-02   3.2594855e-01  -5.7119176e-02  -3.5677739e-03  -2.0425272e-03  -1.9232395e-03
   1.0077415e-01   2.7228300e-01  -9.5661460e-02  -3.1545522e-03  -2.1111351e-03  -2.0757013e-03
   1.0317298e-01   3.0661150e-01  -2.7489879e-02  -3.8227128e-03  -2.1786150e-03  -1.8927605e-03
   1.1387426e-01   2.7818898e-01  -1.1801804e-01  -2.9585611e-03  -2.3857794e-03  -2.2953753e-03
   9.9962335e-02   3.0248789e-01  -5.0227772e-02  -3.1057816e-03  -2.3789988e-03  -1.9473070e-03
   9.6930249e-02   2.7315440e-01  -3.6286535e-02  -3.1037568e-03  -2.1233033e-03  -1.8735931e-03
   1.3237848e-01   2.7410427e-01  -1.8787776e-02  -3.0765687e-03  -2.4678414e-03  -1.7701232e-03
   1.3066152e-01   2.5996866e-01  -6.8640307e-02  -3.0327941e-03  -2.1803286e-03  -1.8342920e-03
   1.1009041e-01   3.0050140e-01  -1.6888408e-02  -3.7968509e-03  -2.2174967e-03  -1.5585999e-03
   1.1314461e-01   3.0230597e-01  -1.0099482e-01  -3.9939271e-03  -2.3175171e-03  -1.6104185e-03
   1.1588251e-01  -1.2330563e-01   1.1079187e-01   3.8818938e-03  -3.2865587e-03  -2.5271483e-04
   1.3772561e-01  -4.0981199e-01  -1.6684223e-01   9.9223755e-03  -3.1306398e-03  -1.5234756e-04
   1.6483800e-01  -2.7575316e-01  -1.9206383e-01   8.2959961e-03  -3.1591285e-03  -1.6704175e-04
   1.6414109e-01  -2.8639629e-01  -2.2224643e-01   7.8984025e-03  -2.9436621e-03  -4.4934839e-04
   1.5368656e-01  -2.3735743e-01  -1.9996551e-01   7.2866373e-03  -2.8815933e-03  -4.6218365e-04
   1.5148451e-01  -2.0120133e-01  -1.4306508e-01   7.0887474e-03  -2.9620192e-03  -4.1052642e-04
   1.7259765e-01  -2.0780667e-01  -1.8183331e-01   6.8215708e-03  -3.1568466e-03  -4.9949204e-04
   1.5121580e-01  -1.5321546e-01  -9.9331640e-02   6.0294599e-03  -2.8302266e-03  -2.7267747e-04
   1.5356569e-01  -1.6171133e-01  -1.4241908e-01   5.6407989e-03  -2.6903976e-03  -3.3826308e-04
   1.5806989e-01  -1.6451246e-01  -1.4194967e-01   5.9681195e-03  -2.7205702e-03  -4.3402161e-04
   1.4631348e-01  -8.5808226e-02  -1.2981586e-01   4.5657436e-03  -2.6299810e-03  -5.7937004e-04
   1.4674140e-01  -1.1577195e-01  -1.6191332e-01   4.9972850e-03  -2.5264106e-03  -6.6915275e-04
   1.3898785e-01  -3.4290987e-02  -1.2662113e-01   3.8405259e-03  -2.4803671e-03  -6.4240336e-04
   1.4026469e-01  -5.4255254e-02  -1.6868177e-01   3.5029383e-03  -2.4822569e-03  -8.9746069e-04
   1.4555924e-01   2.1743191e-02  -1.2566769e-01   2.3911716e-03  -2.6384119e-03  -7.2638941e-04
   1.3132978e-01   2.1359397e-02  -1.2376037e-01   2.4429682e-03  -2.3521947e-03  -8.0048117e-04
   1.4894620e-01   7.5353144e-03  -1.5268966e-01   2.5069214e-03  -2.6535471e-03  -8.4901662e-04
   1.1931845e-01   5.4031978e-02  -1.6180799e-01   2.1930953e-03  -2.1705053e-03  -8.1595130e-04
   1.3947500e-01   2.7017137e-03  -1.8278551e-01   2.5749971e-03  -2.3814491e-03  -1.0327637e-03
   1.2375941e-01   9.3100806e-02  -1.4886784e-01   1.2714443e-03  -1.9564663e-03  -1.0689666e-03
   1.7031917e-01   9.6268497e-02  -2.0719016e-01   1.0048848e-03  -2.5394664e-03  -1.2459669e-03
   1.4296149e-01   1.2701676e-01  -1.5500339e-01   8.3161287e-04  -2.2385811e-03  -1.1767306e-03
   1.7898609e-01   8.7358805e-02  -1.9549837e-01   1.5890297e-03  -2.8258781e-03  -1.2389763e-03
   1.7549596e-01   1.2960122e-01  -2.2160171e-01   8.0920841e-04  -2.7769970e-03  -1.1902056e-03
   1.6711359e-01   1.3482474e-01  -1.9241656e-01   6.0132179e-04  -2.6484462e-03  -9.7827941e-04
   1.8990771e-01   1.2072779e-01  -2.1699450e-01   1.0289382e-03  -2.9162829e-03  -1.0873329e-03
   2.1693706e-01   1.2057232e-01  -2.6614808e-01   9.7287318e-04  -3.2472889e-03  -1.2575160e-03
   2.3769615e-01   1.4504091e-01  -2.9718245e-01   9.1659356e-04  -3.7355772e-03  -1.1169079e-03
   2.0997648e-01   1.7798224e-01  -2.2819236e-01   1.8313760e-04  -3.3902733e-03  -9.1312798e-04
   2.0722078e-01   1.1681773e-01  -2.6939486e-01   9.2888506e-04  -3.2042094e-03  -1.1115940e-03
   2.0122886e-01   1.6012687e-01  -2.2363825e-01   3.6245113e-04  -3.1647436e-03  -1.0312240e-03
   1.9519734e-01   1.3331005e-01  -2.6111894e-01   1.0254103e-03  -3.0925184e-03  -1.1772706e-03
   2.1366687e-01   1.4511345e-01  -1.9064244e-01   1.3142744e-03  -3.5222656e-03  -9.9761714e-04
   2.3832309e-01   1.0389839e-01  -2.8153880e-01   1.5319473e-03  -3.5355837e-03  -1.1720236e-03
   2.0774877e-01   1.5984488e-01  -2.0260846e-01   5.1932031e-04  -3.2490972e-03  -1.0419454e-03
