   0.0000000e+00   0.0000000e+00   0.0000000e+00   0.0000000e+00   3.4694470e-18   0.0000000e+00
   1.2235610e-02  -4.4367722e-02   3.0277388e-02   1.5329444e-04  -1.5843080e-04  -2.9896013e-04
   2.1233518e-03   5.4184507e-02   7.7626661e-02  -8.4025766e-04  -1.0057354e-04  -1.2790787e-04
   9.8647430e-04  -2.3138069e-02   5.4027656e-02  -2.2322053e-04   4.7373557e-05  -3.2104917e-04
  -3.0842084e-03   8.0207638e-02   8.6105420e-02  -1.3572785e-03   5.2236887e-05  -1.0249232e-04
  -4.8685665e-03   2.0940522e-02   5.9881817e-02  -8.9497336e-04   1.6032303e-04  -3.9585484e-04
   3.4528262e-03   6.5884820e-02   1.0928493e-01  -1.1297982e-03   6.1612219e-05  -3.4856686e-04
  -7.9458880e-03   5.1975783e-02   8.5811053e-02  -9.6616683e-04   2.7378090e-04  -3.4849370e-04
  -6.2426564e-03   7.6328141e-02   8.7459980e-02  -1.3073356e-03   4.7407721e-04  -4.4604741e-04
  -7.0644813e-03   1.2259880e-01   7.7003788e-02  -1.8737113e-03   5.1322110e-04  -5.3860021e-04
  -1.3919633e-02   9.8438833e-02   7.4859377e-02  -1.5626614e-03   4.8359482e-04  -6.1515829e-04
  -6.7853585e-03   1.6346914e-01   1.5140432e-01  -2.5968261e-03   3.7269033e-04  -6.7960034e-04
  -2.3552174e-02   1.6239225e-01   1.3962177e-01  -2.8601190e-03   6.3981747e-04  -9.0120140e-04
   3.4073715e-03   1.8421562e-01   1.4667491e-01  -3.0555625e-03   8.2761419e-05  -8.6869025e-04
  -8.3200256e-03   2.1416853e-01   1.4483047e-01  -3.5876984e-03   3.8096967e-04  -9.7986958e-04
   4.3340913e-04   1.8734238e-01   1.2043296e-01  -3.3584444e-03   3.4475627e-04  -1.0159643e-03
  -9.7640877e-03   2.6114856e-01   1.4842629e-01  -4.0410965e-03   5.6655967e-04  -9.0334818e-04
  -5.8728513e-03   1.8863182e-01   1.1261581e-01  -3.2935964e-03   3.6972619e-04  -9.5825128e-04
  -1.1255585e-02   2.6731140e-01   1.3521147e-01  -3.8753604e-03   3.3119806e-04  -8.0268280e-04
  -2.2302788e-02   2.0746933e-01   9.4005943e-02  -3.4109769e-03   5.9046096e-04  -1.1009168e-03
  -9.1598703e-03   2.6162799e-01   1.4302282e-01  -3.9918978e-03   4.6839823e-04  -8.2253007e-04
  -1.5328845e-02   2.4035247e-01   1.0399273e-01  -4.1565223e-03   6.9337416e-04  -1.2301849e-03
  -8.4202141e-03   2.7490143e-01   1.5313508e-01  -4.3865724e-03   5.7271741e-04  -9.3391377e-04
  -1.2280354e-02   2.5091982e-01   1.2565485e-01  -4.1771032e-03   4.5757607e-04  -1.0603828e-03
  -1.7026554e-02   2.7555529e-01   1.3963373e-01  -4.3427797e-03   5.8216987e-04  -9.6893706e-04
  -2.1195677e-02   2.7010975e-01   1.2456666e-01  -4.2456535e-03   7.0398426e-04  -9.8218943e-04
  -4.9362822e-03   2.3837082e-01   1.1932681e-01  -3.4733696e-03   6.2180688e-04  -9.2095175e-04
  -4.9517469e-03   2.6230654e-01   1.2123936e-01  -4.3809299e-03   6.6733116e-04  -1.0545334e-03
   1.2465495e-02   2.4313292e-01   1.1365970e-01  -4.0141292e-03   2.8769020e-04  -9.9346284e-04
   1.3450543e-02   2.4969416e-01   7.2201336e-02  -4.0121453e-03   1.0250772e-04  -1.1891826e-03
   1.8431797e-02   2.6081910e-01   1.1487308e-01  -4.0628843e-03   1.0753275e-04  -1.1628121e-03
   1.8471619e-02   1.9170340e-01   9.2489079e-02  -2.6869103e-03   7.6153516e-05  -1.0500977e-03
   1.9931172e-02   2.3389084e-01   1.4066856e-01  -2.8642199e-03  -2.5335509e-05  -1.2127806e-03
   3.9367000e-03   2.0485308e-01   1.2760651e-01  -3.1411333e-03   3.0415371e-04  -1.2016431e-03
   7.9544099e-03   2.2841919e-01   1.6572339e-01  -3.4915149e-03   1.2813569e-04  -8.9704578e-04
  -3.2071615e-02   1.5285568e-01   7.1282519e-02  -2.8366957e-03   6.1708873e-04  -7.7368292e-04
  -1.4402878e-01  -6.5063656e-01  -2.6049779e-01   1.1404728e-02   2.7246838e-03   3.0107287e-04
  -1.2622212e-01  -5.7731323e-01  -1.5781029e-01   1.1539908e-02   2.5598120e-03  -9.6645645e-04
  -1.0108379e-01  -5.7024781e-01  -1.5699337e-01   1.1056322e-02   2.3563991e-03  -1.3332170e-03
  -1.0728987e-01  -4.7253201e-01  -3.6150154e-02   1.0095210e-02   2.3709190e-03  -1.0689563e-03
  -1.0217080e-01  -5.1708572e-01  -8.1097151e-02   9.8011061e-03   2.2344058e-03  -1.4258181e-03
  -9.0402111e-02  -4.2364459e-01  -5.4623387e-02   9.1901354e-03   2.2758177e-03  -1.3036440e-03
  -9.5256386e-02  -3.9725692e-01  -4.8768561e-02   8.5196031e-03   2.2507175e-03  -1.4038614e-03
  -9.1208680e-02  -4.5184764e-01  -4.6108661e-02   8.6861867e-03   2.1700477e-03  -1.4998817e-03
  -1.0571591e-01  -3.6940894e-01   8.4441456e-04   7.9679320e-03   2.2858284e-03  -1.5195544e-03
  -1.0291255e-01  -4.0447419e-01  -2.2360381e-02   8.1539301e-03   2.2357778e-03  -1.6109187e-03
  -1.0351840e-01  -3.9212393e-01   9.1034104e-03   7.7611161e-03   2.2517326e-03  -1.6046801e-03
  -9.6693782e-02  -3.7869911e-01  -7.1142779e-03   7.7937088e-03   2.0872875e-03  -1.5552248e-03
  -8.8629823e-02  -3.8570591e-01  -2.6624700e-02   7.6768594e-03   2.1027491e-03  -1.6134504e-03
  -9.7036921e-02  -3.5347491e-01   2.9607638e-03   7.2433679e-03   2.1064567e-03  -1.3522715e-03
  -9.2956037e-02  -3.7497398e-01  -3.5701467e-02   7.5646505e-03   2.0108030e-03  -1.5365697e-03
  -9.9632936e-02  -3.5847214e-01  -1.8459770e-02   7.0098356e-03   2.1445056e-03  -1.5926182e-03
  -1.0357689e-01  -3.2136535e-01  -1.3250159e-02   6.4352303e-03   2.1213413e-03  -1.5996777e-03
  -9.8074470e-02  -3.3659488e-01  -2.9896209e-02   6.5431028e-03   2.0131574e-03  -1.8099738e-03
  -1.1987476e-01  -2.6633702e-01  -1.7875803e-02   5.6853490e-03   2.0742623e-03  -1.8363099e-03
  -1.1989183e-01  -3.1492660e-01  -3.0056012e-02   6.1121132e-03   2.1904713e-03  -1.7750176e-03
  -1.2680834e-01  -2.5913625e-01  -2.0820568e-02   5.4530968e-03   2.4007490e-03  -1.7496677e-03
  -1.3343096e-01  -2.8444401e-01  -3.7754221e-02   5.6579426e-03   2.7676001e-03  -1.9494729e-03
  -1.2094228e-01  -2.4526220e-01  -3.9139552e-02   5.5326084e-03   2.3644720e-03  -1.9295416e-03
  -1.3712568e-01  -2.2098666e-01  -2.2931324e-02   5.2053396e-03   2.5485792e-03  -2.1055061e-03
  -1.1605219e-01  -2.3423794e-01  -3.9393994e-02   5.2300464e-03   2.3425288e-03  -2.0788376e-03
  -1.2821474e-01  -1.9503912e-01  -1.2474405e-02   5.0839241e-03   2.5862512e-03  -2.0997824e-03
  -9.7368531e-02  -2.3643730e-01  -4.6382365e-02   5.4527663e-03   2.2962457e-03  -2.1197196e-03
  -1.0269124e-01  -1.7929968e-01  -2.6867717e-02   4.7991187e-03   2.2392892e-03  -2.2520952e-03
  -1.0410206e-01  -1.8690981e-01  -3.5824687e-02   4.7637180e-03   2.1793730e-03  -2.3109284e-03
  -1.1446829e-01  -1.3514095e-01  -1.3261918e-02   3.9292127e-03   2.1851951e-03  -2.3813699e-03
  -1.1597750e-01  -1.8607695e-01  -4.9790202e-02   4.5765607e-03   2.3611809e-03  -2.2535887e-03
  -1.1352836e-01  -1.5081097e-01  -2.1476687e-03   4.4749760e-03   2.1535974e-03  -2.1678673e-03
  -1.0555641e-01  -2.0480297e-01  -1.5739391e-02   5.0110566e-03   2.1364493e-03  -2.1343233e-03
  -1.1057065e-01  -1.7463496e-01   4.9058096e-02   5.1379284e-03   2.2917258e-03  -2.1446299e-03
  -1.0207793e-01  -2.1265143e-01   4.8901459e-03   5.2519779e-03   2.2139480e-03  -2.0379603e-03
  -1.1110827e-01  -1.8557441e-01   4.9982955e-02   5.1921899e-03   2.3987379e-03  -2.0980539e-03
  -7.8232672e-02  -2.1823444e-01  -4.4588300e-02   5.5622594e-03   1.7814790e-03  -2.0634190e-03
  -9.9955057e-02  -1.3384514e-01   2.2357898e-02   4.3297466e-03   1.9705318e-03  -2.1921153e-03
  -8.4122736e-02  -1.8027195e-01  -2.0712484e-02   4.4722800e-03   1.7056825e-03  -2.0893884e-03
  -8.4674489e-02  -7.5945439e-02   6.6472432e-02   3.2306494e-03   1.6793494e-03  -2.0544861e-03
  -9.5061325e-02  -1.4874973e-01  -1.8320485e-02   3.7691213e-03   1.9542781e-03  -2.1277566e-03
  -7.7973995e-02  -1.0223046e-01   2.5030083e-02   3.5890312e-03   1.5491499e-03  -2.1377068e-03
  -9.2511159e-02  -9.5681956e-02   4.3136455e-02   3.6459900e-03   1.6698622e-03  -2.1879421e-03
  -8.0365404e-02  -1.4265401e-01  -5.6463598e-03   3.6960040e-03   1.4229205e-03  -2.1742424e-03
  -9.7289489e-02  -7.1041599e-02   4.2196311e-02   3.3568856e-03   1.6116764e-03  -2.1599229e-03
  -8.6864626e-02  -1.3510491e-01   1.6840475e-02   3.8275255e-03   1.3677263e-03  -2.0634385e-03
  -8.4239229e-02  -1.0156716e-01   6.3893420e-02   3.4876294e-03   1.2982790e-03  -2.2078500e-03
  -1.0179508e-01  -9.4166286e-02   3.6998578e-02   3.3228546e-03   1.5596439e-03  -2.0400450e-03
  -8.0911791e-02  -8.5281721e-02   3.1966953e-02   3.0400804e-03   1.1634474e-03  -2.1009130e-03
  -8.9520305e-02  -5.3371016e-02   4.7128768e-02   2.9557836e-03   1.2627746e-03  -2.1599562e-03
  -8.7094672e-02  -6.3666027e-02   5.1964582e-03   2.7674545e-03   1.1334760e-03  -2.1451561e-03
  -9.2284932e-02  -2.6706553e-02   4.3133889e-02   2.4942786e-03   1.3629223e-03  -2.1880452e-03
  -9.8655204e-02  -3.8879649e-02   1.7673072e-02   2.2823831e-03   1.6036173e-03  -2.2590175e-03
  -8.9479088e-02  -4.8210278e-02   2.9714640e-02   2.1813667e-03   1.5842204e-03  -2.3000260e-03
  -9.4457433e-02   3.8571123e-03   4.5852686e-02   1.6054189e-03   1.5570125e-03  -2.3546752e-03
  -9.3512847e-02  -2.1230763e-02   1.3969005e-02   1.9998894e-03   1.4492586e-03  -2.4671700e-03
  -1.0518101e-01   2.4093334e-02   3.9283425e-02   1.7264711e-03   1.4753337e-03  -2.3752451e-03
  -9.7953857e-02  -4.5288750e-03   3.9326809e-03   1.7190122e-03   1.3629202e-03  -2.4809305e-03
  -8.9667986e-02   3.3506439e-02   2.0783408e-02   1.3889770e-03   1.3186635e-03  -2.4583062e-03
  -9.1237933e-02   4.5578634e-02   1.2492234e-02   1.0135156e-03   1.5210543e-03  -2.6779011e-03
  -9.0779921e-02   9.2424988e-03   2.1385216e-02   1.3625912e-03   1.4623196e-03  -2.5549966e-03
  -9.4387727e-02   7.2671324e-02   4.2642668e-02   7.3957051e-04   1.2945154e-03  -2.5819429e-03
  -1.0181304e-01   3.7583314e-02   1.5614082e-02   7.5116341e-04   1.4148672e-03  -2.5779483e-03
  -9.2405255e-02   6.1758725e-02   4.8800917e-02   4.9792165e-04   1.2873864e-03  -2.5709085e-03
  -1.0120397e-01   5.6640272e-02   5.6604714e-02   8.2362176e-04   1.5747832e-03  -2.6493874e-03
  -8.7131639e-02   3.7040812e-02   2.5371702e-02   7.8969092e-04   1.4684051e-03  -2.5999070e-03
  -9.0124210e-02   6.7216843e-02   4.9678342e-02   6.0268059e-04   1.4358583e-03  -2.6717387e-03
  -8.5913283e-02   2.4376414e-02   1.9252506e-02   9.8478376e-04   1.3910131e-03  -2.6722295e-03
  -8.8787119e-02   6.8298551e-02   5.8930446e-02   5.7207101e-04   1.3972886e-03  -2.7234418e-03
  -9.7237753e-02   2.4023438e-02   2.3012409e-02   1.0682419e-03   1.5881199e-03  -2.5701873e-03
  -7.6453822e-02   4.5122714e-02   3.2107344e-02   1.3151348e-03   1.1635835e-03  -2.6451271e-03
  -6.8163787e-02   4.8753843e-02  -4.8804305e-02   1.1891551e-03   1.1798700e-03  -2.5442356e-03
  -8.9140136e-02   7.8529219e-02   2.7942657e-02   6.6803452e-04   1.2050813e-03  -2.6174299e-03
  -9.7888821e-02   5.3486769e-02   1.3542765e-03   7.4517472e-04   1.4332472e-03  -2.5219867e-03
  -1.0997551e-01   9.0429917e-02   3.1674281e-02   3.6794171e-04   1.6179822e-03  -2.4718639e-03
  -1.0789380e-01   6.8751339e-02  -3.5241320e-03   5.4563758e-04   1.5245822e-03  -2.4511719e-03
  -1.0372612e-01   9.3531731e-02   2.1866044e-02   5.5748697e-04   1.4931653e-03  -2.4760597e-03
  -1.0982862e-01   7.6701139e-02   2.1162975e-02   7.4018904e-04   1.6379640e-03  -2.6005750e-03
  -8.5222653e-02   5.4331873e-02   1.8587104e-02   1.1973045e-03   1.3998018e-03  -2.5586493e-03
  -6.1398246e-02   4.2196792e-02  -3.3772749e-02   1.7623881e-03   1.0197271e-03  -2.5291147e-03
  -7.3487212e-02   9.0522729e-02   3.9577151e-02   7.3259180e-04   1.3319987e-03  -2.5720054e-03
  -9.0554494e-02   5.0977531e-02   8.4130223e-03   1.0903581e-03   1.6402811e-03  -2.3506830e-03
  -8.3556817e-02   4.7496904e-02   2.7099630e-02   1.1743727e-03   1.4316662e-03  -2.4140627e-03
  -1.0570292e-01   8.7492275e-02   6.9685693e-02   1.2740793e-03   1.7132293e-03  -2.4497835e-03
  -7.0757551e-02  -5.0585412e-03  -4.0927034e-02   2.0624700e-03   1.1201469e-03  -2.5056266e-03
  -1.0972202e-01   4.5890492e-02   4.3754389e-02   1.9132004e-03   1.7442994e-03  -2.6156823e-03
  -9.1398549e-02   4.2385655e-02   2.3994724e-03   1.4537912e-03   1.3612044e-03  -2.3325360e-03
  -1.0253420e-01   1.0932045e-01   9.8732511e-02   8.8950549e-04   1.6981323e-03  -2.3289456e-03
  -9.3487819e-02   4.9484354e-02   2.4952767e-02   9.7053654e-04   1.6138542e-03  -2.2927346e-03
  -1.0473754e-01  -2.8848543e-01   1.7307720e-02   4.7843256e-03   1.4707835e-03  -9.8267408e-04
  -9.0609615e-02  -2.1734410e-01  -4.7655804e-02   5.6954545e-03   1.0993160e-03  -1.2507503e-03
  -7.5623161e-02  -1.6884132e-01   9.1510985e-02   4.7206951e-03   7.8142561e-04  -1.1890356e-03
  -9.5222213e-02  -1.3402912e-01   1.0983754e-01   4.3163061e-03   1.1603351e-03  -1.2236257e-03
  -6.2395074e-02  -1.3229665e-01   1.0239360e-01   3.6597013e-03   9.0226494e-04  -1.3082329e-03
  -7.1527132e-02  -7.5668935e-02   1.1198000e-01   3.4188009e-03   1.2512739e-03  -1.4406541e-03
  -4.8627254e-02  -9.3450670e-02   4.2602359e-02   3.0284961e-03   1.0001295e-03  -1.4420871e-03
  -7.3609239e-02  -5.4671339e-02   1.3767579e-01   2.8482265e-03   1.2205920e-03  -1.3977617e-03
  -6.5864434e-02  -5.6088278e-02   8.3909175e-02   2.6596965e-03   9.8087344e-04  -1.6732694e-03
  -6.9842075e-02  -7.2097646e-02   8.2927350e-02   3.1053743e-03   9.8738062e-04  -1.5767540e-03
  -7.0492064e-02  -2.5828840e-02   1.9346272e-01   2.4036552e-03   1.0197663e-03  -1.3854452e-03
  -6.4402116e-02  -9.2744652e-02   1.1393548e-01   2.9116227e-03   1.1742185e-03  -1.4293400e-03
  -6.0945654e-02  -3.0287504e-02   1.5868339e-01   2.0111869e-03   1.0148626e-03  -1.3739640e-03
  -7.5258440e-02  -4.5566260e-02   1.2246030e-01   1.8856405e-03   1.1199242e-03  -1.4169387e-03
  -5.5965853e-02  -4.2155189e-02   8.8447805e-02   1.8195193e-03   6.5591019e-04  -1.4603283e-03
  -7.7898220e-02  -9.1095030e-03   1.7523799e-01   1.7132398e-03   9.8555984e-04  -1.4161093e-03
  -6.3749545e-02  -3.7070640e-02   1.1436350e-01   1.7070919e-03   7.5230681e-04  -1.4299299e-03
  -6.2966927e-02   5.6599796e-03   1.6650799e-01   1.1912566e-03   6.7258202e-04  -1.2997451e-03
  -6.1571460e-02   3.8064849e-03   1.3138038e-01   1.0945503e-03   7.1064817e-04  -1.3716327e-03
  -6.1594754e-02   6.8650356e-04   1.1486140e-01   8.9989793e-04   7.6411591e-04  -1.3437768e-03
  -7.7676689e-02   3.4986064e-02   1.5222770e-01   8.9943704e-04   9.5915875e-04  -1.2941792e-03
  -6.1103245e-02   1.9935165e-02   1.1345534e-01   5.7144676e-04   7.3410620e-04  -1.2816747e-03
  -7.0055531e-02   4.8499702e-02   1.4967947e-01   2.9059963e-04   9.0498226e-04  -1.3149297e-03
  -7.0636213e-02   6.8252746e-02   1.2837122e-01  -4.7501980e-06   8.6005614e-04  -1.5087273e-03
  -6.3267919e-02   1.7255824e-02   1.0729440e-01   6.6761530e-04   6.0992625e-04  -1.3207873e-03
  -5.5737626e-02   2.7598034e-02   4.7783530e-02   8.1982082e-04   5.1709425e-04  -1.5049670e-03
  -5.5478055e-02  -6.3283932e-03   1.6053588e-02   1.2239024e-03   7.4879309e-04  -1.4835309e-03
  -5.4071451e-02   4.9820536e-02   5.8712992e-02   4.9326758e-04   8.1231156e-04  -1.4950196e-03
  -5.9705749e-02   1.5024302e-02   2.0865722e-02   8.8718459e-04   9.0547836e-04  -1.5650023e-03
  -4.9412201e-02   5.6018436e-02   7.6552294e-02   9.4208124e-04   5.0698417e-04  -1.6124625e-03
  -2.7598452e-02   3.5066876e-02  -4.8508801e-03   1.1040992e-03   4.4908941e-04  -1.4775334e-03
  -2.9302267e-02   4.9729260e-02   7.8357695e-02   8.6860382e-04   4.1799453e-04  -1.4590893e-03
  -3.8372534e-02   1.8485927e-02   5.7276756e-02   1.2009213e-03   6.5451191e-04  -1.4404960e-03
  -3.6030822e-02   1.0986870e-02   6.4940909e-02   1.7339763e-03   3.8613192e-04  -1.3616694e-03
  -5.0372499e-02   4.0938628e-02   5.1868617e-02   8.9299494e-04   6.7008125e-04  -1.4122651e-03
  -5.1318743e-02   5.9633590e-02   1.1949845e-01   4.4253480e-04   6.3194296e-04  -1.4280952e-03
  -5.4200267e-02   9.4094091e-02   1.0477584e-01  -1.5562547e-04   6.7161020e-04  -1.4819646e-03
  -5.3228658e-02   2.2839782e-02   2.1642675e-02   7.7648055e-04   6.5399899e-04  -1.4540239e-03
  -6.9064622e-02   6.7726903e-02   1.6596156e-02   5.4850856e-04   9.8510357e-04  -1.3439303e-03
  -7.2602141e-02   3.1138730e-03  -2.2839093e-02   1.1791996e-03   1.0885130e-03  -1.3388293e-03
  -6.3665045e-02   5.0228766e-02   4.6638062e-02   7.2129108e-04   8.9023631e-04  -1.4156538e-03
  -7.3139804e-02   3.4780996e-02   3.7802781e-02   8.5423746e-04   1.0121279e-03  -1.4167218e-03
  -5.1383484e-02   3.9451814e-02   3.7692841e-02   7.1208583e-04   6.0279718e-04  -1.4381183e-03
  -7.2038984e-02   6.3768313e-02   5.0018711e-02   6.1187246e-04   9.4148699e-04  -1.5132052e-03
  -5.9267888e-02   2.2212668e-02   2.2183397e-02   1.1225829e-03   6.8058382e-04  -1.3964467e-03
  -6.4094687e-02   8.5884298e-02   8.4176123e-02   5.1736901e-04   9.4949922e-04  -1.5532243e-03
  -5.2851790e-02   3.3781989e-02   3.4053837e-02   9.5860852e-04   9.4178616e-04  -1.4774439e-03
  -5.1602976e-02   6.8618217e-02   8.9100638e-02   4.8165137e-04   8.2616755e-04  -1.4952236e-03
  -4.9110666e-02   2.5477539e-02   2.3870415e-02   1.1306740e-03   7.2392873e-04  -1.4286967e-03
  -3.0141496e-02   6.5403995e-02   6.2788685e-02   7.2748550e-04   4.1533636e-04  -1.4973510e-03
  -1.0904933e-02   5.0815795e-02  -1.5105885e-03   5.1518871e-04   3.8526183e-04  -1.4388619e-03
  -2.6796996e-02   6.9576831e-02   1.1287696e-01   8.9351973e-05   5.7169127e-04  -1.3457752e-03
  -4.4112620e-02   8.8790548e-02   9.4814301e-02  -3.3289895e-04   7.8217246e-04  -1.3444138e-03
  -3.9956219e-02   1.1800258e-01   1.2710384e-01  -6.5271434e-04   5.5325720e-04  -1.3196550e-03
  -4.7987913e-02   1.2464745e-01   9.3491818e-02  -3.9406490e-04   6.0821521e-04  -1.4152638e-03
  -3.7205057e-03  -2.9013724e-01  -9.4421957e-02   4.5911180e-03  -5.5712319e-04  -7.3925853e-04
  -2.5794716e-02  -1.5886665e-01  -1.7460261e-02   4.6468373e-03  -1.9404695e-04  -6.0561680e-04
  -1.0739919e-02  -1.4986394e-01  -1.3348008e-02   4.0383169e-03  -3.4405651e-04  -5.5783975e-04
  -3.8009908e-02  -7.8955767e-02   9.3636592e-02   3.3793515e-03  -7.2648963e-07  -6.0144957e-04
  -1.4166547e-02  -1.2730401e-01   3.0950611e-02   3.3050623e-03  -2.7322752e-04  -6.2106233e-04
  -2.9791660e-02  -2.5267375e-02   8.2516828e-02   2.2834676e-03  -5.4928723e-05  -7.9123190e-04
  -1.2581361e-02  -6.5514115e-02   5.8841382e-02   2.4186673e-03  -3.6675275e-04  -6.5148381e-04
  -2.0575152e-02   7.7440360e-03   1.0778267e-01   1.4969899e-03  -3.1020708e-04  -7.7268503e-04
