   0.0000000e+00   0.0000000e+00   0.0000000e+00   0.0000000e+00   0.0000000e+00   0.0000000e+00
  -3.1815794e-02   2.7722330e-02  -3.1117217e-02  -1.1450258e-04   7.5716555e-04   6.9992493e-05
  -2.9196439e-02   7.0261604e-02  -4.3952944e-02  -7.2074296e-04   8.4794634e-04   4.5429855e-05
  -3.9321389e-02   1.2156725e-01   2.1319386e-02  -1.0213786e-03   1.0030270e-03   2.1313865e-04
  -1.4391014e-02   1.3941287e-01  -6.8099028e-02  -1.9343036e-03   5.7339432e-04  -2.6457720e-04
  -2.2613571e-02   1.7137900e-01   6.4724301e-03  -2.2260751e-03   8.5344906e-04  -1.0640873e-04
  -1.6562531e-02   1.4040643e-01  -1.3384350e-02  -1.8313216e-03   8.3012492e-04  -1.2045062e-04
  -1.0830820e-02   2.0036350e-01  -1.1870071e-03  -2.8350682e-03   7.4813463e-04  -2.7418883e-04
  -2.9137660e-02   1.7777880e-01  -7.2991949e-03  -2.4183695e-03   1.1430938e-03  -2.0802057e-04
  -4.0866484e-03   1.8665355e-01  -5.9147951e-04  -2.5556344e-03   7.6612957e-04  -5.8783108e-05
   4.5799791e-03   2.1217368e-01  -3.3852290e-02  -2.6998830e-03   6.5498039e-04  -1.7888658e-04
   3.1186075e-02   2.3064037e-01  -6.9655726e-02  -3.1649225e-03   2.0117944e-04  -3.4094775e-04
   3.4956266e-02   2.5218144e-01  -6.2796868e-02  -3.6025231e-03   2.1526004e-04  -4.8655946e-04
   2.3174848e-02   2.5617800e-01  -1.4649659e-02  -3.3774684e-03   4.3433125e-04  -4.9701548e-04
   3.7518057e-02   2.5907685e-01  -4.3924654e-02  -3.8383299e-03   2.3417640e-04  -5.4195145e-04
   1.4025834e-02   2.8141238e-01  -9.2027973e-03  -3.8927125e-03   5.9401245e-04  -5.0130060e-04
   4.6357307e-02   2.8034819e-01  -6.1226019e-02  -4.0676678e-03  -3.7525388e-04  -6.4355049e-04
   4.5685197e-02   3.5289744e-01   1.9464974e-01  -5.3930134e-03  -8.7052538e-04  -5.4926297e-04
   2.2379026e-02   2.9557595e-01  -7.6220054e-02  -4.4592158e-03   6.9759842e-05  -7.7290141e-04
   2.0442898e-02   3.2424778e-01  -1.5638031e-02  -4.6399350e-03   1.2713868e-04  -7.0138000e-04
   7.7053214e-03   3.3541348e-01   3.4118547e-02  -4.5374477e-03   2.3420712e-04  -5.8682492e-04
   1.3285737e-02   3.0335522e-01  -4.6054272e-02  -4.3754902e-03   2.4696658e-04  -8.4565263e-04
   8.6324090e-03   3.4484144e-01   5.9495589e-02  -4.5397050e-03   2.7490413e-04  -7.0289723e-04
   5.9099245e-03   3.2823358e-01  -2.4045327e-02  -4.6083429e-03   3.6386592e-04  -9.9040716e-04
   1.3543923e-02   3.5541049e-01   5.5708828e-02  -4.8056819e-03   2.0231960e-04  -8.2778919e-04
   5.1284492e-02   3.6414590e-01  -3.6692608e-02  -5.0587078e-03  -2.7597210e-04  -9.6161844e-04
   5.6982030e-02   3.7699130e-01  -1.0946845e-01  -4.7811384e-03  -1.5370727e-04  -1.3710640e-03
   5.6109327e-02   4.2437126e-01  -4.8958394e-03  -6.4825596e-03  -1.0611838e-04  -1.2090212e-03
   2.6339225e-02   3.8686156e-01   9.7131901e-03  -6.0121693e-03   4.0009816e-04  -1.0025738e-03
   4.6785371e-02   4.1448113e-01  -1.1282334e-02  -6.4024899e-03  -5.6507818e-05  -1.0324027e-03
   4.2645050e-02   4.2497621e-01  -1.7037012e-02  -5.6759565e-03  -9.1131609e-05  -1.2115159e-03
   8.3076597e-02   5.3378094e-01  -1.0992699e-01  -8.0703038e-03  -4.7126278e-04  -1.8723932e-03
   5.9488198e-02   5.7280756e-01  -6.3516461e-03  -8.9677890e-03  -1.0066376e-04  -1.4208453e-03
   5.9699565e-02   5.0024951e-01  -5.9954350e-02  -8.5754438e-03   1.7992779e-06  -1.2829710e-03
   4.8371220e-02   5.5159392e-01   3.7283592e-02  -8.5418081e-03   1.1456989e-04  -1.2886444e-03
   5.0402158e-02   5.2153664e-01  -4.5120258e-02  -8.0306356e-03  -1.2482382e-04  -1.4570179e-03
   5.2239156e-02   5.5253627e-01  -1.2731511e-02  -8.4978599e-03  -2.1618200e-04  -1.5826973e-03
   3.9336180e-02   5.2070513e-01   3.2543414e-02  -8.1969266e-03   2.9335604e-05  -1.4686794e-03
   1.6819021e-02  -4.2410251e-01  -4.1911610e-01   7.2794091e-03   1.2459763e-03  -4.9298606e-04
   4.2814527e-02  -4.6965576e-01  -4.5403357e-01   1.1250336e-02   6.7129203e-04  -7.8940631e-04
   3.2297834e-02  -3.6817456e-01  -3.3228801e-01   9.1664477e-03   9.4352287e-04  -1.3833463e-03
   3.1196080e-02  -2.3505649e-01  -1.8425865e-01   7.7459994e-03   6.9551698e-04  -1.0781421e-03
   1.3543476e-02  -1.8916715e-01  -2.3089502e-01   6.5616557e-03   9.6352471e-04  -1.4728165e-03
   6.3456051e-03  -1.6040685e-01  -2.4726338e-02   5.8128874e-03   1.0650390e-03  -9.7305492e-04
  -6.1723204e-03  -9.1712341e-02  -7.9167932e-02   4.2721350e-03   1.4555285e-03  -1.2890841e-03
   7.7986485e-03  -2.3775096e-02  -6.2203077e-02   2.9589164e-03   1.2027199e-03  -1.2816771e-03
  -1.2445452e-02   9.0217972e-03  -6.8289924e-02   1.8307269e-03   1.5599000e-03  -1.4223577e-03
  -1.7949044e-03   6.1542786e-02  -8.6540176e-02   8.8652143e-04   1.2422307e-03  -1.5524577e-03
  -1.1831728e-02   9.2452059e-02  -3.1094458e-02   6.6571420e-04   1.5353098e-03  -1.4957259e-03
  -5.3490213e-03   6.1099248e-02  -7.5355981e-02   8.3274481e-04   1.4357013e-03  -1.5949239e-03
  -3.2601059e-03   1.0768079e-01  -3.7198933e-02   4.7258810e-04   1.4205813e-03  -1.4335782e-03
   1.4453270e-03   9.5015313e-02  -7.4321970e-02   7.2832093e-04   1.4000977e-03  -1.3241308e-03
   1.6133066e-02   1.1492386e-01  -4.1542473e-02   6.1606614e-04   1.1422871e-03  -1.3032348e-03
   3.3910044e-03   9.3790740e-02  -7.7819793e-02   8.9070513e-04   1.2735603e-03  -1.1681558e-03
   7.4588382e-03   1.4721715e-01  -4.1474414e-02  -1.7519034e-04   1.3802846e-03  -1.1797995e-03
   2.5430760e-02   1.5362370e-01  -1.2941503e-01  -1.0689736e-04   1.0670775e-03  -1.3090955e-03
   1.1711086e-01   4.2362345e-01  -3.0870820e-01  -5.2128238e-03   1.3359749e-04  -2.3464076e-03
   6.4152865e-02   4.2492376e-01  -1.3473190e-01  -5.1305459e-03   8.9173388e-04  -2.0858914e-03
   5.1996271e-02   3.5752930e-01  -1.2285693e-01  -4.4471937e-03   9.1576750e-04  -1.6583562e-03
   5.0003280e-02   4.0376893e-01  -8.2097873e-02  -4.6837983e-03   7.6976778e-04  -1.7751424e-03
   3.4959058e-02   2.5931691e-01  -2.5919507e-01  -2.7085859e-03   7.1502040e-04  -1.7503588e-03
  -1.8392970e-02   3.2159268e-01  -1.4106860e-01  -2.5447991e-03   1.7552574e-03  -1.3222285e-03
  -8.4830974e-03   2.8106150e-01  -2.1832154e-01  -2.4893389e-03   1.5933543e-03  -1.5225930e-03
   2.2252250e-02   2.8606738e-01  -2.6264413e-01  -3.1683571e-03   1.0356830e-03  -1.8377246e-03
   1.1396990e-02   3.0432460e-01  -1.6335694e-01  -2.3749048e-03   1.0783947e-03  -1.3977091e-03
   2.4794179e-02   2.6583046e-01  -2.5273404e-01  -2.6011547e-03   8.9760535e-04  -1.6446880e-03
   2.3504958e-02   3.0071637e-01  -1.6692223e-01  -2.6013963e-03   9.0457268e-04  -1.3728974e-03
   4.1506218e-02   2.7009088e-01  -2.6503008e-01  -2.1430445e-03   5.7693027e-04  -1.5327547e-03
   1.4127776e-02   2.8686440e-01  -2.0060091e-01  -1.9726559e-03   9.2871318e-04  -1.6910857e-03
   4.3451140e-02   3.1016687e-01  -2.5083004e-01  -2.7652393e-03   5.4561195e-04  -1.7946182e-03
   9.7575044e-02   3.4293560e-01  -3.7290969e-01  -3.6886605e-03  -1.2699478e-04  -2.2799156e-03
   1.0152996e-01   3.3839274e-01  -3.6187050e-01  -3.2869336e-03   2.7764942e-05  -2.1849598e-03
   8.8266375e-02   3.8097287e-01  -3.1595370e-01  -4.3663898e-03   5.7191085e-04  -2.0851762e-03
   4.2508286e-02   3.6509004e-01  -2.2822554e-01  -4.0116399e-03   9.8797847e-04  -1.6722686e-03
   3.0523338e-02   3.5533181e-01  -2.8449242e-01  -3.9922283e-03   1.0552212e-03  -1.7869347e-03
   3.2323287e-02   3.7274319e-01  -2.6820229e-01  -4.0955086e-03   9.2358220e-04  -1.8468135e-03
   2.0394671e-02   3.7101880e-01  -2.4357853e-01  -3.6572023e-03   1.0102626e-03  -1.7545340e-03
   2.1292770e-02   3.3591065e-01  -2.4203802e-01  -3.4614328e-03   8.6592001e-04  -1.8073794e-03
   1.4841953e-02   3.7928930e-01  -1.9467144e-01  -3.6730049e-03   8.1803985e-04  -1.7251378e-03
   2.7275564e-02   3.1983552e-01  -2.4106484e-01  -3.5520932e-03   7.6728729e-04  -1.9139113e-03
   2.6081209e-02   3.2997011e-01  -1.6627239e-01  -2.9943252e-03   9.1909596e-04  -1.7965432e-03
   5.5323109e-02   2.8112657e-01  -2.5924759e-01  -2.0774762e-03   5.0670243e-04  -1.7639452e-03
   5.0385323e-02   2.8505592e-01  -2.1569829e-01  -1.7504466e-03   6.6560125e-04  -1.8349348e-03
   8.1007837e-02   3.2027359e-01  -2.7443815e-01  -3.0144032e-03   2.6785747e-04  -1.7121152e-03
   7.7771877e-02   3.2658248e-01  -3.0293185e-01  -3.5629844e-03   5.8449169e-04  -1.7450796e-03
   8.9900644e-02   3.5734590e-01  -2.3127280e-01  -3.9290303e-03   6.1374365e-05  -1.7797725e-03
   7.1650648e-02   3.0745142e-01  -3.1582319e-01  -3.3515731e-03   3.9072288e-04  -1.9778242e-03
   7.1706391e-02   3.4392059e-01  -2.6570112e-01  -3.5266566e-03   4.3107234e-04  -1.8040064e-03
   4.0994561e-02   3.4302728e-01  -2.1147763e-01  -3.3961158e-03   8.0627543e-04  -1.8910614e-03
   6.1643215e-02  -4.3131570e-01  -4.4146387e-01   9.5797898e-03  -1.1121076e-04  -5.5330251e-04
   4.5905821e-02  -3.5854352e-01  -3.8886201e-01   9.3762495e-03  -1.7517287e-04  -1.2477212e-03
   6.4774343e-02  -3.2664342e-01  -3.6687849e-01   8.4320990e-03  -3.5852948e-04  -1.1179106e-03
   7.3010911e-02  -2.2514765e-01  -2.5424046e-01   7.4739732e-03  -4.7283092e-04  -1.0330719e-03
   6.6233234e-02  -2.0861898e-01  -3.1203781e-01   6.6638407e-03  -1.8911098e-04  -1.0114052e-03
   8.2431680e-02  -1.6067595e-01  -2.5672552e-01   5.5233326e-03  -4.9507449e-04  -1.2155310e-03
   6.1989943e-02  -1.1059941e-01  -2.6073442e-01   5.0180578e-03  -1.5502394e-04  -1.2774666e-03
   7.1065468e-02  -9.5560964e-02  -2.8707731e-01   4.4568227e-03  -2.3213630e-04  -1.3046493e-03
   7.6988092e-02  -1.2119347e-01  -2.5122110e-01   4.9884039e-03  -4.2456987e-04  -1.1817309e-03
   7.4434405e-02  -1.4814124e-01  -4.0133948e-01   5.1495247e-03  -2.3302810e-04  -1.3303960e-03
   8.3674642e-02  -1.4097791e-01  -3.4625095e-01   4.9703678e-03  -3.1287271e-04  -1.3909962e-03
   8.6600106e-02  -6.6832416e-02  -3.1283307e-01   3.8830182e-03  -5.0863766e-04  -1.5374348e-03
   7.8200935e-02  -8.1063459e-02  -3.3602696e-01   3.7391343e-03  -3.4973684e-04  -1.4212177e-03
   8.3416089e-02  -1.2062715e-02  -2.7743952e-01   2.9081545e-03  -4.5960734e-04  -1.4380978e-03
   8.7008054e-02  -2.9047449e-02  -3.1721639e-01   2.8660556e-03  -5.0759332e-04  -1.5265840e-03
   8.6955953e-02   1.9662282e-02  -2.1889283e-01   2.2171775e-03  -5.0178780e-04  -1.3478795e-03
   9.1889323e-02   8.2647527e-03  -2.5492951e-01   2.4388973e-03  -5.4407827e-04  -1.3011249e-03
   9.2760130e-02   5.9350478e-02  -1.7592209e-01   2.1585186e-03  -6.3347313e-04  -1.1074687e-03
   1.1392297e-01   1.3345388e-02  -2.6747514e-01   2.6010349e-03  -7.4847133e-04  -1.1870618e-03
   1.1746675e-01   8.3071036e-03  -2.7430703e-01   2.9011928e-03  -7.2615901e-04  -1.1823654e-03
   1.1795624e-01   5.4676175e-02  -2.7612191e-01   2.0715575e-03  -6.0781848e-04  -9.9407832e-04
   1.1903568e-01   4.4522639e-02  -2.9142288e-01   2.2837178e-03  -7.0306074e-04  -1.0345699e-03
   1.2627848e-01   3.3912981e-01  -3.7196945e-01  -3.1930625e-03  -4.4950890e-04  -1.7350103e-03
   1.6160291e-01   4.9531436e-01  -4.1595104e-01  -6.1087468e-03  -7.8163126e-04  -1.1809612e-03
   1.4953606e-01   4.8866251e-01  -3.2147330e-01  -6.4201478e-03  -8.3597413e-04  -1.3963209e-03
   1.3790650e-01   4.0950453e-01  -3.4681226e-01  -5.4275834e-03  -7.3040917e-04  -1.3524504e-03
   1.3269691e-01   4.6542233e-01  -2.6592773e-01  -5.1221701e-03  -8.0133300e-04  -9.9521917e-04
   1.2165902e-01   4.0671565e-01  -3.2851445e-01  -4.5589703e-03  -7.5324485e-04  -1.1752271e-03
   1.3734165e-01   3.9248804e-01  -2.8932915e-01  -4.2696093e-03  -1.1262720e-03  -1.3624974e-03
   1.2653035e-01   4.1281503e-01  -2.8411279e-01  -4.2914646e-03  -1.0539601e-03  -1.4753632e-03
   1.3108833e-01   3.6752784e-01  -2.9152060e-01  -4.1832719e-03  -1.0229382e-03  -1.4633444e-03
   1.2238135e-01   4.3789218e-01  -2.3590876e-01  -4.7231381e-03  -9.7461207e-04  -1.4745261e-03
   1.1593622e-01   3.7944016e-01  -3.0227412e-01  -4.0081495e-03  -9.4921292e-04  -1.6581413e-03
   1.4224730e-01   3.7222733e-01  -3.0040095e-01  -3.8009909e-03  -1.5230724e-03  -1.5542931e-03
   1.3221000e-01   3.0985124e-01  -3.3403507e-01  -3.0658647e-03  -1.1593899e-03  -1.7126044e-03
   1.3943450e-01   3.5613264e-01  -3.0305268e-01  -3.7580733e-03  -1.1028521e-03  -1.7126976e-03
   9.9925154e-02   3.8714653e-01  -2.9426321e-01  -3.9335008e-03  -7.2616914e-04  -1.6399068e-03
   9.7959421e-02   3.8712187e-01  -3.0546541e-01  -4.4646015e-03  -7.5241842e-04  -1.6860849e-03
   9.1060505e-02   4.0613344e-01  -2.6241061e-01  -4.5428268e-03  -6.4767023e-04  -1.6607716e-03
   7.4786906e-02   4.1908176e-01  -3.1723707e-01  -5.0435318e-03  -3.6680843e-04  -1.7977462e-03
   7.5707814e-02   4.2156650e-01  -2.8458667e-01  -4.9127208e-03  -3.9810020e-04  -1.7794893e-03
   5.9406494e-02   4.4952812e-01  -2.6184054e-01  -5.4105707e-03  -3.3954078e-04  -1.8439444e-03
   4.5554605e-02   4.8347714e-01  -2.5964273e-01  -6.2385024e-03   6.1648233e-05  -2.0653531e-03
   3.5497818e-02   5.2566139e-01  -2.5859902e-01  -6.7993339e-03   2.8214784e-04  -2.1506793e-03
   3.6135601e-02   5.1495426e-01  -2.3860935e-01  -7.2695817e-03   3.1893086e-04  -1.9969557e-03
   2.8623444e-02   5.3237174e-01  -1.7255077e-01  -6.7901479e-03   2.7387315e-04  -1.6862696e-03
   6.0559449e-02   5.1896345e-01  -2.4574391e-01  -6.6354204e-03  -1.2766058e-04  -1.9310161e-03
   5.9668490e-02   4.8740673e-01  -2.9808746e-01  -5.5922095e-03  -1.7016672e-04  -2.1664287e-03
   6.4437778e-02   5.6195316e-01  -3.0157579e-01  -7.1453088e-03  -1.0418375e-04  -2.0948428e-03
   5.5939424e-02   5.4618640e-01  -3.3730065e-01  -7.0094114e-03   7.1017008e-05  -2.2590669e-03
   4.4075052e-02   5.6667943e-01  -2.8769417e-01  -7.4323185e-03   1.8396919e-04  -1.9506488e-03
   5.0213765e-02   5.6301152e-01  -3.0990232e-01  -7.3886357e-03   1.0111826e-04  -2.0275717e-03
   2.5060275e-02   5.9600978e-01  -4.3874739e-01  -7.2990662e-03   3.2187234e-04  -2.7779246e-03
   6.5642204e-02   7.6142449e-01  -5.8035540e-01  -1.0288726e-02  -8.1061535e-05  -3.0751759e-03
   4.9219270e-02   7.2788431e-01  -4.7078869e-01  -1.0485772e-02   1.3606857e-04  -2.8456919e-03
   2.6263020e-02   7.3915914e-01  -4.3158852e-01  -1.0591510e-02   4.9151737e-04  -2.4473551e-03
   3.0266840e-02   7.2373162e-01  -3.9154770e-01  -1.0292049e-02   4.3843413e-04  -2.3714048e-03
   2.2354321e-02   7.1868194e-01  -3.1101174e-01  -9.5094286e-03   2.3634920e-04  -2.0533582e-03
   1.1467477e-02   6.9623911e-01  -3.6628680e-01  -9.4685970e-03   3.1145824e-04  -2.3429130e-03
   2.6581669e-02   6.8318977e-01  -2.7293430e-01  -9.0559827e-03   2.0371854e-04  -2.2702854e-03
   3.1102138e-02   5.6119761e-01  -3.3507767e-01  -7.2038003e-03   1.7415813e-04  -1.3681954e-03
   5.4712605e-02  -9.5063991e-02  -7.2513691e-01   3.2304188e-03  -6.6022481e-04   2.3898367e-04
   1.3279230e-02   1.0415888e-01  -5.4105816e-01   2.0408328e-03   5.8820051e-05  -1.2455895e-03
   4.9920999e-02   1.3467592e-01  -5.2417952e-01   1.0670081e-03  -3.7276349e-04  -1.6589196e-03
   3.8465483e-02   2.1265036e-01  -4.1697869e-01   3.1513969e-04  -2.1788690e-04  -1.3275834e-03
   7.2778375e-02   1.6517665e-01  -4.8965218e-01   6.2663130e-04  -7.6875300e-04  -1.5552512e-03
   4.3597700e-02   2.5364393e-01  -3.5289075e-01  -4.8710642e-04  -3.7459674e-04  -1.2480173e-03
   5.6262741e-02   2.2249892e-01  -4.4334513e-01  -9.8041073e-04  -6.0729037e-04  -1.7117626e-03
   6.1611357e-02   2.5932629e-01  -3.5835356e-01  -1.9591496e-03  -4.6094027e-04  -1.7734485e-03
   7.1885753e-02   3.0201598e-01  -3.8619859e-01  -2.3843638e-03  -6.2821114e-04  -1.9548677e-03
   6.9789636e-02   3.4027994e-01  -3.6484108e-01  -3.2816759e-03  -5.4731394e-04  -2.1004955e-03
   6.8905559e-02   3.4272460e-01  -2.9563562e-01  -3.1834326e-03  -6.4603818e-04  -2.1544524e-03
   7.7400060e-02   3.6937680e-01  -3.4751161e-01  -3.7057657e-03  -6.5344939e-04  -2.0659277e-03
   6.5937562e-02   3.7970692e-01  -2.8517921e-01  -3.5123703e-03  -4.5368712e-04  -2.0371045e-03
   1.1609154e-01   3.8604611e-01  -4.2943633e-01  -3.7279170e-03  -1.2429260e-03  -2.2257765e-03
   1.4452906e-01   4.6071290e-01  -5.6620936e-01  -5.2917418e-03  -1.4063575e-03  -2.4428340e-03
   1.4069847e-01   4.6351241e-01  -4.7454946e-01  -5.6685955e-03  -1.3318808e-03  -1.9716918e-03
   1.4325590e-01   4.3719894e-01  -4.8384511e-01  -5.5899981e-03  -1.1391547e-03  -1.7643388e-03
   1.1250225e-01   4.4636068e-01  -3.5643913e-01  -5.2354185e-03  -7.7973385e-04  -1.8508345e-03
   1.2045544e-01   4.1818934e-01  -4.0195237e-01  -4.6732981e-03  -9.4865848e-04  -2.1087881e-03
   1.2918089e-01   4.4727768e-01  -3.3501309e-01  -3.8190230e-03  -1.2491000e-03  -2.1522780e-03
   1.5809837e-01   4.1694769e-01  -4.9296836e-01  -3.8016520e-03  -1.5745144e-03  -2.0335564e-03
   1.9077021e-01   4.0417865e-01  -5.5722146e-01  -3.5513765e-03  -1.8835930e-03  -1.9511078e-03
   1.7830701e-01   4.9435245e-01  -4.4923051e-01  -5.1701556e-03  -1.5995912e-03  -1.5483878e-03
   1.8893739e-01   4.1798599e-01  -5.6229870e-01  -4.6805687e-03  -1.6263215e-03  -1.7040870e-03
   1.7475060e-01   4.9106439e-01  -4.1340230e-01  -5.3204099e-03  -1.5240560e-03  -1.6591893e-03
   1.5969548e-01   4.7817916e-01  -4.6276487e-01  -5.0292321e-03  -1.3703270e-03  -1.8117204e-03
   1.5838939e-01   4.8309095e-01  -3.5357656e-01  -4.7003418e-03  -1.5824915e-03  -2.0932333e-03
   2.1785420e-01   4.6608806e-01  -5.6064158e-01  -4.3588029e-03  -2.4404137e-03  -1.9216946e-03
   1.7802425e-01   5.1124259e-01  -4.0036133e-01  -4.8240219e-03  -1.8837007e-03  -1.7476382e-03
   1.7126584e-01   4.7740567e-01  -4.5312545e-01  -5.4521534e-03  -1.7321393e-03  -1.7925570e-03
   1.4277936e-01   5.0288398e-01  -4.3548511e-01  -5.1655340e-03  -1.2233706e-03  -1.6463356e-03
   1.4316927e-01   4.2227061e-01  -4.5287207e-01  -4.5616836e-03  -1.2758781e-03  -1.8043704e-03
   1.2966985e-01   4.6172803e-01  -3.9298240e-01  -4.3046950e-03  -9.9379968e-04  -1.7760020e-03
   1.2862486e-01   4.1991737e-01  -4.5585383e-01  -4.2542605e-03  -1.1126661e-03  -1.9450516e-03
   1.2567152e-01   4.2482150e-01  -4.1806719e-01  -4.4745746e-03  -1.1605806e-03  -2.0335077e-03
   1.2624975e-01   4.5564201e-01  -4.1948729e-01  -4.7989281e-03  -1.1745745e-03  -2.0738762e-03
   1.2840226e-01   4.5275142e-01  -4.2047929e-01  -4.8343639e-03  -1.0949224e-03  -2.0998388e-03
   1.3949058e-01   5.2451475e-01  -3.3602997e-01  -6.0110203e-03  -1.3529123e-03  -2.1675938e-03
