   0.0000000e+00   0.0000000e+00   0.0000000e+00   0.0000000e+00   0.0000000e+00   0.0000000e+00
  -3.8728278e-02  -4.2209241e-01  -7.8028282e-02   7.6063254e-03   3.4205678e-04   2.0925354e-03
  -5.2028507e-02  -2.0776502e-01  -1.7215337e-01   5.9316596e-03   5.1032578e-04   1.3518427e-03
  -5.4860173e-02  -2.4682528e-01  -2.5879281e-02   5.4370293e-03   7.8286278e-04   8.2711858e-04
  -3.2275541e-02  -8.1679167e-02  -4.4460745e-02   3.2727893e-03   4.6507756e-04   1.0244205e-03
  -3.3017280e-02  -8.6089824e-02   1.6673964e-02   3.1696219e-03   1.8255740e-04   8.8902783e-04
  -3.8691224e-02  -3.5028682e-02   1.3936197e-02   2.3003988e-03   3.2037629e-04   8.2868607e-04
  -3.1758766e-02   6.3422184e-03   4.2313146e-02   1.5824998e-03   9.9790074e-05   9.1210925e-04
  -3.9771624e-02   3.4956974e-02   3.7633460e-02   1.1741461e-03   3.7330500e-04   8.3709838e-04
  -3.2874311e-02   8.7861157e-02   3.0241418e-02   1.9691503e-04   4.1410234e-04   7.7125537e-04
  -4.0847110e-02   9.6109188e-02   5.7726415e-02  -2.6555915e-04   4.5158998e-04   6.7711299e-04
  -4.3900291e-02   1.3332865e-01   7.3919370e-02  -7.6179827e-04   5.5993981e-04   5.7614128e-04
  -3.8388627e-02   1.6653418e-01   7.1370820e-02  -1.7432580e-03   5.3738916e-04   4.6767754e-04
  -4.1884072e-02   1.9859489e-01   8.4191403e-02  -2.4215444e-03   5.3523618e-04   2.2320234e-04
  -4.4799107e-02   1.9943901e-01   9.0987568e-02  -2.2276683e-03   8.2368619e-04   2.4286982e-04
  -4.2975367e-02   2.1281805e-01   9.6742290e-02  -2.4331261e-03   7.4822765e-04   2.2294187e-04
  -4.5955807e-02   2.7593158e-01   1.1061654e-01  -3.7521467e-03   7.9355854e-04   4.1300948e-05
  -5.3932624e-02   2.9460070e-01   1.1458172e-01  -3.9090155e-03   9.0365595e-04   1.0105802e-05
  -5.4830990e-02   2.8046231e-01   1.1513461e-01  -3.5828352e-03   8.0628610e-04  -8.9442004e-05
  -5.8377249e-02   3.6770371e-01   1.0535445e-01  -4.6788876e-03   9.1430394e-04  -1.2801742e-04
  -5.9488411e-02   3.4070059e-01   7.5457698e-02  -4.8258498e-03   9.9123117e-04  -2.6480480e-05
  -5.4247190e-02   3.7461464e-01   6.0002744e-02  -5.7095433e-03   9.6137913e-04   2.6238280e-05
  -5.5751389e-02   3.3659742e-01   5.3313447e-02  -4.5030110e-03   9.6901348e-04  -4.5820264e-05
  -5.8783796e-02   3.6216116e-01   7.2117015e-02  -5.0307177e-03   1.0862994e-03   8.2454882e-05
  -6.1319296e-02   3.2909673e-01   8.8314112e-02  -4.3221596e-03   1.1049733e-03   3.3496400e-06
  -5.5397717e-02   3.2422463e-01   8.7883377e-02  -4.0313405e-03   8.6485781e-04  -8.0884075e-05
  -4.9140680e-02   3.4603797e-01   7.1844910e-02  -4.4170726e-03   6.9763384e-04  -1.2770626e-04
  -5.9609331e-02   3.8007174e-01   7.7474646e-02  -5.2058851e-03   1.2808197e-03   4.5801118e-05
  -5.6391114e-02   3.6373671e-01   5.6457712e-02  -5.2296547e-03   1.2171142e-03   1.2218374e-04
  -5.4811585e-02   3.9364849e-01   8.5129188e-02  -5.5904749e-03   1.2475838e-03   5.5264718e-05
  -6.7186340e-02   4.2812131e-01   7.8627534e-02  -5.5811154e-03   1.1654782e-03   3.2849300e-05
  -6.9612871e-02   3.7797796e-01   6.8708198e-02  -4.8515387e-03   1.0952402e-03  -9.7081021e-05
  -8.8531063e-02   4.2325013e-01   1.2979452e-01  -5.4996142e-03   1.4093744e-03   1.3837029e-04
  -7.4722239e-02   3.5586669e-01   9.4761610e-02  -4.9411212e-03   1.1878285e-03  -9.3453191e-05
  -6.9642095e-02   3.8350162e-01   1.1981568e-01  -5.1225247e-03   1.2447406e-03   3.2158834e-05
  -7.4528522e-02   3.5558459e-01   6.1897484e-02  -4.6965272e-03   1.2231090e-03   4.4390161e-05
  -6.5387793e-02   3.3110954e-01   8.3004885e-02  -3.9606997e-03   1.0575017e-03   7.1484186e-05
  -6.6973554e-02   3.4946106e-01   8.0688373e-02  -4.4397144e-03   1.2543336e-03  -4.2919524e-05
  -6.5034418e-02   3.3812795e-01   6.8299808e-02  -4.2159957e-03   1.2412119e-03  -6.4728149e-06
  -6.9545821e-02   4.1936286e-01   1.4511282e-01  -5.6861748e-03   1.3026903e-03  -1.3279560e-05
  -6.9507110e-02   3.5440852e-01   1.7285119e-01  -5.2149144e-03   1.1583753e-03   2.0101632e-05
  -6.8317313e-02   4.1541858e-01   1.9885354e-01  -6.0054256e-03   1.1926301e-03  -2.7224026e-05
  -7.0117065e-02   3.8828177e-01   1.9793904e-01  -5.2941641e-03   1.1651135e-03  -1.3141504e-04
  -6.0863171e-02   3.7823073e-01   1.7988456e-01  -5.6067905e-03   1.1032904e-03  -1.8086064e-05
  -6.2172362e-02   4.0032172e-01   1.8564411e-01  -5.5313364e-03   1.1892096e-03  -1.1852404e-04
  -6.1743106e-02   3.8256159e-01   1.6854821e-01  -5.4169352e-03   1.0669029e-03  -1.2921579e-04
  -6.6734091e-02   4.0325735e-01   2.0515378e-01  -5.7404659e-03   1.2007928e-03  -2.1181552e-04
  -6.8511117e-02   4.0695785e-01   1.8648498e-01  -5.4702824e-03   1.0726250e-03  -1.7186113e-04
  -5.8460345e-02   4.0104188e-01   1.9791555e-01  -5.5324218e-03   1.1663234e-03  -1.4254033e-04
  -5.4859384e-02   3.8046395e-01   1.9387587e-01  -5.0564144e-03   1.1467537e-03   1.5357105e-05
  -4.1410777e-02   3.6330471e-01   1.7895259e-01  -4.2070847e-03   7.2653053e-04   1.0854844e-04
  -6.5083875e-02   3.9252360e-01   2.0135149e-01  -5.3804381e-03   1.1817976e-03   1.5940737e-05
  -6.2365593e-02   4.1373761e-01   2.2244068e-01  -5.9697211e-03   1.3419808e-03   1.2136853e-04
  -5.3027275e-02   3.6773955e-01   1.9294726e-01  -5.7332014e-03   1.2704831e-03   2.4020814e-04
  -6.2595038e-02   4.5815668e-01   2.0704925e-01  -6.5037529e-03   1.5728613e-03   8.8174781e-05
  -7.7795696e-02  -1.3940269e-01   1.1259980e-01   5.8758752e-03   1.3601709e-03   1.7032596e-03
  -1.1321089e-01  -2.2693283e-01   4.3382427e-01   7.9317971e-03   1.8760074e-03   2.3701625e-03
  -1.0143353e-01  -6.9312909e-02   3.5273422e-01   5.5494027e-03   1.6437600e-03   1.7631022e-03
  -1.0401600e-01  -2.4396893e-03   3.0226024e-01   4.1503759e-03   1.7660176e-03   1.2471314e-03
  -6.7377964e-02   1.4494669e-02   2.3832682e-01   3.3213751e-03   1.2560022e-03   1.4258139e-03
  -7.7822893e-02   5.0447291e-02   3.6594307e-01   3.1440424e-03   1.4036620e-03   1.3371507e-03
  -8.6666988e-02   4.3848460e-02   2.9145644e-01   2.4685522e-03   1.4016618e-03   1.1303285e-03
  -7.9061347e-02   9.2964569e-02   3.3854135e-01   1.6684265e-03   1.2476398e-03   1.2336207e-03
  -9.6282308e-02   1.2599373e-01   3.9748567e-01   1.5128493e-03   1.6872635e-03   1.1150258e-03
  -9.6764700e-02   9.5619528e-02   3.2384865e-01   1.1886928e-03   1.6209025e-03   9.7405720e-04
  -9.3370462e-02   1.2974566e-01   4.1461090e-01   1.0651810e-03   1.5621801e-03   8.9923409e-04
  -9.4430012e-02   1.2867313e-01   3.5074077e-01   8.8400915e-04   1.5002460e-03   8.1756752e-04
  -7.9505049e-02   1.0604464e-01   3.7628351e-01   8.3616907e-04   1.5039229e-03   1.1360445e-03
  -8.7015508e-02   1.2612418e-01   3.5019782e-01   6.7058720e-04   1.7138958e-03   1.0355334e-03
  -7.7686389e-02   1.5416324e-01   3.4776788e-01  -1.6006585e-04   1.5474945e-03   6.7150576e-04
  -8.1631570e-02   1.8578202e-01   3.4277962e-01  -8.4233121e-04   1.5773946e-03   5.3563991e-04
  -9.0991887e-02   1.9179697e-01   3.2562069e-01  -1.1815041e-03   1.6375169e-03   3.8077279e-04
  -8.8685135e-02   2.1639138e-01   3.5100732e-01  -1.3677443e-03   1.7639301e-03   3.1509841e-04
  -1.0127737e-01   2.1341290e-01   3.4436019e-01  -1.7455563e-03   2.0039414e-03   1.9548534e-04
  -8.0119882e-02   2.2776279e-01   3.5869157e-01  -1.9060067e-03   1.6840043e-03   2.3683470e-04
  -9.6509516e-02   2.4893849e-01   3.6711683e-01  -2.2712514e-03   2.1049261e-03   2.2366929e-04
  -7.7606449e-02   2.1440248e-01   3.4788715e-01  -1.7039935e-03   1.6546719e-03   2.2182084e-04
  -8.8766600e-02   2.6731359e-01   3.8101175e-01  -2.0423114e-03   2.0122227e-03   1.9932570e-04
  -8.5720661e-02   2.5662932e-01   3.5653374e-01  -1.8825479e-03   1.8582324e-03   1.8393587e-04
  -8.5956200e-02   2.6924373e-01   3.3353488e-01  -2.1441241e-03   1.7446520e-03   1.9092690e-04
  -8.6065170e-02   2.5913814e-01   3.5650750e-01  -1.8449798e-03   1.7841778e-03   6.6473622e-05
  -1.0524154e-01   2.2524959e-01   3.0389126e-01  -1.5716421e-03   2.0844334e-03   2.8981977e-04
  -1.1855832e-01   2.6395126e-01   3.2801447e-01  -1.8336370e-03   2.4889298e-03   2.5768888e-04
  -1.1013453e-01   3.1423116e-01   2.4316483e-01  -2.7155790e-03   2.2219184e-03   3.2283369e-04
  -1.1440051e-01   2.2824737e-01   2.3686241e-01  -1.7389871e-03   2.3874585e-03   2.3549252e-04
  -1.0488343e-01   3.0906888e-01   3.0052002e-01  -2.5968935e-03   2.3272639e-03   3.6830651e-05
  -9.7434850e-02   2.9271167e-01   3.4148878e-01  -2.9672746e-03   2.0035065e-03  -1.0716056e-04
  -8.8748463e-02   3.5982959e-01   3.6153211e-01  -4.1459035e-03   2.0632790e-03  -5.1737874e-05
  -9.2298730e-02   3.4520572e-01   3.6181556e-01  -4.0006571e-03   2.2384683e-03  -7.5133748e-05
  -8.6119461e-02   3.4670712e-01   3.2714381e-01  -4.1134603e-03   2.1376414e-03   5.3540845e-05
  -9.2094856e-02   3.6141849e-01   3.5344323e-01  -4.1565795e-03   2.1537674e-03   5.6824799e-05
  -8.2614297e-02   3.3339066e-01   3.6947842e-01  -3.8661493e-03   1.9186904e-03   2.2787156e-04
  -9.1665295e-02   3.6404502e-01   3.8718828e-01  -4.2170485e-03   2.0608039e-03   1.2144279e-04
  -8.0136290e-02   3.4628170e-01   3.3136520e-01  -3.6232905e-03   1.5834324e-03  -1.4493812e-04
  -8.4567453e-02   3.8255796e-01   3.2135212e-01  -4.7148723e-03   1.8761065e-03   1.3401249e-05
  -8.2609093e-02   3.7411145e-01   3.8161700e-01  -4.9840479e-03   2.2524306e-03   1.0309540e-04
  -7.5815265e-02   3.9948491e-01   3.3862572e-01  -5.5888038e-03   2.1583831e-03   1.8789081e-04
  -8.1122729e-02   3.4809303e-01   3.2304608e-01  -4.8237994e-03   2.0876284e-03   1.7035940e-04
  -7.9343445e-02   4.4204136e-01   2.9373269e-01  -5.7265448e-03   1.9248172e-03   5.1228300e-05
  -9.0346974e-02   3.5149858e-01   3.2078469e-01  -3.5898194e-03   1.6478058e-03   2.8551410e-04
  -9.9263717e-02   3.6734818e-01   4.5442545e-01  -4.3152451e-03   2.0453425e-03   3.3677182e-04
  -9.0991316e-02   3.6874321e-01   4.6660939e-01  -4.0903636e-03   1.8512928e-03   2.7955789e-04
  -9.6458735e-02   3.2550755e-01   4.2747224e-01  -3.8699942e-03   1.9620310e-03   3.0406636e-04
  -8.2175407e-02   3.3432682e-01   4.4823339e-01  -4.2566647e-03   1.6864993e-03   1.4951687e-04
  -8.9258415e-02   2.8528491e-01   4.1608483e-01  -3.4127609e-03   1.7836323e-03   2.6854142e-04
  -5.8500451e-02  -2.3952123e-01   2.1227852e-01   6.8172466e-03   1.2924336e-03   1.9920279e-03
  -7.4772216e-02  -1.3646122e-01   3.3700549e-01   6.2128332e-03   1.2120895e-03   3.3124034e-04
  -6.6627144e-02  -1.0267256e-01   3.3721994e-01   4.7474115e-03   1.1089320e-03   3.4665075e-04
  -7.0109552e-02   4.7857206e-02   4.0172410e-01   2.2569507e-03   1.1512550e-03   5.9827688e-04
  -5.7564957e-02   4.2020664e-02   4.0212109e-01   2.5497484e-03   8.3148662e-04   4.9898372e-04
  -4.9729694e-02   7.5326369e-02   4.1307824e-01   1.6259103e-03   8.5758191e-04   5.6748041e-04
  -4.2234924e-02   9.7080254e-02   4.4261761e-01   1.3163003e-03   8.0778114e-04   4.1417649e-04
  -4.4318959e-02   5.5301110e-02   4.0758948e-01   1.7003743e-03   8.2079549e-04   4.3092942e-04
  -3.4361842e-02   7.5768265e-02   4.1456363e-01   1.4730384e-03   7.8805198e-04   4.7162514e-04
  -3.7474723e-02   1.1296937e-01   3.7146644e-01   5.8427895e-04   9.8337508e-04   2.4383026e-04
  -3.4136866e-02   9.5821289e-02   3.4964550e-01   7.8639900e-04   9.0053807e-04   3.7146639e-04
  -3.3153179e-02   1.4284840e-01   3.8817527e-01   2.1849481e-04   9.9840171e-04   4.1212460e-04
  -3.5092012e-02   1.0269387e-01   3.5160161e-01   7.1161342e-04   9.9615809e-04   4.0268754e-04
  -3.5738632e-02   1.3137285e-01   3.2228332e-01   1.8254710e-04   1.1451329e-03   4.6435040e-04
  -3.3862525e-02   1.4543429e-01   3.3765765e-01  -5.4910541e-05   1.1769820e-03   3.6912914e-04
  -3.7669624e-02   1.3690999e-01   3.1204391e-01  -2.1174354e-04   1.1210648e-03   4.7390290e-04
  -3.7064591e-02   1.8548068e-01   3.3036206e-01  -7.9346527e-04   1.0095826e-03   3.6680617e-04
  -5.0254308e-02   1.7478909e-01   3.0475584e-01  -8.0028933e-04   9.2791775e-04   2.6181225e-04
  -5.8988718e-02   1.9738205e-01   3.5393573e-01  -1.1549205e-03   1.1268217e-03   2.9698678e-04
  -5.7377916e-02   2.5707188e-01   3.8593324e-01  -1.9746441e-03   1.2310116e-03   2.7174734e-04
  -4.5704939e-02   1.9496567e-01   3.6504313e-01  -1.3740041e-03   1.1205468e-03   4.3384656e-04
  -4.3502187e-02   2.5060424e-01   3.5428836e-01  -2.0299981e-03   1.2016921e-03   5.0239647e-04
  -4.2868550e-02   2.3538807e-01   3.4710987e-01  -1.3841116e-03   1.0378541e-03   3.5810588e-04
  -4.8828119e-02   2.3416209e-01   3.4779446e-01  -1.6082143e-03   1.0272845e-03   5.1055724e-04
  -5.8698148e-02   2.3232178e-01   3.8137266e-01  -1.1202150e-03   1.0736834e-03   4.6049599e-04
  -5.4685684e-02   2.3465774e-01   3.6492903e-01  -1.4097690e-03   9.7319694e-04   6.5912758e-04
  -5.8086056e-02   2.3077014e-01   3.8673173e-01  -1.3385889e-03   1.0570521e-03   5.4219592e-04
  -3.8485394e-02   1.9940160e-01   3.6339834e-01  -1.0811601e-03   7.3910834e-04   5.8398317e-04
  -5.2442633e-02   2.4795241e-01   3.7530392e-01  -1.9415722e-03   1.1571563e-03   6.6114605e-04
  -4.7298706e-02   2.4128109e-01   3.8836077e-01  -2.2666062e-03   1.2029029e-03   5.5101917e-04
  -4.9382589e-02   2.3721443e-01   3.6903900e-01  -1.8905889e-03   1.1675754e-03   6.5322690e-04
  -4.3666086e-02   2.4231047e-01   3.8091126e-01  -2.0897168e-03   1.0824166e-03   6.6053936e-04
  -6.8804667e-02   2.9456551e-01   3.9751742e-01  -2.4387338e-03   1.3358663e-03   6.3080028e-04
  -6.0192006e-02   2.4574701e-01   3.5876067e-01  -1.6323366e-03   1.1672760e-03   8.4588598e-04
  -7.5798344e-02   3.0004653e-01   4.2662565e-01  -2.2376880e-03   1.4757961e-03   7.1378595e-04
  -5.2800030e-02   2.2504315e-01   3.5758457e-01  -1.5594505e-03   1.0435033e-03   7.1157758e-04
  -6.0150765e-02   2.6169617e-01   4.0449651e-01  -2.1415131e-03   1.2818051e-03   6.3131575e-04
  -5.7290906e-02   2.3660009e-01   4.0614126e-01  -1.6759531e-03   1.1078063e-03   5.5939857e-04
  -5.7157882e-02   2.3423213e-01   4.0432772e-01  -2.0141105e-03   1.2949346e-03   7.0824245e-04
  -6.1104594e-02   2.7512011e-01   4.3268038e-01  -2.0697180e-03   1.2656144e-03   5.5348745e-04
  -6.0929385e-02   2.2264505e-01   3.8137191e-01  -1.9552378e-03   1.2120891e-03   5.3017406e-04
  -4.7890459e-02   2.6801144e-01   4.5690302e-01  -2.2100824e-03   9.3369091e-04   4.2479928e-04
  -6.1075343e-02   2.5852015e-01   4.0788712e-01  -2.0863704e-03   1.1376242e-03   3.5243288e-04
  -4.1377520e-02   2.4421217e-01   3.8587178e-01  -2.0283107e-03   6.2221685e-04   2.9509219e-04
  -8.1544296e-02   2.8397820e-01   5.0726128e-01  -2.3648042e-03   1.5869039e-03   5.0975662e-04
  -6.9888437e-02   2.4054241e-01   4.2700085e-01  -2.1424236e-03   1.2695057e-03   4.2645182e-04
  -6.6363058e-02   2.8144107e-01   5.0064150e-01  -2.6441171e-03   1.3986391e-03   3.4725534e-04
  -6.4109349e-02   2.9340555e-01   4.6700015e-01  -2.9598164e-03   1.3239098e-03   4.0279044e-04
  -5.1476616e-02   2.6052775e-01   4.5240780e-01  -2.9118005e-03   1.1338394e-03   5.0023036e-04
  -6.4398092e-02   3.2231670e-01   4.8227267e-01  -3.5776690e-03   1.3391385e-03   4.0001637e-04
  -5.1713469e-02   2.5837561e-01   3.9066891e-01  -2.5329611e-03   8.3384514e-04   2.7051088e-04
  -5.6589545e-02   3.0397499e-01   4.2713079e-01  -3.4766511e-03   9.6438204e-04   2.3866305e-04
  -6.0037391e-02   2.9705954e-01   4.4332001e-01  -3.0254814e-03   9.8416127e-04   2.5714326e-04
  -4.9919909e-02   2.8609476e-01   4.1913485e-01  -3.1035125e-03   9.1391014e-04   2.9112157e-04
  -5.2510831e-02   3.2014009e-01   4.5929979e-01  -3.3056336e-03   9.3914981e-04   1.0412675e-04
  -3.9917447e-02   2.9669631e-01   4.0355515e-01  -3.2410412e-03   6.4203385e-04   3.2897700e-04
  -4.4055560e-02   2.9752712e-01   4.6754800e-01  -3.4177100e-03   7.4157804e-04   1.8211612e-04
  -3.5044368e-02   2.8244080e-01   4.4486766e-01  -3.0316971e-03   5.8644774e-04   1.9981579e-04
  -3.7524806e-02   3.1814530e-01   4.4898274e-01  -3.4606239e-03   6.9187108e-04   2.1185851e-04
  -3.3420262e-02   3.0284101e-01   4.7550907e-01  -2.8085782e-03   4.6708777e-04   1.4014386e-04
  -2.6038767e-02   2.9686193e-01   4.2604469e-01  -3.0494940e-03   3.8160999e-04   3.6613960e-04
  -2.4430739e-02   3.1733573e-01   4.2720630e-01  -2.7240023e-03   4.3295829e-04   2.9796533e-04
  -1.3033459e-02   3.2036326e-01   4.3533762e-01  -3.4619651e-03   4.0085099e-04   3.3755352e-04
  -3.4298525e-02   3.3214979e-01   4.8951621e-01  -3.3828456e-03   7.3104517e-04   2.3243007e-04
  -2.3320359e-02   3.2483753e-01   4.4985398e-01  -4.0679237e-03   4.1343167e-04   3.8299137e-04
  -3.5596292e-02   3.7621677e-01   5.2736921e-01  -4.6059296e-03   7.2870995e-04   1.9827314e-04
  -3.9705546e-02   3.5223253e-01   4.3940318e-01  -4.4513657e-03   6.0966766e-04   1.6383142e-04
  -2.7028566e-02   3.3359970e-01   4.8465675e-01  -4.0137892e-03   3.4633333e-04   8.7798414e-05
  -3.7173803e-02   3.6830317e-01   5.0076614e-01  -4.4519637e-03   4.4866133e-04   1.4751798e-04
  -3.5733444e-02   3.2179269e-01   4.6792140e-01  -3.9907125e-03   4.8190261e-04   2.5946497e-04
  -3.2271444e-02   3.5601175e-01   4.7508163e-01  -4.4409649e-03   4.4365143e-04   1.2379236e-04
  -3.1735964e-02   3.2889401e-01   4.6395577e-01  -3.9540515e-03   3.8815924e-04   1.5884839e-04
  -1.3734457e-02   3.3335498e-01   4.7736938e-01  -4.0039377e-03   1.1993418e-04   6.8546777e-05
  -3.0109331e-02   3.4414592e-01   4.7665624e-01  -4.1864027e-03   3.8677026e-04  -1.0830377e-06
  -1.5874446e-02   3.2097312e-01   4.7263239e-01  -3.9141667e-03   4.7378837e-05   1.8955127e-04
  -3.6741978e-02   3.8220741e-01   5.2534571e-01  -4.7274084e-03   4.1564476e-04   8.3492828e-05
  -2.5461040e-02   3.4684264e-01   5.0481814e-01  -4.5194985e-03   1.2448530e-04   1.4058035e-04
  -3.4237984e-02   4.1963400e-01   5.1393581e-01  -5.4286936e-03   2.4825869e-04   6.3155294e-05
  -3.7279789e-02   3.5534021e-01   4.8629982e-01  -4.6319628e-03   1.9678831e-04   1.8042305e-04
  -4.7947626e-02   3.9889570e-01   5.0773571e-01  -5.6703096e-03   4.2858679e-04   1.5017168e-04
  -4.2646833e-02   3.6378363e-01   4.9560033e-01  -5.3672534e-03   3.6117207e-04   2.5262827e-04
  -2.6227732e-02   4.1395195e-01   4.9830271e-01  -5.8889997e-03   1.2181500e-05   1.7443847e-04
  -3.9269874e-02   4.1127475e-01   4.9731847e-01  -6.0828984e-03   2.8737207e-04  -5.0043547e-05
