   0.0000000e+00   0.0000000e+00   0.0000000e+00   0.0000000e+00   0.0000000e+00   0.0000000e+00
  -1.5784261e-03   2.3371354e-02   6.9994680e-02  -5.4425682e-04  -4.1220051e-04   3.6511439e-04
  -4.9898884e-03  -3.6583810e-02   2.3118327e-02   6.0203201e-04  -3.5797731e-04   3.6359941e-05
  -1.2048047e-04   5.9247074e-04   4.4390077e-02   2.2438194e-04  -6.0127785e-04   3.8242843e-04
  -1.5740246e-02  -7.3153798e-03   5.9774195e-02   5.7711800e-04  -4.0318609e-04   3.9957147e-04
   8.3212783e-03  -3.4590315e-02   3.2417619e-02   7.8900325e-04  -7.7749269e-04   1.9304021e-04
  -2.0503266e-02   3.5162659e-03   6.3426227e-02   5.6268852e-04  -3.5607158e-04   4.5322584e-04
  -2.7092988e-03  -2.4633114e-02   2.6800089e-02   5.3227016e-04  -6.4697788e-04   3.7443683e-04
  -6.7739582e-03  -2.2896771e-02   6.0782975e-02   6.6505355e-04  -4.0832870e-04   5.2664556e-04
   3.1523896e-03   1.0964947e-02   4.9695204e-02   2.0438648e-04  -5.5683480e-04   4.2991923e-04
   4.9791971e-03  -5.2916887e-02   3.1757167e-02   8.9729564e-04  -4.8574588e-04   4.3710898e-04
   1.3931508e-02  -1.4468051e-02   4.0181956e-02   3.0515684e-04  -6.2508641e-04   3.3023962e-04
  -2.6353064e-03  -4.6919806e-02   2.2014925e-02   9.1265896e-04  -3.5905168e-04   2.7023321e-04
   6.9615681e-03  -3.2165108e-02   3.0820450e-02   5.3845812e-04  -6.1212722e-04   2.6084497e-04
  -1.0276861e-02  -3.1721527e-03   3.3492199e-02   6.2544429e-04  -3.2950517e-04   3.8341025e-04
   6.4037107e-03  -3.3393393e-02  -4.3529956e-04   6.4482165e-04  -5.0808590e-04   1.0131256e-04
  -2.0662426e-02   1.8894890e-02   3.1572851e-02   2.6876997e-04  -2.9998382e-04   3.9919148e-04
  -1.7163871e-02  -2.1570686e-02   6.2512758e-03   4.0729909e-04  -2.8850800e-04   1.1650664e-04
  -1.5832801e-02  -1.3895844e-02   1.6246960e-02   7.3904281e-04  -3.8684287e-04   3.8103508e-05
  -1.1179581e-02   3.7819956e-02   2.5901274e-02  -3.6153812e-05  -4.7188129e-04   9.3806860e-05
  -1.8626558e-02  -4.7743639e-02   1.0856391e-02   1.0431011e-03   1.5023691e-04   3.0542023e-04
  -9.2327069e-03  -3.3005827e-01  -1.4498518e-01   6.2588143e-03   1.0366906e-04   1.7036686e-03
  -2.3453840e-02  -1.9944166e-01  -6.1764812e-02   3.7301886e-03   1.5524015e-04   1.1486768e-03
  -4.7056332e-02  -1.2248094e-01  -4.4328349e-02   2.0969344e-03   5.8628195e-04   5.9020200e-04
  -2.8594473e-02  -1.4696983e-01  -6.3471572e-02   2.4605748e-03   3.3471675e-04   6.6674663e-04
  -3.9245880e-02  -8.3469407e-02  -5.9390751e-02   1.7666177e-03   5.0196328e-04   6.9037906e-04
  -2.6671031e-02  -1.3896975e-01  -5.7154238e-02   2.4367281e-03   1.8830317e-04   7.1146234e-04
  -4.6579109e-02  -5.5990195e-02  -9.8600997e-03   1.5067272e-03   4.7986048e-04   8.8044859e-04
  -2.8785880e-02  -1.4944019e-01  -3.3256832e-02   1.9948971e-03   4.7073191e-04   8.3838908e-04
  -4.3114296e-02  -9.1253632e-02  -2.0918580e-02   1.5420721e-03   6.9573236e-04   9.6667957e-04
  -2.4540682e-02  -1.4758776e-01  -4.5452348e-02   1.9973259e-03   3.6585683e-04   8.7653223e-04
  -4.1434762e-02  -8.3617647e-02  -2.3536013e-02   1.2301103e-03   5.5347127e-04   8.0828650e-04
  -3.3465600e-02  -1.1939277e-01  -4.0834295e-02   1.2433142e-03   4.6491140e-04   5.9299699e-04
  -4.6552455e-02  -8.9033699e-02  -1.4315761e-02   1.0077305e-03   5.8935089e-04   5.8825930e-04
  -3.7121303e-02  -1.0828210e-01  -2.8307672e-02   1.1800050e-03   4.7300263e-04   5.0389186e-04
  -4.0979439e-02  -8.1731306e-02  -2.5378440e-02   1.0226507e-03   6.6861447e-04   6.4044362e-04
  -4.2575657e-02  -6.6028253e-02  -4.8439000e-02   7.5955599e-04   6.1323221e-04   6.6851819e-04
  -4.3301958e-02  -9.2189546e-02  -5.9431498e-02   9.2663990e-04   6.7183664e-04   6.6741573e-04
  -3.7485892e-02  -4.5625168e-02  -6.1365104e-02   4.2939473e-04   5.4484034e-04   6.3966037e-04
  -4.7392158e-02  -9.5615195e-02  -6.2557019e-02   9.7021600e-04   7.7682610e-04   6.2948751e-04
  -5.0677571e-02  -2.8292773e-02  -3.9347929e-02   2.9977952e-04   7.4395326e-04   5.8806196e-04
  -6.6932246e-02  -6.9625181e-02  -3.4579371e-02   4.7799235e-04   1.0590611e-03   6.3384529e-04
  -5.6826969e-02  -6.9210333e-02  -4.1721946e-02   3.9139825e-04   8.6003273e-04   5.9392992e-04
  -7.8215361e-02  -4.8511453e-02  -1.8172481e-04   6.1816281e-04   1.0680421e-03   7.1335152e-04
  -5.9606096e-02  -6.4674965e-02   6.5614141e-03   2.7882391e-04   9.3917352e-04   7.1687023e-04
  -7.0620608e-02  -1.1342461e-02   2.4641175e-02  -2.5685489e-04   1.2446804e-03   6.1041059e-04
  -5.7682350e-02  -3.7566809e-02  -1.8267677e-02  -3.1661396e-04   1.2298057e-03   4.9732669e-04
  -7.2124965e-02   1.9304185e-02   1.3179652e-03  -1.1069649e-03   1.4172444e-03   5.8430807e-04
  -6.9591495e-02  -3.1676521e-02  -2.2942935e-02  -5.9377626e-04   1.2600092e-03   6.2586246e-04
  -8.2454934e-02   2.2525650e-02   1.0846706e-02  -8.4174748e-04   1.3212450e-03   5.9631942e-04
  -8.3502444e-02  -9.4078037e-03   9.0541874e-04  -5.5387543e-04   1.2820939e-03   6.4179758e-04
  -8.7216466e-02  -1.2961979e-02   1.7411364e-02  -4.6418726e-04   1.5284305e-03   7.2036312e-04
  -8.7430451e-02   1.5936771e-02   4.2698921e-03  -8.5409906e-04   1.6237317e-03   6.8592050e-04
  -8.5541691e-02  -3.7333027e-02  -2.6409891e-02  -2.3681545e-04   1.6636096e-03   5.6019325e-04
  -8.6615725e-02   3.0054461e-02  -2.8039852e-03  -8.3215534e-04   1.5222156e-03   5.7523441e-04
  -9.7308264e-02  -2.2748241e-02  -3.8780393e-03  -2.6317425e-04   1.7016608e-03   4.3336476e-04
  -8.1629683e-02   4.3218045e-02   1.1117584e-02  -1.0454683e-03   1.2758021e-03   5.3516282e-04
  -9.1228512e-02  -1.7152176e-02   1.8136653e-02  -5.6493191e-04   1.7067315e-03   4.9989469e-04
  -7.5930196e-02   2.5170831e-02   1.0192866e-02  -1.2473284e-03   1.5891618e-03   6.3832852e-04
  -8.5619960e-02  -8.1694461e-04  -2.3999720e-03  -9.2927727e-04   1.8077106e-03   5.0773607e-04
  -7.4924254e-02   9.4206791e-03  -1.6589633e-02  -1.1990554e-03   1.7003141e-03   4.7466814e-04
  -9.5063604e-02   2.9277391e-02   1.8954452e-02  -1.2098349e-03   1.9316972e-03   4.4393345e-04
  -7.7011305e-02   6.2573952e-03  -1.9926005e-02  -1.1582638e-03   1.6085929e-03   3.9610377e-04
  -1.0329490e-01   4.9146871e-02   7.2161019e-03  -1.3319921e-03   1.9040250e-03   5.3642208e-04
  -9.1865702e-02   9.4456633e-03  -3.1783137e-02  -1.3966640e-03   1.7634182e-03   3.0604234e-04
  -1.0124324e-01   5.0690653e-02   7.9142572e-03  -1.3485994e-03   1.5813547e-03   6.0555312e-04
  -8.8973020e-02   4.1950617e-02  -2.2680797e-02  -1.4664805e-03   1.9190141e-03   5.2831118e-04
  -8.3040463e-02   5.4596579e-02  -3.7214020e-02  -1.4507071e-03   2.0149435e-03   6.9349645e-04
  -8.0116497e-02   3.6543058e-02  -2.8378216e-02  -1.6390099e-03   1.9954926e-03   6.2414463e-04
  -7.6841473e-02   9.4469620e-03  -3.7399435e-02  -1.2109644e-03   1.9562871e-03   6.4887523e-04
  -8.7275803e-02   3.9056399e-02  -7.2145149e-03  -1.4860625e-03   1.9351307e-03   5.6674062e-04
  -8.5231575e-02  -1.3044848e-02  -1.7530383e-02  -6.8136114e-04   1.8533416e-03   6.1517740e-04
  -9.6943370e-02   6.6801060e-02   4.5800117e-03  -1.5651590e-03   1.8535743e-03   6.8167072e-04
  -8.2861065e-02  -3.4281665e-03  -3.4803624e-02  -9.6461605e-04   1.7632839e-03   5.1065366e-04
  -9.1389366e-02   4.2904998e-02  -1.7811126e-02  -1.5594914e-03   1.8653050e-03   6.1198509e-04
  -1.1957761e-01  -1.7139882e-02  -1.5339223e-01  -6.3262948e-04   2.0285644e-03   7.1774349e-04
  -1.1363680e-01  -4.7033225e-02  -1.6258036e-01  -2.0116055e-04   1.9188866e-03   6.5839374e-04
  -1.1472120e-01  -1.5257290e-02  -8.8394791e-02  -4.6918677e-05   1.8733286e-03   5.8368693e-04
  -8.9138138e-02  -4.4532132e-02  -1.2134153e-01   2.1745697e-04   1.6732917e-03   4.4117282e-04
  -1.0372384e-01   1.0039059e-02  -6.1486933e-02  -5.4543675e-04   1.6434244e-03   3.8779992e-04
  -9.6012387e-02   1.4537156e-02  -2.1883548e-02  -1.3020766e-03   1.7390831e-03   5.3206526e-04
  -8.9032956e-02   5.3191585e-02  -1.7257949e-02  -1.6741352e-03   1.7290295e-03   6.1769432e-04
  -8.7700800e-02   2.0158395e-02  -5.1692682e-02  -1.2542518e-03   1.8769028e-03   6.5671272e-04
  -9.0596202e-02   6.3689155e-02  -2.9740138e-02  -1.4384820e-03   1.7221578e-03   4.7710786e-04
  -1.0508268e-01   7.0398192e-02  -5.5785603e-02  -1.0153626e-03   2.0759849e-03   5.0212604e-04
  -8.1749840e-02   4.5640195e-02  -6.8340738e-03  -9.6693440e-04   2.0568098e-03   3.5643388e-04
  -9.9705837e-02   1.0757961e-01   2.5371933e-02  -1.6324457e-03   2.2467637e-03   4.3531564e-04
  -8.3325010e-02   4.7296259e-02  -2.2713137e-02  -1.1957547e-03   2.0895850e-03   3.7713646e-04
  -9.4989566e-02   1.1184580e-01   6.8224772e-03  -1.7168190e-03   2.3122015e-03   5.6940295e-04
  -8.4482506e-02   1.0714901e-01  -3.8480724e-02  -1.8285976e-03   2.2222677e-03   4.3361219e-04
  -8.8293932e-02   1.1375312e-01  -4.1535464e-02  -1.7076223e-03   2.2606710e-03   5.5706285e-04
  -1.1554298e-01   1.3913233e-01  -1.9602394e-02  -1.9249927e-03   2.6902949e-03   5.1948343e-04
  -1.1539341e-01   1.1024186e-01  -2.1233557e-03  -1.7770233e-03   2.5234919e-03   5.5337912e-04
  -1.1230905e-01   1.4317689e-01  -9.6467937e-03  -2.4050366e-03   2.5698442e-03   4.2707503e-04
  -9.9677953e-02   6.1806780e-02  -4.9605189e-02  -1.6564026e-03   2.5177134e-03   6.0499082e-04
  -9.5004441e-02   1.0779633e-01  -8.6981030e-02  -2.0949886e-03   2.3660734e-03   7.0439875e-04
  -1.0092241e-01   6.0667321e-02  -9.4736699e-02  -1.7108033e-03   2.7106904e-03   6.1481882e-04
  -8.7434857e-02   9.6582707e-02  -9.6336748e-02  -2.5082403e-03   2.4765325e-03   7.1650082e-04
  -1.0594950e-01   8.4943951e-02  -7.3334733e-02  -2.3025260e-03   2.7023273e-03   8.2298333e-04
  -8.8965693e-02   6.8595560e-02  -9.8444114e-02  -2.3169632e-03   2.5108470e-03   8.0962855e-04
  -1.0196402e-01   1.0263436e-01  -8.3931032e-02  -2.4128082e-03   2.6053493e-03   9.9009651e-04
  -9.4703727e-02   8.5086961e-02  -8.8298531e-02  -2.3700708e-03   2.5341369e-03   9.2315769e-04
  -9.7382121e-02   9.9518880e-02  -4.3662421e-02  -2.4750292e-03   2.6578462e-03   9.1455495e-04
  -9.1801362e-02   1.0210551e-01  -8.0751132e-02  -2.7098922e-03   2.6953635e-03   8.5496328e-04
  -9.3322024e-02   8.2992083e-02  -8.1424336e-02  -2.3604770e-03   2.7703073e-03   9.4107753e-04
  -9.9859340e-02   1.3036817e-01  -6.8172501e-02  -3.2151317e-03   2.6356382e-03   9.5507503e-04
  -1.0357429e-01   5.0566664e-02  -7.3645281e-02  -2.2455373e-03   2.7281808e-03   9.0239250e-04
  -9.7475083e-02   1.3016304e-01  -7.0240740e-02  -3.0777475e-03   2.4481512e-03   9.5232040e-04
  -1.1033541e-01   5.7320462e-02  -8.8804219e-02  -2.1306087e-03   2.7892472e-03   9.2337784e-04
  -1.0225683e-01   1.0384858e-01  -6.5090742e-02  -2.8460443e-03   2.5098010e-03   1.0906798e-03
  -1.0840721e-01   6.0407979e-02  -8.0246833e-02  -2.1622403e-03   2.7334036e-03   9.4819532e-04
  -9.5920621e-02   1.1396563e-01  -7.8915901e-02  -2.9359942e-03   2.4340164e-03   1.0025838e-03
  -1.0716905e-01   8.8585807e-02  -7.5478922e-02  -2.4627689e-03   2.5397601e-03   1.0166946e-03
  -9.3749691e-02   8.6417302e-02  -9.2330554e-02  -2.3917331e-03   2.2374456e-03   1.0803465e-03
  -1.0855964e-01   1.2524393e-01  -3.9758182e-02  -2.8203037e-03   2.5362294e-03   1.0118977e-03
  -9.5074925e-02   7.0345818e-02  -7.0814121e-02  -2.5464931e-03   2.5601211e-03   8.8226524e-04
  -9.1101332e-02   1.1355725e-01  -5.1082229e-02  -2.8223558e-03   2.4047855e-03   9.8043157e-04
  -1.0606602e-01   8.8690822e-02  -7.1059010e-02  -2.6787944e-03   2.7132711e-03   1.0352304e-03
  -1.0610122e-01   9.1710554e-02  -5.1281674e-02  -2.5509784e-03   2.4463909e-03   1.0878720e-03
  -1.0783824e-01   1.1320190e-01  -4.8957052e-02  -2.6366932e-03   2.4987038e-03   9.6763982e-04
  -9.4516942e-02   7.1363487e-02  -6.3625850e-02  -2.0313771e-03   2.2335649e-03   1.0231261e-03
  -1.0960237e-01   1.4245693e-01  -4.9673797e-02  -2.9944859e-03   2.5172339e-03   1.0300882e-03
  -8.2004898e-02   8.6455963e-02  -7.3394822e-02  -2.5528104e-03   2.1951028e-03   1.0457120e-03
  -9.2603905e-02   8.8969349e-02  -6.1117064e-02  -2.4421463e-03   2.4136524e-03   8.1522907e-04
  -8.9137273e-02   1.0390235e-01  -7.9511047e-02  -2.4800433e-03   2.1213803e-03   8.1243301e-04
  -9.5644205e-02   3.7823960e-02  -1.8994834e-01  -1.2123644e-03   2.4115707e-03   6.2700649e-04
  -7.6350165e-02   3.4486268e-02  -1.9137121e-01  -1.2656508e-03   2.2381856e-03   7.0885423e-04
  -8.7574616e-02   8.3128120e-02  -1.3155426e-01  -1.6487894e-03   2.3877240e-03   7.2069791e-04
  -7.5513703e-02   3.5188346e-02  -1.6003606e-01  -1.6040785e-03   2.2452659e-03   7.2386871e-04
  -8.4838713e-02   6.1236839e-02  -1.0986049e-01  -1.7084469e-03   2.3579985e-03   9.1300542e-04
  -7.4288901e-02   3.9794898e-02  -1.3650636e-01  -1.0722620e-03   2.1901731e-03   8.6379002e-04
  -6.1329279e-02   2.1866588e-02  -1.2454755e-01  -5.2845978e-04   1.8410262e-03   7.2582528e-04
  -4.1457926e-02   3.9976637e-02  -1.4958752e-01  -6.3273228e-04   1.4062518e-03   5.7283634e-04
  -5.4248308e-02   3.7429096e-02  -1.0007470e-01  -9.9551234e-04   1.4644761e-03   7.1212026e-04
  -4.0397837e-02   7.1862245e-02  -1.3214210e-01  -1.7063968e-03   1.1627387e-03   5.2680853e-04
  -4.5073980e-02   3.5700542e-02  -9.9113566e-02  -1.1430049e-03   1.3798389e-03   5.8389799e-04
  -5.3150024e-02   1.2037262e-01  -6.3227673e-03  -1.9532665e-03   1.3947862e-03   4.3349316e-04
  -4.9213457e-02   3.2937380e-02  -2.6623886e-02  -8.8832022e-04   1.3742963e-03   4.3924928e-04
  -4.8300506e-02   9.9998214e-02   9.2524891e-03  -1.6688667e-03   1.2129775e-03   4.1909405e-04
  -6.9020786e-02   6.2693241e-02  -1.0318165e-02  -1.1975002e-03   1.4978247e-03   7.4922938e-05
  -4.3217892e-02   8.2046024e-02  -3.2510543e-02  -1.2827467e-03   8.8824024e-04   5.4785521e-04
  -4.6914069e-02   5.4574902e-02  -7.0394896e-02  -5.9530919e-04   1.1674471e-03   6.8267949e-04
  -4.1380352e-02   2.8965153e-02  -1.0482665e-01  -8.3078008e-04   1.2711594e-03   6.6445506e-04
  -5.3124905e-02   8.7042558e-02  -4.6287482e-02  -1.1423691e-03   1.3444741e-03   5.3970922e-04
  -5.9727527e-02   5.1062632e-02  -6.0891812e-02  -8.3710834e-04   1.6353388e-03   6.2434238e-04
  -4.0552229e-02   5.5739902e-02  -4.6755569e-02  -9.0836426e-04   1.2770908e-03   7.2153722e-04
  -4.9129273e-02   5.7307110e-02  -3.0760149e-02  -5.7418218e-04   1.4442437e-03   6.5861325e-04
  -3.2345271e-02   2.5586170e-02  -6.3918497e-02  -6.2791234e-04   1.1302005e-03   6.4918913e-04
  -4.5793358e-02   8.8194514e-02  -3.8699749e-02  -1.2792316e-03   1.3484523e-03   5.3858708e-04
  -4.3060024e-02   2.3855880e-02  -7.7068303e-02  -7.1751617e-04   1.2618464e-03   5.5592675e-04
  -6.2620370e-02   6.3865243e-02  -1.6150643e-02  -9.2908509e-04   1.4086067e-03   5.7845813e-04
  -6.1123255e-02   1.3503187e-02  -4.8993790e-02  -4.8992740e-04   1.5943457e-03   3.8209668e-04
  -6.7100652e-02   1.8278500e-02  -1.5345684e-01  -3.2707820e-04   1.6977282e-03   7.4126148e-04
  -5.5455614e-02  -6.8603881e-02  -3.9121205e-01   9.0298355e-04   1.9134266e-03   3.8241825e-04
  -3.9845499e-02  -2.5703500e-02  -1.9876204e-01   5.9337623e-04   1.5481792e-03   3.1931385e-04
  -4.7511317e-02   1.9056604e-02  -1.5373615e-01  -9.3896482e-05   1.6097846e-03   3.6503662e-04
  -4.7918267e-02  -3.9079961e-02  -1.4884840e-01   4.6855343e-04   1.6649916e-03   3.8440684e-04
  -4.9711687e-02   1.4523009e-02  -1.0937608e-01  -6.5536448e-05   1.6173340e-03   4.6400896e-04
  -5.0016333e-02  -3.0556748e-02  -1.3258435e-01   6.7206233e-04   1.6951683e-03   3.7685650e-04
  -4.1545770e-02   1.4057708e-02  -1.1419752e-01  -8.9209085e-05   1.4578734e-03   3.9008781e-04
  -5.8312088e-02  -7.0721534e-03  -1.0387539e-01   3.2750929e-04   1.7653846e-03   5.6099689e-04
  -4.9766185e-02  -2.0427424e-02  -1.1520347e-01   3.3946149e-04   1.7241992e-03   7.1016880e-04
  -4.7697194e-02  -4.3056387e-03  -7.2963755e-02   5.0292109e-04   1.6295358e-03   5.6970811e-04
  -4.7895657e-02  -3.7726602e-02  -1.2063246e-01   6.5362794e-04   1.7879296e-03   7.1146123e-04
  -5.3130004e-02  -6.7457733e-03  -7.8843739e-02   4.9590900e-04   1.7061765e-03   6.4594334e-04
  -4.9418221e-02  -6.2575372e-02  -1.2683047e-01   6.7076146e-04   1.8136520e-03   6.4430494e-04
  -5.7605905e-02  -1.2446711e-03  -7.9850788e-02   1.7739867e-04   1.7437809e-03   7.3987941e-04
  -5.7295608e-02  -5.4849996e-02  -8.6271830e-02   1.0355407e-03   1.7314238e-03   8.0227132e-04
  -3.3765512e-02  -5.4440214e-02  -9.3218257e-02   1.0544643e-03   1.3125901e-03   7.1448896e-04
  -3.0658127e-02  -9.7576273e-02  -1.1991855e-01   1.9357711e-03   1.2538430e-03   5.2049033e-04
  -3.2889168e-02  -4.5149122e-02  -7.7098315e-02   5.0159173e-04   1.3374676e-03   4.9542020e-04
   2.2047800e-02  -1.1046973e-01   1.5024859e-01   2.8668014e-03  -2.4026722e-04   8.1770632e-04
   4.7741564e-02  -1.2197059e-01   1.1444170e-02   2.2933539e-03   1.5780567e-04   1.0524640e-03
   3.3449831e-02  -7.0569507e-02  -1.5704670e-02   1.8307407e-03   2.6347467e-04   4.3900374e-04
   3.9123275e-02  -7.2163314e-02  -2.9377798e-02   2.0277593e-03  -1.4712320e-04   2.3841041e-04
   1.7253611e-02  -8.6150513e-03   2.7967719e-02   1.3630207e-03  -1.5504051e-04   6.7855974e-06
   2.9644264e-02  -4.4933018e-02   5.4845320e-03   1.5079010e-03  -3.6848609e-04  -3.1075180e-04
   1.8687855e-02   2.5686606e-02   6.5982878e-02   1.0340496e-03  -2.1372475e-04  -1.1544230e-04
   2.3778969e-02  -1.5420870e-02   1.9006246e-02   1.0345397e-03  -1.6085150e-04  -3.4223433e-04
   7.7923111e-03   4.1652766e-02   5.0618420e-02   6.7293150e-04  -8.8982596e-05  -3.9356552e-05
   2.0955025e-02   2.2484040e-02   1.9177569e-02   6.7647160e-04  -2.2343321e-04  -2.4225306e-04
   1.4991255e-02   1.5905890e-02   4.1432194e-02   9.9107323e-04  -2.5232506e-04  -2.9906354e-04
   5.6432291e-03   3.8235504e-02   4.1758867e-02   6.9841595e-04  -6.1219510e-05  -2.3063863e-04
   1.7183225e-02   6.0629890e-03   2.6728395e-02   1.1189628e-03  -2.1837023e-04  -2.1803622e-04
   1.3260299e-02   6.0442696e-02   2.3002474e-02   3.6259879e-04  -1.3499925e-04  -2.5822183e-04
   2.7138031e-02   1.3700968e-02  -2.8433538e-04   9.4083407e-04  -2.5294776e-04  -3.0385554e-04
   1.0734997e-02   6.5277401e-02   3.7821751e-02   3.8173598e-04  -2.9627101e-05  -2.5278144e-04
   1.4763667e-02   5.3386696e-03   1.8198881e-02   7.4898190e-04  -5.4924291e-05  -3.5453371e-04
