   0.0000000e+00   0.0000000e+00   0.0000000e+00   0.0000000e+00  -3.4694470e-18   3.4694470e-18
  -8.2520848e-03  -1.6310230e-03   3.7864242e-02   2.4295342e-05   1.5885094e-04  -5.3801013e-05
  -5.7683975e-03   6.5659828e-02   2.7389864e-02  -7.0528234e-04   2.3371323e-05  -9.7675190e-05
   5.8490976e-03   7.6055470e-02  -3.2841242e-02  -4.3182933e-04  -2.0366270e-04  -5.5096025e-04
   6.9267796e-03   1.2872244e-01  -5.1356223e-02  -1.3144178e-03  -4.7390090e-05  -5.8138287e-04
  -1.8156790e-02   1.9157290e-01   3.5442286e-02  -2.8105620e-03   5.9743175e-04  -2.6681508e-04
  -1.2014952e-02   1.3139800e-01   1.6826460e-02  -2.6947683e-03   5.5742991e-04  -2.4732322e-04
  -2.1274411e-02   1.9251243e-01   1.4673111e-01  -3.0138747e-03   8.2456183e-04  -1.6179227e-04
  -3.0659662e-02   1.4256424e-01   9.5100350e-02  -2.5720951e-03   8.3189994e-04  -2.4182768e-04
  -3.0319338e-02   1.9520070e-01   1.7421079e-01  -3.3686217e-03   7.5274311e-04  -3.2381967e-04
  -4.2053689e-02   1.6211408e-01   1.8737493e-01  -2.2970336e-03   7.3803273e-04  -1.1232753e-04
  -3.8570394e-02   1.5617956e-01   1.4186541e-01  -3.0228758e-03   6.2364587e-04  -1.6404411e-05
  -4.2870350e-02   1.7486796e-01   2.0210864e-01  -3.3610099e-03   8.7109688e-04  -1.3710005e-04
  -3.5668447e-02   1.6517713e-01   1.6640334e-01  -3.0893082e-03   8.0334121e-04  -2.0005686e-04
  -4.2924939e-02   5.5952450e-02   8.2228620e-02  -1.1425128e-03   7.3359698e-04  -6.8401534e-06
  -3.7750396e-02  -4.7806186e-01  -2.2116869e-01   7.9114038e-03   7.2907729e-04   1.5468968e-03
  -4.5498279e-02  -3.4130924e-01  -1.1047570e-01   7.6865618e-03   7.3766425e-04   5.3389577e-04
  -3.2403533e-02  -2.6861082e-01  -7.9581908e-02   6.3048713e-03   6.2480809e-04   4.4429938e-04
  -4.4887716e-02  -1.9140254e-01   1.6096811e-02   4.7487590e-03   6.5994741e-04   3.5690900e-04
  -5.4095786e-02  -1.9381582e-01   2.2026216e-02   4.2079336e-03   6.5795821e-04   2.8304561e-04
  -4.4969263e-02  -1.3420944e-01   6.3509867e-02   3.5334869e-03   7.6086033e-04   4.9987069e-04
  -4.6869444e-02  -7.8137024e-02   4.8836296e-02   2.4020356e-03   7.9518634e-04   1.7357417e-04
  -4.6285984e-02  -3.3985553e-02   1.1028370e-01   6.4618801e-04   8.7822670e-04   3.1163733e-05
  -5.6578178e-02   4.2826962e-02   7.7114861e-02  -1.8864551e-04   9.8284825e-04  -2.9958518e-04
  -6.7794803e-02   6.7819801e-02   1.0123892e-01  -8.8412217e-04   1.1677718e-03  -3.0606363e-04
  -7.5375729e-02   1.4294747e-01   9.5819005e-02  -2.6659221e-03   1.4689001e-03  -6.2490158e-04
  -7.1266940e-02   1.4958687e-01   9.2515529e-02  -3.0316137e-03   1.5212492e-03  -5.8995550e-04
  -7.4007277e-02   1.9173898e-01   8.6891150e-02  -3.7109245e-03   1.5092294e-03  -6.2007454e-04
  -7.0161508e-02   1.9344834e-01   8.5847730e-02  -3.8696154e-03   1.4300957e-03  -6.5639420e-04
  -6.6318646e-02   2.0540907e-01   1.0251447e-01  -3.8654989e-03   1.3772019e-03  -6.1742308e-04
  -6.3292869e-02   2.2235241e-01   6.3585119e-02  -4.3949750e-03   1.2858295e-03  -8.3368126e-04
  -6.5387210e-02   2.4693533e-01   7.9605319e-02  -4.4786271e-03   1.3733281e-03  -7.2024748e-04
  -5.6490948e-02   2.4388532e-01   5.1290205e-02  -4.9021396e-03   1.1795619e-03  -7.7051256e-04
  -5.4482086e-02   2.2925411e-01   4.7731018e-02  -3.9735731e-03   1.0626660e-03  -7.7003191e-04
  -2.5619485e-02   2.6445688e-01  -2.0590922e-02  -4.0137804e-03   5.5397984e-04  -9.6958410e-04
  -2.1939970e-02   2.4343871e-01  -2.8667141e-02  -3.6809983e-03   6.3781154e-04  -1.0007509e-03
  -6.7047890e-04   2.6162857e-01  -7.6558484e-02  -4.2192728e-03   2.4776383e-04  -2.4768022e-04
  -4.0150367e-02   3.4199318e-01   2.9802256e-03  -6.1472175e-03   1.2212392e-03  -7.6125397e-04
  -4.4645137e-02   2.7963056e-01   2.4852475e-02  -5.9931734e-03   1.2772929e-03  -7.1023999e-04
  -4.5354612e-02   3.3944087e-01   6.2298102e-02  -6.7740290e-03   1.3384218e-03  -7.6811439e-04
  -5.1967108e-02   3.0275452e-01  -7.0507604e-03  -5.8450207e-03   1.3521813e-03  -8.1730848e-04
  -6.6279942e-02   3.4933662e-01   6.6989012e-02  -6.4973214e-03   1.5147433e-03  -7.8060586e-04
  -7.7051651e-02   3.3238626e-01   6.2241692e-02  -5.9844451e-03   1.5822029e-03  -8.9852579e-04
  -6.2242233e-02   3.1103140e-01   2.0763171e-02  -6.0419484e-03   1.1926580e-03  -1.0392746e-03
  -7.2619059e-02   3.4065723e-01   1.0821836e-01  -6.5007603e-03   1.6430902e-03  -1.0259027e-03
  -5.7202427e-02   2.9451622e-01   3.8819896e-02  -5.9026381e-03   1.2941581e-03  -1.0461495e-03
  -6.3082692e-02   3.0047444e-01   7.6420288e-02  -6.0842507e-03   1.3650072e-03  -1.0522987e-03
  -6.8219877e-02   3.1964397e-01   9.6041545e-02  -6.0052841e-03   1.3213756e-03  -1.1422393e-03
  -6.3909952e-02   3.2028630e-01   7.7942040e-02  -6.4504256e-03   1.2939825e-03  -1.0756474e-03
  -6.4995797e-02   3.2428505e-01   1.3715875e-01  -6.4874967e-03   1.3127368e-03  -1.2145421e-03
  -6.5180192e-02   3.1155196e-01   6.3437607e-02  -6.4531389e-03   1.2255345e-03  -1.2127314e-03
  -5.8853687e-02   3.1205797e-01   9.9971926e-02  -6.1574049e-03   1.1908783e-03  -9.9385119e-04
  -5.7140277e-02   3.1264052e-01   8.5531811e-02  -6.2225996e-03   1.0943700e-03  -9.8284082e-04
  -5.6554737e-02   3.0405470e-01   1.1842390e-01  -5.1815570e-03   1.1818389e-03  -1.3349918e-03
  -4.6651766e-02   3.4810141e-01   8.1406787e-02  -7.0116830e-03   1.0940180e-03  -8.2785825e-04
  -4.6389175e-02   2.8280117e-01   1.2403308e-01  -5.5552313e-03   1.1282925e-03  -1.1505883e-03
  -4.2807009e-02   3.3166432e-01   8.5429041e-02  -6.7671874e-03   1.0273529e-03  -6.7460331e-04
  -5.2211469e-02   3.4788125e-01   1.4455896e-01  -6.9237060e-03   1.3888798e-03  -1.0278705e-03
  -5.0243191e-03   3.0058828e-01   3.0590523e-02  -5.8098149e-03   5.3632159e-04  -8.5950608e-04
  -1.6336538e-02   3.3662611e-01   6.2456246e-02  -5.6446107e-03   8.3559924e-04  -1.1957035e-03
  -2.1836633e-02   3.4562022e-01   8.8819177e-02  -5.6816025e-03   7.4211989e-04  -8.6720998e-04
  -1.5539259e-03   3.7952283e-01  -2.5902499e-02  -6.1433634e-03   4.6433015e-04  -8.0253771e-04
   2.0903112e-03   3.6715388e-01   3.1415374e-02  -5.8676972e-03   5.6545240e-04  -4.9462950e-04
   1.1539733e-02   3.7596381e-01  -4.8030704e-02  -6.1581674e-03   2.2777575e-04  -1.8084314e-04
  -1.7786707e-03   4.1273802e-01  -2.1870705e-03  -6.1543418e-03   6.5669709e-04  -8.6909865e-04
   3.2681879e-03   3.7762432e-01  -8.0901961e-02  -6.1864647e-03   3.7247111e-04  -6.0937879e-04
   3.8592160e-03   4.0916095e-01  -2.5110939e-02  -6.7170751e-03   2.6205110e-04  -4.9521366e-04
   6.1907123e-03   4.1895772e-01  -8.6548771e-02  -6.6419022e-03   3.6542033e-04  -6.2739036e-04
   7.9259532e-03   4.4149043e-01  -1.5532517e-02  -6.8455994e-03   5.3410431e-04  -1.1320692e-03
  -3.7357418e-03   4.1660668e-01  -4.4308514e-02  -6.7771468e-03   5.8920532e-04  -9.6893069e-04
  -1.3134804e-02   4.5600464e-01  -8.5460361e-02  -7.7746760e-03   6.4401357e-04  -1.0349094e-03
  -3.8628125e-02   4.9363918e-01   9.8234106e-03  -9.0421552e-03   1.2724135e-03  -5.7751043e-04
  -3.3057679e-02   4.5156383e-01  -2.3716845e-02  -8.3240927e-03   9.9144096e-04  -6.9554273e-04
  -2.6100473e-02   4.4177153e-01  -4.5657742e-02  -7.7223808e-03   6.3117649e-04  -6.0102036e-04
  -3.1783670e-02   4.5393849e-01   1.3103829e-02  -7.4762136e-03   7.0598688e-04  -7.8352212e-04
  -1.9165053e-02   4.0370733e-01  -6.6419387e-02  -6.9964600e-03   5.2761291e-04  -9.6811726e-04
  -4.3485374e-02   4.2886877e-01   3.1860240e-02  -7.1886734e-03   8.2148935e-04  -8.5446286e-04
  -4.5395869e-02   4.2081404e-01  -1.1071412e-02  -7.6814588e-03   7.3624940e-04  -1.0454336e-03
  -5.0790086e-02   4.4206622e-01   5.5472023e-02  -7.6036815e-03   7.6290186e-04  -9.0532246e-04
  -5.2320833e-02   4.2841388e-01   3.4602415e-02  -7.6383107e-03   7.6314629e-04  -9.8467856e-04
  -4.2174889e-02   4.1418243e-01   4.7151111e-02  -7.7186423e-03   6.6104652e-04  -9.4072422e-04
  -4.2348690e-02   4.2376417e-01   7.3548236e-02  -7.4175945e-03   6.4595771e-04  -1.0667355e-03
  -3.6700206e-02   3.7803677e-01   2.4971413e-02  -7.7431190e-03   5.7042735e-04  -8.8785260e-04
  -3.6757123e-02   3.7595658e-01   4.4697944e-02  -6.6436247e-03   5.1144391e-04  -1.0103486e-03
  -3.5458332e-02   4.0427144e-01   8.2513727e-02  -7.3225514e-03   7.3309075e-04  -8.0905374e-04
  -2.2987644e-02   3.5262678e-01   2.7801553e-02  -6.3718082e-03   6.6132073e-04  -1.1610479e-03
  -7.7459702e-03   3.7889577e-01   5.5401378e-02  -6.7380765e-03   2.6187886e-04  -8.2145665e-04
  -3.2195090e-03   3.8649302e-01  -4.4053020e-02  -6.7411423e-03   7.5714609e-05  -1.3290430e-03
  -7.8221939e-03   3.9190757e-01  -3.8361660e-02  -7.1818680e-03   6.7600910e-05  -9.3111794e-04
  -1.4774586e-03   4.1313994e-01  -4.9196479e-03  -7.3500095e-03   1.9891772e-04  -9.8958351e-04
   7.3135594e-03   4.0038854e-01  -5.9546704e-02  -7.1781178e-03   1.2349239e-04  -5.5534972e-04
   1.0294260e-02   4.2104697e-01  -5.4358243e-02  -7.4802707e-03   5.6893184e-05  -3.3530867e-04
   1.9830277e-02   4.1182707e-01  -8.3608217e-02  -7.0397937e-03  -9.2191204e-05   1.3483859e-05
   1.2600227e-02   4.9702624e-01  -6.1219581e-02  -8.8643180e-03   3.1012644e-04  -6.0022962e-04
   1.4787677e-02   4.6048573e-01  -2.6402723e-02  -7.3575011e-03   2.0618913e-04  -5.4255292e-04
   1.3829216e-02   4.3310945e-01  -7.1982789e-02  -6.7868550e-03  -6.7628463e-05  -1.7161381e-04
   5.1804370e-03   4.6211746e-01  -6.0689311e-02  -6.8754993e-03   1.5563486e-04  -9.3928432e-04
   4.4132958e-03   4.6635677e-01  -1.0340891e-01  -6.4578223e-03   2.1324344e-04  -9.8621925e-04
   9.4003727e-03   4.5968946e-01  -5.0903022e-02  -6.7080901e-03   2.6274668e-04  -1.4448583e-03
   1.8090253e-02   4.3057293e-01  -9.7746998e-02  -6.5596872e-03  -7.0758701e-05  -2.6610629e-04
   1.0724735e-02   5.0308625e-01  -9.0826201e-03  -7.4348514e-03   1.2034336e-04  -8.6290795e-05
   4.4914811e-03   4.4025760e-01  -9.9887582e-02  -7.2465228e-03   2.2761890e-04  -5.1107532e-04
  -1.3757061e-03   4.9674625e-01   1.9981571e-02  -7.5939131e-03   5.2908262e-04  -8.2427069e-04
   4.1492654e-03   4.6003066e-01  -8.5137097e-02  -7.3784420e-03   2.7411528e-04  -6.8324751e-04
  -2.0008179e-03   4.6263112e-01  -4.7037726e-02  -6.9033215e-03   5.1294411e-04  -1.2335897e-03
  -6.6618518e-04   4.6586930e-01  -2.1788364e-02  -7.4072657e-03   3.4950859e-04  -8.3789827e-04
   5.9918026e-03   4.5727170e-01  -8.9078541e-02  -6.8908167e-03   2.0259703e-04  -2.8413325e-04
   1.8791757e-02   4.8466025e-01   1.9821913e-02  -7.4210461e-03   8.8517294e-05  -4.0615620e-04
   8.4552126e-03   4.4127613e-01  -1.1618816e-01  -6.9161376e-03   2.2700073e-04  -5.1557916e-04
  -1.8101560e-03   5.1718563e-01   4.7777549e-02  -8.1375450e-03   5.8059341e-04  -5.6874943e-04
  -1.4206686e-02   4.9282361e-01  -8.1237670e-02  -7.9891898e-03   6.2155587e-04  -8.5500561e-04
  -3.9299182e-02   5.6542659e-01  -3.7719088e-03  -9.0661688e-03   1.0252339e-03  -7.5514155e-04
  -3.4241021e-02   5.2193746e-01  -7.9752540e-02  -8.2526089e-03   7.6643450e-04  -1.0607056e-03
  -2.2857158e-02   5.0732271e-01  -9.9083967e-02  -7.9124098e-03   3.8994128e-04  -1.1689242e-03
  -4.3970577e-02   5.5180627e-01  -1.2618333e-02  -8.2963827e-03   5.7691306e-04  -1.1140170e-03
  -4.2103951e-02   4.8709614e-01  -6.5294309e-02  -8.1039387e-03   6.8936078e-04  -1.3491620e-03
  -2.3771973e-02   4.7485276e-01  -4.4002081e-02  -7.4899171e-03   2.9023408e-04  -1.3492654e-03
  -3.8380522e-02   5.4418304e-01  -7.6036444e-03  -8.9362481e-03   6.3343858e-04  -1.3506605e-03
  -2.8494606e-02   4.4812588e-01  -5.3458682e-02  -8.1483676e-03   5.3067232e-04  -1.3374930e-03
  -3.2026789e-02   5.1730771e-01  -7.2664329e-03  -8.8191503e-03   5.6792217e-04  -1.3434204e-03
  -3.5462682e-02   4.9706745e-01  -2.7774199e-03  -8.2981044e-03   5.1677932e-04  -1.5397622e-03
  -2.4421759e-02   4.6805427e-01  -4.7062315e-02  -8.4323279e-03   3.3681686e-04  -1.4239395e-03
  -3.4089482e-02   5.2536348e-01   2.4782750e-02  -8.8792713e-03   6.3663482e-04  -1.4462368e-03
  -1.7097417e-02   4.8400460e-01  -5.0820045e-02  -8.7977092e-03   4.9935467e-04  -1.4352820e-03
  -1.9941582e-02   4.9975794e-01  -9.1804591e-03  -9.0234537e-03   4.9980329e-04  -1.4925073e-03
  -2.4322100e-02   4.9924993e-01  -4.3352434e-02  -8.8050988e-03   4.6062537e-04  -1.3580169e-03
  -8.4424798e-03   4.9107785e-01  -2.9563202e-02  -8.2014017e-03   5.0878684e-05  -1.3430384e-03
  -8.7836334e-03   4.5585278e-01  -7.5807409e-02  -7.1140787e-03   1.0597316e-04  -1.5568469e-03
  -3.2468606e-02   5.3067680e-01  -1.3532166e-02  -9.3062354e-03   6.7884675e-04  -1.2699507e-03
  -1.8195263e-03   4.5945108e-01  -9.8793325e-02  -8.7476317e-03   1.8553749e-04  -1.2833380e-03
  -2.7280801e-02   5.2222186e-01  -9.0096620e-02  -8.9377550e-03   6.4269749e-04  -1.1233508e-03
   1.3000642e-04   4.8009549e-01  -7.6743436e-02  -8.1657399e-03   9.3979256e-05  -1.1073068e-03
  -1.8140040e-03   4.9943647e-01  -2.8117284e-02  -7.4633445e-03   1.0649040e-04  -1.5601959e-03
  -7.5633903e-03   5.0322566e-01  -7.0385976e-02  -8.2469612e-03   2.0855184e-04  -1.3348973e-03
  -1.6514698e-03   5.2595048e-01  -4.6413594e-02  -8.5499383e-03   1.2272793e-04  -1.4130154e-03
   5.7112945e-04   4.4743415e-01  -9.7101383e-02  -7.1865689e-03   2.4742237e-05  -1.3128436e-03
  -7.8510397e-03   5.1020937e-01  -1.1606400e-01  -7.4158315e-03   2.2012476e-04  -1.5009318e-03
  -2.6154346e-03   5.0949111e-01  -1.1418353e-01  -7.7095180e-03   1.7636404e-04  -1.4744597e-03
  -2.0002801e-03   4.9959180e-01  -1.3338229e-01  -7.5297461e-03   2.3010868e-04  -1.3171042e-03
   7.3610333e-04   5.3282059e-01  -1.3942477e-01  -7.9511551e-03   2.4578373e-04  -1.3055116e-03
  -2.1496795e-02   5.5033222e-01  -8.7387605e-02  -9.1941486e-03   6.0183929e-04  -8.6297544e-04
  -6.4756725e-03   5.5037386e-01  -7.1186377e-02  -8.8864014e-03   3.3657984e-04  -9.0835955e-04
  -2.5635064e-02   5.0996669e-01  -6.7006268e-02  -7.3476257e-03   6.4903877e-04  -1.1835484e-03
   1.2488179e-03   5.0941658e-01  -1.2298585e-01  -7.6493719e-03   1.1413148e-04  -8.8092453e-04
  -1.8810481e-02   5.3421538e-01  -8.8457178e-02  -7.3409800e-03   4.6780548e-04  -6.3296949e-04
  -2.8417448e-02   5.7035049e-01  -2.9990593e-02  -7.9753622e-03   8.3261270e-04  -1.2108479e-03
  -2.0096349e-02   5.0436721e-01  -1.3813191e-01  -7.3901400e-03   6.2349607e-04  -1.0596566e-03
  -2.7074692e-02   5.5445498e-01  -4.2720063e-03  -7.7196530e-03   9.1373671e-04  -1.1706906e-03
   3.1608631e-03   4.8082165e-01  -1.4078272e-01  -7.6030329e-03   2.6856478e-04  -5.8555819e-04
  -3.7813128e-03   5.4286232e-01   8.1518270e-03  -7.6969488e-03   5.7208610e-04  -7.2934116e-04
   7.4818374e-03   4.9479101e-01  -1.8033768e-01  -7.5865322e-03   6.1288459e-05  -2.6320944e-04
  -4.1780231e-03   5.4130502e-01  -2.2049803e-02  -7.5491114e-03   3.2537744e-04  -4.7649015e-04
   1.2986224e-02   5.1818966e-01  -1.6148835e-01  -7.9461385e-03  -2.4991792e-05  -2.2987311e-04
  -4.0382666e-03   5.1069304e-01  -1.0771227e-01  -7.2474708e-03   3.2923446e-04  -5.1729494e-04
   1.5039384e-04   5.2998358e-01  -8.4996091e-02  -7.9728540e-03   2.6953231e-04  -1.1454927e-03
  -3.1162516e-03   4.9865685e-01  -1.8412727e-01  -7.2350718e-03   2.0215251e-04  -1.1524048e-03
  -9.9364638e-03   5.3963027e-01  -6.2516636e-02  -7.3022021e-03   3.5803426e-04  -1.4049388e-03
  -8.1814577e-03   4.9894756e-01  -1.4645508e-01  -7.7952392e-03   2.5276228e-04  -8.2524500e-04
  -3.3076289e-04   4.8888109e-01  -1.2167715e-01  -7.5107020e-03   1.8544880e-04  -6.8416755e-04
   3.3315809e-03   5.3388213e-01  -1.0347786e-01  -8.3147641e-03   1.7383849e-04  -5.5893879e-04
  -1.0905682e-02   5.7174347e-01  -1.2138782e-01  -8.7847439e-03   6.0406107e-04  -9.4826372e-04
  -1.4136109e-02   5.9476415e-01  -9.1800813e-02  -8.9830662e-03   7.7466441e-04  -9.1441303e-04
  -2.0738268e-02   5.8558155e-01  -4.6533926e-02  -7.9470437e-03   6.8441918e-04  -1.0531550e-03
  -1.3120607e-02   5.3405472e-01  -1.0271126e-01  -8.2013346e-03   5.7052757e-04  -1.2113036e-03
  -5.4709302e-03   5.3959413e-01  -3.6219732e-02  -8.2495519e-03   1.9691194e-04  -1.2860577e-03
  -2.9116876e-02   5.5223813e-01  -2.6190380e-02  -8.7222845e-03   4.7262332e-04  -1.4461168e-03
  -4.3053329e-03   4.9345848e-01  -7.2622129e-02  -8.1175815e-03   1.3659922e-05  -1.4115570e-03
  -2.6234831e-02   5.6884273e-01   1.8217707e-03  -9.3022871e-03   4.9923081e-04  -1.3706331e-03
  -2.7001561e-02   5.2182839e-01  -3.0730193e-02  -8.5064565e-03   4.5470012e-04  -1.2996204e-03
  -9.7592893e-03   5.0157333e-01  -5.0281083e-02  -8.3565607e-03   1.7783104e-04  -1.2669151e-03
  -1.7459400e-02   5.2012345e-01  -5.8421326e-03  -8.1959659e-03   2.6877703e-04  -1.3324142e-03
  -8.8098658e-03   5.0785789e-01  -5.1991295e-02  -8.7473534e-03   1.2460830e-04  -1.2387007e-03
  -2.2497727e-02   5.3251369e-01   4.5859023e-03  -8.5439689e-03   2.3359964e-04  -1.2693749e-03
  -3.7282531e-03   4.8424455e-01  -6.3420780e-02  -8.2919740e-03  -5.0182724e-05  -1.1196124e-03
  -1.3988720e-02   5.1545234e-01  -3.2608199e-03  -8.6364631e-03   2.2192896e-04  -1.2395710e-03
  -8.0594504e-04   4.9942182e-01  -6.6766016e-02  -9.0116098e-03  -1.9057813e-05  -1.1038425e-03
   2.3670338e-03   4.8572712e-01  -7.7090728e-02  -7.9262349e-03  -2.5641799e-04  -1.1881763e-03
  -7.1107712e-03   4.7943414e-01  -9.7101855e-02  -7.6147883e-03  -2.7542948e-05  -1.4244470e-03
   4.3657965e-03   4.7854005e-01  -9.9115003e-02  -7.8201505e-03  -2.0832345e-05  -1.1115550e-03
   1.0934774e-02   4.8888078e-01  -1.0653229e-01  -9.0666766e-03   5.0263829e-05  -9.4510404e-04
   1.6390621e-02   5.0886553e-01  -1.1038110e-01  -8.4734815e-03   1.1184134e-04  -1.1649855e-03
   2.2697587e-02   4.7461276e-01  -1.3014640e-01  -7.5782037e-03  -2.3869373e-05  -1.2913220e-03
   1.5207495e-02   5.1616056e-01  -1.3552854e-01  -8.0206010e-03  -1.6645186e-05  -9.6564235e-04
   1.3746930e-02   5.0279369e-01  -1.2910149e-01  -7.6691878e-03  -5.7080614e-05  -4.4625264e-04
   1.7899477e-02   5.2385072e-01  -1.4964686e-01  -7.8597177e-03  -1.0807502e-04  -3.0631077e-04
   1.4341876e-02   5.2015339e-01  -1.1357009e-01  -7.9512006e-03  -9.0992930e-05  -3.5102618e-04
   2.3568582e-02   5.1588937e-01  -1.6552035e-01  -8.0819818e-03  -3.3826686e-04  -1.2022489e-04
   7.0027093e-03   5.2763751e-01  -1.1041528e-01  -8.1156133e-03   6.5135526e-06  -4.4928155e-04
