   0.0000000e+00   0.0000000e+00   0.0000000e+00   0.0000000e+00   0.0000000e+00   0.0000000e+00
   2.2014652e-02   8.9579747e-02   1.6169148e-01  -1.9269664e-03   4.4125405e-06   3.6168321e-04
   1.8791685e-02   9.3880763e-02   1.4439582e-01  -2.1127145e-03   7.1662178e-05  -1.5561697e-05
   1.2391908e-02   1.5010611e-01   1.8699360e-01  -2.6376579e-03   2.7305613e-04   1.8905686e-04
   9.9207715e-03   1.8825906e-01   1.9412994e-01  -3.2350269e-03   2.6336957e-04   2.9137690e-04
  -4.5803719e-03   1.7713387e-01   2.0272435e-01  -3.0434734e-03   6.3102444e-04   1.9365056e-04
  -7.5757068e-03   2.4713139e-01   1.9486857e-01  -4.0405655e-03   5.5660416e-04   4.2612047e-04
  -1.1358637e-02   2.1334103e-01   1.9513373e-01  -3.5549888e-03   7.1581070e-04   1.9957407e-04
  -5.3945949e-03   2.7293066e-01   1.9472232e-01  -4.1261555e-03   5.6042777e-04   1.3072023e-04
  -1.7995880e-02   2.7244212e-01   2.1475148e-01  -4.4988753e-03   8.6839763e-04  -2.8336281e-04
  -2.4526446e-03   3.3700819e-01   2.1377832e-01  -5.2244583e-03   6.1782572e-04  -9.2816221e-05
  -1.2738865e-02   2.9694572e-01   2.1262609e-01  -5.3856709e-03   8.2571221e-04  -2.7893319e-04
   2.4177186e-03   3.0988404e-01   2.0313327e-01  -5.5815511e-03   5.2416554e-04  -1.7835702e-04
  -1.1213223e-02   3.5239273e-01   2.2609280e-01  -6.0663057e-03   7.4854126e-04  -8.7555984e-05
   6.9436887e-03   3.2480059e-01   2.2767825e-01  -5.6906465e-03   3.2976065e-04  -2.6758561e-04
  -1.1604133e-02   3.5485362e-01   2.3144122e-01  -6.0713339e-03   7.6380500e-04  -2.5300605e-04
  -4.7030707e-03   3.3995861e-01   2.2636008e-01  -5.7941952e-03   5.7691498e-04  -5.4272948e-04
  -1.3204454e-02   3.6881449e-01   2.1873040e-01  -6.0690378e-03   7.2162049e-04  -4.4893425e-04
  -9.1920264e-03   3.7193962e-01   2.1279558e-01  -6.2401775e-03   6.4347724e-04  -2.9352784e-04
  -1.3603890e-02   3.6815398e-01   2.1438513e-01  -6.1804116e-03   7.2203117e-04  -4.2647816e-04
  -1.8144597e-02   3.8472283e-01   2.0780702e-01  -6.4442412e-03   7.0657994e-04  -2.6606874e-04
  -2.6871571e-02   3.6347248e-01   2.2112290e-01  -6.2004527e-03   7.6646735e-04  -4.5213232e-04
  -1.8970128e-02   3.7706630e-01   2.1254063e-01  -6.1833697e-03   6.8874454e-04  -2.8303539e-04
  -2.8131793e-02   3.7961341e-01   2.1760710e-01  -6.4522494e-03   9.0968152e-04  -3.0134752e-04
  -3.0098083e-02   3.8236812e-01   2.0825429e-01  -6.4458470e-03   9.4114521e-04  -1.7201517e-04
  -1.5928650e-02   3.9895643e-01   2.2933952e-01  -6.6791713e-03   8.0495207e-04  -1.7864027e-04
  -1.0465797e-02   3.6524713e-01   2.4510901e-01  -6.2961836e-03   7.7850915e-04  -3.0830496e-04
  -1.4254420e-02   4.1512554e-01   2.4935856e-01  -6.8817757e-03   8.0807187e-04  -2.7859727e-04
  -1.0875563e-02   3.6170744e-01   2.4134759e-01  -6.3669149e-03   7.2693470e-04  -2.0586610e-04
  -1.1797027e-02   4.2713034e-01   2.3919965e-01  -7.0107092e-03   7.0669004e-04  -2.6424247e-04
  -2.5457833e-02   3.5989676e-01   2.2024836e-01  -6.0013082e-03   9.6053234e-04  -3.8172146e-04
  -2.5561732e-02   4.3776834e-01   2.3933017e-01  -7.1117290e-03   8.3195877e-04  -2.6132450e-04
  -3.2350090e-02   3.8806350e-01   2.2165415e-01  -6.6092388e-03   1.1332564e-03  -6.3697996e-04
  -5.7224483e-03   4.5641481e-01   2.3515285e-01  -7.5882624e-03   7.2644146e-04  -3.2805823e-04
  -4.2173732e-02   3.9972254e-01   2.2764687e-01  -7.3362424e-03   1.2420110e-03  -5.4406793e-04
  -9.6980158e-02  -1.3155098e-01  -1.6527904e-02   2.4417610e-04   1.4991018e-03   6.8737169e-05
  -5.9179921e-02  -1.2835683e-01  -2.9992007e-03   5.3619855e-04   1.0622971e-03   4.0808914e-04
  -6.2190212e-02   7.1211687e-02   8.9458935e-02  -1.2173579e-03   1.1178616e-03   2.8705660e-04
  -5.7278799e-02   8.6476930e-02   1.0579815e-01  -1.5305852e-03   1.1606842e-03   2.0793895e-04
  -5.0852121e-02   1.6266976e-01   1.3592565e-01  -2.4371368e-03   1.1390984e-03   5.8384590e-04
  -3.2766820e-02   1.8380813e-01   1.3498134e-01  -3.3096791e-03   7.2492817e-04   2.6162504e-04
  -4.5672291e-02   1.7735792e-01   1.7655385e-01  -3.2159513e-03   1.0356508e-03   1.7775646e-04
  -5.2680613e-02   2.6786973e-01   1.5308510e-01  -4.4103767e-03   1.2262587e-03   1.5038833e-04
  -4.7285424e-02   2.3660719e-01   1.5077386e-01  -4.5088967e-03   1.2127733e-03  -2.6933388e-04
  -4.3943114e-02   3.3233058e-01   1.6561711e-01  -5.8280425e-03   9.8206181e-04  -1.8742550e-04
  -4.4295726e-02   2.9378763e-01   1.8277871e-01  -5.3583977e-03   1.0024052e-03  -4.2028489e-04
  -3.8811795e-02   3.7886841e-01   1.7933205e-01  -6.4739260e-03   9.0431204e-04  -3.3414292e-04
  -3.7680533e-02   3.4403539e-01   1.7316007e-01  -6.1324331e-03   1.1191273e-03  -6.2117233e-04
  -3.3812187e-02   4.0792520e-01   1.6713578e-01  -6.9751516e-03   1.0524717e-03  -3.7921402e-04
  -5.0714331e-02   3.8043307e-01   1.6372673e-01  -6.4784092e-03   1.4543839e-03  -5.3178067e-04
  -4.3665507e-02   4.0087956e-01   1.5017434e-01  -7.1046658e-03   1.2598273e-03  -4.8273079e-04
  -6.9438496e-02   3.8923281e-01   1.6877597e-01  -6.8674617e-03   1.6958428e-03  -4.5280489e-04
  -4.6019288e-02   4.1832863e-01   1.5523326e-01  -7.1661719e-03   1.2956797e-03  -4.1222370e-04
  -7.4092891e-02   4.1261687e-01   1.7253496e-01  -7.0874413e-03   1.7713832e-03  -2.5088448e-04
  -5.4028793e-02   3.8423811e-01   1.5165270e-01  -6.8151756e-03   1.4589037e-03  -4.6912426e-04
  -7.3295130e-02   4.6084266e-01   1.4006509e-01  -7.5186091e-03   1.7262639e-03  -2.0819138e-04
  -5.5919702e-02   3.9285915e-01   1.3692712e-01  -7.0644209e-03   1.3864199e-03  -3.5334895e-04
  -6.9861079e-02   4.4782667e-01   1.4677094e-01  -7.5426391e-03   1.6043618e-03  -3.2937840e-04
  -7.2077933e-02   4.3616989e-01   1.3992806e-01  -7.2932006e-03   1.7214996e-03  -3.4729027e-04
  -7.5117686e-02   4.4375525e-01   1.5798931e-01  -7.5805295e-03   1.7997200e-03  -3.6102239e-04
  -7.3661652e-02   4.1051135e-01   7.2815141e-02  -6.8281165e-03   1.7253875e-03  -3.8671213e-04
  -6.9302052e-02   3.7275759e-01   6.7061934e-02  -6.1522774e-03   1.7883501e-03  -6.0119105e-04
  -6.3985250e-02   4.0655400e-01   8.3169055e-02  -6.9044414e-03   1.8260078e-03  -3.7518126e-04
  -5.1525958e-02   3.7852784e-01   7.9528345e-02  -6.7259498e-03   1.7413218e-03  -7.5127926e-04
  -5.9757389e-02   4.4249196e-01   1.1318147e-01  -7.6972777e-03   1.7803841e-03  -5.0162136e-04
  -6.8109682e-02   4.1597831e-01   1.0265864e-01  -7.2563497e-03   1.8776351e-03  -7.3998559e-04
  -7.2419876e-02   4.3666276e-01   1.2558570e-01  -7.6089810e-03   1.8907882e-03  -4.4537710e-04
  -7.1008848e-02   4.4576523e-01   1.0858611e-01  -7.3429840e-03   1.7948678e-03  -6.5713823e-04
  -6.3275031e-02   4.3355900e-01   1.2086346e-01  -7.4456724e-03   1.6887418e-03  -6.2760762e-04
  -7.1677495e-02   4.9600187e-01   1.3125794e-01  -8.3024220e-03   1.7643918e-03  -5.0681303e-04
  -6.8113863e-02   4.3122416e-01   1.0380241e-01  -7.7713262e-03   1.8321201e-03  -6.6348025e-04
  -6.0877320e-02   4.8053400e-01   1.1023299e-01  -8.4181304e-03   1.5780563e-03  -5.1389688e-04
  -8.3263122e-02   4.9138678e-01   1.1904020e-01  -8.3601400e-03   1.8541126e-03  -3.8648758e-04
  -6.0317605e-02   4.7645465e-01   9.0240231e-02  -8.3379118e-03   1.4157742e-03  -4.5661823e-04
  -9.0512551e-02   5.4434577e-01   1.0727103e-01  -8.7018229e-03   1.8938144e-03  -1.4645388e-04
  -6.2061694e-02   5.0915826e-01   6.4633003e-02  -8.3513999e-03   1.5271480e-03  -2.8371061e-04
  -7.8490739e-02   5.3727250e-01   1.0811826e-01  -8.8111647e-03   1.8450013e-03  -6.0497941e-05
  -5.5724144e-02   5.0393641e-01   8.9000027e-02  -8.4971440e-03   1.4590370e-03  -2.7865263e-04
  -7.6827570e-02   5.5363346e-01   1.1154928e-01  -9.0276942e-03   1.6909511e-03  -1.9610343e-04
  -6.3800696e-02   5.2205914e-01   9.7522182e-02  -8.9305124e-03   1.3542089e-03  -3.7144689e-04
  -6.5974119e-02   5.3735469e-01   1.1521238e-01  -8.9293782e-03   1.4721569e-03  -2.9380968e-04
  -6.4050327e-02   5.6894688e-01   1.1293370e-01  -9.4281252e-03   1.5727405e-03  -3.5628082e-04
  -4.5354510e-02   5.2142295e-01   1.0680007e-01  -8.9296869e-03   1.4189059e-03  -5.0426805e-04
  -4.6299749e-02   5.7532457e-01   1.4424173e-01  -9.6308035e-03   1.2112724e-03  -4.0660758e-04
  -5.4680873e-02   5.3127464e-01   1.2245485e-01  -8.9007190e-03   1.3457534e-03  -6.0109664e-04
  -6.6245611e-02   5.9620106e-01   1.3857118e-01  -9.8132274e-03   1.2688382e-03  -3.5168858e-04
  -6.1245888e-02   5.3298545e-01   1.2240578e-01  -8.6150220e-03   1.2843999e-03  -5.0999283e-04
  -5.5788468e-02   5.7148442e-01   1.4177542e-01  -9.3236876e-03   1.1705942e-03  -3.6211557e-04
  -6.6152568e-02   5.7648227e-01   1.6305685e-01  -9.2703467e-03   1.4051853e-03  -4.1275299e-04
  -8.2679818e-03   5.4229068e-01   1.2601803e-01  -8.8327399e-03   6.3423438e-04  -5.1830960e-04
  -3.3545784e-02   5.7221370e-01   1.5567214e-01  -9.1458312e-03   1.0697543e-03  -5.5545765e-04
  -3.0869760e-02   5.7282892e-01   1.4482940e-01  -9.4253071e-03   1.0717928e-03  -5.4756709e-04
  -2.8301660e-02   6.1292298e-01   2.1109583e-01  -9.9971188e-03   9.5464766e-04  -3.9010636e-04
  -3.4942861e-02   3.3850370e-02  -4.1357312e-02  -1.4255812e-03   8.6610623e-04   1.1677716e-03
  -6.3352996e-02  -1.1392493e-01  -1.2896987e-01   1.1438634e-03   9.4154884e-04   1.1671702e-03
  -8.9429720e-03   1.4899796e-01   6.1834958e-02  -1.2453468e-03   3.1668798e-04   1.0893098e-03
  -9.5824168e-03   1.5851748e-01   8.0893260e-02  -1.5760186e-03   2.5339157e-04   7.2582579e-04
  -1.5547612e-02   1.1232563e-01   9.2977462e-02  -1.5822653e-03   2.6119330e-04   8.0969272e-04
  -1.7238300e-02   2.0461236e-01   1.0929668e-01  -2.2592114e-03   2.6015811e-04   9.9994139e-04
  -1.8811164e-02   1.4480297e-01   1.0539168e-01  -1.9484878e-03   4.4563402e-04   7.1136928e-04
  -2.2750009e-02   2.1321525e-01   1.1038338e-01  -2.9694856e-03   3.2890420e-04   1.0193027e-03
  -2.8178072e-02   1.8018644e-01   1.0167186e-01  -2.8217368e-03   4.6696413e-04   8.1072337e-04
  -1.2261677e-02   2.2087546e-01   1.0574661e-01  -2.9259192e-03   5.1196426e-05   8.2598076e-04
  -4.3984730e-02   2.2395297e-01   1.2564415e-01  -3.1147489e-03   5.8100564e-04   7.3720835e-04
  -2.5274335e-02   2.2882752e-01   1.2039777e-01  -3.2336347e-03   2.2700644e-04   6.1620863e-04
  -4.7135549e-02   2.9001842e-01   1.3297980e-01  -3.9934073e-03   6.1304863e-04   8.3627901e-04
  -2.6625565e-02   2.5470712e-01   1.1236845e-01  -3.9385751e-03   3.7390942e-04   2.9135953e-04
  -6.7411228e-02   3.1155903e-01   1.4335329e-01  -4.6019879e-03   9.6203730e-04   7.4784801e-04
  -5.3721193e-02   2.9112190e-01   1.0359967e-01  -4.6474829e-03   8.1658610e-04   4.3215746e-04
  -6.2157894e-02   3.2271753e-01   1.4082722e-01  -4.9464060e-03   9.6843330e-04   7.5618348e-04
  -5.6196881e-02   3.2273490e-01   1.1221331e-01  -4.7400120e-03   9.1059829e-04   6.4444637e-04
  -5.4681198e-02   3.4812584e-01   1.1959267e-01  -4.8237086e-03   8.6857848e-04   6.9636198e-04
  -5.9127587e-02   3.3836227e-01   1.2951684e-01  -5.1460517e-03   1.1089946e-03   5.6221939e-04
  -4.4312717e-02   3.6528174e-01   1.5196548e-01  -5.6673194e-03   8.7383204e-04   6.2419175e-04
  -7.1351846e-02   3.6501502e-01   1.7361648e-01  -5.6128559e-03   1.2286029e-03   8.0854835e-04
  -5.8670790e-02   3.6453964e-01   1.4931220e-01  -5.6102128e-03   9.0950441e-04   7.6580044e-04
  -7.5213214e-02   3.7563444e-01   1.8221966e-01  -5.6103410e-03   1.1548320e-03   9.8628074e-04
  -2.8065973e-02   3.7105440e-01   1.1654437e-01  -5.7189100e-03   5.3658042e-04   6.2749003e-04
  -5.9129685e-02   4.0275833e-01   1.2903510e-01  -5.7958991e-03   9.0470675e-04   7.9222028e-04
  -4.1521060e-02   3.8139869e-01   1.1537382e-01  -6.0908664e-03   6.2069547e-04   7.3176379e-04
  -5.6235799e-02   4.3619119e-01   1.1854481e-01  -6.5597321e-03   8.6042985e-04   7.0198542e-04
  -2.7649443e-02   4.0136472e-01  -6.6074141e-03  -6.1699143e-03   5.4283391e-04   4.4664308e-04
  -3.9579110e-02   4.1924829e-01   8.7765289e-02  -6.3604414e-03   6.8175803e-04   2.7517252e-04
  -1.1976488e-02   4.0805607e-01   6.7486048e-02  -6.4380893e-03   3.9634416e-04   1.5505223e-04
  -2.5278716e-02   4.6639549e-01   9.4332146e-02  -6.9810063e-03   6.1003008e-04   2.3275084e-04
   2.9487256e-02   3.9579443e-01   6.8498236e-02  -6.1340738e-03  -1.5944565e-04   1.0994941e-04
   2.3113948e-02   4.3085156e-01   8.6147964e-02  -6.0101421e-03  -1.6506463e-05   1.6202802e-04
   3.7027429e-02   4.2501613e-01   9.3491237e-02  -6.3926815e-03  -3.3667844e-04   1.6866996e-04
   1.4758944e-02   4.6263223e-01   1.0426549e-01  -6.9745739e-03  -2.6873282e-05   2.4451982e-04
   3.1425046e-02   4.0033965e-01   6.7715455e-02  -6.2033854e-03  -3.3602577e-04   2.2345184e-05
   1.4716909e-02   4.4947987e-01   1.0557822e-01  -6.3985196e-03  -3.6079315e-04   6.4281635e-05
   1.6972293e-02   4.0568164e-01   1.2159822e-01  -5.3158143e-03  -4.1173102e-04   1.8069189e-05
   6.3192282e-03   4.0338023e-01   1.6597551e-01  -5.5069873e-03  -2.2547050e-04   2.5986064e-04
   9.8129674e-03   4.5872195e-01   1.7009185e-01  -6.8291619e-03  -2.0127657e-04   4.5676829e-04
   2.7824927e-02   4.0761553e-01   1.3040810e-01  -6.2845142e-03  -4.3897806e-04   2.0243994e-04
   3.6834898e-02   4.5140495e-01   1.1868845e-01  -6.4544425e-03  -6.3655899e-04   2.2518368e-04
   1.8024241e-02   4.1700743e-01   9.2965430e-02  -6.2713061e-03  -3.6855925e-04   1.8939793e-04
   3.5338029e-02   4.1674206e-01   9.7443522e-02  -6.2757836e-03  -7.0059373e-04   7.4738169e-05
   2.2888265e-02   4.6890521e-01   1.1905144e-01  -7.0081430e-03  -5.1557577e-04   2.2893496e-04
   4.2143405e-02   4.0551490e-01   9.3328304e-02  -6.2836096e-03  -6.4850083e-04   1.0438238e-04
   3.9180514e-02   4.6053250e-01   1.2338522e-01  -6.8175421e-03  -5.9279090e-04   1.0199900e-04
   2.0560600e-02   4.5683424e-01   1.2285064e-01  -6.6381093e-03  -4.7979509e-04   9.8221834e-05
   2.4769052e-02   4.3532169e-01   1.3587895e-01  -6.4957431e-03  -8.0275984e-04   1.8256158e-04
   4.4878105e-03   4.7488640e-01   1.9507629e-01  -7.0163562e-03  -4.4834814e-04   3.4973336e-04
   2.4640876e-02   4.6342847e-01   1.8816489e-01  -7.4212081e-03  -5.2201815e-04   1.3155107e-04
   2.5996262e-02   5.1419933e-01   2.3520517e-01  -7.9473018e-03  -5.5552657e-04   3.1418372e-04
   4.8440991e-02   4.8811567e-01   1.8950357e-01  -7.8003422e-03  -7.7704940e-04   2.8009116e-04
   2.6184023e-02   4.9368887e-01   2.5638647e-01  -7.5498766e-03  -5.9849157e-04   5.2309083e-04
   5.0389020e-02   4.7788577e-01   1.8603977e-01  -7.3139407e-03  -9.7259026e-04   4.5986403e-04
   2.5181319e-02   5.3258339e-01   2.2047908e-01  -8.3264239e-03  -5.5419213e-04   4.9489456e-04
   4.4506434e-02   4.8437433e-01   1.5957431e-01  -8.0648044e-03  -8.0905366e-04   4.8546622e-04
   3.7749918e-02   5.3647368e-01   1.9644371e-01  -8.3007313e-03  -7.9870964e-04   4.2650647e-04
   4.4006250e-02   5.1177030e-01   1.6595960e-01  -8.0575496e-03  -1.0145807e-03   2.8584361e-04
   4.4919925e-02   5.0856588e-01   2.0183725e-01  -7.9563919e-03  -9.9940893e-04   3.5623112e-04
   4.4016878e-02   5.1882799e-01   1.8960435e-01  -8.0320587e-03  -1.0473426e-03   1.9261432e-04
   5.1570214e-02   4.8446822e-01   1.9092973e-01  -7.8203797e-03  -1.0849475e-03   1.8791736e-04
   5.0456744e-02   5.0778084e-01   1.9368604e-01  -7.9513763e-03  -1.0573235e-03   1.5287586e-04
   4.8414243e-02   5.0760153e-01   1.7263865e-01  -7.7468955e-03  -1.0086188e-03   4.8375365e-05
   4.9243345e-02   5.6801030e-01   1.9518654e-01  -8.6339625e-03  -1.1386951e-03   1.8936226e-04
   4.8757467e-02   5.1075224e-01   1.6451503e-01  -8.2173133e-03  -8.7796977e-04   3.8426343e-05
   5.9537774e-02   5.5771261e-01   1.8667875e-01  -8.6106626e-03  -1.2024826e-03   2.7694341e-04
   4.1445869e-02   5.2076131e-01   1.7432695e-01  -8.3145018e-03  -7.2855960e-04   2.0463904e-04
   6.3126010e-02   5.3326958e-01   1.8423385e-01  -8.4126960e-03  -1.2284809e-03   3.8602160e-04
   5.2327227e-02   5.2044850e-01   1.9939378e-01  -7.8028185e-03  -1.0422138e-03   4.9214815e-04
   5.9339178e-02   5.1192200e-01   1.8111711e-01  -7.7329961e-03  -1.1664048e-03   3.9484936e-04
   4.7404276e-02   5.3752505e-01   2.2953413e-01  -8.3315532e-03  -1.0811834e-03   4.1387607e-04
   4.5551492e-02   5.0015153e-01   1.8477520e-01  -7.7926384e-03  -1.0021068e-03   3.7768319e-04
   5.4829299e-02   5.4138460e-01   2.1740118e-01  -8.3313359e-03  -9.7392506e-04   4.1428199e-04
   9.0297102e-02   4.9301033e-01   1.3431030e-01  -7.0436479e-03  -1.3152022e-03   2.3258338e-04
   6.9341654e-02   5.6258749e-01   1.9500541e-01  -8.6280814e-03  -1.0689534e-03   5.0677361e-04
   6.1536637e-02   5.1493240e-01   1.5060923e-01  -8.2474405e-03  -9.6878164e-04   5.3474278e-04
   6.2714023e-02   5.5790671e-01   1.7935662e-01  -8.9652600e-03  -1.1477521e-03   4.9033640e-04
   4.4473629e-02   5.6407717e-01   1.7461897e-01  -8.6818224e-03  -1.0361570e-03   3.9478453e-04
   6.0060710e-02   5.3538906e-01   1.3405420e-01  -8.4170179e-03  -1.3137322e-03   8.2651241e-05
   6.0928012e-02   5.8007913e-01   1.8773269e-01  -8.7116613e-03  -1.4259930e-03   1.8387916e-04
   5.4982057e-02   5.4257076e-01   1.5024547e-01  -8.4520299e-03  -1.2230540e-03   1.5526550e-04
   7.4686447e-02   5.2374345e-01   1.5652765e-01  -8.1556915e-03  -1.4641324e-03   2.3571325e-04
   5.3438601e-02   5.7660922e-01   1.9637629e-01  -8.7436382e-03  -1.1682708e-03   3.4189859e-04
   5.6459179e-02   5.0360835e-01   1.6851529e-01  -7.8991628e-03  -1.1044332e-03   2.4672854e-04
   6.7517728e-02   5.6849856e-01   1.9268484e-01  -8.7929750e-03  -1.2235992e-03   2.4973145e-04
   6.3558946e-02   5.5045084e-01   1.5274775e-01  -8.3537075e-03  -1.0470279e-03   2.9129407e-05
   8.1056974e-02   5.5564082e-01   1.3969302e-01  -8.6596697e-03  -1.4160210e-03   7.3775688e-05
   5.6421244e-02   5.6887977e-01   1.6653815e-01  -8.6447982e-03  -1.1479538e-03   2.5189085e-04
   7.0281246e-02   5.3784954e-01   1.5019374e-01  -8.5285229e-03  -1.3229316e-03   1.8975169e-04
   6.3768759e-02   5.6022412e-01   1.9791554e-01  -8.7128920e-03  -1.2612023e-03   3.1028215e-04
   6.4029667e-02   5.4249045e-01   1.5793870e-01  -8.6958368e-03  -1.3369999e-03   1.4224422e-04
   5.5339308e-02   5.2702147e-01   1.8688333e-01  -8.4775005e-03  -1.2405578e-03   2.7985863e-04
   5.5081726e-02   5.7420718e-01   1.7841414e-01  -8.9942552e-03  -1.3337728e-03   2.1272815e-04
