   0.0000000e+00   0.0000000e+00   0.0000000e+00   0.0000000e+00   3.4694470e-18   0.0000000e+00
  -2.0414575e-02   3.8597840e-04   3.9107777e-02   3.3122476e-04   2.9912165e-04  -3.3579001e-04
  -1.7915872e-02   3.2963039e-02   5.5433024e-02   2.7632918e-04   3.4123609e-04  -2.3854169e-04
  -2.2643247e-02   3.5624712e-02   7.4593504e-02  -2.0380832e-04   5.3031842e-04  -4.2094903e-04
  -4.3479658e-02   4.9535737e-02   7.0442626e-02  -3.0821873e-04   1.0317872e-03  -3.4708100e-04
  -3.6848378e-02   8.7688601e-02   9.0887176e-02  -8.0876659e-04   8.8504377e-04  -4.1118920e-04
  -4.6783925e-02   4.1122721e-02   1.0282357e-01  -1.4097059e-04   1.1583184e-03  -3.9162856e-04
  -5.8797251e-02   9.7403120e-02   1.1131660e-01  -7.5168180e-04   1.6249377e-03  -1.6277382e-04
  -4.1411674e-02   6.9544263e-02   9.8521965e-02  -4.5638076e-04   1.1929845e-03  -2.5187363e-04
  -4.7247359e-02   5.8126416e-02   8.5474495e-02  -2.6605338e-04   1.1703502e-03  -2.4051275e-04
  -5.8878884e-02   9.9562705e-02   1.0707183e-01  -7.7748366e-04   1.3377255e-03  -4.8572777e-04
  -5.0804884e-02   7.5550824e-02   1.1574551e-01  -5.9577618e-04   1.1068699e-03  -4.2559733e-04
  -6.2597308e-02   6.3363350e-02   9.6500918e-02  -1.7623039e-04   1.3841071e-03  -2.3563502e-04
  -6.1311702e-02   1.1169568e-01   1.2074938e-01  -1.0258840e-03   1.2658438e-03  -3.8840374e-04
  -6.6510627e-02   7.9620523e-02   1.3369270e-01  -4.8248733e-04   1.1694028e-03  -4.2022630e-04
  -6.6759929e-02   8.4481963e-02   1.1818532e-01  -4.7754472e-04   1.1524791e-03  -5.0966304e-04
  -6.7617347e-02   8.6800486e-02   1.2591276e-01  -6.6529163e-04   1.2174059e-03  -6.3334124e-04
  -6.1286537e-02   9.4931989e-02   1.3047618e-01  -9.0467920e-04   1.0804287e-03  -5.6677481e-04
  -5.9621940e-02   5.9172585e-02   1.2174073e-01   8.5259672e-06   9.7791630e-04  -5.1828350e-04
  -5.3814586e-02   6.3364730e-02   1.1832323e-01  -1.9452067e-04   9.7733375e-04  -4.2979597e-04
  -4.6181840e-02   9.2845017e-02   1.4135756e-01  -1.7403493e-05   1.1343532e-03  -3.5075060e-04
  -4.2577980e-02   7.3699851e-02   1.3060627e-01   1.0694306e-04   1.0628034e-03  -2.6419887e-04
  -3.7127252e-02   5.7058372e-02   1.2735003e-01   8.1006988e-04   9.7932100e-04  -2.3157355e-04
  -3.2517493e-02   8.9577050e-02   1.4364607e-01   9.2690388e-05   9.6343550e-04  -4.7498716e-05
  -3.2560987e-02   9.0924937e-02   1.5012296e-01   8.8384619e-05   1.0302463e-03  -7.5512613e-05
  -2.8930765e-02   2.9726633e-02   1.1616366e-01   5.5659611e-04   1.4436863e-03   5.2116733e-04
  -2.6320189e-02   6.6572994e-02   1.3340202e-01   3.4490248e-04   1.4776683e-03   5.3070985e-04
  -2.6024508e-02   7.1548284e-02   1.2622081e-01   6.2506814e-04   1.2491084e-03   4.3011128e-04
  -2.4677821e-02   2.9190417e-02   9.6194280e-02   6.0650310e-04   1.3207827e-03   6.7063920e-04
  -1.5674816e-02   8.0221084e-02   1.1818860e-01  -2.9617195e-05   1.3082654e-03   6.0724607e-04
   4.4534979e-02  -1.4110611e-02   5.7379900e-02   1.3014006e-03   7.7285988e-04   7.2831251e-04
   9.9481460e-03  -5.1014142e-02  -7.2293344e-02   2.1114248e-03   1.8586291e-03   8.3130470e-04
   2.8017872e-02   7.8430830e-02   6.1274751e-02  -1.4322621e-03   9.0894075e-04   1.8464965e-03
   6.4999020e-03   2.7987311e-02   8.6941631e-02  -2.4246358e-04   1.1659630e-03   1.6922995e-03
  -2.7194360e-03   7.6649580e-02   7.8558470e-02  -6.0261192e-04   1.3296940e-03   1.5633810e-03
   8.2004101e-03   6.8881463e-02   1.1627606e-01  -4.0114338e-04   9.4473496e-04   1.5715167e-03
   1.2206792e-02   3.3513270e-02   8.6351352e-02  -2.4091945e-04   8.9314515e-04   1.6806183e-03
   2.8420734e-02   8.3862674e-02   1.1649972e-01  -1.1644881e-03   5.3156329e-04   1.5944075e-03
   2.0834891e-02   5.9025931e-02   9.8471369e-02  -5.3213744e-04   5.1328239e-04   1.4919272e-03
   2.0914099e-02   4.6596053e-02   8.8063779e-02  -7.4275291e-05   7.7927894e-04   1.8183806e-03
   3.0367878e-02   1.1094659e-01   7.5646174e-02  -1.1212786e-03   2.8627511e-04   1.4550907e-03
   2.2561282e-02   4.4658661e-02   8.3177594e-02  -5.8765732e-04   1.2842054e-04   1.1568512e-03
   2.4530914e-02   8.1209581e-02   7.3808309e-02  -1.2334197e-03   4.2173271e-04   1.4763197e-03
   3.0004425e-02   8.0485998e-02   6.3324163e-02  -6.7881653e-04   7.5793404e-05   1.2883225e-03
   2.1182487e-02   6.3630554e-02   6.5654534e-02  -8.0596440e-04   4.4974042e-04   1.5529134e-03
   2.8493552e-02   1.1272497e-01   1.0437764e-01  -1.3703060e-03   3.0175789e-04   1.3827464e-03
   3.0479136e-02   5.8729038e-02   9.0763662e-02  -8.2670671e-04   1.7466528e-04   1.4526841e-03
   3.1499387e-02   8.6865570e-02   9.0347656e-02  -1.2302920e-03   2.3607266e-04   1.4661808e-03
   2.8723956e-02   9.5868506e-02   7.2735211e-02  -1.1480712e-03   3.2256969e-04   1.2205645e-03
   2.3735670e-02   6.5844635e-02   6.2232969e-02  -1.1151093e-03   4.3514655e-04   1.1383299e-03
   3.0515793e-02   9.6188952e-02   6.9451262e-02  -1.8142509e-03   4.5400866e-04   1.2108394e-03
   3.0838743e-02   8.4024837e-02   6.9953866e-02  -1.9358179e-03   4.7203764e-04   1.1382067e-03
   2.6993632e-02   6.4746984e-02   3.6174105e-02  -1.4352609e-03   4.6309010e-04   1.3174558e-03
   1.6616940e-02   1.1531158e-01   7.4698226e-02  -1.9392109e-03   7.5466973e-04   1.0813930e-03
   1.2086565e-02   5.8283900e-02   4.9370180e-02  -1.2906117e-03   7.9292491e-04   1.1438623e-03
   1.6765947e-02   1.2283297e-01   7.8145675e-02  -1.9297138e-03   8.8956250e-04   1.1091019e-03
   2.7682271e-02   6.3415753e-02   6.2065528e-02  -1.3675148e-03   5.4755311e-04   1.0720312e-03
   2.8431494e-02   4.4480264e-02   4.8951365e-02  -8.0739113e-04   5.6131051e-04   1.1257465e-03
   3.3993352e-02   7.5772580e-02   5.9919993e-02  -8.6905471e-04   3.9228562e-04   1.1438848e-03
   3.7225563e-02   6.6922887e-02   7.3462582e-02   3.7250675e-05   3.6592008e-04   8.5602348e-04
   5.5567528e-02   8.6168080e-02   1.2378726e-01  -4.8208034e-04   5.1113483e-04   6.2118240e-04
   6.4447094e-02   8.0410001e-02   6.1625267e-02  -1.1349755e-03   1.5172019e-04   6.2224392e-04
   5.4415019e-02  -7.1212874e-02  -8.1447779e-03   8.2877091e-04   8.9010954e-04   8.1149503e-04
   3.6489899e-02   7.7720593e-02  -1.8648917e-02  -7.4294212e-04   1.1457347e-03   3.8599182e-04
   3.4736177e-02  -5.4110941e-03  -4.4030748e-02   3.9803436e-04   1.0974661e-03   4.4921898e-04
   4.6731172e-02   3.5915796e-02   1.0861783e-02   1.0328257e-03   7.5651642e-04   1.6667126e-04
   2.7985968e-02   1.5831769e-02   1.9247751e-02   7.1202926e-04   1.3219979e-03   4.3559886e-04
   3.1473889e-02   6.6445529e-02   2.2280724e-02  -4.6624381e-04   1.4277159e-03   4.9763459e-04
   3.3480538e-02   5.5772787e-03   3.0104940e-03  -1.0778154e-04   1.2393639e-03   4.1617109e-04
   3.5132532e-02   4.8527379e-02  -1.3094743e-03  -6.9788292e-04   1.1812682e-03   5.5534479e-04
   4.5055433e-02   4.3519346e-02   2.9862988e-03  -2.3400798e-04   6.9432182e-04   3.8696258e-04
   3.5483860e-02   7.3346333e-03  -1.7309905e-02  -4.3278401e-05   1.0682005e-03   7.2709684e-04
   4.5639020e-02   6.7601243e-02  -3.0691548e-04  -8.7523247e-04   1.1431496e-03   6.6014832e-04
   5.4166660e-02   3.6751274e-02  -1.0936026e-02  -5.2644927e-04   1.0775855e-03   7.0011672e-04
   6.3009430e-02   1.0199603e-02  -2.0055972e-02   1.8401144e-04   8.1710688e-04   8.5645590e-04
   5.7625334e-02   1.9633522e-02  -1.2659666e-02   4.3845133e-04   1.0451970e-03   7.9055602e-04
   6.8992211e-02   8.8296592e-03  -3.3641196e-02   9.3334631e-04   8.5545583e-04   9.3793077e-04
   6.7073200e-02  -1.8908456e-02  -4.6556977e-02   1.6077337e-03   9.2764115e-04   8.9451231e-04
   7.2404121e-02   3.0528013e-02  -1.0108978e-02   1.1304137e-03   1.0929260e-03   8.6206020e-04
   7.1198867e-02   1.7066091e-03  -1.8010447e-02   7.8719678e-04   8.7916507e-04   7.6150963e-04
   2.2650901e-02   5.7512550e-02   4.4309375e-02  -6.0152295e-04   1.3475941e-03   4.2710002e-04
   7.8540931e-03   9.3590087e-02   9.2480999e-02  -1.3459652e-03   1.6735251e-03   2.0289280e-04
   5.8692544e-03   3.2364372e-02   7.8603473e-02  -4.2879823e-04   1.6237834e-03   2.4289279e-04
   1.4102686e-02   5.2310798e-02   9.7875671e-02  -3.1546349e-04   1.9548543e-03   4.4453024e-04
  -5.5469025e-03   8.7623804e-02   1.2490308e-01  -1.1446133e-03   2.1691627e-03   3.4940198e-04
  -2.8107231e-03   3.0361327e-02   1.1396865e-01  -5.6111961e-04   2.0709500e-03   3.5425478e-04
   1.3868859e-02   6.1530557e-02   1.2825678e-01  -1.1472321e-03   1.9982146e-03   7.6837988e-04
   2.9204650e-02   5.2857602e-02   1.1725030e-01  -7.3799592e-04   1.7894682e-03   9.3204663e-04
   4.2847083e-02   5.8394255e-02   1.0293742e-01  -8.3195358e-04   1.5876941e-03   9.4761807e-04
   4.2922226e-02   9.2930490e-02   1.3479342e-01  -1.2265816e-03   1.3872866e-03   7.6702621e-04
   3.4410718e-02   4.9803446e-02   1.1494555e-01  -2.7069912e-04   1.4000950e-03   6.7345982e-04
   3.6670107e-02   1.2230446e-01   1.2006245e-01  -1.3337017e-03   1.1641520e-03   1.9359639e-04
   3.7509693e-02   8.5220830e-02   1.1706475e-01  -1.0360556e-03   1.1251694e-03   3.7398394e-04
   4.7662244e-02   6.9254791e-02   1.1846517e-01  -8.3520710e-04   1.0715438e-03   5.2529287e-04
   5.0228934e-02   1.0922417e-01   1.5122400e-01  -1.5007590e-03   8.8671229e-04   2.0130155e-04
   3.6460256e-02   9.0918394e-02   1.3072837e-01  -1.4429223e-03   1.0014348e-03   1.2419899e-04
   4.3722106e-02   7.9647919e-02   1.1140939e-01  -7.7192471e-04   1.0633762e-03   2.2877394e-04
   4.9136946e-02   1.1440044e-01   1.4757042e-01  -1.5134934e-03   1.2256506e-03   3.1480467e-04
   4.1747483e-02   8.3290310e-02   1.1313254e-01  -1.2466369e-03   1.0845341e-03   3.3328741e-04
   3.8170326e-02   9.2848956e-02   1.2438386e-01  -1.5518752e-03   1.3347807e-03   5.5813832e-04
   3.6622230e-02   1.0107530e-01   1.5746168e-01  -1.2475794e-03   1.2852352e-03   4.8139984e-04
   4.6167291e-02   6.8531480e-02   1.3658105e-01  -9.3122088e-04   1.1180993e-03   6.7321548e-04
   5.3200345e-02   1.1672302e-01   1.8145602e-01  -1.8157414e-03   9.3269305e-04   4.9885480e-04
   5.3999736e-02   6.9646914e-02   1.4600515e-01  -1.1361802e-03   8.9367417e-04   5.1698332e-04
   6.5872981e-02   9.8724794e-02   1.4413603e-01  -1.3147102e-03   7.4492317e-04   3.9648058e-04
   5.7469652e-02   1.3844664e-01   1.6704272e-01  -1.6253769e-03   7.8036756e-04   2.3618366e-04
   5.3348068e-02   7.9889834e-02   1.2934068e-01  -9.7816350e-04   1.0678032e-03   4.1201275e-04
   5.8470822e-02   1.2359203e-01   1.4901539e-01  -1.0756939e-03   8.9713047e-04   2.5201914e-04
   7.0059019e-02   1.1204205e-01   1.5926550e-01  -9.3860590e-04   1.0136903e-03   5.5267343e-04
   6.1417402e-02   7.1629124e-02   1.3261533e-01  -1.7531939e-04   9.9136675e-04   6.0680738e-04
   6.6678358e-02   1.6554952e-01   1.4623463e-01  -1.5540041e-03   7.6069058e-04   2.6270745e-04
   6.0135281e-02   9.6116767e-02   1.2529103e-01  -1.3123359e-03   9.4900424e-04   6.3967537e-04
   5.3717134e-02   1.1637952e-01   8.2183807e-02  -1.8373052e-03   1.0165762e-03   6.5075548e-04
   5.3284427e-02   1.3627813e-01   1.2325489e-01  -1.5904263e-03   1.1244935e-03   5.1680232e-04
   4.4205697e-02   8.7466958e-02   1.1085773e-01  -9.0794990e-04   1.2555518e-03   4.9451251e-04
   4.2940790e-02   1.6449539e-01   1.7488283e-01  -1.7414795e-03   1.4670920e-03   3.4045854e-04
   4.0538146e-02   1.9044289e-02   6.2334957e-02  -4.4481800e-04   1.4263760e-03   5.0728215e-04
   4.9144939e-02   1.2461898e-01   1.2491253e-01  -1.5451783e-03   1.2248484e-03   5.9739717e-04
   5.7598961e-02   8.7197688e-02   1.1484752e-01  -5.3704886e-04   1.1899132e-03   6.5886076e-04
   6.6716186e-02   1.2982534e-01   1.8285243e-01  -1.3287397e-03   1.1193555e-03   6.4172754e-04
   5.7223624e-02   1.0810538e-01   1.8889127e-01  -1.6078732e-03   8.5112957e-04   4.4143876e-04
   5.2201914e-02   1.0099846e-01   1.5348516e-01  -1.7536625e-03   9.0967648e-04   3.9343099e-04
   5.0794264e-02   1.6161298e-01   1.8217378e-01  -2.8704684e-03   8.7450275e-04   3.5795798e-04
   4.3876620e-02   1.4378967e-01   1.4553654e-01  -2.7255236e-03   8.0253051e-04   3.8239599e-04
   4.7629927e-02   1.5024997e-01   1.3626789e-01  -2.3153310e-03   1.0154353e-03   5.4872914e-04
   5.2753710e-02   1.9127670e-01   1.6111719e-01  -3.1281000e-03   8.8262148e-04   4.5283474e-04
   5.7383598e-02   1.3745525e-01   1.3805705e-01  -2.6144608e-03   7.4123986e-04   4.4023694e-04
   6.9733565e-02   1.3236162e-01   1.3760346e-01  -2.3547856e-03   8.4288219e-04   6.7922525e-04
   8.8829419e-02   1.2549963e-01   1.8535221e-01  -1.7978586e-03   5.6394887e-04   5.6957211e-04
   6.6360972e-02   9.6280101e-02   1.5692804e-01  -1.3157773e-03   7.5304705e-04   5.5808931e-04
   7.1625995e-02   1.3951932e-01   2.1507619e-01  -1.8893402e-03   6.5396878e-04   3.8497114e-04
   7.0763087e-02   1.4361777e-01   2.1783693e-01  -1.9154986e-03   6.5112853e-04   3.6143473e-04
   7.9420937e-02   1.1502900e-01   2.0954461e-01  -1.3713261e-03   6.8741604e-04   5.3214378e-04
   7.9860023e-02   1.6231328e-01   2.2994458e-01  -2.5868227e-03   9.2486778e-04   4.9970657e-04
   7.8281800e-02   1.0808455e-01   2.0720597e-01  -1.8121341e-03   1.0278298e-03   6.0892852e-04
   8.6700918e-02   1.4087400e-01   2.2182732e-01  -2.5385267e-03   7.6150814e-04   9.0498933e-04
   9.4981064e-02   1.6570793e-01   2.6994948e-01  -2.7406006e-03   6.7555054e-04   1.0434512e-03
   8.9647354e-02   1.2474990e-01   2.3554624e-01  -2.1286066e-03   5.9408641e-04   1.1062762e-03
   9.7625007e-02   1.4512013e-01   2.4685739e-01  -2.7201149e-03   6.5541755e-04   1.2062299e-03
   8.5786051e-02   1.7483297e-01   2.4039791e-01  -2.6234151e-03   7.1964561e-04   8.7623458e-04
   9.0270530e-02   1.3844967e-01   2.1349067e-01  -2.0225368e-03   5.8312398e-04   1.0963119e-03
   9.0033647e-02   1.8562551e-01   2.3939041e-01  -2.5104986e-03   1.0113658e-03   1.3406533e-03
   9.1968212e-02   1.4370969e-01   2.1496011e-01  -2.2810160e-03   8.3398699e-04   1.1055891e-03
   8.4946796e-02   1.4224285e-01   2.0229810e-01  -1.9614960e-03   1.0300063e-03   1.1912822e-03
   8.7911255e-02   1.7103369e-01   2.4246966e-01  -2.3304214e-03   1.1686509e-03   1.4190919e-03
   9.7750512e-02   1.4897789e-01   2.3846051e-01  -1.7104048e-03   8.2792963e-04   1.2263881e-03
   1.0092677e-01   1.0740820e-01   2.1624782e-01  -1.1332521e-03   5.6970718e-04   1.3276309e-03
   1.0133479e-01   1.4505687e-01   2.5264219e-01  -2.0648680e-03   7.0352597e-04   1.3832546e-03
   1.0135155e-01   1.5978162e-01   2.4774179e-01  -2.0693149e-03   5.6084937e-04   1.1731459e-03
   8.6662206e-02   1.2263530e-01   2.0655832e-01  -1.5045568e-03   7.5030728e-04   1.3181446e-03
   9.4965161e-02   1.6705148e-01   2.2898205e-01  -2.1217659e-03   9.3936101e-04   1.5260278e-03
   8.8559118e-02   1.8238126e-01   2.5649930e-01  -2.4624007e-03   1.0708035e-03   1.2566934e-03
   9.5113460e-02   1.5456954e-01   2.5920491e-01  -1.9427645e-03   9.0304537e-04   1.1718177e-03
   8.3379054e-02   3.9419126e-02   1.5862049e-01   6.3336230e-04   1.2531586e-03   1.1270135e-03
   8.7757838e-02   1.7319190e-01   1.8298345e-01  -1.0255901e-03   1.0153688e-03   1.0323702e-03
   8.6709703e-02   1.0100567e-01   1.7569197e-01   6.2716633e-04   7.3369932e-04   8.7362428e-04
   9.8446714e-02   1.5410003e-01   2.0740080e-01  -5.4970596e-04   1.1051751e-03   1.0777646e-03
   1.0314005e-01   1.7350803e-01   2.5372155e-01  -9.2780667e-04   1.1135182e-03   4.0024521e-05
   1.3336041e-01   7.0361576e-02   1.0631425e-01  -1.9575311e-04  -1.5526119e-04  -3.8174541e-04
   1.1798920e-01   1.2046895e-01   1.2989050e-01  -8.6328212e-04   1.5025701e-04  -3.2513922e-04
   1.2075096e-01   1.0094263e-01   1.2407479e-01  -4.7318401e-04   1.0304567e-04  -2.8708609e-04
   1.0147512e-01   8.4631932e-02   8.0713605e-02  -5.1455722e-04   4.9380009e-04  -1.3649394e-05
   1.0766291e-01   1.0908231e-01   1.3411105e-01  -8.2810700e-04   5.7986163e-04   6.5802946e-05
   9.7503808e-02   1.0540800e-01   1.3988193e-01  -2.0442285e-04   4.8804232e-04  -1.0263307e-04
   9.9212175e-02   8.0532775e-02   1.3493983e-01   5.6381094e-04   6.1771346e-04  -2.3481761e-06
   9.2657403e-02   1.2202713e-01   1.6995977e-01  -4.3815740e-04   5.7697971e-04  -2.0292686e-04
   9.3447461e-02   5.7614909e-02   1.3555494e-01   5.8048689e-05   4.9108903e-04  -2.3157020e-05
   1.0150405e-01   9.4784571e-02   1.9002853e-01  -6.0586331e-04   4.8679379e-04   1.4662512e-04
   8.8660189e-02   1.0830211e-01   1.7415797e-01  -8.3391958e-04   4.1690240e-04  -1.3299102e-04
   9.0603422e-02   7.1461514e-02   1.3569293e-01  -3.0281485e-05   3.9780886e-04   1.2854959e-04
   1.0589688e-01   1.2128640e-01   1.9300598e-01  -2.0830411e-04   2.7601162e-04  -1.0272921e-04
   1.2673724e-01   5.0556059e-02   1.6514220e-01   1.0732637e-04  -1.3415589e-04   2.9674587e-04
   1.3316620e-01   9.5451317e-02   1.9827097e-01  -5.6614594e-04  -1.5239590e-04   4.0885958e-04
   1.1382847e-01   8.7494914e-02   1.7644064e-01  -4.3050961e-04   1.6327320e-04   2.0957893e-04
   1.1645561e-01   8.4354942e-02   1.7101170e-01  -2.0448487e-04   1.6409893e-04   3.3412856e-04
   1.0802528e-01   1.3059676e-01   1.9084045e-01  -6.7073817e-04   3.6137564e-04   2.2657826e-04
   1.0578703e-01   7.4220648e-02   1.5792762e-01   6.3147232e-04   4.2465738e-04   3.3558871e-04
   8.9745270e-02   1.4598038e-01   1.7462973e-01  -1.0320795e-03   9.0625425e-04   3.6555045e-04
   1.0312241e-01   1.2598276e-01   1.7296153e-01  -8.0674642e-04   5.7401674e-04   5.1822181e-04
   1.0983454e-01   9.1924854e-02   1.6381528e-01  -2.6899824e-04   4.4376847e-04   6.4945689e-04
   1.1384755e-01   1.4301798e-01   1.9055503e-01  -1.0727465e-03   3.5836755e-04   4.7794887e-04
   1.0075871e-01   1.1310322e-01   1.9738989e-01  -5.9004843e-04   2.1037599e-04   3.9133036e-04
   1.0945345e-01   8.5825972e-02   1.5501506e-01   1.2134421e-04   3.9505535e-04   8.8699279e-04
   1.2596889e-01   1.0924315e-01   2.1355216e-01  -1.3776668e-04   6.3102876e-05   7.6108060e-04
   1.1772467e-01   9.9876097e-02   2.1340664e-01  -1.4969884e-05   4.8724341e-05   3.6713698e-04
   1.1683311e-01   8.3080760e-02   1.8368183e-01   3.4350983e-04  -1.2507075e-04   3.8295184e-04
   1.1778175e-01   1.0068319e-01   1.9178235e-01  -4.0600903e-04   1.4941629e-05   5.7060110e-04
   1.0691742e-01   1.1321095e-01   1.8678398e-01  -7.1231761e-04   4.3693489e-05   2.4540202e-04
