   0.0000000e+00   0.0000000e+00   0.0000000e+00   0.0000000e+00   0.0000000e+00   0.0000000e+00
  -1.4389669e-04  -2.4592181e-02   2.1628301e-02   5.2924258e-04   1.7578445e-06  -9.7270688e-06
   6.6384033e-03   2.9897838e-02   6.0826442e-02  -1.8305273e-04  -1.0741046e-04  -1.3814151e-06
   2.0911339e-02   5.9704761e-02   9.8361128e-02  -7.5028626e-04  -3.7994303e-04  -7.1226681e-05
   2.7301870e-02   3.3286098e-02  -5.4112699e-04  -8.0550024e-04  -7.4817846e-04   9.6735494e-04
   2.3443952e-02  -4.5118046e-02  -7.8323865e-02   4.7891209e-04  -6.9716490e-06   1.8796827e-03
   1.3793192e-02  -3.9768572e-02  -6.3689634e-02   2.5023226e-03   6.6085791e-04   1.6936690e-03
  -3.1725765e-03  -2.1067090e-02  -6.6536174e-02   2.2803521e-03   1.0166581e-03   1.6937653e-03
  -3.0732366e-03   1.4561961e-02  -1.2406863e-02   1.8158132e-03   7.1713576e-04   1.3291785e-03
  -4.4786092e-03   7.8022945e-03   5.1510222e-03   1.3862394e-03   7.4968809e-04   1.1794622e-03
  -6.9275368e-03   1.5076695e-03  -1.9452300e-02   1.5527371e-03   9.5380487e-04   1.5806274e-03
   3.2752743e-03   4.2096978e-02   1.5056562e-02   7.8768190e-04   9.7957678e-04   1.5293516e-03
   5.7760889e-03   4.6842550e-02  -2.3331168e-03   5.2750535e-04   9.5379537e-04   1.2942813e-03
  -7.8133571e-03   2.0582030e-02  -1.2909091e-02   1.2432495e-03   1.2102722e-03   1.3096012e-03
  -5.9934694e-03   2.7663111e-02   2.0562592e-02   1.0093824e-03   1.2575767e-03   1.3513886e-03
  -7.9001992e-03   5.5466882e-02   3.1059037e-02   8.4009260e-04   1.0540485e-03   9.6888410e-04
  -7.4600410e-03  -2.3050377e-05  -1.7495874e-02   1.8857086e-03   7.3160489e-04   1.0958510e-03
  -1.4558270e-02   4.1729831e-02  -4.2375462e-03   8.5820772e-04   1.3003504e-03   1.2496448e-03
  -2.9356129e-03   2.9474988e-02   1.4827028e-02   1.1256119e-03   1.1919245e-03   1.2355258e-03
  -2.3306149e-04   4.0059111e-02   1.9097892e-02   7.6397849e-04   1.2038857e-03   1.3265464e-03
   2.9569386e-04   1.4128666e-02  -2.2401522e-02   1.5009391e-03   1.0897126e-03   1.5339122e-03
  -5.2716293e-03   3.9160135e-02  -3.3207376e-04   1.6223050e-03   1.2472361e-03   1.3890290e-03
   1.4166503e-03   3.7832546e-02  -9.5118549e-03   1.3009413e-03   1.1745650e-03   1.4764173e-03
   4.5500950e-03   1.8723380e-02  -2.4462126e-02   1.2298958e-03   1.1262284e-03   1.5853754e-03
  -9.6691340e-03   1.3338510e-02  -3.8215323e-02   1.7477766e-03   1.4785073e-03   1.6860817e-03
   1.2398558e-03   3.2917374e-02  -6.2606089e-03   1.5659773e-03   1.3042433e-03   1.5783987e-03
   8.1630435e-03   3.9251971e-02  -1.2258373e-02   1.0328702e-03   1.1379687e-03   1.5633558e-03
   1.1895939e-02   2.5563427e-02  -3.0299683e-02   1.3050274e-03   9.2490536e-04   1.6057850e-03
   6.7395889e-03   8.5473005e-03  -4.6155922e-02   1.3630537e-03   1.2720413e-03   1.8395216e-03
   6.5953099e-03   3.6382269e-02  -2.5275789e-02   9.9368452e-04   1.4023677e-03   1.8327223e-03
   8.4395440e-03   4.9427601e-02  -2.6404582e-02   9.3022675e-04   1.2531501e-03   1.7380216e-03
   5.3744179e-03   2.1615682e-02  -3.9907001e-02   1.7060485e-03   1.3534746e-03   1.7004140e-03
   1.3818421e-02   3.0787166e-02  -4.3031313e-02   1.4645763e-03   1.2023582e-03   1.6673027e-03
   1.3092285e-02   1.7250145e-02  -6.3454605e-02   1.7383173e-03   1.1932192e-03   1.6437443e-03
   1.3429200e-03   5.5561303e-02  -8.1328912e-03   9.1022674e-04   1.8698064e-03   1.6460482e-03
  -3.9396781e-03   2.4563153e-02  -6.8871768e-02   9.6684694e-04   1.6940821e-03   1.4526867e-03
  -4.2026805e-03  -2.9556149e-03  -9.0431207e-02   1.1046797e-03   1.4440095e-03   1.2255253e-03
  -3.6203739e-02   5.3513822e-02  -8.3925452e-02   5.7366092e-04   1.6605083e-03   1.2443396e-03
  -3.8365206e-02   1.1515103e-02  -3.4939039e-02   4.8231822e-04   1.6085319e-03   1.3007538e-03
  -4.1637590e-02   8.0239447e-02  -2.3774394e-02  -3.5906111e-04   1.7520665e-03   9.6125636e-04
  -2.8744070e-02   5.0644824e-02   1.4872239e-02   1.7491635e-05   1.7464240e-03   1.4053300e-03
   1.4841021e-01   7.1043278e-02   8.9219977e-02   1.7186413e-04  -2.7563015e-03   2.3432213e-03
   1.6345865e-01   7.4183757e-02   4.4914531e-02  -1.7000828e-04  -2.4264318e-03   2.3667770e-03
   1.7361394e-01  -4.8214778e-02  -2.8550136e-02   1.0418270e-03  -3.0228356e-03   2.3000947e-03
   1.6340273e-01   6.3004122e-02  -3.0632900e-02  -6.3744522e-04  -2.6454418e-03   2.3120303e-03
   1.6017848e-01   1.0177379e-02  -2.6747809e-02  -4.3221692e-04  -2.6228964e-03   2.1050992e-03
   1.6043824e-01   3.5690290e-02  -4.6507051e-02  -9.1211999e-04  -2.6425497e-03   2.1226127e-03
   1.4506179e-01   3.8325350e-02   5.1424675e-03  -6.7487731e-04  -2.3127412e-03   2.0436315e-03
   1.3778795e-01   2.4247457e-02   7.3036358e-03  -2.3986049e-04  -2.0364323e-03   2.1034287e-03
   1.2749911e-01   5.4478487e-02   4.9237967e-02  -7.6740508e-04  -1.6877877e-03   1.9787971e-03
   1.3230082e-01   1.5198027e-02   6.7466406e-02  -2.5909558e-04  -2.1257611e-03   1.7489434e-03
   1.2928708e-01   5.7639424e-02   8.9403535e-02  -9.4233076e-04  -2.1166230e-03   1.5677089e-03
   1.2770272e-01   3.4808615e-02   1.0361198e-01  -9.9732572e-04  -2.1114623e-03   1.3599433e-03
   1.2638649e-01   6.6126656e-02   7.0448886e-02  -9.9950079e-04  -2.1185377e-03   1.4338478e-03
   1.0586769e-01   8.1731764e-02   1.0327700e-01  -1.5358569e-03  -1.3613600e-03   1.3493010e-03
   9.4746146e-02   7.5017022e-02   1.4342543e-01  -8.3519435e-04  -1.1917831e-03   1.2162734e-03
   9.8839107e-02   8.5240622e-02   1.7088309e-01  -9.4482375e-04  -1.2821526e-03   1.3634854e-03
   1.0190579e-01   8.0017413e-02   2.0977182e-01  -8.7440719e-04  -1.3644624e-03   1.1686527e-03
   1.0585521e-01   7.5067504e-02   1.6619030e-01  -5.9151163e-04  -1.2810716e-03   1.5360105e-03
   1.0568991e-01   8.0478324e-02   1.6737402e-01  -3.6676167e-04  -1.3981779e-03   1.2274621e-03
   1.0277048e-01   7.7177144e-02   1.8210954e-01  -8.3376962e-04  -1.2827825e-03   1.3070668e-03
   9.1575689e-02   8.4910447e-02   1.5711162e-01  -6.7146700e-04  -9.3667808e-04   1.5928253e-03
   8.0134806e-02   1.1929520e-01   1.6899361e-01  -1.1291539e-03  -2.5730109e-04   1.5078278e-03
   8.0139634e-02   6.7493670e-02   1.9114474e-01  -3.5603486e-04  -6.8848947e-04   1.3092463e-03
   7.3089278e-02   1.1813545e-01   1.8365991e-01  -1.3744880e-03  -5.9456265e-04   1.2778516e-03
   2.1658506e-02   2.6010226e-04  -2.3999869e-01   1.5124643e-04  -2.6493269e-05   1.6750429e-03
   1.7364630e-02   8.8061323e-02  -8.2981980e-02  -1.1117385e-04   1.1111311e-04   8.2504711e-04
   1.5790728e-02   7.2333312e-02  -5.5736356e-02   1.9420243e-04   5.9218121e-04   9.6313151e-04
   5.5916383e-03   2.0953925e-02  -7.8206893e-02   8.8471690e-04   1.1123210e-03   1.2529193e-03
   1.3314846e-02   7.0122291e-02  -5.2703579e-02   4.2047552e-05   7.8990188e-04   1.0959278e-03
   1.0060636e-02   4.0421200e-02  -3.1211060e-02   4.3010259e-04   6.2602165e-04   8.3594786e-04
   2.1767104e-02   2.5777257e-02  -3.7430565e-02   7.6861898e-04   4.8402002e-04   8.3729043e-04
   3.3501580e-02   5.6744426e-02   8.4913862e-03   1.7437279e-04   4.3410627e-04   8.3507998e-04
   2.9744641e-02   5.0491042e-02   2.2037522e-02  -1.4069656e-04   3.9691628e-04   6.8182597e-04
   3.5851635e-02   4.4603142e-02   1.5390074e-02   3.2794623e-04   2.6711849e-04   9.1703078e-04
   4.7742948e-02   5.6509408e-02   1.9968135e-02   2.0527740e-04   2.3781608e-04   1.3468780e-03
   2.9471452e-02   7.9240162e-02   7.8826124e-02  -2.9198021e-04   6.3887466e-04   1.0758076e-03
   2.3729633e-02   7.1473957e-02   1.0503006e-01   5.4314546e-05   7.4320412e-04   8.1641080e-04
   2.5203706e-02   2.4764679e-02   9.6103687e-02   9.0920660e-04   6.9786146e-04   1.0528225e-03
   2.0034419e-02   9.9061280e-02   1.3919255e-01   1.1441914e-04   9.8039157e-04   7.9515576e-04
   2.5589478e-02   2.8947679e-02   9.1492191e-02   1.3964899e-03   7.0649951e-04   8.0816233e-04
   2.6678516e-02   7.3000073e-02   9.0683654e-02   4.4736698e-04   7.7753025e-04   7.8889187e-04
   3.3771263e-02   7.5369915e-02   1.0563539e-01   3.1149936e-04   6.7340533e-04   8.0768772e-04
   3.5793167e-02   3.7131490e-02   7.8541908e-02   6.2356785e-04   7.1612774e-04   9.8221439e-04
   3.5679265e-02   1.4555591e-02   6.0654097e-02   1.6996517e-03   1.0804979e-03   1.1902111e-03
   3.7167365e-02   8.1306543e-02   7.6447543e-02   9.8911770e-04   8.3764768e-04   1.0857348e-03
   4.0191780e-02   8.1781663e-02   6.9510946e-02   1.6439517e-03   7.5961621e-04   1.1074759e-03
   4.7104882e-02   5.8935501e-02   1.2362483e-01   1.7322801e-03   1.2128051e-03   1.2831793e-03
   4.8939502e-02   9.4774420e-02   1.1135043e-01   8.9570352e-04   9.1696909e-04   1.0418452e-03
   4.3116174e-02   2.0530672e-02   8.4925221e-02   1.4377255e-03   7.9245011e-04   1.0491568e-03
   5.0830036e-02   5.3603373e-02   1.0078436e-01   1.4092958e-03   6.0261845e-04   9.6050297e-04
   4.2009138e-02   6.5885321e-02   9.7729984e-02   1.8454286e-03   5.0480291e-04   6.0073036e-04
   3.7888321e-02   4.1443826e-02   9.1641009e-02   1.7694597e-03   4.8687018e-04   7.1405813e-04
   3.9213730e-02   6.7092020e-02   1.0409312e-01   1.2289985e-03   4.3506370e-04   5.6202673e-04
   3.8848596e-02   7.6604562e-02   1.1733567e-01   1.0412898e-03   4.0815150e-04   4.1525109e-04
   4.8168290e-02   1.8060798e-02   8.4296746e-02   1.9480981e-03   4.0394692e-04   5.3205149e-04
   4.7067534e-02   9.7688916e-02   1.3226505e-01   5.8425983e-04   4.8570897e-04   5.4727302e-04
   3.8270388e-02   6.1079054e-02   9.9016317e-02   9.2071864e-04   4.4420852e-04   3.4043424e-04
   3.7995071e-02   5.7438029e-02   7.7964801e-02   1.2090779e-03   4.1381352e-04   4.2461666e-04
   4.0149826e-02   9.7061960e-02   1.3723102e-01   5.8252067e-04   3.6376209e-04   1.7879467e-04
   4.5565926e-02   2.6875107e-02   1.0343232e-01   1.0607570e-03   4.8436571e-04   5.0731023e-04
   4.5642972e-02   6.3559455e-02   9.3648535e-02   9.6553999e-04   5.2335432e-04   5.7567156e-04
   4.2616114e-02   8.8401126e-02   1.2084516e-01   7.0162119e-04   6.9127867e-04   4.6416837e-04
   5.2461009e-02   3.1698326e-02   1.0568571e-01   1.2747241e-03   4.8844070e-04   5.3979805e-04
   5.2062071e-02   6.7626648e-02   1.0943293e-01   1.0537891e-03   2.6821059e-04   4.1505887e-04
   4.4191407e-02   7.0841031e-02   1.0690202e-01   1.1830526e-03   4.4201169e-04   5.0454112e-04
   4.3765848e-02   2.6196470e-02   8.7198851e-02   1.8900313e-03   4.3653852e-04   4.8578996e-04
   5.1774055e-02   3.5573640e-02   1.2129373e-01   2.4185618e-03   3.9804070e-04   4.8029518e-04
   5.4173768e-02   7.2344367e-02   1.4075016e-01   1.3575609e-03   3.7178922e-04   5.1188457e-04
   5.2617505e-02   1.9679671e-02   1.4967279e-01   1.9249246e-03   2.1258652e-04   6.3836986e-04
   4.7731653e-02   5.9063729e-02   1.8812167e-01   1.2525281e-03   3.2916889e-04   9.3970968e-04
   4.5026065e-02   6.1998729e-02   1.7369051e-01   1.5569742e-03   4.4644884e-04   6.4006947e-04
   5.3011425e-02   5.1292671e-02   1.2956199e-01   2.0687378e-03   7.9160838e-05   6.2305913e-04
   5.6948366e-02   7.9489580e-02   1.5154933e-01   1.2551550e-03   2.4416406e-04   7.9070502e-04
   4.7127889e-02   7.0476660e-02   1.3554502e-01   1.9556036e-03   4.9853149e-04   4.9435746e-04
   5.1531295e-02   6.4744137e-02   1.3028917e-01   2.5845342e-03   5.0791864e-04   6.2035097e-04
   5.4002576e-02   5.2820259e-02   1.8479358e-01   2.6167121e-03   6.1206239e-04   6.7772597e-04
   5.9059571e-02   7.5470472e-02   2.1182973e-01   2.1977392e-03   3.5580469e-04   4.4076063e-04
   4.9092144e-02   6.0791926e-02   1.8583125e-01   2.8270892e-03   4.0087691e-04   2.9402503e-04
   4.1694850e-02   4.9859084e-02   1.4856564e-01   2.6028402e-03   6.6081940e-04   4.3375698e-04
   3.4238453e-02   6.7829715e-02   1.8611873e-01   1.8618038e-03   1.1273847e-03   4.7921625e-04
   3.4632925e-02   5.4662837e-02   2.0928947e-01   2.4577360e-03   8.7679909e-04   2.5314790e-04
   4.1771212e-02   5.5511734e-02   2.2111438e-01   2.3438594e-03   6.1843586e-04   1.3354647e-04
   5.4227254e-02   4.8913424e-02   2.0654593e-01   2.3202158e-03   6.6472772e-04   5.6858607e-04
   5.6191691e-02   5.1506220e-02   1.8378781e-01   2.2804936e-03   9.4488412e-04   1.0055528e-03
   5.2639521e-02   8.0340823e-02   2.1543812e-01   2.0164695e-03   1.2064342e-03   8.8035793e-04
   4.7535820e-02   5.6248297e-02   2.1010913e-01   2.5389306e-03   1.1675367e-03   8.1535608e-04
   5.3768901e-02   4.3502877e-02   2.2050340e-01   2.6899728e-03   9.5633682e-04   1.0184888e-03
   5.9752680e-02   7.6992543e-02   2.5127968e-01   2.5371400e-03   8.5928135e-04   9.2221517e-04
   5.9951236e-02   4.7889878e-02   2.4907156e-01   3.2089232e-03   6.9733669e-04   7.0521989e-04
   6.8310943e-02   5.4592774e-02   2.5669728e-01   2.7893528e-03   6.7602118e-04   6.9605378e-04
   6.1300811e-02   6.3199388e-02   2.3252254e-01   2.7518487e-03   6.5928989e-04   3.9988358e-04
   5.0057788e-02   5.9595277e-02   2.0485465e-01   2.9046496e-03   1.0017369e-03   4.7305322e-04
   3.5467191e-02   7.2295736e-02   1.8119074e-01   2.8446422e-03   1.1186702e-03   5.6410964e-05
   4.6617385e-02   5.4978239e-02   2.3925930e-01   3.9199667e-03   8.7556338e-04  -1.9750332e-05
   4.4875054e-02   2.7902649e-02   2.5196791e-01   4.0140742e-03   8.8034519e-04  -1.3578321e-04
   5.2412664e-02   3.9004879e-02   2.5533616e-01   2.9948864e-03   1.0019366e-03   1.3708357e-04
   5.1821005e-02   8.2807302e-02   2.7766750e-01   2.6232988e-03   1.0922913e-03  -1.5145084e-05
   4.1208489e-02   2.6661090e-02   2.4435662e-01   3.6730093e-03   1.4093588e-03   3.7972406e-05
   4.1057335e-02   4.3005897e-02   2.5360666e-01   4.0732342e-03   1.0548838e-03  -1.2170474e-04
   3.2163251e-02   8.5375095e-02   2.8902442e-01   2.9887752e-03   1.4295940e-03  -1.4699664e-04
   2.6220725e-02   4.5796248e-02   2.7392800e-01   3.4795770e-03   1.2979730e-03  -1.2261627e-04
   3.4507451e-02   2.6063056e-02   2.5600431e-01   3.3503854e-03   1.1740384e-03   7.1760409e-05
   3.2812338e-02   5.5134164e-02   2.8029046e-01   3.2005969e-03   1.2973352e-03  -4.8734866e-05
   2.7634566e-02   1.6211571e-02   2.4602250e-01   3.5835824e-03   1.2079526e-03  -5.2217510e-05
   2.9260032e-02   1.6680364e-02   2.4521710e-01   3.7852577e-03   1.1929720e-03   9.2492089e-05
   4.0740257e-02   5.4096870e-02   2.9451596e-01   3.4812701e-03   1.0880082e-03   1.1442534e-04
   4.2063850e-02   3.6955645e-02   2.7296665e-01   3.9061564e-03   9.7459709e-04   3.3903280e-05
   4.4639425e-02   2.4325310e-02   2.5436241e-01   4.4104455e-03   8.8488572e-04   1.7275515e-04
   4.6332543e-02   6.7156069e-02   3.2444342e-01   4.3483397e-03   1.0565709e-03  -2.0133787e-04
   4.2889355e-02   6.2607880e-02   3.1016600e-01   4.3010192e-03   1.2443759e-03  -3.4958354e-04
   4.7658262e-02   3.2151035e-02   2.9258365e-01   4.7145586e-03   1.3332753e-03  -1.3147001e-04
   5.3086839e-02   5.1367688e-02   3.2684845e-01   4.2203173e-03   1.4281651e-03  -1.6421209e-04
   4.4888633e-02   6.1442674e-02   3.4123109e-01   4.3985018e-03   1.4639566e-03  -3.3447317e-04
   4.4560968e-02   5.5110789e-02   3.1474729e-01   4.4588201e-03   1.4157558e-03  -2.0767669e-04
   4.8891094e-02   8.7717901e-02   3.3242402e-01   3.7570500e-03   1.3196521e-03  -2.4825934e-04
   4.4776525e-02   7.6011279e-02   3.2736897e-01   4.2140484e-03   1.0571669e-03  -4.8183680e-04
   5.2988148e-02   2.8653975e-02   3.1931433e-01   4.9863210e-03   9.9133574e-04  -3.6382423e-04
   1.0646537e-01   1.2173668e-01   3.0518791e-01   3.3625380e-03  -1.6797128e-03  -3.8599668e-04
   7.9428569e-02  -1.8768589e-01  -8.3268983e-01  -6.2399714e-03  -5.1600378e-03   4.7406272e-04
   5.4870577e-02  -3.4778936e-02  -3.9532077e-01   8.4363974e-04  -1.2990565e-03  -1.2697689e-03
   4.5934038e-02  -1.1126360e-01  -3.1344203e-01   2.9442156e-03  -7.9393877e-04  -1.5156265e-03
   4.1728737e-02  -1.1044234e-01  -3.1362349e-01   2.4914982e-03  -3.5107560e-04  -1.3078737e-03
   3.9364312e-02  -9.1079260e-02  -2.5954936e-01   2.7571066e-03  -1.7787552e-04  -1.6206481e-03
   2.6259977e-02  -1.1723830e-01  -2.7752315e-01   2.7365568e-03   4.1439782e-04  -1.3020972e-03
   3.3800310e-02  -1.6186947e-01  -3.0734938e-01   4.1273019e-03   5.4857980e-04  -1.0492915e-03
   3.0581287e-02  -1.0189177e-01  -2.0636971e-01   4.0238190e-03   9.0142514e-04  -8.2820460e-04
   2.7415684e-02  -1.0486474e-01  -1.3697011e-01   5.7092875e-03   9.5860683e-04  -1.3130997e-03
   3.5121269e-02  -1.5471279e-01  -1.1951077e-01   6.0667359e-03   1.2575974e-03  -1.2101368e-03
   3.7720924e-02  -9.5060571e-02  -8.0030737e-02   4.8869392e-03   1.5186555e-03  -1.2201212e-03
   2.4332808e-02  -1.6720112e-01  -1.0024038e-01   6.1300618e-03   1.8238780e-03  -1.1366716e-03
   1.0292157e-02  -1.3480132e-01  -4.8404514e-02   5.6050545e-03   2.5980509e-03  -7.7438107e-04
   6.3272515e-03  -9.1310435e-02   9.1157774e-04   5.2140421e-03   2.7154350e-03  -8.0372530e-04
   1.0680724e-02  -1.0474885e-01  -1.3086647e-02   5.0307965e-03   3.1040788e-03  -6.5247851e-04
   3.9704254e-03  -1.0789034e-01  -9.6725355e-03   5.1731190e-03   3.4614904e-03  -3.7327780e-04
   3.4750137e-03  -8.8457197e-02   2.1212262e-02   5.0500637e-03   3.6052477e-03  -3.1220885e-04
   9.7704240e-03  -9.0104810e-02   1.2699686e-02   5.0564378e-03   3.5910589e-03  -7.4486051e-05
   1.3212271e-02  -8.1496798e-02  -2.0387662e-02   4.8090300e-03   3.5056064e-03  -4.4403734e-05
   1.4131735e-02  -8.8204087e-02   1.1766880e-02   4.6740826e-03   3.6359572e-03   5.6460753e-05
   5.3371050e-03  -1.0065210e-01   3.1677309e-03   5.1513562e-03   3.9087508e-03  -9.8384976e-05
   3.7586878e-03  -1.0661282e-01  -2.2477520e-02   5.3470022e-03   3.9386985e-03  -8.9885638e-05
  -5.0391734e-03  -8.1954719e-02   2.6649270e-02   5.1419718e-03   4.0880974e-03  -2.4053773e-04
  -1.7873393e-02  -1.1402029e-01   8.5930158e-03   5.7741279e-03   4.2160854e-03  -4.5091832e-04
  -1.1360318e-02  -5.7504163e-02   5.2099228e-02   4.8210411e-03   4.0089116e-03  -7.1873828e-04
  -1.3171577e-02  -1.8157479e-01  -3.1619929e-03   6.9352649e-03   4.0136371e-03  -8.1599475e-04
  -1.6667256e-02  -9.4002806e-02  -9.7165864e-03   5.9297644e-03   4.1451248e-03  -6.9263517e-04
  -2.0522513e-02  -1.0228167e-01   5.8130433e-03   6.8164668e-03   3.9890509e-03  -9.6687580e-04
  -2.4652804e-02  -1.0154698e-01  -6.4212526e-03   6.3553693e-03   3.9840984e-03  -9.1513410e-04
