   0.0000000e+00   0.0000000e+00   0.0000000e+00   6.9388939e-18   0.0000000e+00   0.0000000e+00
  -7.6940535e-03   4.3820194e-02   4.9464657e-02  -8.1099800e-04   1.8674448e-04  -6.7275898e-05
  -1.6407113e-02  -4.7995236e-03   5.0048771e-02   3.7261186e-04   2.4977030e-04  -2.5575465e-04
  -9.0454710e-03   3.3875162e-02   5.6435264e-02  -4.8950550e-04  -5.0476221e-05  -1.1561193e-04
  -1.1547780e-02   5.0871026e-02   6.7723568e-02  -4.1325285e-04   2.0026978e-04  -3.7418426e-05
  -1.2159550e-02   2.9001791e-02   5.7840071e-02   1.8715200e-04   6.9406080e-05  -2.8943547e-04
  -3.8813591e-03   4.6050698e-02   8.4527700e-02   2.5004838e-04  -3.2770433e-05   1.1800227e-05
  -7.2520025e-04   8.5244961e-02   1.1402480e-01  -5.4716765e-04   7.5296049e-05   6.8418155e-05
   3.4936694e-04   3.8178500e-02   7.9255262e-02  -3.6700060e-04  -3.6434128e-05   1.6303420e-04
  -5.4627149e-03   5.2167247e-02   5.8500533e-02  -2.2521704e-04  -2.4357145e-05   3.0690931e-04
  -1.2549757e-02   9.4212806e-02   6.5092534e-02  -6.1917636e-04   2.3936715e-04   1.6668474e-04
  -1.3038104e-02   4.3083698e-02   4.5237617e-02   9.7714090e-06   2.6802720e-04   2.0600444e-04
  -2.4867258e-02   5.2792517e-02   1.4358390e-02  -5.0656330e-05   6.6211899e-04   8.4487241e-05
  -4.0377492e-02   2.3042890e-02   2.0389912e-02   2.1298660e-03   1.4539265e-03  -6.7216256e-04
  -3.8351159e-02   3.5059323e-02   2.5917219e-02   1.4793640e-03   1.3522202e-03  -3.6589913e-04
  -3.7502910e-02   4.5475381e-03   2.4389401e-02   2.1448685e-03   1.1137716e-03  -6.0614578e-04
  -3.6979116e-02  -5.6832148e-03   4.8950982e-02   2.2970384e-03   1.0821247e-03  -7.2303269e-04
  -3.5051408e-02   1.4402954e-02   5.0595152e-02   1.1383598e-03   1.4599220e-03  -6.9008279e-04
  -1.6726251e-02   3.0128028e-02   5.2806688e-02   6.2830224e-04   1.4241908e-03  -8.0019759e-04
  -2.3097813e-02  -1.5874306e-02   1.3088222e-02   1.4063175e-03   1.6652394e-03  -6.2916364e-04
  -3.0147291e-02   3.3019485e-03   2.9937689e-03   1.1532369e-03   1.8203222e-03  -7.2363115e-04
  -3.1940724e-02   2.0411075e-02   4.4427654e-02   1.1851743e-03   1.8631023e-03  -8.6236938e-04
  -2.8463099e-02   1.3848875e-03   4.2831049e-02   1.6372754e-03   1.7283406e-03  -6.5360106e-04
  -2.6072602e-02   2.9115511e-02   2.5082696e-02   1.0878722e-03   1.6961435e-03  -5.4607650e-04
  -3.7063348e-02   2.7249922e-02   3.2050719e-02   1.2949105e-03   1.9184874e-03  -8.2477240e-04
  -3.5862524e-02  -7.3770391e-02  -3.7106218e-02   3.5987636e-03   2.3258346e-03  -8.2354986e-04
  -2.3543125e-02   1.3282782e-02   5.0084234e-02   2.3649941e-03   1.8671229e-03  -7.0848441e-04
  -2.4793948e-02  -6.4587979e-04   4.0320621e-02   2.7779751e-03   1.9770823e-03  -6.3696474e-04
  -2.9918554e-02   2.9883190e-02   5.0571854e-02   1.9299395e-03   2.2610110e-03  -3.7008194e-04
  -1.9299768e-02   3.6442282e-02   7.2720148e-02   1.4629128e-03   1.9754346e-03  -4.9390662e-04
  -1.7897336e-02   4.4259826e-02   8.2020114e-02   8.4282826e-04   1.9084797e-03  -3.9235689e-04
  -1.0445733e-02   1.3858227e-02   5.4950754e-02   1.3201447e-03   1.6238132e-03  -2.3977704e-04
  -2.0148672e-02   2.9147640e-02   4.4978697e-02   1.5130868e-03   1.8913222e-03  -1.7885788e-04
  -1.9744420e-02   3.6303695e-02   5.6106092e-02   1.4714424e-03   1.7583407e-03  -1.7711695e-04
  -3.0383412e-02   4.2285400e-02   4.4856600e-02   1.2959080e-03   1.8860994e-03  -2.5627039e-04
  -3.2101528e-02   4.6759602e-02   3.2226618e-02   1.5415743e-03   1.8877199e-03  -2.6062391e-04
  -3.6762728e-02   3.1084581e-02   2.8202308e-02   1.4156584e-03   1.9413301e-03  -1.8779056e-04
  -3.7457038e-02   2.3992123e-02   2.8393032e-02   1.4441889e-03   1.9952826e-03  -1.3606141e-04
  -2.7286735e-02   1.1723989e-02   3.7916540e-02   2.1442282e-03   1.6459777e-03  -4.0607812e-04
  -2.5924153e-02   1.4208804e-02   6.4332140e-02   1.8300591e-03   1.7059021e-03  -2.9817744e-04
  -3.0071965e-02   1.0351986e-03   6.8448245e-02   2.0344630e-03   1.8945779e-03  -3.3081170e-04
  -2.3721520e-02   4.4171958e-02   4.8251288e-02   1.4258080e-03   1.5512497e-03  -5.9035527e-04
  -3.3844400e-02   3.2850526e-02   5.8986610e-02   1.4344299e-03   1.8982663e-03  -4.9584316e-04
  -3.0647763e-02   1.2961018e-02   5.5658432e-02   1.8089303e-03   1.8090663e-03  -4.0343414e-04
  -3.1472172e-02   4.5744529e-02   4.7299962e-02   8.3299955e-04   1.8967842e-03  -4.3295138e-04
  -3.8542574e-02   3.9863262e-02   5.8699562e-02   8.3433066e-04   2.1732888e-03  -6.0988082e-04
  -4.0099110e-02  -6.1073415e-02   9.3904799e-03   3.8696230e-03   2.2146153e-03  -7.5743919e-04
  -4.5829138e-02   3.3456335e-02   3.7250640e-02   2.1625098e-03   2.3633398e-03  -9.5555956e-04
  -5.6667652e-02   1.3472351e-02   4.4522485e-02   2.5779974e-03   2.6007319e-03  -9.2514969e-04
  -6.1774654e-02  -1.4931131e-03   7.3327579e-02   2.7976014e-03   2.6957605e-03  -1.3180559e-03
  -6.8489314e-02  -2.3049045e-02   6.1440925e-02   3.0968025e-03   2.8719834e-03  -1.4977737e-03
  -7.4506886e-02   2.6721128e-02   8.8951269e-02   2.3952639e-03   2.9933505e-03  -1.4624796e-03
  -6.7108722e-02   2.9911891e-05   8.5366214e-02   2.2541690e-03   3.0440552e-03  -1.6058207e-03
  -6.7540505e-02  -8.1071597e-03   5.8765037e-02   3.1897539e-03   2.9592236e-03  -1.4821379e-03
  -6.8032057e-02   3.4646995e-02   8.7604157e-02   2.4294088e-03   2.8400708e-03  -1.7644639e-03
  -2.6430416e-02  -1.1604953e-03   7.6275636e-02   2.6034962e-03   2.3870361e-03  -1.4229804e-03
  -3.5118233e-02  -2.1682449e-02   3.2421123e-02   3.0111734e-03   2.1680040e-03  -1.2995884e-03
  -3.9993367e-02   1.7135504e-02   3.5928166e-02   2.3792173e-03   2.1710302e-03  -1.5457767e-03
  -3.2004504e-02   3.0459231e-04   4.2100255e-02   2.6595848e-03   1.7441289e-03  -1.3507961e-03
  -2.1101884e-02  -2.8798264e-03   2.6278460e-02   2.9209264e-03   1.7399370e-03  -1.1632137e-03
  -2.4044421e-02   1.6805572e-02   3.1119875e-02   2.5098747e-03   1.8062887e-03  -1.2858440e-03
  -1.6469097e-02   3.0699387e-02   4.9485553e-02   2.4891684e-03   1.5959177e-03  -1.4360921e-03
  -2.7052688e-02   4.4966448e-03   3.9823641e-02   2.8832635e-03   1.8287663e-03  -1.4365040e-03
  -3.2841842e-02   2.6401178e-02   2.1941933e-02   2.3561610e-03   2.0802058e-03  -1.3590962e-03
  -3.8494679e-02   2.3657204e-02   5.5579239e-02   2.2633828e-03   2.1244009e-03  -1.5175520e-03
  -3.5942707e-02   4.3127511e-02   4.6754872e-02   1.6350999e-03   2.0006201e-03  -1.6593003e-03
  -3.9910536e-02  -2.7111718e-03   2.6149703e-02   2.7772236e-03   1.9754331e-03  -1.6355906e-03
  -3.8711458e-02   2.6125166e-02   3.2023948e-02   2.6930816e-03   1.9870428e-03  -1.5389708e-03
  -3.4471488e-02  -1.1657701e-03   3.4345916e-02   3.1266728e-03   1.9702749e-03  -1.3683899e-03
  -2.8255164e-02   1.5471008e-02   7.9361629e-02   2.5077508e-03   2.3905173e-03  -1.2331856e-03
  -3.3277664e-02   2.0531297e-02   6.6735632e-02   2.7716117e-03   2.3277493e-03  -1.2452311e-03
  -3.8977726e-02  -1.3116255e-03   4.4265019e-02   3.5378050e-03   2.3107935e-03  -1.4505248e-03
  -4.8692085e-02  -1.3039689e-02   4.0944773e-02   3.2303956e-03   2.4627419e-03  -1.5308790e-03
  -4.8660724e-02   1.1574073e-03   4.7319441e-02   2.8981996e-03   2.7040675e-03  -1.5748719e-03
  -4.8771725e-02   3.4500518e-02   5.9403819e-02   2.1015505e-03   2.5745970e-03  -1.6089259e-03
  -4.9732595e-02  -1.0397408e-02   5.9444168e-02   3.0989037e-03   2.5200851e-03  -1.5355141e-03
  -5.7028546e-02   1.8951858e-02   3.8306970e-02   2.9528124e-03   3.0153600e-03  -1.3817755e-03
  -6.5441219e-02   6.1288963e-03   6.0356864e-02   3.6004302e-03   3.6231634e-03  -1.7132863e-03
  -5.6624503e-02   3.3439671e-02   8.8330368e-02   3.0291074e-03   3.4810948e-03  -1.8069784e-03
  -5.8233862e-02   1.9636550e-02   8.2446311e-02   3.6159621e-03   3.4998500e-03  -2.0253000e-03
  -4.8375217e-02  -1.5040820e-04   8.0224990e-02   4.4661758e-03   3.3640800e-03  -2.0678536e-03
  -4.9261928e-02  -6.9341527e-03   7.2210700e-02   4.9008167e-03   3.2441381e-03  -2.0817627e-03
  -4.8440057e-02   2.7234724e-02   9.5558742e-02   3.7078762e-03   3.4532774e-03  -2.0131188e-03
  -4.5333026e-02   1.2307349e-02   8.0227076e-02   4.0817919e-03   3.3339042e-03  -2.1084002e-03
  -5.7028263e-02  -1.4885944e-02   6.9490983e-02   4.5570508e-03   3.4724542e-03  -2.0522537e-03
  -4.3892006e-02   3.0085976e-02   6.5321398e-02   3.7537760e-03   3.1201469e-03  -2.1133476e-03
  -5.4257276e-02   4.5286574e-02   6.5830364e-02   3.5307227e-03   3.2721861e-03  -2.2345226e-03
  -4.8567229e-02   7.0068642e-04   6.1187909e-02   4.3235351e-03   2.9628577e-03  -2.1668782e-03
  -4.8185591e-02  -1.2843058e-02   6.6305632e-02   4.5846154e-03   3.0249115e-03  -1.8519054e-03
  -4.6482663e-02   3.4607637e-02   1.0173014e-01   3.3783652e-03   3.0024668e-03  -2.1386762e-03
  -5.6055654e-02   2.0823582e-02   1.0038623e-01   3.6482024e-03   3.2966043e-03  -2.0208995e-03
  -5.5508789e-02   3.4500800e-03   7.8989572e-02   4.3696522e-03   3.1208635e-03  -1.9962120e-03
  -4.7705039e-02   3.6721117e-02   9.0728948e-02   3.9747384e-03   3.0828686e-03  -1.9873116e-03
  -4.9222535e-02   5.1809787e-02   1.4587569e-01   3.7114240e-03   3.1399385e-03  -2.4583567e-03
  -4.4987781e-02   9.6228697e-03   1.3497962e-01   4.0379994e-03   2.9181348e-03  -2.5080306e-03
  -4.9534310e-02  -7.1324463e-03   1.1130693e-01   4.2919884e-03   2.9464751e-03  -2.5456562e-03
  -7.2726030e-02   1.1387659e-02   1.0802797e-01   4.6667216e-03   3.5367028e-03  -2.7464886e-03
  -7.6445161e-02   2.6974211e-02   1.2950423e-01   4.5072890e-03   3.6328418e-03  -2.8067504e-03
  -6.5485540e-02   1.8001694e-03   1.6456349e-01   5.9654268e-03   3.7329499e-03  -3.1113677e-03
  -5.8493904e-02   1.6039545e-02   1.5447657e-01   5.8458875e-03   4.1141289e-03  -2.6401462e-03
  -5.3363648e-02   8.2096033e-03   1.5194901e-01   6.3088850e-03   4.1442412e-03  -2.6323233e-03
  -4.3922162e-02  -6.3863614e-03   1.3975667e-01   6.7484752e-03   3.9593129e-03  -2.9059375e-03
  -5.5041969e-02   1.0355877e-02   1.5381349e-01   6.2433433e-03   4.1126471e-03  -2.9253886e-03
  -5.5847605e-02   2.1773240e-02   1.4779207e-01   6.4122248e-03   4.1319797e-03  -3.1952750e-03
  -4.8793573e-02   1.6243037e-02   1.2955141e-01   6.4260855e-03   3.9167811e-03  -3.2461777e-03
  -4.8494157e-02  -1.0056595e-02   1.4290745e-01   7.0175811e-03   3.9018888e-03  -3.1128613e-03
  -5.6017897e-02   1.1319232e-02   1.4638244e-01   6.6360392e-03   4.0221400e-03  -3.2009770e-03
  -6.3444851e-02   1.6697713e-02   1.5035971e-01   6.3595402e-03   3.9843132e-03  -3.4130889e-03
  -5.7194974e-02   2.8082160e-03   1.5910194e-01   6.5887453e-03   3.6545802e-03  -3.3647339e-03
  -5.7815774e-02  -9.1719392e-03   1.3570505e-01   6.6797146e-03   3.7990866e-03  -3.2467529e-03
  -6.6512378e-02   1.4145901e-02   1.5890197e-01   6.4889693e-03   3.9860228e-03  -3.5838480e-03
  -1.0687026e-01   6.9522936e-02   2.3040694e-01   5.9841784e-03   4.6234398e-03  -4.5414150e-03
  -4.6937113e-02   1.5561257e-02   2.0973001e-01   3.9387728e-03   4.0153906e-03  -2.5665190e-03
  -2.6922701e-02  -1.0584623e-01   6.4065903e-02   8.7790749e-03   3.2723644e-03  -1.2201916e-03
  -1.4063655e-02   4.1053750e-02   1.2231634e-01   6.0060510e-03   2.9606571e-03  -1.4265264e-03
  -3.8030216e-02   5.2644091e-02   1.7354925e-01   6.4784487e-03   3.3816526e-03  -2.2261568e-03
  -4.0597769e-02   4.9266627e-02   1.5306528e-01   7.3855640e-03   3.4958274e-03  -2.5680400e-03
  -3.7381858e-02   2.0193291e-02   1.9932401e-01   8.0324331e-03   3.5369827e-03  -2.5910598e-03
  -4.2224540e-02   5.8095214e-02   2.2596461e-01   6.5547563e-03   3.7967444e-03  -2.5828246e-03
  -4.1802298e-02   4.4800773e-02   2.2086971e-01   6.6286654e-03   3.6024250e-03  -2.6670316e-03
  -4.3060083e-02   2.7660403e-02   2.1535786e-01   7.2921120e-03   3.6575487e-03  -2.6271118e-03
  -4.8622400e-02   3.8884828e-02   2.1308322e-01   7.6332162e-03   3.9450275e-03  -2.4473693e-03
  -4.8590006e-02   6.0022861e-02   2.4182661e-01   7.3956710e-03   4.0687535e-03  -2.5590302e-03
  -4.1370620e-02   2.6344748e-02   2.3627240e-01   7.4593230e-03   4.1009938e-03  -2.4531878e-03
  -4.8631406e-02   5.1357445e-02   2.2940056e-01   7.2977743e-03   4.5546248e-03  -2.5241564e-03
  -5.3045566e-02   9.1227787e-02   2.8340839e-01   6.1520871e-03   5.1011843e-03  -3.6926058e-03
  -4.4230462e-02   4.3467878e-02   2.7303240e-01   6.9364251e-03   4.5382812e-03  -4.1283751e-03
  -6.7274107e-02   5.7257281e-02   2.5993812e-01   7.1817729e-03   4.5607875e-03  -4.6702899e-03
  -5.6663255e-02   5.6320538e-02   2.6614451e-01   6.5640500e-03   4.7704915e-03  -4.2636518e-03
  -6.0226418e-02   6.6750620e-02   2.5700982e-01   6.2731007e-03   4.9193054e-03  -4.1525546e-03
  -6.3440608e-02   3.0033622e-02   2.6301570e-01   7.1703782e-03   5.1493235e-03  -4.1965203e-03
  -6.3387923e-02   7.5847958e-02   2.7114714e-01   6.3382324e-03   5.1723508e-03  -4.0948708e-03
  -6.6658723e-02   9.3150287e-02   2.7981352e-01   6.2089526e-03   5.2334399e-03  -4.2160703e-03
  -5.9036123e-02   6.2902267e-02   2.7128471e-01   6.3582490e-03   5.0157291e-03  -4.0085943e-03
  -5.9239521e-02   7.6260135e-02   2.6699498e-01   6.6280249e-03   4.9807970e-03  -3.9733800e-03
  -5.3169905e-02   1.0952723e-01   2.4405759e-01   5.4852788e-03   4.8348953e-03  -4.0330647e-03
  -6.5542996e-02   1.2011416e-01   2.6433019e-01   5.3146422e-03   4.9392621e-03  -4.2493637e-03
  -6.7277713e-02   1.1698057e-01   2.4423153e-01   5.7159066e-03   4.8022423e-03  -4.1867079e-03
  -6.4308362e-02   1.0975444e-01   2.4991942e-01   5.8251954e-03   4.7667918e-03  -4.2589553e-03
  -6.1702812e-02   9.4766867e-02   2.7739796e-01   5.9488406e-03   4.6116721e-03  -4.5344715e-03
  -6.1439431e-02   8.9700309e-02   3.1389864e-01   6.1374096e-03   4.7023349e-03  -4.5458055e-03
  -6.6769773e-02   5.9236167e-02   3.3958695e-01   7.0356501e-03   4.8649365e-03  -4.5974431e-03
  -7.8899798e-02   2.9903751e-02   2.5853362e-01   7.9319397e-03   5.5625349e-03  -4.7792337e-03
  -6.9373877e-02   9.8832292e-02   3.2186357e-01   6.9318561e-03   5.5902053e-03  -4.6871986e-03
  -7.1576157e-02   8.9880164e-02   3.1117763e-01   7.8479587e-03   5.4508856e-03  -4.6527901e-03
  -7.5942750e-02   1.0459132e-01   3.0419830e-01   7.5862882e-03   5.7534831e-03  -4.4722553e-03
  -7.0748255e-02   9.8587796e-02   3.3666581e-01   7.3715137e-03   5.6602796e-03  -4.6360385e-03
  -7.4242747e-02   1.2119895e-01   3.4331529e-01   6.4474145e-03   5.7319815e-03  -4.5898210e-03
  -6.1216321e-02   1.3691549e-01   3.4959473e-01   6.5269964e-03   5.0805326e-03  -5.1961678e-03
  -3.7782247e-02   1.8847915e-01   5.5931647e-01   5.4233844e-03   4.8221898e-03  -5.1569432e-03
   1.3139619e-04   2.7257426e-02   3.2894308e-01   8.2588549e-03   3.4743751e-03  -4.9370189e-03
  -1.1355250e-02   9.3010493e-02   3.3037388e-01   7.3418053e-03   4.0423748e-03  -4.6307713e-03
  -5.5277325e-03   9.2751515e-02   3.2866819e-01   7.4808759e-03   4.0312834e-03  -4.7935878e-03
  -2.0902322e-02   5.5789925e-02   3.2662208e-01   8.3904607e-03   4.3823039e-03  -4.8762494e-03
  -2.3096153e-02   9.7911540e-02   3.4936264e-01   8.1016056e-03   4.3939455e-03  -4.8342761e-03
  -1.8444329e-02   7.8172210e-02   3.8825298e-01   8.7466283e-03   4.4731223e-03  -5.1720678e-03
  -6.8835880e-03   7.8240586e-02   3.8756171e-01   7.8238708e-03   4.1770788e-03  -5.0440329e-03
  -1.4487360e-02   5.2537495e-02   4.0295135e-01   8.1445588e-03   4.3317756e-03  -5.0127678e-03
  -1.0280701e-02   9.1844270e-02   4.2590736e-01   7.5617988e-03   4.4839661e-03  -4.8811965e-03
  -1.1038181e-02   6.8901869e-02   4.0889939e-01   7.9797900e-03   4.2704290e-03  -5.0701250e-03
  -8.3876862e-03   4.5908130e-02   4.0089081e-01   8.5196767e-03   3.8002860e-03  -5.3534975e-03
  -3.3064643e-02   9.4349546e-02   4.4163018e-01   7.9625168e-03   4.3582681e-03  -5.5309358e-03
  -3.0747523e-02   7.3630865e-02   4.3409787e-01   8.0587626e-03   4.2287426e-03  -5.3781110e-03
  -2.5176428e-02   8.2349783e-02   4.0272514e-01   7.6253128e-03   4.0781687e-03  -5.3519367e-03
  -3.1886549e-02   1.1669748e-01   4.2741053e-01   7.3155279e-03   4.0840870e-03  -5.6229476e-03
  -3.8924541e-02   1.0586539e-01   4.3143037e-01   7.7124989e-03   4.3237463e-03  -5.7097872e-03
  -2.1290108e-02   5.3804159e-02   4.1509925e-01   8.2936482e-03   3.9278119e-03  -5.4537471e-03
  -3.2674963e-02   1.2303492e-01   4.3809791e-01   7.1432793e-03   4.2360712e-03  -5.4072203e-03
  -1.7626714e-02   1.0384909e-01   4.0148950e-01   7.4664576e-03   4.0816509e-03  -5.1375175e-03
  -4.2035719e-02   4.2880149e-02   3.1448798e-01   7.8994787e-03   4.9534855e-03  -5.4041884e-03
  -3.5236574e-02   1.4352112e-01   4.0994927e-01   6.3216953e-03   4.5651498e-03  -5.3365194e-03
  -2.3518140e-02   6.7334660e-02   3.8070336e-01   7.7071007e-03   4.1931561e-03  -5.3126972e-03
  -4.1069256e-02   1.1189592e-01   3.6869473e-01   7.0959016e-03   4.7699657e-03  -5.2882744e-03
  -3.1050705e-02   1.2589231e-01   3.9532686e-01   7.2765321e-03   4.3935723e-03  -5.3770058e-03
  -2.9757279e-02   7.2954851e-02   4.0319435e-01   7.8414407e-03   4.5442453e-03  -5.2806955e-03
  -3.1590036e-02   1.4045817e-01   3.9723007e-01   6.6551684e-03   4.6195957e-03  -5.3693007e-03
  -2.7337535e-02   9.1450507e-02   4.0088263e-01   7.6038640e-03   4.2800536e-03  -5.6844874e-03
  -3.7912903e-02   9.0923127e-02   3.9542974e-01   8.0494603e-03   4.3709395e-03  -5.9092429e-03
  -4.3053544e-02   1.1043037e-01   4.0258274e-01   8.0634332e-03   4.6994012e-03  -6.0407093e-03
  -3.5582298e-02   9.0077263e-02   4.2813506e-01   7.9144649e-03   4.9938489e-03  -5.9719161e-03
  -2.1339441e-02   7.3571941e-02   3.8326837e-01   7.8326706e-03   4.8242853e-03  -5.6695618e-03
  -3.6346580e-02   1.1303563e-01   4.0567677e-01   7.0183669e-03   5.2770917e-03  -5.6981993e-03
  -3.9287855e-02   1.0904756e-01   4.2848934e-01   7.3459392e-03   5.1683914e-03  -5.7073015e-03
  -3.7043873e-02   9.4036102e-02   3.9834895e-01   7.3962005e-03   4.9690649e-03  -5.5829748e-03
  -4.3668766e-02   1.2066365e-01   4.0592226e-01   7.0201079e-03   5.0602781e-03  -5.8247331e-03
  -5.3241324e-02   9.4405604e-02   4.1002789e-01   8.3198096e-03   4.9404474e-03  -5.9964655e-03
  -5.4367359e-02   1.0148308e-01   4.2132102e-01   8.4642176e-03   4.8904413e-03  -5.8566105e-03
  -4.4407098e-02   1.6721648e-01   4.1480056e-01   6.9582787e-03   4.6846260e-03  -5.7267258e-03
