   0.0000000e+00   0.0000000e+00   0.0000000e+00   0.0000000e+00   0.0000000e+00   0.0000000e+00
  -1.0015735e-02   2.9307281e-02   4.2289132e-02  -1.0702108e-03   2.3931011e-04  -5.4374783e-05
   3.3332876e-02   4.3161561e-02   1.5218186e-01  -1.3002474e-03  -3.1064229e-04   1.5905299e-04
   3.5737870e-02   2.1689682e-02   9.1565418e-02  -1.1155605e-03  -5.6067477e-04   6.0149615e-05
   2.9760888e-02   2.5617564e-03   9.3846990e-02  -6.1682807e-04  -5.1721261e-04  -2.7224530e-05
   2.9572279e-02   4.2248966e-02   8.5127581e-02  -1.4446268e-03  -4.2666474e-04  -2.4192035e-05
   3.1388732e-02   3.2540170e-02   8.4292655e-02  -1.1675977e-03  -4.5387134e-04   4.4171768e-05
   2.1594834e-02   2.9691282e-02   9.6559608e-02  -7.5748890e-04  -2.0727871e-04  -3.9827448e-04
   1.8606949e-02   4.7640893e-02   7.8294396e-02  -1.4211947e-03  -7.9159415e-05  -2.3040498e-04
   1.2675525e-02   5.2952511e-02   9.1900562e-02  -1.7823948e-03   1.1814074e-04  -2.0834612e-04
   1.8256918e-02   1.7077151e-02   1.0308065e-01  -1.4420291e-03   8.5375742e-05  -9.7365743e-05
   1.2330419e-02   2.1110208e-02   9.5554572e-02  -1.5236667e-03   2.3759018e-04  -1.4190361e-04
   9.1736493e-03   6.6401263e-02   8.2054507e-02  -2.0723127e-03   3.5533854e-04  -1.4067297e-04
   5.0929475e-03   3.3741554e-02   1.0355805e-01  -1.4625399e-03   3.9427462e-04  -1.2761056e-04
   7.3301280e-03   3.1019543e-02   9.3657585e-02  -1.5486409e-03   3.7869678e-04  -3.3498085e-04
   3.5208013e-02   3.4330873e-02   1.1331728e-01  -1.4773674e-03  -3.1617116e-04  -7.0424402e-04
  -8.0867759e-02  -7.6237348e-02   9.5746235e-03   6.3655735e-04   2.8378745e-03  -2.6424116e-03
  -3.4774415e-02  -5.0223927e-02  -2.6281456e-01  -1.1819786e-05   2.0021287e-03  -3.7632820e-03
  -8.9773778e-03   2.7135315e-02   8.4652694e-02  -3.5484190e-03   1.5586270e-03  -1.5356518e-03
  -1.6755751e-02   1.5504724e-02   8.9668541e-02  -2.7456153e-03   1.9453060e-03  -1.2109734e-03
   5.0405146e-03  -6.6452548e-02   3.0751902e-02  -5.5765313e-04   1.3616636e-03  -9.5706202e-04
   7.8824259e-03   4.2101680e-02   9.3451563e-02  -8.8086881e-04   9.2682771e-04  -8.1956109e-04
  -6.3526581e-04  -1.1505162e-02   9.3118776e-02   4.0467461e-04   1.2114199e-03  -5.0294858e-04
   8.2442101e-04   4.3494386e-02   1.3891735e-01  -6.0247128e-04   1.3785096e-03  -5.0519685e-04
  -8.3984689e-04  -1.1974779e-02   1.3581877e-01  -8.9402093e-04   1.1828289e-03  -6.5373038e-04
  -5.6002974e-03   2.1279661e-02   1.2623344e-01  -1.3623781e-03   1.4020124e-03  -6.5206756e-04
  -3.2246623e-03   4.1847340e-02   1.1353351e-01  -1.7761631e-03   1.7954347e-03  -4.9718952e-04
  -3.3508904e-03  -3.3029468e-02   1.2583009e-01   1.4443447e-04   1.6388144e-03  -6.7501009e-04
  -2.4048660e-03   1.7409473e-02   1.2062268e-01  -6.5521584e-04   1.8950134e-03  -4.8045970e-04
  -1.9616965e-03   1.5955656e-02   1.4877573e-01  -6.1819753e-04   1.6799017e-03  -6.7149830e-04
   3.7694200e-02  -1.5026303e-02   7.3782562e-02  -3.3359864e-04   6.6689269e-04  -2.5922231e-04
   2.5288634e-02   7.0252529e-02   6.6784242e-02  -1.6896582e-03   1.1896146e-03  -3.7447807e-04
   1.9484764e-02   2.0881313e-02   6.9530852e-02  -1.4019694e-03   1.3041872e-03  -3.4268530e-04
   1.0836664e-02   2.2568769e-02   5.9487660e-02  -1.0332622e-03   1.6156176e-03  -2.5826800e-04
   1.5917152e-02   7.0653234e-02   7.7200589e-02  -1.8044411e-03   1.4690699e-03  -3.6012241e-04
   1.4389143e-02   2.8637173e-02   9.2441217e-02  -1.3355632e-03   1.5405128e-03  -4.6131896e-04
   1.7587502e-02   1.1300435e-02   8.6005430e-02  -1.0317810e-03   1.6174761e-03  -4.4594534e-04
   1.8539999e-02   6.4521498e-02   9.1912366e-02  -2.0272904e-03   1.5668839e-03  -3.6849763e-04
   8.0905684e-03   3.0187611e-02   9.5330081e-02  -1.7057102e-03   1.7619727e-03  -3.4059473e-04
   7.3366195e-03   2.5447059e-02   8.2427743e-02  -1.1688702e-03   1.8377751e-03  -3.9688695e-04
   9.7826159e-03   1.4815630e-02   1.0152722e-01  -1.2246104e-03   1.8034267e-03  -5.4899400e-04
   7.8412940e-03   3.6675295e-02   1.0041056e-01  -1.7925913e-03   1.8611645e-03  -5.3713584e-04
   1.5304450e-03   1.6520637e-02   1.1421138e-01  -1.3362563e-03   1.7880796e-03  -4.7462396e-04
  -4.1827455e-04   3.6623838e-02   1.0757699e-01  -2.1753287e-03   1.3360895e-03  -8.3649132e-04
  -1.1164796e-03   3.8200963e-02   1.2853289e-01  -2.1693214e-03   8.6693513e-04  -1.1128023e-03
  -1.1345827e-03   2.6426825e-02   1.2843125e-01  -1.9608122e-03   8.6403775e-04  -1.0947039e-03
  -1.8808849e-03   1.8464417e-02   1.0653587e-01  -1.9725958e-03   1.1344120e-03  -1.0935278e-03
   8.3562344e-04   1.4482475e-02   1.4000946e-01  -1.4114680e-03   1.1857841e-03  -1.5392848e-03
  -5.9911011e-03  -1.1236572e-02   6.1125611e-02  -1.0694397e-03   1.5545741e-03  -1.7681048e-03
  -5.9124884e-04   4.5719607e-02   7.4478075e-02  -2.2927241e-03   1.3169771e-03  -1.6254171e-03
  -7.8280333e-03   5.9823603e-02   8.2713851e-02  -2.2224424e-03   1.5472276e-03  -1.6727143e-03
  -5.3704302e-03   2.2489291e-02   9.8445758e-02  -1.6637383e-03   1.3582024e-03  -1.6925182e-03
  -1.4356315e-02   1.9656827e-02   7.6047690e-02  -1.6163659e-03   1.5875413e-03  -1.6958643e-03
  -8.1413183e-03   5.0209325e-02   1.1055332e-01  -1.9441402e-03   1.6109647e-03  -1.9221451e-03
  -6.4195926e-03   4.0705537e-02   1.0934454e-01  -2.0854364e-03   1.5188535e-03  -1.9685762e-03
  -1.3633618e-03   1.4748299e-02   1.0331556e-01  -1.8706393e-03   1.3640142e-03  -1.9381338e-03
   2.4992246e-03   3.2875019e-02   1.0251156e-01  -2.0178478e-03   1.3716319e-03  -1.5970105e-03
   1.0524280e-02   4.9372560e-02   1.1880609e-01  -2.3940212e-03   1.3644970e-03  -1.7031720e-03
   5.6009409e-03   1.0622794e-03   1.2355312e-01  -1.5227765e-03   1.3502879e-03  -1.7631339e-03
   6.0916096e-04   2.7048511e-03   1.3752962e-01  -1.6925581e-03   1.3132084e-03  -1.9342837e-03
   1.3164314e-03   4.9496383e-02   1.3617643e-01  -2.9474595e-03   1.3081295e-03  -1.8698644e-03
   1.9943978e-03   5.7305938e-02   1.1998867e-01  -3.0999618e-03   1.2962550e-03  -1.6818549e-03
   1.3030116e-02   3.1021753e-02   9.3984633e-02  -2.3428231e-03   9.4701028e-04  -1.7926621e-03
   4.6370934e-02   7.9346927e-02   5.9414810e-02  -3.3032693e-03   7.9464842e-05  -9.1064686e-04
   5.2045848e-02   4.5241651e-02   9.1330622e-02  -2.6598255e-03  -1.5060190e-05  -9.2972489e-04
   4.9252558e-02   4.1177885e-03   9.0633845e-02  -2.0693190e-03   5.3834511e-05  -8.3446352e-04
   4.9925472e-02   5.1423951e-02   1.2409434e-01  -2.8469994e-03   1.3919919e-04  -8.5097785e-04
   3.8366235e-02   4.1944300e-02   1.0420690e-01  -2.5997118e-03  -2.0245202e-04  -1.1107694e-03
   3.4653621e-02   3.9180845e-02   7.9895018e-02  -2.5191299e-03   1.2492620e-04  -9.5360367e-04
   3.9418553e-02   5.0448046e-02   9.3319821e-02  -2.3047461e-03   2.1673566e-04  -1.0127702e-03
   3.6885620e-02   3.4112301e-02   9.3620955e-02  -1.6904419e-03   2.4880491e-04  -1.0046583e-03
   3.4659011e-02   7.2204204e-03   1.1099834e-01  -1.1576955e-03   3.3792271e-04  -1.2504635e-03
   3.1750462e-02   3.5520472e-02   1.0933239e-01  -2.4433617e-03   5.2717178e-04  -1.2611925e-03
   2.6671220e-02   5.2463003e-02   1.0512135e-01  -2.6967916e-03   4.8477709e-04  -1.5398661e-03
   1.7419965e-02   5.0111918e-02   1.0471938e-01  -2.8455753e-03   7.0841517e-04  -1.5232703e-03
   1.9656780e-02   4.4328718e-02   1.1758441e-01  -2.1513147e-03   5.5005446e-04  -1.7026312e-03
   2.6337092e-02   1.6008622e-02   1.0414994e-01  -1.6486363e-03   5.0633990e-04  -1.6638609e-03
   2.0636609e-02   2.1948026e-02   9.1532510e-02  -2.1511856e-03   6.2688526e-04  -1.7378103e-03
   2.0721666e-02   4.9109138e-02   8.6500061e-02  -2.9586244e-03   9.2346157e-04  -2.0197560e-03
   2.2353690e-02  -2.7911736e-02   3.9828259e-02  -1.0078081e-03   9.8179866e-04  -2.0220933e-03
   2.5968041e-02   5.9814513e-02   1.0471402e-01  -2.6503278e-03   1.1699091e-03  -2.1066335e-03
   3.0902323e-02   6.0363680e-02   1.0384279e-01  -2.7291408e-03   1.0471134e-03  -2.0574817e-03
   3.0669389e-02   2.8983585e-02   1.1022039e-01  -2.1362097e-03   1.1547574e-03  -1.9688229e-03
   3.1481789e-02   2.1653493e-02   1.2493152e-01  -1.8604252e-03   1.2211905e-03  -1.8792971e-03
   3.5875947e-02   4.2262853e-02   1.3466510e-01  -2.8058344e-03   1.1562873e-03  -1.8038130e-03
   2.9999015e-02   4.6195602e-02   1.1373715e-01  -2.8024492e-03   1.2437329e-03  -1.8471214e-03
   3.3000924e-02   5.7125852e-03   1.1494648e-01  -1.3894159e-03   9.7697880e-04  -1.9118072e-03
   2.7556636e-02   4.0005836e-02   1.5200257e-01  -2.3591648e-03   1.8080856e-03  -2.0219286e-03
   1.8394584e-02   3.8966188e-02   1.6640987e-01  -2.2096664e-03   1.9470808e-03  -1.9978589e-03
   2.0468081e-02  -1.3786164e-02   1.3789115e-01  -1.6926538e-03   2.0378616e-03  -1.9328225e-03
   1.7478265e-02   4.4260602e-02   1.2910139e-01  -2.5724709e-03   2.2842453e-03  -1.8701635e-03
   1.7001299e-02   5.1113547e-02   1.2605065e-01  -2.9440609e-03   2.1482778e-03  -1.7847185e-03
   1.5583035e-02   2.7298810e-02   1.1407252e-01  -1.8033528e-03   2.0665683e-03  -1.7773031e-03
   1.8198326e-02   5.3528067e-02   1.0889904e-01  -1.7603407e-03   2.0532217e-03  -1.9057588e-03
   1.8765818e-02   1.8418131e-02   1.3347750e-01  -1.5801815e-03   2.0867170e-03  -1.9886750e-03
   2.2522713e-02   5.2110178e-02   1.6638818e-01  -2.1801177e-03   1.9697745e-03  -2.2640271e-03
   2.4329252e-02   3.4783856e-02   1.5080097e-01  -1.9000613e-03   1.8217203e-03  -2.2775917e-03
   2.7550343e-02   2.4527109e-02   1.2563937e-01  -1.4986904e-03   1.8678505e-03  -2.0371746e-03
   3.5109044e-02   3.2957972e-02   1.4553741e-01  -1.7093883e-03   1.7551029e-03  -2.1230229e-03
   3.7897796e-02   4.0234184e-02   1.6066512e-01  -1.7595407e-03   1.6873092e-03  -2.1849547e-03
   4.1215670e-02   4.2903632e-02   1.3981085e-01  -1.7284171e-03   1.5377550e-03  -2.2171347e-03
   3.6172260e-02   2.8136827e-02   1.1599373e-01  -1.2400335e-03   1.5908627e-03  -2.2287364e-03
   2.9136426e-02   6.2191490e-02   1.3816965e-01  -2.0907759e-03   1.9130228e-03  -2.3104243e-03
   3.5385755e-02   6.0795191e-02   1.4741613e-01  -2.2056697e-03   1.7048565e-03  -2.2520302e-03
   3.9953681e-02   3.1897078e-02   1.3165789e-01  -1.5967172e-03   1.6435091e-03  -2.2224853e-03
   4.2882789e-02   4.0900946e-02   1.2868000e-01  -1.6851103e-03   1.7234732e-03  -2.1202147e-03
   4.3124854e-02   2.6653327e-02   1.4981659e-01  -1.2002271e-03   1.6719395e-03  -2.2276346e-03
   6.2789658e-02   8.2280017e-02   1.6478509e-01  -2.5686385e-03   1.4019958e-03  -2.8183328e-03
   8.7994226e-02   3.7637387e-02   1.1757830e-01  -1.9894161e-03   7.1369195e-04  -2.6715127e-03
   1.0562057e-02   2.3095695e-02   1.5243008e-01  -1.4035119e-03   2.1845144e-03  -1.9993644e-03
   1.5942233e-02   4.0198637e-02   1.9752579e-01  -1.5371298e-03   2.1690902e-03  -1.9376406e-03
   1.4951216e-02   3.5598114e-02   2.1033645e-01  -1.5823537e-03   2.1635770e-03  -1.9831696e-03
   1.1286841e-02   6.7187353e-03   1.9064924e-01  -9.9585737e-04   2.1777333e-03  -1.9453616e-03
   8.9766963e-03   5.6739223e-02   1.8574441e-01  -2.2573208e-03   2.4860241e-03  -1.9139379e-03
   1.5738121e-02   4.6452583e-02   2.0158897e-01  -1.8444785e-03   2.4526475e-03  -1.9212445e-03
   1.9713812e-02   2.0576043e-02   2.1625374e-01  -1.1557796e-03   2.1042596e-03  -1.8581272e-03
   3.3381593e-02   1.5302911e-02   2.0071119e-01  -1.6740838e-03   2.3216610e-03  -1.5759428e-03
   4.2948696e-02   1.6313155e-02   2.1967208e-01  -1.6665430e-03   2.3501120e-03  -1.6846670e-03
   4.0436964e-02   4.3419274e-02   1.8317128e-01  -2.3156090e-03   2.2921177e-03  -1.7678354e-03
   3.2519458e-02   2.7584853e-02   1.9227762e-01  -1.6024951e-03   2.6121181e-03  -1.6987075e-03
   4.4330812e-02   2.9044310e-02   1.8521141e-01  -1.1602494e-03   2.3960247e-03  -1.7475373e-03
   4.8263993e-02   5.5798025e-02   1.7916594e-01  -2.1856726e-03   2.3805220e-03  -1.8163045e-03
   2.7119515e-02  -5.1988754e-02   1.0677071e-01   2.3238689e-03   2.8166530e-03  -2.0200015e-03
   2.9107869e-02  -3.2383959e-03   1.8478168e-01  -5.3129052e-05   2.8847252e-03  -2.0425342e-03
   3.3353482e-02   1.8539206e-02   2.0283355e-01   3.8045075e-04   2.9687403e-03  -2.1660301e-03
   2.7311188e-02  -5.5782255e-03   2.2514923e-01   4.4413617e-04   3.0933109e-03  -2.1255903e-03
   2.4770837e-02   3.9596215e-03   2.1467648e-01  -4.6077974e-04   3.1594394e-03  -2.0093052e-03
   1.3375049e-02   3.7223575e-02   2.2840211e-01  -1.0094294e-03   3.4911601e-03  -1.9117109e-03
   1.8955566e-02  -7.7391709e-04   2.3300380e-01   9.8972316e-05   3.5349510e-03  -1.8727799e-03
   1.2326503e-02   1.6248827e-02   2.1429157e-01  -4.8740953e-04   3.7038699e-03  -1.8843857e-03
   1.3617512e-02   2.8740724e-02   2.3353657e-01  -2.5131899e-04   3.8621821e-03  -2.1806000e-03
   2.7260478e-03   3.6984646e-02   2.4487891e-01  -5.4489048e-05   4.1271193e-03  -2.5576390e-03
   1.6967058e-03   1.0924071e-02   2.4952499e-01   2.4048161e-04   4.1804569e-03  -2.6582631e-03
   4.9264558e-03   6.2774062e-03   2.3435788e-01   4.6246583e-04   4.1305487e-03  -2.5319537e-03
  -1.0741644e-02   5.9769348e-02   2.6249525e-01  -7.8669732e-04   4.6722742e-03  -2.4269492e-03
  -5.6294343e-03   2.8729177e-02   2.7377478e-01  -4.6530171e-05   4.3300939e-03  -2.6081554e-03
   2.9350297e-02   2.4581819e-02   2.5404137e-01  -2.8877440e-04   3.1715679e-03  -2.2358816e-03
   2.4634667e-02   7.9697015e-02   2.3102269e-01  -2.1223406e-03   2.7540377e-03  -2.0716278e-03
   1.6790601e-02   1.8059085e-02   2.3733137e-01  -5.6430229e-04   3.4872487e-03  -2.0658144e-03
   2.4575613e-03   3.5466256e-02   2.2656382e-01  -8.5159639e-04   4.3482728e-03  -2.1072042e-03
  -1.5471472e-03   3.5425010e-02   2.5621340e-01  -1.6781202e-04   4.3347851e-03  -2.4703614e-03
   6.8031640e-03   8.7986416e-03   2.7563007e-01   3.9179521e-04   4.1460416e-03  -2.5010312e-03
   1.1994221e-02   2.4496922e-02   2.8211843e-01  -7.7900248e-05   4.3280850e-03  -2.3658995e-03
   2.3541608e-02   1.4748108e-02   3.0454129e-01   3.4699115e-04   3.9918686e-03  -2.5190023e-03
   3.0339905e-02  -1.3941085e-02   3.0402537e-01   3.8627479e-04   4.0502047e-03  -2.1942466e-03
   2.6497503e-02   2.9205641e-02   2.8473796e-01  -8.4452892e-04   3.9986887e-03  -2.1838670e-03
   2.3706350e-02   5.0433518e-02   3.1008876e-01  -9.7803991e-04   3.8802897e-03  -2.4474961e-03
   2.0774291e-02   6.9203856e-03   2.8186612e-01   9.7162036e-05   3.8332613e-03  -2.1866492e-03
   9.3983451e-03   7.3833843e-02   2.7301011e-01  -1.3705726e-03   4.1515511e-03  -2.5972731e-03
   1.1147054e-02  -5.6515747e-02   2.1537253e-01   1.1729958e-03   3.9965915e-03  -2.4374243e-03
   7.8584632e-03   6.1784813e-02   2.2078008e-01  -8.0648512e-04   3.9620484e-03  -2.2023425e-03
   3.2499185e-03   8.4237735e-02   2.2832639e-01  -3.1775929e-04   4.5560067e-03  -2.1294340e-03
  -9.6895006e-03  -2.0719635e-02   1.1906466e-01   1.4323633e-03   4.8754569e-03  -2.1527640e-03
  -1.9366949e-03   2.3209524e-02   2.0673587e-01   7.1589958e-04   5.0140991e-03  -2.1807436e-03
  -1.2314114e-02  -2.7217546e-02   1.8469374e-01   1.2731749e-03   5.2327095e-03  -2.0984234e-03
  -4.8562553e-03   2.3083774e-02   1.4833419e-01   1.7743626e-04   5.2216641e-03  -2.0534785e-03
  -4.9654356e-03  -2.6303547e-02   1.6777600e-01   9.8170893e-04   5.1236283e-03  -2.1746913e-03
  -6.7299431e-03  -1.1690367e-02   1.6149023e-01   1.0531554e-03   5.1708025e-03  -2.1577930e-03
  -9.2095793e-03   1.8730678e-02   1.8488703e-01   7.5548587e-04   5.3439100e-03  -2.3152167e-03
  -4.2460638e-03  -4.7230384e-02   2.3343301e-01   1.8550418e-03   5.0705737e-03  -2.2257484e-03
  -2.5890696e-03   3.2196842e-02   2.2775874e-01   5.6380494e-05   5.0423713e-03  -2.3742909e-03
   1.4967043e-02  -3.3046001e-02   2.4674389e-01   1.2934547e-03   4.5197457e-03  -2.0117421e-03
   8.9957472e-03   2.9799291e-02   1.9460921e-01   2.3266126e-04   4.8610079e-03  -2.1036564e-03
  -6.1217458e-04  -3.2227391e-03   2.0995777e-01   8.4118088e-04   5.0698682e-03  -2.1919827e-03
  -4.0068574e-03  -8.5944199e-03   2.0718104e-01   1.6128005e-03   5.2249722e-03  -2.1350156e-03
   2.2936533e-03   6.3159758e-03   2.0539542e-01   1.6393522e-03   4.9568918e-03  -2.2491157e-03
   5.5842615e-03   3.3010402e-02   2.1433698e-01   4.6988569e-04   5.1085998e-03  -2.1131402e-03
   9.2486942e-03   1.1280304e-03   1.8257096e-01   7.2672493e-04   5.1455344e-03  -1.8374789e-03
  -3.1148047e-02  -8.5262611e-02   5.8187846e-02   3.8319399e-03   6.9004387e-03  -2.3356288e-03
  -2.0809754e-02   3.6784382e-02   1.5378677e-01   1.4267704e-03   6.5389001e-03  -2.2332104e-03
  -1.8708860e-02  -2.8331825e-02   1.6257375e-01   3.3373973e-03   6.1538111e-03  -2.4725359e-03
  -1.5982231e-02  -1.9102984e-02   1.3463992e-01   3.0314668e-03   6.1129289e-03  -2.3906387e-03
  -2.3842805e-02   3.2343792e-02   1.6853059e-01   2.0673051e-03   6.3821967e-03  -2.3959854e-03
  -1.8471529e-02  -1.8374063e-05   1.7981714e-01   2.1936491e-03   6.2912080e-03  -2.4710712e-03
  -1.1538009e-02  -1.9924403e-02   1.4425306e-01   2.9447161e-03   5.7690945e-03  -2.5522625e-03
  -2.3282420e-02   2.7410678e-02   1.4304122e-01   1.9390561e-03   6.2012893e-03  -2.3603880e-03
  -1.8976992e-02   1.1041771e-02   1.4494641e-01   2.2271367e-03   6.2933140e-03  -2.4205834e-03
  -2.7777384e-02  -1.6930868e-02   1.3781136e-01   2.6375533e-03   6.2256060e-03  -2.3262606e-03
  -3.3812663e-02  -8.3962227e-03   6.6049912e-02   2.2276184e-03   6.2381812e-03  -2.4497733e-03
  -2.0156933e-02  -1.5750748e-03   1.3548615e-01   2.1892498e-03   6.1960018e-03  -2.6525945e-03
  -1.8154959e-02  -2.9807011e-02   1.7722237e-01   2.3999880e-03   5.9866246e-03  -2.7601181e-03
  -2.2522203e-02  -2.6344506e-02   1.3926170e-01   2.1469799e-03   6.0858782e-03  -2.5622836e-03
  -3.0742078e-02   1.6185667e-02   1.6909635e-01   1.6203232e-03   6.2085014e-03  -2.6729795e-03
  -2.9570711e-02  -9.1086089e-03   1.6161023e-01   2.2836301e-03   6.2628391e-03  -2.8738030e-03
  -3.3141522e-02  -2.4601718e-02   1.7294279e-01   2.5425271e-03   5.7723388e-03  -2.9625921e-03
  -4.2248195e-02  -1.0773426e-02   1.6236230e-01   2.0515492e-03   4.8538976e-03  -3.3754253e-03
  -4.5550696e-02   8.3061417e-03   1.6962225e-01   1.8132285e-03   5.6283560e-03  -3.0919837e-03
   7.4809168e-03   4.8480805e-02   1.1860494e-01  -1.7836190e-04   3.2521337e-03  -3.4830102e-03
