   0.0000000e+00   0.0000000e+00   0.0000000e+00   0.0000000e+00   0.0000000e+00  -1.7347235e-18
   2.7335598e-03   2.2524336e-02   8.1874261e-02  -1.6204001e-03   5.5707447e-04   3.2114834e-04
  -1.6981200e-02  -8.1691848e-03   1.0314560e-01  -3.8779006e-04   6.6840681e-04   1.3769140e-04
  -2.3104237e-02   3.8355673e-02   8.8488737e-02  -4.3764934e-04   8.7364240e-04   2.3266379e-04
  -1.8898370e-02   8.9344079e-03   1.5523847e-01   1.6918237e-04   9.3385145e-04   1.1900449e-04
  -3.1296018e-02   3.0322830e-02   1.4796813e-01  -4.4312914e-04   1.3814287e-03   3.7782313e-04
  -3.4998053e-02   5.8590732e-02   1.7365906e-01  -1.1752881e-03   1.5347932e-03   6.5321880e-04
  -4.6628010e-02   3.5774388e-02   1.7777992e-01  -8.1655918e-04   1.9425781e-03   4.2999904e-04
  -6.0421039e-02   4.0009041e-02   1.5601184e-01  -6.8047201e-04   2.3963310e-03   4.7437603e-04
  -7.5896668e-02   6.7700937e-02   1.7647603e-01  -9.6012350e-04   2.8646754e-03  -7.7267655e-05
  -8.0104656e-02   2.5984534e-02   1.5608121e-01   1.2728351e-04   2.8110784e-03  -6.8274807e-04
  -1.0852544e-01   5.8372555e-02   1.5692797e-01  -5.3542643e-04   3.4786321e-03  -7.3836771e-04
  -1.1431310e-01   4.9245121e-02   1.7083895e-01  -4.5092930e-04   3.6604200e-03  -7.5413121e-04
  -1.0052129e-01   4.4780610e-02   1.8879774e-01  -2.9613926e-04   3.3727378e-03  -1.0302085e-03
  -1.0068573e-01  -2.0532419e-04   1.5634894e-01   1.0834736e-03   3.6042215e-03  -8.6666570e-04
  -8.7669417e-02   2.7247198e-02   1.5041353e-01   1.4908404e-03   2.7359216e-03  -7.8025900e-04
  -8.0041152e-02  -7.2967114e-03   1.7078709e-01   1.9851404e-03   2.3179054e-03  -1.2884357e-03
  -6.8682256e-02   2.2653423e-02   1.6163858e-01   1.6271586e-03   2.1451013e-03  -1.2416147e-03
  -7.0150866e-02   4.7317218e-02   1.8386507e-01   8.5479595e-04   2.2147791e-03  -1.2310287e-03
  -6.3273507e-02   5.4692874e-03   1.8053083e-01   1.5268875e-03   2.1301143e-03  -1.1181680e-03
  -4.8022530e-02   7.8338495e-02   2.1332590e-01   1.0857803e-04   1.7432572e-03  -1.3205721e-03
  -5.5920922e-02   6.3181579e-02   2.3138994e-01   1.6129772e-04   2.0287537e-03  -1.6425626e-03
  -5.7685882e-02   3.5024874e-02   2.1621533e-01   5.0659046e-04   1.9932005e-03  -1.4885053e-03
  -5.7652802e-02   8.1849928e-02   2.3327091e-01   2.0851669e-05   2.1459870e-03  -1.4357676e-03
  -5.4316523e-02   2.6232267e-02   2.2282411e-01   5.3997871e-04   1.8794048e-03  -1.5361917e-03
  -5.4362690e-02   4.9523137e-02   2.2523023e-01   4.5526174e-04   1.7600801e-03  -1.7252116e-03
  -6.0139549e-02   5.1292694e-02   2.6174094e-01   1.1118227e-03   1.9236796e-03  -2.1112937e-03
  -5.6234056e-02   4.0438699e-02   2.6424572e-01   9.3734351e-04   1.9867128e-03  -2.1095403e-03
  -4.3053174e-02   7.4464879e-02   2.5977220e-01  -1.6798045e-07   1.5779538e-03  -2.0891298e-03
  -5.7053496e-02   5.4399551e-02   2.5740593e-01   3.6184978e-05   2.0166422e-03  -2.2228690e-03
  -6.2840093e-02   4.1283254e-02   2.3640459e-01   5.7086413e-04   2.1679150e-03  -2.1719123e-03
  -6.7107523e-02   9.7645470e-02   2.5268539e-01  -6.4591886e-05   2.2857048e-03  -2.2212596e-03
  -6.0435056e-02   8.7098829e-02   2.5819595e-01  -1.6458600e-04   1.9158939e-03  -2.4848906e-03
  -4.2692329e-02   3.0424344e-03   2.4283732e-01   4.2193524e-04   1.7968054e-03  -2.1639261e-03
  -6.7523002e-02   6.7852441e-02   2.3452877e-01   5.2534910e-04   2.3093937e-03  -2.9074043e-03
  -6.2745906e-02   2.9852616e-02   2.4757665e-01   9.6516997e-04   2.1171581e-03  -2.5659261e-03
  -5.9515778e-02   7.2820371e-02   2.7034741e-01   2.9041106e-04   2.1037583e-03  -2.5161838e-03
  -7.0417791e-02   9.4774627e-02   2.8723255e-01   2.3212768e-04   2.3077764e-03  -2.8940650e-03
  -5.6932532e-02   3.8244955e-02   2.6951460e-01   9.2103996e-04   1.6428430e-03  -2.9888959e-03
  -6.0617041e-02   1.1181055e-01   2.9060423e-01  -7.6138006e-04   1.9844736e-03  -2.7376647e-03
  -7.7531757e-02   8.7960224e-02   2.9997836e-01  -3.5500639e-04   2.3691261e-03  -2.9170884e-03
  -7.8593363e-02   7.1657442e-02   2.8784041e-01   1.8339030e-04   2.4307709e-03  -2.8444513e-03
  -8.2580302e-02   1.1699241e-01   3.0559212e-01  -3.9798787e-04   2.5037523e-03  -2.9758214e-03
  -8.6976193e-02   5.9942403e-02   3.1786701e-01   9.7864583e-04   2.5860891e-03  -3.1797037e-03
  -8.4016876e-02   7.7542282e-02   3.2534137e-01   5.8579780e-04   2.7886992e-03  -2.8784894e-03
  -9.0595874e-02   1.2337547e-01   3.5172336e-01  -2.9833522e-04   2.8400107e-03  -3.1785666e-03
  -8.3302588e-02   8.1022833e-02   3.3547745e-01   4.2373089e-04   2.7943655e-03  -3.1719484e-03
  -4.4681916e-02   1.0639539e-01   2.7417026e-01   2.3613483e-04   2.2574657e-03  -3.1022422e-03
  -5.3705579e-02   8.7998186e-02   2.8353502e-01   8.1080795e-05   2.2884973e-03  -3.0296941e-03
  -7.0048950e-02   5.6684266e-03   2.3317914e-01   1.7714666e-03   2.6451417e-03  -3.3626364e-03
  -8.0599589e-02   1.2242534e-01   3.2022013e-01   1.5833485e-04   2.7961079e-03  -3.6943984e-03
  -8.0928129e-02   2.2022935e-02   2.6931258e-01   1.5142326e-03   2.8251302e-03  -3.5842308e-03
  -8.4065164e-02   5.6742281e-02   2.6440415e-01   1.6563561e-03   2.9569793e-03  -3.6409089e-03
  -8.4298740e-02   8.3844971e-02   3.2246671e-01   1.2799684e-03   2.9760263e-03  -3.8231889e-03
  -9.0225353e-02   1.8176037e-02   3.1922050e-01   1.6725379e-03   3.3433832e-03  -3.5172173e-03
  -9.0195730e-02   8.0787691e-02   3.2878396e-01   1.6677041e-04   3.4108883e-03  -3.2651927e-03
  -9.0046271e-02   8.5474400e-02   3.4248956e-01   2.0900748e-04   3.3102425e-03  -3.4249828e-03
  -8.1637552e-02   4.8362530e-02   2.8633993e-01   1.0929911e-03   2.9748914e-03  -3.5404384e-03
  -8.6872472e-02   7.2027084e-02   2.7707923e-01   8.4127816e-04   3.1691167e-03  -3.3242738e-03
  -1.0619634e-01   9.7804880e-02   3.1401702e-01   3.3091435e-04   3.5907432e-03  -3.7698950e-03
  -1.0138579e-01   5.0524952e-02   3.0601977e-01   1.5060530e-03   3.5247116e-03  -3.8328717e-03
  -9.9790599e-02   8.8220418e-02   3.0066677e-01   9.2088127e-04   3.5943084e-03  -3.6887692e-03
  -1.0078247e-01   7.7984423e-02   3.2796406e-01   1.2133941e-03   3.5564446e-03  -3.9981813e-03
  -9.0510333e-02   4.5577734e-02   3.1898644e-01   2.1234291e-03   3.5306008e-03  -3.8586979e-03
  -8.8702535e-02   1.2809377e-01   4.2782499e-01   1.7613476e-03   3.7150163e-03  -3.8191607e-03
  -6.7516408e-02   5.3865288e-02   3.5305003e-01   1.7233498e-03   3.1049952e-03  -3.8085128e-03
  -6.5319007e-02   8.8002362e-02   3.3171548e-01   9.0362418e-04   3.1614116e-03  -3.4187800e-03
  -7.3532990e-02   1.0553966e-01   3.5873387e-01   1.1023896e-03   3.1704748e-03  -3.6935213e-03
  -7.5045572e-02   5.0198296e-02   3.2780053e-01   1.7758160e-03   3.3285891e-03  -3.6369496e-03
  -7.2178204e-02   6.6619291e-02   3.3014387e-01   1.7578745e-03   3.1763619e-03  -3.6253455e-03
  -6.2455066e-02   9.6340059e-02   3.9269036e-01   1.4174641e-03   2.5678781e-03  -4.0165560e-03
  -5.1779187e-02   7.2910018e-02   3.4758257e-01   1.2003786e-03   2.3933526e-03  -3.7319402e-03
  -6.3477057e-02   6.3143250e-02   3.5041201e-01   1.2635048e-03   2.8512778e-03  -3.6664337e-03
  -5.6868181e-02   4.9411709e-02   3.5743413e-01   1.3080649e-03   2.9050677e-03  -3.8661264e-03
  -7.0848970e-02   8.3693667e-02   3.4829125e-01   1.0061696e-03   2.9596828e-03  -4.0339632e-03
  -7.8784050e-02   6.1564543e-02   3.2064996e-01   1.9552314e-03   3.0191501e-03  -4.0185891e-03
  -7.7039667e-02   3.8208788e-02   3.2369205e-01   2.4188311e-03   3.0637497e-03  -4.0513472e-03
  -8.3951399e-02   2.2017909e-02   3.2027683e-01   2.8638201e-03   3.5745424e-03  -4.3542163e-03
  -7.5321440e-02   3.1880492e-02   3.5796286e-01   2.5499897e-03   3.3463082e-03  -4.4632558e-03
  -8.3432571e-02   7.4891675e-02   3.5202269e-01   1.1760770e-03   3.6232502e-03  -4.3597074e-03
  -7.1150879e-02  -5.2234807e-03   2.8652403e-01   2.5278241e-03   3.2760958e-03  -3.8020655e-03
  -6.4517967e-02   1.2964078e-01   3.2692256e-01   4.9987325e-04   3.1993196e-03  -3.7869008e-03
  -7.7897822e-02   3.5700073e-02   3.2649203e-01   2.1425268e-03   3.5297213e-03  -3.8183030e-03
  -7.7928742e-02   9.4332539e-02   3.5096774e-01   2.1021337e-03   3.5104009e-03  -4.1073563e-03
  -8.6499142e-02   1.1062296e-01   4.0609505e-01   1.5446277e-03   3.4571767e-03  -4.3533699e-03
  -8.4595714e-02   6.0932886e-02   3.6176319e-01   1.8502340e-03   3.4429078e-03  -4.1514764e-03
  -9.3637327e-02   1.0974683e-01   3.7507451e-01   1.0626139e-03   3.8241515e-03  -4.1010276e-03
  -9.1814082e-02   1.0907186e-01   3.7665511e-01   1.4285398e-03   3.5514396e-03  -4.1897839e-03
  -8.4844466e-02   7.1601388e-02   3.6698863e-01   2.2203175e-03   3.5360451e-03  -4.0196857e-03
  -7.3675032e-02   8.2022053e-02   4.1033139e-01   1.9090142e-03   3.4210769e-03  -4.0284112e-03
  -7.6840409e-02   9.5957177e-02   3.9664409e-01   1.3995689e-03   3.3793546e-03  -4.1288211e-03
  -8.3590140e-02   4.6789348e-02   3.8604762e-01   2.2427609e-03   3.7563720e-03  -3.9923501e-03
  -8.3012942e-02   7.2855216e-02   4.0564619e-01   2.0403919e-03   3.7061665e-03  -4.0828810e-03
  -9.2181368e-02   9.0052789e-02   4.4182592e-01   1.9608846e-03   4.1113899e-03  -4.2300323e-03
  -8.5358087e-02   6.2633886e-02   4.3071773e-01   2.3953060e-03   3.8570905e-03  -4.2044858e-03
  -8.0989044e-02   8.4404660e-02   4.3533007e-01   1.7909885e-03   3.7253580e-03  -4.0065626e-03
  -8.5366588e-02   1.1857540e-01   4.5603755e-01   1.9573647e-03   3.5832539e-03  -4.1967048e-03
  -8.2408640e-02   9.2559068e-02   4.4283802e-01   2.1099228e-03   3.6560617e-03  -4.0084483e-03
  -9.3886842e-02   1.1762780e-01   4.3661642e-01   1.7107232e-03   3.9668533e-03  -3.8779030e-03
  -1.0064424e-01   1.3311332e-01   4.4326104e-01   1.6732997e-03   4.2263923e-03  -4.0680635e-03
  -9.6968225e-02   1.0296121e-01   4.2761219e-01   2.4741970e-03   4.0616146e-03  -4.0854565e-03
  -8.6888797e-02   9.5875214e-02   4.1728939e-01   2.6985468e-03   3.8169563e-03  -3.9263609e-03
  -8.3783192e-02   1.0476249e-01   4.2026858e-01   2.6309452e-03   3.8374392e-03  -4.1620453e-03
  -8.6794302e-02   9.1740260e-02   4.2655180e-01   2.3904665e-03   4.0639907e-03  -3.9077008e-03
  -8.9985457e-02   9.4175450e-02   4.1132567e-01   2.1480825e-03   4.0711368e-03  -4.0129191e-03
  -6.7047635e-02   8.9799291e-02   4.0699163e-01   2.8159178e-03   3.2787030e-03  -4.2528358e-03
  -6.9894778e-02   6.9637314e-02   3.9138475e-01   2.5477228e-03   3.6373563e-03  -3.9019799e-03
  -7.3943572e-02   1.0816010e-01   4.2251842e-01   1.7941725e-03   4.0340047e-03  -3.7563791e-03
  -9.7237944e-02   1.0518591e-01   4.2977078e-01   1.6704730e-03   5.4987652e-03  -4.5655816e-03
  -1.0161549e-01   4.7310992e-02   4.3119399e-01   2.4853452e-03   5.3130690e-03  -4.6815151e-03
  -7.2753969e-02   1.0699654e-01   4.3720439e-01   2.0835723e-03   4.1347606e-03  -4.8547346e-03
  -6.6054098e-02  -2.5043176e-02   3.0544604e-01   2.5821544e-03   4.2969675e-03  -3.4068754e-03
  -7.6894883e-02   1.3511208e-01   4.0965272e-01  -9.1066791e-04   4.2745006e-03  -3.2851102e-03
  -8.1797785e-02   1.0992773e-01   4.1715902e-01  -8.2591865e-05   4.3872577e-03  -3.1970519e-03
  -7.1850984e-02   1.6350659e-01   4.0554299e-01  -1.4881252e-03   4.1277390e-03  -3.3780377e-03
  -7.5505111e-02   9.9797106e-02   4.3742738e-01  -1.8424820e-04   4.0659043e-03  -3.5831776e-03
  -6.8999406e-02   6.5629455e-02   3.7424792e-01   1.2252722e-03   3.9007980e-03  -3.0674976e-03
  -5.5161600e-02   1.2937461e-01   4.0970580e-01   5.0580642e-04   3.3358147e-03  -3.0262605e-03
  -6.2951660e-02   9.7658662e-02   4.3820567e-01   5.1901764e-04   3.7135652e-03  -3.1461974e-03
  -4.9093498e-02   1.0301632e-01   4.2525439e-01   1.9083869e-04   3.7323670e-03  -3.2617472e-03
  -6.3362496e-02   1.2038547e-01   4.6372622e-01   1.3534062e-04   3.9297049e-03  -3.5766007e-03
  -5.8182866e-02   8.4341424e-02   4.7658421e-01   4.5901960e-04   3.9389167e-03  -3.5944132e-03
  -6.5977860e-02   1.3059487e-01   4.4641891e-01  -3.4284014e-04   3.6721988e-03  -3.6671358e-03
  -5.6116133e-02   1.5356547e-01   4.5656131e-01  -2.1873008e-04   3.5300591e-03  -3.5664201e-03
  -5.6175257e-02   1.3600041e-01   4.6022579e-01   2.1201372e-04   3.7138165e-03  -3.0691221e-03
  -5.4565985e-02   1.6212472e-01   4.6651808e-01  -3.5581580e-04   3.6563206e-03  -2.9827984e-03
  -5.2832657e-02   1.6851151e-01   4.8353637e-01  -2.4370112e-04   3.4450971e-03  -3.3409269e-03
  -4.8656362e-02   1.3572270e-01   4.7888579e-01   4.7606638e-04   3.3789836e-03  -3.1630813e-03
  -4.5730767e-02   1.4662564e-01   4.8681321e-01   1.2577342e-04   3.3852611e-03  -3.1187999e-03
  -4.6208913e-02   1.5525316e-01   4.7967696e-01   2.2015719e-04   3.1430509e-03  -3.2680140e-03
  -5.8350563e-02   1.7459817e-01   4.6041840e-01   3.5662904e-04   3.4552915e-03  -3.1178748e-03
  -4.2482446e-02   1.3746135e-01   3.8487944e-01   5.3022640e-04   3.1101554e-03  -2.8124054e-03
  -3.7023389e-02   1.4082641e-01   3.9935455e-01   2.4623711e-04   2.9583710e-03  -2.9553637e-03
  -3.5907467e-02   1.4033734e-01   4.4086831e-01   4.0249803e-04   2.9604436e-03  -3.2401768e-03
  -3.1144368e-02   7.2857036e-02   4.2430645e-01   1.5162998e-03   2.6055757e-03  -3.2491380e-03
  -4.5026364e-02   1.5821767e-01   4.3771233e-01   3.1646187e-05   3.1525907e-03  -3.1348383e-03
  -4.7410222e-02   1.3308922e-01   4.4103643e-01   7.5717248e-04   3.2471137e-03  -3.2958491e-03
  -4.0951586e-02   1.1125137e-01   4.3364872e-01   1.1855599e-03   3.1622825e-03  -3.3320901e-03
  -3.7858497e-02   1.1183115e-01   4.1686237e-01   9.9099785e-04   3.0877005e-03  -3.1241359e-03
  -5.8112443e-02   9.4025634e-02   3.9525611e-01   1.6530134e-03   3.5382858e-03  -3.3608717e-03
  -6.0144167e-02   1.7126301e-01   4.2042965e-01  -5.8620215e-05   3.4858900e-03  -3.3706618e-03
  -6.8861643e-02   1.4654715e-01   4.2346728e-01   9.9196257e-04   3.7222798e-03  -3.5896351e-03
  -5.7152961e-02   1.0175498e-01   4.2913734e-01   1.8322155e-03   3.3696424e-03  -3.7519181e-03
  -5.3414017e-02   1.2922832e-01   4.2082598e-01   1.0385039e-03   3.4008903e-03  -3.5980562e-03
  -4.5309430e-02   1.7456435e-01   5.0685436e-01   5.3124466e-04   3.6255528e-03  -3.5351468e-03
   4.4566693e-03   7.8130937e-02   3.3506142e-01   1.7330483e-03   1.9892807e-03  -3.0967702e-03
  -1.0220884e-02   9.1199187e-02   3.1527736e-01   1.0287736e-03   3.1426591e-03  -2.8213810e-03
  -2.5853451e-02   1.0986723e-01   3.0096396e-01   6.4978113e-04   3.8326756e-03  -2.8760309e-03
  -1.3269270e-02   1.0129311e-01   3.0659139e-01   1.0835153e-03   3.2163334e-03  -2.9498929e-03
  -3.7978848e-02   1.7913990e-01   4.0363272e-01   7.0238659e-04   3.5313884e-03  -3.2936067e-03
  -1.7186925e-02   1.0639887e-01   3.1056753e-01   1.3325634e-03   3.5300569e-03  -3.3508831e-03
  -2.7987743e-02   1.1308616e-01   2.7698450e-01   8.4992650e-04   3.9116676e-03  -3.1687402e-03
  -2.5421648e-02   1.1228866e-01   3.3406076e-01   9.9140930e-04   3.8242751e-03  -3.3676666e-03
  -1.8798638e-02   7.5474673e-02   3.0756661e-01   1.6714715e-03   3.3624186e-03  -3.4006212e-03
  -2.5047364e-02   1.1664968e-01   3.5871783e-01   1.5259221e-03   3.4369974e-03  -3.6191932e-03
  -1.4867809e-02   5.1070280e-02   3.4190402e-01   2.4380575e-03   3.1875695e-03  -3.5053643e-03
  -1.1715606e-02   1.2489279e-01   3.8566571e-01   9.8895779e-04   3.2854462e-03  -3.6666713e-03
  -1.5144078e-02   9.0134668e-02   3.7117546e-01   1.5699719e-03   3.3823927e-03  -3.5635992e-03
  -2.1453246e-02   1.0092171e-01   3.3895224e-01   9.3697936e-04   3.2761533e-03  -3.7013150e-03
  -1.4502998e-02   1.0126520e-01   3.6455828e-01   4.7316916e-04   3.4833292e-03  -3.3159829e-03
  -2.2428691e-02   3.2408356e-02   2.4383144e-01   3.3330560e-03   3.7864432e-03  -3.2782711e-03
  -2.7315213e-02   8.1102401e-02   2.7971142e-01   2.1937003e-03   3.7832311e-03  -3.3673399e-03
  -2.9339631e-02   1.0290824e-01   2.9260535e-01   2.3402929e-03   3.9772016e-03  -3.4482213e-03
  -3.3092682e-02   8.4461516e-02   3.0720252e-01   3.2186707e-03   3.9352200e-03  -3.6695166e-03
  -2.5278050e-02   2.4359875e-02   3.1456168e-01   3.7983157e-03   3.9397836e-03  -3.4540473e-03
  -2.2847875e-02   1.0060199e-01   3.4462958e-01   1.8872911e-03   3.9204320e-03  -3.5738160e-03
  -2.6310012e-02   7.4970477e-02   3.2112697e-01   2.4743955e-03   3.8822786e-03  -3.4684850e-03
  -2.8161514e-02   7.8481398e-02   2.6838812e-01   2.7719948e-03   3.8217893e-03  -3.4768503e-03
  -2.5047441e-02   1.1049230e-01   3.1022380e-01   2.2490301e-03   3.8421429e-03  -3.5360611e-03
  -3.1195921e-02   9.1535525e-02   3.1008726e-01   2.3920725e-03   3.9177981e-03  -3.5968582e-03
  -3.7255411e-02   6.0315185e-02   2.7265802e-01   3.3643281e-03   3.8020563e-03  -3.4907405e-03
  -3.7956462e-02   8.8250697e-02   3.1287424e-01   2.9026387e-03   4.2140028e-03  -3.4673271e-03
  -4.6007597e-02   7.5908618e-02   3.5330803e-01   2.8597972e-03   4.0736438e-03  -3.7723661e-03
  -3.3839449e-02   6.1780364e-02   3.2101713e-01   3.2924610e-03   3.8837143e-03  -3.6946982e-03
  -3.2131096e-02   7.2271258e-02   3.1025868e-01   2.9563022e-03   3.6340633e-03  -3.6924354e-03
  -3.2361564e-02   6.0578648e-02   3.3237298e-01   3.2693285e-03   3.8366843e-03  -3.8044050e-03
  -4.0189159e-02   5.4321945e-02   3.2468754e-01   3.4347297e-03   4.1811418e-03  -3.6084772e-03
  -3.1307215e-02   1.0592201e-01   3.1799262e-01   2.2904425e-03   4.0526105e-03  -3.6240176e-03
  -3.4354295e-02   5.1197140e-02   3.3511631e-01   3.5281702e-03   4.1131672e-03  -3.6979578e-03
  -5.5928051e-02  -1.3961932e-02   2.1425502e-01   4.7985537e-03   5.3710747e-03  -3.9535397e-03
  -5.8501874e-02   9.2412224e-02   2.8186910e-01   3.2972845e-03   5.2625968e-03  -4.0431109e-03
  -5.1966303e-02   1.1641093e-02   2.9119324e-01   5.1041488e-03   4.9261683e-03  -3.9849385e-03
  -5.5412247e-02   9.5382392e-02   3.3618351e-01   3.5279498e-03   5.0733599e-03  -4.2264901e-03
  -5.9484330e-02   5.3472753e-02   3.3848162e-01   3.6346305e-03   5.0118038e-03  -4.3591989e-03
  -4.9662792e-02   5.4922694e-02   2.9938475e-01   3.5637467e-03   4.7072482e-03  -4.0967512e-03
  -6.2547264e-02   7.9177339e-02   3.3464775e-01   3.0290153e-03   5.0714863e-03  -4.2507014e-03
  -6.2824621e-02   6.2449884e-02   3.3113433e-01   3.6881377e-03   5.0125634e-03  -4.2878157e-03
  -5.4072993e-02   5.1394253e-02   3.0256913e-01   4.0377722e-03   4.7131590e-03  -4.3297442e-03
