   0.0000000e+00   0.0000000e+00   0.0000000e+00   0.0000000e+00   0.0000000e+00   0.0000000e+00
   1.5750462e-02   5.6413234e-02   5.7919880e-02  -1.5987489e-04  -5.4272560e-04  -1.1176958e-04
   1.6341870e-02   3.2049519e-02   5.9605423e-02  -7.3628486e-04  -5.0498603e-04   3.3437106e-05
   1.0640056e-02   6.0774346e-02   5.8105898e-02  -1.3439021e-03  -2.0569816e-04  -3.4241647e-04
   1.9881321e-02   7.8804114e-02   6.8411985e-02  -1.3625956e-03  -3.6401250e-04  -5.9369016e-04
   1.5886670e-02   5.0341683e-02   6.7533269e-02  -8.6394223e-04  -2.5585462e-04  -6.3658850e-04
   1.8311841e-02   8.6603923e-02   7.1872717e-02  -1.5565570e-03  -3.2748307e-04  -6.2556063e-04
   2.2745114e-02   1.0480272e-01   7.1614803e-02  -2.5892065e-03  -2.9740971e-04  -6.3488587e-04
   1.3504731e-02   7.7810551e-02   8.0112311e-02  -1.7570837e-03   7.2547597e-05  -4.8423352e-04
   4.4650021e-03   1.0168457e-01   9.9503644e-02  -2.0538033e-03   3.4769386e-04  -4.6671474e-04
   1.9140586e-02   1.3280213e-01   1.3672301e-01  -3.0963848e-03  -1.0398926e-04  -3.0224659e-04
   1.9253729e-02   1.2144681e-01   9.5562641e-02  -3.0579076e-03  -5.7842666e-04  -1.2780971e-04
   2.0362920e-02   1.0672240e-01   1.1843691e-01  -2.8559861e-03  -7.3925635e-04  -2.8189408e-04
   2.1955802e-02   1.2426492e-01   1.2630889e-01  -3.3895440e-03  -4.4241952e-04  -2.0544388e-04
   2.7655431e-02   1.1766902e-01   1.5841117e-01  -3.4198700e-03  -6.5042562e-04  -5.0397830e-04
   3.1843461e-02   1.2038562e-01   1.6613367e-01  -3.8960607e-03  -9.2975763e-04  -5.5883795e-04
   2.3638413e-02   1.1443868e-01   1.2549003e-01  -3.4248867e-03  -5.6517697e-04  -3.8038683e-04
   2.9045399e-02   1.0936621e-01   1.2609734e-01  -3.4745910e-03  -7.3476167e-04  -4.0441955e-04
   4.8155828e-02   1.3704187e-01   1.6228495e-01  -4.3795966e-03  -9.5461208e-04  -5.0265863e-04
   4.2882027e-02   9.6479178e-02   1.5298769e-01  -3.6890506e-03  -9.7131665e-04  -2.8331161e-04
   3.5843380e-02   9.4756354e-02   1.4906947e-01  -3.3985588e-03  -6.7210916e-04   5.2270882e-05
   5.1711621e-02   1.2077807e-01   1.7957981e-01  -3.8272797e-03  -1.1237226e-03  -4.8992639e-05
   4.6436151e-02   1.3626519e-01   1.7446547e-01  -4.1600946e-03  -1.3574294e-03  -1.8304666e-04
   7.3946981e-02   3.4359624e-01   5.9169011e-01  -4.9029064e-03  -2.5358169e-03  -6.3189766e-04
   8.5345734e-02   2.1091852e-01   5.1452132e-01  -4.8136717e-03  -1.4263514e-03  -2.4020119e-05
   9.6644357e-02   1.2529319e-01   3.0616931e-01  -4.2518804e-03  -2.6066300e-03  -3.7117199e-04
   6.0932757e-02   8.4337065e-02   4.1107196e-02  -2.4166151e-03  -1.5231348e-03  -6.0444634e-04
   6.8830772e-02   1.8312053e-01   2.1480233e-01  -5.2493643e-03  -1.7374228e-03  -7.6178017e-04
   7.4062259e-02   1.2974283e-01   1.7970484e-01  -4.0458686e-03  -1.4235812e-03  -6.0946161e-04
   8.2593775e-02   2.0754785e-01   2.1116429e-01  -5.0282560e-03  -1.4545057e-03  -4.7891181e-04
   8.9310255e-02   1.6172713e-01   2.5871553e-01  -4.4832716e-03  -1.9735843e-03  -5.0573414e-04
   9.5424548e-02   1.2213556e-01   2.8634210e-01  -3.8118742e-03  -1.7367207e-03  -4.0105566e-04
   9.5488337e-02   1.6341797e-01   2.9962916e-01  -4.3183517e-03  -1.5887399e-03  -3.3020574e-04
   9.3984841e-02   9.8894582e-02   2.5070283e-01  -3.4094589e-03  -1.5702382e-03  -9.9285984e-05
   8.7910923e-02   1.6643764e-01   2.7379885e-01  -3.7091221e-03  -1.6241698e-03  -2.9319717e-04
   8.6882145e-02   1.1422044e-01   2.4502240e-01  -3.2626100e-03  -1.5857014e-03  -2.0706775e-04
   9.2413009e-02   1.4351535e-01   2.6850213e-01  -4.2061588e-03  -1.6128869e-03  -1.0876040e-04
   8.5945366e-02   1.3813014e-01   2.8579234e-01  -3.9381751e-03  -1.5045321e-03  -2.2925247e-04
   1.0791879e-01   1.2386661e-01   2.4549421e-01  -3.7685349e-03  -1.6010701e-03   1.3194557e-04
   1.0454919e-01   1.5253778e-01   2.7868594e-01  -3.5617521e-03  -1.6607430e-03  -2.4523141e-04
   1.0860176e-01   1.2690265e-01   2.6296538e-01  -3.2216123e-03  -1.7187833e-03   9.0830859e-05
   1.0172618e-01   1.5498448e-01   2.8729464e-01  -3.7669037e-03  -1.7647292e-03  -2.6749875e-04
   1.0683098e-01   1.2393750e-01   2.6902383e-01  -3.6427168e-03  -2.1884276e-03  -3.0567093e-04
   9.6380352e-02   1.7981430e-01   2.4165154e-01  -4.6284265e-03  -2.5280104e-03  -2.7478483e-04
   7.6891840e-02   1.8599445e-01   2.4298783e-01  -4.4736187e-03  -2.3185902e-03  -5.5685091e-04
   8.1534710e-02   1.4630266e-01   2.2157573e-01  -3.7645857e-03  -2.4391360e-03  -4.9492575e-04
   8.7161526e-02   1.8857210e-01   2.6858157e-01  -4.2988744e-03  -2.1824263e-03  -4.5853748e-04
   9.5153545e-02   1.6715362e-01   2.5074914e-01  -3.9718368e-03  -2.4278409e-03  -4.6426422e-04
   1.0733092e-01   1.2815303e-01   2.2428440e-01  -3.2453845e-03  -2.5676790e-03  -3.9397822e-04
   1.1383371e-01   1.8850446e-01   2.8443450e-01  -4.2302299e-03  -2.5656033e-03  -2.4912897e-04
   1.0488918e-01   2.0066994e-01   2.4942798e-01  -4.9130774e-03  -2.6028968e-03  -6.0946201e-04
   1.1058997e-01   1.5490567e-01   2.1350509e-01  -4.5459853e-03  -2.8438931e-03  -4.1197538e-04
   1.0847937e-01   1.9476850e-01   2.3060477e-01  -5.1847880e-03  -2.3933248e-03  -1.8954581e-04
   1.0609075e-01   1.9692423e-01   2.4594187e-01  -4.5536942e-03  -2.5485770e-03  -4.9059656e-04
   1.0953657e-01   1.4714046e-01   2.3411645e-01  -3.8483262e-03  -2.9462574e-03  -7.0597455e-04
   1.0202959e-01   1.7761882e-01   2.4850495e-01  -4.6895562e-03  -2.8552310e-03  -7.9511878e-04
   9.0842747e-02   1.9746579e-01   2.6491045e-01  -4.6648679e-03  -2.5708723e-03  -1.0022233e-03
   9.6923494e-02   1.6177635e-01   2.3449199e-01  -4.3923277e-03  -2.6689287e-03  -9.9893634e-04
   9.2345574e-02   1.4286708e-01   2.2152664e-01  -4.3801400e-03  -2.7400038e-03  -8.4134622e-04
   9.9675683e-02   1.8585954e-01   2.6657597e-01  -4.5759831e-03  -2.7295629e-03  -8.8895442e-04
   9.5876800e-02   1.6084550e-01   2.3849758e-01  -4.3420717e-03  -2.8175293e-03  -1.0325811e-03
   1.0205668e-01   1.3251581e-01   2.3796546e-01  -4.3679330e-03  -2.7560661e-03  -7.2798988e-04
   1.0046647e-01   1.8373044e-01   2.6493638e-01  -4.5466471e-03  -2.6508225e-03  -8.9982121e-04
   9.4962024e-02   1.4942374e-01   2.3270659e-01  -3.8360872e-03  -2.5710583e-03  -1.0333131e-03
   1.1169015e-01   1.5078006e-01   2.6782088e-01  -3.7560957e-03  -2.8896659e-03  -1.0150676e-03
   1.1430339e-01   2.0127940e-01   3.1927129e-01  -4.6909822e-03  -2.9763406e-03  -1.1394593e-03
   1.1298507e-01   1.8398909e-01   2.9169061e-01  -4.1619931e-03  -3.4798423e-03  -1.3026517e-03
   1.0509738e-01   1.6209056e-01   2.6187275e-01  -3.8546201e-03  -3.2793259e-03  -1.2502225e-03
   1.0671091e-01   2.1861351e-01   2.9974635e-01  -4.3730737e-03  -2.7870120e-03  -1.2512470e-03
   1.1483700e-01   1.7439121e-01   3.2033649e-01  -2.9085715e-03  -3.3788395e-03  -1.4260531e-03
   1.0844574e-01   1.8900264e-01   3.4352408e-01  -3.4101348e-03  -3.1389197e-03  -1.2143116e-03
   1.1039941e-01   2.2127325e-01   3.7390190e-01  -4.2264018e-03  -2.9884127e-03  -1.1846484e-03
   9.3891938e-02   2.1427113e-01   3.6975709e-01  -3.8675041e-03  -2.7897481e-03  -1.3373238e-03
   9.4000710e-02   2.2174027e-01   3.0858521e-01  -3.8198766e-03  -3.1076170e-03  -1.7610456e-03
   8.7460358e-02   2.0222805e-01   2.7060671e-01  -4.1519431e-03  -3.2970056e-03  -1.7437113e-03
   6.8562753e-02   9.2440206e-02   2.0532868e-01  -7.5600596e-04  -2.4051778e-03  -1.9362587e-03
   6.5618359e-02   1.7039253e-01   2.6560258e-01  -2.3557398e-03  -2.5792230e-03  -1.9906893e-03
   7.0231074e-02   1.2638846e-01   2.6414811e-01  -1.7250753e-03  -2.9689462e-03  -2.0156492e-03
   7.6264613e-02   1.9108151e-01   2.6806198e-01  -3.1954517e-03  -2.5325968e-03  -1.6320774e-03
   8.1268995e-02   1.8789961e-01   3.3273048e-01  -3.3955397e-03  -2.9467359e-03  -1.7867665e-03
   9.0550617e-02   1.7293946e-01   3.1336069e-01  -3.2130478e-03  -2.9769372e-03  -1.7649841e-03
   9.8412672e-02   1.9927083e-01   3.3780091e-01  -3.6236562e-03  -2.8411302e-03  -1.7173793e-03
   1.0860790e-01   1.9788048e-01   3.7266443e-01  -3.4641207e-03  -3.2495140e-03  -1.7610744e-03
   1.0501539e-01   1.8282383e-01   3.0136973e-01  -3.7237483e-03  -3.2468517e-03  -1.6357839e-03
   9.6299291e-02   1.9675077e-01   2.4026875e-01  -4.4881313e-03  -3.4415930e-03  -1.5771722e-03
   9.5216758e-02   2.2738708e-01   3.2820948e-01  -4.2124585e-03  -3.0482874e-03  -1.6550109e-03
   9.7083450e-02   1.7199849e-01   2.7100441e-01  -3.9200712e-03  -3.2934270e-03  -1.4010894e-03
   9.8944718e-02   2.6718415e-01   2.3531707e-01  -6.4874777e-03  -3.2999591e-03  -1.3635671e-03
   1.0733122e-01   2.2334503e-01   2.6320064e-01  -6.3558386e-03  -3.7418047e-03  -1.3466547e-03
   9.7145669e-02   2.2499043e-01   2.5932469e-01  -6.1321789e-03  -3.3749049e-03  -1.1123777e-03
   8.9878250e-02   2.5880898e-01   3.0543501e-01  -5.9114186e-03  -3.1637152e-03  -1.4404279e-03
   1.0633217e-01   2.2527308e-01   3.3915320e-01  -4.7759613e-03  -3.6478277e-03  -1.6799172e-03
   1.4108034e-01   4.1079246e-01   6.6551615e-01  -5.9872840e-03  -5.4112308e-03  -2.8642498e-03
   1.1517910e-01   2.3149983e-01   3.7336382e-01  -6.0653522e-03  -4.0456664e-03  -2.1106532e-03
   1.1663210e-01   2.4675651e-01   3.4327911e-01  -6.4534407e-03  -3.6108178e-03  -1.2136613e-03
   7.4911757e-02   2.5366707e-01   1.4035355e-01  -8.9539852e-03  -3.2492272e-03  -3.7422455e-04
   1.2619651e-01   3.4875638e-01   3.9633622e-01  -1.1704411e-02  -4.1395481e-03  -4.1929385e-04
   1.3704574e-01   2.6283243e-01   4.0470144e-01  -8.8582183e-03  -4.1826744e-03  -6.1248448e-04
   1.4135841e-01   3.3937071e-01   4.1317118e-01  -1.0205181e-02  -4.1670749e-03  -6.9095329e-04
   1.3289138e-01   2.4036693e-01   3.7470883e-01  -9.6710346e-03  -4.2917570e-03  -6.8116287e-04
   1.3506426e-01   3.3214592e-01   3.6587666e-01  -1.0917915e-02  -3.9799614e-03  -5.7689524e-04
   1.4711939e-01   2.7183033e-01   3.8970713e-01  -9.3983540e-03  -4.4816679e-03  -7.8141261e-04
   1.5743572e-01   3.5197005e-01   4.3286263e-01  -1.0989997e-02  -4.5482886e-03  -5.7592740e-04
   1.5656373e-01   2.7026302e-01   4.0327537e-01  -1.0440696e-02  -4.3284266e-03  -5.1801250e-04
   1.5811779e-01   3.1553207e-01   3.8864683e-01  -1.0606309e-02  -4.3449548e-03  -3.1406317e-04
   1.6593213e-01   3.2504637e-01   4.3428488e-01  -1.0156509e-02  -4.4567726e-03  -4.2444725e-04
   1.6721743e-01   2.9127943e-01   4.1320003e-01  -9.6498431e-03  -4.5185804e-03  -3.0864873e-04
   1.5800604e-01   3.3226267e-01   4.7463237e-01  -1.0079477e-02  -4.2580301e-03  -1.1637109e-04
   1.5578979e-01   2.9633558e-01   4.6756215e-01  -9.1412576e-03  -4.4241627e-03  -1.1774709e-04
   1.5607723e-01   3.1612097e-01   4.9275472e-01  -9.5827234e-03  -4.4551365e-03  -2.6433735e-04
   1.4466244e-01   2.8139045e-01   5.1764733e-01  -8.8727164e-03  -3.8734511e-03  -3.7944023e-04
   1.4614183e-01   3.0486086e-01   5.1434595e-01  -9.5114305e-03  -4.0654159e-03  -4.8314461e-04
   1.4768476e-01   3.1046413e-01   5.0874745e-01  -8.9656156e-03  -4.3322055e-03  -8.5728610e-04
   1.3764666e-01   2.8896479e-01   5.0349983e-01  -8.7146956e-03  -4.2359600e-03  -1.2456442e-03
   1.4684872e-01   3.3520837e-01   5.4464314e-01  -9.0370861e-03  -4.5922449e-03  -1.4237191e-03
   1.3955643e-01   3.1656425e-01   5.5817993e-01  -8.7151520e-03  -4.7123495e-03  -1.4932100e-03
   1.4061263e-01   3.1650512e-01   5.3534760e-01  -8.4109859e-03  -4.7032647e-03  -1.4771943e-03
   1.4089617e-01   3.5419046e-01   5.5006887e-01  -8.9378426e-03  -4.6259095e-03  -1.4407127e-03
   1.4463489e-01   3.4026786e-01   5.7555677e-01  -8.5117651e-03  -4.8644025e-03  -1.6142274e-03
   1.5206807e-01   3.3426454e-01   5.6614859e-01  -8.4576774e-03  -5.0098703e-03  -1.5467657e-03
   1.4771657e-01   3.1542024e-01   5.2872698e-01  -8.2028754e-03  -4.8867748e-03  -1.3289848e-03
   1.5552130e-01   3.5099341e-01   5.5567674e-01  -8.6895631e-03  -5.1217651e-03  -1.3645864e-03
   1.7803237e-01   3.7923986e-01   4.7858223e-01  -8.7740134e-03  -5.9727883e-03  -1.1210477e-03
   1.5790969e-01   3.3274781e-01   4.8850321e-01  -6.8417824e-03  -4.8942849e-03  -9.0939537e-04
   7.7790542e-02   2.3413450e-02   9.9096809e-03  -3.9096202e-03  -3.0343275e-03  -1.0214999e-03
   1.1116069e-01   2.9772113e-01   3.9930429e-01  -8.4642654e-03  -3.8541090e-03  -1.0177160e-03
   1.1274453e-01   2.7576055e-01   4.0202960e-01  -7.8520681e-03  -3.7007239e-03  -1.3248606e-03
   1.3339796e-01   2.8961708e-01   4.7943350e-01  -7.6170328e-03  -4.1785702e-03  -1.5338250e-03
   1.2753532e-01   2.7458240e-01   4.7135580e-01  -7.3751587e-03  -4.0972811e-03  -1.5513796e-03
   1.3263989e-01   3.0947267e-01   4.6234074e-01  -9.1634324e-03  -3.8741088e-03  -1.3501665e-03
   1.2457759e-01   2.8425528e-01   5.1662232e-01  -8.5724176e-03  -3.8884072e-03  -1.6182667e-03
   1.0716273e-01   3.0308648e-01   4.8639827e-01  -9.0898332e-03  -4.2481734e-03  -1.7674341e-03
   1.2842130e-01   3.4023268e-01   5.2965710e-01  -9.6895411e-03  -3.9975400e-03  -1.3468427e-03
   1.2178941e-01   2.9017520e-01   5.1719526e-01  -8.1051195e-03  -3.8060016e-03  -1.3371413e-03
   1.3356583e-01   3.6109486e-01   5.3970151e-01  -9.3257477e-03  -4.1306143e-03  -1.4110529e-03
   1.3206509e-01   3.0100507e-01   5.6496821e-01  -8.4558269e-03  -4.2846019e-03  -1.4013216e-03
   1.4875335e-01   3.2975046e-01   6.0897844e-01  -8.6002137e-03  -4.4309188e-03  -1.3404685e-03
   1.5584804e-01   3.2013033e-01   6.1991636e-01  -8.4573156e-03  -4.3093486e-03  -1.2768560e-03
   1.5378705e-01   2.8283520e-01   5.8358675e-01  -7.9937427e-03  -4.2208055e-03  -1.1399305e-03
   1.5681944e-01   3.8908181e-01   5.9442440e-01  -9.2368743e-03  -4.2374341e-03  -1.2275387e-03
   1.5481342e-01   3.3411535e-01   5.7417791e-01  -8.7681750e-03  -4.2528571e-03  -1.2956648e-03
   1.4249637e-01   3.3658719e-01   5.7782940e-01  -8.2662638e-03  -3.9382054e-03  -1.3278808e-03
   1.5449456e-01   3.9466535e-01   5.9625899e-01  -8.6970292e-03  -4.2559836e-03  -1.5084908e-03
   1.6027014e-01   3.1417741e-01   5.9568593e-01  -7.4127327e-03  -4.5509655e-03  -1.5438834e-03
   1.5737884e-01   3.3632183e-01   5.7268667e-01  -7.7869826e-03  -4.3954622e-03  -1.4136047e-03
   1.5531558e-01   3.9527230e-01   6.1403804e-01  -8.1109065e-03  -4.2479972e-03  -1.4721751e-03
   1.5983074e-01   3.4113734e-01   6.2571864e-01  -7.2305908e-03  -4.4879474e-03  -1.5992973e-03
   1.6346494e-01   3.3851432e-01   6.1631430e-01  -7.6277349e-03  -4.7027526e-03  -1.7172112e-03
   1.5758298e-01   3.3845323e-01   5.6407557e-01  -7.4899316e-03  -4.5951328e-03  -1.6490611e-03
   1.4986514e-01   3.4942840e-01   5.4615715e-01  -8.0490532e-03  -4.3451179e-03  -1.8210433e-03
   1.5440906e-01   3.4301894e-01   5.7391233e-01  -7.8363995e-03  -4.5602573e-03  -1.9471621e-03
   1.5124267e-01   2.9716736e-01   5.5068821e-01  -7.3807245e-03  -4.2330546e-03  -1.7839286e-03
   1.4820449e-01   3.2921016e-01   5.7810463e-01  -7.9799104e-03  -4.1397209e-03  -1.9070576e-03
   1.5050691e-01   3.4413601e-01   6.0552375e-01  -7.7213166e-03  -4.4074792e-03  -2.1749635e-03
   1.6877252e-01   2.6874664e-01   5.6669387e-01  -6.9027071e-03  -4.7095436e-03  -2.1254888e-03
   1.7269812e-01   3.5400811e-01   5.9333322e-01  -8.6195928e-03  -4.4112234e-03  -1.9134752e-03
   1.7366340e-01   3.5088317e-01   5.9297914e-01  -8.4946703e-03  -4.5745917e-03  -2.0723924e-03
   1.7050675e-01   3.0124568e-01   5.8385716e-01  -8.0726286e-03  -4.6762888e-03  -2.3855491e-03
   1.6538194e-01   3.2376804e-01   5.7942278e-01  -7.7706120e-03  -4.4098195e-03  -2.1887613e-03
   1.7832964e-01   3.4577441e-01   6.2242069e-01  -7.2322349e-03  -4.7036054e-03  -2.3101726e-03
   1.7956700e-01   3.4169809e-01   5.2440346e-01  -7.7593387e-03  -5.8208564e-03  -2.8372792e-03
   2.4715400e-01   5.3434300e-01   1.0283274e+00  -8.0269680e-04  -5.9341005e-03  -4.5134278e-03
   2.4253073e-01   2.4492348e-01   6.9824355e-01  -3.1586450e-03  -3.2396451e-03  -1.9887039e-03
   1.5953601e-01  -2.1205629e-02   5.5378394e-02  -2.2952458e-03  -2.4329767e-03  -7.8544281e-04
   1.4757486e-01   2.5951739e-01   5.0540895e-01  -8.2747988e-03  -4.7918100e-03  -4.4285155e-06
   1.4584346e-01   3.0898574e-01   4.8381158e-01  -7.2616487e-03  -4.6363138e-03   1.5475954e-04
   1.5999941e-01   3.1102442e-01   5.4075904e-01  -7.5151031e-03  -4.9697874e-03   3.2661187e-05
   1.5930457e-01   3.0268156e-01   5.6592662e-01  -7.1676355e-03  -4.8220531e-03  -1.3783693e-05
   1.5828128e-01   3.4664028e-01   5.7788312e-01  -8.4755394e-03  -4.7802317e-03   5.3421560e-05
   1.5820663e-01   2.8667400e-01   5.7103206e-01  -8.5712422e-03  -4.8584060e-03   1.7378701e-04
   1.5839241e-01   3.4316884e-01   5.8365833e-01  -9.6685297e-03  -4.8515755e-03   2.1381884e-04
   1.6084745e-01   2.9510682e-01   5.8438848e-01  -9.1312988e-03  -4.9607448e-03   1.6507735e-04
   1.5484676e-01   3.9038886e-01   5.8237595e-01  -9.9719577e-03  -4.9643256e-03   2.4357297e-04
   1.5343051e-01   3.5950390e-01   5.7927149e-01  -1.0248747e-02  -4.9756579e-03   2.4850052e-04
   1.5160722e-01   3.1949547e-01   5.6929446e-01  -9.4275829e-03  -4.8931854e-03   2.5013413e-04
   1.5800432e-01   4.4688318e-01   6.2517141e-01  -9.9652759e-03  -5.0752886e-03   3.3077351e-04
   1.5975683e-01   3.4089985e-01   5.7221958e-01  -9.6006889e-03  -5.0306796e-03   3.5314528e-04
   1.5414962e-01   3.4998573e-01   5.2375354e-01  -9.6501254e-03  -4.9196353e-03   3.9846990e-04
   1.5205477e-01   4.1493281e-01   5.2379090e-01  -9.1832001e-03  -5.0371327e-03   3.7377812e-04
   1.5822881e-01   3.3388705e-01   5.0616104e-01  -9.0520472e-03  -5.1648492e-03   4.2500183e-04
   1.6378859e-01   3.7539144e-01   5.2104257e-01  -9.8087926e-03  -5.2709086e-03   4.3683300e-04
   1.5982812e-01   3.6953680e-01   5.3762796e-01  -8.7113732e-03  -5.2737687e-03   4.7331824e-04
   1.3946800e-01   3.9386862e-01   5.3837008e-01  -9.6282825e-03  -4.9635868e-03   3.3265622e-04
   1.3308074e-01   3.4771931e-01   5.3731113e-01  -9.2434855e-03  -4.9473854e-03   2.9803755e-04
   1.3063374e-01   3.5220136e-01   5.1282205e-01  -8.8334430e-03  -5.0659728e-03   2.9220400e-04
   1.3285155e-01   3.6790065e-01   5.3606609e-01  -9.3110430e-03  -5.1778010e-03   2.9709867e-04
   1.3597325e-01   3.5981145e-01   5.2010337e-01  -9.3367654e-03  -5.3031940e-03   3.3024853e-04
   1.3324170e-01   3.5751876e-01   4.9390558e-01  -8.9052845e-03  -5.4315444e-03  -1.4492507e-04
