   0.0000000e+00   0.0000000e+00   0.0000000e+00   0.0000000e+00   0.0000000e+00   0.0000000e+00
  -1.0261532e-02  -5.8650691e-02   1.7952813e-02   2.3185724e-03   5.2480553e-04  -2.5710956e-04
   9.4394498e-04  -6.8763734e-03   1.3517689e-02   7.8989066e-04   3.4268308e-04   1.6829094e-04
  -2.5996513e-03   5.6107952e-02   1.4894757e-02   2.2445523e-04   4.8875744e-04   1.7147640e-04
   6.7945776e-03  -2.6651159e-02   1.7372753e-02   1.3283376e-03   3.3235679e-04   2.8649689e-04
   5.2772160e-03  -2.2390529e-03   3.0009951e-02   9.0833684e-04   3.4261579e-04   3.3566601e-04
   1.2596124e-02   2.0621651e-02   3.3779723e-02   9.7926896e-05   1.9024825e-04   3.3394772e-04
   2.4682767e-02   1.5536473e-03   8.9958115e-03   3.2982344e-04  -3.6487479e-05   4.1153456e-04
   3.5792493e-02   1.3406500e-02  -4.4801588e-02   5.9441069e-04  -3.7955379e-04   6.3232048e-04
   2.0057469e-02   9.1834326e-02  -5.3337686e-02  -7.1274907e-04  -6.6411631e-05   5.8633428e-04
   2.4999397e-02  -3.8844536e-02  -4.4274743e-02   1.0602785e-03  -2.8067505e-04   6.3736460e-04
   6.4554860e-03   1.3421177e-02  -2.4002806e-02   1.2971581e-03   2.8364448e-07   3.4180450e-04
  -4.8645906e-03  -2.1301944e-02   3.0143956e-02   1.6082632e-03   3.3031106e-04   3.4003482e-04
   5.5196860e-03   2.4081417e-03   3.3998606e-02   6.8039476e-04   2.0993235e-04   4.4139314e-04
   1.9378840e-02  -8.3035495e-03   7.7412338e-03   9.2041447e-04  -1.5383597e-04   4.3867885e-04
  -3.2935561e-03  -2.0648544e-02   1.0304217e-02   2.0907472e-04   5.6861367e-04  -1.7724419e-04
  -1.0272816e-02   5.0876207e-02   3.8936100e-03  -7.4158895e-04   5.0546214e-04  -2.7559635e-04
  -9.8382295e-03  -6.5508580e-03  -1.7822030e-02   1.8135749e-04   3.6524454e-04  -1.0953690e-04
   3.5391148e-04   1.0325913e-01  -2.9285307e-02  -8.0500213e-04  -2.1935222e-04  -2.9780519e-04
   2.5406926e-04   6.9023942e-03  -1.9220966e-01   2.3249236e-04  -1.9357103e-04  -4.0424046e-04
   1.1475816e-02  -8.4735055e-02  -1.2741489e-01   1.9991949e-03  -4.6032268e-04  -2.5825938e-04
   1.0723351e-02   3.6389505e-02  -1.2812278e-01   1.1830796e-03  -3.2833699e-04  -2.2772006e-04
   3.4108254e-03   5.9482654e-03  -1.1731035e-01   1.5009468e-03  -1.8393616e-04  -3.9079275e-04
   7.4603001e-03  -1.0494795e-02  -1.1901013e-01   1.5572996e-03   1.4356562e-04  -4.7270475e-04
   1.4113958e-02  -4.4477106e-02  -1.2683957e-01   1.9443221e-03   2.2778442e-04  -3.3742606e-04
   1.0639469e-02   1.9621606e-02  -1.5696268e-01   9.1680173e-04   9.9680690e-05  -2.6673691e-04
   1.6821926e-02  -1.7020462e-02  -1.5563558e-01   1.6951121e-03  -1.7666502e-04  -3.4221701e-04
   1.8842307e-02  -2.7730369e-02  -1.6066174e-01   2.3364447e-03  -4.7230512e-04  -3.7198844e-04
   1.0865552e-02   6.4003900e-03  -1.0680127e-01   8.7975979e-04  -1.8397300e-04  -3.9202566e-04
   1.5900975e-02  -5.1024887e-02  -1.2818280e-01   1.1156924e-03  -2.7941862e-04  -2.9272566e-04
   3.3662773e-03   2.3401368e-02  -1.4362977e-01   5.2270283e-05   7.9132668e-05  -2.9661617e-04
   9.7011095e-03  -1.2026868e-02  -1.3580586e-01   1.0958836e-03  -9.5697167e-05  -2.4987479e-04
   1.6200136e-02   2.8200131e-02  -1.4612699e-01   6.2225031e-04  -1.5831884e-04  -1.8453422e-04
   2.2815865e-02   3.5748970e-03  -1.1968956e-01   9.5051855e-04  -2.7103823e-04  -2.5508845e-04
   3.0292635e-02  -3.7330521e-02  -1.1514446e-01   1.8937701e-03  -4.7549066e-04  -4.1835906e-05
   1.5454641e-02   3.6374789e-02  -1.2391230e-01   3.9371085e-04  -1.4050034e-04  -4.0017374e-04
   2.1019104e-02  -5.6766741e-03  -1.3082066e-01   5.2107954e-04  -4.5239143e-04  -5.4609071e-04
   1.6139579e-02   1.0220701e-02  -1.5771628e-01   5.4341526e-04  -3.5445580e-04  -3.9435651e-04
   9.4912862e-03   3.8795536e-02  -1.2895387e-01   1.0324286e-04  -2.2821029e-04  -5.1680402e-04
   1.3746601e-02  -7.0392467e-03  -1.4901276e-01   6.9598418e-04  -3.2103404e-04  -3.1631065e-04
   8.3968523e-03   4.5962686e-02  -1.2144689e-01  -1.7548895e-04  -2.1706307e-04  -5.0333195e-04
   1.9664973e-02  -1.2575040e-02  -1.0655122e-01   7.4697182e-04  -4.6736554e-04  -7.1675431e-04
   2.6530166e-02   7.1657414e-03  -1.1677603e-01   5.3812041e-04  -4.9795445e-04  -3.7553405e-04
   1.8337661e-02   1.6164649e-02  -1.2387523e-01   9.2162451e-04  -4.6388198e-04  -6.6438187e-04
   2.2104855e-02  -7.7834392e-03  -1.2541974e-01   1.1007094e-03  -5.1374618e-04  -4.4266511e-04
   1.5168792e-02  -4.6166094e-04  -1.1657982e-01   9.0792911e-04  -4.4165007e-04  -3.9997712e-04
   1.6532500e-02  -2.1632814e-02  -1.0877252e-01   1.1633602e-03  -2.5477406e-04  -1.2078321e-04
   2.0660099e-02  -2.5301722e-02  -1.2843925e-01   1.1673026e-03  -2.4117203e-04   6.9267955e-05
   2.8050654e-02  -1.9728496e-02  -1.5613245e-01   1.3399127e-03  -6.3583730e-04  -1.1619691e-04
   2.0786140e-02   2.2646787e-02  -1.5454247e-01   6.4643734e-04  -3.5489559e-04  -6.6367363e-05
   1.0417179e-02   5.5774011e-02  -1.5757434e-01   4.2142631e-05  -1.8816145e-04  -4.1443559e-04
   2.0632752e-02  -3.3455467e-03  -1.6763505e-01   7.8168692e-04  -5.4711412e-04  -1.8872867e-04
   2.5823013e-02   2.5442332e-02  -1.6142071e-01   2.8240320e-04  -6.4103299e-04  -3.4977892e-05
   2.1051780e-02   2.2224327e-02  -1.4105416e-01   5.5797096e-04  -6.2361245e-04  -2.2781463e-04
   3.1126177e-02  -3.6855231e-02  -1.5235838e-01   1.2078312e-03  -7.7084620e-04  -5.4051079e-05
   2.8238218e-02   2.8696641e-02  -1.5941211e-01   3.7582620e-04  -7.3786860e-04   1.1054264e-05
   1.7117229e-02   3.7835696e-02  -1.4655568e-01   5.7578983e-04  -5.1547977e-04  -1.2414577e-04
   1.7263371e-02   2.2609639e-02  -1.5793752e-01   8.1762961e-04  -6.2618185e-04  -7.1145595e-05
   2.7421042e-02   9.0953466e-04  -1.7578148e-01   1.1787389e-03  -8.2612510e-04  -5.7393631e-05
   1.8735497e-02   3.7100776e-02  -1.7723582e-01   4.6097268e-06  -7.4721259e-04  -1.5100893e-04
   2.0365171e-02   1.4522594e-02  -1.7110651e-01   7.4358986e-04  -7.2968819e-04  -1.4170863e-04
   2.6566232e-02  -5.2892160e-03  -1.7767993e-01   1.3613985e-03  -9.3036593e-04  -2.9869358e-04
   2.7788526e-02  -2.6782578e-02  -1.6981594e-01   1.4785891e-03  -1.0669212e-03  -1.8507710e-04
   2.6205004e-02  -1.9041672e-02  -1.8292719e-01   1.6048746e-03  -1.2159309e-03  -3.1686043e-04
   1.4247168e-02  -1.0905548e-02  -1.5559597e-01   1.3086437e-03  -6.3148001e-04  -4.1978369e-04
   1.6224246e-02  -1.4442491e-02  -1.5509025e-01   1.3499049e-03  -5.5707705e-04  -3.5824629e-04
   2.4616026e-02  -4.2507420e-02  -1.6514377e-01   2.1405804e-03  -6.9648240e-04  -1.3807041e-04
   1.4286342e-02   3.6087541e-02  -1.6664657e-01   8.9654601e-04  -4.5682859e-04  -3.6620517e-04
   1.7294472e-02  -7.8752575e-03  -1.5122358e-01   1.5214989e-03  -6.2270379e-04  -4.9614836e-04
   2.3042612e-02  -1.7812388e-02  -1.7795430e-01   1.7030346e-03  -8.2521157e-04  -4.9061206e-04
   1.3857748e-02   1.4089124e-02  -1.7470746e-01   1.2906239e-03  -6.2564058e-04  -3.6483149e-04
   9.7668779e-03   1.1322404e-02  -1.4260402e-01   1.7955366e-03  -6.9774523e-04  -6.8461486e-04
   6.8079324e-03  -1.4373983e-02  -1.3575311e-01   2.1691778e-03  -5.6201468e-04  -6.6071877e-04
   1.3214416e-02  -1.5027110e-03  -1.4467524e-01   1.4054025e-03  -5.1569001e-04  -5.4479334e-04
   1.1547379e-02   4.3994335e-02  -1.2273357e-01   5.6606090e-04  -4.6301520e-04  -8.1667205e-04
   3.3882333e-02  -1.1349802e-01  -1.7181685e-01   2.8936321e-03  -1.0114771e-03  -3.6728390e-04
   2.4519354e-02   3.2770614e-02  -1.5208573e-01   1.0222454e-03  -8.1890596e-04  -6.0499185e-04
   2.2326903e-02   2.1348324e-02  -1.2744503e-01   1.5804026e-03  -7.7920799e-04  -7.9122870e-04
   2.6725330e-02  -1.8857656e-02  -1.5458714e-01   2.2086860e-03  -7.9829558e-04  -5.9060573e-04
   2.6375225e-02   1.6826049e-02  -1.1034849e-01   1.0459244e-03  -7.2284024e-04  -6.8570829e-04
   2.2515401e-02   2.1150713e-03  -1.0412795e-01   6.6172493e-04  -7.1533052e-04  -5.3742286e-04
   1.9201881e-02  -6.3727750e-03  -1.3095286e-01   9.0896938e-04  -6.2746719e-04  -4.6899980e-04
   2.8285304e-02   2.2023580e-02  -1.3832961e-01   7.6995403e-04  -3.6915564e-04   3.2471266e-04
   1.8350494e-02   5.0956656e-02  -1.2986687e-01   4.2740807e-04  -9.2437415e-04  -1.0768430e-04
   2.1270086e-02  -7.5503118e-03  -1.2693137e-01   1.4566087e-03  -9.0179564e-04  -1.5574341e-04
   2.7478019e-02  -4.1167948e-02  -1.3261198e-01   2.3338765e-03  -9.9958113e-04  -7.4405291e-05
   2.1217961e-02   6.7558321e-03  -1.3597101e-01   1.7864648e-03  -8.9618576e-04  -3.7984150e-04
   3.6158949e-02  -3.6724819e-02  -1.3365943e-01   2.7019193e-03  -1.2502829e-03  -5.1474931e-05
   4.5432243e-02  -4.0052704e-02  -1.1278531e-01   3.0113387e-03  -1.5032371e-03   3.1746056e-04
   4.2505862e-02  -2.3318460e-02  -5.7855320e-02   2.2830006e-03  -1.4881340e-03  -7.3031409e-05
   5.4885927e-02  -9.8892023e-02  -1.0127006e-01   2.8866260e-03  -1.6578971e-03   1.5339612e-04
   4.2329189e-02  -1.4672602e-02  -7.4243395e-02   1.8224454e-03  -1.3648504e-03   2.2226138e-04
   3.7901720e-02  -2.6058918e-02  -9.4492580e-02   1.8150827e-03  -1.3555522e-03   2.3020092e-04
   2.8686617e-02  -3.5038973e-02  -1.2713097e-01   2.4618604e-03  -1.1498208e-03   3.5000048e-04
   1.3547828e-02   1.9831790e-02  -1.0365310e-01   1.8180703e-03  -6.8098042e-04   2.3501602e-04
   3.1831515e-02  -2.6130996e-02  -1.0238313e-01   3.0816333e-03  -1.0633056e-03   2.5830734e-05
   3.3476089e-02  -3.6583211e-02  -1.0142178e-01   2.9082210e-03  -1.0976999e-03   1.5728162e-04
   2.5404605e-02  -2.5179423e-03  -1.0584652e-01   2.1450351e-03  -1.0040940e-03  -1.3365884e-04
   1.8284221e-02  -2.5185379e-02  -1.1527710e-01   2.6139429e-03  -9.5657157e-04  -1.4847359e-04
   2.2030525e-02  -3.2690907e-02  -1.2491534e-01   2.9166932e-03  -1.0339423e-03   3.7089162e-05
   3.3550190e-02  -3.5006564e-02  -8.5408091e-02   3.6986626e-03  -1.2512439e-03  -2.7632635e-04
   2.5517378e-02  -1.1034907e-01  -1.5689550e-01   4.6144379e-03  -9.2813936e-04  -1.3933798e-04
   2.7331884e-02  -4.9432717e-03  -1.7147813e-01   3.4536013e-03  -1.1115179e-03  -4.4298499e-04
   6.2603977e-02  -7.6186900e-02  -2.0773214e-01   3.9697718e-03  -2.8766312e-03  -3.5036761e-04
   2.7489348e-02  -4.5106109e-02  -2.1478456e-01   3.2658480e-03  -1.9508524e-03  -2.6218697e-04
   3.0679172e-02  -2.8419729e-02  -1.7757896e-01   2.7746160e-03  -2.0014673e-03  -5.1313438e-04
   5.3080572e-02  -9.4308204e-02  -2.0287674e-01   3.2919082e-03  -2.5236366e-03  -2.0100731e-04
   4.3655947e-02  -1.6459142e-02  -2.0958774e-01   1.8333365e-03  -2.1052399e-03  -1.9907145e-04
   3.7334616e-02  -6.2087706e-02  -1.7186642e-01   2.8249408e-03  -2.1072957e-03  -2.1594240e-04
   4.5674859e-02  -8.9336938e-02  -1.5974777e-01   3.0764384e-03  -2.0405957e-03   3.7592373e-04
   1.4567595e-02  -7.6550937e-03  -1.5531664e-01   2.1305374e-03  -1.5051610e-03  -1.2824463e-04
  -6.5148112e-04  -4.5881752e-02  -1.1424338e-01   2.9234832e-03  -1.4881061e-03  -5.0082221e-04
  -6.8514845e-04  -5.0336406e-02  -1.2858145e-01   3.2540366e-03  -1.5977487e-03  -4.4746188e-04
  -1.5339083e-02  -1.0609204e-02  -1.3224225e-01   1.9326518e-03  -1.1382367e-03  -3.0603517e-04
  -1.5467486e-02  -3.6728431e-02  -1.0394267e-01   2.4891875e-03  -1.2065683e-03  -4.7302511e-04
  -2.9687116e-02  -1.0083415e-01  -2.0450809e-01   4.2098713e-03  -4.7094930e-04  -4.9419924e-04
  -2.6047148e-02  -2.2411690e-02  -1.4856956e-01   3.0648970e-03  -4.7944593e-04  -8.1164625e-04
  -3.2996814e-02  -4.8343095e-02  -1.7779440e-01   3.6083013e-03  -2.8498887e-04  -5.0873098e-04
  -3.5687765e-02   6.5568688e-03  -1.6844168e-01   3.1236786e-03  -3.8080862e-04  -8.3231437e-04
  -3.1316351e-02  -7.1550680e-02  -1.2302803e-01   4.0422555e-03  -4.3352461e-04  -9.5404650e-04
  -2.3596370e-02  -4.1727292e-02  -1.1996647e-01   2.9838003e-03  -6.6943290e-04  -9.0423374e-04
  -2.8775751e-02  -1.1342736e-02  -5.9450872e-02   2.5586436e-03  -4.6785184e-04  -1.1378683e-03
  -1.6418034e-02  -4.6877666e-02  -9.7820468e-02   2.6033847e-03  -6.4872932e-04  -8.0604928e-04
  -1.8975148e-02  -2.4649609e-02  -1.4555195e-01   1.9097889e-03  -6.5486286e-04  -6.5964968e-04
  -2.0084281e-02   4.5227081e-03  -1.2169464e-01   1.8856196e-03  -4.8662123e-04  -8.4129342e-04
  -1.8210766e-02  -3.0161542e-02  -1.4772748e-01   2.6524399e-03  -6.9433137e-04  -8.7563112e-04
  -1.8437724e-02   7.5493585e-03  -1.4226608e-01   2.0748286e-03  -7.3733129e-04  -8.1833289e-04
  -2.0813236e-02  -3.5389144e-03  -1.2751672e-01   2.6066475e-03  -6.2531253e-04  -7.5449016e-04
  -1.4801384e-02  -1.2870972e-02  -1.5639772e-01   2.3031487e-03  -5.4666185e-04  -7.5923298e-04
  -1.2312147e-02  -3.0249061e-02  -1.3941981e-01   2.5515293e-03  -5.9275966e-04  -8.1186520e-04
  -1.7994569e-02  -6.0223062e-03  -1.1164333e-01   2.5212329e-03  -5.2971107e-04  -8.7658525e-04
  -8.1163190e-03  -4.7541027e-02  -1.2685448e-01   2.7249635e-03  -8.7433084e-04  -8.5081556e-04
   5.1355987e-04  -4.2823036e-02  -1.3117187e-01   2.7966475e-03  -1.4927536e-03  -1.1315306e-03
  -1.0489000e-02  -8.0770412e-03  -1.0974717e-01   2.4276418e-03  -1.0006736e-03  -9.1995479e-04
  -3.1047599e-03  -5.0743193e-02  -1.1237541e-01   3.2811030e-03  -1.0512267e-03  -6.7391258e-04
  -1.0172005e-02  -2.5318614e-02  -1.0518115e-01   2.8128114e-03  -1.3115878e-03  -9.7893031e-04
  -1.0030085e-02  -3.1006590e-02  -9.2393654e-02   3.0336078e-03  -1.3222616e-03  -1.2082763e-03
  -7.7801572e-03  -3.6640477e-02  -1.0801501e-01   3.5403305e-03  -1.5137206e-03  -1.2217885e-03
   3.2470674e-04  -1.4542379e-02  -1.1273894e-01   2.5781447e-03  -1.4151556e-03  -9.0460212e-04
  -1.3021123e-02  -8.7241855e-03  -1.2320321e-01   2.1852353e-03  -1.0827316e-03  -9.8546362e-04
  -6.8953565e-03  -9.7978455e-03  -1.1264230e-01   2.9354134e-03  -1.2732624e-03  -1.1264805e-03
  -6.1625815e-03  -2.0899082e-02  -9.5061893e-02   3.2483312e-03  -1.3119508e-03  -1.0078576e-03
   2.8359178e-03  -2.7881453e-02  -1.3235266e-01   3.0896361e-03  -1.4275200e-03  -9.4227127e-04
  -2.5597906e-03  -1.5449141e-02  -1.4034751e-01   3.0750792e-03  -1.2286064e-03  -9.8952640e-04
  -8.3227873e-04  -3.2330828e-02  -1.1505085e-01   3.5559398e-03  -1.1933093e-03  -8.6474719e-04
  -2.1122243e-03  -4.3049647e-02  -1.0616846e-01   3.7114659e-03  -1.2518641e-03  -9.1722565e-04
   2.2528228e-03  -1.8898034e-02  -1.3388929e-01   2.4362727e-03  -1.2875543e-03  -9.4495998e-04
   5.5301520e-03  -2.8743175e-02  -1.6086526e-01   2.4300560e-03  -1.3916461e-03  -7.1701501e-04
   6.7071721e-03  -2.2710852e-02  -1.4130667e-01   2.1954744e-03  -1.5108818e-03  -9.5260862e-04
  -3.2393254e-03  -2.0696318e-02  -1.2594172e-01   1.8110823e-03  -1.4843536e-03  -1.1777409e-03
  -8.2600783e-03  -3.3480574e-02  -1.4842805e-01   2.6171382e-03  -1.4400504e-03  -1.1528728e-03
  -8.3526499e-03  -3.3152905e-02  -1.7742515e-01   2.9014336e-03  -1.3652585e-03  -1.1107376e-03
  -6.6135768e-03  -2.2231087e-02  -1.1246887e-01   2.9210630e-03  -9.5937072e-04  -1.2572978e-03
  -1.0877091e-02  -4.5379815e-02  -1.1634879e-01   3.1142734e-03  -1.0379508e-03  -1.4545423e-03
  -6.8571889e-03  -6.5582965e-02  -1.4747759e-01   3.4722846e-03  -1.1354923e-03  -1.3204346e-03
  -6.1726303e-03  -1.9544092e-02  -1.0539271e-01   2.9362039e-03  -1.0014186e-03  -1.3866292e-03
   1.1622518e-03  -5.2626164e-02  -9.6812193e-02   3.3479628e-03  -1.1434921e-03  -1.1362256e-03
   7.3385192e-03  -2.9773088e-02  -1.1219865e-01   3.1251556e-03  -1.4045366e-03  -9.9704772e-04
   3.9731065e-03  -6.8374826e-03  -9.4053712e-02   2.6577205e-03  -1.2699390e-03  -1.2644150e-03
   1.0464716e-02  -4.6983656e-02  -1.0119374e-01   3.1777536e-03  -1.3412665e-03  -9.3381065e-04
   7.6584645e-03  -8.1465410e-02  -1.6931705e-01   5.0793432e-03  -1.3163771e-03  -1.0047768e-03
   8.6322177e-03   1.0851321e-03  -1.8307533e-01   2.8525628e-03  -1.3164278e-03  -8.7022441e-04
   5.6438538e-03  -4.9543023e-02  -1.5174585e-01   4.2206609e-03  -1.3575675e-03  -1.1807408e-03
  -1.0074810e-02  -3.6696266e-02  -1.7492676e-01   4.1373910e-03  -1.1202277e-03  -1.1828286e-03
  -7.0765263e-03  -1.3850732e-02  -1.3949759e-01   3.6141202e-03  -1.3994174e-03  -1.3328183e-03
  -6.8123093e-03  -4.5904369e-02  -1.2978353e-01   3.8614021e-03  -1.5265846e-03  -1.4239235e-03
  -5.2460140e-03  -6.8919612e-02  -1.4854920e-01   4.2479301e-03  -1.4187784e-03  -1.2460278e-03
  -7.9895315e-03  -3.9893711e-02  -1.3865156e-01   3.7303844e-03  -1.4703053e-03  -1.3884545e-03
  -8.2727826e-03  -4.6643956e-02  -1.3471722e-01   3.9681646e-03  -9.8023479e-04  -1.2417097e-03
   9.5058539e-04  -9.2392838e-02  -1.2932885e-01   4.7035680e-03  -9.9360122e-04  -9.6635134e-04
  -8.7545210e-04  -2.4998542e-02  -9.6306714e-02   3.0298884e-03  -7.5231730e-04  -8.8795409e-04
   1.4697021e-03  -2.5567075e-02  -8.4599735e-02   3.3910129e-03  -9.0128318e-04  -9.0291515e-04
   6.1720080e-03  -6.9377981e-02  -1.0289076e-01   3.9486206e-03  -1.1547865e-03  -7.4642724e-04
   1.1794362e-03  -1.9395515e-02  -1.0069410e-01   2.9162950e-03  -8.9398799e-04  -5.5020411e-04
  -2.1075554e-03  -2.1332502e-02  -7.5849272e-02   3.0957917e-03  -8.0132008e-04  -8.4108566e-04
   7.4621155e-03  -2.6040986e-02  -8.5706476e-02   2.7649452e-03  -1.0558080e-03  -1.0097954e-03
   1.2313054e-02  -6.9349697e-02  -9.5984034e-02   3.9845160e-03  -1.2636250e-03  -8.4489777e-04
   5.6680951e-03  -2.4870072e-02  -8.1036189e-02   3.5801743e-03  -9.7761417e-04  -7.7496429e-04
  -1.1232599e-03  -5.5206645e-03  -5.5646784e-02   2.9774583e-03  -7.7108101e-04  -8.7916652e-04
   1.2816021e-03  -1.1236339e-02  -7.9058268e-02   3.2150001e-03  -1.0791524e-03  -9.7191977e-04
  -2.0559733e-03  -3.1464684e-02  -1.0438564e-01   3.5452437e-03  -1.0042103e-03  -7.2569869e-04
  -5.6190216e-03   1.4735008e-02  -7.6859546e-02   2.9344187e-03  -8.8591298e-04  -6.7768348e-04
  -1.4612425e-02  -1.1170991e-02  -6.7669059e-02   3.5133907e-03  -8.1398864e-04  -1.0162078e-03
  -9.9202889e-03  -5.4212142e-02  -8.8182727e-02   4.4148882e-03  -1.1738326e-03  -1.1093006e-03
  -2.1077858e-02  -1.6573042e-03  -1.1056309e-01   2.4694374e-03  -7.8968260e-04  -1.1376206e-03
  -4.0461687e-02   1.7209651e-03  -8.4819479e-02   2.6263139e-03  -8.6420853e-04  -1.4209621e-03
  -4.6004325e-02  -4.4328168e-02  -2.7809813e-01   2.6857942e-03  -5.5160680e-04  -1.1919336e-03
  -4.5643287e-02   1.2460529e-01  -1.0398315e-01   5.6872817e-03  -1.3162051e-03  -2.0913477e-03
