   0.0000000e+00   0.0000000e+00   0.0000000e+00   0.0000000e+00   0.0000000e+00   0.0000000e+00
   5.8866302e-03   1.2000909e-02   5.8633173e-02   5.7844315e-04   2.9131083e-05   2.0975928e-04
   6.1666208e-03  -8.4380161e-03   3.8001354e-02   4.7805623e-04  -4.4571314e-05  -6.3050194e-05
   7.6568760e-03   2.2918303e-02   2.4700195e-02   7.0043964e-05  -1.1568911e-04  -5.4988443e-05
   8.1501953e-03   4.7193770e-02   5.1690308e-02  -1.3886617e-05   2.3055951e-04   9.7802499e-05
  -1.4417957e-02  -2.4121787e-02  -2.2140354e-01   6.3831943e-04   8.1573578e-04   3.6458998e-04
  -3.9328689e-03   2.3075713e-02  -2.7771978e-01  -1.4038913e-03   5.3039945e-04  -6.5756798e-05
  -3.7936393e-04   6.2890483e-02  -1.5985572e-01  -8.2183679e-04   5.7234997e-04  -2.6635380e-04
   9.3405008e-03   6.9294558e-02  -1.1772668e-01  -2.1212456e-04   6.4865047e-04  -3.8457479e-04
   3.2996561e-02   3.9212656e-02  -1.4272656e-01  -3.3892034e-04   3.9729781e-04  -7.4166857e-04
   3.7943147e-02   2.5663305e-02  -1.0694725e-01   1.4038292e-04   4.6018861e-04  -6.5068573e-04
   3.0189433e-02   3.1175705e-02  -1.3066901e-01   3.2454334e-04   6.8057638e-04  -8.5824993e-04
   3.5766891e-02  -2.4350254e-03  -1.6195753e-01   5.3496345e-04   3.4344206e-04  -9.6859123e-04
   3.2861829e-02   4.3829321e-02  -1.0990365e-01  -1.3860840e-04   1.9192683e-04  -5.8473814e-04
   2.1627168e-02   6.5566160e-02  -8.0002404e-02  -1.9578034e-04   3.1042700e-04  -4.9638459e-04
   2.5975956e-02   2.5445547e-02  -1.1338271e-01   2.4053295e-04   4.6404423e-04  -5.1283305e-04
   2.9072307e-02   5.9879858e-03  -1.3253299e-01   7.8415194e-04   2.5942368e-04  -6.0797298e-04
   1.0922603e-02   4.0558568e-02  -1.0526647e-01   3.7567550e-04   3.1401577e-04  -3.4752109e-04
   3.5722638e-04   1.9492100e-02  -8.5784901e-02   6.1298962e-04   5.1487848e-04  -5.8255806e-04
   4.6289901e-03   1.1435957e-02  -1.3728232e-01   2.3943980e-04   3.2554853e-04  -4.7598124e-04
  -1.6586726e-04   2.5137711e-02  -9.9084770e-02   8.4416903e-05   2.8966903e-04  -1.8519397e-04
  -5.2946207e-03   2.0010869e-02  -5.6145565e-02   4.5091498e-04   1.5383094e-04  -2.0235370e-04
   6.4204972e-03   1.4081979e-02  -9.2192796e-02   2.5389630e-04   2.3477782e-05  -3.7102175e-04
   1.1454058e-02  -1.2297954e-02  -1.0314020e-01   5.5199942e-04  -4.8052087e-04  -2.3637990e-04
   1.4787272e-02   2.1680535e-02  -6.7015415e-02   5.1996266e-04  -4.4496314e-04  -3.2835827e-04
   2.5658622e-02  -9.5692014e-03  -8.7046578e-02   1.1570012e-03  -3.5475201e-04  -9.3010051e-04
   5.1256754e-02  -5.2610973e-02  -1.0460584e-01   1.5811021e-03  -6.4334040e-04  -1.2289094e-03
   4.8160363e-02  -4.6499871e-02  -1.0469148e-01   2.0009567e-03  -7.1643582e-04  -1.0948170e-03
   4.5554712e-02  -2.1627472e-02  -1.1329823e-01   9.5053298e-04  -7.9446185e-04  -1.1689963e-03
   4.0321044e-02  -3.6696075e-02  -1.2778202e-01   1.5192007e-03  -8.0512045e-04  -1.3023480e-03
   3.7941913e-02  -1.3257162e-02  -1.5052868e-01   1.1897167e-03  -6.7929004e-04  -1.3767459e-03
   3.3366241e-02  -2.2065747e-02  -1.1054268e-01   1.6598726e-03  -7.6616651e-04  -1.0051456e-03
   2.3863662e-02   8.4226696e-03  -1.3254222e-01   1.3655258e-03  -7.3147309e-04  -9.3268192e-04
   1.9067138e-02  -1.2861124e-03  -1.3240289e-01   1.6638466e-03  -5.0961578e-04  -1.1263806e-03
   2.3369224e-02  -4.6808867e-02  -1.3401228e-01   1.6194781e-03  -7.4164641e-04  -9.8323402e-04
   2.7327660e-02  -3.9208002e-02  -1.1796504e-01   1.6580584e-03  -8.8627810e-04  -7.5835801e-04
   2.9200214e-02  -2.6702760e-02  -1.1079646e-01   1.4488322e-03  -8.3996321e-04  -8.4534962e-04
   2.8822319e-02  -2.1804981e-02  -1.0397312e-01   1.3331173e-03  -7.7666314e-04  -8.6329533e-04
   3.7160278e-02  -5.3881693e-02  -1.2789122e-01   2.0414050e-03  -8.4354631e-04  -1.0712029e-03
   4.1805336e-02  -3.2314051e-02  -1.6233769e-01   1.1487746e-03  -8.7305932e-04  -1.0972428e-03
   4.2568570e-02   2.1138179e-02  -4.2504155e-02   2.0418659e-03  -3.8823786e-04  -9.8778966e-04
   5.2694533e-02  -9.1978045e-03  -2.6158928e-02   2.1024879e-03  -1.3191863e-03  -1.1280491e-03
   7.2054041e-02  -7.6940350e-03   9.0846626e-03   2.5656863e-03  -1.5181928e-03  -1.4486553e-03
   8.3404607e-02  -4.1280907e-02  -3.4936103e-02   2.4377067e-03  -1.3573706e-03  -1.6480457e-03
   7.0716247e-02  -5.0284145e-02   2.0555657e-02   2.9738580e-03  -1.6240923e-03  -8.9757175e-04
   6.6557055e-02   2.1542658e-02   2.1318534e-02   2.1380716e-03  -1.6720676e-03  -1.1506994e-03
   6.4868596e-02  -1.7863445e-02   1.1787742e-02   2.2111004e-03  -1.7618475e-03  -1.4216179e-03
   6.2572999e-02  -3.4373103e-02  -2.1318789e-02   2.5375539e-03  -1.7346900e-03  -1.1049701e-03
   6.1329493e-02  -1.4898314e-02  -1.3588960e-02   2.7019882e-03  -1.7565427e-03  -1.1793170e-03
   6.6712380e-02  -5.1975219e-02   3.8415545e-03   3.8342109e-03  -1.9752383e-03  -1.3576242e-03
   6.4144026e-02   4.7813487e-03  -1.7011821e-02   2.1525223e-03  -2.0034755e-03  -1.5612676e-03
   6.5240339e-02  -1.9296060e-02  -3.2569849e-02   2.1437924e-03  -2.0178461e-03  -1.4575695e-03
   6.4446438e-02  -8.0390546e-03  -3.0563458e-02   2.1407809e-03  -1.8989385e-03  -1.4668810e-03
   6.5530911e-02  -2.2105561e-02  -1.4773966e-02   2.6758395e-03  -1.8398323e-03  -1.5673951e-03
   7.1885416e-02  -3.9609677e-02  -3.1626079e-02   2.7703897e-03  -1.8373198e-03  -1.6781299e-03
   7.1922722e-02  -3.8940518e-02  -4.1112598e-02   3.9458378e-03  -2.1218404e-03  -1.2168331e-03
   6.9275553e-02   2.0118633e-02  -1.2966682e-02   2.0205886e-03  -1.8090677e-03  -1.5324557e-03
   6.3199584e-02  -9.3249258e-04  -2.1637797e-02   2.1591643e-03  -1.8212422e-03  -1.5384821e-03
   6.5892728e-02   8.4856964e-03  -5.7224132e-02   2.2905751e-03  -2.0088259e-03  -1.6606947e-03
   6.9350368e-02   2.5081692e-02  -6.9970355e-02   1.6886030e-03  -2.0376789e-03  -1.6645459e-03
   6.9413280e-02   2.3983970e-02  -2.5781999e-02   1.9089605e-03  -2.0250106e-03  -1.8365746e-03
   5.4612473e-02  -2.8937708e-02  -8.1377771e-03   3.2916895e-03  -1.4950446e-03  -1.5682507e-03
   6.2143778e-02  -3.5959006e-02  -5.8775377e-02   2.7184880e-03  -1.6907463e-03  -1.5207812e-03
   5.8797448e-02  -5.1177935e-02  -4.2458388e-02   2.7046172e-03  -1.8625593e-03  -1.4740122e-03
   4.9224261e-02  -3.5107669e-02  -2.1347917e-02   2.9444680e-03  -1.7477465e-03  -1.4254258e-03
   4.9695187e-02  -3.3149853e-02  -2.8805053e-02   2.9955735e-03  -1.7623064e-03  -1.4281273e-03
   5.7906213e-02  -3.4915777e-02  -5.4648407e-02   2.5019223e-03  -1.7226534e-03  -1.5655857e-03
   6.0834214e-02  -2.2155099e-02  -6.9690517e-02   1.9206073e-03  -1.7387424e-03  -1.3155498e-03
   5.9869293e-02  -3.7030757e-02  -5.7229750e-02   2.3261591e-03  -1.8003950e-03  -1.3102679e-03
   5.7894535e-02  -3.0798818e-02  -5.7989042e-02   2.2475979e-03  -1.7040144e-03  -1.3297524e-03
   5.1467715e-02  -3.3231143e-02  -7.6781363e-02   2.4231561e-03  -1.4959727e-03  -1.2383261e-03
   4.9832678e-02  -4.2301862e-02  -5.4812583e-02   2.5218364e-03  -1.6143368e-03  -8.7462286e-04
   4.8854645e-02  -2.7109098e-02  -5.1814548e-02   2.5466377e-03  -1.7809724e-03  -1.0726125e-03
   5.0036680e-02   1.3803100e-02  -2.7522283e-02   1.8010559e-03  -1.7179061e-03  -1.2528346e-03
   5.7687246e-02   2.1065866e-03  -4.0218393e-02   1.8727522e-03  -1.7938357e-03  -1.3102087e-03
   4.8824592e-02  -1.1864150e-02  -2.2589363e-02   2.1776197e-03  -1.7870445e-03  -9.6074031e-04
   4.0310285e-02  -7.1725915e-03  -2.2240667e-02   2.4827840e-03  -1.6442651e-03  -1.0195093e-03
   4.3711948e-02  -1.7846815e-02  -1.3135510e-02   2.8399163e-03  -1.6841249e-03  -1.0920606e-03
   3.9217725e-02   4.7382694e-03  -3.6167937e-02   1.8864803e-03  -1.5554650e-03  -1.1561493e-03
   2.3091858e-02  -5.0119360e-02   6.9465753e-03   3.1347246e-03  -1.2125268e-03  -9.0894891e-04
   3.2304634e-02  -1.2232280e-02  -2.7085712e-02   2.6802954e-03  -1.3828513e-03  -1.1496046e-03
   4.1347194e-02  -3.4466778e-02  -1.4816655e-02   2.8711777e-03  -1.7164994e-03  -1.3267984e-03
   4.1220509e-02  -2.6672416e-02  -3.2333685e-02   2.4165120e-03  -1.7627308e-03  -1.2851356e-03
   4.1244014e-02  -2.5145227e-02  -3.3637998e-02   2.1980372e-03  -1.8782567e-03  -1.2259052e-03
   3.4513178e-02   5.7666514e-03  -2.1068395e-02   2.0557076e-03  -1.6811457e-03  -1.2755409e-03
   3.6336983e-02  -2.9199610e-02  -5.1239176e-03   3.0840946e-03  -1.7026444e-03  -1.2149452e-03
   1.8671284e-02  -7.2415375e-02  -2.0075727e-03   3.9799529e-03  -1.4450814e-03  -7.6392632e-04
   2.3807045e-02   1.5548024e-02   5.6987653e-03   2.7343695e-03  -1.3609860e-03  -9.2449309e-04
   2.5475209e-02  -6.1804430e-02  -2.9985128e-02   3.4120562e-03  -1.3333240e-03  -1.3170512e-03
   2.4169420e-02  -8.2628217e-02  -1.3411379e-01   3.6229450e-03  -1.1381997e-03  -1.4539908e-03
   3.0626630e-02  -3.6025137e-02  -9.8492785e-02   2.8821965e-03  -1.4737036e-03  -1.2525753e-03
   2.3166727e-02  -2.7656441e-02  -5.7567387e-02   2.8056527e-03  -1.2692886e-03  -1.3274402e-03
   2.6571638e-02  -5.2399172e-02  -6.4742508e-02   3.2810642e-03  -1.2644907e-03  -1.1796011e-03
   2.5748287e-02  -5.8918150e-02  -7.1859512e-02   3.1682753e-03  -1.3220714e-03  -9.3444302e-04
   2.0086376e-02  -4.4884028e-02  -7.2282401e-02   2.5355498e-03  -1.3826819e-03  -9.2566359e-04
   2.2654344e-02  -3.9464573e-02  -6.5071800e-02   3.3710923e-03  -1.4203131e-03  -1.1278824e-03
   3.1119149e-02  -7.9034535e-02  -6.0524925e-02   3.5126548e-03  -1.6457538e-03  -9.7764650e-04
   2.8486134e-02  -2.4164744e-02  -5.5155397e-02   2.6992601e-03  -1.3908841e-03  -1.1973363e-03
   2.9672752e-02  -3.5617561e-02  -8.3804776e-02   2.6907649e-03  -1.2395656e-03  -1.3291747e-03
   2.7214437e-02  -1.2133423e-01  -1.1422846e-01   3.8179450e-03  -1.0170718e-03  -1.2799030e-03
   2.8161512e-02  -8.3065540e-02  -1.1042200e-01   3.1947610e-03  -1.1973701e-03  -1.0942104e-03
   2.2343095e-02  -9.2504743e-02  -6.5068019e-02   4.2926156e-03  -1.4830325e-03  -9.9867308e-04
   1.3167165e-02  -6.2758327e-02  -8.1918595e-02   3.8390509e-03  -1.3733920e-03  -5.9505592e-04
   1.3022315e-02  -5.4815954e-02  -9.8548119e-02   3.4182594e-03  -1.1860523e-03  -7.8538057e-04
   1.6735152e-02  -2.4810785e-02  -9.9448110e-02   2.4898880e-03  -1.3044099e-03  -8.2512994e-04
   7.9647199e-03  -1.7375361e-02  -8.2749223e-02   2.2619401e-03  -1.0564595e-03  -7.3209773e-04
   1.1391486e-02  -5.2893968e-02  -1.0732663e-01   3.2555500e-03  -9.3024815e-04  -9.0439814e-04
   1.9392796e-02  -1.0334715e-01  -1.0035773e-01   4.8181861e-03  -1.2315304e-03  -9.2374755e-04
   3.8486813e-03  -7.3172403e-02  -7.5062397e-02   4.1173365e-03  -1.0506477e-03  -6.6095990e-04
   1.4865239e-02  -5.8828597e-02  -6.7094115e-02   3.2343689e-03  -1.1953341e-03  -7.9864760e-04
   2.0071741e-02  -6.4689813e-02  -1.0867770e-01   2.5554653e-03  -1.2411905e-03  -8.3480817e-04
   1.4568662e-02  -7.5430731e-02  -1.0572979e-01   2.7056199e-03  -1.3424164e-03  -8.4719008e-04
   7.1290001e-03  -6.2584891e-02  -1.3004682e-01   2.9343665e-03  -9.3271167e-04  -8.8908454e-04
   9.1821715e-03  -3.7221088e-02  -1.2608149e-01   2.4031326e-03  -1.0619691e-03  -8.4937450e-04
   1.2383801e-02  -5.8369638e-02  -1.0034230e-01   2.6758478e-03  -1.2730739e-03  -7.4670153e-04
   1.8797851e-03  -5.0135828e-02  -8.0622176e-02   2.9678286e-03  -1.0638511e-03  -7.0879154e-04
   1.0807846e-02  -6.9049300e-02  -8.4581735e-02   3.4836242e-03  -1.1057049e-03  -1.0957848e-03
   1.9652081e-02  -1.0177289e-01  -1.0018875e-01   3.3362759e-03  -1.2863426e-03  -1.0383904e-03
   2.6658522e-02  -9.1553881e-02  -9.8471644e-02   3.2505714e-03  -1.3911126e-03  -1.1188689e-03
   2.3779816e-02  -7.8786816e-02  -9.4524065e-02   3.4333876e-03  -1.1996231e-03  -1.1507949e-03
   2.1982884e-02  -7.5794998e-02  -1.2857507e-01   3.1743753e-03  -9.0716222e-04  -1.0764628e-03
   2.8261859e-02  -7.1050835e-02  -1.2149424e-01   2.9768715e-03  -1.0293847e-03  -1.1291414e-03
   6.1620515e-04  -9.1087393e-02  -1.2903121e-01   3.6349450e-03  -6.9587769e-04  -1.3001517e-03
   8.0819768e-02  -2.4797072e-01  -1.9789465e-01   5.3193579e-03  -8.5218521e-04  -1.6241713e-03
   3.1512480e-01  -4.3021673e-01   3.7388302e-02   3.4747824e-03  -1.7640367e-03  -3.3398209e-03
   3.4071282e-01   3.6442910e-02  -1.8812638e-02  -2.9279905e-03  -1.3172866e-03  -7.3406865e-03
   2.3139011e-01   2.9696898e-01  -1.3319414e-01   2.5409321e-03  -2.3325935e-03  -6.3164424e-03
   2.0962926e-01   2.4570577e-03  -1.2975075e-01   1.0847870e-03  -2.5953091e-03  -5.3519275e-03
   1.9144878e-01   2.6121451e-02  -8.2177078e-02   1.3995556e-03  -2.2725897e-03  -5.4235633e-03
   1.8981141e-01   9.4173832e-03  -9.8524182e-02   2.0858560e-03  -2.4305182e-03  -5.8257412e-03
   1.8192173e-01  -4.3157378e-03  -6.8581009e-02   2.3463673e-03  -2.3239498e-03  -5.7967285e-03
   1.7246186e-01   5.2837537e-02  -1.6621819e-02   1.6661918e-03  -2.4237470e-03  -5.5235520e-03
   1.5669513e-01   2.4003727e-02  -5.1883861e-02   2.0073682e-03  -2.2065760e-03  -5.2992518e-03
   1.5371976e-01   2.8506724e-02  -3.0147467e-02   1.4730100e-03  -2.3383886e-03  -4.9670638e-03
   1.3601921e-01   2.4235814e-02  -6.3992386e-02   1.9978518e-03  -2.2337448e-03  -4.6259349e-03
   1.3570237e-01   7.0702124e-02  -7.9689732e-02   1.3510178e-03  -1.8045853e-03  -4.9975622e-03
   1.3167888e-01   4.1698593e-02  -1.0359041e-01   1.4021089e-03  -2.0361102e-03  -4.8619908e-03
   1.2575708e-01   4.3445951e-02  -8.1313519e-02   1.6506812e-03  -2.0623976e-03  -4.9921338e-03
   1.1861192e-01   7.8167172e-02  -6.7837967e-02   1.5946597e-03  -1.8384150e-03  -5.2023980e-03
   1.2136183e-01   2.8336331e-02  -9.9255412e-02   2.2032151e-03  -2.0185543e-03  -5.0832417e-03
   1.1258938e-01   6.2030542e-02  -6.7075544e-02   1.6913772e-03  -2.0840604e-03  -4.5861767e-03
   1.2108466e-01   8.9386597e-02  -3.8042708e-02   1.6353963e-03  -2.0152606e-03  -4.8682603e-03
   1.2760048e-01   5.5219381e-02  -6.0580392e-02   1.8311067e-03  -2.1479448e-03  -4.6031737e-03
   1.3663784e-01   6.4983341e-02  -1.7572314e-02   1.4546281e-03  -2.3346051e-03  -4.6198485e-03
   1.2540610e-01   6.5856079e-02  -3.1101117e-02   1.7497387e-03  -2.2304476e-03  -4.5354048e-03
   1.1319552e-01   6.0006764e-03  -4.1339822e-02   3.1226663e-03  -1.9736744e-03  -4.4269531e-03
   1.1185133e-01   3.2064709e-02  -4.1408855e-02   2.1488844e-03  -2.1236612e-03  -4.2979245e-03
   1.0844332e-01   6.0377450e-02  -1.5335791e-02   1.8778979e-03  -2.0690484e-03  -4.3618082e-03
   1.0110961e-01   2.7174922e-02  -2.6639353e-02   2.2387328e-03  -2.1072085e-03  -4.1908374e-03
   1.0087375e-01   4.8512861e-02  -6.2028091e-02   3.0564928e-03  -2.2054448e-03  -4.2525492e-03
   9.7382042e-02   8.8825586e-02  -5.2391156e-02   1.7942027e-03  -2.0804342e-03  -4.3414348e-03
   9.3969524e-02   4.4809961e-02  -7.3326105e-02   1.6937572e-03  -2.1675130e-03  -4.2912314e-03
   9.6011569e-02   4.6557644e-02  -6.8502302e-02   1.4650622e-03  -2.1802335e-03  -4.2560620e-03
   8.8066951e-02   6.3815753e-02  -2.7015091e-02   1.8941042e-03  -2.0821407e-03  -4.0855628e-03
   8.8874654e-02   7.2024137e-02  -3.7711677e-02   1.5479697e-03  -2.2002334e-03  -4.1392995e-03
   8.4866090e-02   3.0230070e-02  -3.9526107e-02   2.2798043e-03  -2.1354953e-03  -4.0120472e-03
   8.7254221e-02   6.0209201e-02  -4.8562483e-02   1.9092022e-03  -2.0008550e-03  -4.2321942e-03
   8.8952578e-02   8.5077215e-02  -5.5232580e-02   1.6271944e-03  -1.9564579e-03  -4.4392982e-03
   8.7021889e-02   3.8098027e-02  -5.6957937e-02   1.9661727e-03  -1.8921635e-03  -4.2032290e-03
   8.6666821e-02  -9.1131917e-03  -1.2362410e-01   3.0568239e-03  -1.9263805e-03  -3.9016460e-03
   8.0224499e-02   2.5173897e-02  -1.1730492e-01   2.8067369e-03  -2.0982231e-03  -3.7862734e-03
   8.1689305e-02   1.0280446e-01  -1.1808377e-01   4.6373614e-04  -1.9101882e-03  -4.1434827e-03
   8.2623172e-02   4.9166688e-02  -1.0706106e-01   8.0623433e-04  -1.9729556e-03  -4.1198957e-03
   7.1631610e-02   7.7137074e-02  -1.0692342e-01   1.1526514e-03  -1.8671725e-03  -4.2957189e-03
   7.3464298e-02   8.7902347e-02  -1.0111426e-01   2.0005989e-03  -2.0033196e-03  -4.4896028e-03
   7.2359159e-02   7.2344750e-02  -8.8916240e-02   2.1559180e-03  -1.8552661e-03  -4.3160427e-03
   6.8638439e-02  -1.9991021e-05  -5.6313304e-02   3.0758818e-03  -1.7218641e-03  -4.1092875e-03
   6.1000483e-02   1.2213618e-02  -3.0768200e-02   3.2065099e-03  -1.4958059e-03  -4.0377567e-03
   6.0564953e-02   1.3571121e-02  -6.2122924e-02   2.5471651e-03  -1.7043579e-03  -3.8477368e-03
   5.8739515e-02  -8.5048038e-03  -7.4096774e-02   3.1800142e-03  -1.8397088e-03  -3.7343540e-03
   6.2436610e-02   5.3032617e-02  -5.4663928e-02   2.2353872e-03  -1.7946693e-03  -3.9213308e-03
   6.5583279e-02   1.7331687e-02  -2.3898211e-02   3.0047673e-03  -1.8072753e-03  -4.0573205e-03
   5.7290662e-02  -3.4467196e-03  -2.8798659e-02   2.9884623e-03  -1.5635302e-03  -3.8213690e-03
   5.8903120e-02   2.9036565e-02  -2.5776703e-02   2.4187860e-03  -1.5892111e-03  -3.8231742e-03
   6.7433569e-02   5.3685890e-02   3.2664706e-03   2.2088653e-03  -1.6484194e-03  -3.9679011e-03
   5.9734933e-02   1.1156331e-02  -4.3426482e-02   2.9205841e-03  -1.4702201e-03  -3.7978590e-03
   6.9279385e-02   2.3280248e-02  -7.3592956e-02   2.3674318e-03  -1.6556460e-03  -3.7535743e-03
   6.8886634e-02   7.9321123e-02  -5.6789791e-02   1.5227701e-03  -1.6112060e-03  -4.1725715e-03
   6.8626079e-02   6.5044496e-02  -7.5466808e-02   1.3445816e-03  -1.6237706e-03  -4.0473609e-03
   7.7070673e-02   9.3657408e-03  -1.2073155e-01   1.9836061e-03  -1.6878646e-03  -3.7344872e-03
   7.2311121e-02   4.9528217e-02  -1.0256631e-01   1.9997872e-03  -1.4210672e-03  -3.9329146e-03
   6.9632204e-02   6.7848648e-02  -8.8833784e-02   2.0667313e-03  -1.4805304e-03  -3.7684481e-03
   7.7913726e-02   4.0171150e-02  -1.5359903e-01   1.8344555e-03  -1.6009252e-03  -3.6172787e-03
   7.1715564e-02   3.5334274e-02  -5.8474273e-02   2.1618676e-03  -1.4762673e-03  -3.7452083e-03
   6.4332334e-02   1.6585806e-02  -6.5212273e-02   2.6292817e-03  -1.3441736e-03  -3.9383909e-03
   7.1659684e-02   1.7077316e-02  -1.4058054e-01   2.2731339e-03  -1.5253436e-03  -4.2183283e-03
   6.9475171e-02   3.4005542e-02  -8.0602682e-02   2.1914335e-03  -1.6575454e-03  -3.9389841e-03
   7.0591896e-02   6.7587988e-02  -4.4564370e-02   1.8501400e-03  -1.5617304e-03  -4.1847245e-03
