   0.0000000e+00   0.0000000e+00   0.0000000e+00   0.0000000e+00   0.0000000e+00   0.0000000e+00
  -6.0622701e-02   1.4234211e-01   7.2835564e-02  -2.6897338e-03   1.1861698e-03  -9.2431054e-05
  -7.1360591e-02   5.6623927e-02   1.3862862e-01  -3.2502538e-04   1.7372120e-03  -7.5154864e-05
  -6.1515313e-02   7.4309432e-02   2.2208925e-01  -3.7555771e-04   1.3536400e-03   3.0009438e-04
  -6.2159785e-02   7.0724611e-02   2.8987029e-01   3.7191599e-04   1.2155899e-03   3.4302808e-04
  -6.0479061e-02   4.5289626e-02   2.7098331e-01   8.7468315e-04   1.2146980e-03   3.4094899e-04
  -6.0146981e-02   4.0191560e-02   2.8025424e-01   7.3765395e-04   1.0757917e-03   4.2194855e-04
  -5.8205061e-02   8.1871818e-02   3.0414361e-01   5.0695224e-04   1.0483194e-03   3.4148566e-04
  -6.1335309e-02   8.8221246e-02   2.7960325e-01   2.3649172e-05   1.1140991e-03   2.4414788e-04
  -6.2524466e-02   6.0097510e-02   2.5383688e-01   1.8591800e-04   1.1149158e-03   5.0939988e-04
  -6.7755500e-02   9.3167784e-02   2.5439260e-01  -6.4364605e-05   1.3112163e-03   5.1233335e-04
  -7.5043566e-02   1.1120909e-01   2.8167670e-01  -3.4004422e-04   1.3725911e-03   2.1988300e-04
  -5.6636472e-02   6.4167057e-02   1.5334022e-01  -2.1041946e-04   1.2240290e-03  -3.2278561e-04
  -6.3977205e-02   7.0088461e-02   1.3736702e-01   5.8252006e-05   1.1446346e-03  -2.4984175e-04
  -7.6544443e-02   1.1511829e-01   1.3927150e-01  -1.0331504e-03   1.6136818e-03  -3.1424350e-04
  -6.6229765e-02   6.4117091e-02   8.2790394e-02  -3.5740422e-05   1.4418512e-03  -5.6072726e-04
  -7.5456498e-02   8.6249434e-02   7.5146000e-02  -7.1282691e-04   1.6182743e-03  -5.5457679e-04
  -8.5857334e-02   7.3497105e-02   4.1092537e-02  -6.3982770e-04   1.7583972e-03  -7.2178453e-04
  -1.0157221e-01   7.5165189e-02   1.4571706e-02  -7.1656636e-04   1.5560404e-03  -8.1148616e-04
  -1.0030197e-01   3.9372014e-02  -7.4841184e-02  -2.0746253e-04   1.0664088e-03  -5.6019137e-04
  -1.0703916e-01   6.0174986e-02  -1.0332611e-01  -5.2781049e-04   8.7492485e-04  -3.0504910e-04
  -1.1659841e-01   8.8529725e-02  -6.1427523e-02  -1.0052391e-03   8.1244913e-04  -1.3393846e-04
  -1.2513718e-01   9.9367446e-02  -7.0053528e-02  -1.0600074e-03   9.9558253e-04  -1.2494886e-04
  -1.3817193e-01   1.1199350e-01  -1.0523455e-01  -1.3057976e-03   1.2490466e-03  -7.4344256e-05
  -1.3962482e-01   1.0396283e-01  -1.1709576e-01  -9.8692305e-04   1.1768467e-03   6.3759265e-05
  -1.5168255e-01   1.1503987e-01  -1.2769311e-01  -1.3562394e-03   1.3290753e-03   1.1459223e-04
  -1.4994111e-01   1.2881162e-01  -1.4757575e-01  -1.6480994e-03   1.2591074e-03  -1.4188737e-04
  -1.5700686e-01   1.1460752e-01  -1.5200209e-01  -1.5776380e-03   1.2291723e-03  -1.8373352e-04
  -1.6024817e-01   1.0153323e-01  -1.4958568e-01  -1.1687764e-03   1.2216338e-03  -9.8825567e-06
  -1.5557361e-01   4.9875456e-02  -2.0048371e-01   4.3506919e-05   9.6129760e-04  -2.1001313e-05
  -1.5176073e-01   7.3812269e-02  -1.8751798e-01  -4.4365828e-04   7.4795768e-04  -2.2541679e-04
  -1.5735080e-01   6.3301896e-02  -1.3608847e-01   2.7679840e-05   8.8531922e-04  -1.5628586e-04
  -1.4440035e-01   9.3047596e-02  -1.5301028e-01  -4.1558157e-04   6.5333654e-04  -2.2840554e-04
  -1.3774113e-01   1.0228651e-01  -1.7219328e-01  -9.2301937e-04   4.9504754e-04  -1.3677637e-04
  -1.3194419e-01   9.6004982e-02  -1.8896911e-01  -1.0828933e-03   7.6141475e-04  -2.3956529e-04
  -1.3520372e-01   1.0384647e-01  -1.8781934e-01  -1.1649839e-03   8.6956668e-04  -9.4956788e-05
  -1.2975595e-01   9.8411247e-02  -2.1447292e-01  -1.0764924e-03   7.4058504e-04  -1.8890473e-04
  -1.2041885e-01   9.5325760e-02  -2.1797467e-01  -1.0343937e-03   6.2053212e-04  -4.3212357e-04
  -1.0977361e-01   5.6925108e-02  -2.2038208e-01  -5.2534377e-04   5.0693084e-04  -4.5558039e-04
  -1.1531314e-01   7.9712449e-02  -2.1924957e-01  -1.0175046e-03   3.7150720e-04  -5.2169018e-04
  -1.1205727e-01   9.5408059e-02  -2.1795741e-01  -1.2566764e-03   3.1740425e-04  -5.7426881e-04
  -1.1887260e-01   7.9652505e-02  -2.2469503e-01  -8.4377346e-04   3.9185001e-04  -2.9547146e-04
  -1.0719441e-01   7.8108531e-02  -2.2152899e-01  -5.7300603e-04   2.1938506e-04  -2.0682531e-04
  -1.0764106e-01   8.2335652e-02  -1.9111110e-01  -2.0263462e-04   2.1546387e-04  -3.1669194e-04
  -1.1583870e-01   1.0883333e-01  -1.5973155e-01  -1.1240093e-03   2.9585180e-04  -1.8959651e-04
  -1.1861317e-01   8.7928156e-02  -1.7500493e-01  -8.4241485e-04   3.2771055e-04  -1.9063141e-04
  -1.2038527e-01   8.9606502e-02  -2.0476795e-01  -6.9266630e-04   4.3161770e-04  -1.3397566e-04
  -1.2333599e-01   1.4851500e-01  -2.1006103e-01  -2.2168397e-03   5.5434472e-04  -3.4694778e-04
  -1.2251770e-01   1.2065041e-01  -1.6687616e-01  -1.4987987e-03   5.4997892e-04  -4.3677019e-04
  -1.1695861e-01   1.0830370e-01  -1.7884453e-01  -1.2384469e-03   3.4951759e-04  -2.8565162e-04
  -1.1927171e-01   8.5431621e-02  -1.8556286e-01  -9.1369923e-04   3.4992527e-04  -2.2221819e-04
  -1.2213268e-01   1.3660930e-01  -1.9687650e-01  -1.6313397e-03   6.4617018e-04  -3.2924579e-04
  -1.1303145e-01   1.2814912e-01  -1.7964982e-01  -1.2248020e-03   4.4542438e-04  -4.6703807e-04
  -1.1978544e-01   7.5097182e-02  -1.6518396e-01  -6.0480024e-04   4.6743958e-04  -2.8663737e-04
  -1.1063136e-01   1.1307621e-01  -1.7098794e-01  -1.2112368e-03   2.8050006e-04  -1.3404832e-04
  -1.1274170e-01   1.4759748e-01  -1.5429013e-01  -1.6083494e-03   5.5146589e-04  -2.8512883e-04
  -1.1395312e-01   1.0640414e-01  -1.5787312e-01  -1.0411791e-03   4.2784610e-04  -3.8565628e-04
  -1.1501500e-01   1.1678906e-01  -1.6643943e-01  -1.0276236e-03   5.7631585e-04  -7.2693619e-05
  -1.0404330e-01   2.2953989e-01   1.9504704e-01  -1.6913261e-03   1.2449615e-03   1.4300524e-04
  -1.1090307e-01   1.4935914e-01   3.1377467e-01  -1.6007574e-03   9.4506734e-04   2.3246357e-04
  -1.1445660e-01   1.8395749e-01   2.8703087e-01  -1.7249671e-03   8.2146077e-04   3.4550839e-04
  -1.1860503e-01   1.2831893e-01   3.1318909e-01  -1.1309228e-03   6.1318688e-04   2.7843941e-04
  -1.1601596e-01   1.4807894e-01   2.7171793e-01  -1.3469974e-03   5.7347902e-04   3.6426002e-04
  -1.1979926e-01   1.7311458e-01   2.6616215e-01  -1.6868215e-03   4.4140548e-04   3.6534866e-04
  -1.2455254e-01   1.6972854e-01   2.9308158e-01  -1.7894991e-03   4.6813509e-04   4.2772036e-04
  -1.1988223e-01   1.3761646e-01   2.4546143e-01  -9.7086238e-04   3.1817870e-04   4.7356748e-04
  -1.2389952e-01   1.6920103e-01   2.3911262e-01  -1.7402517e-03   3.6834556e-04   5.2700811e-04
  -1.2787943e-01   1.7417489e-01   2.6254206e-01  -2.1667153e-03   4.5921445e-04   5.4705771e-04
  -1.2637895e-01   1.6579561e-01   2.5469351e-01  -1.6393034e-03   5.1933744e-04   4.8224297e-04
  -1.0030654e-01   2.4551440e-01   7.3435363e-01  -8.5304201e-04   5.1340202e-04  -2.6004190e-04
  -9.1346994e-02   3.3746504e-01   1.1246218e+00  -2.4963493e-03   1.3786330e-03  -1.2390124e-03
  -7.2166515e-02   3.8690256e-01   1.5762237e+00  -4.5237755e-03   1.4690230e-03  -5.5698858e-04
  -9.4919700e-02   2.5993282e-01   1.4822469e+00  -1.8207914e-03   1.8554641e-03  -4.7817232e-05
  -1.2542044e-01   2.3980400e-01   1.3933994e+00  -2.3701373e-03   2.3397984e-03  -1.0529899e-04
  -1.3035980e-01   1.9578141e-01   1.3600089e+00  -5.6790565e-04   1.9586462e-03  -2.8381487e-04
  -1.6789576e-01   2.2159260e-01   1.3192343e+00  -3.4060501e-04   2.8287077e-03   1.4307708e-04
  -1.6892819e-01   3.0414655e-01   1.5881903e+00  -1.9032490e-03   3.8015132e-03   2.2289843e-04
  -1.7768168e-01   1.9192476e-01   1.4508204e+00  -3.3491864e-04   3.1443186e-03   4.2688015e-04
  -1.7738765e-01   1.9213780e-01   1.3057702e+00  -3.8402050e-04   2.7227623e-03   4.4076951e-04
  -1.7906789e-01   2.0632821e-01   1.3155717e+00  -5.9457089e-04   2.7346548e-03   5.0984375e-04
  -1.7800429e-01   1.8987638e-01   1.2275424e+00  -3.0831936e-04   2.6759952e-03   5.2273331e-04
  -1.9225632e-01   1.1779134e-01   8.5910983e-01  -5.4731327e-04   2.4188935e-03  -1.1312678e-05
  -2.0046211e-01   1.8193566e-01   7.5128302e-01  -3.4494196e-04   2.6688392e-03  -4.6721157e-04
  -1.8951363e-01   2.2699118e-01   7.8822632e-01  -6.8440978e-04   2.3645582e-03  -6.4266717e-04
  -1.7531202e-01   9.6611670e-02   6.9411999e-01   1.0816375e-03   2.0116844e-03  -6.8532484e-04
  -1.7176613e-01   2.2249508e-01   7.9857278e-01  -8.7820496e-04   1.9560100e-03  -5.6470437e-04
  -1.2592483e-01  -6.7471084e-02   5.0604323e-01   8.4443676e-04   2.3445032e-03  -1.2615715e-03
  -8.2354665e-02   1.1530812e-01   7.7600053e-01  -3.5169350e-03   1.6291280e-03  -1.4140512e-03
  -9.6539625e-02   3.9905300e-01   5.6980997e-01  -3.5193062e-03   1.9899660e-03  -1.1717416e-03
  -2.3728771e-02   6.8327703e-02   4.2087390e-01   3.2071758e-03   9.3674103e-04   1.9554169e-03
  -6.6912717e-03  -3.3507903e-02   3.5834603e-01   6.4007536e-03   1.0697170e-03   3.8221672e-03
  -2.7264201e-02  -7.2911550e-02   1.9334763e-01   1.0583253e-02   2.6897072e-03   1.8742625e-03
  -5.1960882e-02  -2.8866771e-01   2.5038006e-01   1.3468430e-02   2.9437958e-03   6.9207845e-04
  -9.4157345e-02  -3.2389370e-01   1.7435742e-01   1.4315372e-02   3.0943852e-03  -5.8332419e-04
  -9.5871014e-02  -2.2983877e-01   7.0705380e-02   1.4566481e-02   3.4193375e-03  -7.9778757e-05
  -1.1536717e-01  -4.1503379e-01   1.0207788e-01   1.5625576e-02   3.0605504e-03  -7.8106816e-04
  -1.2311390e-01  -4.6142579e-01   9.5602793e-02   1.7720278e-02   2.1459344e-03  -9.6773213e-04
  -8.8539384e-02  -3.5513911e-01  -4.6601084e-03   1.6649278e-02   1.3017795e-03  -2.4413091e-04
  -1.2834960e-01  -4.5629479e-01   2.6589957e-02   1.6420200e-02   1.4879591e-03  -1.9057885e-03
  -8.2806089e-02  -3.7855567e-01   3.3863880e-02   1.3690833e-02  -3.3900435e-04  -1.2555396e-03
  -6.0842300e-02  -3.9434436e-01  -5.1434174e-03   1.5269777e-02   8.3617528e-04   1.8549660e-03
  -3.2116180e-02  -5.6652221e-01  -3.2519401e-02   1.7747521e-02   1.4797145e-04   2.1987234e-04
  -3.0310773e-02  -5.4455449e-01  -9.3857367e-02   1.7153453e-02  -9.0974935e-04   8.0373192e-04
  -4.5729727e-02  -5.4624552e-01  -8.2093707e-02   1.6316938e-02  -6.2952452e-04   4.0274928e-04
   1.0334636e-02  -5.7062471e-01  -6.9571255e-02   1.6722874e-02  -5.3703704e-04  -2.9441230e-04
   6.6723385e-03  -5.6564592e-01  -8.1031643e-02   1.6351480e-02  -1.1205145e-03   4.7406676e-04
  -5.4385948e-03  -6.1758485e-01  -4.9404709e-02   1.6467071e-02  -1.5105920e-03   4.3720014e-04
  -2.1915633e-02  -5.5256052e-01  -8.3087927e-02   1.6260805e-02  -1.0052916e-03   1.7718207e-04
  -1.2159211e-02  -5.5258259e-01  -7.3451144e-02   1.5879767e-02  -1.1090787e-03   5.0379013e-04
   1.1111894e-02  -5.3402459e-01   7.8155137e-02   1.1996785e-02  -2.6840226e-03   1.2871253e-03
   2.1445649e-02  -1.4679052e-01   9.0591698e-01   8.3464786e-03  -2.6179314e-03   1.9987608e-03
   7.3959658e-02  -2.4855598e-01   8.8226442e-01   1.1407615e-02  -2.9383952e-03   2.2572981e-03
   1.6227323e-02  -5.3068597e-01   8.6683652e-01   1.4368342e-02  -2.5753044e-03  -1.0671588e-03
   2.7291679e-02  -4.8730000e-01   7.7122167e-01   1.5409768e-02  -9.1714341e-04  -1.1091672e-03
   3.9733217e-02  -5.1781452e-01   7.5745414e-01   1.6157921e-02  -4.2224196e-04  -6.1936352e-04
   1.2157614e-01  -4.8500044e-01   7.2106283e-01   1.3746155e-02  -1.5345992e-03  -6.2990377e-04
   1.0417382e-01  -3.8330777e-01   5.9850860e-01   1.3972091e-02  -1.0104237e-03  -2.2503026e-03
  -8.7200440e-02  -1.3308951e-01   3.1303347e-01   1.1024975e-02   3.1700547e-04  -1.9908820e-03
  -8.2325861e-02  -5.2280780e-01   8.6547924e-02   1.2606404e-02   6.3036604e-04  -1.4568790e-03
  -1.4169105e-01  -4.4669340e-01   7.3691404e-02   1.4384740e-02   2.2430843e-03  -2.5605223e-03
  -1.6484936e-01  -4.3002067e-01   1.4458596e-01   1.3035932e-02   2.6561979e-03  -1.5324169e-03
  -1.6007907e-01  -3.5565162e-01   1.7807807e-01   1.0432582e-02   2.6350535e-03  -8.2705791e-04
  -1.7415127e-01  -3.8409703e-01   1.6545186e-01   1.2637223e-02   2.5990337e-03  -8.7588783e-04
  -1.7451674e-01  -4.3940429e-01   2.2368520e-01   1.3994068e-02   2.7844416e-03  -7.9649160e-04
  -1.7439734e-01  -3.7275755e-01   4.1780541e-01   1.2641658e-02   2.9453205e-03  -9.5450922e-04
  -1.8519348e-01  -4.1916979e-01   3.6693565e-01   1.4143739e-02   3.3294024e-03  -8.8056760e-04
  -2.0237285e-01  -4.1795397e-01   3.3599203e-01   1.4251341e-02   3.3976558e-03  -9.7792829e-04
  -2.0466088e-01  -3.2884037e-01   3.1694058e-01   1.2072155e-02   3.3585740e-03  -1.0132344e-03
  -1.8846669e-01  -3.3478011e-01   1.2462005e-01   1.1417702e-02   3.0037872e-03  -1.3416362e-03
  -1.9233527e-01  -3.4604241e-01   1.6579379e-01   1.1566784e-02   3.3531493e-03  -1.5263938e-03
  -2.0145235e-01  -1.5621064e-01   3.1937753e-01   1.0286907e-02   3.4986336e-03  -2.4369789e-03
  -1.9149583e-01  -2.7347520e-01   2.9218605e-01   1.0049854e-02   2.6419500e-03  -2.3757654e-03
  -1.8421488e-01  -2.7559280e-01   3.2473400e-01   1.0426128e-02   2.5428215e-03  -2.2959780e-03
  -1.9166877e-01  -3.3189156e-01   2.6450765e-01   1.2058027e-02   2.3434720e-03  -2.0503123e-03
  -1.9520820e-01  -4.6623132e-01   8.6519876e-02   1.3841214e-02   2.7864295e-03  -2.1155437e-03
  -2.1867411e-01  -4.1625576e-01   5.4395053e-02   1.4229459e-02   3.0491322e-03  -3.0956734e-03
  -2.1181232e-01  -4.1337871e-01   8.1416377e-02   1.4904305e-02   2.7678320e-03  -2.6320777e-03
  -2.1310588e-01  -4.5999807e-01   1.4708696e-01   1.3958378e-02   2.3715582e-03  -2.0850172e-03
  -2.0151176e-01  -4.2256597e-01   2.5691488e-01   1.3902029e-02   2.3005145e-03  -2.0604434e-03
  -5.9879459e-02   3.0417362e-02  -2.1779781e-01   3.5465517e-05  -8.5005945e-04  -3.2792699e-03
  -8.2923241e-02  -7.3974019e-02   1.2353082e-02   4.5451370e-03  -1.4188568e-03  -1.3436627e-03
  -8.2153646e-02  -1.1976274e-01   5.7270266e-02   5.9443047e-03  -1.1800984e-03  -1.5971338e-03
  -9.4898136e-02  -1.6466139e-01   5.0927631e-02   7.3349381e-03  -1.3533241e-03  -1.5213485e-03
  -1.0083521e-01  -2.3792062e-01   3.0644163e-02   8.8909661e-03  -1.3410342e-03  -1.1414861e-03
  -1.2260357e-01  -1.7285920e-01   3.0037262e-02   7.5207165e-03  -7.4029980e-04  -8.3568170e-04
  -1.2901449e-01  -1.9471271e-01   7.7282114e-02   7.7927777e-03  -5.6753559e-04  -1.0438627e-03
  -1.4205107e-01  -2.1873644e-01   7.6502748e-02   8.2439842e-03  -2.8806378e-04  -8.5361509e-04
  -1.3144228e-01  -2.4189265e-01  -4.5195643e-01   5.5793688e-03  -5.1270515e-04  -1.9615340e-03
  -1.4561603e-01  -3.3726874e-02   3.3812039e-01   4.9236029e-03   1.3525967e-03  -1.2825521e-03
  -1.5142966e-01  -4.4187138e-02   3.3838146e-01   4.4616062e-03   1.6916677e-03  -8.8339598e-04
  -1.5635003e-01  -4.1270895e-02   3.0458367e-01   5.0737931e-03   1.4589285e-03  -6.1706191e-04
  -1.6642871e-01  -2.2841956e-02   3.4616777e-01   4.5793883e-03   2.1488506e-03  -8.7806439e-04
  -1.5564325e-01  -1.2175635e-01   1.4243535e-01   5.5512156e-03   2.0273315e-03  -1.0477252e-03
  -1.6921899e-01  -9.8369675e-02   1.8414494e-01   5.7065418e-03   2.0372732e-03  -1.7238667e-03
  -1.7134944e-01  -1.2425200e-01   6.7823324e-02   5.7465425e-03   1.9791098e-03  -1.7608891e-03
  -1.7450905e-01  -1.6393064e-01   1.4838667e-01   7.2121818e-03   1.8504323e-03  -1.6399187e-03
  -1.7541062e-01  -3.0497337e-02   4.6393841e-01   5.3225236e-03   2.3485917e-03  -1.0537045e-03
  -1.8027776e-01  -3.0691033e-02   4.9841874e-01   4.8283439e-03   2.5136266e-03  -1.1549252e-03
  -1.8864043e-01  -3.4532775e-02   4.7792085e-01   5.3364033e-03   2.4490843e-03  -1.1025026e-03
  -1.7931765e-01  -1.4909076e-02   4.4317797e-01   4.1876754e-03   1.8660697e-03  -1.4853306e-03
  -2.0104576e-01  -1.8389411e-02   4.5825970e-01   1.7893944e-03   6.1776429e-04  -2.6954437e-03
  -1.9806147e-01   5.9059225e-02   4.6115781e-01   1.8396488e-03   2.4760436e-03  -1.8589749e-03
  -1.8803150e-01  -2.1685304e-03   4.1233154e-01   3.0273657e-03   2.2161806e-03  -1.3285524e-03
  -1.8182610e-01   2.5068507e-02   4.2814424e-01   2.7046950e-03   1.9428783e-03  -1.3210794e-03
  -1.7362192e-01   3.7997086e-02   4.5490765e-01   2.5893263e-03   1.9087002e-03  -1.4934815e-03
  -1.6725101e-01   1.6198234e-02   4.1248150e-01   2.7532321e-03   1.8298648e-03  -1.5266038e-03
  -1.6559620e-01  -1.9269303e-02   3.9492765e-01   3.3884388e-03   1.8441306e-03  -1.4447327e-03
  -1.6747997e-01  -2.3406231e-03   3.9248195e-01   3.2256790e-03   1.9093752e-03  -1.3743125e-03
  -1.7778872e-01   9.2888111e-03   3.9703404e-01   3.6022684e-03   1.8495610e-03  -1.3440905e-03
  -2.6770664e-01   1.8936386e-01  -2.2272006e-01  -1.9876740e-03   2.2400711e-03   1.3781187e-03
  -2.3330809e-01   2.4007170e-01  -1.6489367e-01  -3.8808344e-03   1.3706242e-03   4.1593807e-04
  -2.6870230e-01   2.2575648e-01  -2.0991962e-01  -3.7977791e-03   2.1540963e-03   3.6316091e-04
  -2.5672783e-01   2.2516925e-01  -2.3144573e-01  -3.4562388e-03   1.9114241e-03   5.2901424e-04
  -2.4922394e-01   2.9163739e-01  -2.6086144e-01  -4.3469406e-03   1.8990068e-03   5.5181877e-04
  -2.4963138e-01   2.8382695e-01  -2.5735176e-01  -4.1533560e-03   1.8601584e-03   6.8354588e-04
  -2.5754988e-01   3.0068536e-01  -2.3660188e-01  -3.7867092e-03   2.1625559e-03   8.3960892e-04
  -2.4405442e-01   2.9192017e-01  -2.6452204e-01  -4.1593666e-03   1.8506537e-03   7.5580693e-04
  -2.4632725e-01   3.0047453e-01  -2.4869695e-01  -4.1594771e-03   1.7938661e-03   7.3835454e-04
  -2.4847306e-01   3.1055536e-01  -2.5802753e-01  -4.0427470e-03   1.8535375e-03   7.8426089e-04
  -2.4841221e-01   2.9490525e-01  -2.6631283e-01  -3.9586330e-03   1.8807965e-03   7.5773282e-04
  -2.4170507e-01   3.4022596e-01  -2.6602692e-01  -4.6344458e-03   1.6639292e-03   5.7010681e-04
  -2.4709649e-01   3.2839535e-01  -2.7499874e-01  -4.4738811e-03   1.7194692e-03   9.1905904e-04
  -2.4941169e-01   3.0635141e-01  -2.8244927e-01  -4.2112400e-03   1.8457559e-03   8.1455450e-04
  -2.5229361e-01   3.2129776e-01  -2.5623235e-01  -4.7759833e-03   1.8659331e-03   7.4978589e-04
  -2.5618167e-01   3.4589680e-01  -2.2756410e-01  -4.6874225e-03   1.8330142e-03   6.5653363e-04
  -2.7855200e-01   3.1185778e-01  -2.5870390e-01  -4.1481126e-03   2.2435082e-03   1.1520428e-03
  -2.8709304e-01   3.8705784e-01  -6.5704135e-02  -4.7092103e-03   2.4097534e-03   1.3057915e-03
  -2.8896594e-01   3.2806647e-01  -1.5955712e-01  -3.8921214e-03   2.4134097e-03   1.2933854e-03
