   0.0000000e+00   0.0000000e+00   0.0000000e+00   0.0000000e+00   0.0000000e+00   0.0000000e+00
  -3.9316819e-03   3.7722311e-02   3.7988064e-02  -3.1670251e-04   6.2279104e-05  -1.1228415e-04
  -7.5110254e-04   1.5603037e-02   1.2821448e-02  -3.5512339e-05   9.0482240e-05   4.5252788e-05
   5.1441912e-03   7.2739674e-02  -2.3408670e-03  -1.9077623e-03   5.6176273e-05  -5.0221735e-04
   4.0877387e-02   1.5632820e-01   2.2719448e-01  -2.0323269e-03  -1.0631911e-03  -3.0197624e-04
   1.7783995e-01   1.4635898e-01   3.5189452e-01   4.7346661e-04  -8.4090252e-03   2.3048900e-04
   1.6043383e-01   2.2178506e-01   6.3219231e-01  -1.0096226e-03  -3.4841066e-03  -2.3192380e-03
   1.6035325e-01   2.4759532e-01   8.2172815e-01  -2.6885041e-03  -3.0248350e-03  -2.2066107e-03
   1.3250201e-01   2.4494638e-01   8.2795249e-01  -2.2638080e-03  -2.8190838e-03  -2.4596024e-03
   1.2331211e-01   1.9945664e-01   3.5885134e-01  -3.7354850e-03  -2.6288293e-03  -2.4310244e-03
  -2.2066853e-01  -6.0992921e-01   2.8237533e+00   1.2483854e-02   7.7062845e-04  -1.0204208e-02
  -5.0004318e-01  -1.0627852e+00   2.9335397e+00   1.0475415e-02  -6.6933011e-04  -1.1398943e-02
  -5.6004732e-01  -1.4123148e+00   2.7718175e+00   3.8819937e-04  -4.0112984e-03  -1.1240273e-02
  -4.6225714e-01  -9.6348904e-01   1.5804314e+00   2.7925419e-03  -3.8584011e-03  -1.0656613e-02
  -8.0307830e-02  -3.5819609e-01   2.5913972e-01  -6.9448889e-03  -4.4211325e-03  -6.2788546e-03
   2.7191560e-02  -8.8628736e-02   7.6460878e-01  -4.0089938e-03  -5.2086654e-03  -6.0631371e-03
   5.7435202e-02   8.7056406e-02   1.0480205e+00  -7.3236908e-03  -4.4790839e-03  -5.1858931e-03
   4.9701241e-02   8.1698990e-03   8.0556871e-01  -6.2944174e-03  -4.5540838e-03  -5.3818712e-03
   4.3434674e-02   8.2639806e-02   7.7788899e-01  -6.4554634e-03  -4.6142766e-03  -5.0253875e-03
   3.0479145e-02   1.5918230e-01   9.5983730e-01  -6.6261886e-03  -4.3031234e-03  -4.6321151e-03
   2.2649881e-02   1.4110936e-01   9.7176523e-01  -5.5206664e-03  -4.0932997e-03  -4.5799212e-03
   1.4971618e-02   1.4685511e-01   1.0192633e+00  -5.2448248e-03  -4.3300416e-03  -3.7057917e-03
   1.5542454e-01  -4.3569490e-02   1.1096905e+00   1.2577091e-03  -1.6512228e-02   3.6665677e-03
   1.5094355e-01  -2.3095464e-03   1.3488424e+00   1.6498874e-03  -1.6565478e-02   2.7901782e-03
   1.5508710e-01  -3.1628966e-02   1.1828112e+00   7.5753011e-04  -1.5055088e-02   1.4454431e-03
   1.5938040e-01  -2.7111711e-02   1.0278251e+00   5.2417859e-04  -1.4823147e-02   1.4151875e-03
   1.5726672e-01   3.1655697e-02   1.1354399e+00  -6.5120104e-05  -1.4387820e-02   1.2612376e-03
   1.5373849e-01  -1.4685693e-03   1.0850148e+00   8.0131825e-04  -1.4376488e-02   1.0102814e-03
   1.5760245e-01   9.4945904e-03   9.9846626e-01  -4.5904182e-04  -1.4645426e-02   1.1048160e-03
   1.4978248e-01   2.4777135e-02   1.0064123e+00  -6.6476847e-04  -1.4569681e-02   1.4572031e-03
   1.4798140e-01   3.6528835e-02   9.7420622e-01  -5.9960259e-04  -1.4470397e-02   1.3052586e-03
   1.4356351e-01   6.2767664e-02   9.4347836e-01  -8.9532091e-04  -1.3397154e-02   6.9153246e-04
   1.3855896e-01   4.9391278e-02   9.3583487e-01  -4.9879479e-04  -1.3653158e-02   1.0416124e-03
   1.1900015e-01   6.1446194e-02   1.0185441e+00  -4.6849485e-04  -1.3215253e-02   1.0594940e-03
   1.0406758e-01   2.6714148e-02   9.1819402e-01  -5.1056908e-04  -1.2924121e-02   6.1945785e-04
   1.1542415e-01   2.3285437e-02   8.8972350e-01  -2.8864279e-04  -1.3311060e-02   6.7362208e-04
   7.5544477e-02   1.0301894e-01   7.3910079e-01  -2.4527650e-03  -1.1442731e-02   6.0434194e-04
   3.9792819e-02   2.1818616e-01   6.1148299e-01  -5.0980214e-03  -8.4539245e-03  -4.9840297e-04
   6.3168366e-02   1.8424303e-01   6.7111280e-01  -3.7529772e-03  -8.4106386e-03  -9.8482924e-04
   5.9803027e-02   2.0392250e-01   6.9510384e-01  -4.4865287e-03  -8.6480007e-03  -7.9967802e-04
   5.4844177e-02   1.9715829e-01   7.1897242e-01  -4.3653977e-03  -8.5158033e-03  -8.5093515e-04
   6.3565504e-02   1.8905485e-01   6.9299695e-01  -4.2674055e-03  -8.5732256e-03  -9.1954886e-04
   6.4461743e-02   2.2461640e-01   6.8762937e-01  -4.9928546e-03  -8.5279655e-03  -9.4282527e-04
   5.5345087e-02   2.4688027e-01   7.6948088e-01  -4.8930732e-03  -8.5120837e-03  -8.7282297e-04
   6.2132533e-02   2.1199504e-01   7.4380524e-01  -4.5806332e-03  -8.7221122e-03  -1.0115916e-03
   6.1612511e-02   1.6086108e-01   7.2853838e-01  -3.2492684e-03  -8.9239805e-03  -7.9438545e-04
   5.8761243e-02   1.7671513e-01   7.2889529e-01  -3.5001663e-03  -9.1663814e-03  -6.1412332e-04
   6.4794711e-02   1.6484713e-01   7.7735635e-01  -2.6043074e-03  -9.2976786e-03  -5.3628860e-04
   6.6262330e-02   2.0089127e-01   7.4341021e-01  -4.0003010e-03  -8.9402947e-03  -9.1700008e-04
   5.0845309e-02   1.9106298e-01   7.1551314e-01  -3.8147962e-03  -9.0203740e-03  -5.4342837e-04
   3.5484631e-02   2.5337435e-01   8.7660401e-01  -4.0940870e-03  -8.6029553e-03  -4.1663821e-04
   4.2105602e-02   1.8119533e-01   8.1279954e-01  -3.1973875e-03  -8.7163989e-03  -7.1383180e-04
   5.7006746e-02   1.7082266e-01   8.0063572e-01  -2.9471251e-03  -9.0416069e-03  -6.5418725e-04
   5.7149640e-02   1.7774113e-01   8.1616600e-01  -3.2516466e-03  -9.0515164e-03  -4.8496486e-04
   5.4112638e-02   2.1164592e-01   8.3778114e-01  -3.7998023e-03  -8.7876153e-03  -8.9626700e-04
   5.3256384e-02   1.7307270e-01   7.7901219e-01  -3.3529798e-03  -8.9591952e-03  -6.3204014e-04
   4.0388091e-02   2.0394182e-01   7.8179497e-01  -4.1049940e-03  -8.8643151e-03  -3.3984893e-04
   4.4532438e-02   1.9743206e-01   8.4589704e-01  -3.3120521e-03  -8.8638662e-03  -5.8440994e-04
   4.1431583e-02   1.8322625e-01   8.3687134e-01  -2.9165908e-03  -8.7508959e-03  -5.6160341e-04
   4.2692165e-02   1.6639415e-01   8.0488773e-01  -3.0880707e-03  -8.9569866e-03  -3.8534438e-04
   4.3606852e-02   1.7886845e-01   8.5340787e-01  -3.0596194e-03  -8.8932273e-03  -5.8993677e-04
   4.0096732e-02   1.8461266e-01   8.6285685e-01  -3.0746241e-03  -8.7609647e-03  -6.8689371e-04
   4.5281164e-02   1.7885576e-01   8.0709113e-01  -2.8969446e-03  -8.8100294e-03  -7.2336886e-04
   4.3649134e-02   1.7971071e-01   8.0536491e-01  -3.2115052e-03  -8.9914706e-03  -3.3446751e-04
   4.6138699e-02   2.0775818e-01   8.2292666e-01  -3.7558225e-03  -8.7379638e-03  -6.7629313e-04
   3.5566708e-02   1.9528786e-01   7.9952727e-01  -3.5941520e-03  -8.5135796e-03  -6.9992052e-04
   3.1468600e-02   1.7935600e-01   7.7248219e-01  -3.4753021e-03  -8.6724793e-03  -4.4125558e-04
   3.4820800e-02   1.7583187e-01   7.6361212e-01  -3.3572451e-03  -8.7483889e-03  -4.2503302e-04
   3.3118201e-02   2.0766723e-01   7.9519451e-01  -3.5140463e-03  -8.6932078e-03  -6.1745512e-04
   2.4502020e-02   2.1230669e-01   8.3786044e-01  -3.1325703e-03  -8.5477301e-03  -5.3634443e-04
   2.3377808e-02   1.9607524e-01   8.0646914e-01  -3.3245221e-03  -8.6391288e-03  -3.7987823e-04
   2.6012584e-02   1.8202484e-01   7.8854831e-01  -3.1821623e-03  -8.8647249e-03  -1.8125217e-04
   2.4297906e-02   2.0709773e-01   8.3367818e-01  -3.4784189e-03  -8.6303752e-03  -2.2824543e-04
   1.9012421e-02   2.0398825e-01   8.5563567e-01  -3.2753259e-03  -8.5876160e-03  -1.6129875e-04
   1.8626441e-02   2.0388623e-01   8.1394500e-01  -3.4386094e-03  -8.6700278e-03  -1.2059153e-04
   1.8893708e-02   1.8399466e-01   8.2118716e-01  -2.9654039e-03  -8.5894838e-03  -2.2875812e-04
   2.7264240e-02   2.1885833e-01   8.3357292e-01  -3.7691282e-03  -8.5744249e-03  -3.3942723e-04
   3.4927538e-02   2.2209792e-01   8.0452725e-01  -3.7305653e-03  -8.5648223e-03  -5.0657054e-04
   3.3733776e-02   2.0740099e-01   7.5342900e-01  -3.5484570e-03  -8.6937472e-03  -2.2902351e-04
   3.3934415e-02   2.2830749e-01   8.0409354e-01  -4.0290328e-03  -8.6057683e-03  -2.0603103e-04
   3.5260612e-02   2.1606852e-01   8.0350108e-01  -3.8456790e-03  -8.6939374e-03  -3.5606959e-04
   3.4896422e-02   1.8180617e-01   7.8545383e-01  -2.9655095e-03  -8.5684228e-03  -4.3446305e-04
   4.2359049e-02   1.7766264e-01   7.7362177e-01  -3.0558095e-03  -8.7506488e-03  -3.5403659e-04
   2.7658067e-02   1.9744968e-01   8.3245408e-01  -3.0484089e-03  -8.4860192e-03  -2.9122112e-04
   3.6539348e-02   1.7751810e-01   8.1782120e-01  -2.5559225e-03  -8.6335993e-03  -3.9915830e-04
   3.7693705e-02   2.1967017e-01   8.1480269e-01  -2.9815600e-03  -8.5381486e-03  -5.7845858e-04
   3.6459448e-02   1.7375734e-01   7.9555529e-01  -2.7507207e-03  -8.6667328e-03  -3.3356080e-04
   3.8159347e-02   1.8557578e-01   8.1234992e-01  -3.1367634e-03  -8.5724089e-03  -4.1568100e-04
   3.6831753e-02   1.9594332e-01   8.1946764e-01  -2.9663477e-03  -8.5439799e-03  -6.1917096e-04
   3.0541114e-02   1.8764644e-01   7.7425854e-01  -2.9748222e-03  -8.5398113e-03  -4.4747904e-04
   2.8811656e-02   2.0982768e-01   7.4279999e-01  -3.5667652e-03  -8.3900897e-03  -5.2544606e-04
   2.5244561e-02   1.9663986e-01   7.4618073e-01  -3.6725345e-03  -8.5036832e-03  -3.1565093e-04
   1.7900570e-02   2.1836699e-01   7.3730414e-01  -3.9930724e-03  -8.3827704e-03  -5.0047375e-04
   1.4443871e-02   2.1467154e-01   7.3281210e-01  -3.5885763e-03  -8.2725710e-03  -8.4249247e-04
   2.1186205e-02   1.8044087e-01   7.3489399e-01  -2.5313639e-03  -8.3462370e-03  -7.0218534e-04
   2.1849942e-02   1.8231863e-01   7.7555989e-01  -2.7621825e-03  -8.5334623e-03  -5.2658931e-04
   1.5570004e-02   1.9207086e-01   8.2100823e-01  -2.9631652e-03  -8.4468553e-03  -4.8767946e-04
   2.0817865e-02   1.8911275e-01   8.2294556e-01  -2.7375244e-03  -8.2535667e-03  -8.0567585e-04
   2.7484392e-02   1.8257453e-01   7.6901871e-01  -2.6921775e-03  -8.3032141e-03  -8.3795150e-04
   2.8489638e-02   1.8238668e-01   8.0235557e-01  -2.6073437e-03  -8.3658246e-03  -6.9912075e-04
   2.1375538e-02   2.0889758e-01   8.2264861e-01  -3.3136050e-03  -8.4046461e-03  -5.8416557e-04
   2.2913672e-02   1.7937339e-01   8.0932179e-01  -2.5740870e-03  -8.4318698e-03  -7.2810955e-04
   2.2188760e-02   1.5053628e-01   7.8105631e-01  -2.6830180e-03  -8.4829889e-03  -6.1835148e-04
   2.3396415e-02   1.5479574e-01   8.1908849e-01  -2.2300395e-03  -8.4721385e-03  -4.2774012e-04
   2.1802045e-02   1.9849797e-01   8.3910930e-01  -2.9465295e-03  -8.3887586e-03  -5.4844633e-04
   2.8898406e-02   1.9503295e-01   8.2646000e-01  -3.0903209e-03  -8.2731080e-03  -7.8452314e-04
   7.3944089e-03   1.6204222e-01   6.4812017e-01  -3.1313697e-03  -7.6657247e-03  -1.3374284e-03
   6.5323444e-03   1.7287510e-01   6.5865728e-01  -2.7883184e-03  -7.5562780e-03  -1.6065949e-03
   8.1323129e-03   1.8262199e-01   6.8306884e-01  -2.7105584e-03  -7.5731921e-03  -1.5634735e-03
   8.5278682e-03   1.3896537e-01   6.6328192e-01  -2.4963382e-03  -7.5666346e-03  -1.5363862e-03
   9.7102304e-03   1.3770331e-01   6.6134577e-01  -2.5975784e-03  -7.8205839e-03  -1.2262148e-03
   1.1943547e-02   1.5831820e-01   6.7167383e-01  -2.8512202e-03  -7.9773456e-03  -1.3233126e-03
   1.1651589e-02   1.5273653e-01   6.9757360e-01  -2.4621239e-03  -8.0438477e-03  -1.5060246e-03
   1.1505136e-02   1.3852715e-01   6.7895673e-01  -2.3173891e-03  -8.1875124e-03  -1.5105733e-03
   2.0552649e-02   1.1929635e-01   6.7924456e-01  -2.0650376e-03  -8.3484318e-03  -1.3493077e-03
   1.8977466e-02   1.1871326e-01   6.9945158e-01  -1.9504413e-03  -8.3807915e-03  -1.1737358e-03
   1.6356977e-02   1.3710388e-01   7.1742182e-01  -2.2490709e-03  -8.5322297e-03  -1.0495493e-03
   1.4183640e-02   1.4865253e-01   7.0326800e-01  -2.3693330e-03  -8.4751471e-03  -9.6798572e-04
   1.2237943e-02   1.2511228e-01   6.7176037e-01  -2.1370228e-03  -8.5099522e-03  -9.0040357e-04
   7.0645728e-04   1.2241576e-01   6.9094551e-01  -2.0942620e-03  -8.5245442e-03  -7.1201635e-04
  -1.0238795e-02   1.4452801e-01   6.8235139e-01  -2.2201660e-03  -8.4454201e-03  -5.9181996e-04
  -1.7433067e-02   2.1172920e-01   7.6489818e-01  -2.5835643e-03  -7.4602122e-03  -7.5544706e-04
  -4.8118835e-03   1.3491604e-01   7.7614401e-01  -2.7347054e-03  -7.7630010e-03  -9.6309229e-04
  -2.8460208e-03   1.6388948e-01   7.9605209e-01  -2.4318142e-03  -8.1168061e-03  -1.0450170e-03
  -9.7153345e-04   1.0669570e-01   7.4272481e-01  -1.8362770e-03  -8.1697463e-03  -1.1275275e-03
   2.8415033e-04   1.0699357e-01   7.4128408e-01  -1.6947810e-03  -8.2374310e-03  -9.8222865e-04
  -7.0351165e-03   1.6350820e-01   7.8967457e-01  -2.4609741e-03  -8.0546149e-03  -9.2007363e-04
  -7.1563664e-03   1.6508848e-01   7.5088358e-01  -3.0696336e-03  -8.1454058e-03  -7.2231731e-04
  -1.3071379e-02   1.5056494e-01   7.3522507e-01  -2.4950881e-03  -8.1204174e-03  -7.7417042e-04
  -9.1141915e-03   1.7939296e-01   7.3116581e-01  -3.1087421e-03  -8.0414696e-03  -9.8591586e-04
  -9.4929205e-03   1.5970615e-01   6.9569155e-01  -2.9208230e-03  -7.9824143e-03  -1.1462949e-03
   6.6852289e-04   1.5252891e-01   6.5240242e-01  -3.0207300e-03  -8.1225461e-03  -9.1460362e-04
   1.5419593e-02   1.7808390e-01   6.4862369e-01  -3.5301152e-03  -8.0493865e-03  -1.0916021e-03
   9.7577774e-03   1.8356313e-01   7.1056299e-01  -3.0326252e-03  -7.8719303e-03  -1.1146799e-03
   9.3535118e-03   1.4659968e-01   6.3211608e-01  -2.7480026e-03  -8.0297925e-03  -9.5028474e-04
  -1.2196021e-02   2.0837663e-01   6.7361715e-01  -3.8273959e-03  -7.4919146e-03  -8.6660802e-04
  -5.2569499e-03   1.8411476e-01   7.2687268e-01  -3.3154843e-03  -8.0155137e-03  -8.8879744e-04
  -5.2155713e-03   1.6195839e-01   6.9452619e-01  -3.0077198e-03  -7.9418041e-03  -9.0997042e-04
  -1.8134642e-03   1.6451037e-01   6.7290429e-01  -3.2788444e-03  -7.7153650e-03  -9.2888769e-04
  -2.0729653e-02   2.0545396e-01   6.6241911e-01  -4.0303244e-03  -7.4675854e-03  -7.5291368e-04
  -2.3527985e-02   1.9454601e-01   6.5094437e-01  -3.5546546e-03  -7.3318512e-03  -1.0068256e-03
  -2.2515224e-02   1.9532202e-01   6.1491146e-01  -3.6247296e-03  -7.4947279e-03  -8.8558362e-04
  -1.4616594e-02   2.0135536e-01   6.6992704e-01  -3.6183655e-03  -7.7242107e-03  -7.6148408e-04
  -1.2362914e-02   1.8887949e-01   6.8858046e-01  -3.2003913e-03  -7.7090254e-03  -8.3962603e-04
  -5.5771723e-03   1.6546593e-01   6.4459569e-01  -3.0340271e-03  -7.7382872e-03  -8.4500906e-04
  -2.5379916e-03   1.6564372e-01   6.2986153e-01  -3.4296245e-03  -7.6611414e-03  -6.9313683e-04
  -1.7466038e-02   2.0258536e-01   6.7395504e-01  -3.6754032e-03  -7.1584067e-03  -6.6061443e-04
  -2.3034216e-02   1.8201863e-01   6.4366187e-01  -3.3636174e-03  -7.5983329e-03  -6.3783007e-04
  -2.8532461e-02   1.9464895e-01   6.6846488e-01  -3.4551364e-03  -7.5299458e-03  -5.9454448e-04
  -3.9280477e-02   1.9059854e-01   6.5712222e-01  -3.8776094e-03  -7.4585765e-03  -5.0299955e-04
  -4.2714513e-02   1.9399102e-01   6.1543093e-01  -3.4803752e-03  -7.1226731e-03  -1.3907495e-03
  -2.5572624e-02   1.9414241e-01   6.4251537e-01  -3.2805460e-03  -7.6868878e-03  -9.5472564e-04
  -3.1834988e-02   1.9259565e-01   6.6306912e-01  -3.2452645e-03  -7.7301766e-03  -7.4761804e-04
  -3.4836385e-02   2.1128956e-01   6.8228682e-01  -3.2693888e-03  -7.5282994e-03  -8.7463402e-04
  -2.3998781e-02   1.9498361e-01   6.5683858e-01  -3.2348867e-03  -7.5358735e-03  -1.0525417e-03
  -1.8881660e-02   1.5848411e-01   6.3194400e-01  -3.1964784e-03  -7.5002411e-03  -9.0866672e-04
  -2.9407107e-02   1.4956509e-01   6.8772114e-01  -2.6973396e-03  -7.4131177e-03  -6.7851320e-04
  -3.2060796e-02   1.6391202e-01   7.2444089e-01  -2.7229772e-03  -7.4045299e-03  -8.8405049e-04
  -2.2679759e-02   1.3668621e-01   6.4276822e-01  -2.6127028e-03  -7.3055291e-03  -1.0602620e-03
  -1.7678587e-02   1.3042521e-01   6.5419511e-01  -2.3929811e-03  -7.4697623e-03  -6.8044640e-04
  -1.8627799e-02   1.6917434e-01   6.8396338e-01  -2.8417262e-03  -7.3461723e-03  -8.3460464e-04
  -2.4228602e-02   1.8620426e-01   6.9030377e-01  -3.2768719e-03  -7.3873558e-03  -9.1527200e-04
  -2.8900196e-02   1.6253575e-01   6.5402481e-01  -3.0978770e-03  -7.3887852e-03  -7.6641040e-04
  -5.2093996e-02   2.2713938e-01   6.4900997e-01  -3.8931874e-03  -6.8329111e-03  -9.0044305e-04
  -4.4840511e-02   2.0243030e-01   6.4172064e-01  -3.6001314e-03  -6.9219706e-03  -1.1263884e-03
  -3.1369914e-02   1.6355494e-01   6.1269466e-01  -3.1736515e-03  -7.1325253e-03  -1.0873426e-03
  -2.2336148e-02   1.1775685e-01   5.1164599e-01  -1.4969586e-03  -6.6319006e-03  -1.5022779e-03
  -1.7613159e-02   1.4118581e-01   7.0556817e-01  -3.2427676e-03  -6.8484113e-03  -1.2233024e-03
  -1.4172016e-02   1.6575928e-01   6.7404757e-01  -3.2467267e-03  -7.1615220e-03  -9.2462085e-04
  -1.0664339e-02   1.4500403e-01   6.8837620e-01  -2.7235084e-03  -7.3212469e-03  -1.0750857e-03
  -1.1875917e-02   1.3913017e-01   6.7482287e-01  -2.4787175e-03  -7.2984754e-03  -9.3126221e-04
  -6.3527181e-03   1.1123385e-01   6.6621303e-01  -2.2091851e-03  -7.3707241e-03  -9.5816144e-04
  -1.1671736e-02   1.0908860e-01   6.7881400e-01  -2.2067896e-03  -7.3602434e-03  -9.3240018e-04
  -1.6591220e-02   1.3431311e-01   6.9865473e-01  -2.1392826e-03  -7.2520358e-03  -9.4194959e-04
  -1.8845181e-02   1.1215814e-01   6.5525056e-01  -1.5857584e-03  -7.0414671e-03  -9.7580763e-04
  -2.5118488e-02   1.2059129e-01   6.4414109e-01  -2.2019353e-03  -7.0924814e-03  -8.3045612e-04
  -3.4757488e-02   1.5758537e-01   6.3558608e-01  -2.6389828e-03  -7.1071272e-03  -7.3862228e-04
  -3.2262165e-02   1.6690779e-01   6.3321853e-01  -2.7665854e-03  -6.9943897e-03  -1.0589365e-03
  -3.3774201e-02   1.4386870e-01   5.9086158e-01  -3.0364739e-03  -6.9626790e-03  -1.0947075e-03
  -2.2685822e-02   1.1508849e-01   4.5946098e-01  -2.9422710e-03  -6.8580606e-03  -1.8417875e-03
  -6.0182489e-02   2.3223420e-01   6.8461543e-01  -2.8761483e-03  -6.1703396e-03  -2.1847611e-03
  -7.9203057e-02   1.5396857e-01   6.4611217e-01  -2.7254956e-03  -5.7656736e-03  -2.2230392e-03
  -8.0194354e-02   2.1059413e-01   7.8306113e-01  -3.0133404e-03  -5.8140449e-03  -1.9578042e-03
  -8.2858248e-02   2.1532708e-01   7.7447356e-01  -3.8852130e-03  -5.8042822e-03  -1.9410443e-03
  -8.8986237e-02   1.3191244e-01   5.2563670e-01  -3.3293666e-03  -5.9490190e-03  -1.9438323e-03
  -9.1042084e-02   1.6059112e-01   5.2470729e-01  -3.2709840e-03  -6.0182805e-03  -1.8110861e-03
  -9.5206056e-02   1.9059082e-01   5.6450922e-01  -3.2759504e-03  -5.7775126e-03  -2.3079152e-03
  -1.0238456e-01   1.5451034e-01   5.1693658e-01  -2.7711314e-03  -5.6414776e-03  -1.9266044e-03
