   0.0000000e+00   0.0000000e+00   0.0000000e+00  -2.7755576e-17   0.0000000e+00   0.0000000e+00
   5.0688640e-03  -8.2525780e-02   1.1074032e-03   1.9403136e-03  -1.8399907e-04  -2.6821471e-05
  -1.2790540e-02   2.4448668e-02   1.3350260e-01   4.7995200e-04  -1.0134380e-04   3.3663137e-04
  -2.7758604e-03   7.4361762e-02   3.4698832e-01   2.0201289e-04  -1.1097882e-04   2.3094296e-04
  -1.6104653e-02  -5.6637041e-02   2.2612674e-01   1.6512990e-03  -2.2052708e-04   3.9778032e-04
  -2.4059341e-02   7.2281290e-03   1.8903442e-01   1.2136330e-03   1.5537030e-05   1.9887793e-04
  -2.5016994e-02  -2.7086218e-02   1.5944075e-01   1.8245255e-03   8.7354398e-05   1.1149082e-04
  -2.8347767e-02  -4.3233127e-02   1.3220682e-01   1.4887825e-03  -1.6557349e-04   5.6639603e-04
  -3.1151438e-02   7.0902529e-03   1.2685619e-01   7.5675847e-04   1.1449859e-05   6.0704302e-04
  -3.3656120e-02   2.0319518e-02   9.0529142e-02   6.2137711e-04   6.0660183e-05   4.9168958e-04
  -4.6690311e-02   3.5593637e-02   4.0224771e-02   3.9855817e-04   4.0964020e-05   7.6131888e-04
  -6.3250272e-02   8.0733077e-02   1.2638130e-02  -8.3144082e-04   2.0865502e-04   9.5281207e-04
  -6.7756480e-02   8.3243389e-02   5.4719332e-02  -2.9302855e-04   3.1849539e-04   6.4323820e-04
  -7.0243492e-02   9.0956671e-03  -1.8555820e-02   1.3552705e-03   4.7425073e-04   6.1050820e-04
  -4.4320151e-02   2.0272722e-02   1.1251219e-02   5.4052959e-04   1.5174209e-05   5.5842549e-04
  -6.0289684e-02   4.4877536e-02   3.6374875e-02   5.7103984e-04   5.5959745e-04   5.7177807e-04
  -6.5535096e-02  -1.1649490e-02  -1.8716925e-02   1.9038287e-03   3.0907774e-04   8.0660616e-04
  -6.1032844e-02   3.9608939e-02  -4.2841476e-03   6.3696010e-04   5.6237911e-05   9.8350746e-04
  -6.1143884e-02   5.4804746e-02   2.1701450e-02   4.1712455e-04   2.9698570e-04   8.1594033e-04
  -5.8999230e-02   2.9992737e-02  -9.5085476e-03   7.4046050e-04   1.7742840e-04   9.8698871e-04
  -7.1495715e-02   6.2411171e-02   1.2950471e-02   4.8299968e-04   4.3405813e-04   1.1619682e-03
  -7.9437425e-02   3.7676852e-02  -1.0023523e-02   5.8278645e-04   7.4535167e-04   8.9013884e-04
  -7.0758601e-02   3.3337022e-02  -5.0144596e-02   1.1565919e-04   5.1260225e-04   9.6568601e-04
  -7.8853345e-02   6.7888560e-02  -7.7601225e-02  -7.5233191e-04   5.3918178e-04   1.2341802e-03
  -7.1145856e-02   7.9845152e-02  -3.5772274e-02  -8.2988060e-04   5.6983140e-04   9.3720893e-04
  -6.9960132e-02   4.6072419e-02  -4.0293651e-02  -3.5878225e-04   5.9770893e-04   8.2097070e-04
  -7.7853675e-02   2.0379551e-02  -5.7943614e-02   2.5627005e-04   7.4804157e-04   9.5521231e-04
  -7.6964384e-02   1.3371500e-02  -7.0869603e-02   2.4134492e-04   4.9988429e-04   9.6527570e-04
  -8.4028227e-02   4.1743916e-02  -6.3250870e-02  -4.7119703e-04   6.6963495e-04   8.5982229e-04
  -8.5335024e-02   3.5286738e-02  -5.3251521e-02   1.1893233e-04   7.9219157e-04   6.1213134e-04
  -8.0014571e-02   2.9721875e-02  -7.2040656e-02   1.4673017e-04   6.6513288e-04   5.4425623e-04
  -7.9485303e-02   2.9904356e-02  -5.8476662e-02   1.0814160e-04   5.0881265e-04   6.4771287e-04
  -8.2276318e-02   6.7196365e-02  -3.9219511e-02  -2.8901062e-04   7.6740072e-04   6.7486428e-04
  -8.3193841e-02   3.0640568e-02  -7.2521632e-02   3.4056841e-04   7.4143053e-04   8.2532429e-04
  -8.1802997e-02   4.2940940e-02  -6.4085367e-02  -1.8249755e-04   5.6379114e-04   1.0452144e-03
  -8.7520229e-02   9.4120264e-02  -5.5552725e-02  -5.3596757e-04   9.9090118e-04   9.9457620e-04
  -8.7626260e-02   6.4150155e-02  -9.8568650e-02  -5.5220729e-04   7.9237256e-04   8.8605027e-04
  -8.9419287e-02   5.6957140e-03  -1.1252605e-01   5.0149097e-04   9.0222860e-04   8.5091065e-04
  -9.0315083e-02   3.0652461e-02  -1.0630198e-01   8.0032167e-04   9.0235764e-04   8.9247093e-04
  -8.4198254e-02   5.8327033e-02  -8.6975513e-02   7.3235853e-05   1.2589936e-03   6.8777577e-04
  -6.9082952e-02   4.2750944e-02  -8.4710064e-02   4.4456910e-04   8.4943679e-04   8.9551052e-04
  -8.1432605e-02   9.7778756e-02  -8.9871789e-02  -4.1260079e-04   9.2231211e-04   9.8683202e-04
  -8.7136388e-02   9.4108381e-02  -1.0318448e-01  -4.9954620e-04   1.0267448e-03   8.5108792e-04
  -8.5838666e-02   6.5044905e-02  -8.2725465e-02  -4.7107529e-04   9.2355457e-04   9.4047154e-04
  -9.0926531e-02   9.5280023e-02  -1.2707559e-01  -1.2100497e-03   1.0586658e-03   8.7571341e-04
  -1.0348095e-01   3.2964985e-02  -1.5659686e-01   3.4096798e-04   1.3188304e-03   6.2400379e-04
  -8.7294004e-02   3.1856024e-02  -1.8366088e-01   8.0275304e-04   1.0279193e-03   5.0328878e-04
  -9.4461292e-02   8.6449788e-02  -1.5710998e-01  -6.1324416e-04   1.1328993e-03   7.3371955e-04
  -9.5682887e-02   6.7950691e-02  -1.6669163e-01  -4.4482912e-04   1.2312579e-03   4.7067978e-04
  -1.0082987e-01   7.1883115e-02  -1.5495429e-01  -8.5355643e-04   9.8224785e-04   9.2384194e-04
  -1.0373506e-01   1.0643563e-01  -1.8112604e-01  -1.3603962e-03   1.1920272e-03   7.5762154e-04
  -9.9900762e-02   6.2345941e-02  -1.3711281e-01   4.6629308e-06   1.3519395e-03   4.6057103e-04
  -8.1120855e-02   4.5468478e-02  -1.6129665e-01  -1.9128747e-04   1.1469964e-03   2.5976028e-04
  -8.3722200e-02   4.1879693e-02  -1.9755944e-01  -1.6687525e-04   1.0511565e-03   4.9878025e-04
  -6.6282480e-02   6.5033043e-02  -4.9132273e-01  -2.1024576e-03   1.0463180e-03  -7.3431509e-04
  -7.3083338e-02   1.7822247e-01   4.3943620e-01  -2.8736573e-04   1.2567208e-03   1.8144203e-04
  -7.3599032e-02   1.7461660e-01   7.1637884e-01  -2.8052945e-04   1.2644335e-03   1.8384090e-04
  -8.9798790e-02   8.2683155e-02   6.4989712e-01   1.1948029e-03   1.1233748e-03   8.6462219e-05
  -1.0923049e-01   7.8862252e-02   5.6697999e-01   1.3187791e-03   1.1724874e-03   2.9935531e-04
  -9.8603250e-02   1.0686183e-01   5.4929498e-01   9.2365899e-04   1.0779828e-03   4.4174897e-04
  -1.0390385e-01   1.3101342e-01   5.3146015e-01   3.7270239e-04   1.2737390e-03   5.0362800e-04
  -9.7893425e-02   7.9813277e-02   4.7658856e-01   6.5717812e-04   1.1310110e-03   5.7766254e-04
  -1.0981517e-01   1.2949299e-01   4.8833483e-01   2.2446438e-04   1.3087486e-03   6.5949814e-04
  -1.0801369e-01   1.8631298e-01   6.3481719e-01  -8.6831930e-05   1.3364792e-03   6.3421926e-04
  -1.1110877e-01   1.3118675e-01   5.7934270e-01   1.8268842e-05   1.3668622e-03   5.0167199e-04
  -1.0762438e-01   1.9656461e-01   6.2704258e-01  -8.3676228e-04   1.6740859e-03   1.4099704e-04
  -1.2073542e-01   5.9521523e-02   1.9402886e-01  -9.1859877e-05   1.5590877e-03   1.6171024e-04
  -1.4352855e-01   1.3491936e-01   3.7412559e-01   1.9955526e-04   1.4082499e-03   3.5660696e-04
  -1.4857655e-01   1.5100660e-01   3.8079270e-01  -2.6146111e-04   1.5512199e-03   2.3139151e-04
  -1.4945871e-01   1.0028757e-01   3.4357571e-01   4.0059174e-04   1.2804137e-03   6.8335092e-04
  -1.5266130e-01   1.4623719e-01   3.5536865e-01  -3.1103623e-04   1.3964010e-03   6.0225303e-04
  -1.5783302e-01   1.1262351e-01   3.6437241e-01   3.6757017e-04   1.4626066e-03   6.6735867e-04
  -1.6817157e-01   5.1901561e-02   1.8231578e-01   9.7609103e-04   1.4428769e-03   7.2292232e-04
  -1.4617381e-01   2.7181351e-02  -2.4341583e-01   6.6117180e-04   1.2644094e-03  -1.1186357e-04
  -1.8243781e-01   1.7537402e-01   4.3235528e-01   3.1930837e-04   1.9821944e-03   8.7052128e-04
  -1.8284481e-01   1.2781405e-01   3.8953558e-01   5.5739301e-04   1.8125397e-03   9.3037239e-04
  -1.8852674e-01   1.5720349e-01   3.6533246e-01  -2.7691853e-05   2.0547672e-03   9.0882882e-04
  -1.8596432e-01   1.7092280e-01   3.8211685e-01  -2.1256922e-04   2.1640311e-03   9.2766387e-04
  -1.7786458e-01   1.6503928e-01   2.7694447e-01  -5.4315361e-04   1.8718514e-03   1.1529390e-03
  -1.8529771e-01   2.2079261e-01   2.9870570e-01  -1.2655846e-03   1.9699942e-03   1.0401100e-03
  -1.8647525e-01   1.6089840e-01   3.1042023e-01  -1.7056393e-04   1.9928122e-03   9.3902257e-04
  -1.8613564e-01   1.3010493e-01   3.0715795e-01   2.6281383e-04   1.8670279e-03   1.5651679e-03
  -1.7747941e-01   1.3878927e-01   2.8080493e-01   1.0903637e-04   1.8959022e-03   1.0848217e-03
  -1.8404877e-01   1.6385157e-01   2.8478605e-01  -5.7343433e-04   2.1103733e-03   1.0097930e-03
  -1.8574244e-01   1.5896482e-01   2.6171535e-01  -4.1169563e-04   2.0230781e-03   1.3012383e-03
  -1.7918723e-01   2.1973724e-01   2.4955125e-01  -1.2866030e-03   2.0818196e-03   1.0823904e-03
  -1.8754670e-01   2.3996190e-01   3.2681944e-01  -1.6061572e-03   2.2517865e-03   1.0957153e-03
  -1.9288352e-01   1.5798774e-01   2.6899801e-01  -3.6042989e-04   2.2482814e-03   1.2511523e-03
  -2.0249024e-01   9.7776580e-02   2.7404949e-01   1.2403220e-03   2.0497572e-03   1.2361308e-03
  -2.0869925e-01   1.6785628e-01   2.9585828e-01  -8.9662105e-05   2.2255361e-03   1.4011599e-03
  -2.1369657e-01   1.3109377e-01   2.7128385e-01   4.8251933e-05   2.1661776e-03   1.2492172e-03
  -2.1773601e-01   1.3191304e-01   2.6533597e-01   1.6194386e-04   2.2207172e-03   1.2149929e-03
  -2.1230622e-01   1.4166804e-01   2.8841857e-01   3.1887264e-04   2.1948334e-03   1.1400197e-03
  -2.1306255e-01   1.2370185e-01   2.6576204e-01   2.7874134e-04   2.2344598e-03   1.2780425e-03
  -2.1075906e-01   1.4181772e-01   2.6401399e-01  -3.5801983e-04   2.0806310e-03   1.2147741e-03
  -2.0907930e-01   1.7317543e-01   2.7743881e-01  -8.2743420e-04   2.1797971e-03   1.1330882e-03
  -2.1033439e-01   1.7219206e-01   2.5029524e-01  -9.0265302e-04   2.2301633e-03   1.0727600e-03
  -2.0958839e-01   1.1751237e-01   1.6757607e-01  -2.2670405e-04   2.1493066e-03   1.2725163e-03
  -2.1923848e-01   1.7474325e-01   1.8416601e-01  -1.0606162e-03   2.2294948e-03   1.3245930e-03
  -2.1272961e-01   1.1019887e-01   2.4166432e-01   9.2763479e-04   2.1118114e-03   9.5103039e-04
  -2.1501927e-01   1.1109232e-01   2.2589413e-01   5.9498625e-04   2.0069344e-03   1.2369244e-03
  -2.1510703e-01   1.6968424e-01   2.4909854e-01  -6.1023945e-04   2.2147599e-03   1.2693303e-03
  -2.1560353e-01   1.6131920e-01   2.2306323e-01  -7.8987597e-04   2.1905214e-03   1.3463576e-03
  -2.1487845e-01   1.4089818e-01   1.8533292e-01  -3.7427556e-04   2.2181555e-03   1.4054099e-03
  -2.2128745e-01   1.7155112e-01   2.2951619e-01  -6.5155084e-04   2.3642290e-03   1.2327889e-03
  -2.2296986e-01   1.2201083e-01   2.3074522e-01   3.7361571e-04   2.3389586e-03   1.2495259e-03
  -2.2755368e-01   1.2382758e-01   1.8710524e-01   5.5642121e-05   2.2708130e-03   1.5646739e-03
  -2.2887066e-01   1.6878680e-01   2.3501156e-01  -9.0433282e-04   2.3294991e-03   1.4977127e-03
  -2.3070024e-01   1.6221758e-01   2.2755326e-01  -4.9170180e-04   2.2892381e-03   1.3474046e-03
  -2.3105037e-01   1.4493110e-01   1.9361267e-01   1.2244703e-04   2.1464893e-03   1.3904318e-03
  -2.3712721e-01   1.7164500e-01   2.2942653e-01  -4.2120171e-04   2.2236960e-03   1.4255419e-03
  -2.3129262e-01   1.4385432e-01   2.5370668e-01   2.7075877e-05   2.2250063e-03   1.3769945e-03
  -2.2594438e-01   9.5940671e-02   1.9918878e-01   1.2426151e-03   2.0397204e-03   1.5584045e-03
  -2.2630648e-01   9.7051143e-02   1.6402384e-01   1.2022030e-03   2.1747773e-03   1.4789027e-03
  -2.3896225e-01   1.4591565e-01   1.6200462e-01  -2.8188353e-04   2.5567032e-03   1.1616425e-03
  -2.3477680e-01   1.1816881e-01   1.5324953e-01   3.3872625e-04   2.5247306e-03   1.1046523e-03
  -2.3488661e-01   1.2246686e-01   1.5447634e-01   8.6437922e-04   2.2885091e-03   1.2588037e-03
  -2.3350213e-01   1.8265411e-01   1.7782862e-01  -5.3011913e-04   2.2934991e-03   1.2681370e-03
  -2.3496949e-01   1.7740334e-01   1.6032204e-01  -7.1084638e-04   2.5336054e-03   1.0634603e-03
  -2.2477330e-01   1.2471301e-01   1.3526143e-01  -1.8700191e-04   2.2552978e-03   1.0375306e-03
  -2.2114122e-01   2.1295942e-01   1.4466732e-01  -1.2907354e-03   2.4903053e-03   7.6306604e-04
  -2.2496889e-01  -9.4871978e-02  -1.7548842e-01   3.3139096e-03   2.7167577e-03   2.8021270e-04
  -1.9697609e-01   9.0079700e-02   6.7849227e-03   6.4965403e-04   1.9570849e-03   1.0286342e-03
  -1.8837522e-01   1.0952652e-01   4.9551365e-02   1.3990630e-03   1.9514939e-03   7.0430301e-04
  -2.0708528e-01   8.1933294e-02   6.3300470e-02   1.3843228e-03   2.1756206e-03   1.1850378e-03
  -2.1127682e-01   1.3769860e-01   1.0965917e-01   8.5830992e-04   2.3462738e-03   1.3353283e-03
  -2.2550650e-01   9.6996732e-02   1.2813351e-01   1.0753687e-03   2.5970251e-03   1.3990620e-03
  -2.1576653e-01   6.9687366e-02   1.0880021e-01   1.3948332e-03   2.2679840e-03   1.3843845e-03
  -2.2499964e-01   1.0825160e-01   7.5559494e-02   1.0691903e-03   2.4085299e-03   1.3595034e-03
  -2.2709576e-01   1.4029162e-01   1.3799967e-01   1.3036306e-03   2.6335136e-03   1.3419077e-03
  -2.2254887e-01   1.0745198e-01   9.9240934e-02   9.5905229e-04   2.5830882e-03   1.4860144e-03
  -2.2409489e-01   1.0239777e-01   1.0526662e-01   9.1354875e-04   2.5467548e-03   1.6111154e-03
  -2.3805481e-01   1.4878431e-01   1.8111961e-01   4.4493354e-04   2.7476590e-03   1.4700896e-03
  -2.3613450e-01   1.1005250e-01   1.6716815e-01   1.1320490e-03   2.6582878e-03   1.4935659e-03
  -2.4022698e-01   1.2785340e-01   1.5016516e-01   8.1429505e-04   2.5861009e-03   1.8033032e-03
  -2.6538592e-01   1.7222454e-01   1.5891772e-01  -1.0948131e-04   2.7834679e-03   1.7966370e-03
  -2.7013298e-01   1.3487768e-01   1.5426073e-01   3.5538852e-04   2.8392837e-03   1.7875749e-03
  -2.7548906e-01   1.0826426e-01   1.5627425e-01   7.5545944e-04   2.8427702e-03   2.0365782e-03
  -2.7585181e-01   1.2835891e-01   1.7544720e-01   1.0706726e-03   2.8871549e-03   1.9099191e-03
  -2.8284365e-01   1.3935687e-01   1.6839324e-01   4.1582609e-04   2.9777302e-03   1.8955948e-03
  -2.8214248e-01   1.1894176e-01   1.7622695e-01   6.0213099e-04   2.9106896e-03   2.0036094e-03
  -2.7888498e-01   1.7294453e-01   1.6684102e-01  -1.4961532e-04   3.2699578e-03   1.9306100e-03
  -2.7667732e-01   1.4220617e-01   1.9782781e-01   6.9739466e-04   3.2562596e-03   2.0053299e-03
  -2.7676884e-01   1.1317000e-01   1.6787437e-01   9.8594234e-04   2.9641250e-03   2.3481553e-03
  -2.7244195e-01   1.3353240e-01   1.5212672e-01   5.7989352e-04   3.1170845e-03   2.1906854e-03
  -2.8194489e-01   1.8658100e-01   1.5533740e-01  -2.2836412e-04   3.1756493e-03   2.2371764e-03
  -2.8377424e-01   1.1689951e-01   1.4221729e-01   6.5651599e-04   3.2238709e-03   2.3577494e-03
  -2.8356779e-01   1.4770139e-01   1.4041168e-01   3.1964649e-04   3.3206723e-03   2.0775164e-03
  -2.7879038e-01   1.8547787e-01   1.6522687e-01   2.0048028e-04   3.4316991e-03   1.9394984e-03
  -2.8415208e-01   1.5355059e-01   1.4538707e-01   2.4011704e-04   3.2827528e-03   2.3198390e-03
  -2.8073085e-01   1.9456268e-01   1.3629489e-01  -5.6705387e-04   3.3117688e-03   2.2130691e-03
  -2.8173039e-01   1.7323454e-01   1.3134359e-01   5.2096737e-05   3.3856159e-03   2.2286830e-03
  -2.9202948e-01   1.1867228e-01   1.7448170e-01   7.1220260e-04   3.4420116e-03   2.2692840e-03
  -2.9086834e-01   1.3127534e-01   1.7801279e-01   1.0766275e-03   3.3272489e-03   2.2375038e-03
  -2.8393406e-01   1.5873728e-01   1.8992368e-01   6.2905939e-04   3.4525011e-03   2.0654976e-03
  -2.7312542e-01   1.3351615e-01   1.7434434e-01   4.3274716e-04   3.4186742e-03   2.1544380e-03
  -2.7839344e-01   1.5966364e-01   1.9477019e-01  -1.5290482e-04   3.4889593e-03   2.1611872e-03
  -2.8094910e-01   1.6750935e-01   1.8828356e-01  -2.6199496e-04   3.6178156e-03   2.1549591e-03
  -2.9069645e-01   1.1802623e-01   1.5265420e-01   1.0861574e-03   3.7267437e-03   2.3681937e-03
  -2.8541505e-01   1.4675402e-01   1.4531514e-01   1.0953997e-06   3.5302449e-03   2.2168231e-03
  -2.8985124e-01   1.6650200e-01   1.5682871e-01  -5.5398896e-04   3.8679489e-03   1.8401722e-03
  -2.9571074e-01   1.3078923e-01   1.6973631e-01   4.1394206e-04   3.9391704e-03   1.8017106e-03
  -2.9455596e-01   1.0206041e-01   1.4938221e-01   7.3950434e-04   3.6947995e-03   1.9429861e-03
  -3.0453002e-01   1.3469328e-01   1.6561213e-01   2.7117178e-04   3.5734096e-03   2.0792734e-03
  -3.1088150e-01   1.5083942e-01   1.7371439e-01   1.1996323e-04   3.5521277e-03   2.0023387e-03
  -3.1467680e-01   1.2507032e-01   1.5693783e-01   4.6978786e-04   3.9901195e-03   1.9859916e-03
  -3.1209820e-01   1.3992809e-01   1.4501374e-01   2.0014000e-04   3.9541965e-03   2.2753970e-03
  -3.1185310e-01   1.2638040e-01   1.9021420e-01   8.7929874e-04   3.8850538e-03   2.3036613e-03
  -3.1685624e-01   1.2568358e-01   2.1162074e-01   7.4899248e-04   3.7874449e-03   2.2664625e-03
  -3.1874186e-01   7.6944065e-02   1.8717259e-01   1.6073952e-03   3.6895064e-03   2.4985019e-03
  -2.9451004e-01   6.5731952e-02   1.6041445e-01   1.9625119e-03   3.1255968e-03   2.4487410e-03
  -2.9502140e-01   1.0017878e-01   2.4851056e-01   2.2360894e-03   3.3283979e-03   2.3699136e-03
  -2.6665342e-01   1.2156018e-01   2.3375845e-01   1.5160662e-03   2.9790720e-03   1.9641506e-03
  -2.6115192e-01   1.1430416e-01   2.0295649e-01   1.4963176e-03   2.7385058e-03   2.3879960e-03
  -2.7820092e-01   1.0826373e-01   2.0369274e-01   1.5528825e-03   2.9806369e-03   2.4522660e-03
  -2.9332046e-01   1.1435746e-01   1.7980994e-01   1.5517654e-03   3.4252039e-03   2.3139688e-03
  -2.9009297e-01   8.0659551e-02   1.6129452e-01   1.9117764e-03   3.1599232e-03   2.3645592e-03
  -2.8350155e-01   1.3162600e-01   2.2327546e-01   1.9469378e-03   3.3516410e-03   2.4256780e-03
  -2.8188287e-01   1.3130274e-01   2.6999815e-01  -2.7346304e-04   3.3053125e-03   2.2899169e-03
  -2.6338573e-01   1.3403433e-01   3.0361940e-01   1.2337776e-03   3.0053262e-03   2.0845641e-03
  -2.6754771e-01   1.2654872e-01   2.9096186e-01   1.0823579e-03   3.0935019e-03   2.0243896e-03
  -2.8919922e-01   4.4486062e-02  -1.0672979e-02   1.7121556e-03   3.2388938e-03   1.9379089e-03
  -2.6639652e-01   1.7095806e-01   4.7847702e-01   1.8987364e-03   3.4669095e-03   1.9630371e-03
  -3.0332225e-01   1.1178436e-01   7.5937050e-01   5.2871742e-03   4.1047227e-03   2.1071591e-03
  -2.9455651e-01   1.1167485e-01   1.1305773e+00   4.7220501e-03   4.8292434e-03   2.1888391e-03
  -3.3226967e-01   1.0013682e-01   9.0390336e-01   2.8998603e-03   5.0685328e-03   2.2158424e-03
  -3.4774151e-01  -2.2200712e-02   6.2867499e-01   4.5364007e-03   4.7201745e-03   2.4080883e-03
  -3.3520338e-01   5.1350591e-02   6.7372217e-01   5.1191707e-03   4.2241713e-03   2.4217511e-03
