   0.0000000e+00   0.0000000e+00  -7.1054274e-15   2.7755576e-17   0.0000000e+00   0.0000000e+00
   6.8970315e-02   7.6525137e-02   4.0470606e-01  -3.8076272e-04  -3.5163458e-05  -3.9925768e-05
   4.7361318e-02  -1.5544833e-01   3.0039195e-01   2.4892304e-03  -4.7585848e-04   1.9681998e-04
   1.2020987e-02  -7.1008306e-03   2.4077365e-01   1.1059322e-03   3.8596635e-04   5.0725034e-04
  -8.0046335e-03  -1.3810095e-01   1.8085656e-01   3.2380331e-03   4.5914542e-04   5.8167100e-04
   5.2944312e-02   2.3982315e-02   5.2922534e-01  -1.0831781e-04   9.2637585e-05  -2.5769895e-04
   4.4930567e-02  -1.1491541e-02   3.5478495e-01  -4.6794618e-04  -7.7227944e-04  -1.3655090e-03
   2.9145201e-02  -6.4958013e-03   7.0311076e-01   3.2428955e-04  -6.3009267e-04  -1.0454606e-03
   6.6624270e-05  -3.1666118e-02   3.3716098e-01   5.2071872e-04   1.0742106e-03  -1.6186616e-03
   4.2739946e-04  -3.7947218e-02   3.8812612e-01   1.7883803e-03   9.2260821e-04  -9.0456235e-04
  -1.6387497e-02  -6.4879605e-02   3.2836094e-01   2.5325848e-03   1.0942996e-03  -3.7007879e-04
   1.7765104e-03  -2.8293149e-02   3.2643751e-01   1.9304379e-03   1.3519805e-03   7.2229716e-05
   6.1402628e-03  -2.5549150e-02   2.3381791e-01   7.0629224e-04   1.1786655e-03  -9.9957348e-05
   6.6876248e-03   5.7915751e-02   2.7169802e-01   1.7054047e-04   1.7066714e-03  -1.6002931e-04
  -1.8571684e-02  -1.7772427e-02   1.8391461e-01   2.1151650e-04   1.4509485e-03   4.1459362e-04
  -5.3793633e-02  -2.6921867e-02  -4.3089895e-02   1.2978537e-04   1.5451077e-03   4.5489951e-04
  -6.0683202e-02  -4.2525540e-02  -7.5046368e-02   4.1130188e-04   1.1054895e-03   6.0250444e-04
  -6.2612859e-02   8.5140488e-04  -6.8292347e-02  -4.2193501e-04   9.8897017e-04   5.5547323e-04
  -4.6941988e-02  -1.0803850e-01  -2.1723892e-01   1.0679839e-03   5.7912980e-04   2.8104817e-04
  -7.7569473e-02   1.2524226e-02  -1.6164450e-01  -3.8688483e-04   1.0666132e-03   7.2188573e-04
  -8.5654901e-02  -6.4955340e-02  -2.4851068e-01  -4.6008882e-04   1.1342423e-03   8.0665571e-04
  -7.1936593e-02  -2.9959861e-02  -2.3067582e-01  -5.5633258e-04   9.9512552e-04   8.7608014e-04
  -9.3550161e-02  -6.1171731e-03  -2.7725649e-01  -4.8615687e-04   1.2193590e-03   7.9822839e-04
  -8.3936264e-02  -3.0329046e-02  -2.8263067e-01  -6.8549243e-04   8.5061367e-04   7.4085190e-04
  -8.6015223e-02  -4.6115787e-02  -4.1487441e-01  -8.6758851e-04   1.3530527e-03  -1.2343790e-04
  -8.8192552e-02  -4.9906801e-04  -3.1961263e-01  -1.1577896e-03   9.7793464e-04   5.5979976e-04
  -7.1599552e-02  -9.7287308e-02  -3.4292749e-01   6.7212007e-04   9.4704473e-04   4.8608429e-05
  -4.1424796e-02  -8.6952963e-02  -4.7153131e-01   4.2003597e-04   3.7927812e-04  -3.1220175e-04
  -7.8986092e-02   1.4103661e-02  -4.2134022e-01  -1.7675544e-03   8.9181333e-04   4.2611149e-04
  -8.3846558e-02  -2.9059439e-03  -4.2340278e-01  -2.0721299e-03   1.0159936e-03   4.5641889e-04
  -8.8571686e-02  -3.5075599e-02  -4.2654187e-01  -1.4224506e-03   9.2553294e-04   5.3288271e-04
  -1.0613897e-01  -4.7881177e-02  -3.7121923e-01   2.6372443e-04   1.2881170e-03   4.3337525e-04
  -1.0543528e-01  -3.4475978e-02  -3.6351577e-01  -8.5259405e-05   1.0843463e-03   2.3864554e-04
  -1.2363660e-01  -3.8458353e-02  -3.6090403e-01  -7.6950045e-04   1.1547043e-03   8.8939880e-04
  -1.1093131e-01   3.9283499e-02  -2.6150088e-01  -1.3364764e-03   1.5027306e-03   4.0645645e-04
  -1.0501354e-01  -9.4526954e-02  -3.3335315e-01   1.8441345e-04   1.3509482e-03   4.3808881e-04
  -1.0909697e-01  -1.0798704e-01  -4.8742321e-01   7.1738679e-04   9.3787902e-04   4.7319956e-04
  -4.3793943e-02  -6.5470614e-02  -4.3465333e-01   2.0176128e-05   4.6553977e-04   2.0990924e-04
  -6.3766235e-02  -1.9945685e-03  -4.1576041e-01  -2.0446352e-03   9.0487530e-04   1.2561549e-04
  -6.9726842e-02  -2.3474806e-02  -4.0463097e-01  -1.8696161e-03   8.4016500e-04   3.3558650e-04
  -8.3894853e-02  -2.0940447e-02  -3.9570900e-01  -1.4060480e-03   1.0404599e-03   5.0899939e-04
  -7.8598395e-02   9.9199751e-03  -4.1361986e-01  -1.4064091e-03   1.0350216e-03   4.0135046e-04
  -8.3912716e-02  -6.1295942e-02  -3.9286553e-01  -4.0511850e-04   9.9840795e-04   3.3805548e-04
  -8.9976447e-02  -9.2533977e-02  -3.6051791e-01  -1.1772942e-05   9.5384750e-04   5.7185476e-04
  -8.8692601e-02  -6.4727563e-02  -3.4399005e-01  -8.8289655e-05   1.0791714e-03   6.5072222e-04
  -1.2084361e-01  -1.0424608e-01  -5.5464092e-01  -1.9729706e-04   2.0052800e-03   6.0643776e-04
  -8.8604159e-02  -4.0945533e-02  -4.1002484e-01  -8.7810357e-04   1.5865500e-03   7.3589162e-04
  -1.0580937e-01  -9.0994618e-02  -4.2422665e-01  -9.4115958e-07   1.7122937e-03   9.4240576e-04
  -1.0102725e-01  -4.6097174e-02  -4.6212168e-01  -6.4898675e-04   1.4566966e-03   1.0283796e-03
  -3.1974372e-02  -1.7737515e-01  -7.2918173e-01  -7.7567869e-04   2.8303851e-04  -3.8038873e-04
  -6.2447005e-02  -7.0454015e-02  -4.2195166e-01   2.9403507e-04   1.5009742e-03  -1.7802863e-05
  -6.6097359e-02  -2.0010976e-02  -2.6759102e-01  -5.3143006e-04   1.3889623e-03   4.9377855e-04
  -9.7455307e-02  -9.4129748e-02  -2.5768507e-01   1.0550893e-03   1.8097229e-03   8.7802691e-04
  -4.2358770e-02  -9.8083971e-02  -4.4187321e-01   3.9878902e-04   1.5209867e-03   6.5938613e-04
  -5.2153990e-02   3.5452316e-04  -3.8269182e-01  -1.7646461e-03   1.7704779e-03   7.0567661e-04
  -7.0218728e-02   2.8139434e-02  -3.4194184e-01  -2.1328795e-03   1.8742725e-03   1.1647470e-03
  -8.2424669e-02  -5.5781656e-02  -3.6138850e-01  -7.6701132e-04   1.8446938e-03   1.3082736e-03
  -8.6541039e-02   2.7945565e-03  -3.5588202e-01  -9.3161643e-04   1.6195343e-03   1.2266279e-03
  -8.6172585e-02  -3.7515094e-02  -3.3214419e-01   5.0246444e-04   1.4819390e-03   1.1101640e-03
  -7.6373515e-02  -1.3438560e-02  -2.0103246e-01   5.7470340e-04   8.1011692e-04   2.1754289e-03
  -6.5746995e-02  -1.7466907e-02  -2.5868938e-01  -4.6887405e-04   1.2799731e-03   9.1888677e-04
  -7.5433325e-02  -1.0225369e-02  -2.7988117e-01  -2.3930179e-04   1.4801631e-03   1.0221183e-03
  -7.0254470e-02  -3.9051514e-02  -2.9838508e-01  -2.4790316e-04   1.2204017e-03   1.0991568e-03
  -7.4970840e-02   7.5648603e-03  -2.7140502e-01  -7.4507854e-04   1.2887953e-03   1.0734740e-03
  -8.4058490e-02  -1.3873113e-02  -2.8685826e-01  -4.8304030e-04   1.4418204e-03   1.1484274e-03
  -7.9385468e-02  -3.2260045e-02  -2.9202821e-01  -6.6042052e-04   1.2116532e-03   1.2370622e-03
  -8.9014681e-02  -6.6444493e-02  -2.9403370e-01   9.7792349e-04   1.4182995e-03   1.5565949e-03
  -8.4313961e-02  -2.3229527e-02  -3.1325104e-01  -2.3472303e-04   1.5737477e-03   1.2193366e-03
  -8.0099475e-02  -4.7031146e-02  -2.9383852e-01  -4.4883431e-04   1.3675736e-03   1.3030024e-03
  -1.0249527e-01  -4.3978082e-02  -2.7691602e-01   2.7722140e-04   1.6294831e-03   1.7691570e-03
  -1.1677965e-01  -5.3289951e-02  -3.1866320e-01   9.8760310e-04   1.8169501e-03   2.2840388e-03
  -1.0771113e-01  -3.9492452e-03  -3.3739433e-01  -2.6711225e-04   1.6653768e-03   2.4271098e-03
  -1.0791522e-01   2.4880585e-02  -2.8275047e-01  -1.2812757e-03   1.9629009e-03   2.1688071e-03
  -1.0659623e-01  -3.1811712e-02  -3.3882760e-01  -3.8009418e-04   1.9103284e-03   2.0658538e-03
  -1.3044602e-01  -3.8943922e-02  -3.7806774e-01  -2.6238302e-04   1.6518432e-03   2.6942075e-03
  -1.3643274e-01  -5.9502571e-02  -3.3613869e-01   1.3804749e-03   1.9633113e-03   2.2861329e-03
  -1.2556820e-01  -6.1804218e-02  -3.4913988e-01   1.0241551e-03   1.7432153e-03   2.0222147e-03
  -1.2037672e-01  -8.9570507e-03  -3.3339869e-01  -4.2393576e-04   1.5018139e-03   2.1960587e-03
  -1.3169102e-01   1.4393429e-02  -3.0135046e-01  -1.2592416e-03   1.7193624e-03   2.2082369e-03
  -1.1880314e-01  -8.6994625e-02  -3.1900341e-01   5.8378171e-04   1.7244748e-03   1.7355122e-03
  -1.1861527e-01  -7.4832864e-02  -3.5890797e-01   5.1427300e-04   1.5178960e-03   1.9622527e-03
  -8.6498319e-02  -1.1904238e-01  -4.6438331e-01   1.0584275e-03   1.4540090e-03   7.1366737e-04
  -2.9758587e-02  -2.3358828e-04   1.5461435e-02   1.0861733e-04   6.7057283e-04   4.2997548e-04
  -1.9927824e-02   1.0435688e-01   2.1973355e-01   7.8477826e-04   1.3541839e-03  -1.8764576e-04
  -4.6095723e-02   1.3348132e-01   6.7468981e-01   1.6157495e-03   1.1278426e-03  -3.2340638e-04
   3.2177937e-02   8.9799736e-02   6.7004411e-01   8.4402141e-04   4.2124622e-04  -1.0859876e-03
   3.7866898e-02   5.7150007e-02   5.5719192e-01   1.6739483e-03   3.1839838e-04  -5.2181661e-04
   4.8610319e-02   1.3218764e-01   7.9086123e-01   3.0442697e-04   6.9763689e-04  -1.8892152e-04
   1.8721970e-02   8.6107497e-02   7.0303790e-01   6.8129780e-04   8.4301867e-04   9.6655665e-05
   1.3533067e-02   8.0081658e-02   5.6016647e-01   1.5570171e-03   7.3990189e-04   7.3897216e-04
   2.0918083e-02   1.9564348e-01   5.7892593e-01  -5.4857891e-04   1.1206122e-03   6.1196547e-04
   1.7970620e-02   1.0249096e-01   6.3279113e-01  -1.1208035e-04   1.0092204e-03   8.5350177e-04
  -6.6775545e-03   1.5765855e-01   5.9676708e-01  -4.2998174e-04   1.1871027e-03   1.1747925e-03
  -2.6195117e-02   1.0420278e-01   5.6906429e-01   1.5995270e-03   1.5037974e-03   1.3403761e-03
  -2.7821553e-02   8.1511335e-02   6.4868795e-01   1.7381666e-03   1.2521416e-03   1.4343763e-03
  -3.0893320e-02   1.5097722e-01   6.6752294e-01   4.1063199e-04   1.5639885e-03   1.4975723e-03
  -3.8527263e-02   1.1608796e-01   6.2816476e-01   7.0378148e-04   1.4564761e-03   1.6868181e-03
  -4.1134519e-02   7.2267220e-02   6.4030855e-01   1.9064186e-03   1.4291022e-03   1.6203909e-03
  -5.5591727e-02   1.4284404e-01   7.1533726e-01   1.7929270e-03   1.6394022e-03   1.8000545e-03
  -5.4266553e-02   1.0798772e-01   6.6417416e-01   1.4252034e-03   1.5114576e-03   1.6826228e-03
  -5.4020168e-02   1.6193542e-01   6.9939486e-01   5.4454492e-04   1.6898589e-03   1.8723309e-03
   3.1542899e-03   1.3031676e-01   7.3579474e-01   1.7949165e-03   1.0703545e-03   1.2420754e-03
   7.8554790e-02   5.7646684e-02   4.9003101e-01   1.7537298e-03   4.3600889e-04  -1.1881499e-04
   1.2660744e-02   1.8151118e-01   6.1563052e-01  -1.7684315e-05   1.0093321e-03   1.1434255e-03
   4.1046488e-05   2.1611801e-01   7.6207008e-01  -6.4745642e-04   1.3448898e-03   1.3919644e-03
  -1.5304632e-02   1.2134203e-01   7.0717907e-01   6.0887673e-04   1.2591553e-03   1.3587374e-03
  -6.7326565e-02   1.7319377e-01   6.9649380e-01   1.4830136e-03   1.7262960e-03   2.4128961e-03
  -1.0268424e-01   9.8256979e-02   5.4418047e-01   2.1656752e-03   1.7746064e-03   2.7070792e-03
  -1.0462436e-01   8.1918562e-02   5.3200868e-01   2.6131011e-03   2.1915284e-03   1.8119838e-03
  -5.9388238e-02   1.5573400e-01   5.9986786e-01   7.4253112e-04   1.8865233e-03   2.0224705e-03
  -4.6029045e-02   1.6587321e-01   6.1805186e-01  -1.9304877e-04   1.9594765e-03   1.9372856e-03
  -5.0429001e-02   1.1252723e-01   6.7696644e-01   1.1635290e-03   1.8027598e-03   2.1885211e-03
  -6.4883882e-02   1.6639963e-01   6.6075021e-01   1.0937199e-03   2.0527583e-03   2.0781098e-03
  -7.8106416e-02   1.1841582e-01   6.8194637e-01   1.9660973e-03   2.1456571e-03   2.0224199e-03
  -8.2741029e-02   1.0284110e-01   7.1216932e-01   2.0280212e-03   2.0484829e-03   2.2915421e-03
  -9.1884117e-02   1.2762567e-01   7.3123947e-01   1.4637345e-03   2.1535690e-03   2.4912195e-03
  -1.0877214e-01   1.0892915e-01   7.4722285e-01   1.7342377e-03   2.3410872e-03   2.6762181e-03
  -1.1436889e-01   7.7781409e-02   7.3037902e-01   2.7901714e-03   2.3880357e-03   3.1447035e-03
  -8.1834920e-02   6.8993817e-02   6.7938111e-01   2.9537765e-03   2.1691965e-03   2.8596892e-03
  -8.2124315e-02   1.4190419e-01   6.4870650e-01   5.3879600e-04   2.4689672e-03   2.5795260e-03
  -8.1030508e-02   1.0848131e-01   6.9102754e-01   1.0908153e-03   2.3127038e-03   2.9525883e-03
  -8.6495861e-02   1.2990654e-01   6.7728831e-01   1.0336481e-03   2.4639716e-03   2.8199669e-03
  -9.5733587e-02   1.0060699e-01   6.7518510e-01   1.9558682e-03   2.4995590e-03   2.8047989e-03
  -9.7454007e-02   8.7738831e-02   6.8981297e-01   2.1539429e-03   2.3765444e-03   2.8634070e-03
  -9.1636667e-02   1.0803379e-01   6.9923985e-01   1.5810275e-03   2.4234131e-03   2.7469262e-03
  -8.6406820e-02   1.0367265e-01   6.5360062e-01   1.5803928e-03   2.2176495e-03   2.7970774e-03
  -7.5137299e-02   6.9696953e-02   6.2985743e-01   2.3251481e-03   2.2668478e-03   2.7761401e-03
  -7.2011794e-02   1.2406418e-01   6.0911511e-01   1.4651488e-03   2.3510151e-03   2.5378926e-03
  -1.1099869e-01   1.1942341e-01   6.5609489e-01   1.8474313e-03   2.4535298e-03   2.8532480e-03
  -1.7200982e-01   1.2374662e-01   5.8574887e-01   1.5751382e-03   3.1549296e-03   3.6240458e-03
  -1.4163139e-01   1.6347902e-01   6.4189780e-01   2.9595362e-04   2.7821726e-03   3.2853888e-03
  -1.0678973e-01   1.1701097e-01   5.7758046e-01   1.3612349e-03   2.5797817e-03   2.9954438e-03
  -1.1596237e-01   1.2732261e-01   5.9713875e-01   1.0580356e-03   2.8579143e-03   3.0491237e-03
  -1.1786040e-01   1.2906955e-01   6.1197469e-01   1.5164805e-03   3.0988433e-03   2.9023153e-03
  -9.3711979e-02   1.2917246e-01   5.9034168e-01   1.7669021e-03   2.7466998e-03   2.3628561e-03
   1.0222802e-01   1.7691807e-01   2.2776925e-01  -5.9558724e-04   5.7818756e-04   7.8020137e-06
   2.7963545e-02   2.5225800e-01   4.3270974e-01  -2.0305918e-03   9.8358418e-04   1.6298564e-03
  -3.8614111e-03   1.7179636e-01   4.3826895e-01  -4.5532768e-04   1.2145483e-03   1.9340113e-03
   7.9996518e-02   1.6041752e-01   5.0642112e-01   2.7364302e-04  -1.4609744e-03   2.6837142e-04
   1.8227568e-02   2.8461319e-01   6.2814960e-01  -8.2577008e-04  -4.8416593e-04   6.8536526e-04
  -7.2963116e-04   1.8733755e-01   6.3321556e-01   2.3871353e-04   5.6049583e-04   1.3680034e-03
  -1.0497092e-02   1.6034615e-01   5.7048805e-01   2.5126228e-04   5.5148325e-04   1.6510043e-03
  -5.3846335e-03   1.5007349e-01   5.7254691e-01   1.0538495e-03   8.3001048e-04   1.3146460e-03
  -2.4890077e-03   1.2612850e-01   5.1190475e-01   1.5897712e-03   7.0098138e-04   1.6728627e-03
   8.0103422e-02   1.8711230e-01   6.9567367e-01   1.1126483e-03  -3.2321594e-05   8.5245819e-04
   5.9313351e-02   1.9599904e-01   7.7250740e-01   4.1917318e-04   3.7989143e-04   1.1173075e-03
   3.7606016e-02   1.0360274e-01   7.2595129e-01   2.0402246e-03   4.3918905e-04   1.6064400e-03
   2.6155821e-01   1.2115493e-01   3.5548159e-01  -1.4079945e-04  -2.2660450e-03  -1.0201276e-03
   2.0202313e-01   1.5390504e-01   5.9567489e-01   1.4193013e-03  -1.4984388e-03   2.1618658e-04
   1.5173947e-01   1.2623128e-01   5.9222444e-01   1.7650783e-03  -1.0569138e-03   3.0731909e-04
   1.0414888e-01   1.8207877e-01   6.7183072e-01   2.0884960e-04  -4.8829228e-04   9.7298043e-04
   8.0633506e-02   1.4834835e-01   6.2396044e-01   6.8480891e-04  -2.7682706e-04   9.9444886e-04
   7.0017088e-02   1.2515707e-01   6.1223354e-01   1.7711137e-03  -3.3338607e-04   9.1699971e-04
   7.1782515e-02   1.9416766e-01   6.3461599e-01   1.4433183e-03  -1.0677002e-04   6.7351552e-04
   5.1801604e-02   1.1899003e-01   6.8867383e-01   2.4804745e-03   2.2340707e-04   8.9930484e-04
   8.5123747e-02   7.7922111e-02   5.4576412e-01   2.4916739e-03  -5.1118817e-04   8.6808067e-04
   8.7474429e-02   1.7346510e-01   6.0216751e-01   6.8220036e-05  -2.1191221e-04   8.3956631e-04
   5.6944020e-02   1.3558877e-01   6.4317117e-01   1.0300112e-03   2.8605403e-04   1.2525992e-03
   2.6961232e-02   1.6378948e-01   3.9432568e-01   4.4892492e-04   3.9910353e-04   1.1778852e-03
   3.9462565e-02   1.9856995e-01   5.6687464e-01  -4.7882787e-06   3.0590846e-04   1.3938307e-03
   3.5763754e-02   1.4326627e-01   5.9440909e-01   1.3794549e-03   6.0984294e-04   1.4904722e-03
   4.5612339e-02   1.7395313e-01   5.8200951e-01   2.2453589e-04   2.9798522e-04   1.5838914e-03
   4.1706236e-02   1.9840820e-01   6.4779434e-01   2.3542538e-04   3.8513483e-04   1.4310591e-03
   4.9282435e-02   1.7330500e-01   5.9758878e-01   5.8580481e-04   2.0711792e-04   1.4567215e-03
   8.8395789e-02   1.1774663e-01   5.3683704e-01   1.8015897e-03   5.7756504e-05   9.3287503e-04
   5.6664613e-02   1.5127724e-01   6.4409614e-01   2.0393649e-03   7.9584170e-05   1.4225375e-03
   4.8598223e-02   1.8398256e-01   6.4867410e-01   1.9586052e-04   2.7969860e-04   1.4436602e-03
   4.1124858e-02   1.6099122e-01   6.3389400e-01   6.2493060e-05   1.3938543e-04   1.8787575e-03
   3.4108443e-02   1.4568640e-01   6.2130782e-01   9.3687748e-04   2.2936783e-04   1.7360937e-03
   2.3779381e-02   1.4437064e-01   6.1634591e-01   1.7532625e-03   3.6257939e-04   1.6777056e-03
   2.6621318e-02   1.1864241e-01   5.6855284e-01   1.6160273e-03   2.5829649e-04   1.5513476e-03
   2.5219059e-02   1.7986813e-01   6.5978389e-01   6.6424618e-04   2.0638478e-04   1.8990487e-03
   1.9826494e-02   1.4860810e-01   6.9974856e-01   1.1450569e-03   3.7852264e-04   2.0003091e-03
   4.5422312e-02   1.0910310e-01   6.7457138e-01   1.6972583e-03  -5.5204880e-08   1.8634181e-03
   6.6640404e-02   1.4849280e-01   6.1267209e-01   1.5428571e-03  -1.6502776e-04   1.4392898e-03
   8.9606251e-02   1.4723147e-01   5.3566185e-01   9.1057539e-04   6.0086471e-05   9.0917815e-04
   6.0051962e-02   1.7624291e-01   6.2214371e-01   2.8847511e-04   2.4486273e-05   1.5290051e-03
   5.8509361e-02   1.9355596e-01   5.9596442e-01  -4.7669187e-05  -8.5726576e-05   1.5428845e-03
   4.2652500e-02   1.8534546e-01   5.9213498e-01   6.0030041e-04   1.9454376e-04   1.4675486e-03
   3.1907167e-02   1.3711003e-01   6.0712871e-01   1.9801729e-03   2.6372148e-04   1.6955142e-03
   1.3606781e-02   1.1643654e-01   5.8018182e-01   2.2691129e-03   1.1770490e-04   2.4677604e-03
   5.9469452e-02   1.3167914e-01   6.0991923e-01   2.0244608e-03  -1.3836132e-04   1.3903290e-03
   5.8937087e-02   1.8751651e-01   5.9435630e-01   1.2355524e-05   7.0454036e-05   1.5409814e-03
   6.2348993e-02   1.6021771e-01   6.1085100e-01   3.5076585e-04  -6.6702491e-06   1.7292230e-03
   5.9060008e-02   1.8900864e-01   5.7953449e-01   1.5434665e-04   3.3325978e-05   1.8950429e-03
   6.1966084e-02   1.6640343e-01   5.8323979e-01   8.7263455e-04  -2.5534199e-05   1.8281893e-03
   5.8923547e-02   1.1048260e-01   5.9867018e-01   1.8914215e-03  -4.4905367e-05   1.9387891e-03
   6.8074815e-02   1.5157216e-01   6.2545319e-01   7.9888882e-04  -1.7824536e-04   1.9393722e-03
