   0.0000000e+00   0.0000000e+00   0.0000000e+00   0.0000000e+00  -1.7347235e-18   0.0000000e+00
   5.3257533e-04  -3.0915477e-03   2.2302801e-02   3.5511261e-06  -4.1897080e-05  -8.9942910e-05
   6.2410475e-04  -9.1832472e-03   2.0212077e-02  -1.0298877e-04   3.6439996e-05   4.7394962e-05
  -8.0607865e-03   7.7881497e-03   1.7652575e-02  -2.8454009e-04   2.9797231e-04   3.1068301e-04
  -7.9563084e-03   1.8195550e-02   2.1390111e-02  -1.8169759e-05   3.9825154e-04   1.6900117e-04
  -7.6794889e-03   7.5972725e-05   2.3102194e-02   3.3789455e-04   2.9238193e-04   2.9959812e-04
  -1.1350433e-02  -3.3250039e-03   1.2422247e-02   6.0950625e-04   2.8956012e-04   3.0789396e-04
  -1.4465256e-04   3.5490275e-02   1.2374028e-02  -4.1670035e-04   2.9039122e-04  -1.8023562e-05
  -1.2315376e-02   1.7433567e-03   4.0159669e-02   7.4080666e-05   3.9495344e-04   2.3477255e-04
  -5.2619418e-03  -1.8151131e-02   2.3766076e-02   4.6506242e-04   2.5417171e-04   8.8602886e-05
  -7.7808097e-03   2.0250940e-03   2.1746609e-02   5.0256807e-04   1.6472578e-04   3.5504353e-04
  -1.6418699e-02   2.3740570e-02   2.6475742e-02   1.8270259e-04   2.8692338e-04   4.0812593e-04
  -8.3062508e-03   2.8123043e-02   5.2289609e-02   8.8119842e-05   6.2685660e-06   2.2971129e-04
  -6.0392719e-03   3.0698343e-02   4.0428909e-02  -4.3618326e-04   3.0778504e-05   2.4623353e-04
   2.6761421e-02   4.9925093e-02   1.9592799e-01   1.8009187e-03   1.0390413e-03   6.3465477e-04
   2.3335548e-01  -5.0983163e-02   1.5542258e+00   1.2790818e-02  -1.2914300e-03  -7.7301576e-04
   2.7506087e-01  -1.9243861e-01   1.7359080e+00   1.3964425e-02  -3.6367113e-03  -1.7519728e-03
   2.6519446e-01  -1.6318586e-01   1.6155669e+00   1.3422646e-02  -3.2636177e-03  -1.8013994e-03
   2.1853632e-01  -3.3901897e-01   1.5425740e+00   1.6269467e-02  -2.6684355e-03  -7.5163642e-04
   2.1229585e-01  -2.2725654e-01   1.6805148e+00   1.3325172e-02  -2.6483199e-03  -9.1667062e-04
   2.1543910e-01  -1.4761638e-01   1.6647868e+00   1.2879062e-02  -2.4724128e-03  -1.3476018e-03
   2.0870793e-01  -2.4222472e-01   1.6440543e+00   1.4441931e-02  -2.7325406e-03  -1.2362755e-03
   1.9493785e-01  -1.7783217e-01   1.5834643e+00   1.2487069e-02  -2.4687470e-03  -1.1400469e-03
   2.1784370e-01  -1.9511639e-01   1.5800174e+00   1.2826992e-02  -2.7737257e-03  -1.0132702e-03
   1.6832266e-01  -2.3829817e-01   1.6328304e+00   1.4243651e-02  -2.2078238e-03  -4.4615654e-04
   1.0008527e-01  -3.6304259e-01   1.1080745e+00   1.3294107e-02  -2.6220717e-03  -1.1286870e-03
   3.8224282e-02  -3.6081682e-01   9.6948749e-01   1.3080037e-02  -2.1343067e-03  -2.2166121e-03
   3.3332367e-02  -3.1657964e-01   9.4411532e-01   1.2850556e-02  -2.1097794e-03  -2.7428368e-03
   6.9531164e-02  -3.6119237e-01   9.3995332e-01   1.3121754e-02  -2.1747880e-03  -3.5714071e-03
   7.8650281e-02  -3.7746669e-01   8.3928352e-01   1.2294748e-02  -2.1691141e-03  -4.2679986e-03
   9.4187945e-02  -3.6952295e-01   7.9278930e-01   1.2143240e-02  -2.2900055e-03  -4.7696249e-03
   8.9526052e-02  -3.2243818e-01   7.7403254e-01   1.1792518e-02  -1.5579000e-03  -3.6740767e-03
   7.2556282e-02  -2.9197568e-01   8.6714433e-01   1.1965403e-02   1.6306894e-04  -3.6257509e-03
   6.6050880e-02  -2.8791106e-01   8.9668456e-01   1.1115763e-02  -3.5080503e-04  -3.0867871e-03
   1.1652386e-01  -3.8852735e-01   4.3400283e-01   1.0262994e-02  -1.8382348e-03  -4.1646323e-03
   9.8092125e-02  -3.5278607e-01   4.6000471e-01   9.4714893e-03  -7.6912843e-04  -4.6683661e-03
   7.2363081e-02  -3.6817388e-01   5.3554247e-01   9.8064409e-03  -1.2040607e-03  -4.1652103e-03
   9.0953169e-02  -4.2296120e-01   5.0197741e-01   1.0519790e-02  -2.4152716e-03  -3.8716211e-03
   7.1904821e-02  -3.0843522e-01   6.1392566e-01   9.1791091e-03  -6.3103233e-04  -4.2556905e-03
   6.8141010e-02  -3.1630197e-01   7.1642176e-01   1.0649764e-02   8.6072873e-04  -3.9655835e-03
   1.1779741e-01  -1.4093185e-01   1.0492391e+00   1.0068921e-02  -1.2780867e-03  -2.0494784e-03
   1.1857100e-01  -2.5165171e-01   7.8714861e-01   1.0812329e-02  -9.4922051e-04  -2.3269430e-03
   1.3434449e-01  -3.0455659e-01   7.4469280e-01   1.1462685e-02  -1.6862723e-03  -2.4077310e-03
   1.0231037e-01  -2.0181950e-01   9.6469111e-01   1.1125565e-02  -1.2682055e-03  -2.1809754e-03
   1.1588910e-01  -2.6348841e-01   8.9705356e-01   1.1029387e-02  -1.4538515e-03  -2.3500581e-03
   1.4702446e-01  -1.8709255e-01   9.0630209e-01   9.3778117e-03  -1.8807267e-03  -2.7014109e-03
   1.5490223e-01  -2.2155740e-01   9.2347996e-01   9.1557836e-03  -2.0063454e-03  -3.0940291e-03
   1.7347681e-01  -2.6993630e-01   8.4732410e-01   9.7673153e-03  -2.7133412e-03  -2.7904310e-03
   1.5242781e-01  -2.1554848e-01   8.8795929e-01   9.6169223e-03  -2.2404163e-03  -2.5514197e-03
   1.0373612e-01  -2.9509711e-01   8.7567371e-01   1.0886287e-02  -1.1661501e-03  -2.5378443e-03
   1.2804244e-01  -2.4778636e-01   8.2114257e-01   1.0065344e-02  -9.7177543e-04  -2.9536985e-03
   1.3329427e-01  -2.4056801e-01   8.1831934e-01   1.0051004e-02  -1.5170842e-03  -3.5443915e-03
   1.4022931e-01  -3.1140690e-01   6.6294670e-01   9.6670165e-03  -1.3403473e-03  -4.4171642e-03
   1.6232423e-01  -2.4626562e-01   6.9759305e-01   9.4909425e-03  -2.4300053e-03  -3.6684041e-03
   1.4973539e-01  -1.9425887e-01   7.3132986e-01   9.0290045e-03  -3.2510788e-03  -3.7309299e-03
   1.3859943e-01  -2.7615065e-01   8.3220807e-01   1.2119840e-02  -2.6473005e-03  -2.7806586e-03
   1.7998315e-01  -1.8416600e-01   9.2846909e-01   8.9747929e-03  -3.6650174e-03  -3.5634047e-03
   1.7393897e-01  -6.5094964e-02   1.0326098e+00   8.0657593e-03  -2.3614114e-03  -3.3808721e-03
   1.7933564e-01  -1.4814730e-01   1.0424415e+00   8.7311472e-03  -2.4494444e-03  -3.2975780e-03
   1.9223915e-01  -1.2368623e-01   1.0157869e+00   8.7338261e-03  -3.0694367e-03  -3.4056152e-03
   1.7775898e-01  -1.0297668e-01   1.0283049e+00   8.4354237e-03  -2.4097936e-03  -3.3329970e-03
   1.6994697e-01  -1.5159882e-01   1.0054475e+00   8.5720579e-03  -2.6712738e-03  -3.1624912e-03
   1.6561939e-01  -6.6408342e-02   1.0070264e+00   7.5211955e-03  -2.4475070e-03  -3.3604001e-03
   1.8929195e-01  -1.1523073e-01   9.7054089e-01   8.0769054e-03  -2.7096940e-03  -3.2915288e-03
   1.9203820e-01  -1.0561214e-01   1.0157809e+00   8.0184768e-03  -2.7518984e-03  -3.1784069e-03
   1.8820842e-01  -9.8897799e-02   1.0470152e+00   8.2149932e-03  -2.7355944e-03  -3.2531973e-03
   1.9289155e-01  -1.4768356e-01   1.0347880e+00   8.6538132e-03  -2.9216827e-03  -3.0910937e-03
   1.7487124e-01  -8.7702867e-02   1.0655011e+00   8.0885540e-03  -2.6925256e-03  -2.9832236e-03
   1.8262609e-01  -1.2385200e-01   1.0501371e+00   8.1876626e-03  -2.7931164e-03  -3.1269488e-03
   1.9196737e-01  -1.2999916e-01   1.0044172e+00   8.3229704e-03  -2.6420195e-03  -3.3669277e-03
   1.9157585e-01  -8.8185235e-02   9.9596796e-01   7.7910875e-03  -2.7322269e-03  -3.1578288e-03
   1.7441177e-01  -9.4308242e-02   1.0190857e+00   7.6009440e-03  -2.7220887e-03  -2.9309665e-03
   1.9384502e-01  -1.0475214e-01   9.4832885e-01   7.3009225e-03  -2.8951808e-03  -3.1337603e-03
   1.7166435e-01  -5.1520337e-02   1.0498469e+00   7.4648548e-03  -2.7167961e-03  -2.7085401e-03
   1.7623065e-01  -3.7182866e-02   1.0212012e+00   6.7722209e-03  -2.6919156e-03  -2.9404143e-03
   1.8980391e-01  -1.4046637e-01   9.9768973e-01   8.2801269e-03  -2.8727399e-03  -3.0644259e-03
   1.9113196e-01  -8.4924772e-02   9.8691555e-01   7.5084381e-03  -2.7588440e-03  -3.3451598e-03
   1.9427322e-01  -7.5773689e-02   9.9854653e-01   7.3183812e-03  -2.7071787e-03  -3.3952586e-03
   1.9468909e-01  -1.0077631e-01   9.8518962e-01   7.3328643e-03  -2.9395900e-03  -3.2684878e-03
   2.0652347e-01  -6.7229035e-02   1.0021506e+00   7.2319021e-03  -3.0723549e-03  -3.4855533e-03
   2.1983417e-01  -8.8524333e-02   9.7927032e-01   7.2639955e-03  -3.3125454e-03  -4.0156992e-03
   2.3820507e-01  -1.2650767e-01   9.8694936e-01   8.1065791e-03  -3.6859457e-03  -3.7406871e-03
   2.4936226e-01  -1.2509712e-01   1.0079691e+00   8.1664481e-03  -3.8600749e-03  -3.8049073e-03
   2.4552566e-01  -1.0300151e-01   1.0294756e+00   7.7226918e-03  -3.8268973e-03  -3.7811960e-03
   2.5030361e-01  -1.1820866e-01   9.7703015e-01   7.3457679e-03  -3.9582157e-03  -3.8373784e-03
   2.4124485e-01  -1.1349500e-01   9.5104037e-01   7.3866655e-03  -4.0039280e-03  -3.8320822e-03
   2.5256501e-01  -5.6022286e-02   9.7241297e-01   7.1745183e-03  -4.3749282e-03  -3.9044378e-03
   2.5944901e-01  -9.6623787e-02   9.5666804e-01   7.4151583e-03  -4.4719847e-03  -4.0427591e-03
   2.6239484e-01  -1.6604519e-01   9.5910992e-01   8.2636611e-03  -4.6525628e-03  -4.0135119e-03
   2.6918390e-01  -1.2356189e-01   9.8062094e-01   7.9720655e-03  -4.7111804e-03  -3.9640065e-03
   2.7269679e-01  -1.4195599e-01   9.8286972e-01   8.1223786e-03  -4.7112448e-03  -4.1273143e-03
   2.8302297e-01  -1.5375193e-01   9.3489067e-01   7.5531252e-03  -4.7921482e-03  -4.1261149e-03
   2.7571488e-01  -1.2251073e-01   9.5074851e-01   7.2642783e-03  -4.5326565e-03  -4.0493502e-03
   2.7582080e-01  -9.2253103e-02   9.6015630e-01   6.9602865e-03  -4.4673245e-03  -4.1978719e-03
   2.6525831e-01  -1.4485661e-01   9.4551003e-01   8.2575376e-03  -4.3266870e-03  -4.7202522e-03
   2.5616618e-01  -1.4794347e-01   9.6632722e-01   8.1216377e-03  -4.6372834e-03  -4.5428275e-03
   2.5035552e-01  -8.7179520e-02   9.7792740e-01   7.1820629e-03  -4.4379907e-03  -4.3048537e-03
   2.8230355e-01  -1.4625846e-01   9.2923825e-01   8.2750110e-03  -5.3854420e-03  -4.9867979e-03
   2.6130257e-01  -1.7011711e-01   9.0818552e-01   8.9388273e-03  -4.8733185e-03  -5.4822991e-03
   2.4046121e-01  -9.3600416e-02   9.9939235e-01   8.2320917e-03  -3.8608199e-03  -5.4207998e-03
   2.5754024e-01  -2.3861346e-01   8.3876877e-01   9.5234220e-03  -4.3652545e-03  -5.1522504e-03
   2.4495623e-01  -1.4848859e-01   9.3248323e-01   8.4485975e-03  -3.8172613e-03  -4.9064391e-03
   2.4863502e-01  -1.4162497e-01   9.7932673e-01   1.0312579e-02  -3.9425666e-03  -4.2247914e-03
   3.0735254e-01  -3.2881094e-01   9.5042462e-01   1.3586616e-02  -5.3094701e-03  -4.3055667e-03
   3.2971676e-01  -3.1729600e-01   1.0514657e+00   1.3516653e-02  -6.0584308e-03  -4.5752007e-03
   3.3296217e-01  -2.5526423e-01   1.0620504e+00   1.2032983e-02  -5.7752802e-03  -4.7201267e-03
   3.7644700e-01  -1.2638101e-01   1.0953114e+00   9.7923284e-03  -6.0279017e-03  -4.2494030e-03
   4.5000472e-01   6.6994737e-02   1.5028330e+00   9.4433647e-03  -5.0775427e-03  -4.1350092e-03
   3.7960116e-01  -2.2715702e-01   9.4293374e-01   9.5501184e-03  -5.0327512e-03  -4.3872161e-03
   3.4075179e-01  -1.6350287e-01   1.0037089e+00   1.0196135e-02  -4.6933904e-03  -4.2814387e-03
   3.2641628e-01  -1.1986698e-01   9.9177182e-01   9.4509121e-03  -4.5121479e-03  -4.4262870e-03
   3.3147279e-01  -1.9251937e-01   1.0082564e+00   1.0547477e-02  -4.5430499e-03  -4.5750914e-03
   3.3280671e-01  -1.6835248e-01   1.0129561e+00   1.0072827e-02  -4.6239225e-03  -4.4320532e-03
   3.3104763e-01  -1.1248098e-01   1.1435763e+00   1.0177266e-02  -4.4898456e-03  -4.2494832e-03
   3.0627476e-01  -6.1471182e-02   1.5061506e+00   9.6213695e-03  -4.0739932e-03  -3.2777588e-03
   2.8419526e-01  -1.2268141e-01   9.5831975e-01   9.2977401e-03  -4.0638855e-03  -3.9652908e-03
   2.6803275e-01  -1.6375552e-01   1.0018349e+00   9.8346470e-03  -4.1435891e-03  -3.4935017e-03
   2.5982759e-01  -1.4052808e-01   1.0489877e+00   9.8278011e-03  -4.2387270e-03  -3.6154248e-03
   2.6275824e-01  -1.3726171e-01   1.0181002e+00   9.8674441e-03  -4.1838756e-03  -3.5750219e-03
   2.6443613e-01  -1.0612423e-01   9.6509454e-01   9.1891764e-03  -4.2346882e-03  -3.4302564e-03
   2.6286340e-01  -8.2591456e-02   9.8042020e-01   8.6600602e-03  -3.9815609e-03  -3.5077875e-03
   2.7129279e-01  -6.9503265e-02   9.7475964e-01   8.1668527e-03  -4.0048648e-03  -3.7054100e-03
   2.6817581e-01  -1.1461580e-01   9.4665827e-01   9.0457748e-03  -4.1189746e-03  -3.6443934e-03
   2.6851526e-01  -1.2203474e-01   8.9553061e-01   9.5927307e-03  -4.0343052e-03  -3.6445873e-03
   2.6775105e-01  -1.3372368e-01   9.0567436e-01   9.6813494e-03  -3.9449457e-03  -3.8554530e-03
   2.6100260e-01  -1.3209467e-01   9.1172082e-01   9.1603177e-03  -4.0045533e-03  -3.5994138e-03
   2.4028730e-01  -6.7364276e-02   9.2954493e-01   1.1091512e-02  -3.7958562e-03  -3.0091988e-03
   2.4717894e-01  -1.5944564e-01   9.9816534e-01   1.1224235e-02  -3.9397313e-03  -3.8218653e-03
   2.4463532e-01  -3.6158263e-02   1.2142726e+00   1.0192753e-02  -3.3535440e-03  -3.3623050e-03
   2.3641270e-01  -2.0384118e-02   1.0722456e+00   7.5643915e-03  -3.1627024e-03  -3.1969129e-03
   2.4452013e-01  -1.5027267e-01   9.6637458e-01   9.2858968e-03  -3.6058132e-03  -3.5165493e-03
   2.4547245e-01  -7.1857302e-02   9.2900858e-01   8.1158586e-03  -3.6500729e-03  -3.3721229e-03
   2.4179086e-01  -6.7984118e-02   9.2026360e-01   8.0777068e-03  -3.6501988e-03  -3.5654100e-03
   2.4879824e-01  -1.4449509e-01   9.0769487e-01   9.3655266e-03  -3.9083267e-03  -3.5457568e-03
   2.4687569e-01  -9.7176148e-02   8.7237670e-01   8.8294018e-03  -3.7621551e-03  -3.7463512e-03
   2.7118319e-01  -1.7691879e-01   8.1324409e-01   1.0417916e-02  -4.0693026e-03  -4.1424835e-03
   2.5177165e-01  -1.1114506e-01   8.4938622e-01   8.7006669e-03  -3.7331962e-03  -4.0158453e-03
   2.4534054e-01  -9.3026627e-02   8.7508828e-01   8.7291451e-03  -3.6627141e-03  -3.9288296e-03
   2.4265929e-01  -1.2500721e-01   8.6195658e-01   9.2163741e-03  -3.7599497e-03  -3.7737430e-03
   2.4103792e-01  -5.4048273e-02   8.6451966e-01   8.4905940e-03  -3.7865606e-03  -3.5536857e-03
   2.3226434e-01  -3.5035120e-02   8.7584891e-01   7.9126478e-03  -3.6206319e-03  -3.5953109e-03
   2.3000432e-01  -8.1341890e-02   8.5682732e-01   8.4629062e-03  -3.6555590e-03  -3.5424853e-03
   2.1116458e-01  -8.4166065e-02   8.6114405e-01   8.6913134e-03  -3.6507822e-03  -3.3433768e-03
   2.1953435e-01  -7.8216019e-02   8.9466079e-01   8.7032838e-03  -3.4894273e-03  -3.3920455e-03
   2.2585381e-01  -1.2578341e-01   9.0301592e-01   9.3448508e-03  -3.5245471e-03  -3.5955833e-03
   2.2108695e-01  -1.1324265e-01   8.7385535e-01   9.0505473e-03  -3.5161541e-03  -3.3068426e-03
   1.9598098e-01  -4.3430293e-02   8.8844956e-01   8.5322130e-03  -3.1534145e-03  -3.0619376e-03
   2.1658426e-01   1.0796666e-01   4.1464722e-02   1.1438421e-03  -3.2619366e-03  -3.5489223e-03
   2.3443336e-01   8.4138113e-03   7.9904475e-02   7.0233201e-04  -3.3728748e-03  -3.9180719e-03
   2.0964314e-01   6.3533273e-02   3.0842581e-01   1.7360211e-03  -2.5637026e-03  -3.9213307e-03
   1.9984021e-01   6.8222807e-02   3.7560769e-01   1.8843050e-03  -2.5341806e-03  -3.6637916e-03
   2.0040010e-01   3.5636890e-02   3.9896823e-01   2.3834713e-03  -2.6881395e-03  -3.3775950e-03
   1.8278085e-01   4.2452477e-02   4.2425762e-01   2.6335434e-03  -2.4914904e-03  -3.1194486e-03
   1.8030953e-01   4.3436921e-02   4.6499220e-01   3.2771218e-03  -2.2701325e-03  -3.2861502e-03
   1.6913637e-01   3.9704285e-02   4.7757894e-01   3.4156450e-03  -2.1464847e-03  -3.0134743e-03
   1.6094151e-01   3.3749442e-02   4.9827179e-01   3.1664761e-03  -2.0712669e-03  -2.9278486e-03
   1.5995321e-01   5.8507353e-02   4.7942733e-01   2.7095440e-03  -2.0909606e-03  -3.0647614e-03
   1.5416127e-01   2.7943773e-02   4.9252836e-01   3.7422861e-03  -2.2389232e-03  -2.9596137e-03
   1.4834824e-01  -2.4578520e-02   4.5726593e-01   5.1508639e-03  -2.5017383e-03  -2.8202925e-03
   1.6074425e-01   1.5855456e-02   4.9006017e-01   3.8826667e-03  -2.2453317e-03  -3.2352954e-03
   1.6098639e-01   4.2420273e-02   4.9415509e-01   3.0729725e-03  -2.0227773e-03  -3.2235588e-03
   1.6298232e-01   4.3910684e-02   4.7276937e-01   3.0860227e-03  -2.2801326e-03  -2.9299839e-03
   1.5889176e-01   1.6098637e-02   4.9420882e-01   4.2476365e-03  -2.2364508e-03  -3.1144323e-03
   1.5337864e-01   1.2994759e-02   4.8617526e-01   4.9191291e-03  -2.1076080e-03  -3.2949513e-03
   1.5116703e-01  -9.2170410e-03   5.1711772e-01   4.8345779e-03  -1.9918659e-03  -3.1276373e-03
   1.5748856e-01  -1.7648689e-02   5.3562460e-01   4.6182416e-03  -1.9860400e-03  -3.0072444e-03
   1.5319947e-01   6.9804009e-03   5.5626936e-01   4.2018091e-03  -1.9282358e-03  -2.9221827e-03
   1.5187922e-01  -2.3988280e-03   5.3612212e-01   4.5776195e-03  -1.9124306e-03  -2.7284334e-03
   1.4390188e-01   2.0461202e-02   5.0415887e-01   3.9282542e-03  -1.7006497e-03  -2.5755034e-03
   1.4381105e-01   3.8766103e-02   5.1299360e-01   3.5265220e-03  -1.8104012e-03  -2.7408976e-03
   1.4033008e-01   3.9351631e-02   5.0920406e-01   3.7966852e-03  -1.8405315e-03  -3.0194679e-03
   1.5111845e-01   2.6302941e-02   4.5359703e-01   3.9647861e-03  -1.8357743e-03  -3.2796654e-03
   1.4498008e-01   4.4965542e-02   4.9318530e-01   3.5122163e-03  -1.9311518e-03  -2.9076476e-03
   1.4199200e-01   2.4864751e-02   5.4289219e-01   4.6119077e-03  -1.7120693e-03  -2.8872252e-03
   1.3916015e-01   1.7300729e-02   5.3491912e-01   4.5616079e-03  -1.8935479e-03  -2.8268086e-03
   1.3438935e-01   2.7959188e-02   5.4345808e-01   4.1884564e-03  -1.9402759e-03  -2.7187744e-03
   1.2484579e-01   3.8013135e-02   5.3820383e-01   4.1904046e-03  -1.7429393e-03  -2.8420331e-03
   1.3038046e-01   9.8806934e-03   5.3114503e-01   4.6759644e-03  -1.7611747e-03  -2.7630100e-03
   1.3972657e-01   5.4127500e-03   5.2343300e-01   4.6668025e-03  -1.7654928e-03  -2.4916334e-03
   1.0426548e-01  -3.4801612e-03   5.5666116e-01   5.5298418e-03  -8.3674681e-04  -1.6117998e-03
   1.1434786e-01   1.9394858e-02   5.5057776e-01   4.9063357e-03  -9.6996614e-04  -1.7183325e-03
   1.1759356e-01   1.0364382e-02   5.3985374e-01   4.5091563e-03  -9.3108374e-04  -1.7517429e-03
   1.2231761e-01   8.5624840e-03   5.2229179e-01   4.6863084e-03  -1.0609718e-03  -1.7135297e-03
   1.2301196e-01   5.3235196e-02   4.8501833e-01   4.5363215e-03  -9.8682628e-04  -1.7982689e-03
   1.1581156e-01   9.5934861e-03   4.9570561e-01   5.1148543e-03  -9.5386333e-04  -1.9185019e-03
   1.1366980e-01  -3.4113998e-02   5.2297668e-01   5.5215419e-03  -1.1550884e-03  -2.0232190e-03
   1.0371834e-01   7.4054470e-03   5.2096417e-01   5.2292660e-03  -8.6646569e-04  -2.2320411e-03
   1.0897434e-01   1.3005307e-01   5.5563132e-01   3.3151678e-03  -5.6323952e-04  -2.0877149e-03
