   0.0000000e+00   0.0000000e+00   7.1054274e-15  -2.7755576e-17   0.0000000e+00   0.0000000e+00
  -2.1343575e-02   1.5857852e-02   7.6386988e-03   4.8014352e-06   2.5006532e-04   2.4218979e-04
  -2.6525718e-02   3.8957424e-02   3.0475689e-03   9.1164766e-05   3.9681040e-04  -1.8417217e-04
  -1.1872610e-02   3.9538882e-02  -5.5766361e-03   1.8099006e-04   9.0828403e-05  -1.6971375e-05
  -1.6066028e-02   5.9905965e-02   6.3641192e-02  -2.1706112e-04   2.8944208e-04   4.9805964e-05
  -1.1748085e-02   3.4762176e-02   6.0068834e-02   5.1796368e-05   1.2505239e-04  -1.3647612e-04
  -1.7143610e-02  -3.7088904e-03   2.3141336e-02   5.3167484e-04   1.5483919e-04   1.4251587e-04
   4.4056984e-03   1.2522085e-01   6.2501183e-02  -6.9548674e-04   1.0981594e-04  -3.0262133e-04
   8.0922517e-03   1.0078660e-01   1.5302174e-01  -1.6465401e-03  -5.9001939e-05  -2.8065289e-04
  -5.3876690e-04   5.5421069e-02   1.9541921e-02  -9.1737033e-04   3.6055046e-04  -5.3551352e-04
   3.5407220e-03  -3.2394831e-03   3.6212591e-02   3.1727570e-04   7.3480664e-05  -4.5155264e-04
  -2.2868729e-03   8.8109393e-02   4.6105939e-02  -1.4700220e-03   1.1966075e-04  -3.7073734e-04
   5.1707641e-03   6.5016758e-02   2.0409823e-04  -1.7701765e-03  -2.1905496e-04  -3.3493264e-04
  -1.1689033e-02   1.0936126e-01   8.8367378e-03  -2.2595922e-03  -4.0650154e-05  -1.0031348e-04
  -1.1437213e-02   6.2441923e-02  -2.9185230e-02  -1.5823509e-03  -5.2086876e-05  -1.7752126e-04
  -4.0965874e-04   4.1848334e-02  -4.2239213e-02  -8.0092342e-04  -1.0457170e-04  -3.7915701e-04
  -2.2078395e-02   3.9199666e-02   7.1840814e-03   1.9471677e-04   2.8806285e-04   3.4905429e-06
  -1.2521923e-02   3.1557338e-02  -9.2676549e-03   2.2398117e-04  -9.3736226e-05  -2.7924351e-05
  -1.5924932e-02   6.3809050e-02  -7.3924279e-02  -8.4337460e-04  -8.0496104e-06   5.3239062e-05
  -1.5962880e-02   9.7920765e-02  -3.2743378e-02  -1.4011978e-03   1.7118424e-05   1.9170183e-04
  -2.2265031e-02   5.8977147e-02  -4.3667188e-02  -7.6903522e-04   2.1502515e-04   1.3168312e-04
  -1.6045866e-02   3.6455634e-02  -3.6487693e-02  -4.4169781e-04   8.4631451e-06   2.2913066e-06
  -1.9663138e-02   6.2517886e-02  -7.2875145e-02  -6.1359971e-04   1.0683196e-04   1.8368180e-04
  -9.7634896e-03   2.1148411e-02  -1.8798137e-01   2.2493868e-05  -1.8884440e-04   6.5800323e-05
  -1.6508375e-02   5.9964058e-02  -7.2969880e-02  -8.5852376e-04   1.3514436e-04  -1.9152762e-04
  -1.4752749e-02   9.6706594e-02  -7.2309046e-02  -1.3102328e-03   1.4305851e-04  -3.6554672e-04
  -1.8545363e-02   4.1881684e-02  -1.0527314e-01  -3.2132862e-05  -1.4108712e-05  -2.1809384e-04
  -2.5019342e-02   8.3541822e-02  -1.0174126e-01  -6.4927200e-04   8.9700744e-05  -9.4954263e-05
  -3.3260393e-02   6.4581291e-02  -5.2245248e-02   3.8597020e-04   3.5051760e-04  -3.7490843e-05
  -1.5609329e-02   5.2659164e-02  -8.7423952e-02  -3.2710193e-04   8.7453080e-05  -2.3927892e-04
  -1.6300585e-02   8.0126733e-02  -7.2512251e-02  -1.1446315e-03   1.4904692e-04  -3.7255302e-05
  -1.8688140e-02   1.1102317e-01  -6.3008850e-02  -1.5550741e-03   3.4715221e-04  -2.5216332e-04
  -1.6332550e-02   5.7299962e-02  -8.0574471e-02  -6.7468794e-04   3.7934539e-04  -1.4713007e-04
  -1.4262025e-02   5.3532603e-02  -7.0752151e-02  -1.3358911e-04   1.3806089e-04  -1.7177075e-04
  -2.3592574e-02   9.8658702e-02  -9.8532741e-02  -9.6602316e-04   1.5016683e-04  -1.6877772e-04
  -2.7353006e-02   6.9215537e-02  -1.0289017e-01  -1.0877839e-03   3.9145729e-05  -2.1234565e-04
  -4.7771918e-02   3.2552841e-02  -9.8267367e-02   3.1249311e-04   9.0324661e-05   3.9445111e-04
  -3.5704666e-02   5.4506204e-02  -9.2886497e-02   6.0274859e-05   3.6583870e-04  -3.1625646e-05
  -1.0097786e-02   2.9871570e-02  -1.5400663e-01   9.3722228e-05   1.2153878e-04  -5.8995958e-04
  -1.8384048e-02   7.8034079e-02  -8.6748206e-02  -9.9375550e-04   3.3405360e-05  -3.9965612e-05
  -2.2362468e-02   8.8778711e-02  -9.8601118e-02  -1.1148359e-03   1.2620551e-04  -1.5629567e-04
  -1.3110737e-02   2.5971677e-02  -2.5701973e-01   5.6073257e-05  -1.5438861e-04  -4.8928030e-04
  -3.7112306e-02   9.2541177e-02  -1.4075649e-01  -5.0396368e-04   2.1998563e-06   3.8283932e-05
  -3.4138296e-02   7.8709149e-02  -1.2105945e-01  -4.6911084e-04   1.1167640e-05  -4.0808212e-04
  -4.1848577e-02   5.4316676e-02  -8.2013632e-02   1.8123457e-04   1.6231001e-04   4.4105054e-05
  -2.2824461e-02   5.5440968e-02  -1.2740344e-01  -6.3015047e-04   2.2448051e-05  -3.7274345e-04
  -3.2624228e-02   5.0671976e-02  -1.6303026e-01  -5.7467970e-04   9.3498962e-05  -3.8332317e-05
  -2.9805581e-02   1.0977010e-01  -1.5933766e-01  -1.7296488e-03   1.2360688e-04  -1.1012270e-04
  -2.8949705e-02   1.3733745e-01  -1.2532171e-01  -1.9858685e-03   2.6146667e-04  -1.9836875e-04
  -3.1852698e-02   2.5618145e-02  -1.6220643e-01   5.7958771e-05   3.7629469e-04   1.7677218e-04
   8.6512162e-03  -2.1760067e-02  -2.1829576e-01   1.3596452e-03  -6.6551977e-04   4.8207357e-04
  -1.6189586e-02   4.6679314e-02  -2.1449323e-01  -6.7430686e-04   2.3510871e-04  -2.1404356e-04
  -2.5833566e-02   6.2559636e-02  -1.6055088e-01  -1.1545792e-03   2.6155912e-04   4.4143152e-04
  -1.4464422e-02   2.0921790e-02  -1.7151471e-01   1.5808368e-04   1.4165884e-04   2.0685981e-04
  -1.8559808e-02   4.6703496e-02  -2.1043068e-01   2.6249698e-04   1.7772841e-04   2.9858074e-05
  -2.4015636e-02   8.2003661e-02  -1.6435122e-01  -3.9194719e-04   1.1845119e-04   4.3658798e-04
  -4.4669156e-02   8.2923629e-02  -1.5282444e-01  -6.8850558e-04   3.7479239e-04   7.5543080e-04
  -4.4895332e-02   7.5850750e-02  -1.6612918e-01  -2.1610273e-04   3.5536514e-04   5.1188939e-04
  -3.3356421e-02   6.8638596e-02  -1.5803433e-01  -1.6479915e-04   8.0674920e-05   7.5780737e-04
  -6.3616373e-02   4.1051563e-02  -1.5519242e-01   6.9376570e-04   6.3922011e-04   8.1731882e-04
  -4.9569745e-02   5.1993344e-02  -1.4119356e-01   2.3619818e-04   3.9928648e-04   5.5950367e-04
  -5.0759979e-02   7.6141386e-02  -1.4648431e-01  -5.1122914e-04   3.4146717e-04   7.2278119e-04
  -6.3579555e-02   8.0547439e-02  -1.3511064e-01  -4.3739900e-04   5.1551551e-04   1.1856226e-03
  -5.8349018e-02   1.4774530e-01  -7.9571112e-02  -1.4664420e-03   8.7123632e-04   7.7519071e-04
  -4.7034981e-02   6.6616586e-02  -1.1586422e-01  -8.7250081e-05   4.6780440e-04   4.2576432e-04
  -4.5200165e-02   6.8975371e-02  -1.5851454e-01   1.0278362e-03   6.2836473e-04   3.9089649e-04
  -2.4751308e-02   9.3154817e-02  -7.7511333e-02   1.2931688e-04   2.1053383e-04   4.7579219e-04
  -2.6822838e-02   8.3813824e-02  -9.9766250e-02  -9.5475826e-04   3.3610286e-04   3.9310387e-04
  -3.0064998e-02   7.9579044e-02  -7.9745063e-02  -8.1279698e-04   2.3610084e-04   6.3612990e-04
  -3.6101962e-02   8.7077025e-02  -6.9008437e-02  -3.2773394e-04   4.3189635e-04   4.6810756e-04
  -4.0218268e-02   9.0261459e-02  -5.9509444e-02  -9.5407606e-04   6.4308847e-04   4.2456165e-04
  -2.3690338e-02   5.6845481e-02  -7.7214618e-02  -2.6879024e-04   3.9955134e-04   2.8139299e-04
  -1.4984683e-02   9.0820549e-02  -7.9006888e-02  -1.0200907e-03   2.0546884e-04   3.0728315e-04
  -3.1627943e-02   1.2416380e-01  -5.8039397e-02  -1.5220998e-03   4.0803407e-04   3.8988918e-04
  -4.8462118e-02   7.6532310e-02  -8.8589988e-02  -2.1363823e-04   5.9790263e-04   4.7504252e-04
  -5.4996790e-02   2.4669460e-02  -7.4025342e-02   1.3535940e-03   6.6496476e-04   6.0845394e-04
  -4.7359120e-02   7.9633989e-02  -4.9383320e-02   1.6708921e-04   4.3851304e-04   7.3701177e-04
  -3.5659899e-02   1.0305932e-01  -3.3760617e-02  -3.9844264e-04   3.4515225e-04   7.0725924e-04
  -3.5507806e-02   1.0058992e-01  -9.2984855e-02  -4.8348942e-04   3.4810977e-04   8.1837208e-04
  -3.8299704e-02   1.2284837e-01  -3.7921945e-02  -7.5108780e-04   5.2942400e-04   8.6866036e-04
  -4.3441114e-02   1.0291850e-01  -1.4097626e-01  -7.2441653e-04   6.5344461e-04   6.3877744e-04
  -3.3403345e-02   5.8270461e-02  -1.8888301e-01  -2.8190933e-04   4.1892161e-04   1.1557332e-04
  -2.2687367e-02   1.6659623e-01  -8.0162783e-02  -3.1166110e-03   2.7865639e-04  -4.3535064e-04
  -6.9459960e-02   1.6265567e-01   2.9605846e-02  -1.7115661e-03   9.5257701e-04  -1.0992483e-03
  -7.5479375e-02   1.5856169e-01   1.5392395e-01  -2.0014948e-04   6.5112228e-04  -7.3944014e-04
  -7.5224525e-02   1.5904330e-01   1.5507060e-01   2.0774448e-04   7.9985600e-04  -7.0221914e-04
  -9.4680292e-02   1.4846757e-01   2.2248561e-01   6.2438645e-04   7.8871762e-04  -3.8941821e-04
  -1.0900680e-01   6.7103191e-02   1.7693762e-01   1.3940450e-03   1.0650889e-03  -1.3052604e-04
  -8.3277874e-02   1.1968233e-01   1.1878425e-01   4.6825947e-04   7.7300456e-04  -1.8505468e-04
  -9.0540770e-02   1.4792101e-01   1.0062703e-01  -2.4184244e-04   1.0601861e-03  -1.8453223e-04
  -1.1158704e-01   1.1868758e-01   1.4087479e-02  -4.1166684e-04   1.3912102e-03   3.3476835e-04
  -1.3575338e-01   7.0571778e-02  -1.1523540e-01   2.0221154e-04   1.2622544e-03   5.2776374e-04
  -1.3841423e-01   3.4145344e-02  -1.1568031e-01   1.3864864e-03   1.4361851e-03   3.4223112e-04
  -1.1264425e-01   2.2218276e-02  -3.1228111e-01   1.0256227e-03   1.4905197e-03   3.1991963e-04
  -1.0398259e-01   4.5737894e-02  -2.4868376e-01   5.1221699e-04   1.3985577e-03   1.7174363e-04
  -1.1622165e-01   1.1790554e-01  -2.0502566e-01  -7.1543127e-04   1.3857751e-03   3.6770013e-04
  -1.1807303e-01   7.2258526e-02  -2.1569710e-01  -7.0834791e-05   1.1519592e-03   6.1230923e-04
  -1.5915832e-01   6.6436142e-02  -2.6275312e-01   1.6120736e-03   1.4252689e-03   1.9513144e-03
  -1.2671504e-01   7.3473731e-02  -3.3066839e-01   1.5072863e-03   1.6067360e-03   1.2374003e-03
  -4.9243396e-02   4.5172349e-02  -3.3417510e-01   1.3211702e-03   1.4066390e-03  -4.5329934e-04
  -8.6805905e-02   1.2731121e-01  -2.1164606e-01  -5.7992679e-04   1.2518042e-03   8.8248473e-04
  -9.9793370e-02   7.0703020e-02  -2.4710247e-01  -1.7351362e-04   1.2601442e-03   1.0187600e-03
  -1.1236193e-01   5.3426180e-02  -2.1271122e-01   9.2186725e-04   1.2261102e-03   1.0850391e-03
  -1.3370654e-01   8.9797983e-02  -1.9610271e-01   8.0795754e-04   1.4916303e-03   1.2600567e-03
  -1.9562111e-01   4.0957768e-02  -2.3303009e-01   1.9587461e-03   1.9026271e-03   2.3297387e-03
  -1.8135125e-01   7.3979974e-02  -2.6525021e-01   1.1193191e-03   2.0739835e-03   2.2887572e-03
  -1.2955849e-01   8.0466067e-02  -1.6289262e-01   2.2539723e-04   1.7536459e-03   2.0146534e-03
  -1.5627758e-01  -4.0002561e-02  -4.9975825e-01   1.4985564e-03   2.0090859e-03   1.4612108e-03
  -1.6125143e-01  -4.8373255e-02  -5.1324150e-01   2.2583762e-03   1.8238521e-03   1.7465108e-03
  -1.6266543e-01   3.9193020e-02  -3.3435274e-01   1.4144485e-03   1.5573888e-03   2.2432090e-03
  -1.7089042e-01   1.4981105e-02  -3.0181488e-01   1.8175043e-03   2.0440381e-03   2.0124596e-03
  -1.5692927e-01   6.9663836e-02  -2.5805498e-01   1.1122366e-03   2.0436587e-03   2.1638986e-03
  -1.5780529e-01   5.4771582e-02  -2.0900952e-01   1.0028348e-03   2.0990474e-03   2.2205381e-03
  -1.9634263e-01  -1.8661242e-02  -2.6697251e-01   2.5039881e-03   2.1763073e-03   2.7380694e-03
  -1.5971455e-01  -1.0876075e-02  -4.0149747e-01   2.3768530e-03   2.0167370e-03   2.8529047e-03
  -9.5762245e-02   8.1082224e-03  -4.4001747e-01   1.4659871e-03   1.4117826e-03   1.3432229e-03
  -1.4551313e-01   7.4697702e-02  -2.8981776e-01   6.4707139e-04   1.7974229e-03   2.2185494e-03
  -1.8261786e-01   2.2825940e-02  -3.0628916e-01   1.7586047e-03   2.2459965e-03   2.4816169e-03
  -1.9861861e-01   6.9666560e-02  -4.8637090e-01   7.4700548e-04   2.3456468e-03   3.0515373e-03
  -2.0146786e-01   1.1372638e-01  -4.1554427e-01  -2.5122747e-04   2.6684280e-03   2.8508395e-03
  -1.9910104e-01   4.9822728e-02  -3.8819753e-01   1.2365183e-03   2.5828396e-03   2.8306639e-03
  -1.9286291e-01   2.7191589e-02  -3.2826875e-01   2.0858054e-03   2.5733844e-03   3.0254267e-03
  -1.9340243e-01   9.5285405e-03  -3.3329699e-01   2.7804044e-03   2.2730328e-03   2.7579970e-03
  -1.9587170e-01   6.0486042e-02  -3.5347532e-01   1.0270428e-03   2.2966495e-03   2.8358022e-03
  -1.7030732e-01   7.0103740e-02  -3.4183352e-01   1.2914766e-04   2.1667449e-03   2.5390025e-03
  -1.7686843e-01   1.0350902e-01  -2.9541172e-01  -1.1178205e-04   2.2903714e-03   2.4424648e-03
  -1.9412396e-01   7.2142130e-03  -3.8268479e-01   2.0950540e-03   2.6137410e-03   2.4205676e-03
  -1.5460175e-01   5.7772350e-02  -6.7612640e-01   7.3115807e-04   2.0442840e-03   3.2475428e-03
  -1.7229297e-01   5.6375358e-02  -3.9914976e-01   8.6962248e-04   2.4423875e-03   2.6132887e-03
  -1.8201660e-01   5.1246505e-02  -3.5670473e-01   9.6199457e-04   2.5771697e-03   2.5816388e-03
  -1.9788053e-01   1.1916583e-02  -4.1777474e-01   1.9220678e-03   2.4998168e-03   2.7643376e-03
  -1.8667937e-01   5.3929015e-02  -4.2049289e-01   5.4805396e-04   2.6141667e-03   2.5973780e-03
  -1.6619041e-01   1.2073797e-01  -3.3135108e-01  -4.6588821e-04   2.2040859e-03   2.4708750e-03
  -1.9627307e-01  -5.3189122e-02  -4.5010810e-01   3.8996310e-03   3.3165511e-03   3.0566638e-03
  -9.2717598e-02  -2.6758342e-01  -9.2184425e-01   1.0623839e-02   1.4742034e-03   1.3816973e-03
   5.7254393e-02  -3.3736729e-01  -2.2250903e-01   9.4906437e-03  -1.4628204e-03  -7.7307302e-04
   1.0275176e-01  -6.3064763e-02   3.0572421e-01   5.9757362e-03  -1.8525352e-03  -1.0175796e-03
   9.5657421e-02  -3.3599610e-02   4.1241591e-01   6.0774007e-03  -2.1862785e-03  -8.4135326e-04
   1.0213629e-01  -3.6706346e-02   4.7933810e-01   6.2357220e-03  -2.3256191e-03  -2.8404527e-04
   4.9088001e-02  -1.0747934e-01   5.7914833e-01   8.5534965e-03  -6.9649769e-04  -2.5445384e-04
   5.5819409e-02  -2.9299886e-02   6.9554465e-01   6.7757437e-03  -1.2247716e-03   6.8557047e-04
   5.8214389e-02   1.0667896e-02   7.3855224e-01   5.9643841e-03  -1.4674046e-03   5.6694167e-04
   5.5447256e-02  -2.2925664e-02   7.5095899e-01   5.6187620e-03  -1.3674781e-03   2.5231863e-04
   5.9157886e-02   1.0736929e-02   6.9141039e-01   5.5452883e-03  -1.5717614e-03   4.1271137e-04
   5.6357302e-02   2.9245217e-02   6.5745404e-01   5.2689257e-03  -1.1868490e-03   5.9742451e-04
   6.5558216e-02   1.1345920e-02   6.9440763e-01   5.2390852e-03  -1.1770267e-03   5.8605888e-04
   5.5901041e-02   3.4313417e-02   6.5903098e-01   5.2283520e-03  -1.4326336e-03   6.9948005e-04
   6.4329894e-02   3.2680068e-02   6.4754661e-01   5.2106655e-03  -1.6149806e-03   7.2985057e-04
   7.1420821e-02   3.6712367e-02   6.8944724e-01   4.9029991e-03  -1.6026379e-03   4.8555708e-04
   6.9950927e-02   1.6128050e-02   6.0496288e-01   5.3782047e-03  -1.4956740e-03   5.1703410e-04
   6.6332522e-02   5.2415892e-02   6.1115357e-01   4.7379953e-03  -1.8127415e-03   8.9435131e-04
   4.9202466e-02   7.7109085e-02   6.9028199e-01   4.5094883e-03  -1.6865735e-03   9.9510817e-04
   6.6099088e-02  -1.3285627e-02   5.5802500e-01   6.1876269e-03  -1.5488028e-03   4.4025691e-04
   6.9834222e-02   4.8387791e-02   6.0277336e-01   4.7176728e-03  -1.6612376e-03   7.7981939e-04
   5.4088953e-02   8.4078200e-02   5.6232072e-01   4.3367755e-03  -1.6645280e-03   8.6599554e-04
   6.3459789e-02   1.3559672e-01   9.0418453e-01   5.0328261e-03  -1.8382566e-03   5.7109110e-04
   8.0441250e-02   1.2520824e-01   1.0575997e+00   4.3666539e-03  -1.9212762e-03   9.3372094e-04
   7.8713593e-02   2.2478113e-01   1.0315412e+00   3.9373375e-03  -1.5660264e-03   3.5825908e-04
   7.6137648e-02   1.0379943e-01   9.4913806e-01   4.7916228e-03  -1.7716408e-03   1.0291755e-03
   6.7925374e-02   1.6810743e-01   9.5221145e-01   3.8233122e-03  -1.5322268e-03   1.0157300e-03
   5.9941125e-02   2.3082526e-01   1.0240861e+00   4.4358520e-03  -1.3063010e-03   1.4713020e-03
   7.7778194e-02   1.5726899e-01   9.1109883e-01   3.1672038e-03  -1.4134997e-03   9.7390620e-04
   8.3425745e-02   1.5305432e-01   9.0734379e-01   3.8651104e-03  -1.6805974e-03   8.4847163e-04
   7.7320172e-02   1.6578966e-01   8.6345531e-01   4.2485852e-03  -1.4294384e-03   2.4492559e-04
   7.8963031e-02   1.3341811e-01   7.6377543e-01   3.9637310e-03  -2.0974437e-03   1.5088498e-03
   5.8571395e-02   1.6008934e-01   8.0620948e-01   3.3266851e-03  -1.7047002e-03   1.4548733e-03
   6.7238958e-02   2.4162471e-01   8.5205133e-01   2.3128575e-03  -1.5992362e-03   1.1543572e-03
   7.3942436e-02   2.1257544e-01   8.5193578e-01   2.2073910e-03  -1.6167769e-03   1.1895157e-03
   7.6551923e-02   1.7605499e-01   9.1302383e-01   3.2511519e-03  -2.0374116e-03   1.3746386e-03
   8.0347676e-02   1.7381394e-01   9.6480943e-01   3.7529917e-03  -2.0186105e-03   6.8986290e-04
   6.2253166e-02   1.1174961e-01   9.7784551e-01   5.6907228e-03  -1.7722335e-03   2.8879747e-04
   6.2100026e-02   1.1207878e-01   9.4476212e-01   4.9922772e-03  -2.0715981e-03   4.9033488e-04
   6.4437506e-02   1.2388307e-01   9.5510008e-01   3.7016897e-03  -2.1561351e-03   5.9461469e-04
   6.1243370e-02   1.7794301e-01   1.0249911e+00   3.5994419e-03  -1.9253994e-03   5.0609636e-04
   5.9840060e-02   1.3169117e-01   9.9234437e-01   4.8665517e-03  -1.7945838e-03   5.2689472e-04
   7.4959171e-02   1.7278180e-01   1.0238984e+00   4.1162481e-03  -1.8180942e-03   8.0223105e-04
   1.2188320e-01   3.0458819e-01   1.2360768e+00   5.8637200e-03  -1.9731107e-03   3.5050916e-04
   1.2452663e-01   6.1245033e-02   1.2075498e+00   6.2713203e-03  -2.4460007e-03   1.9198863e-04
   9.9832983e-02   6.6431335e-02   1.2943924e+00   6.8950616e-03  -1.4644121e-03  -5.1379344e-04
   9.2442407e-02   1.2387402e-01   1.1468414e+00   3.9011217e-03  -1.6391458e-03  -9.0849485e-04
   5.3637079e-02   5.2100761e-02   8.8699577e-01   5.7363642e-03  -1.4086194e-03  -3.2845035e-04
   1.3768778e-01  -5.2387631e-01   7.9580429e-01   1.4533256e-02  -2.3587511e-03  -3.5441242e-03
  -8.3286254e-03  -4.6007613e-01   4.6672059e-01   1.7946876e-02  -5.9810528e-04  -4.4261512e-03
   2.3440097e-02  -3.4499583e-01   4.5284802e-01   1.6276344e-02  -2.3651986e-03  -2.4676954e-03
   1.5415352e-01  -2.0635909e-01   6.9654759e-01   1.4054067e-02  -4.0716827e-03   1.2434992e-03
   1.0064197e-01  -3.4478102e-01   6.0075971e-01   1.7192590e-02  -2.4023815e-03  -3.2734607e-04
   3.4844111e-02  -3.6450719e-01   5.5182877e-01   1.8902801e-02  -1.3674492e-03  -1.8129215e-03
   9.2978086e-02  -3.4618271e-01   5.8929484e-01   1.8714120e-02  -1.5863918e-03   2.7233516e-04
