   0.0000000e+00   0.0000000e+00   0.0000000e+00   6.9388939e-18   0.0000000e+00   0.0000000e+00
  -2.2353699e-02   4.5936113e-02   1.4334646e-01   6.9589981e-04   4.6581185e-05   5.1601296e-04
  -3.2821314e-03  -1.8374815e-01  -1.7481078e-01   3.5020960e-03   3.2064992e-04   1.3632335e-03
   2.7065819e-02  -8.7916000e-02  -2.2621126e-01   3.8120067e-03   3.2604920e-04   1.1027811e-03
   3.1102914e-02  -1.0100447e-02  -2.3722355e-01   3.3369617e-03   2.7441229e-04   8.9655194e-04
   3.2309970e-02  -7.4589640e-02  -1.1368398e-01   4.2298530e-03   6.2959338e-04   1.1248619e-03
   6.4405193e-02  -1.5702055e-01  -9.6473567e-02   6.2881080e-03   1.3563527e-03   1.1335770e-03
   1.0655090e-01  -1.2267060e-01  -9.8560526e-02   5.1405441e-03   2.6714630e-05   6.7316064e-04
   1.0430986e-01  -8.5397335e-02  -4.3696683e-02   4.1605059e-03   4.2369143e-04   7.0790962e-04
   1.1980061e-01  -2.8182661e-02  -2.2185746e-02   3.6684727e-03  -7.6211789e-04   6.1031595e-04
   1.2226086e-01  -4.8242646e-02  -6.5206340e-02   3.6007645e-03  -1.5509235e-03   1.3531173e-04
   1.2914196e-01  -6.2235606e-02  -1.3522000e-01   4.1097902e-03  -1.0791510e-03   5.0069937e-05
   7.8654410e-02  -1.1084822e-01  -3.3064730e-01   5.2718107e-03  -4.4719148e-04  -1.0671153e-03
   4.4941055e-02  -4.0017582e-02  -3.0406116e-01   3.3907039e-03  -9.3654253e-04  -1.8221995e-03
   4.9583834e-02  -4.6903808e-02  -3.0697045e-01   4.2788609e-03  -5.9234681e-04  -1.7520102e-03
   4.8510045e-02   1.6907103e-03  -1.9572951e-01   3.8752582e-03  -5.6960409e-04  -1.6262261e-03
   4.9504469e-02  -4.2127637e-02  -2.6895934e-01   4.6321519e-03  -3.7744957e-04  -1.6921023e-03
   6.1113839e-02  -2.8110789e-02  -2.3640832e-01   3.9587492e-03   1.0815810e-04  -1.6793532e-03
   7.0793350e-02  -1.1175941e-02  -1.9937724e-01   3.5212471e-03   3.8208750e-04  -1.5818964e-03
   8.9973664e-02  -1.8835452e-02  -2.3580942e-01   2.6142986e-03   6.5555690e-04  -1.4965721e-03
   9.5337742e-02  -2.3050834e-02  -2.3262112e-01   2.6103757e-03   7.3533712e-04  -1.3680335e-03
   9.3984031e-02   1.2450636e-02  -1.9437055e-01   2.7308446e-03   5.3792150e-04  -1.3112785e-03
   9.0852738e-02  -3.9733934e-03  -2.1159262e-01   2.8568976e-03   6.0331918e-04  -1.2148970e-03
   8.9808657e-02  -1.9538920e-02  -2.1642080e-01   2.6620619e-03   5.3995073e-04  -1.4367318e-03
   7.6753351e-02  -1.9517780e-03  -1.9872260e-01   2.5462014e-03   6.4447629e-04  -1.5186314e-03
   7.5608132e-02   9.6037439e-03  -2.0805835e-01   2.7032556e-03   6.0303477e-04  -1.6034767e-03
   7.5487207e-02   6.4351048e-03  -2.3657569e-01   2.9352930e-03   2.8785714e-04  -1.8102665e-03
   6.7849482e-02   8.1307594e-03  -2.4636113e-01   3.8997285e-03  -4.6429064e-05  -1.8979180e-03
   6.1582028e-02   4.9501750e-02  -2.0381666e-01   2.6657038e-03   7.6101035e-05  -2.0378482e-03
   6.8357303e-02   1.9424358e-02  -2.3786047e-01   2.7149402e-03   2.2353632e-05  -2.1891116e-03
   8.0216998e-02   9.2341472e-03  -2.2940825e-01   2.7035040e-03  -9.1454391e-05  -2.1950254e-03
   5.8154596e-02   5.7366566e-02  -1.9089188e-01   1.7837214e-03  -1.7645844e-04  -2.0299888e-03
   6.0983491e-02   3.7860947e-02  -2.1303431e-01   1.8647601e-03  -1.9616689e-04  -1.8183547e-03
   6.0010842e-02  -1.1444123e-03  -1.7681504e-01   2.4716423e-03  -5.5375965e-04  -1.5822435e-03
   7.9438513e-02  -1.1211639e-01  -4.9583747e-01   4.5744338e-03  -2.9140250e-05  -1.5308576e-03
   5.3320334e-02  -4.0023038e-02  -2.5593904e-01   3.5308571e-03  -1.1730727e-04  -1.6250313e-03
   6.2337593e-02  -2.7516237e-03  -2.4511581e-01   3.9212989e-03  -2.9221658e-05  -1.4353546e-03
   7.0005549e-02  -8.9956308e-03  -2.6326150e-01   3.8696357e-03   2.0841757e-04  -1.5696232e-03
   6.6579211e-02   6.2212081e-03  -2.3838275e-01   3.5671008e-03   2.5434517e-04  -1.5645073e-03
   6.8797246e-02   9.6823704e-03  -2.3045126e-01   3.1966111e-03   2.3381366e-04  -1.7797370e-03
   1.1401353e-01  -3.1857886e-04  -1.9503684e-01   2.3883334e-03   2.2384830e-04  -1.6327205e-03
   9.5913885e-02  -3.2700607e-02  -2.4356384e-01   3.3738220e-03   1.3926893e-04  -1.4312098e-03
   1.0697846e-01   4.6656112e-03  -1.5602226e-01   2.9132775e-03   1.7757670e-04  -1.1250869e-03
   1.0104169e-01  -4.4484166e-02  -1.7877462e-01   4.1410287e-03   3.6446309e-04  -1.2169837e-03
   1.0303179e-01  -4.5249970e-03  -2.3419750e-01   3.4960944e-03   6.0422344e-05  -1.5086798e-03
   9.5400493e-02  -1.0044621e-02  -2.0787151e-01   2.9830738e-03   2.1416666e-04  -1.3105375e-03
   9.5717616e-02  -3.1580570e-03  -2.0189776e-01   3.5515291e-03   2.9830910e-04  -1.2633987e-03
   1.0022076e-01  -1.9079825e-02  -2.2408597e-01   3.8807418e-03   3.6740913e-04  -1.2383718e-03
   1.0291512e-01   3.0820134e-03  -2.0313341e-01   3.8845128e-03   2.2337948e-04  -8.1560237e-04
   9.2103280e-02   2.9036971e-02  -1.7498006e-01   3.5740581e-03   4.7645921e-04  -1.0416799e-03
   9.3109424e-02   4.4041651e-03  -1.9949624e-01   3.6329549e-03   7.9803931e-04  -1.1429146e-03
   9.6258270e-02  -3.0692329e-02  -2.0732670e-01   4.1350086e-03   5.7130828e-04  -9.3842203e-04
   8.6948116e-02   1.9197409e-02  -1.5629343e-01   3.3952996e-03   6.6673660e-04  -1.0034722e-03
   9.7161842e-02   7.6143033e-03  -1.8289225e-01   3.3316312e-03   5.1432375e-04  -1.2058631e-03
   9.9645079e-02  -2.4122301e-03  -2.0986513e-01   4.1305111e-03   1.4843366e-04  -1.1522880e-03
   9.1744935e-02   4.4267222e-02  -1.6064720e-01   2.8510243e-03   4.3628980e-04  -1.2528285e-03
   8.8833926e-02   2.9625794e-02  -1.8211325e-01   2.5241744e-03   4.1150504e-04  -1.4109004e-03
   9.6508561e-02  -3.7643580e-03  -1.8801702e-01   2.8685216e-03   4.6483207e-04  -1.2118065e-03
   8.8290026e-02   4.9890556e-02  -1.4826652e-01   2.3069492e-03   4.7169196e-04  -1.1067112e-03
   9.6311671e-02   3.6926581e-02  -1.5600950e-01   2.2365328e-03   5.6970316e-04  -9.7883237e-04
   9.2011801e-02  -1.5292917e-04  -2.0162482e-01   2.8535026e-03   3.7988808e-04  -1.1327380e-03
   8.8297171e-02   4.9799303e-02  -1.7058119e-01   2.6542166e-03   3.4110547e-04  -9.6414812e-04
   9.7372647e-02   1.3483179e-02  -1.5357800e-01   2.9997643e-03   5.1560215e-04  -8.9390447e-04
   9.9065186e-02  -1.9470758e-02  -1.5490787e-01   3.2840028e-03   3.2396365e-04  -8.5944486e-04
   9.9641303e-02   1.8964400e-02  -1.2572895e-01   3.3762738e-03   3.2527603e-04  -6.1983529e-04
   9.5939168e-02   1.8724434e-02  -1.2968863e-01   3.0588692e-03   5.9134605e-04  -8.4285009e-04
   1.0388636e-01  -1.5175502e-02  -1.5050399e-01   3.3421512e-03   6.3852876e-04  -8.2038794e-04
   1.0327379e-01   2.4938812e-02  -1.3220149e-01   3.0073784e-03   6.6774982e-04  -6.4552089e-04
   1.1158275e-01   3.0802610e-02  -1.7443203e-01   3.2118515e-03   3.9640973e-04  -9.8103664e-04
   1.0730775e-01  -3.3130988e-03  -2.1747215e-01   3.5434497e-03   2.3303159e-04  -1.1935574e-03
   1.0264372e-01   2.3736222e-02  -1.8874110e-01   3.1467178e-03  -4.5593012e-05  -1.1654524e-03
   8.4154683e-02   1.6848996e-02  -2.1404906e-01   5.2098123e-03  -1.6721806e-04  -1.2699005e-03
   9.2208064e-02  -8.5632471e-02  -4.2225151e-01   1.0534904e-02  -6.6088567e-05  -1.5257370e-03
   1.0270309e-01  -4.8912927e-02  -2.7915864e-01   8.7033121e-03  -7.2022717e-06  -9.5425489e-04
   9.5817849e-02   9.9712762e-03  -2.6438713e-01   8.6502095e-03   9.2868016e-05  -8.9262097e-04
   9.4691162e-02  -9.9591675e-03  -2.7982481e-01   9.1093753e-03   3.8825452e-04  -1.0035648e-03
   1.0000452e-01  -4.0295441e-02  -2.5935250e-01   8.0021229e-03   4.3466754e-04  -1.0891821e-03
   9.1495417e-02   7.0574491e-03  -2.1814502e-01   6.9770282e-03   4.4313381e-04  -1.4103939e-03
   1.0314023e-01  -4.7094031e-04  -2.1259878e-01   6.2659624e-03   3.9265420e-04  -1.5388521e-03
   1.2258637e-01  -2.0108172e-01  -3.5526510e-01   9.0904799e-03   9.4098117e-04  -1.2380511e-03
   1.4260588e-01  -4.5093139e-02  -3.6008634e-01   7.3657819e-03   4.2971037e-05  -8.9436391e-04
   1.3844160e-01  -6.9867852e-02  -4.4821188e-01   8.6245040e-03   6.8530782e-04  -1.1028102e-03
   1.4553532e-01  -6.9889507e-02  -3.5134399e-01   8.8989320e-03   1.1142785e-03  -6.7790977e-04
   1.4783980e-01  -1.8079450e-02  -3.0474824e-01   8.3931936e-03   1.3563124e-03  -4.4678664e-04
   1.6161379e-01  -3.1223026e-02  -3.0622349e-01   8.3182999e-03   1.2450114e-03  -3.0815109e-04
   1.6190638e-01  -5.4217197e-02  -2.8955479e-01   8.6746433e-03   9.3234644e-04  -2.9047044e-04
   1.5334454e-01  -1.1434320e-02  -2.5635378e-01   7.7458830e-03   9.8374014e-04  -2.0520774e-04
   1.4273165e-01  -1.2880278e-02  -2.6058792e-01   8.0549024e-03   1.1677737e-03  -2.0889605e-04
   1.4970846e-01  -4.7662875e-02  -2.9243157e-01   8.6213680e-03   1.1266310e-03  -2.1230872e-04
   1.4576700e-01  -3.0611752e-02  -2.5563412e-01   8.6398872e-03   1.1893938e-03  -9.7541940e-05
   1.5812786e-01   8.7124650e-03  -2.4862322e-01   8.3870007e-03   1.4332414e-03  -8.9756486e-06
   1.7576396e-01  -2.5731457e-02  -2.5364633e-01   8.0566903e-03   1.8863581e-03   2.4839480e-04
   1.5752451e-01  -7.4378398e-02  -2.8693615e-01   9.2646681e-03   1.5530230e-03   1.4980092e-04
   1.5087790e-01  -6.2819774e-02  -2.5567910e-01   8.8304851e-03   1.5823127e-03   3.6749072e-05
   1.4685421e-01  -2.9054631e-02  -2.3152230e-01   8.0898589e-03   1.5074474e-03   1.8774350e-05
   1.4611623e-01  -4.6025482e-02  -2.5202758e-01   7.8764473e-03   1.6574571e-03  -2.8989781e-05
   1.4849761e-01  -4.9917243e-02  -2.4454333e-01   8.5459475e-03   1.5417838e-03   1.4559646e-04
   1.3647885e-01   1.6854361e-01   7.4239782e-02   4.7326180e-03  -2.4742536e-04   9.7759040e-04
   1.5372496e-01   2.0069268e-02   5.6474662e-01   7.2651184e-03  -1.4612528e-03   1.9644443e-03
   1.8153989e-01  -9.4011971e-02  -1.1185029e-01   1.0006924e-02   2.9214518e-03   1.5714900e-03
   2.5504574e-01  -7.4686444e-02  -2.2693798e-01   7.9356921e-03   3.1799309e-03   1.1990151e-03
   2.4376303e-01  -6.1219825e-02  -1.8668077e-01   1.0699396e-02   2.5492677e-03   1.4591550e-03
   2.3564528e-01  -8.2451299e-02  -2.3263452e-01   1.0221518e-02   2.6197495e-03   1.4768696e-03
   2.2975394e-01  -4.6161006e-02  -1.8914261e-01   9.4307065e-03   2.4025269e-03   1.0494055e-03
   2.2798996e-01  -7.9518366e-02  -1.9282132e-01   9.1859064e-03   1.9809079e-03   7.7772839e-04
   2.3164960e-01  -9.5910664e-02  -1.8164944e-01   9.2710247e-03   1.7857761e-03   8.0840075e-04
   2.3100141e-01  -5.3924858e-02  -1.6722815e-01   9.1007365e-03   1.8088991e-03   8.2627529e-04
   2.2171952e-01  -7.1315361e-02  -2.1544079e-01   9.3344070e-03   1.9819244e-03   5.7537347e-04
   2.1423961e-01  -9.6735861e-02  -2.1900711e-01   9.3474651e-03   2.0284854e-03   3.3539051e-04
   2.0770632e-01  -5.5321335e-02  -1.8099629e-01   8.9973087e-03   2.1176692e-03   1.8710194e-04
   2.0385803e-01  -5.3529966e-02  -1.9771497e-01   8.8421589e-03   2.0317416e-03   5.9838180e-06
   1.9919122e-01  -7.8521964e-02  -2.0785729e-01   9.3384881e-03   1.8256586e-03   2.4914993e-05
   1.9140113e-01  -2.3192140e-02  -1.8104027e-01   8.9671443e-03   1.9309942e-03  -4.6694075e-06
   1.9356133e-01  -6.2113043e-02  -2.1209826e-01   9.4785955e-03   2.0892232e-03   8.6478831e-05
   1.9456162e-01  -7.8588574e-02  -2.1133360e-01   9.6868930e-03   1.9726328e-03   4.5919700e-05
   1.8891312e-01  -4.7991333e-02  -1.9058202e-01   9.3666322e-03   1.6500536e-03  -1.4611050e-05
   1.8607775e-01  -4.8426308e-02  -1.9965305e-01   9.5196923e-03   1.4251337e-03  -1.1222848e-04
   1.8226415e-01  -5.1642628e-02  -2.1808224e-01   1.0059654e-02   1.2096768e-03   1.5903329e-05
   1.8105947e-01  -4.5990462e-02  -2.0093619e-01   9.6513260e-03   1.1418546e-03   1.2643406e-04
   1.8115687e-01  -1.6779149e-02  -1.8075046e-01   9.1738699e-03   1.0626901e-03  -2.0174634e-05
   1.7522301e-01  -1.6006666e-02  -1.9347873e-01   9.3482530e-03   1.0801857e-03  -9.2449703e-05
   1.7053160e-01  -4.8108807e-02  -2.3394542e-01   9.3183829e-03   1.1601636e-03  -2.9905849e-04
   1.7162102e-01  -5.3837598e-02  -2.3408483e-01   9.3289489e-03   1.2627082e-03  -3.9178668e-04
   1.6200628e-01  -1.4346274e-02  -1.9763813e-01   8.7853756e-03   9.9735870e-04  -3.4392163e-04
   1.4581527e-01  -1.4479116e-01  -3.5309884e-01   9.6247416e-03   9.3494151e-04  -4.7915534e-04
   1.5818999e-01  -5.7974203e-02  -2.7450342e-01   1.0162882e-02   1.3335594e-03  -4.0754662e-04
   1.6138791e-01  -7.2073838e-02  -2.7376872e-01   1.0760035e-02   9.0296682e-04  -9.7206198e-05
   1.5053092e-01  -4.2083409e-02  -2.4719650e-01   1.1225214e-02   8.3906128e-04   1.7321784e-04
   1.4609131e-01  -1.2682403e-02  -2.3283089e-01   1.0737930e-02   1.1416330e-03   7.6666504e-05
   1.5111326e-01  -4.9593923e-02  -2.4241223e-01   1.0516466e-02   1.0878946e-03  -1.1429990e-04
   1.4438468e-01  -6.8057966e-02  -2.3290611e-01   1.0312465e-02   1.2631306e-03  -1.9654173e-04
   1.4517158e-01  -3.7865934e-02  -2.1515718e-01   1.0087455e-02   1.3726172e-03  -2.4669189e-04
   1.5127044e-01  -2.7950294e-02  -2.4427517e-01   1.1187065e-02   1.1307254e-03  -1.9131348e-04
   1.6515361e-01  -9.7529075e-02  -2.4367863e-01   1.0751982e-02   1.2206496e-03  -1.0171708e-04
   1.4414417e-01  -3.6104002e-02  -2.2411191e-01   9.8726669e-03   8.9045347e-04  -6.7877497e-05
   1.4078095e-01  -4.1890226e-02  -2.3824708e-01   1.0227048e-02   9.5186634e-04  -2.1998665e-04
   1.4159152e-01  -7.1112149e-02  -2.6603650e-01   1.0290255e-02   8.2586187e-04  -4.8125394e-04
   1.4256107e-01  -6.5479146e-02  -2.5002684e-01   1.0172924e-02   9.6060387e-04  -4.3042241e-04
   1.4694818e-01  -4.7932354e-02  -2.1642631e-01   9.9696713e-03   9.9939682e-04  -2.7609789e-04
   1.4000329e-01  -2.9244747e-02  -2.1350714e-01   9.9796846e-03   9.6540315e-04  -1.7231223e-04
   1.3332998e-01  -6.4160539e-02  -2.2843650e-01   1.0126649e-02   1.0038252e-03  -3.9522505e-04
   1.3660777e-01  -8.1260472e-02  -2.2247506e-01   1.0504968e-02   7.5839464e-04  -2.3961800e-04
   1.4035037e-01  -4.6368839e-02  -1.6728006e-01   9.5067649e-03   3.9864062e-04   2.3924321e-04
   1.2319443e-01  -1.3600176e-02  -1.9267674e-01   1.0345914e-02  -1.1892506e-04   3.7669617e-05
   1.3411550e-01  -1.2508783e-01  -3.1526984e-01   1.1011469e-02   8.4973650e-04  -1.7768320e-05
   1.4237981e-01  -5.7986168e-02  -2.4613906e-01   1.1205810e-02   1.1688693e-03   2.0459220e-04
   1.4542865e-01  -5.9884125e-02  -2.4570818e-01   1.1671614e-02   1.3640930e-03   3.1886062e-04
   1.5211002e-01  -7.7711264e-02  -2.3186904e-01   1.1991534e-02   8.7613625e-04   5.8905722e-04
   1.4956276e-01  -7.2766177e-02  -2.0881829e-01   1.2222061e-02   3.4176063e-04   6.4705568e-04
   1.3522141e-01  -4.9056471e-02  -1.7986765e-01   1.1560095e-02   5.5529139e-04   7.0039416e-04
   1.3557745e-01  -6.7617265e-02  -1.8985287e-01   1.1264574e-02   7.5552678e-04   4.7519261e-04
   1.3331727e-01  -8.2234686e-02  -1.8814944e-01   1.1389625e-02   9.2190013e-04   5.3068333e-04
   1.3368315e-01  -6.0409138e-02  -1.7696555e-01   1.1686350e-02   8.7584636e-04   6.2037970e-04
   1.4197167e-01  -5.2270727e-02  -1.8417595e-01   1.1613914e-02   8.2828689e-04   5.9811315e-04
   1.5499512e-01  -8.5693999e-02  -2.0367727e-01   1.2489336e-02   8.0730802e-04   6.0686578e-04
   1.6163572e-01  -7.9180006e-02  -1.8694177e-01   1.2443659e-02   8.7792272e-04   6.6740271e-04
   1.6868924e-01  -7.4663121e-02  -1.6413127e-01   1.1757770e-02   1.4681657e-03   7.0933442e-04
   1.7811138e-01  -7.9042513e-02  -1.7310163e-01   1.1735469e-02   1.5165742e-03   8.2301848e-04
   1.7847537e-01  -9.7054083e-02  -1.9847677e-01   1.1976716e-02   1.3202055e-03   4.3049401e-04
   1.7149457e-01  -1.1711049e-01  -2.0555703e-01   1.2693897e-02   1.1458506e-03   2.2582401e-04
   1.7247928e-01  -9.8848839e-02  -1.8482451e-01   1.2949086e-02   7.1203815e-04   3.4531607e-04
   1.6124842e-01  -9.7357632e-02  -1.7955131e-01   1.2304460e-02   9.0418962e-04   2.4908214e-04
   1.5433256e-01  -9.8422972e-02  -1.8821084e-01   1.2307922e-02   9.0726376e-04   2.1554138e-04
   1.5398774e-01  -1.4223440e-01  -2.0050521e-01   1.3129003e-02   8.1318663e-04   2.5702433e-04
   1.5371787e-01  -7.7077697e-02  -1.7256410e-01   1.2370013e-02   9.4954639e-04   3.5981823e-04
   1.5702243e-01  -7.9627845e-02  -1.8975151e-01   1.2559071e-02   6.7125716e-04   2.8216471e-04
   1.6259545e-01  -1.1357892e-01  -2.2377017e-01   1.3126651e-02   3.4159730e-04   3.1500709e-04
   1.5910837e-01  -1.0933484e-01  -2.0096860e-01   1.3314367e-02   4.0150324e-04   2.9773141e-04
   1.5059857e-01  -6.9865766e-02  -1.6144988e-01   1.2087430e-02   1.9165814e-04   1.0899226e-04
   1.9020020e-01  -1.1743238e-01  -1.7967412e-01   1.3210053e-02  -8.6787890e-04   9.1303689e-04
   1.6518185e-01  -2.5868626e-01  -3.5739273e-01   1.7393057e-02  -9.4558589e-04   7.7326912e-04
   1.5438491e-01  -1.9256899e-01  -3.1434578e-01   1.5928244e-02   8.5423192e-05   1.5098139e-03
   1.7605596e-01  -1.7633095e-01  -1.9997499e-01   1.5929475e-02   4.2094172e-05   1.3758354e-03
   1.5905899e-01  -1.4171171e-01  -2.0402292e-01   1.5268057e-02   2.1073847e-04   1.2567300e-03
   1.4915963e-01  -1.6325806e-01  -1.9907476e-01   1.5163499e-02  -2.4355766e-05   1.0297759e-03
   1.4579347e-01  -1.3349662e-01  -1.6794161e-01   1.5045751e-02  -2.0400930e-04   1.2091382e-03
   1.5432876e-01  -1.3526218e-01  -1.6679822e-01   1.4309201e-02   2.7938391e-04   1.1249308e-03
   1.9891587e-01  -1.5048173e-01  -1.5419426e-01   1.4046881e-02   4.8067621e-04   6.2540942e-04
   2.0147309e-01  -2.0156540e-01  -1.8886557e-01   1.4742002e-02   6.6190639e-04   7.2117120e-04
   2.1330432e-01  -1.4054664e-01  -1.3401201e-01   1.3765330e-02  -7.9961820e-04   5.3773049e-04
   1.9784348e-01  -1.0967134e-01  -1.9076554e-01   1.4126715e-02  -1.4097429e-03   7.3722231e-04
   1.8452160e-01  -1.3818697e-01  -2.0848811e-01   1.4353426e-02  -1.2426528e-03   7.1003334e-04
   1.7747454e-01  -8.3795994e-02  -1.6706779e-01   1.3680103e-02  -1.3866026e-03   8.3073189e-04
   1.7591966e-01  -6.4281488e-02  -1.7332535e-01   1.3399420e-02  -1.3612402e-03   7.5637583e-04
   1.9300334e-01  -1.1823823e-01  -2.5523910e-01   1.6218461e-02  -2.0066894e-03   9.9905369e-04
   2.1187928e-01  -1.3710487e-01  -1.8432905e-01   1.5254232e-02  -2.2804825e-03   1.0626251e-03
   1.7166778e-01  -1.1328416e-01  -1.2868100e-01   1.4151715e-02  -1.7451574e-03   1.0369190e-03
   1.8145081e-01  -1.3278652e-01  -1.1540528e-01   1.4076498e-02  -1.6112509e-03   1.1877629e-03
