   0.0000000e+00   0.0000000e+00   0.0000000e+00   0.0000000e+00   0.0000000e+00  -8.6736174e-19
  -2.1003513e-02  -6.8855164e-02   9.4429645e-02   6.2561682e-04   6.0610343e-04   4.0291613e-04
  -1.3651213e-02  -1.3581255e-01  -1.6018232e-01   2.9603467e-03   1.4087824e-03   4.5465597e-04
   3.4865592e-02   1.0162795e-02  -2.3624291e-01   8.3779719e-05   2.2092668e-03  -1.9354191e-04
   5.2951346e-02  -3.8886767e-02  -1.7139315e-01   1.1674051e-03   2.2463689e-03  -2.3232218e-04
   1.7639766e-02   6.5942171e-02  -9.9226011e-02  -1.7662838e-03   1.7474798e-03  -4.2965028e-04
   2.8800892e-02   6.5202711e-02  -1.6701281e-01  -7.5245325e-04   2.1248957e-03  -5.2320457e-04
   2.8707557e-02   3.7195191e-02  -1.4888695e-01  -9.8373714e-04   2.1575119e-03  -3.1311947e-04
   6.8413412e-03   8.0951007e-02  -6.9950624e-02  -1.8542281e-03   2.0047634e-03  -6.4289632e-04
  -5.1490075e-03   8.6215621e-02  -1.0124045e-01  -1.1520439e-03   2.2503525e-03  -3.8113775e-04
   7.9617791e-03   1.0126804e-01  -1.1822569e-01  -6.6126577e-04   1.6802642e-03   5.5942464e-05
   1.3440838e-02   1.3421422e-01  -2.7657900e-03  -9.9761135e-04   2.0027650e-03   5.1526770e-04
   3.1701281e-03   1.5277744e-01  -5.9942451e-02  -1.3070211e-03   2.1599406e-03   4.8798546e-04
  -1.3909846e-02   1.0497387e-01  -9.4167697e-02   2.5423233e-04   1.0606947e-03   2.1640507e-04
  -2.0993842e-03   9.8403542e-02  -4.5321964e-01  -2.9414735e-03  -5.1540000e-03   6.0257309e-04
  -5.1032653e-02   2.2048152e-01  -2.3902930e-01  -5.5725527e-03  -6.3659847e-03   2.6821018e-04
  -6.1615812e-02   2.1072615e-01  -2.5126909e-01  -4.7144945e-03  -5.9296008e-03   5.2801491e-04
  -6.5089237e-02   2.5322068e-01  -1.8502667e-01  -5.7481878e-03  -5.7789620e-03   4.2578101e-04
  -7.7403092e-02   2.5205965e-01  -2.1146126e-01  -5.6744376e-03  -5.0631415e-03   4.4387364e-04
  -7.5844498e-02   2.3777410e-01  -2.4397239e-01  -5.0461598e-03  -5.1262451e-03   6.1120380e-04
  -7.7954488e-02   2.5922563e-01  -2.2323946e-01  -5.6885563e-03  -4.8832489e-03   5.7514053e-04
  -5.5191610e-02   2.7927222e-01  -1.9211110e-01  -5.7109721e-03  -4.6280477e-03   9.1978748e-04
  -4.3772777e-02   2.6156936e-01  -2.4204322e-01  -5.8471135e-03  -4.1688622e-03   1.0880473e-03
  -5.4012252e-02   2.5012480e-01  -2.0786632e-01  -5.9710502e-03  -4.0963417e-03   1.0137780e-03
  -5.5764050e-02   2.8901052e-01  -2.2112455e-01  -6.5127422e-03  -3.9882058e-03   8.3277876e-04
  -5.0346778e-02   2.7155336e-01  -2.8276644e-01  -6.1510109e-03  -4.0379843e-03   6.9655880e-04
  -4.4037261e-02   2.9171083e-01  -2.5610240e-01  -6.4969394e-03  -4.1100659e-03   8.2035109e-04
  -4.9571505e-02   3.1889211e-01  -2.5144660e-01  -6.7956532e-03  -3.6926696e-03   8.5840761e-04
  -4.9000339e-02   2.6721486e-01  -2.6800714e-01  -6.2794052e-03  -3.9218243e-03   9.6126123e-04
  -5.3892957e-02   2.9699556e-01  -2.5098168e-01  -6.8526291e-03  -3.7744010e-03   9.3456272e-04
  -5.5023193e-02   3.2128263e-01  -2.6074173e-01  -5.8738646e-03  -3.9362482e-03   9.7875304e-04
  -5.6940509e-02   3.1046751e-01  -2.9195032e-01  -5.1062123e-03  -3.7297815e-03   1.1817050e-03
  -5.5981864e-02   2.9193460e-01  -2.8538711e-01  -4.9589733e-03  -3.7842790e-03   1.3294606e-03
  -6.0729086e-02   2.9499663e-01  -2.6265754e-01  -5.0801158e-03  -3.2459751e-03   1.1993677e-03
  -5.6889278e-02   3.1217808e-01  -2.7208048e-01  -4.2713989e-03  -3.3210287e-03   8.9911150e-04
  -4.3494683e-02   1.4604712e-01  -6.3863743e-01  -1.5761018e-03  -1.3070163e-03   3.8178137e-04
  -4.3244233e-02   2.7316779e-01  -4.3566136e-01  -2.9332820e-03  -1.5351731e-03   1.7810401e-04
  -4.1179279e-02   2.6316086e-01  -4.9079083e-01  -2.9963449e-03  -1.2718920e-03   3.5440777e-04
  -4.7720376e-02   2.2169434e-01  -4.5313426e-01  -2.2935637e-03  -1.2693169e-03   3.0878618e-04
  -5.2753468e-02   2.7913977e-01  -4.5058142e-01  -2.1136413e-03  -1.6152157e-03   4.2286777e-04
  -5.1653873e-02   2.5985632e-01  -4.7340899e-01  -3.1739784e-03  -1.3569525e-03   1.7045848e-04
  -4.6815824e-02   2.5710253e-01  -4.8473871e-01  -2.9964266e-03  -1.4657748e-03   2.0679644e-04
  -4.4242539e-02   2.9867209e-01  -4.3273123e-01  -3.7635307e-03  -1.5065163e-03   5.3300847e-04
  -5.7978090e-02   2.7250440e-01  -4.2576155e-01  -3.3360151e-03  -7.6413495e-04   4.5404934e-04
  -3.4857103e-02   2.4565611e-01  -4.6420579e-01  -3.4876917e-03  -6.2540109e-04   1.1941691e-04
  -2.2700323e-02   2.6718228e-01  -4.6514905e-01  -3.6994972e-03  -7.6783068e-04   2.8890214e-04
  -3.1537216e-02   2.9466914e-01  -4.6539618e-01  -3.5770950e-03  -5.8832860e-04   2.0775522e-04
  -3.0559621e-02   3.1504638e-01  -4.8835336e-01  -3.2840054e-03  -7.8636970e-04   5.8859501e-04
  -2.6724619e-02   2.7500819e-01  -4.8553715e-01  -3.2123169e-03  -8.9609724e-04   5.6247667e-04
  -3.8042575e-02   2.9886547e-01  -4.5334105e-01  -3.3087629e-03  -2.4480255e-04   8.3833133e-04
  -3.9910534e-02   3.2411091e-01  -4.7937297e-01  -2.7852177e-03  -3.8971804e-04   6.9823085e-04
  -2.9818480e-02   2.7564432e-01  -4.8030790e-01  -3.9018749e-03  -5.2518275e-04   5.1132895e-04
  -2.8566642e-02   2.7434921e-01  -4.6615241e-01  -3.0591043e-03  -7.3450429e-04   8.6081071e-04
  -3.8492071e-02   3.1374008e-01  -4.5257046e-01  -2.7394752e-03  -7.7837818e-04   7.6003366e-04
  -3.9881616e-02   3.0103932e-01  -4.6999594e-01  -3.2010831e-03  -5.3599964e-04   5.9460258e-04
  -4.1453829e-02   2.7376925e-01  -4.7510271e-01  -3.3161873e-03  -3.0832602e-04   6.4281819e-04
  -4.0496361e-02   3.2035279e-01  -4.5339169e-01  -3.1720499e-03  -9.0822868e-04   7.7316426e-04
  -4.2184702e-02   3.0882820e-01  -4.5433640e-01  -3.7863556e-03  -5.5915918e-04   6.6642871e-04
  -3.7334589e-02   2.6110669e-01  -4.6743507e-01  -3.0972898e-03  -4.9117349e-04   7.6754598e-04
  -5.9769878e-02   3.1458638e-01  -4.1916006e-01  -3.4493396e-03  -2.9276917e-04   7.0960780e-04
  -5.5250500e-02   2.0151376e-01  -4.1201262e-01  -8.5129350e-04   2.9773802e-04   2.5905319e-04
  -4.7936937e-02   2.2427327e-01  -5.6896727e-01  -3.2566200e-04   2.8704233e-04  -8.9277251e-04
  -5.5420204e-02   2.7198314e-01  -5.1291333e-01  -4.3056482e-05   1.1401030e-04  -3.6421611e-04
  -5.9534639e-02   3.0476810e-01  -4.8824838e-01  -1.1090614e-03   5.3023833e-04  -1.7270035e-04
  -4.6778288e-02   2.9393784e-01  -5.2210255e-01  -3.0624231e-04   3.9891484e-04  -1.1430811e-04
  -4.7924264e-02   2.7378620e-01  -5.0869843e-01  -6.3620027e-04   3.9464145e-04   7.4457858e-05
  -4.3474416e-02   2.8956242e-01  -4.9088355e-01  -1.1591422e-03   4.0889307e-04  -1.5048996e-04
  -3.6752851e-02   3.0199667e-01  -5.0861574e-01  -1.1594784e-03   3.7630817e-04  -2.4740781e-04
  -3.2929762e-02   2.7964493e-01  -5.2742894e-01  -9.8127039e-04   4.1440694e-04  -1.7543269e-04
  -3.0456313e-02   2.9289531e-01  -5.1322949e-01  -1.3114349e-03   3.3596584e-04   5.6654356e-05
  -4.5682984e-02   3.3312952e-01  -4.9708135e-01  -1.9550653e-03   4.7312022e-04  -1.1094649e-04
  -4.4020797e-02   3.0867462e-01  -5.1812496e-01  -1.8296393e-03   3.6095946e-04  -3.3955058e-04
  -4.9210532e-02   2.9242478e-01  -5.1823098e-01  -2.0008704e-03   2.5574292e-04  -3.4912217e-04
  -4.8301494e-02   3.0579845e-01  -5.0233886e-01  -2.1873486e-03   8.4177351e-04  -4.6358508e-04
  -5.3694541e-02   3.5290854e-01  -4.7927335e-01  -2.9144198e-03   8.0181770e-04  -4.5149951e-04
  -4.9756923e-02   3.1468071e-01  -5.2047393e-01  -1.7642727e-03  -3.1818401e-05  -4.2744791e-04
  -4.5939265e-02   3.1904952e-01  -5.1438687e-01  -2.2162029e-03   3.3980735e-04  -3.8240386e-04
  -5.6468113e-02   3.2339962e-01  -5.0648164e-01  -1.9996586e-03   2.1618955e-04  -5.6027511e-04
  -5.4372334e-02   2.9536347e-01  -5.0658556e-01  -1.7945265e-03   3.2545767e-04  -7.5225930e-04
  -4.1709323e-02   3.2408308e-01  -5.2198349e-01  -1.1440756e-03  -8.7068421e-06  -6.0801400e-04
  -4.4960847e-02   3.2390327e-01  -5.1344957e-01  -1.7660488e-03  -1.9359804e-04  -2.2231315e-04
  -5.7870108e-02   3.4085725e-01  -4.8639873e-01  -2.0926847e-03  -6.9646479e-05  -3.5112022e-04
  -3.2711880e-02   1.8231268e-01  -7.3411478e-01   1.4235538e-03   1.8051260e-04  -9.7223006e-04
  -4.8457545e-02   2.8667330e-01  -5.9952080e-01  -3.0105970e-06   2.3941775e-04  -8.7665117e-04
  -5.2084674e-02   3.0259302e-01  -5.9418899e-01  -4.8859483e-04   6.7863672e-04  -8.1182031e-04
  -5.2397806e-02   2.7521293e-01  -5.9521683e-01  -5.0760972e-04   3.1814792e-04  -9.2884602e-04
  -5.1123624e-02   3.0270958e-01  -5.8214294e-01   1.7350340e-04  -3.2752674e-04  -6.5538601e-04
  -6.0859477e-02   3.0094211e-01  -5.5911328e-01  -2.8149359e-04   6.7007281e-05  -3.7391121e-04
  -5.8044145e-02   2.7990417e-01  -5.7379726e-01  -6.2769138e-04   1.3515647e-04  -4.0479984e-04
  -4.6905437e-02   2.5921451e-01  -5.9409114e-01  -2.0527285e-04  -1.0008213e-04  -5.8975679e-04
  -5.3580916e-02   3.1566872e-01  -5.7277620e-01  -2.7182819e-04   6.1409339e-06  -5.2064197e-04
  -4.2801520e-02   2.8173913e-01  -5.9275443e-01  -2.3688282e-04   1.2194013e-04  -6.4965999e-04
  -4.1975844e-02   2.7600146e-01  -5.9147162e-01  -5.8490014e-04   6.1414594e-04  -8.8781258e-04
  -2.4083502e-02   2.7335387e-01  -5.8875798e-01  -8.5866037e-04   1.0294817e-03  -8.2452494e-04
  -7.6173180e-03   2.9112095e-01  -6.0680955e-01  -7.1264164e-04   6.0263088e-04  -7.0785146e-04
  -2.9943871e-03   3.1124693e-01  -6.2094197e-01  -6.6246927e-04   4.9356818e-04  -7.0275148e-04
  -1.3974829e-03   2.9214395e-01  -6.5105080e-01  -2.1098338e-04   2.6651178e-04  -5.5266241e-04
  -5.6876489e-03   3.0672078e-01  -6.4297487e-01  -5.8150793e-04   3.6326367e-04  -2.7976855e-04
  -2.0601065e-02   3.2485633e-01  -6.1833940e-01  -7.1804877e-04   5.1821078e-04  -3.7068782e-04
  -3.1260239e-02   3.3388716e-01  -6.3056937e-01  -9.2681052e-04   4.7259801e-04  -5.5703299e-04
  -2.5212786e-02   3.2634719e-01  -6.6390317e-01   1.8969968e-04   9.0226875e-05  -4.7741225e-04
  -2.8280754e-02   3.0627626e-01  -6.5274937e-01  -9.0714914e-04   3.1650374e-04  -5.4398527e-04
  -2.5354066e-02   3.1929774e-01  -6.4553847e-01  -1.1918208e-03   4.0825461e-04  -3.5803870e-04
  -3.4621984e-02   3.3193913e-01  -6.4563085e-01  -1.5672061e-03   5.0664171e-04  -3.9733183e-04
  -3.0684227e-02   3.0812575e-01  -6.2714222e-01  -1.7546137e-03   2.1924416e-04  -3.4922758e-04
   4.4510362e-02   2.1338063e-01  -6.9035104e-01   4.6319943e-04   8.0135134e-04   1.0905046e-03
   7.1296632e-02   3.0790421e-01  -6.6063710e-01   6.2211731e-04   2.6262984e-04   9.0286161e-04
   5.8990519e-02   3.1386956e-01  -6.6016712e-01  -6.3623102e-04   8.9099585e-04   7.8219706e-04
   4.7655282e-02   3.1313377e-01  -6.6264758e-01   4.7208479e-04   7.5720052e-04   7.1136484e-04
   5.0098076e-02   2.7874446e-01  -6.7865759e-01   2.5759732e-04   6.1320511e-04   7.1334268e-04
   4.6238540e-02   3.0391664e-01  -6.6661138e-01   3.0301141e-05   5.3585784e-04   8.5842084e-04
   3.9670026e-02   3.1491158e-01  -6.5545169e-01  -7.6314436e-04   6.0851582e-04   6.3331331e-04
   5.0913745e-02   2.8064766e-01  -6.7024357e-01   2.5354966e-04   6.2787558e-04   8.4362178e-04
   5.1675987e-02   2.5736767e-01  -6.5283872e-01   1.2932365e-05   4.5240966e-04   7.9958113e-04
   4.3832421e-02   2.9098104e-01  -6.3395220e-01  -7.3057518e-04   5.7731472e-04   7.8041577e-04
   3.6294335e-02   2.8613652e-01  -6.5632444e-01  -3.9893344e-04   7.3674019e-04   6.6906291e-04
   5.3131180e-02   2.5956821e-01  -6.7925211e-01   6.3684034e-04   8.1353398e-04   9.6707367e-04
   5.6939692e-02   2.8008344e-01  -6.7077885e-01   1.3078382e-04   6.6279455e-04   1.1155845e-03
   5.4442713e-02   3.2475759e-01  -6.6434971e-01  -4.4358453e-04   9.2501779e-04   7.9167039e-04
   6.5786891e-02   3.1609869e-01  -6.8100243e-01  -1.0972173e-03   1.0417088e-03   5.6759639e-04
   7.0794740e-02   2.9696522e-01  -7.0142409e-01  -5.8919732e-04   6.9779886e-04   5.7461632e-04
   8.2041636e-02   2.5462198e-01  -6.8391377e-01  -1.5735756e-04   6.5355083e-04   6.2002175e-04
   5.4856086e-02   2.7158560e-01  -7.3243308e-01   1.9708974e-03   1.0963524e-03   5.6695179e-05
   6.1251009e-02   2.6167129e-01  -7.6814525e-01   1.6989825e-03   1.1970422e-03  -1.2785980e-04
   5.4561986e-02   2.3060047e-01  -7.4209969e-01   2.5645728e-03   1.0855061e-03   2.1132005e-04
   4.8700974e-02   2.7550268e-01  -7.2644805e-01   2.1969400e-03   1.2110842e-03   3.7311404e-04
   4.6885250e-02   2.9401480e-01  -7.2882082e-01   1.6918135e-03   1.2090030e-03   2.9830157e-04
   5.6294833e-02   2.8168207e-01  -7.5600209e-01   2.6891860e-03   8.2038503e-04   4.2826811e-04
   5.8553998e-02   2.7471184e-01  -7.3811601e-01   2.5304104e-03   7.4470159e-04   3.9305372e-04
   6.2343159e-02   2.9157819e-01  -7.1285589e-01   1.3473296e-03   1.0007655e-03   4.0211026e-04
   5.7779349e-02   2.9894432e-01  -7.1847128e-01   4.7718190e-04   1.3437637e-03   3.4805752e-04
   5.9771552e-02   2.8037848e-01  -7.5224930e-01   1.7092994e-03   1.1763702e-03   2.0764303e-04
   5.5884129e-02   2.8914378e-01  -7.5624430e-01   8.2568726e-04   1.4674985e-03   2.6837147e-04
   6.2042274e-02   3.0621798e-01  -7.1308288e-01   4.5920717e-04   1.4826022e-03   7.5412776e-05
   5.2766186e-02   3.1488882e-01  -7.1951447e-01   2.0478253e-04   1.6284700e-03  -1.4711110e-04
   6.1732674e-02   2.8532358e-01  -7.5559905e-01   2.8860275e-04   1.3955004e-03  -9.0142759e-05
   6.0399838e-02   2.6399112e-01  -7.6983749e-01   9.3312649e-04   1.3480834e-03   1.3163650e-04
   5.5913297e-02   3.0098217e-01  -7.4836869e-01   8.2094903e-04   1.4976169e-03   2.7745539e-04
   6.4132983e-02   2.9748030e-01  -7.6044921e-01   9.0926774e-04   1.6922009e-03   3.4030950e-04
   5.8520270e-02   3.1457771e-01  -7.4329941e-01   3.0585464e-04   2.1138385e-03   2.6746869e-04
   5.5501282e-02   3.2575468e-01  -7.1621069e-01   2.2687145e-05   2.1468635e-03   2.5779007e-04
   5.1089770e-02   3.2895077e-01  -7.2027535e-01  -4.8705187e-04   2.2147143e-03   1.7002098e-04
   5.6585835e-02   3.2012026e-01  -7.4280673e-01  -3.9057390e-04   2.1144586e-03   2.3195579e-05
   5.4530805e-02   3.3904496e-01  -7.3751095e-01  -2.8739569e-05   2.0167504e-03  -2.7461127e-05
   5.5997613e-02   3.3662511e-01  -7.3706013e-01  -3.5423247e-04   2.0244108e-03  -9.8948287e-05
   5.1636645e-02   3.0867916e-01  -7.2028399e-01  -6.5727636e-04   1.8221374e-03  -1.5933035e-04
   5.3380336e-02   3.6356168e-01  -7.4302354e-01   1.1758123e-04   1.5803537e-03  -3.3739551e-04
   6.2114082e-02   3.1587671e-01  -7.5327264e-01   4.9263570e-04   1.1908009e-03  -1.6937364e-04
   6.7033835e-02   3.1802035e-01  -7.2813006e-01  -2.3412231e-04   1.6463740e-03   8.0834144e-06
   6.2595776e-02   3.4074731e-01  -7.2940115e-01   2.7098287e-04   1.4433174e-03   1.2241387e-05
   5.8059312e-02   3.2851028e-01  -7.3963266e-01  -8.6109014e-05   1.7467660e-03  -9.7080834e-05
   5.5315354e-02   3.0378318e-01  -7.2922736e-01   4.2832098e-04   1.6725660e-03   3.1220038e-05
   5.1466311e-02   3.5201984e-01  -6.9731844e-01  -4.5341064e-04   1.3740491e-03   6.2185822e-05
   4.3703879e-02   3.4870474e-01  -7.1836930e-01   8.7732013e-04   1.6128749e-03   8.2266365e-05
   5.2593416e-02   3.1246462e-01  -7.4232121e-01   6.3153926e-04   1.7999968e-03   1.4923663e-04
   5.8662605e-02   3.0453592e-01  -7.3152067e-01   2.9491904e-04   1.7452817e-03   2.3724570e-04
   6.2021255e-02   3.1100218e-01  -7.3122095e-01   7.5877321e-04   1.5298570e-03   1.3847016e-04
   5.2282834e-02   3.1321221e-01  -7.2282038e-01  -4.6533650e-04   1.6630317e-03  -1.9810121e-04
   5.5147228e-02   3.3506925e-01  -7.3953993e-01   2.9131693e-06   1.3093060e-03  -2.1878036e-04
   5.3494674e-02   2.9864160e-01  -7.3950077e-01   1.5331549e-04   1.3869405e-03  -2.5177795e-05
   4.3498396e-02   3.3350700e-01  -7.2099548e-01  -1.3322769e-04   1.6379519e-03  -7.8464560e-05
   4.6991275e-02   3.2173882e-01  -7.3261909e-01   5.6921553e-05   1.8527944e-03  -1.3734277e-04
   5.8473211e-02   3.3808252e-01  -7.4543792e-01  -6.4673391e-04   1.5441772e-03  -7.1010497e-05
   9.2861990e-02   2.4764355e-01  -7.3508914e-01   1.4561452e-03   1.7778976e-03   3.1759142e-04
   9.0615680e-02   2.8804060e-01  -7.9564891e-01   1.9845942e-03   1.3215767e-03  -2.2739447e-04
   8.7551220e-02   3.0810967e-01  -7.6226468e-01   8.9339102e-04   1.6845184e-03  -2.5045091e-04
   9.5543328e-02   2.7493133e-01  -7.8079844e-01   1.4419817e-03   1.8650064e-03  -8.6042215e-05
   9.1429274e-02   3.1898357e-01  -7.6330483e-01   6.2643237e-04   1.8817431e-03   6.5348796e-05
   9.5919265e-02   3.1620772e-01  -7.7629998e-01   7.7070286e-04   2.0310694e-03   1.9433206e-04
   1.0011064e-01   2.7013681e-01  -7.9212655e-01   1.2512168e-03   2.1448239e-03  -4.9302506e-05
   1.0310934e-01   2.8080778e-01  -7.9511567e-01   1.3402335e-03   1.2348545e-03   6.4012792e-05
   7.9668290e-02   2.9811339e-01  -8.0619939e-01   2.2711797e-03   1.4054551e-03  -1.4263188e-04
   1.0941610e-01   2.7925053e-01  -6.2180618e-01   1.8375133e-03   1.6322421e-03   9.9733971e-04
   6.6117889e-02   2.1152771e-01  -7.3282182e-01   4.5620469e-03   1.8068282e-03   1.1668611e-03
   4.9656347e-02   2.6127169e-01  -8.6096634e-01   4.1524997e-03   1.9569184e-03   1.2022829e-04
   4.5141408e-02   2.7005856e-01  -8.3022385e-01   4.1557293e-03   2.0341531e-03   5.5538463e-04
   4.6350482e-02   3.0786524e-01  -7.8279972e-01   2.9140058e-03   2.1462185e-03   6.3239213e-04
   4.0030935e-02   3.0948249e-01  -7.7441367e-01   2.3241445e-03   2.5365392e-03   3.8895781e-04
   4.5382891e-02   2.7948474e-01  -7.8266078e-01   2.5686726e-03   1.9546099e-03   3.7066458e-04
   4.3834956e-02   2.8537265e-01  -7.7196557e-01   2.5338245e-03   1.5657748e-03   5.0492910e-04
   2.9322458e-02   3.1598274e-01  -7.6891990e-01   2.4712051e-03   8.1730682e-04   5.1043987e-04
   1.4473669e-02   2.9998738e-01  -7.6584292e-01   1.6589624e-03   1.0507650e-03   2.2028344e-06
   1.9309741e-02   2.9353651e-01  -7.7413150e-01   2.1183547e-03   7.5235780e-04   6.9435298e-05
   1.0507814e-02   3.1380484e-01  -7.2869532e-01   1.5098224e-03   4.4082485e-04   1.3273791e-04
   6.1647964e-03   3.1391964e-01  -7.5932685e-01   1.5820012e-03   6.5714163e-04  -6.3872996e-05
   1.3155762e-02   2.9152144e-01  -7.8952013e-01   2.6158843e-03   5.0867501e-04  -9.0530654e-05
   1.8023820e-02   2.7051649e-01  -7.9503461e-01   2.5257444e-03   6.1062916e-04  -8.7309990e-05
   5.6125318e-03   2.8960550e-01  -7.6357993e-01   1.5634521e-03   1.2202093e-03  -1.5148724e-04
