   0.0000000e+00   0.0000000e+00   0.0000000e+00   0.0000000e+00   0.0000000e+00   0.0000000e+00
  -1.2040139e-02   7.1571224e-02   5.1552375e-02  -1.3766796e-03   1.6946966e-04  -1.7355924e-04
   1.9314863e-02  -5.8246365e-03   1.0859881e-01  -1.3834747e-03   6.7346352e-04  -2.1938945e-05
   3.6013270e-02   9.5306821e-02   8.0633642e-02  -1.6507755e-03  -2.1585687e-04  -1.1407609e-03
  -1.3823532e-04   1.4296377e-01   3.2217091e-01  -3.9590100e-03  -1.7526491e-03  -2.2019183e-03
  -4.4450264e-02   9.5458475e-02   4.2223227e-01  -3.0690574e-03  -1.7168621e-03  -2.5484049e-03
  -7.9970961e-02   2.0013459e-01   4.7990461e-01  -8.8584386e-04  -1.9406922e-03  -3.9239051e-03
  -6.8163542e-02   4.1326011e-02   3.2888299e-01  -6.8217930e-04  -1.9758410e-03  -4.1327224e-03
  -7.9458320e-02   1.7285975e-01   3.4949114e-01  -7.1545152e-04  -1.5527792e-03  -3.5096755e-03
  -1.2358508e-03   9.5016797e-02   3.5622244e-01  -1.8946181e-03  -4.3215597e-03  -3.9957393e-03
   5.0087389e-03   9.2420863e-02   4.3855752e-01  -3.1313212e-03  -5.0039546e-03  -3.0600653e-03
  -6.0611122e-02   2.1997654e-01   4.9827018e-01  -1.6173295e-03  -5.5334509e-03  -3.1318293e-03
  -5.6915333e-02   2.0831367e-02   3.3544725e-01  -1.1889597e-03  -4.0588574e-03  -2.3122336e-03
  -6.8465672e-02   8.7190176e-02   3.9868690e-01  -2.7901644e-03  -3.7996454e-03  -2.6562025e-03
  -7.3087308e-02   1.3542968e-01   5.2524187e-01  -3.2482222e-03  -3.9696664e-03  -3.0518112e-03
  -4.5274653e-02   1.4184295e-01   5.1728023e-01  -7.1984016e-04  -2.6345637e-03  -2.4340382e-03
  -9.8354505e-02   1.0934023e-01   2.5919100e-01  -2.9082948e-03  -1.6602266e-03  -4.2530070e-03
  -1.3056926e-01   1.6093378e-01   4.9668504e-01  -4.5746571e-03  -1.7998871e-03  -3.9740571e-03
  -1.3768652e-01   8.8938196e-02   4.3125995e-01  -3.3844184e-03  -1.9925124e-03  -3.8010999e-03
  -1.4711271e-01   1.9312905e-01   5.3964221e-01  -4.2374041e-03  -2.6276582e-03  -3.8869601e-03
  -9.4933334e-02   7.9228831e-02   4.5358395e-01  -1.7719081e-03  -2.1575579e-03  -2.8618139e-03
  -9.7137211e-02   2.0050674e-01   4.9716660e-01  -3.1053042e-03  -1.8098427e-03  -3.0348213e-03
  -1.0874702e-01   8.2876833e-02   3.8339748e-01  -2.7333527e-03  -1.6353322e-03  -3.7856160e-03
  -1.0016871e-01   1.5877302e-01   4.2016552e-01  -2.3940596e-03  -7.6378105e-04  -3.3571336e-03
  -8.9536230e-02   1.8698543e-01   5.2116897e-01  -3.7518838e-03  -7.9455486e-04  -3.6293822e-03
  -8.6110128e-02   9.6343217e-02   4.9575880e-01  -2.1766477e-03  -1.0535378e-03  -3.7374100e-03
  -9.0354920e-02   1.3566936e-01   5.0384331e-01  -3.3287834e-03  -8.4819171e-04  -3.6922901e-03
  -8.9349996e-02   1.7084556e-01   4.8709342e-01  -3.7045924e-03  -1.1755714e-03  -3.5563114e-03
  -1.0817565e-01   1.8065701e-01   5.7172097e-01  -3.8491421e-03  -2.2956920e-03  -3.5131155e-03
  -8.5075003e-02   8.3707108e-02   5.1568748e-01  -2.2250405e-03  -1.9623926e-03  -3.2600879e-03
  -6.8891660e-02   1.7971833e-01   5.3638891e-01  -1.2883024e-03  -1.9576868e-03  -3.4390376e-03
  -7.2415962e-02   1.1854968e-01   5.4127900e-01  -1.7414791e-03  -9.7121144e-04  -3.2669695e-03
  -7.8811287e-02   2.0827341e-01   5.4454135e-01  -2.8202343e-03  -8.8363156e-04  -3.2158460e-03
  -9.0462934e-02   1.2970923e-01   5.2546859e-01  -2.2918447e-03  -7.8913452e-04  -3.1186359e-03
  -9.8214570e-02   1.9257017e-01   5.4937084e-01  -2.8767058e-03  -8.1006770e-04  -3.4898920e-03
  -1.1409064e-01   1.4785216e-01   5.6351434e-01  -2.7862448e-03  -6.6636029e-04  -3.4862216e-03
  -1.0018319e-01   1.6967582e-01   6.2736882e-01  -2.7814755e-03  -6.9404420e-04  -3.5407468e-03
  -1.1954997e-01   2.1880886e-01   4.3483105e-01  -1.6552992e-03   2.3599618e-04  -4.4469540e-03
  -1.2767952e-01   1.5664062e-02  -7.6151544e-02  -3.2410228e-03  -2.1328467e-04  -4.2311076e-03
  -1.3882440e-01   1.8746422e-01   3.5198337e-01  -3.3619193e-03  -6.7327776e-04  -4.0231662e-03
  -1.2946767e-01   1.0649394e-01   3.2839954e-01  -1.2199816e-03  -1.1743386e-03  -3.3892637e-03
  -1.1739686e-01   1.2216448e-01   3.1406321e-01  -4.9691338e-04  -8.4841120e-04  -2.7602745e-03
  -1.3935729e-01   1.7994723e-01   4.0037025e-01  -1.4381278e-03   8.8659342e-05  -3.1799769e-03
  -1.2278639e-01   1.7303767e-01   4.2905825e-01  -2.1763378e-03   6.6165974e-04  -2.7780972e-03
  -1.0834802e-01   1.5371248e-01   4.8875035e-01  -2.3523987e-03   8.1286829e-04  -2.6251717e-03
  -1.0246728e-01   1.7459054e-01   5.3129226e-01  -2.4346487e-03   1.0220211e-03  -2.4373426e-03
  -8.9019134e-02   1.7221212e-01   5.5554482e-01  -2.3018948e-03   1.1486321e-03  -2.1692746e-03
  -7.7592490e-02   1.7393603e-01   5.6377952e-01  -1.5726404e-03   1.2380451e-03  -1.7350406e-03
  -6.1862734e-02   2.0308825e-01   5.8300027e-01  -1.6166782e-03   1.4081409e-03  -1.8454279e-03
  -4.6553426e-02   2.0703813e-01   5.8412676e-01  -2.5123099e-03   1.8196181e-03  -1.6146744e-03
  -4.3143580e-02   1.8614869e-01   5.9060929e-01  -2.6672742e-03   2.1111689e-03  -1.5127289e-03
  -4.3389831e-02   2.1446097e-01   5.9011001e-01  -2.8919038e-03   2.1192309e-03  -1.5086148e-03
  -3.4268195e-02   2.3535824e-01   5.6591834e-01  -1.7353064e-03   1.8690317e-03  -1.1894663e-03
  -3.4240324e-02   2.2263088e-01   5.7648036e-01  -2.4168298e-03   1.9532321e-03  -1.0974823e-03
  -3.6900585e-02   2.3087371e-01   5.9149072e-01  -2.9597660e-03   1.9631102e-03  -1.0550526e-03
  -3.7354935e-02   2.4376910e-01   6.1160165e-01  -4.2751333e-03   2.0245465e-03  -1.1312439e-03
  -3.0957571e-02   2.4401139e-01   6.0614389e-01  -3.9632640e-03   2.0584407e-03  -9.8247578e-04
   6.6437192e-03   1.8216867e-01   5.8124927e-01  -1.4956480e-03   1.5536135e-03  -7.2217991e-04
  -1.9220925e-02   2.3743555e-01   4.2314045e-01  -2.6275945e-03   1.1357204e-03  -2.0102749e-03
  -2.2047320e-02   2.7803186e-01   4.9622855e-01  -2.7903444e-03   1.0793123e-03  -1.9500275e-03
  -1.1372700e-02   2.1151763e-01   4.9507663e-01  -3.7713316e-03   1.8029892e-03  -1.7135814e-03
  -1.0666428e-02   2.4302601e-01   6.1683842e-01  -3.5189134e-03   1.3977254e-03  -1.7147602e-03
   3.6266273e-03   2.4196736e-01   6.1315146e-01  -2.3950224e-03   8.1904719e-04  -1.2136723e-03
  -1.7503549e-02   1.5990925e-01   5.7954909e-01  -2.8964139e-04   1.1424158e-03  -1.8783441e-03
  -6.1259753e-02   1.8747373e-01   6.0147405e-01  -1.7628670e-03   1.2471239e-03  -2.6320117e-03
  -9.5574323e-02   2.1124812e-01   6.5793806e-01  -3.2357146e-03   1.4121526e-03  -3.1916344e-03
  -1.1154520e-01   1.7068391e-01   6.5944671e-01  -3.4080254e-03   1.8233378e-03  -3.4018672e-03
  -1.0108046e-01   2.1777578e-01   7.6136002e-01  -3.0191110e-03   2.3117670e-03  -2.7453262e-03
  -1.0970576e-01   2.0125522e-01   6.9980510e-01  -2.7092869e-03   6.7744245e-04  -2.9375727e-03
  -1.3440214e-01   1.3856860e-01   6.7528913e-01  -3.1048321e-03   9.2673926e-04  -3.0192563e-03
  -1.1841417e-01   2.3097980e-01   7.4582791e-01  -4.2466135e-03   1.1715840e-03  -2.5470112e-03
  -1.0278974e-01   1.7465086e-01   7.4525248e-01  -3.7096788e-03   2.0467047e-03  -2.0908558e-03
  -9.8236956e-02   2.5637781e-01   7.4898389e-01  -3.8074581e-03   2.3266541e-03  -1.7414804e-03
  -1.3372713e-01   1.8256033e-01   7.5504564e-01  -4.7724908e-03   2.6838544e-03  -2.1273519e-03
  -1.2033641e-01   2.5164553e-01   7.7217719e-01  -3.8898248e-03   2.0716314e-03  -2.2806221e-03
  -1.0567799e-01   4.9422418e-02   3.7852970e-01  -1.1913459e-03   1.8458301e-03  -2.5618377e-03
  -1.0405731e-01   1.9846340e-01   5.8212937e-01  -2.0273534e-03   2.7886011e-03  -2.8202200e-03
  -8.6049794e-02   1.8306211e-01   6.4692746e-01  -1.7178865e-03   3.1903994e-03  -2.3784343e-03
  -9.1575024e-02   2.2258610e-01   7.0682711e-01  -2.5025643e-03   3.4745247e-03  -2.3566918e-03
  -9.4944701e-02   1.8795835e-01   7.0128685e-01  -2.6383410e-03   3.4849146e-03  -2.2298242e-03
  -1.0415788e-01   1.7707332e-01   6.9988299e-01  -2.5604840e-03   3.8920423e-03  -2.3185564e-03
  -3.8639142e-02   8.6698318e-02   7.9047665e-01  -5.8656708e-03   1.5353039e-03  -1.2842520e-03
  -1.3782970e-01  -3.7109135e-01   8.2076265e-01  -1.3484829e-02  -6.7516151e-03  -3.3804607e-03
  -2.0863128e-01  -2.5082991e-01   9.4842407e-01  -1.0390326e-02  -2.1643868e-03  -6.1724712e-03
  -1.1487640e-01   2.9132835e-02   6.3452288e-01  -8.2119261e-03  -1.0052818e-03  -4.4665526e-03
  -1.4831537e-01   1.0047748e-01   6.4778408e-01  -6.4964953e-03   1.8756198e-04  -4.2423401e-03
  -1.5206954e-01   1.2378629e-01   7.4330697e-01  -7.4793376e-03   1.8009683e-03  -3.4855035e-03
  -1.4298816e-01   1.4445203e-01   8.0965605e-01  -8.5694590e-03   2.4010312e-03  -3.2643637e-03
  -1.3936765e-01   1.8376889e-01   8.6216863e-01  -8.8133348e-03   2.3261380e-03  -3.4045177e-03
  -1.4293828e-01   1.5669005e-01   9.2429724e-01  -8.8223984e-03   2.9344417e-03  -3.5533725e-03
  -1.2987873e-01   1.7360866e-01   9.4425873e-01  -9.3193428e-03   3.2322578e-03  -3.1713488e-03
  -1.3983081e-01   1.7023174e-01   9.8074235e-01  -7.9697049e-03   3.7340939e-03  -3.4489286e-03
  -1.3055723e-01   1.9977815e-01   9.8180250e-01  -9.5469492e-03   4.0821499e-03  -3.3467688e-03
  -1.2599503e-01   1.7800372e-01   1.0086541e+00  -8.0993821e-03   4.2082935e-03  -3.1807482e-03
  -1.3376786e-01   3.1966658e-01   8.9961493e-01  -8.8909411e-03   2.5885907e-03  -3.5825745e-03
  -7.3190479e-02   1.6800523e-01   5.4313658e-01  -3.5055894e-03   2.2652559e-04  -2.1852736e-03
  -7.3164401e-02   6.4914275e-02   2.3505930e-01  -1.6888664e-03  -1.1162978e-03  -2.0312849e-03
  -1.1874725e-01   3.9159187e-02   2.1665178e-01  -5.8236631e-04  -3.1521291e-04  -2.4089008e-03
  -1.2890007e-01   3.5772578e-01   5.2340801e-01  -1.8713451e-03  -5.6195105e-04  -4.4963068e-03
  -1.7291233e-01   2.6550524e-01   6.7983687e-01  -1.8637027e-03   1.6065405e-04  -3.9890310e-03
  -1.8439000e-01   5.8181089e-02   3.9341705e-01   2.0637548e-04   1.3130490e-03  -3.2089099e-03
  -1.6827415e-01   2.4280767e-01   4.8624966e-01  -2.3166035e-03   2.1247670e-03  -3.9256426e-03
  -1.6751377e-01   3.1232789e-01   6.7508103e-01  -4.7254860e-03   1.8319984e-03  -4.2460456e-03
  -1.5408383e-01   2.1357829e-01   7.6192862e-01  -3.4143843e-03   2.1458161e-03  -4.2293972e-03
  -1.3727490e-01   1.0736679e-01   6.0157508e-01  -1.0556392e-03   3.2283367e-03  -4.0635748e-03
  -1.3512742e-01   2.0989273e-01   6.6032725e-01  -2.5337478e-03   2.6924079e-03  -4.0665739e-03
  -1.2493077e-01   1.5309685e-01   6.7045092e-01  -1.8049625e-03   2.4617493e-03  -4.1213567e-03
  -1.2912938e-01   2.4001176e-01   7.5590341e-01  -3.0968477e-03   2.1940271e-03  -4.2062751e-03
  -1.2941745e-01   1.2459720e-01   6.7490698e-01  -7.0737718e-04   2.7431250e-03  -3.6145614e-03
  -1.2792636e-01   1.4664252e-01   7.0446169e-01  -6.7977398e-04   3.0019129e-03  -3.4510554e-03
  -1.3429859e-01   1.6382433e-01   7.2155289e-01  -7.4062950e-04   3.4734360e-03  -3.6011615e-03
  -1.3559672e-01   1.7707076e-01   7.3600068e-01  -1.5992450e-03   3.5780327e-03  -3.6696496e-03
  -1.2365518e-01   1.1965368e-01   7.4446342e-01  -5.1616395e-04   3.8535132e-03  -3.1500146e-03
  -1.2979433e-01   2.3127335e-01   7.4341914e-01  -1.7240437e-03   3.8486951e-03  -3.3258280e-03
  -1.2586600e-01   1.8531124e-01   7.8115136e-01  -1.9311950e-03   4.1527397e-03  -3.0286135e-03
  -1.3564525e-01   2.3031917e-01   8.0213293e-01  -2.8107453e-03   4.1098918e-03  -3.1049287e-03
  -1.2938923e-01   1.7240457e-01   7.8099300e-01  -2.0476856e-03   4.1052829e-03  -2.8555969e-03
  -1.2455558e-01   2.2303039e-01   7.6930121e-01  -1.4279784e-03   3.9929215e-03  -2.7041247e-03
  -1.2112030e-01   2.5247582e-01   7.9354613e-01  -2.1456146e-03   4.3229376e-03  -2.7517828e-03
  -1.1250696e-01   2.4211199e-01   7.9107934e-01  -1.8969230e-03   4.4615059e-03  -2.4588755e-03
  -1.0651646e-01   2.5703196e-01   7.8228146e-01  -2.3336005e-03   4.4808723e-03  -2.3279112e-03
  -9.9583576e-02   3.1085230e-01   8.1337384e-01  -2.6805930e-03   4.2656546e-03  -2.3762840e-03
  -1.0290882e-01   2.5814930e-01   7.0076663e-01  -2.5244985e-03   4.3935596e-03  -2.4008322e-03
  -1.0051070e-01   2.7942640e-01   7.5959110e-01  -3.0897279e-03   4.5889844e-03  -2.2234393e-03
  -1.0750633e-01   2.9736141e-01   7.5162333e-01  -3.8218280e-03   4.7158434e-03  -2.5870788e-03
  -1.0420055e-01   2.7630493e-01   7.4115845e-01  -3.3155935e-03   4.8573344e-03  -2.3880553e-03
  -1.0261720e-01   2.9565963e-01   7.4920485e-01  -3.1775514e-03   4.8338756e-03  -2.4239792e-03
  -1.0067643e-01   3.0882919e-01   7.5824112e-01  -4.0391710e-03   4.9282440e-03  -2.2982020e-03
  -9.2352646e-02   2.6369303e-01   7.5119603e-01  -3.1494968e-03   4.8455600e-03  -2.1698554e-03
  -8.8113803e-02   2.8982060e-01   8.0936142e-01  -4.4784635e-03   4.8843442e-03  -1.8057152e-03
  -8.5344637e-02   2.7588750e-01   8.1150053e-01  -4.4081499e-03   5.1205157e-03  -1.8659977e-03
  -7.9722661e-02   2.6227528e-01   7.9051749e-01  -3.9166725e-03   5.3021198e-03  -1.7510652e-03
  -7.7244385e-02   2.9426118e-01   7.8543487e-01  -2.7760380e-03   5.1157121e-03  -1.7958897e-03
  -8.3251877e-02   2.8892995e-01   7.9606800e-01  -3.9741802e-03   5.5744464e-03  -1.7697846e-03
  -5.9812396e-02   2.7481929e-01   6.9643572e-01  -1.4429462e-03   3.7675918e-03  -2.8425906e-03
  -5.4370367e-02   2.2401647e-01   3.3476859e-01   1.5890236e-03   3.4656009e-03  -2.7948585e-03
  -3.1851222e-02   1.9805393e-01   3.0806926e-01   1.7290828e-03   1.7065686e-03  -3.0536700e-03
  -5.4119620e-02   2.1717519e-01   3.6789389e-01   1.9063826e-03   2.5283255e-03  -2.8250915e-03
  -6.4017491e-02   2.4795518e-01   4.2722545e-01   4.5597226e-04   2.3575420e-03  -2.8520937e-03
  -8.5162360e-02   1.7015471e-01   4.3214153e-01  -2.0278890e-04   3.0265406e-03  -2.7056232e-03
  -8.9548132e-02   3.6138390e-01   6.6190815e-01  -2.1918392e-03   1.6695561e-04  -2.9680823e-03
  -1.8615468e-01   3.1457343e-01   1.0239782e+00   3.1588178e-04  -1.4293442e-03  -2.3541443e-03
  -1.1487060e-01   4.6036927e-02   3.2895000e-01   2.5827499e-03   2.2522281e-04  -2.7205766e-03
  -4.2662201e-02   2.0921116e-01   3.9107812e-01   1.6845349e-03   1.5417172e-03  -2.2263761e-03
  -5.4218571e-02   1.4335108e-01   4.5255725e-01   2.1198323e-03   2.0363735e-03  -1.8073416e-03
  -5.5350122e-02   1.6693530e-01   5.2007294e-01   1.7700960e-03   2.3712154e-03  -1.8893750e-03
  -6.8271838e-02   1.6757309e-01   5.4292840e-01   1.0896095e-03   2.0807629e-03  -1.6578426e-03
  -6.3465560e-02   2.0441774e-01   6.2035533e-01   7.2721502e-04   1.9471504e-03  -2.0355323e-03
  -5.4029637e-02   1.3678410e-01   6.0492259e-01   4.9286325e-04   2.2115155e-03  -1.9462287e-03
  -4.2505420e-02   1.6438052e-01   6.0357068e-01  -3.8969995e-05   2.5495673e-03  -1.7827482e-03
  -3.9259558e-02   1.7684302e-01   5.9181945e-01   1.8259992e-04   2.7123662e-03  -1.8501683e-03
  -1.8846713e-02   1.7494801e-01   5.8268436e-01   6.9995158e-04   2.7429660e-03  -1.3842564e-03
  -5.5188183e-03   1.9426042e-01   5.8893900e-01   7.1246580e-04   2.8436856e-03  -1.0558241e-03
  -2.6720413e-03   1.9856654e-01   5.9300956e-01   5.1057816e-04   2.8832743e-03  -9.2134720e-04
   3.1916099e-03   2.2723184e-01   5.7883553e-01   7.5155947e-04   2.5026789e-03  -8.5007848e-04
  -2.8327842e-03   2.2435690e-01   5.9249045e-01   2.5813274e-04   2.7094002e-03  -1.0755334e-03
   1.3060925e-03   2.3284054e-01   5.4345593e-01   1.9200284e-03   2.1491104e-03  -8.7341009e-04
   7.0045326e-03   2.5694270e-01   5.7633079e-01   9.0753318e-05   2.7670772e-03  -8.6750309e-04
   6.6707852e-04   2.0975255e-01   5.7760235e-01  -9.9195365e-05   3.1208586e-03  -1.2309394e-03
   9.2453234e-03   2.9140622e-01   5.9659118e-01  -2.9643242e-04   2.6133811e-04  -1.8779193e-03
  -6.3275550e-02   1.6516367e-01   2.5475470e-01   1.3295417e-03   1.1285223e-03  -2.6604600e-03
  -3.9393084e-02   2.1387896e-01   3.9128768e-01  -1.0034758e-03   4.1083429e-04  -3.4243265e-03
  -7.3450746e-02   2.1025466e-01   2.8926617e-01  -3.0532761e-03  -3.5127213e-03  -3.0317763e-03
  -1.7108622e-01   4.0109967e-01   7.6428033e-01  -3.7837745e-03  -5.8719907e-03  -4.3605620e-03
  -1.5654255e-01   4.6765595e-02   1.0347478e+00  -7.6280449e-03  -5.7231137e-03  -1.7496872e-03
  -2.7299585e-01  -3.8666696e-01   9.6479643e-01  -1.5266801e-02  -1.2290099e-02  -4.1025256e-03
  -2.9731823e-01  -1.0156267e-01   1.0024155e+00  -9.7838267e-03  -9.6076104e-03  -5.6682822e-03
  -2.8964511e-01  -6.3539792e-02   8.6763343e-01  -7.5688827e-03  -6.0376134e-03  -4.5710943e-03
  -2.3984270e-01   2.3188443e-01   6.1474692e-01  -4.8766856e-03  -6.0335976e-03  -5.3205049e-03
  -2.6970955e-01   1.8034073e-01   4.9165020e-01  -5.5372755e-03  -4.7238648e-03  -6.2559465e-03
  -2.8932128e-01   2.8976095e-01   8.3583192e-01  -4.1581860e-03  -6.2705830e-03  -6.1141331e-03
  -2.8497516e-01   8.1118247e-02   6.4327095e-01  -3.3286229e-03  -3.7683655e-03  -5.6345271e-03
  -2.7151743e-01   1.7425625e-01   6.5200529e-01  -3.7200687e-03  -3.1900821e-03  -5.7209406e-03
  -2.5957257e-01   2.1703330e-01   7.4825711e-01  -3.7413366e-03  -2.2791540e-03  -5.5054249e-03
  -2.3884943e-01   1.6859145e-01   6.4297365e-01  -2.2631394e-03  -2.4203875e-03  -4.4462160e-03
  -2.2302638e-01   2.0853878e-01   6.6526557e-01  -1.9456069e-03  -2.1589280e-03  -3.9702652e-03
  -2.2346770e-01   2.2598194e-01   6.7517169e-01  -4.2079845e-03  -1.1887458e-03  -3.6576399e-03
  -2.2195060e-01   2.3676293e-01   7.1903658e-01  -4.9519837e-03  -1.0339644e-03  -3.7955418e-03
  -2.1263263e-01   1.7995079e-01   6.4298820e-01  -3.5532192e-03  -9.2889839e-04  -3.2688137e-03
  -2.1169045e-01   2.2953790e-01   6.2944738e-01  -2.4594546e-03  -1.2655116e-03  -3.0381809e-03
  -2.2029563e-01   2.6057007e-01   6.2210535e-01  -4.1719664e-03  -1.2567484e-03  -3.1384112e-03
  -2.1232257e-01   2.0623986e-01   6.4224591e-01  -4.1301513e-03  -8.6826983e-04  -3.0766874e-03
  -2.1640323e-01   2.5851836e-01   6.7078453e-01  -4.2536934e-03  -6.9452399e-04  -2.9868009e-03
  -2.2376140e-01   2.4067272e-01   6.6251362e-01  -4.8666221e-03  -1.8863031e-04  -3.0269130e-03
  -2.2311595e-01   2.2717504e-01   6.5270862e-01  -4.6558319e-03  -4.1524084e-04  -3.1102610e-03
  -2.1988844e-01   2.7413939e-01   6.6487687e-01  -5.5512933e-03  -5.3835743e-04  -3.0386117e-03
  -2.0320240e-01   2.3978803e-01   6.4394511e-01  -5.9734133e-03  -3.3625660e-04  -2.7580599e-03
  -1.7502526e-01   2.1154833e-01   6.1968469e-01  -4.5755194e-03  -9.9977667e-04  -2.6724358e-03
