   0.0000000e+00   0.0000000e+00   0.0000000e+00   6.9388939e-18   0.0000000e+00   0.0000000e+00
  -1.6292976e-02   4.6695283e-02  -2.4052041e-03   3.0780638e-04  -3.4072481e-04   3.7733019e-04
  -3.0629810e-03   9.2893526e-02   1.2013218e-03   1.8843450e-04   1.4458613e-05   7.0351159e-04
   8.3725905e-03   4.3205934e-02   2.3506768e-02   4.4516201e-04  -1.1275018e-04   8.2764773e-04
   1.8840349e-02   1.0074652e-01   6.1555994e-02  -3.8943329e-04   5.3392905e-04   1.1745784e-03
   1.0041750e-02   7.6418165e-02   6.6306233e-02  -5.9512218e-07   6.9791704e-04   1.0642654e-03
  -5.8596861e-04   5.9250030e-02   8.0852576e-02   5.4085123e-04   9.4346123e-04   1.0896617e-03
  -1.8478850e-02   1.2188843e-01   1.0121712e-01  -4.0208052e-04   1.2882539e-03   8.9510728e-04
  -6.1095559e-03   7.9005373e-02   8.5294350e-02  -3.6898799e-05   1.4375477e-03   1.3062237e-03
  -1.4736671e-02   1.1884705e-01   1.1445039e-01  -2.9153002e-04   1.5094614e-03   1.3720634e-03
  -1.5609378e-02   1.3431285e-01   1.1735226e-01  -9.3546398e-04   1.7313733e-03   1.2549061e-03
  -1.1654224e-02   1.0600417e-01   1.0093458e-01  -6.0969196e-04   1.6654342e-03   1.1617002e-03
  -2.0130941e-02   1.4368306e-01   1.1396954e-01  -9.2458407e-04   1.6505903e-03   9.8288221e-04
  -2.5437323e-02   1.6308470e-01   1.1192850e-01  -1.1575189e-03   1.6852104e-03   8.3198897e-04
  -1.8856509e-02   1.1471283e-01   1.1121958e-01  -1.0394791e-03   2.0777664e-03   1.1083467e-03
  -1.7050687e-02   1.4398226e-01   1.2615147e-01  -1.7577537e-03   2.3063896e-03   1.2482849e-03
  -1.3523639e-02   1.5890502e-01   1.3601074e-01  -2.2146153e-03   2.5707422e-03   1.2598774e-03
  -1.1145813e-02   1.3090141e-01   1.1999701e-01  -1.9818157e-03   2.2528655e-03   1.2254471e-03
  -1.9231289e-02   1.7102932e-01   1.3835819e-01  -2.5545304e-03   2.4632051e-03   1.1094736e-03
  -2.1422926e-02   1.7660205e-01   1.4820520e-01  -2.7499135e-03   2.5959703e-03   1.0362160e-03
  -2.2133647e-02   1.4402514e-01   1.2759595e-01  -2.4963128e-03   2.4252070e-03   1.0599148e-03
  -2.3152384e-02   1.7537273e-01   1.4015152e-01  -3.0216388e-03   2.5625626e-03   1.3420440e-03
  -2.2127715e-02   1.9428004e-01   1.5233153e-01  -3.2512040e-03   2.1562140e-03   1.1140405e-03
  -1.5510072e-02   1.6458665e-01   1.2772304e-01  -2.9725067e-03   2.0455468e-03   1.0755405e-03
  -1.8762749e-02   1.6362488e-01   1.4097319e-01  -3.0308615e-03   2.1745597e-03   1.2810622e-03
  -3.6420506e-02   1.8610119e-01   1.4551069e-01  -2.9694833e-03   1.9244544e-03   1.1971008e-03
   2.4818546e-02   3.4690212e-02  -8.0048992e-02  -6.3452010e-04   2.4984265e-03   6.0021099e-04
  -8.7565824e-03   9.8711782e-02   6.6331222e-02  -7.1169323e-04   1.9211585e-03   5.9606460e-04
  -1.6455110e-02   1.4877590e-01   9.8378902e-02  -1.7182955e-03   2.0741162e-03   7.5052318e-04
  -2.3367471e-02   1.5542435e-01   1.0538307e-01  -2.1856973e-03   2.2550383e-03   7.4583758e-04
  -2.7905577e-02   1.3727412e-01   1.1662399e-01  -1.9591882e-03   2.1475756e-03   8.5277277e-04
  -3.7576427e-02   1.5406952e-01   1.5195560e-01  -2.4346794e-03   1.9891611e-03   1.0171786e-03
  -4.3606287e-02   1.9060952e-01   1.5216939e-01  -2.7643699e-03   1.8137480e-03   9.6188630e-04
  -4.3710663e-02   1.4567282e-01   1.3001995e-01  -2.2151200e-03   1.9339448e-03   1.0604098e-03
  -4.3493984e-02   2.0185620e-01   1.6424032e-01  -2.6910974e-03   1.9559697e-03   1.1937235e-03
  -4.8091391e-02   1.8511876e-01   1.3976849e-01  -2.7470351e-03   2.1227538e-03   1.0959039e-03
  -3.4584672e-02   1.3811960e-01   1.0044096e-01  -1.8999692e-03   2.1536235e-03   1.0775903e-03
  -3.2192296e-02   1.8902079e-01   1.2579658e-01  -1.7971299e-03   1.8684879e-03   1.2300675e-03
  -2.8888251e-02   8.0762841e-02  -9.7768141e-02  -8.3299184e-04   2.2032371e-03   4.7695357e-04
  -4.3150124e-02   1.9524819e-01   7.0128407e-02  -2.4311944e-03   1.2566919e-03   3.9689164e-04
  -4.7157949e-02   1.4576766e-01   5.5284804e-03  -1.7422093e-03   1.2118207e-03   2.2358990e-04
  -5.4029121e-02   1.8485675e-01   8.1791593e-02  -2.3685032e-03   1.2893613e-03   6.5418001e-04
  -5.0758311e-02   1.8825222e-01   8.7110461e-02  -2.2750841e-03   1.6316469e-03   6.9557035e-04
  -6.1366293e-02   1.5115877e-01   5.5324328e-02  -2.1789841e-03   1.2508223e-03   4.0357724e-04
  -6.8099255e-02   1.6857898e-01   9.4606988e-02  -2.6811627e-03   1.6977479e-03   5.1111439e-04
  -6.2055134e-02   2.0844467e-01   5.9208495e-02  -2.7549612e-03   1.9344684e-03   5.2840220e-04
  -5.5371320e-02   1.6855432e-01   2.1099335e-02  -1.9395426e-03   1.8821096e-03   7.1695322e-04
  -6.0829018e-02   1.9870082e-01   4.3423749e-02  -2.2920228e-03   1.7079305e-03   8.6791478e-04
  -5.9178836e-02   2.3803882e-01   4.9615746e-02  -2.5752153e-03   1.7128557e-03   7.9449644e-04
  -5.7719744e-02   2.1779684e-01   9.5340142e-04  -2.0717526e-03   1.8122993e-03   3.8671151e-04
  -4.4781797e-02   2.0988474e-01   2.8538428e-02  -1.3127416e-03   1.0889622e-03   6.1494931e-04
  -3.0295772e-03   1.4277987e-01  -2.6698664e-02  -1.2187071e-03   1.2340911e-03   1.2050448e-03
   4.7481368e-02   1.2879597e-01  -1.3454144e-01   3.5131552e-04   1.5844953e-03   1.6933108e-03
   3.4975877e-02   1.4805371e-01  -6.0109033e-02  -9.4351063e-04   1.7216719e-03   1.6882634e-03
   2.3708541e-02   1.8912115e-01  -6.8845492e-03  -1.9231065e-03   1.9326232e-03   1.5888668e-03
   5.3712064e-02   1.6689568e-01   1.8905726e-02  -1.9412418e-03   3.3272891e-03   1.5865692e-03
   7.0709021e-02   1.6366468e-01   7.1669172e-02  -2.3139633e-03   3.8068468e-03   1.1189168e-03
   5.2186514e-02   2.0914741e-01   7.5124275e-02  -3.1625134e-03   3.1851003e-03   4.2442207e-04
   4.4714206e-02   1.8247632e-01   5.7553811e-02  -2.8614588e-03   3.5988368e-03   6.4968774e-04
   3.5039593e-02   1.7695828e-01   6.0814569e-02  -2.7089609e-03   3.2993346e-03   6.2867232e-04
   3.2845235e-02   2.3548054e-01   9.2958674e-02  -3.5953417e-03   3.1281176e-03   7.2996874e-04
   3.7307204e-02   2.0122129e-01   8.3245021e-02  -2.9499182e-03   2.8598454e-03   7.5177240e-04
   5.0105239e-02   1.8351255e-01   5.8426055e-02  -1.7932161e-03   2.8680428e-03   1.0588008e-03
   3.7988144e-02   2.2999018e-01   8.4411376e-02  -3.4691507e-03   2.9710238e-03   8.5819212e-04
   2.8069608e-02   1.9656665e-01   5.9611434e-02  -2.8212008e-03   2.9805792e-03   6.9423395e-04
   2.3522767e-02   1.9380353e-01   5.0772752e-02  -2.6515223e-03   2.9040620e-03   7.9601547e-04
   1.8984909e-02   2.4690148e-01   8.0583912e-02  -3.6296630e-03   2.9192326e-03   6.5912638e-04
   2.0213735e-02   2.0350551e-01   4.8635906e-02  -2.5957586e-03   2.8114365e-03   7.2903004e-04
  -1.6901744e-02   1.8765678e-01  -2.6289133e-02  -1.4234738e-03   3.0204561e-03   8.9816317e-04
   3.4056507e-03   1.8472234e-01  -1.0701349e-01  -9.2022784e-04   2.8082656e-03   8.4716154e-04
  -6.9113492e-03   2.3617163e-01  -2.7031971e-02  -2.4160907e-03   3.3582939e-03   8.3670511e-04
  -8.2192776e-03   2.2807798e-01  -3.4469933e-02  -2.7686423e-03   3.5445600e-03   7.8502657e-04
  -5.8350064e-03   2.0275490e-01  -6.4697403e-02  -2.6649505e-03   3.1959206e-03   5.6342873e-04
  -8.7270588e-03   2.3714104e-01  -4.1076454e-02  -2.1876006e-03   3.0129249e-03   8.1139925e-04
  -1.2612368e-02   2.5420819e-01  -1.2352981e-02  -3.2509487e-03   3.2656901e-03   6.2416553e-04
   2.4040850e-02   2.0531884e-01   8.7197439e-03  -3.1686776e-03   3.7961663e-03   8.1179985e-04
  -9.4868239e-04   2.4674631e-01   2.8817457e-02  -3.6280761e-03   4.1195377e-03   1.9547197e-04
  -1.3564974e-02   2.6572454e-01   2.4790996e-02  -3.8727259e-03   4.4395002e-03   2.2079356e-04
  -9.8754641e-03   2.3576184e-01   7.7789392e-04  -3.7752444e-03   4.4856170e-03   2.9069780e-04
  -1.5107259e-02   1.8750402e-01   5.1392013e-03  -2.9510998e-03   4.1983860e-03   1.6608624e-04
  -3.4390855e-02   2.8823443e-01  -3.8862387e-02  -2.7576694e-03   4.4616632e-03   6.5348829e-05
  -3.3930735e-02   1.4826647e-01  -2.3070091e-01   1.5365054e-04   4.4820204e-03   2.1909350e-04
  -2.9301905e-02   2.1573675e-01  -9.6551249e-02  -6.8238771e-04   4.6984207e-03   6.2364869e-04
  -2.9095153e-02   2.2399146e-01  -9.4025657e-02  -1.7706697e-03   4.8451476e-03   2.7411230e-04
  -1.2805964e-02   1.8474813e-01  -7.5090513e-02  -1.3149557e-03   4.3800185e-03   3.5127095e-04
  -3.0165203e-02   2.1941194e-01  -6.1496560e-02  -2.3302427e-03   4.1918284e-03   5.9432818e-05
  -3.0810500e-02   1.9716416e-01  -9.1435635e-02  -2.0420859e-03   4.1018621e-03   2.0677076e-04
  -2.7305089e-02   2.0383169e-01  -8.3486634e-02  -2.3582143e-03   4.1933742e-03   4.0241018e-04
  -2.6347043e-02   2.2555737e-01  -6.5486340e-02  -2.6326593e-03   4.4802936e-03   4.6904022e-04
  -2.3077770e-02   2.3552070e-01  -8.1013798e-02  -2.8691266e-03   4.5111014e-03   3.5349358e-04
  -2.1033437e-02   2.0831823e-01  -8.4779954e-02  -2.6217570e-03   4.3882486e-03   4.6462568e-04
  -2.3365427e-02   2.5234906e-01  -5.7548943e-02  -3.6767991e-03   4.6207659e-03   6.4809969e-04
  -1.8871307e-02   2.3578502e-01  -6.7200933e-02  -3.3482422e-03   4.7220463e-03   7.4470696e-04
  -1.1276337e-02   2.1389167e-01  -9.7311450e-02  -3.1502366e-03   4.6387521e-03   6.3846748e-04
  -2.2707417e-02   2.3374657e-01  -8.9736531e-02  -3.3248345e-03   4.5886409e-03   3.4957207e-04
  -3.0787702e-02   2.5963473e-01  -4.6674702e-02  -3.7825723e-03   4.7253867e-03   6.0071330e-04
  -2.7040084e-02   2.4063578e-01  -6.1100164e-02  -3.3660450e-03   4.7272035e-03   5.5976647e-04
  -2.4311417e-02   2.1608406e-01  -6.3118661e-02  -2.8520014e-03   4.4696985e-03   7.6340152e-04
  -3.4965930e-02   2.6981412e-01  -5.0628906e-02  -3.7556176e-03   4.7534374e-03   5.1698561e-04
  -3.2680898e-02   2.4401761e-01  -9.6474794e-02  -3.4322556e-03   4.7123668e-03   3.2252739e-04
  -3.3061111e-02   2.1987621e-01  -1.0328885e-01  -3.0864288e-03   4.5028097e-03   3.2872284e-04
  -4.1234927e-02   2.5891267e-01  -5.7911193e-02  -3.3106579e-03   4.6868703e-03   4.3711951e-04
  -3.7613480e-02   2.3528981e-01  -5.7122949e-02  -2.1820453e-03   4.7469422e-03   6.8741428e-04
  -3.6870704e-02   2.1927308e-01  -5.8909317e-02  -2.2807336e-03   4.6209816e-03   6.8472736e-04
   2.4190064e-02   1.7995853e-01  -3.6652025e-02  -1.3610535e-03   4.4189113e-03   9.1596872e-04
   4.2003866e-03   8.9196094e-02  -3.4487628e-01   9.6198767e-04   4.1580243e-03   3.2505389e-04
  -2.5115334e-02   7.2250702e-02  -3.1655719e-01   2.1007468e-03   4.2994997e-03   5.1962707e-04
  -1.1401632e-02   1.6693172e-01  -2.9124101e-01   7.6421628e-04   4.5254537e-03   2.3388390e-04
  -1.4227753e-02   1.5730882e-01  -2.5251100e-01   5.1672160e-04   4.3510294e-03   3.3851048e-04
  -2.5825510e-02   2.2495971e-01  -2.1959162e-01   1.4216088e-04   4.5258944e-03   4.7727867e-04
  -3.0259525e-02   1.9670083e-01  -2.2440459e-01  -4.7995709e-05   4.4868636e-03   3.3961021e-04
  -2.9759878e-02   1.6030724e-01  -2.2745746e-01  -1.1684338e-05   4.3508047e-03   3.1107250e-04
  -3.8181297e-02   2.1334160e-01  -1.9764132e-01  -9.1755662e-04   4.3770094e-03   3.5041847e-04
  -4.4824187e-02   2.0792372e-01  -2.2552013e-01   3.4744471e-04   3.9599018e-03   3.7865493e-04
  -4.8855004e-02   1.8335204e-01  -2.1933305e-01  -8.3101847e-05   4.0496400e-03   3.6615161e-04
  -5.4142011e-02   2.3687342e-01  -1.7782842e-01  -8.9050110e-04   4.2979037e-03   4.1335751e-04
  -5.3092355e-02   2.1806280e-01  -1.9533650e-01  -2.4096007e-04   4.3662715e-03   3.8930154e-04
  -5.1938136e-02   1.8565252e-01  -2.0962073e-01   1.2780398e-04   4.4456660e-03   3.6153436e-04
  -5.7267879e-02   2.0414219e-01  -1.9174387e-01  -5.0761628e-04   4.3880712e-03   2.9092884e-04
  -6.3201843e-02   2.3702075e-01  -1.9811068e-01  -4.9061223e-04   4.5568789e-03   3.6200820e-04
  -8.4174164e-02   2.1863731e-01  -2.5882947e-01   2.6108566e-04   5.0484419e-03   1.5532283e-04
  -4.8188569e-02   1.0455712e-01  -3.6380812e-01   2.9946551e-03   5.1728278e-03   1.5610751e-04
  -6.9818110e-02   1.6347008e-01  -2.9036348e-01   4.3046500e-03   5.5903264e-03   3.9348342e-05
  -7.4454564e-02   1.6869042e-01  -2.7491658e-01   3.8388752e-03   5.3148157e-03  -4.3876492e-05
  -6.9012397e-02   1.2677661e-01  -2.9809181e-01   4.3465720e-03   5.3649430e-03   1.3377050e-05
  -6.2659503e-02   1.4773793e-01  -2.7407903e-01   3.6391948e-03   5.3310536e-03   1.6775088e-04
  -5.3310342e-02   1.8077531e-01  -2.5788042e-01   2.3975919e-03   5.5882365e-03   2.7962674e-04
  -4.9179595e-02   1.4513849e-01  -2.9233804e-01   2.3651867e-03   5.5747451e-03   1.0610683e-04
  -5.0489085e-02   1.4129933e-01  -3.1297230e-01   2.5883436e-03   5.6761506e-03   1.8356235e-04
  -5.2479002e-02   1.9568427e-01  -2.8221434e-01   1.9764842e-03   5.9624468e-03   3.2068325e-04
  -4.3645266e-02   1.9390030e-01  -3.1561091e-01   2.0181497e-03   5.8043152e-03   2.1623230e-04
  -3.6430528e-02   1.4128760e-01  -3.4368219e-01   3.2306688e-03   5.6936156e-03   2.9942949e-04
  -3.2390012e-02   1.7314467e-01  -2.9862286e-01   2.3413305e-03   5.6498275e-03   3.3544391e-04
  -4.2495463e-02   1.8111726e-01  -3.1611853e-01   1.9140353e-03   5.7339816e-03   1.3912732e-04
  -4.6787049e-02   1.4238854e-01  -3.3316407e-01   3.0432471e-03   5.8537855e-03   1.1620519e-04
  -5.1729905e-02   1.4214049e-01  -3.0430723e-01   2.9422998e-03   5.9195409e-03   1.2745843e-04
  -5.6026598e-02   1.6324274e-01  -2.8674174e-01   2.5979786e-03   5.8917151e-03   7.5669475e-05
  -5.0837840e-02   1.4777231e-01  -2.9772230e-01   2.3615488e-03   5.7706613e-03  -1.7409857e-06
  -4.8676252e-02   1.6031418e-01  -2.5339800e-01   1.9018977e-03   5.8093329e-03   6.8352638e-05
  -6.0844488e-02   1.9545223e-01  -2.5525232e-01   1.3421472e-03   5.8777269e-03  -1.2949550e-04
  -6.0355831e-02   1.6291284e-01  -3.1382498e-01   1.8556780e-03   5.8263304e-03  -2.4627240e-04
  -6.1551970e-02   1.8091746e-01  -2.9867275e-01   1.6264061e-03   5.7649771e-03  -2.5261744e-04
  -6.7980368e-02   2.1710996e-01  -2.9612694e-01   1.3862420e-03   5.5366061e-03  -5.2409532e-04
  -6.1922178e-02   2.0796988e-01  -3.2712109e-01   1.6535430e-03   5.3975978e-03  -4.8654230e-04
  -5.9283526e-02   2.1115584e-01  -3.4946719e-01   1.7500714e-03   5.4582391e-03  -5.0990846e-04
  -7.3342306e-02   2.0442879e-01  -3.2562934e-01   2.2842431e-03   5.3487383e-03  -6.7711980e-04
  -8.9175415e-02   8.9427804e-02  -3.9131719e-01   6.0104213e-03   5.4832700e-03  -7.1855469e-04
  -7.8514620e-02   1.3594730e-01  -3.4356302e-01   4.2724407e-03   5.7464533e-03  -7.4725308e-04
  -5.0833043e-02   1.2791328e-01  -3.7353229e-01   5.8335144e-03   6.3177076e-03  -3.3130455e-04
  -5.9375653e-02   1.6625283e-01  -3.3795228e-01   4.8620291e-03   6.1169126e-03  -4.7369013e-04
  -6.0307584e-02   1.6702718e-01  -3.2593937e-01   4.7078319e-03   6.2292428e-03  -3.3931068e-04
  -6.5982886e-02   1.4551801e-01  -2.9269823e-01   5.5890745e-03   6.5394617e-03  -3.3788990e-04
  -3.3282467e-02   1.1281748e-01  -3.3577937e-01   5.9881995e-03   7.0625157e-03  -1.0713535e-03
  -4.6875006e-02   4.7320201e-02  -4.1789056e-01   7.3833195e-03   7.2259049e-03  -1.4480152e-03
  -6.4122522e-02   1.2461106e-01  -3.7178397e-01   5.6225466e-03   7.4646056e-03  -1.4447970e-03
  -5.8769449e-02   1.2061675e-01  -3.8391577e-01   5.7530786e-03   7.4903856e-03  -1.2918695e-03
  -3.3020787e-02   7.6432047e-02  -3.5655344e-01   6.2250503e-03   7.6521735e-03  -1.6549274e-03
  -6.7367477e-02   1.2006787e-01  -2.7794778e-01   4.7574303e-03   7.6505516e-03  -1.0587752e-03
  -7.0708802e-02   9.0314044e-02  -3.2625074e-01   5.2773743e-03   7.6113133e-03  -1.2628526e-03
  -6.4120958e-02   9.6427205e-02  -3.2557842e-01   4.8013945e-03   7.6305591e-03  -1.1340733e-03
  -6.6578971e-02   1.2092156e-01  -3.1255287e-01   4.4880267e-03   7.5440542e-03  -1.3317859e-03
  -6.3251500e-02   1.2777779e-01  -3.3046725e-01   4.5441255e-03   7.7832770e-03  -1.3321666e-03
  -6.2406339e-02   1.2823941e-01  -3.4888049e-01   5.0400742e-03   7.8037892e-03  -1.2488333e-03
  -6.2077929e-02   1.6632822e-01  -3.1735254e-01   4.2897688e-03   8.0111526e-03  -1.1644970e-03
  -5.2443482e-02   1.4275377e-01  -3.2579019e-01   4.6635475e-03   8.1590031e-03  -1.1348537e-03
  -5.0083778e-02   1.5055863e-01  -3.2345842e-01   4.6517263e-03   8.4141970e-03  -1.1301368e-03
  -4.9010892e-02   1.2315634e-01  -3.3884471e-01   4.9649539e-03   8.5473517e-03  -1.0991241e-03
   8.2968217e-03   2.5711694e-02  -3.8801467e-01   6.4600896e-03   9.6553883e-03  -4.9317390e-04
  -3.7819072e-02   1.6084990e-01  -4.3006450e-01   6.7553473e-03   8.6996742e-03  -7.0964947e-04
  -2.0782375e-03   7.6132500e-02  -4.4200680e-01   7.9646884e-03   8.6363282e-03   2.9867854e-04
  -1.1065192e-02   8.3923262e-02  -4.1873637e-01   7.7035505e-03   8.7053088e-03   2.8886629e-04
  -1.5313394e-02   8.7748605e-02  -3.8897202e-01   7.3426391e-03   8.7211529e-03   1.9368262e-04
  -1.6961320e-02   8.9310176e-02  -3.9365408e-01   6.1893985e-03   8.4972657e-03   2.8350717e-05
  -4.6889278e-02   5.6465410e-02  -3.9419965e-01   6.9147005e-03   8.1285554e-03  -3.0081700e-04
  -6.1000755e-02   9.9856708e-02  -3.6081422e-01   6.3795829e-03   8.1442934e-03  -4.1438220e-04
  -6.5176330e-02   1.1994428e-01  -3.6772417e-01   6.0425014e-03   8.1856922e-03  -6.1118209e-04
  -6.5063144e-02   9.7847927e-02  -3.8517601e-01   6.3311812e-03   8.1666302e-03  -6.8873226e-04
  -6.9331008e-02   1.1371947e-01  -3.6721334e-01   5.9282211e-03   8.1959481e-03  -7.3441388e-04
  -7.2705562e-02   1.2940949e-01  -3.5728842e-01   5.7784662e-03   8.4104155e-03  -6.7923388e-04
  -6.7163472e-02   1.2466574e-01  -3.7346307e-01   5.9207010e-03   8.4807769e-03  -6.8234114e-04
  -5.8765051e-02   1.0945370e-01  -3.9717010e-01   6.6650478e-03   8.2782134e-03  -5.8106873e-04
   2.4617400e-03   9.5403518e-02  -3.3415809e-01   5.8572932e-03   9.8966344e-03  -7.8888873e-04
  -1.8535042e-02   8.9000620e-02  -2.6858063e-01   5.7020874e-03   9.2579157e-03  -4.2609096e-04
  -2.6962233e-02   5.0850297e-02  -3.1723350e-01   5.8821949e-03   9.1768575e-03  -5.5498896e-04
  -2.5571505e-02   3.5944242e-02  -3.1890611e-01   6.7087993e-03   9.1238147e-03  -5.2013544e-04
  -2.6085041e-02   5.5874922e-02  -3.0348719e-01   6.6095004e-03   9.0477985e-03  -5.9487283e-04
  -3.3960101e-02   8.1636550e-02  -3.0697824e-01   6.8123530e-03   8.9948598e-03  -6.2515468e-04
  -2.6131526e-02   4.7871422e-02  -3.0737977e-01   6.4970120e-03   9.1865986e-03  -4.9842474e-04
  -3.7336777e-02   9.1082537e-02  -2.5815234e-01   5.8597316e-03   9.5331455e-03  -5.3085876e-04
  -2.9678144e-02   6.6648381e-02  -2.7901716e-01   6.3147996e-03   9.4942726e-03  -5.7645042e-04
  -2.6711535e-02   5.9914852e-02  -2.9303997e-01   6.4780489e-03   9.5709366e-03  -6.0386589e-04
  -2.7345460e-02   7.5611603e-02  -2.8113659e-01   5.9829574e-03   9.5972857e-03  -6.0477925e-04
  -3.3837109e-02   9.2214760e-02  -2.9342336e-01   5.6824662e-03   9.5543001e-03  -7.4872275e-04
  -1.6368844e-02   2.5595803e-02  -2.9454071e-01   6.6178283e-03   9.4998270e-03  -8.4344836e-04
  -2.5803662e-02   5.4145946e-02  -2.8730674e-01   6.5670391e-03   9.6029359e-03   1.3397764e-04
   1.2309227e-03  -1.2577019e-03  -4.2066353e-01   7.8679815e-03   9.5476773e-03  -2.2649554e-04
  -1.9813354e-02   3.0105878e-03  -3.5772245e-01   8.5452544e-03   9.0809390e-03  -1.6012651e-04
  -1.6495891e-02   3.7622429e-02  -3.1114225e-01   8.0570636e-03   8.5420622e-03   3.7457941e-05
   1.2224298e-02  -8.7682407e-02  -4.5470353e-01   9.7977115e-03   8.3057419e-03  -1.6378588e-04
   9.5916283e-04   3.9298377e-02  -3.4953883e-01   8.1992266e-03   8.7727666e-03  -7.6936461e-05
  -7.1986820e-03   2.1162663e-02  -3.8243672e-01   8.4452034e-03   9.0415268e-03  -1.5564304e-04
  -1.0955969e-02   3.5152400e-02  -3.7646462e-01   8.2080759e-03   8.8441979e-03  -2.7155647e-04
  -1.7510952e-02   5.3692361e-02  -3.4825022e-01   8.0375722e-03   8.8823999e-03  -3.2700266e-04
  -1.3963275e-02  -6.0195929e-03  -3.5257063e-01   9.0775214e-03   9.0833262e-03  -3.6196133e-04
   2.5032941e-03   5.5500243e-02  -3.4025802e-01   7.7751051e-03   8.8238451e-03  -3.3343503e-04
  -5.1619785e-03   8.1573992e-03  -3.6892968e-01   8.1129158e-03   8.9658759e-03  -3.7405129e-04
  -1.2948097e-02   5.9348736e-02  -3.3946505e-01   7.2030944e-03   9.1130483e-03  -4.1470551e-04
  -1.4857605e-02   3.9987455e-02  -3.7393973e-01   7.5262763e-03   9.2047989e-03  -3.3831144e-04
  -1.4784540e-02   1.7237535e-02  -3.7431114e-01   7.8998165e-03   9.0814678e-03  -3.9833537e-04
  -2.0074209e-02   6.9868309e-02  -3.4360774e-01   7.3685583e-03   9.2529340e-03  -3.2932353e-04
  -1.7625380e-02   5.3435383e-02  -3.5478125e-01   7.8891741e-03   9.3870134e-03  -3.0966433e-04
   6.6716809e-03   2.3356867e-02  -3.8335103e-01   8.1856795e-03   9.1642755e-03  -4.2380629e-04
   4.4200560e-04   4.7388708e-02  -3.5037355e-01   7.7458190e-03   9.1482098e-03  -2.2994635e-04
  -5.9315981e-03   7.9046316e-02  -3.4256455e-01   7.9307888e-03   9.1923516e-03  -1.3536465e-04
  -5.2636807e-03   2.0747991e-02  -3.4879170e-01   8.1145346e-03   9.1600662e-03  -2.7948005e-04
  -1.4844769e-02   4.4309615e-02  -3.3319997e-01   8.4127171e-03   8.9686055e-03  -5.0442703e-05
  -1.8883664e-02   1.1502959e-01  -2.5270215e-01   6.9372582e-03   9.0037462e-03  -3.3526452e-04
  -1.8806543e-02   2.6418414e-01   3.4376205e-01   4.4948658e-03   7.5275297e-03   5.9457353e-04
  -8.3991492e-03  -6.8339307e-02  -3.5139287e-01   8.4100053e-03   9.2236999e-03   4.6952056e-04
   1.4061123e-02  -2.5380886e-02  -4.9355461e-01   1.1371911e-02   9.5618085e-03  -3.6596895e-04
   2.2208616e-02   1.0133874e-02  -4.3417445e-01   1.1395948e-02   1.0086623e-02   1.0097225e-04
   2.7834733e-02   2.6912471e-02  -4.1518227e-01   1.1385053e-02   1.0097466e-02   2.7377901e-04
   2.3753395e-02   2.9663357e-03  -3.6371486e-01   1.0953006e-02   1.0039186e-02   1.2492947e-04
   2.1953321e-02   5.2461856e-03  -3.2060175e-01   1.0144902e-02   9.9096868e-03  -3.9226504e-05
   2.7300392e-02  -3.6239658e-02  -3.3771317e-01   9.8880575e-03   9.9208697e-03  -1.6306392e-04
   2.8740672e-02  -1.1395139e-02  -3.0111032e-01   9.3219551e-03   1.0150339e-02  -2.0859633e-04
   2.9622834e-02  -1.0143416e-03  -3.0878971e-01   9.0849100e-03   1.0072890e-02  -3.0115000e-04
   3.3180529e-02  -1.6756196e-03  -3.6507458e-01   8.8831193e-03   1.0230717e-02  -4.2543378e-04
   9.3793000e-02  -3.1184877e-02  -3.4318831e-01   8.9323044e-03   1.1166176e-02  -1.7964111e-04
   2.8682740e-02   1.6335953e-02  -2.9952992e-01   8.0965343e-03   1.0169393e-02  -6.5607607e-04
   2.5852425e-02  -7.9567386e-02  -4.7215088e-01   1.0549072e-02   9.5897791e-03  -3.8850614e-04
   5.0679345e-02  -1.0945480e-01  -5.6684127e-01   1.1344038e-02   9.9632859e-03  -7.2659827e-04
   2.1007528e-02   2.9168335e-02  -4.2135177e-01   1.0226820e-02   1.0069964e-02  -4.4022908e-04
   3.0612941e-02  -2.2859622e-03  -4.4601658e-01   1.0400098e-02   1.0200880e-02  -5.9566897e-04
   3.0197407e-02   2.0979264e-02  -4.2585122e-01   1.0802191e-02   1.0250251e-02  -3.1636786e-04
   2.6227851e-02   3.3334554e-02  -4.0314628e-01   1.0479748e-02   1.0374066e-02  -4.3435096e-04
   2.4073569e-02   6.5779513e-03  -4.0456343e-01   1.0382888e-02   1.0392821e-02  -5.2753958e-04
   5.9082842e-02   1.4333594e-02  -4.0329371e-01   9.3219388e-03   1.0657652e-02  -3.7344147e-04
   2.0915117e-02   4.4619982e-02  -2.7734435e-01   8.8634018e-03   1.1072433e-02  -5.2975440e-04
   1.9618810e-02   4.4709414e-02  -2.9835762e-01   9.0180062e-03   1.1067956e-02  -5.2071158e-04
   1.4803241e-02   2.3062344e-02  -3.2555130e-01   9.9627280e-03   1.0989045e-02  -4.9654386e-04
   1.5539425e-02   5.4488688e-02  -3.5035227e-01   1.0161654e-02   1.0560343e-02  -3.8958730e-04
  -2.6464468e-03   5.6621824e-02  -3.7093227e-01   1.0082201e-02   1.0596831e-02  -4.1446579e-05
   1.2818021e-02  -1.2718896e-02  -3.7411667e-01   1.0442782e-02   1.0871915e-02   1.3556489e-04
  -1.8450745e-02   3.2377583e-02  -3.5028137e-01   9.5835864e-03   1.0539254e-02  -8.2496305e-05
  -1.7350799e-02   2.3756636e-02  -3.8090178e-01   9.8407007e-03   1.0512410e-02  -4.3423379e-04
  -2.2041843e-02   8.7858710e-03  -3.8689687e-01   9.9893372e-03   1.0297919e-02  -4.3914720e-04
  -3.2510933e-02   5.2943403e-02  -3.5892014e-01   9.5183282e-03   1.0263936e-02  -5.2076046e-04
  -2.0453588e-02   3.1264833e-02  -3.7118193e-01   9.7276736e-03   1.0473759e-02  -6.1709835e-04
  -5.9072906e-03   5.0222296e-03  -3.7418557e-01   1.0195702e-02   1.0522733e-02  -2.8395285e-04
  -1.2428675e-02   5.2867786e-02  -3.4255815e-01   8.9152118e-03   1.0510388e-02  -3.0280851e-04
  -1.3776430e-02   2.0315396e-02  -3.5537431e-01   9.3340285e-03   1.0708536e-02  -4.3454966e-04
  -1.3124492e-02   1.4196925e-02  -3.3831738e-01   9.4206120e-03   1.0578765e-02  -1.5313422e-04
  -9.9261129e-03   5.6792012e-02  -3.3644386e-01   8.6324158e-03   1.0762472e-02  -2.4698573e-04
  -5.2306896e-03   1.8321706e-02  -3.7413429e-01   9.7171594e-03   1.0620046e-02  -9.9636074e-05
   2.7482922e-03   3.4562113e-02  -3.2954775e-01   1.0481267e-02   9.4904052e-03  -7.7875871e-05
   2.2571345e-02  -1.7145173e-01  -5.0637370e-01   1.3176817e-02   1.0079427e-02  -5.1493760e-04
   2.6974872e-02  -7.6566602e-02  -5.5523325e-01   1.2231708e-02   1.0604867e-02  -8.2724215e-04
   2.4335601e-02   2.5448415e-03  -4.5723192e-01   1.2604633e-02   1.0561684e-02  -1.0987669e-04
   1.4767455e-02  -3.1983997e-02  -4.6199879e-01   1.2232312e-02   1.0682546e-02  -1.9609508e-04
   2.1932393e-03  -5.6478351e-02  -4.3149609e-01   1.2927892e-02   1.0752562e-02  -3.2642828e-04
   1.9552114e-02   1.5971537e-02  -3.8709379e-01   1.1786060e-02   1.0568395e-02  -9.0251558e-05
   3.0308242e-02  -1.0661896e-01  -3.9195315e-01   1.3345508e-02   1.1318301e-02   2.8374537e-04
   1.5194072e-02  -7.0132436e-03  -4.0264754e-01   1.1913513e-02   1.1277805e-02  -4.7388151e-05
   4.0887718e-02  -1.6897243e-02  -3.5060602e-01   1.1000015e-02   1.0890062e-02  -5.5029785e-04
   2.0221781e-02  -2.4786031e-02  -4.0228431e-01   1.2180634e-02   1.0840920e-02  -2.8688200e-04
   1.0666429e-02   1.1661920e-02  -3.8266722e-01   1.1033408e-02   1.1130779e-02  -3.6526309e-04
  -8.1897122e-04  -3.7114343e-02  -4.0216171e-01   1.1497454e-02   1.1276441e-02  -3.9431887e-04
  -6.4662201e-03  -1.8338155e-02  -3.7677997e-01   1.1230067e-02   1.1393746e-02  -3.2893320e-04
   5.4322238e-03  -1.9867927e-02  -3.6432062e-01   1.1499793e-02   1.0983773e-02  -3.2296439e-04
  -3.5826345e-04  -5.3315371e-02  -3.9480759e-01   1.1779720e-02   1.1425844e-02  -3.6538630e-04
  -7.0852629e-03   1.2590271e-02  -3.6846872e-01   1.1051735e-02   1.1574210e-02  -4.2159610e-04
  -3.4663938e-03   9.3529404e-03  -4.0052061e-01   1.0916775e-02   1.1490236e-02  -6.2311241e-04
   1.9449992e-03  -1.3491636e-03  -4.3201821e-01   1.1831368e-02   1.1259408e-02  -4.6200816e-04
  -1.8275908e-03   3.8609280e-02  -3.8339025e-01   1.1205788e-02   1.1571034e-02  -4.4517632e-04
  -2.8001827e-02   3.6099322e-02  -3.1870726e-01   1.0455704e-02   1.0956447e-02   2.6632578e-04
  -5.2154714e-02  -3.0551621e-02  -4.1903416e-01   1.2643456e-02   1.0566347e-02   1.7757016e-05
  -4.2784288e-02   2.0396542e-02  -4.2688611e-01   1.2135817e-02   1.0791400e-02  -3.2269299e-04
  -3.2539471e-02  -1.2332028e-02  -4.2783838e-01   1.3179153e-02   1.0520430e-02  -7.2135972e-05
  -4.8747227e-02  -7.7145256e-03  -3.9753811e-01   1.2406247e-02   1.1037535e-02  -3.3564655e-04
  -4.7408629e-02  -3.8748578e-02  -4.1318818e-01   1.3114171e-02   1.0845896e-02  -2.3864658e-04
  -4.8559400e-02   8.7260532e-03  -3.7575948e-01   1.1922303e-02   1.0822660e-02  -2.9847294e-04
  -2.3799245e-02  -3.9131612e-03  -3.4468357e-01   1.1194988e-02   1.1395557e-02  -3.4392924e-04
  -5.9206786e-02  -1.4786104e-01  -4.8184080e-01   1.4266524e-02   1.0817987e-02  -7.0186444e-04
  -4.1765240e-02  -3.4797668e-02  -5.0180448e-01   1.3608659e-02   1.0702917e-02  -8.8315034e-04
  -4.8575826e-02  -3.9976659e-02  -4.7238522e-01   1.3248098e-02   1.0709528e-02  -5.1703267e-04
  -3.9164177e-02  -8.9077292e-02  -4.2798550e-01   1.4091934e-02   1.0803354e-02  -3.2003759e-04
  -6.6512912e-02  -6.3205323e-02  -3.8087047e-01   1.3475539e-02   1.1433307e-02  -7.1392100e-04
  -5.2332947e-02  -3.9755521e-02  -4.2018828e-01   1.3192495e-02   1.1332985e-02  -7.5957477e-04
  -6.2703313e-02  -4.9727893e-02  -4.1838309e-01   1.3331442e-02   1.1068295e-02  -5.9450708e-04
  -6.8532775e-02  -3.0021061e-02  -4.2371851e-01   1.3472893e-02   1.1207138e-02  -7.2765702e-04
  -7.2380527e-02  -4.0621722e-02  -4.4104340e-01   1.3168767e-02   1.1082251e-02  -7.2156480e-04
  -7.4633962e-02  -9.4939668e-02  -4.6616084e-01   1.3983008e-02   1.0561403e-02  -4.2227619e-04
  -6.6302767e-02  -4.7637851e-02  -4.9671227e-01   1.4171970e-02   1.0296170e-02  -7.6941231e-04
  -5.9716508e-02  -6.1422188e-02  -4.7799936e-01   1.4391752e-02   1.0318892e-02  -5.2133276e-04
  -6.7201696e-02   1.0469767e-02  -4.4447038e-01   1.3184156e-02   1.0450787e-02  -4.7843111e-04
  -6.6614512e-02  -1.8114109e-02  -4.7288031e-01   1.3753896e-02   1.0603476e-02  -5.9834390e-04
  -6.2558424e-02  -3.5285519e-02  -4.7069319e-01   1.4036221e-02   1.0589630e-02  -5.1355742e-04
  -6.9552310e-02   1.0336186e-03  -4.4366469e-01   1.3262528e-02   1.0630846e-02  -5.5935485e-04
  -6.7029103e-02  -1.6882575e-02  -4.6501589e-01   1.3524570e-02   1.0751151e-02  -6.3468025e-04
  -6.8671393e-02  -3.6451118e-02  -4.5515951e-01   1.3930919e-02   1.0811273e-02  -5.0119512e-04
  -7.7191933e-02   1.3513188e-02  -4.4884912e-01   1.3808311e-02   1.0349605e-02  -4.9461412e-04
  -4.1313806e-02  -4.4666710e-02  -4.9112013e-01   1.5035924e-02   1.0356974e-02  -1.3661408e-04
  -7.0191230e-02  -2.6806083e-02  -4.4539719e-01   1.3643665e-02   1.0384302e-02  -8.2925491e-04
  -7.3613430e-02  -1.8991829e-02  -4.4682740e-01   1.3021100e-02   1.0506905e-02  -9.0945088e-04
  -7.1062449e-02  -6.0968180e-02  -4.4143383e-01   1.3509154e-02   1.0753120e-02  -1.0574081e-03
  -8.3546585e-02  -5.8252489e-02  -4.3740830e-01   1.3576478e-02   1.0697528e-02  -9.6222187e-04
  -8.7565810e-02  -3.0042535e-02  -4.3154979e-01   1.3351847e-02   1.0640797e-02  -1.0603933e-03
  -8.1089708e-02  -5.8362283e-02  -4.5621443e-01   1.3575010e-02   1.0666887e-02  -1.0796539e-03
  -8.3893227e-02  -6.7184194e-02  -4.4928579e-01   1.4145224e-02   1.0788061e-02  -1.0277917e-03
  -8.2447512e-02  -3.8592256e-02  -4.3494283e-01   1.3930873e-02   1.0838453e-02  -1.0356476e-03
  -7.1811712e-02  -5.0433093e-02  -4.5647610e-01   1.3851564e-02   1.0719214e-02  -1.2050609e-03
  -7.0829415e-02  -3.3965185e-02  -4.4753591e-01   1.3901795e-02   1.0761133e-02  -1.1629467e-03
  -5.7549342e-02   1.1258359e-01  -3.0272380e-01   1.1288091e-02   1.0528038e-02  -1.5033531e-03
  -8.4916816e-02   6.3360471e-02   1.3454339e-02   1.2041889e-02   9.6305867e-03  -1.5546840e-03
  -4.5031332e-02  -1.5136293e-01  -5.5929812e-01   1.4842431e-02   1.0837326e-02  -1.3492525e-03
  -4.0450213e-02  -1.1648881e-02  -5.0127377e-01   1.4915513e-02   1.0832618e-02  -1.3606604e-03
  -5.4961484e-02  -6.8301790e-02  -4.9348307e-01   1.5625997e-02   1.0752095e-02  -1.1501109e-03
  -6.1601861e-02  -2.8469487e-02  -4.5195491e-01   1.5230216e-02   1.0969560e-02  -8.7771011e-04
  -4.2036293e-02  -1.2708682e-01  -4.3766523e-01   1.6234203e-02   1.1312503e-02  -5.8284195e-04
  -3.6763989e-02  -4.3092233e-02  -3.9273688e-01   1.4680130e-02   1.1225351e-02  -4.9833956e-04
  -3.8264611e-02  -7.5143071e-02  -4.1222987e-01   1.4670672e-02   1.1021474e-02  -7.4605919e-04
  -3.7678664e-02  -6.8841339e-02  -4.3651484e-01   1.4182543e-02   1.1086262e-02  -7.5606558e-04
   2.7539481e-02  -4.8590793e-02  -4.4427575e-01   1.3384810e-02   1.1088851e-02  -6.6412930e-04
  -1.3351736e-02  -1.9843234e-01  -5.4828462e-01   1.5091513e-02   1.3026263e-02  -1.4535863e-03
  -2.9136241e-02  -6.4639546e-02  -4.9803333e-01   1.5826678e-02   1.2500335e-02  -1.2411215e-03
  -1.7873244e-02  -6.4752081e-02  -5.0799484e-01   1.5693095e-02   1.2137846e-02  -4.6488180e-04
  -4.0335097e-02  -2.5987211e-02  -4.9310528e-01   1.4843785e-02   1.1726680e-02  -6.3156889e-04
  -3.6802448e-02  -5.0892169e-02  -5.2695080e-01   1.4438264e-02   1.1750324e-02  -7.8733443e-04
  -3.3828673e-02  -5.5500904e-02  -5.2628064e-01   1.4655472e-02   1.1596411e-02  -7.6352038e-04
  -3.9122445e-02  -4.3297453e-02  -4.7245242e-01   1.4223056e-02   1.1662835e-02  -8.2068379e-04
  -4.6313018e-02  -3.5552614e-02  -4.7762809e-01   1.3820481e-02   1.1768708e-02  -9.0474274e-04
  -4.0427263e-02  -6.3927133e-02  -4.7361679e-01   1.3934071e-02   1.1716372e-02  -8.3468736e-04
  -5.1815778e-02  -1.8031558e-02  -4.6119418e-01   1.3139091e-02   1.1798513e-02  -7.1212998e-04
  -4.6466783e-02  -1.7469903e-02  -4.7858989e-01   1.3709186e-02   1.1771228e-02  -5.9333296e-04
  -3.7678848e-02  -2.6500869e-02  -4.8270860e-01   1.4281526e-02   1.1437952e-02  -6.3413241e-04
  -6.2678626e-02  -2.4835841e-03  -3.7668258e-01   1.2631501e-02   1.1381078e-02  -8.0821913e-04
  -5.2677614e-02  -3.2115484e-02  -4.6990700e-01   1.3898944e-02   1.1552468e-02  -6.8000310e-04
  -4.8641619e-02  -3.9758114e-02  -4.8923999e-01   1.4391128e-02   1.1567031e-02  -6.1281214e-04
  -6.0750861e-02   8.3161658e-03  -4.7799555e-01   1.3657161e-02   1.1674277e-02  -6.3916166e-04
  -5.7096763e-02  -3.6919524e-02  -4.9534074e-01   1.4366462e-02   1.1737005e-02  -5.4958982e-04
  -5.4035850e-02  -4.0517978e-02  -4.9839366e-01   1.3995282e-02   1.1552570e-02  -6.7556698e-04
  -5.8542809e-02  -1.8491378e-02  -4.6787190e-01   1.3656337e-02   1.1506468e-02  -7.0797230e-04
  -6.1594432e-02  -3.9048169e-02  -4.7110944e-01   1.4021381e-02   1.1301961e-02  -7.5146890e-04
  -5.8433743e-02  -6.1277845e-02  -4.6755468e-01   1.4545862e-02   1.1428215e-02  -6.1434537e-04
  -6.0632716e-02  -3.5043920e-02  -4.3991807e-01   1.4012437e-02   1.1386775e-02  -5.2498560e-04
  -5.1785895e-02  -5.4626856e-02  -4.0124163e-01   1.4011414e-02   1.1369262e-02  -5.0416161e-04
  -6.5342395e-02  -1.9087055e-01  -5.9089072e-01   1.6256366e-02   1.0964766e-02  -7.9906382e-04
  -7.3523955e-02  -3.0366772e-02  -5.3438021e-01   1.6042464e-02   1.0851572e-02  -1.0424546e-03
  -6.5343716e-02  -6.3837942e-02  -5.5709107e-01   1.5225672e-02   1.0957017e-02  -1.0499276e-03
  -8.1978039e-02   8.1673590e-03  -4.4352614e-01   1.4510560e-02   1.0853061e-02  -1.0652998e-03
  -5.3278708e-02  -7.7783754e-02  -4.8483706e-01   1.4349049e-02   1.1737223e-02  -1.3914543e-03
  -5.8060830e-02  -6.2769976e-02  -4.1242612e-01   1.4258736e-02   1.1615765e-02  -1.0088036e-03
  -6.1603205e-02  -3.4490605e-02  -3.9590808e-01   1.3769978e-02   1.1573510e-02  -1.1616991e-03
  -6.3978282e-02  -3.6867295e-02  -4.0616477e-01   1.4220805e-02   1.1773045e-02  -1.0747195e-03
  -5.5315431e-02  -5.8589738e-02  -4.1730123e-01   1.4269400e-02   1.1846199e-02  -1.0738918e-03
  -5.8848007e-02  -3.4304514e-02  -3.3292023e-01   1.3525461e-02   1.1864777e-02  -8.7743226e-04
  -6.1338707e-02  -1.5982960e-02  -3.2242522e-01   1.3084730e-02   1.1841253e-02  -7.8502399e-04
  -6.2330014e-02  -3.4401027e-02  -3.3468148e-01   1.3485555e-02   1.1829703e-02  -6.6526386e-04
  -5.8255233e-02  -5.7161740e-02  -3.6786421e-01   1.3925250e-02   1.1853053e-02  -6.7216613e-04
  -5.2493612e-02  -5.6600995e-02  -4.6242441e-01   1.4176949e-02   1.1560938e-02  -8.3852048e-04
  -5.3738301e-02  -3.1707846e-02  -4.4807667e-01   1.4147604e-02   1.1804708e-02  -7.5411312e-04
  -1.6050623e-02  -8.0505306e-02  -4.3405012e-01   1.4745364e-02   1.2090976e-02  -5.1390874e-04
  -5.8429822e-02  -6.2595290e-02  -4.3767249e-01   1.4352496e-02   1.1909566e-02  -1.1181629e-03
  -5.7622285e-02  -5.8898549e-02  -4.3674924e-01   1.4405878e-02   1.1951012e-02  -1.4120596e-03
  -6.6832409e-02  -8.9613620e-02  -4.5407032e-01   1.5073832e-02   1.2186733e-02  -1.3390941e-03
  -6.6164630e-02  -9.3537266e-02  -4.7466959e-01   1.5650049e-02   1.2011444e-02  -1.4040359e-03
  -6.4946247e-02  -6.4643532e-02  -4.6544210e-01   1.5611897e-02   1.2153074e-02  -1.3514460e-03
  -6.2785943e-02  -7.1235963e-02  -4.7741724e-01   1.5480429e-02   1.2104060e-02  -1.4586363e-03
  -6.3330239e-02  -9.0261983e-02  -4.8466756e-01   1.5516422e-02   1.1918055e-02  -1.4699438e-03
  -7.1001849e-02  -7.1691839e-02  -4.6344857e-01   1.5924591e-02   1.1739431e-02  -1.6993364e-03
  -6.8300869e-02  -4.3272784e-02  -4.4814231e-01   1.4264207e-02   1.1484271e-02  -1.5301921e-03
  -1.0570198e-01  -8.1266418e-02  -4.9069264e-01   1.5959052e-02   1.0701268e-02  -1.8134911e-03
  -9.5283247e-02  -1.6682349e-01  -5.9173641e-01   1.7826971e-02   1.0998716e-02  -2.3127409e-03
  -9.6191980e-02  -1.3063584e-01  -6.2869167e-01   1.7224258e-02   1.0906678e-02  -2.0064649e-03
  -7.9015118e-02  -8.7434444e-02  -5.7864681e-01   1.6972688e-02   1.1149706e-02  -2.0902614e-03
  -7.4023612e-02  -1.1662990e-01  -5.9669152e-01   1.7712730e-02   1.1333512e-02  -1.8152936e-03
  -7.4252036e-02  -1.0708913e-01  -5.5835349e-01   1.7767156e-02   1.1340724e-02  -1.6700847e-03
  -8.0905296e-02  -6.0981296e-02  -5.2559897e-01   1.7434569e-02   1.1069033e-02  -1.7444609e-03
  -8.1683217e-02  -1.1914362e-01  -5.2804251e-01   1.6677748e-02   1.1089694e-02  -1.9562542e-03
  -7.9693526e-02  -1.0964451e-01  -5.2544281e-01   1.6658423e-02   1.1225088e-02  -2.0367303e-03
  -7.5725286e-02  -5.9179226e-02  -5.1897460e-01   1.6277121e-02   1.1433147e-02  -2.0104637e-03
  -7.2330747e-02  -6.6921013e-02  -5.5869538e-01   1.6517151e-02   1.1296415e-02  -2.0450956e-03
  -7.6577674e-02  -8.5445882e-02  -5.6012475e-01   1.7097026e-02   1.1408300e-02  -1.6859514e-03
  -7.3231845e-02  -5.8518441e-02  -5.1856484e-01   1.6635010e-02   1.1343068e-02  -1.7400448e-03
  -6.6275006e-02  -7.1395033e-02  -5.3069535e-01   1.6255862e-02   1.1398579e-02  -1.7508562e-03
  -6.5741045e-02  -9.4274032e-02  -5.4294161e-01   1.6897690e-02   1.1311121e-02  -1.8513547e-03
  -7.7468728e-02  -3.9657180e-02  -5.1629949e-01   1.5662966e-02   1.1089672e-02  -2.1007593e-03
  -7.3804060e-02  -1.0852478e-01  -5.3441415e-01   1.5932882e-02   1.1351931e-02  -2.1088933e-03
  -7.5658260e-02  -7.1087427e-02  -5.0914460e-01   1.5717030e-02   1.1249863e-02  -1.9165685e-03
