   0.0000000e+00   0.0000000e+00   0.0000000e+00   0.0000000e+00   1.3877788e-17   0.0000000e+00
  -1.0554992e-02   8.6714396e-03   1.4018121e-01   8.6946356e-04   2.0437761e-03  -5.2069837e-04
  -9.0929228e-02  -9.5087182e-02  -8.3404963e-02  -4.8301441e-04   4.4365197e-03  -4.6800988e-04
  -5.2218911e-02  -4.8056744e-02   9.6436372e-02   7.5480169e-04   2.4404003e-03  -6.9718719e-04
  -1.9166462e-02  -5.6913516e-02  -7.7969796e-02   1.7531028e-03   5.3194994e-04  -2.4134075e-04
  -2.7955663e-02  -6.6502136e-02  -9.1760006e-02   1.7221739e-03  -4.7855883e-04  -2.9076586e-04
  -2.1681829e-02  -1.5382327e-02  -1.8167676e-02   1.6003750e-03  -1.3224264e-03  -1.8427547e-04
  -2.4440967e-02  -5.8580619e-02  -3.5307511e-02   7.6840856e-04  -1.3850038e-03  -3.1708469e-04
  -1.6493572e-02  -7.6785337e-02  -3.8945224e-02   9.8204657e-04  -1.3789375e-03   1.6092406e-04
  -1.9293916e-02  -2.8162843e-02  -2.4150979e-02   7.3122942e-04  -1.3967339e-03   3.3706890e-05
  -2.2665837e-02  -4.8745328e-02  -1.9372306e-02   1.6439937e-03  -1.5747271e-03   1.8630708e-04
  -1.9466086e-02  -3.1507213e-02  -5.9566242e-04   1.4073410e-03  -1.5553057e-03   4.1846254e-04
  -1.6209051e-02  -9.9539062e-03   1.0661683e-02   1.3815877e-04  -1.5884847e-03   3.8183327e-04
  -1.5784726e-02  -3.3658503e-02   8.7193353e-05   2.6459246e-04  -1.6246761e-03   4.3304632e-04
  -1.8603682e-02  -3.2532826e-02  -2.9563046e-03   4.9305641e-04  -1.6495231e-03   5.6714205e-04
  -5.5278434e-03   4.3468466e-03  -3.4776448e-04  -4.9266682e-04  -1.8741241e-03   2.2691952e-04
   2.4319559e-02  -3.5017033e-02   4.7928689e-02   2.4858443e-03  -2.4771906e-05   1.1771551e-03
   5.3401238e-02  -2.6870804e-02   3.6765673e-01   2.6677145e-03   3.9963205e-04   1.4908622e-03
   5.9013282e-03  -2.0286999e-02   1.6595914e-01   7.0736393e-05   1.3065209e-03   5.9987702e-04
  -2.7038308e-03  -3.1063564e-02   2.2977162e-01   4.2169810e-04   2.6240681e-04   9.5918452e-04
   1.5992485e-02  -2.5331487e-02   2.1905679e-01   1.2004712e-03   1.1923077e-03   2.9031470e-04
  -7.6246420e-02  -1.0999687e-01  -1.1386557e-01   4.0176421e-03   4.2113894e-03  -4.8786425e-04
  -4.5427648e-02  -7.9297551e-02  -6.6052993e-02   1.7304708e-03   2.7924235e-03  -1.1050116e-03
  -6.7347664e-02   6.6795297e-02   2.6849646e-01  -6.9699003e-03   4.6408416e-03   8.8207777e-04
  -4.8376415e-02   8.8116272e-02   2.2607610e-01  -5.9218425e-03   3.3879216e-03   8.9182156e-04
  -4.0661857e-02  -6.5587595e-02   1.9250830e-01  -1.1414726e-03   5.9719145e-04   9.4713533e-04
  -5.3296861e-02   2.0712229e-02   1.7159179e-01  -1.5072854e-03  -1.4678522e-03  -7.2959893e-04
  -5.6075139e-02   3.0279883e-02   2.1479140e-01  -3.2109511e-03  -4.5229317e-04  -4.2448103e-04
  -4.5745926e-02  -6.3775480e-03   1.6926065e-01  -2.6216348e-03  -3.0036060e-04  -1.2792570e-04
  -4.8719131e-02   8.6956006e-02   2.8519564e-01  -3.5195089e-03  -1.8117531e-04  -1.6630994e-04
  -4.1340241e-02   3.0516358e-02   2.1861594e-01  -3.2501226e-03   1.2420164e-05  -2.3282624e-05
  -2.7188544e-02   5.8966387e-02   2.0681623e-01  -1.3939762e-03  -5.1942666e-04   7.0095913e-04
  -6.7406664e-04   2.0697387e-01   3.4493059e-01  -1.1671501e-02   1.5692289e-03   1.6987032e-03
  -1.2602408e-02   2.8359662e-03   2.0326335e-01  -9.3446933e-03  -4.5046964e-05   9.9355356e-04
  -1.5041455e-02   4.7687531e-02   2.0994008e-01  -7.2950609e-03  -3.6162161e-04   1.0154680e-03
  -1.2724112e-02   6.8044467e-02   2.0587431e-01  -6.8178947e-03  -4.9753848e-04   1.5976692e-03
  -2.6605052e-02   6.8155681e-02   2.6530390e-01  -8.3032499e-03  -1.1014048e-04   1.2519668e-03
  -3.2079545e-02   5.5378964e-02   2.4097252e-01  -7.9126708e-03  -2.1826692e-04   1.2789801e-03
  -3.8390802e-02   5.6063581e-02   2.5304983e-01  -8.8172843e-03  -2.1120618e-04   1.3040909e-03
  -5.0548716e-02   8.6298344e-02   2.8727834e-01  -1.0279825e-02   1.2176748e-04   1.0629411e-03
  -5.6601308e-02   4.6994496e-02   2.8430700e-01  -9.3726248e-03  -2.0750595e-05   1.2690340e-03
  -5.4046068e-02   7.1933480e-02   2.9151961e-01  -9.6050261e-03   1.6901425e-04   1.4175135e-03
  -5.2780155e-02   4.5950123e-02   2.7704239e-01  -9.1082947e-03   4.2598405e-04   1.5414518e-03
  -4.7056810e-02   1.1082836e-01   3.2080667e-01  -8.9816336e-03   1.8329740e-04   1.6728799e-03
  -3.5409995e-02  -2.9810030e-02   2.0865436e-01  -5.9102482e-03   8.7110115e-04   1.6248832e-03
  -2.1896290e-02   1.4188904e-02   7.3707542e-02  -4.3047454e-03   5.7120568e-04   1.5187930e-03
  -3.4620849e-02  -2.3682286e-02  -3.9210830e-02  -3.4482391e-03   1.2917660e-03   1.3600706e-03
  -4.1981032e-02   2.4808057e-02   8.4180173e-02  -3.7281135e-03   1.1644340e-03   8.3306470e-04
  -5.0104774e-02   4.8030568e-02   7.7303455e-02  -4.1872702e-03   1.1089082e-03   8.0641262e-04
  -5.5245931e-02   2.7395460e-02   1.2458725e-01  -5.4278167e-03   1.2106629e-03   7.8234377e-04
  -5.8292114e-02   8.7092708e-02   1.4336903e-01  -4.6304750e-03   6.4250329e-04   1.1545484e-03
  -7.6726744e-02   9.2463731e-02   1.8215503e-01  -6.9361587e-03   1.0590270e-03   4.6324309e-04
  -6.3805653e-02   3.3311216e-02   1.5860619e-01  -5.9859870e-03   1.0320651e-03   8.7482881e-04
  -5.5783017e-02   8.3243494e-02   1.8359553e-01  -6.6718438e-03   1.1936284e-03   1.2964115e-03
  -6.8681972e-02   3.4401632e-02   1.7595971e-01  -7.2423247e-03   1.2493979e-03   1.2752727e-03
  -6.7466656e-02   2.8730807e-02   1.8035568e-01  -8.5123298e-03   1.3438816e-03   1.2192995e-03
  -6.3844424e-02   4.5498294e-03   1.4855888e-01  -6.7972482e-03   1.1403346e-03   1.3804803e-03
  -7.5243795e-02   5.9013923e-02   1.9017051e-01  -7.4416217e-03   1.5549623e-03   1.3808903e-03
  -7.2740081e-02   3.0458562e-02   1.9188892e-01  -7.7995914e-03   1.5703394e-03   1.3311797e-03
  -6.8331685e-02   5.9816965e-02   1.9012273e-01  -6.9561616e-03   1.3060713e-03   1.6055222e-03
  -6.7527452e-02   1.6952918e-01   3.0299561e-01  -1.0041203e-02   2.0716557e-03   1.2449899e-03
  -5.7567313e-02  -1.6250735e-02   2.0529139e-01  -8.0998966e-03   1.5609453e-03   1.1163210e-03
  -7.1215540e-02   8.8937437e-02   2.4054331e-01  -8.7471895e-03   1.4616370e-03   9.7649989e-04
  -6.9251124e-02   6.2883820e-02   1.9512206e-01  -7.4542748e-03   1.3929650e-03   1.2926140e-03
  -7.0177468e-02   4.3652277e-02   2.3424467e-01  -7.3158910e-03   1.4531080e-03   1.4762134e-03
  -7.3808635e-02   8.3271945e-02   2.8102989e-01  -7.8096625e-03   1.8066192e-03   1.3305174e-03
  -7.2510382e-02   7.4333457e-02   2.8301311e-01  -7.7704928e-03   1.7503322e-03   1.4416473e-03
  -6.2319298e-02   6.0924752e-02   2.9434517e-01  -7.7670953e-03   1.5573660e-03   1.3536846e-03
  -6.1564642e-02   1.1714294e-01   2.8946472e-01  -7.6217865e-03   1.5110498e-03   1.3898791e-03
  -6.0381162e-02   1.2171101e-01   2.8016281e-01  -8.5687211e-03   1.4741522e-03   1.2265869e-03
  -6.0464912e-02   8.8963803e-02   2.7674462e-01  -9.3612740e-03   1.6501704e-03   1.1890304e-03
  -7.2737999e-02   1.1758049e-01   2.9665573e-01  -9.9517005e-03   1.7977832e-03   1.0044837e-03
  -6.7381645e-02   2.7316040e-01   2.6844383e-01  -8.9007437e-03   1.3759302e-03   1.6678170e-03
  -5.0339695e-02   1.8316747e-01   2.4590313e-01  -9.2816204e-03   9.9178954e-04   1.2297278e-03
  -3.7711842e-02   1.9378210e-01   3.1736655e-01  -1.5102084e-02   1.2591489e-03   4.6244456e-04
  -4.8562126e-02   1.9780516e-01   3.5094197e-01  -1.8180415e-02  -4.2368819e-04  -1.6107403e-04
  -2.0360833e-02   1.6289900e-01   2.6920752e-01  -1.6308985e-02  -1.1381934e-04   5.3449485e-04
  -2.3681738e-02   8.4218915e-02   9.9652481e-02  -1.1187333e-02   8.8654096e-04   1.9564856e-03
   1.5287927e-02   1.0580485e-01  -2.2920894e-02  -1.1207494e-02  -1.9663496e-04   1.4718212e-03
  -2.9156104e-03   9.7283672e-02   1.7195870e-01  -1.2422925e-02   1.5352000e-03   1.8957263e-03
  -2.4104827e-03   2.0021233e-01   5.6578422e-01  -1.3830346e-02   9.5528479e-04   2.1590270e-03
   2.3980389e-02   1.6780717e-01   3.5161942e-01  -1.4991576e-02   7.2100861e-04   1.6959865e-03
   3.9977537e-02   1.7948029e-01   3.6194907e-01  -1.6111485e-02   8.7551652e-04   1.8821491e-03
   4.4210298e-02   2.0941653e-01   3.6339156e-01  -1.6580949e-02   9.4677700e-04   2.0516655e-03
   7.7386614e-02   1.8156854e-01   3.7829660e-01  -1.5917776e-02   1.2715492e-03   2.6293358e-03
   1.0670941e-01   1.9864808e-01   4.0140087e-01  -1.6500980e-02   1.6340592e-03   3.0239643e-03
   1.0506537e-01   2.4801609e-01   3.7171806e-01  -1.4912076e-02   1.1607041e-03   3.4129779e-03
   1.3971006e-01   2.2821096e-01   3.7210010e-01  -1.4878164e-02   1.3730948e-03   3.8238869e-03
   1.1789295e-01   2.0999294e-01   4.4261658e-01  -1.7329988e-02   1.7082466e-03   3.5067398e-03
   1.1387110e-01   1.8817670e-01   3.7630665e-01  -1.5870023e-02   1.5855160e-03   3.8558728e-03
   1.0280171e-01   1.7014234e-01   4.0147287e-01  -1.6768533e-02   1.7966477e-03   3.8284757e-03
   1.0537224e-01   1.9840740e-01   4.6514940e-01  -1.7417429e-02   1.6761421e-03   3.6776092e-03
   1.1668666e-01   2.0935816e-01   4.5591341e-01  -1.7629035e-02   2.0679911e-03   3.9218061e-03
   1.2091491e-01   1.9808122e-01   4.3750723e-01  -1.7614616e-02   2.2996355e-03   4.0310342e-03
   1.2773871e-01   2.0385804e-01   4.1050219e-01  -1.5223161e-02   1.5754963e-03   4.9372395e-03
   1.1347895e-01   2.1389934e-01   4.6409181e-01  -1.6663622e-02   2.0496136e-03   4.2078403e-03
   1.4375228e-01   2.0704129e-01   4.5461278e-01  -1.7559977e-02   2.8267222e-03   4.5604828e-03
   1.4556534e-01   1.9747047e-01   4.5746836e-01  -1.7733227e-02   2.4960493e-03   5.2641420e-03
   1.5602644e-01   2.1263964e-01   4.1716309e-01  -1.7366999e-02   2.8182158e-03   4.7673738e-03
   1.4411866e-01   2.6745201e-01   4.5343615e-01  -1.7064236e-02   2.3207879e-03   4.6100935e-03
   1.0688898e-01   2.9067135e-01   4.7841980e-01  -1.7938395e-02   2.2713793e-03   4.1057141e-03
   1.1248584e-01   2.0126745e-01   4.6603900e-01  -1.8329428e-02   2.2153195e-03   4.0944325e-03
   1.0208713e-01   2.6725008e-01   5.1361908e-01  -1.8274131e-02   2.2336378e-03   3.9677466e-03
   1.1107827e-01   2.5721652e-01   4.9743914e-01  -1.7136524e-02   2.0974613e-03   4.2248602e-03
   1.0715796e-01   2.1713879e-01   4.8124244e-01  -1.8174012e-02   2.1225121e-03   3.8763607e-03
   1.0799635e-01   2.2010468e-01   4.6392056e-01  -1.7791026e-02   1.9881383e-03   4.1455882e-03
   1.0209164e-01   2.5835777e-01   5.0201140e-01  -1.8555048e-02   2.0680553e-03   3.7933368e-03
   1.1649435e-01   2.5584177e-01   4.7623020e-01  -1.8270131e-02   2.0082620e-03   4.2330644e-03
   1.1933887e-01   2.2444216e-01   4.8425579e-01  -1.8354970e-02   2.0291518e-03   4.0197006e-03
   1.1285501e-01   2.6393685e-01   5.1621571e-01  -1.8456200e-02   2.0927901e-03   4.1123405e-03
   1.1469867e-01   2.6844129e-01   5.0822342e-01  -1.8409488e-02   2.1564254e-03   4.0736231e-03
   1.4001391e-01   2.4617349e-01   4.8495887e-01  -1.7941805e-02   1.7851761e-03   4.4382552e-03
   1.3898018e-01   2.4518706e-01   5.2395345e-01  -1.8505165e-02   2.1075006e-03   4.4039866e-03
   1.6284642e-01   2.8022057e-01   5.4015434e-01  -1.9359595e-02   4.5602531e-04   5.0295845e-03
   1.6446436e-01   2.0769736e-01   9.3951703e-01  -1.8940716e-02   2.5178080e-03   5.5362890e-03
   2.1763584e-01   1.8815771e-01   7.8521177e-01  -1.7919080e-02   3.7968301e-03   6.3825473e-03
   1.7268367e-01   2.5473151e-01   4.1866182e-01  -1.8125981e-02   2.8593527e-03   4.9460152e-03
   1.4219022e-01   2.3479592e-01   4.1542384e-01  -1.8077116e-02   2.1505952e-03   4.5367034e-03
   1.2996381e-01   2.4481749e-01   4.7388149e-01  -1.8184606e-02   2.4255520e-03   4.2920807e-03
   1.6347022e-01   3.0058373e-01   6.1581475e-01  -1.9280243e-02   2.0079793e-03   4.1387390e-03
   1.9741616e-01   2.6000271e-01   6.7272969e-01  -1.9018679e-02   1.1124264e-03   4.5232482e-03
   2.1502989e-01   4.6717168e-01   8.8892311e-01  -2.2058439e-02  -2.1695779e-04   3.4431655e-03
   1.7014754e-01   3.4107527e-01   1.0147002e+00  -2.0920472e-02   6.5804649e-05   3.2500844e-03
   1.2946375e-01   1.9406504e-01   5.2467524e-01  -1.8547819e-02   8.4956568e-04   2.6560708e-03
   1.4795446e-01   2.8820303e-01   6.1032694e-01  -1.9813833e-02   6.3623774e-05   2.7511849e-03
   1.4218101e-01   2.5834683e-01   5.2587450e-01  -1.9115455e-02   3.0324418e-04   2.9766987e-03
   1.4695083e-01   3.7460288e-01   7.8403694e-01  -1.9631935e-02  -1.2778264e-04   2.8617802e-03
   1.6461605e-01   2.6135433e-01   7.6961930e-01  -2.0361749e-02   2.7455357e-04   2.6523500e-03
   2.0235900e-01   3.4910796e-01   9.1230234e-01  -2.2556488e-02   1.5711483e-04   3.0273014e-03
   2.2590945e-01   2.7176232e-01   8.7731412e-01  -2.1553045e-02   2.4592153e-04   3.5135128e-03
   2.1402498e-01   2.8630889e-01   8.7763484e-01  -2.1755094e-02   4.7299629e-04   3.2690069e-03
   2.1189678e-01   3.0095197e-01   8.6443170e-01  -2.1740759e-02   2.6382449e-04   3.3193069e-03
   2.1053115e-01   3.2015686e-01   8.5912675e-01  -2.1971393e-02   5.5800784e-04   3.2143152e-03
   2.1274243e-01   3.0140357e-01   8.4293217e-01  -2.1773181e-02   7.1923965e-04   3.2026961e-03
   2.1854151e-01   3.4640040e-01   8.2668269e-01  -2.1587051e-02   5.3373624e-04   3.1852005e-03
   2.2302977e-01   3.2596817e-01   8.3398683e-01  -2.2119894e-02   7.9904721e-04   3.2770468e-03
   2.1019590e-01   3.7793099e-01   8.4794437e-01  -2.1715179e-02   8.5976889e-04   3.3308693e-03
   2.1949284e-01   3.7714603e-01   8.2127883e-01  -2.2482039e-02   9.7583853e-04   3.3481354e-03
   2.2657763e-01   3.8250464e-01   8.2350295e-01  -2.2995250e-02   1.0110723e-03   3.3371300e-03
   2.2971230e-01   4.1353273e-01   8.2470623e-01  -2.3150248e-02   9.2805482e-04   3.3482731e-03
   2.2038004e-01   3.9454462e-01   8.0720889e-01  -2.3063552e-02   1.0778606e-03   3.2957977e-03
   2.2944751e-01   3.9049750e-01   8.0091595e-01  -2.2585245e-02   8.8965915e-04   3.4502808e-03
   2.1592094e-01   4.6348444e-01   8.0273540e-01  -2.2132582e-02   9.5125876e-04   3.6739449e-03
   2.2881806e-01   4.4666420e-01   8.0429164e-01  -2.3154811e-02   7.0134066e-04   3.4221829e-03
   2.2044153e-01   4.0923854e-01   7.9114049e-01  -2.3142449e-02   9.7015268e-04   3.3061243e-03
   2.2665814e-01   4.3774511e-01   8.0472055e-01  -2.3098098e-02   9.5533983e-04   3.3039563e-03
   2.1488561e-01   4.3553249e-01   8.3860181e-01  -2.4794510e-02   1.2866985e-03   3.0467738e-03
   2.2028450e-01   4.2447466e-01   8.1533517e-01  -2.4371028e-02   9.5404585e-04   3.0838027e-03
   2.2319513e-01   4.2836421e-01   8.1158826e-01  -2.3500381e-02   7.8926777e-04   3.0975412e-03
   2.1840437e-01   4.4543201e-01   8.4103575e-01  -2.3463568e-02   5.6261274e-04   3.0496472e-03
   2.1350550e-01   4.3418802e-01   8.1429483e-01  -2.3804987e-02   5.9352523e-04   2.8303748e-03
   2.2885314e-01   3.4528865e-01   7.9041811e-01  -2.2020645e-02   1.5141979e-04   3.0480751e-03
   2.3484891e-01   3.5700422e-01   6.3816887e-01  -2.1002952e-02   3.2174706e-04   3.7883390e-03
   2.3225107e-01   3.8656956e-01   6.4869204e-01  -2.3239009e-02   2.7741702e-04   3.7393896e-03
   2.3228063e-01   3.6333387e-01   7.2176519e-01  -2.3275105e-02   9.8761639e-04   3.6349494e-03
   2.3298287e-01   4.1775392e-01   7.7499767e-01  -2.3893144e-02   1.0450876e-03   3.5658852e-03
   2.4169625e-01   4.0757300e-01   7.9663010e-01  -2.3974233e-02   1.1348558e-03   3.6616658e-03
   2.5021275e-01   3.6988508e-01   7.9646790e-01  -2.4028699e-02   9.1102173e-04   3.6027968e-03
   2.5139633e-01   4.0062195e-01   8.0390741e-01  -2.3663256e-02   6.1173369e-04   3.8779088e-03
   2.3892417e-01   4.4706301e-01   8.2657550e-01  -2.3280493e-02   2.6751155e-04   3.8416331e-03
   2.4393331e-01   3.6330534e-01   7.9281012e-01  -2.4205567e-02   3.5770305e-04   3.8427617e-03
   2.6108098e-01   3.9627045e-01   8.0216132e-01  -2.3099852e-02   1.9813806e-04   4.2184977e-03
   2.6518148e-01   4.1997682e-01   8.5816498e-01  -2.5113541e-02   6.5920802e-04   4.4426784e-03
   2.5744550e-01   4.0383523e-01   8.7010424e-01  -2.5406216e-02   1.1252838e-03   4.3454091e-03
   2.5809106e-01   4.0442940e-01   8.5605866e-01  -2.5116817e-02   1.1110118e-03   4.1084713e-03
   2.6520936e-01   4.0301410e-01   8.7390646e-01  -2.4982532e-02   8.4826274e-04   4.1162910e-03
   2.4730924e-01   4.2471213e-01   8.8122957e-01  -2.5500669e-02   8.6397153e-04   3.7075204e-03
   2.5876855e-01   3.9006081e-01   8.7231001e-01  -2.5645229e-02   1.1916656e-03   3.9091270e-03
   2.6252944e-01   4.1159816e-01   8.9783641e-01  -2.5509953e-02   1.2541962e-03   4.0245802e-03
   2.7209440e-01   4.4943504e-01   9.0239831e-01  -2.5436161e-02   9.7254842e-04   4.0942431e-03
   2.7823088e-01   4.3172374e-01   8.7436565e-01  -2.5002962e-02   1.0818415e-03   4.2555461e-03
   2.8681306e-01   4.0588363e-01   8.7400409e-01  -2.5014234e-02   1.1339663e-03   4.2223635e-03
   2.7509026e-01   4.4112259e-01   9.0650376e-01  -2.5177905e-02   1.1708880e-03   4.1387972e-03
   2.9233421e-01   4.3740522e-01   9.0799221e-01  -2.4969037e-02   1.3901820e-03   4.1530602e-03
   2.9593640e-01   4.0570091e-01   8.7827539e-01  -2.3273378e-02   1.0953637e-03   4.3867829e-03
   2.9296047e-01   4.5508793e-01   8.8910867e-01  -2.4526107e-02   1.2910478e-03   4.2534955e-03
   2.8949452e-01   4.5680172e-01   8.8878340e-01  -2.4930261e-02   1.3635660e-03   4.1224172e-03
   2.9253463e-01   4.3769519e-01   8.5908064e-01  -2.5131384e-02   1.4556955e-03   4.0183255e-03
   3.0372741e-01   4.5160180e-01   8.5588245e-01  -2.4975189e-02   1.4797006e-03   4.1859418e-03
   2.9975340e-01   4.7328947e-01   8.9036749e-01  -2.5680763e-02   1.5757230e-03   4.2089475e-03
   2.9825826e-01   4.8905070e-01   8.9324475e-01  -2.4846150e-02   2.0560797e-03   4.5011452e-03
   3.1540432e-01   4.5665379e-01   8.7073035e-01  -2.5082985e-02   2.1615814e-03   4.5107764e-03
   3.1033728e-01   4.7445047e-01   9.0771469e-01  -2.5246693e-02   2.0179090e-03   4.5208455e-03
   3.1945018e-01   4.6553076e-01   9.0884294e-01  -2.5623648e-02   2.0946095e-03   4.5199431e-03
   3.2736543e-01   4.3347919e-01   8.9308596e-01  -2.5705028e-02   2.1252535e-03   4.5324917e-03
   3.2530201e-01   4.3751998e-01   8.8038767e-01  -2.4691409e-02   1.8571727e-03   4.7764022e-03
   3.1922431e-01   4.7386618e-01   8.9366691e-01  -2.5791957e-02   1.7120510e-03   4.5464521e-03
   3.2176779e-01   4.4395651e-01   8.6712354e-01  -2.6224240e-02   1.4735348e-03   4.5119652e-03
