   0.0000000e+00   0.0000000e+00   0.0000000e+00   0.0000000e+00   0.0000000e+00   0.0000000e+00
  -8.0823883e-03   5.9853279e-02   7.0316586e-02  -9.4654452e-04  -1.2203084e-04  -1.0600285e-04
   1.5712128e-02   4.6739794e-02   1.3925855e-01  -8.7445282e-04  -5.4663557e-04   1.7540187e-04
   4.6741365e-02  -1.0433817e-01  -2.3410431e-02   1.5637867e-03   5.3894325e-04  -4.8160019e-04
   7.3005530e-02  -4.3194180e-03   4.3478775e-03  -2.1187079e-04   7.6165517e-04  -1.1950363e-03
   5.3487502e-02  -1.2609819e-02   2.2461413e-02  -3.8603395e-04   5.4486055e-04  -1.2636039e-03
   4.3625862e-02   3.7012358e-02   5.3167341e-02  -6.5799597e-04   8.3931775e-04  -1.1049699e-03
   4.5835544e-02   2.0042151e-02   3.9819155e-02  -7.0911958e-04   1.1441809e-03  -1.1427491e-03
   4.7951582e-02  -6.7622893e-04   1.8772263e-02   2.1645523e-04   9.1847233e-04  -1.1905155e-03
   4.6703694e-02   5.4779271e-02   5.9703168e-02  -1.2651649e-03   9.0301990e-04  -1.2012072e-03
   4.7795541e-02   9.9963335e-03   6.5102678e-02  -1.0169984e-03   1.1991637e-03  -1.3330450e-03
   4.9072479e-02  -1.9181389e-02   6.0725119e-02  -7.1605544e-04   1.1095272e-03  -1.3397751e-03
   4.0050569e-02  -7.3846582e-03   8.9358079e-02  -8.1654390e-04   1.1994613e-03  -1.3592119e-03
   2.4988894e-02   1.4189947e-02   9.5058142e-02  -9.9424605e-04   1.4707873e-03  -1.2940244e-03
   2.5221420e-02  -6.2949767e-03   7.8774132e-02  -7.2689071e-04   1.4188337e-03  -1.3308883e-03
   2.4935855e-02  -3.8919663e-03   7.6616330e-02  -4.5391437e-04   1.3086982e-03  -1.2083996e-03
   1.2740270e-02   3.9903314e-02   1.0828596e-01  -1.1427903e-03   1.2428291e-03  -1.1779715e-03
   1.8251769e-02   5.4941507e-03   9.6185777e-02  -1.1682430e-03   1.1317208e-03  -1.2151927e-03
   3.2985771e-02   1.0879974e-02   1.0623274e-01  -1.2572212e-03   1.0825630e-03  -1.1331630e-03
   2.6124610e-03   3.5457824e-02   1.6284390e-01  -1.8420652e-03   1.0855320e-03  -1.5033687e-03
   3.4471564e-03  -2.6440281e-02   2.5053091e-02  -3.4858526e-04   5.7634570e-04  -1.5987939e-03
  -1.5518533e-02  -5.4593721e-02   2.1418672e-02   3.7597482e-04   4.9198234e-04  -1.6889172e-03
  -1.3974017e-03  -5.8337123e-02  -8.8616892e-03   2.1756659e-04   5.1005626e-04  -1.6987892e-03
  -7.1168052e-03  -4.8875881e-02   3.2309105e-02   5.0907103e-04   6.1137555e-04  -1.3279446e-03
   2.5670436e-03  -7.2266350e-03   5.4118133e-02  -7.3814291e-05   6.3603493e-04  -1.3746937e-03
   9.5734249e-03  -3.0085135e-02   3.9052690e-02  -3.7154258e-04   8.1773955e-04  -1.5683316e-03
   3.2794973e-02  -5.7915924e-02   5.7353053e-02   1.3550248e-07   5.9412458e-04  -1.5659592e-03
  -1.4692111e-03  -1.5067260e-02   1.4980891e-01  -1.0247321e-03  -2.4226496e-04  -1.5123759e-03
  -5.8196576e-03  -4.2911603e-02   1.0147796e-01  -8.9541248e-04  -3.0311055e-04  -1.5528517e-03
  -1.2837941e-02  -6.0023920e-02   1.0771862e-01  -6.6924510e-04  -3.4147774e-04  -1.6313691e-03
  -1.7681705e-02  -2.2104885e-02   1.3594815e-01  -1.1699045e-03  -3.3213434e-04  -1.4574299e-03
  -2.0924955e-02  -2.9748234e-02   1.4027078e-01  -8.4829728e-04  -3.3887130e-04  -1.2622551e-03
  -8.2594581e-03  -5.3244990e-02   1.2986083e-01  -5.0729650e-04  -1.6257881e-04  -1.2515612e-03
  -8.2337514e-03  -1.1915959e-02   1.7180343e-01  -8.2499682e-04  -2.2285434e-04  -1.0417520e-03
  -1.0564956e-02  -1.9974323e-02   1.6469901e-01  -8.0143544e-04   8.0859760e-05  -1.0682578e-03
  -4.8832988e-03  -5.0530945e-02   1.3200298e-01   3.5973637e-04   1.0120295e-04  -1.0013029e-03
  -6.4432902e-03  -7.5210703e-03   1.6417224e-01  -4.6450599e-04   1.3569315e-04  -9.8296750e-04
  -1.4447336e-03  -6.2581906e-04   1.4207029e-01  -6.0600835e-04  -2.2643830e-04  -1.0524203e-03
   2.0891776e-02  -4.7750069e-02   1.3357688e-01  -4.8309746e-04  -1.4547774e-05  -1.0992718e-03
  -7.0359213e-03  -1.3343623e-03   1.6093038e-01  -9.8492953e-04   6.8311879e-06  -1.2390370e-03
  -2.1402350e-02  -1.0132421e-02   1.3686995e-01  -1.4534809e-03  -1.7224398e-04  -1.5056018e-03
  -2.6110735e-02  -3.7267958e-02   1.2332434e-01  -1.3855226e-03  -3.7244581e-04  -1.5448172e-03
  -1.9844932e-02  -1.7141946e-02   1.5510519e-01  -1.5988304e-03  -1.9741985e-04  -1.3315266e-03
  -3.2312004e-02  -3.9931390e-04   1.6708824e-01  -1.5758862e-03  -7.3767277e-04  -1.5338624e-03
   4.5865583e-03  -1.3700177e-01  -7.5426368e-02   1.1474793e-03  -8.6011285e-04  -1.5022269e-03
   7.4944779e-02  -1.2647685e-01  -7.6355032e-03   1.1912500e-03  -8.0175043e-05  -1.0434612e-03
   4.9275743e-02  -1.2240460e-03   3.7208110e-02   5.3281734e-04  -5.0580294e-04  -6.5173857e-04
   4.1523310e-02  -2.8045107e-02   8.5819607e-02   8.9059334e-04  -3.3476897e-04  -2.8916474e-04
   5.3622093e-02  -2.4874680e-02   8.1482033e-02  -3.5997233e-04  -3.7681615e-04  -3.4132602e-04
   9.7584419e-03  -3.3529928e-02   7.5559555e-02  -4.9263436e-04  -8.3043165e-04  -1.0334250e-03
  -7.5451688e-03  -1.6276046e-02   1.2549861e-01  -9.5755707e-04  -1.1618591e-03  -1.3826749e-03
  -2.0399201e-02  -1.8443346e-02   1.1648425e-01  -8.3078020e-04  -1.0473771e-03  -1.4892294e-03
  -1.7054668e-02  -3.1354068e-02   1.0965172e-01  -9.5160477e-04  -1.3032764e-03  -1.5153184e-03
  -2.0631040e-02  -1.5948519e-02   1.4795257e-01  -1.2629023e-03  -1.2079744e-03  -1.4230247e-03
  -8.2269248e-03  -1.1941782e-02   1.5136547e-01  -1.3729104e-03  -1.0339439e-03  -1.2602595e-03
   3.0048372e-02  -4.1587412e-02   1.1341133e-01  -1.0378279e-03  -6.9172462e-04  -1.0696937e-03
  -4.7180903e-03  -9.4003373e-03   1.5141009e-01  -1.4260866e-03  -6.0436918e-04  -1.0463662e-03
   4.4113045e-03  -2.9716808e-02   1.5039752e-01  -6.8697118e-04  -7.5925604e-04  -9.9485110e-04
   3.9359051e-03  -6.4312380e-02   1.3536946e-01  -1.0476170e-03  -4.6377325e-04  -1.1478537e-03
  -1.3760187e-03  -3.9998733e-02   1.7368357e-01  -1.0150984e-03  -3.6799077e-05  -1.0429309e-03
  -5.3643080e-03  -4.2510041e-02   1.6477677e-01  -6.9942462e-04  -2.2132746e-04  -1.1173238e-03
   3.2049958e-03  -6.1720651e-02   1.3951131e-01  -8.4050390e-04  -2.3990424e-04  -1.2186402e-03
   3.9457609e-03  -2.7807565e-02   1.5671802e-01  -1.1210264e-03  -3.0294737e-04  -1.1979477e-03
   2.3613833e-03  -5.2208663e-03   1.6816128e-01  -1.4220022e-03  -8.6692612e-05  -1.2791267e-03
   1.1721326e-02  -3.6561922e-02   1.4869819e-01  -1.4158518e-03   1.0993097e-04  -1.3688004e-03
   1.6309389e-02  -3.4449833e-02   1.3996146e-01  -4.7261539e-04   1.1909267e-04  -1.2611380e-03
   8.9611341e-03   5.8459566e-03   1.7344678e-01  -1.1972924e-03   1.7321079e-04  -1.2836697e-03
   1.1635495e-02  -3.6142396e-02   1.5822506e-01  -1.3333580e-03   3.1463592e-04  -1.5214468e-03
   1.3260335e-02  -2.8537975e-02   1.3608889e-01  -7.6978013e-04   2.9419583e-04  -1.4481904e-03
   5.6882955e-03  -9.5834951e-03   1.8336212e-01  -1.5042536e-03   4.5081746e-04  -1.4530325e-03
   1.0705381e-02  -3.3388029e-02   1.7941782e-01  -1.1649636e-03   7.7096442e-05  -1.2457412e-03
   5.8993591e-02  -2.2595780e-01  -2.7921884e-02   2.1674710e-03   1.9361132e-05  -1.4552658e-03
   1.4432797e-02  -5.4266695e-02   3.3367544e-02   2.6181238e-03  -1.5180239e-04  -1.4517666e-03
   1.6851668e-02  -1.0455490e-01  -6.5962104e-02   2.7123898e-03  -7.5553938e-04  -1.2515868e-03
   1.3915525e-02  -5.4638187e-02   8.2983378e-02   2.7842710e-03  -6.1163428e-04  -8.3473617e-04
   2.5874342e-02  -1.2356480e-01   8.0993813e-02   4.1314388e-03  -3.6364052e-04  -7.3256418e-04
   1.4262974e-02  -1.0869993e-01   9.8834591e-02   3.6329487e-03  -4.8997862e-04  -6.3158386e-04
   4.2781572e-07  -6.9623528e-02   1.2974643e-01   3.0795562e-03  -3.6688742e-04  -7.0254821e-04
   4.7460041e-03  -1.0426914e-01   9.2075693e-02   3.5176037e-03  -5.2217781e-04  -8.4844303e-04
   6.1101787e-04  -9.0297899e-02   1.0172382e-01   3.6176533e-03  -7.3150448e-04  -8.2251343e-04
  -1.7267434e-03  -6.1206326e-02   1.2139229e-01   2.8910754e-03  -6.1953149e-04  -8.2729569e-04
  -6.4629874e-03  -4.0733010e-02   1.8896239e-01  -1.7536742e-04  -7.3897688e-04  -5.2288393e-04
  -7.7295361e-03  -4.4982107e-02   1.6317814e-01   3.0276302e-04  -6.4392451e-04  -7.7714207e-04
  -7.2150782e-03  -8.1117346e-02   1.4607908e-01   4.8892063e-04  -9.4010417e-04  -8.3948156e-04
  -5.6296079e-03  -6.1425300e-02   1.6133183e-01   5.6956935e-05  -9.6517250e-04  -7.5297768e-04
  -1.2577785e-03  -4.5977037e-02   1.5753626e-01   7.6509893e-06  -7.5539936e-04  -8.9464394e-04
  -1.7556885e-03  -1.0454328e-01   1.4558207e-01   5.3532831e-04  -6.5767913e-04  -1.0807752e-03
  -1.6762130e-02  -4.4228493e-02   1.7443495e-01  -9.0284355e-05  -6.8579030e-04  -1.0658868e-03
  -1.6774878e-02  -3.5128496e-02   1.7054359e-01   4.1871355e-06  -6.1882490e-04  -8.7864947e-04
  -1.4529967e-02  -5.7567496e-02   1.4763609e-01   9.2058340e-04  -7.7769841e-04  -7.7986401e-04
  -1.6123040e-02  -3.0358579e-02   1.8844627e-01   4.5269909e-04  -8.2434576e-04  -8.0780901e-04
  -2.5805138e-02  -2.3078807e-02   2.0183239e-01   4.3401787e-04  -9.0925058e-04  -7.3498218e-04
  -3.4016578e-02  -4.7019630e-02   2.0174608e-01   7.0693049e-04  -1.0195833e-03  -7.0176930e-04
  -2.3721192e-02  -7.8987665e-02   2.1824321e-01   8.0412727e-04  -1.9681520e-03  -4.1341973e-04
  -4.6481411e-02  -1.1168190e-01   1.3402103e-01   2.2679185e-03  -2.3619110e-03  -5.5434376e-04
  -2.7380286e-02  -1.0210514e-01   2.5098406e-01   4.2290517e-04  -1.3808337e-03  -3.3368289e-04
  -1.8724952e-02  -1.2602318e-01   1.5507883e-01   1.3081397e-03  -5.3212165e-04  -8.7092996e-04
  -2.0685250e-02  -1.2485344e-01   1.8389977e-01   2.1734836e-03  -8.8545755e-04  -6.4853259e-04
  -3.4976426e-02  -7.1402792e-02   2.3766851e-01   1.9733569e-03  -7.8717217e-04  -4.0217995e-04
  -3.0440976e-02  -1.0937123e-01   2.1169352e-01   2.2137382e-03  -5.2711331e-04  -3.1195947e-04
  -2.7741330e-02  -1.1506766e-01   2.0063834e-01   2.0923539e-03  -6.8730934e-04  -4.3351434e-04
  -2.5748217e-02  -8.2542183e-02   2.0818983e-01   1.9748321e-03  -9.9709812e-04  -6.7404329e-04
  -2.9800032e-02  -1.1873082e-01   1.8418227e-01   1.9202317e-03  -1.2700659e-03  -8.9791354e-04
  -3.5544281e-02  -1.1343386e-01   2.2054117e-01   1.4065992e-03  -1.2174289e-03  -1.1049977e-03
  -4.3580413e-02  -8.2317294e-02   2.1549838e-01   1.7979980e-03  -1.4336688e-03  -1.2183033e-03
  -3.4538020e-02  -1.2236571e-01   2.2486022e-01   1.3694621e-03  -1.1615494e-03  -1.1169813e-03
  -4.0620042e-02  -1.0202994e-01   2.5283482e-01   1.2256548e-03  -1.3396521e-03  -1.0879085e-03
  -5.3498301e-02  -1.0754405e-01   2.8414308e-01   1.2687323e-03  -2.1310800e-03  -6.6266065e-04
  -6.3778505e-02  -8.8426049e-02   2.7658167e-01   1.9380678e-03  -2.1303315e-03  -6.2208823e-04
  -6.7722765e-02  -1.1796957e-01   2.5299634e-01   2.5993394e-03  -1.9363915e-03  -7.6713702e-04
  -6.4578416e-02  -1.0984553e-01   2.5934948e-01   2.8388608e-03  -2.2113238e-03  -6.1098482e-04
  -5.5426327e-02  -7.5178267e-02   2.5659007e-01   2.6490000e-03  -2.1982291e-03  -6.4056182e-04
  -2.5566455e-02  -1.2181384e-01   2.3137769e-01   2.3857107e-03  -1.8252858e-03  -9.3759710e-04
  -1.8274841e-02  -1.8274646e-01   1.4630426e-01   2.8990719e-03  -1.5841308e-03   2.8872849e-05
  -1.9061901e-02  -5.8338229e-02   1.5513103e-01   2.7511417e-03  -1.5570618e-03  -9.4466013e-04
  -1.5090069e-02  -1.7132973e-01  -4.7670055e-02   2.8666960e-03  -1.2143413e-03  -1.0304840e-03
  -1.6975580e-02  -6.1743448e-02   1.5211671e-01   2.0702194e-03  -1.3302309e-03  -1.0494417e-03
  -1.2743743e-02  -9.5703923e-02   1.2469988e-01   3.1507625e-03  -1.1850815e-03  -8.2484885e-04
  -1.6679511e-02  -8.5402192e-02   1.5732081e-01   2.5237980e-03  -1.2283137e-03  -9.4204754e-04
  -3.1720187e-02  -4.0038519e-02   2.0954212e-01   2.7589117e-03  -2.5660933e-03  -1.1274838e-03
  -1.8088062e-02  -1.2457398e-01   1.7482916e-01   2.4068892e-03  -1.9136764e-03  -1.1100125e-03
   2.7554104e-02  -8.5936430e-02   2.6148726e-01   1.7603436e-03  -6.1535762e-04  -1.0673700e-03
  -2.8243598e-02  -7.2399669e-02   2.9736713e-01   2.2558312e-03  -8.4829596e-04  -1.0041657e-03
  -2.6031179e-02  -8.4396769e-02   2.8259025e-01   1.6560808e-03  -6.8912861e-04  -1.1207206e-03
  -1.8322135e-02  -1.1347913e-01   2.5463392e-01   2.2059671e-03  -7.4537608e-04  -1.3436737e-03
  -9.7734328e-03  -1.0166727e-01   2.7040242e-01   1.7220424e-03  -7.0776834e-04  -1.6234638e-03
  -8.8084706e-03  -9.4520844e-02   2.5051650e-01   2.3396229e-03  -1.0671081e-03  -1.8021815e-03
  -1.8056431e-02  -1.2095005e-01   2.6440297e-01   1.0532936e-03  -7.1217975e-04  -2.0290648e-03
   1.8216228e-02  -8.4027748e-02   2.9115327e-01  -3.9645776e-04   6.3341458e-04  -1.7672447e-04
  -4.0531217e-02   2.8154327e-02   2.6228593e-01  -2.1162130e-03  -1.4660232e-03  -3.7755852e-04
  -5.4316337e-02  -3.7062321e-02   2.4322681e-01  -1.7163552e-03  -1.9738376e-03  -9.3676194e-04
  -2.6485313e-01   1.2041992e-01   1.8721408e-01  -5.9548510e-03   7.1516323e-03  -2.2650177e-03
  -2.9987872e-01   1.5120026e-01   1.2373889e-01  -6.9381885e-03   2.1055840e-03  -3.9706648e-03
  -2.6683482e-01   7.1630932e-02   8.4884714e-02  -5.3959650e-03   1.2996773e-03  -4.2824389e-03
  -2.6663219e-01   9.3623328e-02   1.6012050e-01  -5.3610899e-03   1.0450812e-03  -4.8275200e-03
  -2.6309386e-01   1.3242686e-01   1.8662035e-01  -5.7550351e-03   8.8976821e-04  -5.1008308e-03
  -2.6712634e-01   9.7634118e-02   1.6750184e-01  -5.8333198e-03   6.2998121e-04  -5.4551078e-03
  -2.9557577e-01   1.4904604e-01   2.0919194e-01  -6.3879856e-03   2.1792508e-04  -5.3069645e-03
  -2.9888578e-01   1.5428787e-01   1.9723516e-01  -6.0934516e-03   5.6561238e-05  -5.6832337e-03
  -2.9886055e-01   1.4248152e-01   1.6500812e-01  -5.7196655e-03  -1.6011228e-04  -6.0008017e-03
  -3.0067252e-01   1.1839828e-01   1.8685202e-01  -4.5879929e-03   2.8405498e-05  -6.6921059e-03
  -2.7261944e-01  -1.2184100e-01  -2.0917712e-01  -2.1160680e-03   8.7193823e-04  -7.4204997e-03
  -2.4476804e-01   4.1892175e-02  -6.1001988e-02  -1.8678542e-03   3.1918723e-04  -6.7841078e-03
  -2.3142891e-01   1.4148601e-02  -2.9737777e-02  -1.6566185e-03   5.0756385e-04  -6.8343545e-03
  -2.4881351e-01   2.3660941e-02  -5.0384871e-03  -1.3602430e-03   3.9122336e-04  -6.9323036e-03
  -2.6096699e-01   8.5739093e-02   5.5343756e-02  -2.2694430e-03   4.9567426e-04  -7.1420077e-03
  -2.6639368e-01   5.1274031e-02   5.6858786e-02  -2.9656768e-03   4.5602548e-04  -7.3002482e-03
  -2.9498482e-01   6.6191272e-02   8.6156747e-02  -2.8308209e-03   5.3548423e-03  -8.1334103e-03
  -3.1082328e-01   1.3793909e-01   1.7796928e-01  -4.8393026e-03   1.0028506e-02  -8.7609899e-03
  -3.1893574e-01   7.5597113e-02   1.3200627e-01  -4.5146830e-03   8.8845037e-03  -8.9286230e-03
  -3.3621881e-01   9.2238542e-02   1.4358552e-01  -4.5032842e-03   8.7640647e-03  -9.1685571e-03
  -3.3410129e-01   1.2819960e-01   1.5792519e-01  -4.1088492e-03   8.2666977e-03  -9.2418091e-03
  -3.2164311e-01   3.5575209e-02   1.3494198e-01  -3.5253624e-03   8.5144271e-03  -9.3818230e-03
  -3.2779586e-01   5.3583376e-02   1.9941724e-01  -3.9410576e-03   9.1219565e-03  -9.6395240e-03
  -3.0379010e-01   8.3700237e-02   1.6471425e-01  -5.0505673e-03   7.9163882e-03  -9.7543195e-03
  -3.1705931e-01   5.2548125e-02   9.1898994e-02  -4.5476778e-03   8.0939602e-03  -9.9800151e-03
  -3.7100005e-01   1.9003483e-01   1.0178735e-01  -8.4306444e-03   1.2176240e-02  -9.9168014e-03
  -3.6262749e-01   1.2269817e-01   4.8186907e-02  -1.1875418e-02   7.5278245e-03  -7.7580894e-03
  -3.7612746e-01   1.0943727e-01   1.3973777e-02  -1.1707017e-02   8.2722543e-03  -8.5812331e-03
  -3.8566790e-01   1.6663016e-01   9.4337307e-02  -1.0783660e-02   8.5452908e-03  -9.0188055e-03
  -4.0047704e-01   1.9025051e-01   1.5666054e-01  -9.9335322e-03   9.0403476e-03  -9.5381341e-03
  -4.0811411e-01   1.6272908e-01   1.2692106e-01  -9.1356380e-03   9.3131612e-03  -9.9571862e-03
  -4.1917549e-01   1.9187750e-01   1.7509946e-01  -9.4367927e-03   9.3150723e-03  -1.0207176e-02
  -4.1654640e-01   1.9672497e-01   1.3906276e-01  -8.1982325e-03   8.9738835e-03  -1.0235223e-02
  -4.1154392e-01   1.6097594e-01   1.2912781e-01  -8.2934191e-03   9.0683158e-03  -1.0342314e-02
  -4.1324402e-01   2.0219147e-01   1.7621963e-01  -8.8162981e-03   9.0805160e-03  -1.0403460e-02
  -4.2132203e-01   1.8894614e-01   1.6598679e-01  -8.5364013e-03   1.1379459e-02  -1.0885051e-02
  -4.2102612e-01   2.5621639e-01   7.2378146e-02  -1.0796857e-02   6.2080216e-03  -9.6658141e-03
  -4.2444664e-01   1.7380424e-01  -1.9337307e-02  -9.3658984e-03   4.7213038e-03  -9.4587703e-03
  -4.0942150e-01   2.2131536e-01  -3.5344449e-02  -9.9721782e-03   6.3361898e-03  -9.8770437e-03
  -4.1390363e-01   1.9578187e-01   1.2909794e-02  -9.8764311e-03   6.9486151e-03  -1.0011216e-02
  -4.0829140e-01   2.3704683e-01   8.0343083e-02  -9.9039112e-03   7.3586398e-03  -1.0146350e-02
  -4.1033277e-01   2.0751081e-01   5.1791227e-02  -1.0760687e-02   8.4750738e-03  -1.0412904e-02
  -4.1051159e-01   1.9525520e-01   1.7252312e-02  -1.0567559e-02   8.0599195e-03  -1.0137360e-02
  -3.8058328e-01   2.3261843e-01   7.5557409e-02  -1.0840627e-02   8.0839793e-03  -1.0597332e-02
  -3.8054198e-01   2.4734366e-01   1.9652177e-01  -1.1058367e-02   8.2075697e-03  -9.8971139e-03
  -3.8466472e-01   2.1198147e-01   1.5308493e-01  -1.0280003e-02   8.1606812e-03  -9.8999502e-03
  -3.8706069e-01   2.3600377e-01   1.8912512e-01  -1.0353859e-02   8.4015737e-03  -1.0013550e-02
  -3.8692392e-01   2.6901907e-01   1.8889828e-01  -9.9294964e-03   8.2358238e-03  -1.0015974e-02
  -3.8408597e-01   2.4645656e-01   1.7770287e-01  -9.9867464e-03   8.1746644e-03  -1.0101886e-02
  -3.8496573e-01   2.6493310e-01   2.0485800e-01  -1.0309859e-02   7.9309306e-03  -1.0167543e-02
  -3.8603504e-01   2.8334404e-01   2.3683662e-01  -1.1167218e-02   8.1098062e-03  -1.0319833e-02
  -3.8101527e-01   2.6705047e-01   2.0508943e-01  -1.1207157e-02   8.0261729e-03  -1.0380453e-02
  -3.7842416e-01   2.5526025e-01   2.0375118e-01  -1.1347413e-02   7.9439321e-03  -1.0186967e-02
  -3.8204200e-01   2.9676944e-01   2.2191326e-01  -1.1376696e-02   7.6020998e-03  -1.0181132e-02
  -3.8854307e-01   2.7236679e-01   2.1993446e-01  -1.1647879e-02   7.7494228e-03  -1.0182929e-02
  -3.8397596e-01   2.4266575e-01   1.9962436e-01  -1.1582041e-02   7.6668711e-03  -9.9364807e-03
  -3.7902821e-01   2.7667222e-01   2.3317987e-01  -1.1981640e-02   7.7098332e-03  -9.9212456e-03
