   0.0000000e+00  -1.2027931e-16   0.0000000e+00   0.0000000e+00   0.0000000e+00   1.3612415e-17
  -1.6478634e-02  -2.8599611e-04  -1.3596559e-02  -4.4790114e-04   6.2903321e-04   1.9522477e-04
  -2.0606656e-02   7.5696593e-03   3.0778221e-02   2.0247051e-04   8.7647876e-04   4.9144634e-04
  -2.9705485e-02  -6.2603431e-02  -1.2230214e-01   1.6275508e-03   1.8464189e-03   1.4020325e-03
  -3.9456581e-02   1.5661894e-02  -1.4247453e-01   1.6805561e-03   2.5063673e-03   1.1967990e-03
  -1.3186059e-02  -1.2806182e-03  -1.2491427e-01   1.0319228e-03   2.7624498e-03   1.4629285e-03
  -2.0585390e-02   3.0452562e-02  -4.7410272e-02   5.9238485e-04   2.8802791e-03   1.5752755e-03
  -1.1157254e-02   1.0167461e-02  -6.5461154e-02   6.8433912e-04   2.8374237e-03   1.6765748e-03
   4.1463663e-02   4.5651345e-02  -4.7035976e-02   2.4017440e-03   5.0050331e-03   2.6334533e-03
   3.5224322e-01  -2.4701218e-01   1.5501897e+00   6.5742429e-03   7.2609012e-03   2.2909864e-03
   5.4328149e-01  -4.2876204e-01   1.3854703e+00   8.3353687e-03   9.5507829e-03   3.3202741e-03
   3.9713974e-01  -4.3033435e-01   4.8372091e-01   8.3735499e-03   1.1890195e-02   6.2376734e-03
   2.2652389e-01  -1.2666397e-01   6.3023290e-01   9.7662629e-03   1.1098526e-02   5.3689583e-03
   2.1499461e-01  -1.3273394e-01   7.8265443e-01   8.3849351e-03   1.2052003e-02   5.3447724e-03
   2.2589487e-01  -1.4955485e-01   8.6136309e-01   8.2949546e-03   1.2649377e-02   6.1884654e-03
   2.2458766e-01  -1.0485277e-01   9.3968549e-01   8.2904091e-03   1.3087188e-02   6.8445194e-03
   2.2831350e-01  -7.0596553e-02   1.0989534e+00   6.6758705e-03   1.3255847e-02   7.1798033e-03
   1.8497374e-01  -2.3724273e-01   9.1815027e-01   5.8574908e-03   1.5335707e-02   7.9376216e-03
   2.0873505e-01  -1.2994803e-01   9.6181504e-01   5.7956884e-03   1.5068676e-02   7.9852386e-03
   1.8778475e-01  -1.7957524e-01   9.4805440e-01   5.9544619e-03   1.5585229e-02   8.1666042e-03
   1.8851835e-01  -1.8047622e-01   9.0750315e-01   6.8652541e-03   1.5818083e-02   8.7157239e-03
   1.8281806e-01  -5.2983412e-02   9.6542716e-01   6.1007741e-03   1.6145363e-02   8.7271237e-03
   1.9905074e-01  -1.7258451e-01   9.7761296e-01   2.4103882e-02   7.4667582e-03   9.5713686e-03
   1.2277504e-01  -2.0763740e-01   8.0814435e-01   2.3481785e-02   6.8193426e-03   9.8172322e-03
   1.2698610e-01  -2.2245240e-01   8.0889700e-01   2.0065493e-02   8.7091275e-03   9.0334741e-03
   1.4516454e-01  -1.5324063e-01   7.9303150e-01   1.7437082e-02   9.5277657e-03   9.0369060e-03
   1.5519557e-01  -1.3691732e-01   8.5826781e-01   1.7149395e-02   9.5527922e-03   8.7855756e-03
  -3.0864940e-02  -6.4455919e-02   9.3966800e-01   1.4984499e-02  -1.4171411e-02  -1.6209974e-02
  -1.4119946e-01  -2.1410463e-01   7.5317927e-01   1.4848625e-02  -1.5646947e-02  -1.7436271e-02
  -1.2712066e-01  -2.0433800e-01   6.7924632e-01   1.4901860e-02  -1.3515887e-02  -1.5121017e-02
  -5.2135385e-02  -7.2221757e-02   7.2757774e-01   1.3219331e-02  -1.0404704e-02  -1.2519165e-02
  -6.5586180e-02  -1.2200545e-01   7.0934111e-01   1.2670081e-02  -9.9438706e-03  -1.1753207e-02
  -4.5773956e-02  -9.1878799e-02   7.7057088e-01   1.2714190e-02  -8.9909588e-03  -1.1458492e-02
  -6.9115220e-04  -9.3356935e-02   6.9218079e-01   1.4844977e-02  -3.2414705e-03  -6.4096819e-03
   1.6647727e-02  -1.2730871e-01   6.3762635e-01   1.5422418e-02  -2.5355104e-03  -5.6062265e-03
   1.3393486e-02  -1.0657373e-01   5.7007855e-01   1.3584814e-02  -2.3072570e-03  -5.4884725e-03
   1.9115124e-02  -3.1204854e-02   6.5868889e-01   1.3237363e-02  -1.9289982e-03  -5.2725426e-03
   1.2143106e-02  -1.2024337e-01   5.8224053e-01   1.4390593e-02  -1.5664115e-03  -4.8814818e-03
  -4.0834046e-04  -3.8400549e-02   6.6156315e-01   1.3669111e-02  -1.1537162e-03  -4.9876220e-03
   5.7205670e-03  -1.3235641e-01   6.0754758e-01   1.5031539e-02  -1.0845727e-03  -4.6022015e-03
   1.8461818e-02  -1.4338824e-02   6.7081464e-01   1.4212498e-02  -5.3276836e-04  -4.5303931e-03
   9.1571275e-03  -8.2763718e-02   6.5357191e-01   1.4037304e-02  -4.6885623e-04  -4.4159713e-03
   1.3678399e-02  -1.0273696e-01   5.9018550e-01   1.4816378e-02  -5.4435068e-05  -3.9445401e-03
   1.4362703e-02  -2.4967672e-03   6.5303752e-01   1.3785753e-02   2.8873737e-04  -4.0288268e-03
   3.1064014e-02  -1.1256298e-01   5.6120614e-01   1.4844726e-02   4.7227040e-04  -3.5967444e-03
   3.1045316e-02  -2.7501892e-02   6.1782520e-01   1.4306556e-02   1.0122591e-03  -3.6055281e-03
  -7.2298282e-01  -5.4128074e+00  -7.6189383e+00  -5.3533134e-02   2.9510844e-02   2.1798169e-02
  -3.5703850e-01  -4.7983055e+00  -1.9111678e+01  -2.9910818e-02   5.6390743e-02   1.9196488e-02
   4.2989442e-02  -2.9889082e+00  -1.6245031e+01  -2.7550918e-02   4.5785361e-02   2.0276387e-02
   1.4231515e-01  -2.6108338e+00  -1.5684849e+01  -2.4652633e-02   4.4371971e-02   2.1636972e-02
   9.6650945e-02  -2.7339853e+00  -1.5984151e+01  -2.6665369e-02   4.5631406e-02   2.3160753e-02
   7.1641889e-02  -2.5656710e+00  -1.5997484e+01  -2.7450220e-02   4.6518586e-02   2.2827723e-02
   7.3319840e-02  -2.3797803e+00  -1.5984527e+01  -2.9248615e-02   4.6676963e-02   2.1800320e-02
   7.7434742e-02  -2.2932932e+00  -1.5947785e+01  -2.8682664e-02   4.6485269e-02   2.1506260e-02
   1.1878169e-01  -2.1188787e+00  -1.5794433e+01  -2.9548889e-02   4.6215884e-02   2.1844968e-02
   1.6178988e-01  -2.1669880e+00  -1.5773544e+01  -2.9328161e-02   4.5873879e-02   2.2284873e-02
   1.5848290e-01  -2.1414004e+00  -1.5769452e+01  -2.9134818e-02   4.6481873e-02   2.3011029e-02
   1.9613936e-01  -2.0328587e+00  -1.5693786e+01  -2.9904245e-02   4.6537295e-02   2.3674392e-02
   1.8909163e-01  -2.0815147e+00  -1.5704083e+01  -2.9172150e-02   4.7110810e-02   2.4316758e-02
   2.8412029e-01  -1.9057560e+00  -1.5603419e+01  -2.9564871e-02   4.6437560e-02   2.5300243e-02
   2.8987894e-01  -1.9109450e+00  -1.5607465e+01  -2.9875514e-02   4.6974031e-02   2.5992394e-02
   2.9477992e-01  -1.8767265e+00  -1.5590465e+01  -3.0221810e-02   4.7345575e-02   2.6292881e-02
   2.3827753e-01  -1.9816148e+00  -1.5932567e+01  -2.9878913e-02   4.9321852e-02   2.6888338e-02
   1.2636333e-01  -1.7732899e+00  -1.5581050e+01  -3.0311043e-02   5.2189242e-02   2.7433188e-02
   2.0626120e-01  -1.0996563e+00  -1.2940640e+01  -2.8732353e-02   4.6697716e-02   2.5496967e-02
   2.2336723e-01  -1.1985799e+00  -1.2795189e+01  -2.9500393e-02   4.7991014e-02   2.6585063e-02
   2.2239193e-01  -1.1760671e+00  -1.2775992e+01  -3.0666593e-02   4.9232120e-02   2.7489925e-02
   2.2753649e-01  -1.1239757e+00  -1.2653117e+01  -3.0942034e-02   4.9683277e-02   2.8329878e-02
   2.1832459e-01  -1.1319463e+00  -1.2625306e+01  -3.0992701e-02   4.9933857e-02   2.8667934e-02
   1.5470986e-01  -1.4039433e+00  -1.3324466e+01  -2.9711977e-02   5.0112432e-02   2.7583801e-02
   1.1560875e-01  -1.3512534e+00  -1.3318236e+01  -3.0445035e-02   5.0666170e-02   2.8114613e-02
   1.3288482e-01  -1.5178025e+00  -1.4232341e+01  -2.8797965e-02   5.3136298e-02   2.8272395e-02
   1.5346845e-01  -1.4143766e+00  -1.4081309e+01  -2.7858206e-02   5.2754336e-02   2.8365670e-02
   1.4713424e-01  -1.3671765e+00  -1.3998042e+01  -2.7677385e-02   5.3431311e-02   2.8834179e-02
   1.4662637e-01  -1.4412407e+00  -1.4028836e+01  -2.6900112e-02   5.3114848e-02   2.8254646e-02
   1.8070136e-01  -1.4153525e+00  -1.4066107e+01  -2.6843730e-02   5.2472997e-02   2.8024768e-02
   2.0501495e-01  -1.4275890e+00  -1.4112268e+01  -2.6912161e-02   5.2439321e-02   2.8401853e-02
   2.0481644e-01  -1.3987757e+00  -1.4217303e+01  -2.6849417e-02   5.2631096e-02   2.8272409e-02
   2.2420141e-01  -1.4394856e+00  -1.4519989e+01  -2.6197760e-02   5.2800179e-02   2.8054200e-02
   2.5655723e-01  -1.4409611e+00  -1.4522948e+01  -2.5120196e-02   5.2300047e-02   2.8037682e-02
   2.7739349e-01  -1.3604720e+00  -1.4487287e+01  -2.6022476e-02   5.2154743e-02   2.8252044e-02
   2.4802321e-01  -1.4557604e+00  -1.4535197e+01  -2.5086736e-02   5.2839767e-02   2.8183313e-02
   2.8426540e-01  -1.4156858e+00  -1.4512062e+01  -2.5696822e-02   5.2157470e-02   2.8901312e-02
   2.5361370e-01  -1.4693268e+00  -1.4701992e+01  -2.5192684e-02   5.3057952e-02   2.8392224e-02
   2.8093880e-01  -1.3957923e+00  -1.4620542e+01  -2.5384142e-02   5.2572536e-02   2.8820009e-02
   2.8226080e-01  -1.4169156e+00  -1.4670390e+01  -2.4394632e-02   5.2716808e-02   2.9016561e-02
   2.7780089e-01  -1.4355481e+00  -1.4667127e+01  -2.4844373e-02   5.2634657e-02   2.9049970e-02
   2.8303160e-01  -1.4456198e+00  -1.4706221e+01  -2.4556801e-02   5.2739682e-02   2.8874232e-02
   2.5484429e-01  -1.4800832e+00  -1.4773806e+01  -2.3743706e-02   5.2597957e-02   2.7597472e-02
   1.1211786e+00  -1.2317068e+00  -1.4201001e+01  -2.0809867e-02   4.6771398e-03  -2.0685035e-02
   9.6675412e-01  -1.3878214e+00  -1.4574527e+01  -2.1118550e-02   1.2770327e-02  -1.0445957e-02
   8.6930980e-01  -1.3416261e+00  -1.4679782e+01  -2.0698559e-02   1.5174338e-02  -9.5945675e-03
   8.0368237e-01  -1.2573209e+00  -1.6080401e+01  -2.7819079e-02   1.8681189e-02  -7.2055482e-03
   6.5440660e-01  -9.9092796e-01  -1.5686379e+01  -2.8583725e-02   2.2699555e-02  -3.0994012e-03
   6.3716854e-01  -1.0446454e+00  -1.5654663e+01  -2.8474450e-02   2.2840554e-02  -2.2820157e-03
   7.0391230e-01  -9.7128738e-01  -1.5483525e+01  -2.8291256e-02   2.2509723e-02  -7.2127346e-04
   6.6565929e-01  -1.1545731e+00  -1.5913217e+01  -3.0234133e-02   2.4713260e-02  -1.3206068e-04
   6.8011294e-01  -9.8274863e-01  -1.5761223e+01  -2.9596897e-02   2.5423167e-02  -7.2077405e-05
   6.6492580e-01  -9.9215633e-01  -1.5740241e+01  -3.0101670e-02   2.6043493e-02   4.7279353e-04
   6.7482085e-01  -9.9683057e-01  -1.5737669e+01  -3.0114210e-02   2.6374566e-02   1.0025955e-03
   7.0573330e-01  -9.5809048e-01  -1.5626550e+01  -2.9723849e-02   2.6363898e-02   1.9019256e-03
   7.1258016e-01  -9.6249622e-01  -1.5627115e+01  -2.9748918e-02   2.6712933e-02   2.2735570e-03
   6.3712675e-01  -1.0375064e+00  -1.5779941e+01  -2.9895534e-02   2.8248399e-02   2.6568149e-03
   6.4981273e-01  -1.0470355e+00  -1.5753067e+01  -2.9244177e-02   2.8067824e-02   2.7997571e-03
   7.4490176e-01  -1.1509064e+00  -1.5832436e+01  -2.7738727e-02   2.8012970e-02   3.1436328e-03
   8.3964835e-01  -1.2370399e+00  -1.5924299e+01  -2.6665515e-02   2.8804715e-02   2.8307398e-03
   9.3988498e-01  -9.1705234e-01  -1.5479705e+01  -2.8362424e-02   2.9877900e-02   4.6107584e-03
   9.4198822e-01  -1.1151438e+00  -1.5667410e+01  -2.7318162e-02   3.0868095e-02   5.0699073e-03
   9.3406625e-01  -1.0491634e+00  -1.5554904e+01  -2.6102380e-02   3.1114674e-02   4.9685500e-03
   9.2600136e-01  -1.0780683e+00  -1.5545404e+01  -2.6568722e-02   3.1756818e-02   5.0627936e-03
   9.3400238e-01  -1.0694808e+00  -1.5513140e+01  -2.6865145e-02   3.1781318e-02   5.3626891e-03
   9.6124084e-01  -1.1591165e+00  -1.5629268e+01  -2.6331886e-02   3.2545377e-02   5.4635375e-03
   9.8052754e-01  -1.1043629e+00  -1.5614848e+01  -2.7043618e-02   3.2995653e-02   5.9955198e-03
   9.8080556e-01  -1.0882318e+00  -1.5533778e+01  -2.6341893e-02   3.3498756e-02   6.4044286e-03
   9.7906607e-01  -1.1582536e+00  -1.5656620e+01  -2.6664141e-02   3.4473169e-02   6.8697819e-03
   9.6445049e-01  -1.1018209e+00  -1.5628019e+01  -2.7218308e-02   3.4831355e-02   7.0850739e-03
   9.6471979e-01  -1.0980209e+00  -1.5584421e+01  -2.6695209e-02   3.4978347e-02   7.0408123e-03
   9.5512557e-01  -1.1792890e+00  -1.5662548e+01  -2.6596961e-02   3.5818603e-02   7.3133938e-03
   1.0022192e+00  -1.0814414e+00  -1.5588890e+01  -2.7202614e-02   3.4616175e-02   6.6130240e-03
   1.0172208e+00  -1.1321867e+00  -1.5627402e+01  -2.7463485e-02   3.4750611e-02   6.7765679e-03
   1.0295456e+00  -1.0104299e+00  -1.5453884e+01  -2.7545104e-02   3.4262623e-02   6.9131184e-03
   1.0198737e+00  -1.0525590e+00  -1.5451618e+01  -2.7608765e-02   3.4634506e-02   7.1802819e-03
   1.0424277e+00  -1.1140671e+00  -1.5540185e+01  -2.6686142e-02   3.4861337e-02   7.4142216e-03
   1.0461536e+00  -1.0666596e+00  -1.5435002e+01  -2.6600140e-02   3.4658770e-02   7.9166504e-03
   9.9006635e-01  -1.1591682e+00  -1.5490456e+01  -2.6399564e-02   3.4060393e-02   6.4024689e-03
   8.9644823e-01  -8.8295354e-01  -1.5039615e+01  -2.8177195e-02   3.4435572e-02   8.4161710e-03
   8.8853292e-01  -9.4974204e-01  -1.5062702e+01  -2.7826234e-02   3.5272066e-02   8.5942135e-03
   7.6429461e-01  -1.1197870e+00  -1.5193847e+01  -2.8503455e-02   3.9639449e-02   8.7251037e-03
   8.2011405e-01  -1.0071789e+00  -1.5190981e+01  -2.8096929e-02   3.9675285e-02   8.7367247e-03
   7.7990498e-01  -9.9887105e-01  -1.5172186e+01  -2.8477604e-02   4.0318551e-02   9.1324630e-03
   7.8727734e-01  -1.0361696e+00  -1.5219084e+01  -2.7639936e-02   4.0714843e-02   9.0873942e-03
   8.0255620e-01  -9.9584857e-01  -1.5159586e+01  -2.7621132e-02   4.0350254e-02   9.2581486e-03
   7.7000064e-01  -8.9994604e-01  -1.5034277e+01  -2.7684835e-02   3.9111077e-02   8.9336322e-03
   7.6544113e-01  -9.3822822e-01  -1.4976122e+01  -2.7675576e-02   3.9191412e-02   9.0432780e-03
   7.4291991e-01  -9.8567600e-01  -1.5028398e+01  -2.8529038e-02   3.9758881e-02   9.1714875e-03
   7.2742290e-01  -1.0102967e+00  -1.5034765e+01  -2.7915548e-02   4.0498107e-02   9.1609757e-03
   7.7140002e-01  -9.9342776e-01  -1.5289746e+01  -2.9837976e-02   4.0831542e-02   9.1102650e-03
   7.6798642e-01  -1.0564332e+00  -1.5423762e+01  -2.9044237e-02   4.1571709e-02   8.9431701e-03
   7.4457785e-01  -9.0027384e-01  -1.5315856e+01  -2.8877373e-02   4.2163767e-02   9.0668000e-03
   7.4588089e-01  -9.2910056e-01  -1.5221731e+01  -2.8617933e-02   4.2422467e-02   9.9443761e-03
   7.5023732e-01  -9.5097331e-01  -1.5221784e+01  -2.8072687e-02   4.2036959e-02   1.0095993e-02
   8.1742367e-01  -7.9407788e-01  -1.5065259e+01  -2.7640680e-02   4.0011627e-02   1.0071708e-02
   7.2870882e-01  -1.0003822e+00  -1.5261180e+01  -2.8346196e-02   4.2633858e-02   9.9974703e-03
   7.3408657e-01  -9.5537700e-01  -1.5152850e+01  -2.9009472e-02   4.2968874e-02   9.3480211e-03
   5.9295793e-01  -9.6711489e-01  -1.5110318e+01  -3.0581147e-02   4.6671965e-02   8.7897049e-03
   8.4431459e-01  -8.3600199e-01  -1.5292221e+01  -2.9754694e-02   4.2190315e-02   8.7239890e-03
   8.2404453e-01  -8.7488586e-01  -1.5290473e+01  -3.0501370e-02   4.2902357e-02   9.5582273e-03
   8.1129116e-01  -8.6538038e-01  -1.5173752e+01  -3.0036080e-02   4.3546934e-02   1.0146456e-02
   7.0755243e-01  -1.3714294e+00  -1.5262792e+01  -1.3216733e-02   3.8978617e-02   1.2036372e-02
   1.3061985e+00  -1.9200495e+00  -1.5125868e+01   1.8985650e-02   7.9238230e-03   1.7648680e-02
   9.9662775e-01  -1.8474219e+00  -1.5327412e+01   7.0001290e-03   2.4099521e-02   1.6438722e-02
   9.2854641e-01  -1.6804855e+00  -1.5240155e+01   2.8090781e-03   3.0333400e-02   1.4921144e-02
   7.5023703e-01  -1.4396629e+00  -1.4857147e+01   6.4932865e-04   3.2851599e-02   1.6985314e-02
   7.5544801e-01  -1.3015329e+00  -1.4480373e+01  -5.7746483e-03   3.1477944e-02   1.7687375e-02
   7.5439176e-01  -1.2191013e+00  -1.4420538e+01  -5.4125709e-03   3.1483126e-02   1.7788080e-02
   7.9266398e-01  -1.3068026e+00  -1.4571276e+01  -5.8418159e-03   3.1855423e-02   1.7764467e-02
   8.0167853e-01  -1.3725927e+00  -1.4807676e+01  -5.9278785e-03   3.3801162e-02   1.7351740e-02
   8.0759254e-01  -1.3030599e+00  -1.4744076e+01  -6.3725278e-03   3.4359220e-02   1.7319731e-02
   8.2468434e-01  -1.2576784e+00  -1.4739578e+01  -1.0830752e-02   3.4932633e-02   1.7412042e-02
   7.8760788e-01  -9.7432633e-01  -1.4599186e+01  -2.0108636e-02   3.7426922e-02   1.6352005e-02
   7.8224988e-01  -1.0391996e+00  -1.4620492e+01  -1.7849865e-02   3.7858962e-02   1.7059576e-02
   8.0758853e-01  -1.0464188e+00  -1.4599024e+01  -1.5997092e-02   3.7233195e-02   1.7623135e-02
   7.8450376e-01  -1.1035013e+00  -1.4784651e+01  -1.6756293e-02   3.8086633e-02   1.7556250e-02
   8.0444169e-01  -1.0178725e+00  -1.4719472e+01  -1.7086824e-02   3.7948787e-02   1.7626443e-02
   8.1862702e-01  -1.0169860e+00  -1.4631627e+01  -1.6687116e-02   3.7892033e-02   1.7666654e-02
   8.2431200e-01  -1.0729206e+00  -1.4723686e+01  -1.7260394e-02   3.7967223e-02   1.7505735e-02
   7.1799038e-01  -1.1044116e+00  -1.4620252e+01  -1.5607445e-02   4.2066506e-02   1.7903592e-02
   8.1950810e-01  -9.7740438e-01  -1.4698637e+01  -1.7357188e-02   3.9562679e-02   1.8356171e-02
   7.9370061e-01  -9.5089575e-01  -1.4680157e+01  -1.7547846e-02   3.9217843e-02   1.8550193e-02
   8.1709307e-01  -8.7423521e-01  -1.4440460e+01  -1.6582168e-02   3.7434967e-02   1.8043159e-02
   6.9620840e-01  -1.2358272e+00  -1.4855624e+01  -1.7386611e-02   4.2162427e-02   1.7446762e-02
   7.6546021e-01  -1.0695064e+00  -1.4749446e+01  -1.6605029e-02   4.2017213e-02   1.7553984e-02
   7.7795514e-01  -1.0871010e+00  -1.4713925e+01  -1.6195737e-02   4.1679689e-02   1.8015723e-02
   7.6245188e-01  -7.5016848e-01  -1.3585581e+01  -1.7245053e-02   4.0067733e-02   1.5833645e-02
   7.9688426e-01  -4.9966620e-01  -1.2159742e+01  -2.2544194e-02   3.6342180e-02   1.4308609e-02
   7.7220377e-01  -5.6445967e-01  -1.2096210e+01  -2.3154199e-02   3.7126585e-02   1.4992882e-02
   7.5285739e-01  -5.5919805e-01  -1.1991868e+01  -2.3252714e-02   3.7368571e-02   1.5248209e-02
   7.5568608e-01  -5.1850829e-01  -1.1830621e+01  -2.4649188e-02   3.7529808e-02   1.5677005e-02
   7.6458030e-01  -5.3656662e-01  -1.1825038e+01  -2.4023771e-02   3.7046049e-02   1.5950512e-02
   7.1536163e-01  -9.0163349e-01  -1.2842279e+01  -2.0876564e-02   3.8985085e-02   1.4943793e-02
   7.9168967e-01  -9.6486638e-01  -1.3550041e+01  -1.9146272e-02   3.8456563e-02   1.4732338e-02
   8.8373287e-01  -1.3672244e+00  -1.5034980e+01  -1.5943110e-02   3.9270710e-02   1.4614980e-02
   9.2705089e-01  -1.3341253e+00  -1.5478259e+01  -1.2898302e-02   3.9982257e-02   1.4779426e-02
   9.2955545e-01  -1.3546710e+00  -1.5557085e+01  -6.8183300e-03   3.9722886e-02   1.3374896e-02
   8.5721917e-01  -1.4654912e+00  -1.5539064e+01  -8.1713934e-03   3.7242932e-02   8.2507410e-03
   1.0705937e+00  -1.4389348e+00  -1.5596340e+01  -9.0826528e-03   3.8118003e-02   1.6749271e-02
   1.2281164e+00  -1.5016749e+00  -1.5574020e+01  -8.0925125e-03   3.7420414e-02   2.4509264e-02
   1.1414627e+00  -1.5547231e+00  -1.5377806e+01  -4.7795356e-03   3.9204918e-02   2.3014866e-02
