   0.0000000e+00   0.0000000e+00   0.0000000e+00   0.0000000e+00   0.0000000e+00   0.0000000e+00
   1.4965232e-02   7.4713333e-02   4.0392614e-02  -1.3587425e-04  -8.0408389e-04  -4.5807445e-04
  -1.1785684e-02   3.4466689e-02   1.9335200e-02   1.6779580e-03  -4.8171591e-04  -1.1492593e-03
  -1.7801760e-02   8.1222989e-02   5.5350653e-02   4.9597188e-04  -9.2811206e-04  -1.1683255e-03
   2.2244366e-02   1.8863025e-03  -1.2730229e-02   9.3709776e-04  -1.7476253e-03  -1.2514005e-03
   1.5687194e-02   5.1939168e-02   6.8358010e-02   1.2235128e-03  -8.9726875e-04  -7.8001398e-04
   1.1033392e-02   4.3451368e-02   5.5056758e-02   1.3141446e-03  -4.6001730e-04  -6.9694743e-04
   6.7735422e-03   8.3191823e-04   3.3248835e-02   2.3630844e-03  -4.2922642e-04  -9.5765352e-04
   2.5697192e-04  -8.4204390e-03   3.8529909e-02   2.0449146e-04  -4.5250135e-04  -1.5400323e-03
   4.3252003e-04   1.2461800e-01   8.6952027e-02  -4.0020189e-04  -8.1662102e-04  -1.1979211e-03
  -8.0033322e-03   1.2261711e-02   6.4702864e-02   7.9159696e-04  -5.0403683e-04  -1.0590085e-03
  -2.1074326e-02   4.4978352e-02   2.7111988e-02   1.1526110e-03  -7.9720601e-04  -9.8856594e-04
  -6.3576575e-02  -1.3949663e-01  -5.4445785e-01   2.3469161e-03   9.7067455e-04  -4.9679754e-04
  -1.8238958e-02  -6.2042602e-03  -4.7943232e-01   1.8541662e-05   4.9034175e-04  -1.0480127e-03
  -2.4853076e-02   2.7001300e-01   6.3578912e-01  -2.6276259e-03  -1.2322704e-03  -2.2864416e-03
  -2.8237464e-02   3.1727785e-01   8.1468096e-01  -3.4499357e-03  -1.8331781e-03  -2.7133939e-03
  -2.7665515e-02   2.1069240e-01   8.3603577e-01  -3.6662949e-03  -1.5536394e-03  -2.0998200e-03
  -8.5694600e-03   2.7970937e-01   8.6231978e-01  -3.8871093e-03  -1.6055618e-03  -1.8693609e-03
  -6.9463936e-05   2.9554223e-01   8.9838317e-01  -4.0441148e-03  -8.8711980e-04  -1.5854845e-03
  -8.9814268e-03   2.3968549e-01   9.0959312e-01  -3.8990678e-03  -7.8749360e-04  -1.6816057e-03
   4.1558301e-03   2.4315865e-01   9.0201128e-01  -4.2943059e-03  -6.6119829e-04  -1.6325658e-03
   3.0801464e-03   2.5563138e-01   9.4567172e-01  -3.9750796e-03  -7.2595296e-04  -1.5588917e-03
   2.1009334e-02   3.1232082e-01   9.0408741e-01  -4.5456594e-03  -1.1538253e-03  -1.3543871e-03
   3.3931579e-02   3.5713313e-01   8.4766280e-01  -3.8370164e-03  -1.1541030e-03  -1.7775249e-03
   4.7657495e-02   1.8702553e-01   8.3238334e-01  -4.8044870e-03  -3.7272470e-04  -2.2033091e-03
   8.6542441e-02   2.7232271e-01   8.6792551e-01  -5.3957472e-03  -5.1148756e-04  -1.8887229e-03
   1.0529318e-01   2.7920687e-01   8.7684903e-01  -5.0472443e-03  -2.9198807e-04  -1.8620829e-03
   1.2190282e-01   2.5694440e-01   8.6797648e-01  -5.1141115e-03  -5.9932161e-05  -1.8010071e-03
   1.0903566e-01   2.6861823e-01   8.8686797e-01  -4.6524879e-03   1.5000049e-04  -1.7544526e-03
   1.0345421e-01   2.8712283e-01   9.2063433e-01  -5.2467876e-03   3.5294902e-05  -1.7276260e-03
   1.0192734e-01   2.2954904e-01   9.3348139e-01  -4.4079191e-03  -9.5731187e-05  -1.3252376e-03
   7.4772509e-02   2.6251522e-01   9.3799938e-01  -4.6081438e-03  -2.6714198e-04  -1.3990313e-03
   7.4026668e-02   2.7633843e-01   9.6347208e-01  -4.9651011e-03  -4.1638261e-04  -1.7973720e-03
   8.3842602e-02   2.5649175e-01   9.0948009e-01  -5.0437977e-03  -2.4732271e-04  -1.9385415e-03
   8.0369246e-02   3.2626507e-01   9.4495265e-01  -4.6044329e-03  -8.4449640e-04  -1.9574080e-03
   6.1418100e-02   2.2694304e-01   8.9859582e-01  -4.4213144e-03  -1.3317919e-03  -2.6902312e-03
   5.6726010e-02   3.1814920e-01   9.3824395e-01  -5.3716389e-03  -1.2290421e-03  -2.2145683e-03
   6.7173344e-02   2.8763008e-01   9.1312504e-01  -4.4846213e-03  -8.0697188e-04  -2.2340547e-03
   6.7271073e-02   2.7434857e-01   9.4201146e-01  -4.7357111e-03  -9.0136146e-04  -1.9943210e-03
   7.1059951e-02   3.0987999e-01   9.3961714e-01  -6.0430297e-03  -1.0652622e-03  -1.9409285e-03
   7.4380355e-02   2.6589259e-01   9.3045184e-01  -5.2323000e-03  -9.8250006e-04  -1.7302069e-03
   6.4865614e-02   4.0861079e-01   9.8462408e-01  -4.7488082e-03  -8.5233736e-04  -1.4496441e-03
   5.8807063e-02   2.4944080e-01   9.3557284e-01  -3.7122122e-03  -1.1260900e-03  -1.6651640e-03
   5.2601791e-02   3.4284013e-01   9.9170454e-01  -4.7118234e-03  -1.2700959e-03  -1.7079686e-03
   6.6267103e-02   2.8724559e-01   9.4844046e-01  -4.8852127e-03  -1.2478562e-03  -1.5242457e-03
   6.4830097e-02   3.2727431e-01   9.5747689e-01  -5.2643085e-03  -8.6493723e-04  -1.4804418e-03
   5.6676918e-02   3.2017208e-01   9.6111340e-01  -5.3915797e-03  -6.2291266e-04  -1.6385527e-03
   7.1109884e-02   2.5774855e-01   9.3459553e-01  -4.6204891e-03  -9.9376630e-04  -1.5517887e-03
   4.0834493e-02   3.4827269e-01   8.8105405e-01  -4.6352108e-03  -1.0849340e-03  -1.9954948e-03
   4.4449734e-02   2.9440458e-01   9.2988124e-01  -5.5089438e-03  -7.6433579e-04  -1.8196466e-03
   5.1142494e-02   3.0390252e-01   9.3183557e-01  -5.0209151e-03  -5.5366110e-04  -1.6147456e-03
   1.8861552e-02   3.3645718e-01   7.9396817e-01  -4.3650549e-03  -1.7383108e-03  -1.7577190e-03
   8.5743300e-03   3.6935011e-02   1.4438839e-01  -3.3918178e-03  -1.5136576e-03  -2.8541838e-03
  -1.4917684e-02   2.2314974e-01   3.1805411e-01  -3.0606571e-03  -1.6660899e-03  -2.7408037e-03
   3.2849477e-02   2.4074281e-01   3.1801907e-01  -1.8470620e-03  -2.3874121e-03  -2.3372128e-03
   3.1867360e-02   2.1090691e-01   2.7386911e-01  -2.2592803e-03  -1.7421426e-03  -2.0297007e-03
   3.3554278e-02   2.8580691e-01   3.1505602e-01  -2.9518012e-03  -1.7733402e-03  -1.9832575e-03
   3.5662164e-02   2.1564066e-01   2.7562791e-01  -2.3938496e-03  -1.4983642e-03  -2.0710111e-03
   3.4335100e-02   2.8228087e-01   3.3837263e-01  -2.7939168e-03  -1.6781995e-03  -2.0335923e-03
   4.9772029e-02   1.8045769e-01   2.6504783e-01  -1.5261278e-03  -1.1739756e-03  -1.7135791e-03
   4.5228186e-02   2.7336873e-01   3.0997886e-01  -2.3917439e-03  -1.2878574e-03  -1.6501012e-03
   4.5318866e-02   2.5654479e-01   3.1068258e-01  -2.3942979e-03  -1.4588893e-03  -1.7232769e-03
   3.7544538e-02   2.3043213e-01   3.2014876e-01  -2.5995315e-03  -9.5366190e-04  -1.6074113e-03
   4.4236513e-02   2.6426532e-01   3.5745708e-01  -3.2680842e-03  -9.5003966e-04  -1.4836958e-03
   3.5543705e-02   2.1072566e-01   2.6406020e-01  -2.6914026e-03  -8.0111532e-04  -1.3949666e-03
   1.0224954e-01   1.5601608e-01   3.3720282e-01  -1.3182845e-03  -2.3244143e-03  -9.2861865e-04
   7.8262078e-02   1.5099240e-01   3.4586565e-01  -3.5709919e-03  -2.8993336e-03  -1.4270329e-03
   1.3622536e-01   1.0425816e-01   2.6121093e-01  -4.3205801e-03  -4.5519733e-03  -1.2124762e-03
   1.1350632e-01   3.7623712e-01   8.5808269e-01  -5.9745232e-03  -3.8685920e-03  -1.0006060e-04
   1.1672593e-01   3.2442285e-01   9.8596428e-01  -7.0778326e-03  -3.7518804e-03   2.4786782e-04
   1.2052119e-01   3.4853077e-01   1.0168188e+00  -6.4373353e-03  -3.4434190e-03   6.1338038e-04
   1.1013733e-01   4.4784291e-01   1.0819610e+00  -8.0690656e-03  -3.5475811e-03   6.3387664e-04
   1.0785811e-01   3.6642414e-01   1.0785110e+00  -7.4387597e-03  -3.1006447e-03   5.8619999e-04
   1.1797146e-01   4.6382696e-01   1.0035919e+00  -6.8378074e-03  -3.4064028e-03   4.2447219e-04
   1.2601609e-01   3.6559594e-01   1.0454892e+00  -7.1346978e-03  -3.1376123e-03   6.3942277e-04
   1.4171763e-01   4.0011985e-01   1.0428033e+00  -7.0298560e-03  -2.9631279e-03   8.1438389e-04
   1.4268440e-01   4.3472200e-01   1.0424894e+00  -6.8474672e-03  -2.9760549e-03   8.6668999e-04
   1.4245976e-01   4.0189660e-01   1.0741632e+00  -6.8767653e-03  -2.8261343e-03   1.0281145e-03
   1.3507852e-01   3.6370963e-01   1.0593331e+00  -6.9911654e-03  -2.5353515e-03   8.7025094e-04
   1.2137832e-01   4.0706287e-01   1.0928729e+00  -7.7656788e-03  -2.6726356e-03   8.9691998e-04
   1.2244049e-01   3.5256272e-01   1.0704490e+00  -6.9536618e-03  -2.8603448e-03   1.0176088e-03
   1.2414374e-01   3.9140905e-01   1.0747637e+00  -7.1597918e-03  -2.8408711e-03   1.3431314e-03
   1.2830582e-01   3.7867194e-01   1.0704553e+00  -7.8862881e-03  -2.5196329e-03   1.1124124e-03
   1.2394716e-01   3.9894553e-01   1.0582509e+00  -6.7827736e-03  -2.2571509e-03   1.2160636e-03
   9.7320079e-02   6.1977052e-01   1.0247220e+00  -7.2531304e-03  -3.6302511e-03   7.7272320e-04
   8.0254307e-02   1.7269232e-01   1.0246617e+00  -7.8561965e-03  -2.5642708e-03   7.6168609e-04
   8.4682632e-02   2.7880584e-01   8.0002600e-01  -7.6006764e-03  -2.1200051e-03   3.9324770e-04
   1.0167957e-01   3.6466481e-01   7.1349721e-01  -6.8909646e-03  -2.1163986e-03   5.1637748e-04
   1.0943345e-01   2.9529571e-01   6.9445753e-01  -5.4002735e-03  -1.8137953e-03   9.2823936e-04
   1.0048957e-01   3.6764522e-01   7.0118374e-01  -6.1905676e-03  -1.7596388e-03   1.2241139e-03
   1.0582522e-01   3.2901031e-01   6.8833892e-01  -5.5826601e-03  -1.9381539e-03   1.4393536e-03
   9.5912652e-02   3.5594686e-01   7.3746989e-01  -6.4183388e-03  -2.1469827e-03   1.5881734e-03
   9.8790047e-02   2.7068421e-01   6.9858599e-01  -5.8363105e-03  -1.6863372e-03   1.6486656e-03
   7.1394009e-02   3.6730856e-01   7.1534350e-01  -5.5505161e-03  -1.4810296e-03   1.7210892e-03
   7.4226869e-02   3.4228338e-01   6.6549687e-01  -6.8117036e-03  -1.5960565e-03   1.2026368e-03
   6.3315071e-02   3.5425658e-01   6.5808231e-01  -6.5488046e-03  -1.5369234e-03   1.1846145e-03
   5.4347113e-02   3.6229209e-01   6.7820697e-01  -6.1794838e-03  -1.2558050e-03   1.5144243e-03
   5.6628727e-02   3.6294493e-01   6.3582276e-01  -5.3819269e-03  -1.2304651e-03   1.3800355e-03
   4.5683035e-02   4.1734671e-01   6.8947664e-01  -6.8416839e-03  -1.5363981e-03   1.2353310e-03
   4.8169824e-02   2.9950461e-01   6.5650807e-01  -6.4889757e-03  -1.4584113e-03   1.0321728e-03
   5.7932604e-02   3.6079031e-01   6.2252174e-01  -5.8872649e-03  -1.7948729e-03   1.6757727e-03
   5.5104989e-02   2.6866770e-01   4.7220484e-01  -5.3042779e-03  -1.6220748e-03   1.8149050e-03
   6.1115250e-02   3.6265106e-01   4.5814327e-01  -5.1514667e-03  -1.9454605e-03   1.5928539e-03
   7.2423490e-02   3.5207446e-01   4.0749592e-01  -3.5465147e-03  -1.5468356e-03   2.0477470e-03
   5.9048424e-02   3.8005138e-01   4.2075813e-01  -3.3327499e-03  -1.9126264e-03   1.9306483e-03
   7.3101829e-02   2.3727901e-01   3.8402826e-01  -3.4826996e-03  -1.5784487e-03   2.0454082e-03
   6.5934171e-02   3.9223423e-01   3.9125560e-01  -3.6609099e-03  -1.3450450e-03   1.9918120e-03
   7.3435157e-02   2.9987831e-01   3.7701477e-01  -2.6617696e-03  -1.6820584e-03   1.9848983e-03
   2.7054748e-02   4.5985611e-01   4.0453454e-01  -1.4220212e-03  -2.0147897e-03   1.1805683e-03
   4.1900836e-03   2.7349295e-01   3.3107780e-01  -1.0706446e-03  -1.4994289e-03  -1.1099833e-05
   1.4055857e-02   1.5511470e-01   2.9482570e-01  -1.9479298e-03  -9.0576173e-04  -4.9203634e-04
   1.8048977e-02   3.6383576e-01   3.2268979e-01  -3.1212505e-03  -1.2838951e-03   1.0115982e-04
   7.2479129e-03   2.6075645e-01   3.1190623e-01  -2.6443225e-03  -1.2150605e-03   5.3269967e-04
   6.9995861e-03   3.0629048e-01   3.0879484e-01  -2.4072586e-03  -9.6808984e-04   8.6989006e-04
   7.7398377e-03   3.4202771e-01   3.2179464e-01  -2.6646590e-03  -1.1629993e-03   9.9818283e-04
   8.0756853e-03   2.6746659e-01   3.2143175e-01  -3.7172544e-03  -6.0869338e-04   7.0299057e-04
   8.6221956e-03   5.5558861e-01   3.1874080e-01  -4.4539655e-03  -1.6864352e-03   1.0482567e-03
  -6.2865100e-02   1.4473410e-01   1.3817405e-01  -8.6740109e-04  -1.1547569e-03  -2.3627101e-04
  -6.5810081e-02   8.2148347e-02   1.0474349e-01  -1.0438178e-03   3.5070244e-05  -6.0651805e-04
  -4.6138239e-02   2.3646793e-01   7.3839473e-02  -1.1592726e-03   3.4835656e-05  -6.4840130e-04
  -5.2341257e-02   1.8802360e-01   8.8704768e-02  -1.9190854e-03   2.3922685e-04  -6.6066450e-04
  -4.0669274e-02   2.5130117e-01   1.0860734e-01  -1.7107606e-03   4.2669198e-05  -3.8642976e-05
  -3.9264106e-02   2.3068263e-01   2.2602149e-01  -9.7946917e-04  -3.8272150e-04   2.1693722e-04
  -3.2757874e-02   1.9325423e-01   7.9905738e-02  -8.1370835e-04   1.2835020e-04   5.0656796e-04
  -4.1768729e-02   1.9679838e-01   6.6057580e-02  -1.6512101e-03   8.9407670e-04   7.5210458e-04
  -4.9549365e-02   2.7133577e-01   4.9932877e-01  -2.4918031e-03   2.9240987e-04   4.4583267e-04
  -3.9503452e-02   3.9154332e-01   5.9653983e-01  -3.6462337e-03  -2.8642975e-04   5.2811249e-04
  -2.8242412e-02   2.8727962e-01   5.7600540e-01  -2.4770255e-03  -3.5847744e-04   4.5015355e-04
  -3.7255142e-02   3.7080697e-01   6.0974635e-01  -3.5523511e-03  -1.4592261e-04   6.4976517e-04
  -3.1089667e-02   3.2200545e-01   6.0193299e-01  -3.0877101e-03  -1.3299284e-04   9.0005305e-04
  -2.4413680e-02   3.4388287e-01   6.0800444e-01  -3.1323960e-03  -2.8894037e-04   1.0652970e-03
  -3.0516618e-02   3.9776941e-01   6.2814418e-01  -4.3584135e-03  -6.8958758e-04   1.0726899e-03
  -1.8072652e-02   2.0736000e-01   5.8959671e-01  -2.5286768e-03  -5.6531584e-04   9.3584818e-04
  -1.8146360e-02   3.3299285e-01   5.6529160e-01  -3.2173633e-03  -7.1852546e-04   4.5355243e-04
  -3.9870178e-02   4.0116603e-01   6.0843955e-01  -3.4319201e-03  -8.0177931e-04   5.1299275e-04
  -5.6261575e-02   3.9234215e-01   6.0588723e-01  -4.2794984e-03  -9.6389877e-04   4.6308816e-04
  -4.8549233e-02   3.5227903e-01   5.8362035e-01  -3.6259918e-03  -7.1618468e-04   5.3129055e-04
  -5.0272925e-02   4.0912887e-01   6.1328991e-01  -4.6661185e-03  -6.2148422e-04   6.4703430e-04
  -5.6363559e-02   3.1318062e-01   5.8517986e-01  -3.9244619e-03  -3.3133611e-04   5.6748096e-04
  -6.9808951e-02   4.0744026e-01   6.4177478e-01  -3.8690490e-03  -3.9844680e-04   9.8857117e-04
  -4.3444052e-02   3.3397131e-01   5.8687543e-01  -4.1422608e-03  -5.0127714e-05   1.0933402e-03
  -4.3037478e-02   3.6098426e-01   6.2039093e-01  -3.3795277e-03   1.8575127e-04   1.1960854e-03
   2.9314139e-03   2.7518861e-01   5.5113164e-01  -1.6870668e-03  -1.5385132e-04   1.4889838e-03
  -5.5309813e-04   3.8577094e-01   5.0217869e-01  -2.1724627e-04  -9.1602707e-04   7.0703755e-04
  -2.4065318e-02   2.6629972e-01   3.5978032e-01  -1.8128818e-03  -1.1747094e-03  -4.1582326e-04
  -6.9236723e-02   7.9563535e-02   3.1212847e-01  -3.0648047e-03  -3.6102403e-03  -1.3107688e-03
  -1.0949267e-01  -1.4068147e-01  -1.2238752e-01  -4.0853675e-03  -1.0118156e-03  -1.9699988e-03
  -1.1732101e-01   9.8727572e-02  -2.0662099e-02  -6.5023125e-03   8.7575527e-04  -1.5557578e-03
  -1.4023895e-01   1.0988753e-01   2.3052234e-01  -5.2525765e-03   1.1510503e-03  -1.2906291e-03
  -1.5745699e-01   2.0469008e-01   2.9944798e-01  -5.8306179e-03   6.6036909e-04  -1.5255434e-03
  -1.6556718e-01   1.4642710e-01   2.7769865e-01  -5.1372060e-03   7.0894141e-04  -2.1580608e-03
  -1.4296715e-01   1.0732500e-01   2.5491894e-01  -4.9907080e-03   1.4846991e-03  -1.7658351e-03
  -1.3217294e-01   2.0005299e-01   2.8551853e-01  -3.1191487e-03   7.6148918e-04  -1.5128334e-03
  -1.2412218e-01   1.2334880e-01   2.1225472e-01  -3.4865724e-03   9.5583571e-04  -2.3790657e-03
  -1.4735775e-01   2.0504515e-01   2.7538875e-01  -4.2377402e-03   1.0570087e-03  -2.2809984e-03
  -1.5440224e-01   1.2940764e-01   2.3987721e-01  -4.1881218e-03   1.7646423e-03  -2.6428455e-03
  -1.7905320e-01   1.2706406e-01   2.3785701e-01  -2.2872567e-03   2.3134215e-03  -2.3655896e-03
  -1.8323808e-01   2.2429942e-01   2.7468918e-01  -3.8962067e-03   2.2461590e-03  -2.3215117e-03
  -1.8656259e-01   1.3047479e-01   2.6089316e-01  -2.6636898e-03   2.2963737e-03  -2.4504346e-03
  -1.9610706e-01   2.9938505e-01   3.1518442e-01  -4.5626554e-03   2.0357505e-03  -2.1458113e-03
  -1.8366631e-01   1.4486635e-01   2.3427802e-01  -3.1343592e-03   2.3847293e-03  -2.3709844e-03
  -1.8415892e-01   2.2603386e-01   3.0716436e-01  -2.2775962e-03   2.2815785e-03  -1.6956249e-03
  -1.7861064e-01   1.4032550e-01   2.2645403e-01  -1.4915817e-03   2.7283239e-03  -1.7103442e-03
  -1.7716973e-01   2.8777843e-01   2.2868292e-01  -1.9610287e-03   1.7921493e-03  -2.0959575e-03
  -2.0169513e-01   1.3301247e-01   1.5441374e-01  -1.6649807e-03   1.6182066e-03  -3.5831813e-03
  -2.2221061e-01   2.2817734e-01   1.9616362e-01  -2.7756591e-03   1.0527108e-03  -4.4166555e-03
  -2.2837914e-01   2.4668536e-01   2.2194482e-01  -2.3530630e-03   1.6297963e-03  -3.8855295e-03
  -2.0759288e-01   1.9748782e-01   2.2697929e-01  -2.3811906e-03   1.8785824e-03  -3.6018133e-03
  -2.1929344e-01   2.1940718e-01   2.8530224e-01  -2.5875602e-03   2.1280796e-03  -3.4218957e-03
  -2.4709842e-01   2.3895816e-01   3.3160894e-01  -3.9035300e-03   1.9353283e-03  -3.0764814e-03
  -2.3450765e-01   7.4211349e-02   3.0495537e-01  -2.0115326e-03   1.9853296e-03  -3.0966777e-03
  -2.2048112e-01   2.9706118e-01   3.6084407e-01  -2.3122665e-03   9.6324322e-04  -2.9394685e-03
  -2.4812100e-01   2.7963403e-01   4.0601343e-01  -3.8676732e-03   1.8170901e-04  -3.2599631e-03
  -3.2282346e-01   4.9162710e-01   4.0945895e-01  -3.6337281e-03  -9.0951456e-04  -4.0617748e-03
  -3.1205435e-01   2.7784070e-01   2.7623852e-01  -2.5159783e-03  -4.2015580e-04  -4.2979224e-03
  -3.1875105e-01   9.9930370e-02   2.3949806e-01  -1.1851040e-03   5.3985737e-04  -4.9036061e-03
  -2.9225595e-01   1.6564672e-01   3.4759334e-01  -2.9131237e-03   1.8121837e-03  -4.7008169e-03
  -2.8221727e-01   2.9579817e-01   3.4100447e-01  -3.1552288e-03   1.4257109e-03  -3.9515499e-03
  -3.0411164e-01   1.5507966e-01   3.0802764e-01  -2.2506994e-03   1.1501059e-03  -3.8343043e-03
  -2.9217860e-01   2.6311261e-01   2.9047585e-01  -2.6302689e-03   9.8153793e-04  -3.5131790e-03
  -3.0323548e-01   2.9867863e-01   3.4695439e-01  -2.5623348e-03   9.8502955e-04  -3.3413179e-03
  -3.1519683e-01   1.6122728e-01   3.5907260e-01  -2.2011462e-03   7.9086220e-04  -3.4795255e-03
  -3.0926440e-01   2.6842211e-01   3.7886544e-01  -3.1835335e-03   4.3532703e-04  -3.2566090e-03
  -3.1960526e-01   2.4870921e-01   3.8243917e-01  -2.7650936e-03   5.3579986e-04  -3.2518186e-03
  -3.2395551e-01   2.5622551e-01   3.9185832e-01  -2.3398752e-03   5.2855763e-04  -2.8436381e-03
  -3.0938473e-01   2.0049019e-01   3.1848292e-01  -2.2035540e-03   2.9573206e-04  -3.1922388e-03
  -2.4342802e-01   1.9241794e-01   1.4659986e-01  -2.0882100e-03  -2.9405344e-04  -3.9461513e-03
  -2.6625969e-01   2.9863335e-01   1.9808006e-01  -1.1397174e-03  -7.6843106e-04  -3.9339793e-03
