   0.0000000e+00   0.0000000e+00   0.0000000e+00  -8.6736174e-19   6.9388939e-18   6.0185311e-36
   3.3857185e-02   5.2846491e-02   5.5359008e-02   3.9442587e-04   3.7408999e-04   9.4114651e-04
   2.9503308e-02   1.3216627e-02  -1.8323616e-02   8.4449295e-04   7.8068437e-04   6.2876715e-04
   2.4874496e-02   3.8569743e-03  -7.3602789e-02   1.1563489e-03   8.1571143e-04   3.4739613e-04
   2.6325473e-02   1.2748265e-01   5.1148860e-02   2.9647473e-04   1.1191415e-03   9.1374114e-04
   2.0729991e-02   5.3100090e-02   4.0369811e-02   1.0027301e-04   9.1993857e-04   8.3300093e-04
   2.7315050e-02   6.5765154e-02   4.8179435e-02   9.8120807e-04   1.1597086e-03   1.1855628e-03
   2.3600978e-02   1.3353276e-01   8.9157681e-02   7.4883166e-04   1.4418046e-03   1.4069663e-03
   2.0908958e-02   1.1069012e-01   9.6888232e-02  -1.1575674e-04   1.4196688e-03   1.4118987e-03
   2.5746529e-02   8.2853264e-02   1.1215646e-01   1.4445249e-04   1.5897375e-03   1.5169013e-03
   2.2196465e-02   1.0900488e-01   1.1427895e-01   4.7924817e-04   1.7216221e-03   1.5500895e-03
   3.3716815e-02   2.5021000e-01   1.0614606e-01  -1.1388820e-03   1.7122906e-03   1.8592001e-03
   1.6307656e-02   3.4665046e-02   9.9920670e-02   7.8230449e-04   1.8215604e-03   1.5536488e-03
   1.3018380e-02   1.3375263e-01   1.1661610e-01   2.8620572e-05   1.9929712e-03   1.4177275e-03
   1.5818449e-02   8.1618122e-02   1.4069529e-01   4.8303780e-04   2.0213729e-03   1.7912706e-03
   2.6206816e-02   5.7100091e-02   1.0727366e-01   1.0062770e-03   2.1144653e-03   1.9457699e-03
   3.0432412e-02   1.2841919e-01   1.5215805e-01   9.8502511e-04   2.3049374e-03   2.0177252e-03
   2.8076827e-02   9.1660775e-02   1.6396043e-01   5.7274915e-04   2.2245461e-03   1.8445806e-03
   2.1391943e-02   1.0358093e-01   1.7666206e-01   1.2525233e-03   2.4021635e-03   1.9383274e-03
   1.2937274e-02   1.2803188e-01   1.7980974e-01   4.0661234e-04   2.3289051e-03   1.8944611e-03
   2.0623573e-02   4.6631610e-02   1.5951675e-01   1.6951078e-03   2.2472275e-03   1.7662194e-03
   1.4912769e-02   1.5372778e-01   1.8752636e-01   2.2407574e-04   2.3596801e-03   1.4665600e-03
   1.9213283e-02   1.4056447e-01   2.0789923e-01   8.1217406e-05   2.1313610e-03   1.8467380e-03
   2.8003932e-02   9.2502971e-02   2.1293769e-01   6.7022804e-04   2.0452790e-03   1.6920909e-03
   2.4244577e-02   1.0760442e-01   2.1919717e-01   7.9598214e-05   1.8821238e-03   1.1972088e-03
   2.5179773e-02   2.2585350e-01   2.3020330e-01  -1.6268916e-04   1.4054970e-03   1.4873043e-03
   1.8442808e-02   1.1836579e-01   2.1597430e-01   2.1868008e-04   1.4302603e-03   1.3956357e-03
   5.8668055e-03   1.2867867e-01   2.0734669e-01   3.7066620e-04   1.7563775e-03   1.3148342e-03
  -2.0244421e-03   1.5448852e-01   2.6131210e-01  -6.0450769e-05   2.0862423e-03   1.6029925e-03
   8.6912006e-03   1.1493634e-01   2.6538222e-01  -5.8103484e-04   2.3453829e-03   1.5436882e-03
  -2.0891787e-03   1.1972741e-01   2.6525240e-01   1.8003886e-04   2.4364844e-03   8.7888883e-04
   3.9294596e-02   1.6911607e-01   1.9814501e-01   4.2003899e-04   1.8124363e-03   1.1893059e-03
   7.6958224e-02   2.2228173e-01   4.8967807e-01  -1.3138988e-03   1.8704386e-03   1.6468059e-03
   1.0091175e-01   2.6322123e-01   5.4021486e-01  -5.9784996e-04   2.1326997e-03   2.3581702e-03
   8.6781957e-02   2.3049013e-01   6.2410233e-01  -1.0868943e-03   1.7850238e-03   2.4891669e-03
   7.9037603e-02   2.0113416e-01   6.2147275e-01  -8.4542009e-04   2.0096280e-03   2.5228818e-03
   7.0465093e-02   3.3184398e-01   6.3688798e-01  -1.4822762e-03   1.2934228e-03   2.5713187e-03
   6.3245001e-02   1.2125401e-01   6.6393401e-01   5.7739393e-05   1.7510463e-03   2.9287294e-03
   7.0904285e-02   2.6737443e-01   6.6188094e-01  -6.8739998e-04   1.5578882e-03   3.1622387e-03
   7.3433680e-02   1.8523727e-01   6.6484770e-01  -1.5167189e-03   1.2908599e-03   2.5397918e-03
   6.8315808e-02   2.7858333e-01   7.0211770e-01  -1.9496969e-03   1.2344806e-03   2.7950696e-03
   6.0680325e-02   2.2336236e-01   7.0032789e-01  -1.0058327e-03   1.4017582e-03   2.6699908e-03
   7.5410718e-02   4.3210933e-01   7.0284200e-01  -2.7086792e-03   1.0597207e-03   2.9932947e-03
   6.8167737e-02   1.2071968e-01   6.8956696e-01  -8.7990801e-04   1.4784086e-03   2.9744969e-03
   6.9354984e-02   2.9603648e-01   7.1956546e-01  -1.8055129e-03   1.6035797e-03   3.0804355e-03
   6.9653614e-02   3.2407711e-01   7.4579563e-01  -1.4847269e-03   2.0652356e-03   3.3682270e-03
   7.1420568e-02   2.7542005e-01   7.5873428e-01  -1.5462535e-03   1.9673925e-03   3.6733080e-03
   6.8387485e-02   2.3531829e-01   7.2533418e-01  -2.0659521e-03   1.7146928e-03   3.2968759e-03
   7.8022660e-02   2.5776025e-01   6.9244820e-01  -2.1420396e-03   1.9455037e-03   2.9852003e-03
   6.9605531e-02   3.0852866e-01   7.1943905e-01  -2.2114135e-03   2.0493164e-03   3.2405392e-03
   8.2512962e-02   3.5484600e-01   7.8806157e-01  -1.6613459e-03   1.8820521e-03   3.4189198e-03
   8.3304893e-02   2.8098767e-01   9.0356588e-01  -5.9605589e-04   1.1104600e-03   3.6149962e-03
   9.5471709e-02   2.9223616e-01   8.8462073e-01  -5.6268900e-04   1.2150203e-03   3.8852485e-03
   1.0166035e-01   2.4986587e-01   8.3544123e-01   7.8353581e-04   1.4372401e-03   4.1762263e-03
   8.1297578e-02   3.1155212e-01   8.3891951e-01  -5.5165938e-06   1.7718392e-03   4.2993871e-03
   8.6959912e-02   3.1570796e-01   8.2972497e-01  -7.0416703e-04   1.8918066e-03   4.2002938e-03
   8.0076593e-02   2.6006691e-01   8.4011097e-01  -7.7122825e-05   1.6316364e-03   3.9462659e-03
   8.2131561e-02   3.2858541e-01   8.5871938e-01  -1.1263112e-03   1.6745431e-03   4.2336605e-03
   8.7608449e-02   2.7129597e-01   8.5035699e-01  -9.9364917e-04   1.2218467e-03   3.8918871e-03
   7.9504000e-02   3.0063829e-01   8.2983700e-01  -1.8244874e-03   9.5885293e-04   3.8948855e-03
   9.0525363e-02   2.1315139e-01   7.7559154e-01  -2.1160161e-03  -1.2659530e-04   3.2850426e-03
   1.0700744e-01   6.1102611e-02   7.3493630e-01  -5.5000718e-04  -4.4426670e-04   3.6868223e-03
   1.2532761e-01   1.4776357e-01   7.4795319e-01  -3.4187687e-04  -8.3843153e-04   4.6155925e-03
   1.0450416e-01   1.1920741e-01   7.3507713e-01   5.8883658e-04  -7.5043596e-04   4.1572785e-03
   7.5529834e-02   2.3952109e-01   8.5896636e-01  -2.2029337e-04  -6.0929076e-04   3.3497464e-03
   5.4680275e-02   2.2658850e-01   8.6859810e-01  -1.4468144e-03   1.8310338e-05   2.8190893e-03
   4.9393510e-02   3.2984207e-01   8.8475346e-01  -1.4506772e-03  -5.4632810e-04   3.1019297e-03
   5.6562252e-02   2.5962860e-01   9.0246279e-01  -1.4326435e-03  -3.5884838e-04   3.7750948e-03
   5.8779665e-02   2.6738679e-01   9.0235509e-01  -4.6770450e-04   6.4610019e-05   3.7494549e-03
   5.6037331e-02   3.3974565e-01   9.1776217e-01  -1.3357205e-03  -3.0233828e-04   3.4872293e-03
   5.6686874e-02   2.9691602e-01   9.3918819e-01  -1.9299551e-03   9.6539957e-05   3.7580383e-03
   7.5705628e-02   2.3045204e-01   9.2773054e-01  -4.7211110e-04   4.6944074e-04   4.4761997e-03
   5.2651495e-02   3.9817459e-01   9.5619494e-01  -3.1759835e-03   2.4624553e-04   3.9757300e-03
   5.6378588e-02   2.8380761e-01   9.4998240e-01  -3.2616463e-03   4.1906663e-05   3.7969235e-03
   5.9782711e-02   3.3643236e-01   9.3631916e-01  -1.9045303e-03  -1.4579308e-04   3.9274153e-03
   8.4394141e-02   3.6614567e-01   9.6131364e-01  -1.6679263e-03  -1.1068306e-03   3.5305367e-03
   7.9270318e-02   2.9497431e-01   9.6792637e-01  -2.9612216e-03  -8.1431985e-05   3.3939635e-03
   8.1993818e-02   3.9176462e-01   9.7569767e-01  -3.8978603e-03   4.0182073e-04   3.9779966e-03
   8.4578643e-02   4.6415342e-01   8.5445475e-01  -3.2890958e-03   4.0416914e-04   3.6566926e-03
   8.6886920e-02   1.6462897e-01   9.2086004e-01  -1.5576581e-03   9.5068634e-04   4.3086196e-03
   9.9464623e-02   3.8861204e-01   8.9838527e-01  -1.7841828e-03   1.0611242e-03   4.2605558e-03
   1.2033931e-01   2.0652743e-01   9.0427885e-01  -8.8257467e-04   9.4199926e-04   4.2353487e-03
   3.5726063e-01  -1.1842568e-01   1.2720508e+00  -2.6591192e-03   2.5787875e-03   4.5661991e-03
   8.5311483e-01   6.5166751e-03   2.3489629e+00  -3.8236205e-02   1.6079939e-04   1.4985789e-02
   6.7837309e-01   5.3965665e-02   2.0268649e+00  -3.9020685e-02  -2.4373862e-03   7.8520844e-03
   4.6323741e-01   4.7387873e-01   1.8570325e+00  -2.9997256e-02  -8.3346084e-04   1.5234303e-03
   4.2147370e-01   2.7155866e-01   2.1370034e+00  -2.8828390e-02  -1.0233021e-03  -1.0534910e-04
   4.4972978e-01   2.5143838e-01   2.1982839e+00  -2.9582912e-02  -8.5038746e-04  -1.3335394e-03
   4.2472442e-01   3.2472304e-01   2.2102817e+00  -2.8209088e-02  -1.1340281e-03  -1.5239628e-03
   3.7415724e-01   2.1803207e-01   2.2126694e+00  -2.7739631e-02  -1.9638076e-04  -2.3295415e-03
   3.4872344e-01   2.6522333e-01   2.2171579e+00  -2.7638660e-02  -2.8930323e-04  -2.3950417e-03
   2.9730560e-01   2.9963359e-01   2.0642898e+00  -2.5159241e-02  -7.2398136e-04  -2.5084714e-03
   2.6408571e-01   3.2898494e-01   1.9889701e+00  -2.2762749e-02  -1.0408559e-03  -2.8587669e-03
   2.3784715e-01   4.5330685e-01   2.0226033e+00  -2.2687167e-02  -2.1875848e-03  -2.9460788e-03
   2.2797078e-01   3.9329200e-01   2.0734481e+00  -2.3180101e-02  -2.0678583e-03  -2.3310788e-03
   2.3829148e-01   3.8496807e-01   2.0741530e+00  -2.3803024e-02  -1.5640285e-03  -1.9191526e-03
   2.3223139e-01   4.7109717e-01   2.1353041e+00  -2.4252833e-02  -1.9363273e-03  -1.5736483e-03
   2.2239823e-01   2.9784016e-01   2.1044012e+00  -2.2365199e-02  -1.3647406e-03  -1.6248082e-03
   2.1337459e-01   4.3340712e-01   2.1042021e+00  -2.3006958e-02  -1.5414945e-03  -1.3368877e-03
   2.2957047e-01   4.0193080e-01   2.0896494e+00  -2.3026871e-02  -2.2930133e-03  -6.5117322e-04
   2.2809012e-01   3.1432794e-01   2.1103824e+00  -2.2283310e-02  -2.5006505e-03   1.1660340e-04
   2.2209094e-01   4.5067132e-01   2.1275050e+00  -2.2776739e-02  -2.5658071e-03  -2.7535261e-04
   1.9102810e-01   4.0704566e-01   2.0781430e+00  -2.1530419e-02  -2.8908104e-03  -1.2124905e-03
   1.8539832e-01   3.9795167e-01   2.1317563e+00  -2.2910439e-02  -3.1294253e-03  -8.9627661e-04
   1.9219558e-01   4.3621374e-01   2.1359611e+00  -2.3006587e-02  -3.2344187e-03  -1.0025058e-03
   1.9173293e-01   3.9636059e-01   2.1259657e+00  -2.2442192e-02  -2.8206991e-03  -9.1222448e-04
   1.8080495e-01   4.2240374e-01   2.1502735e+00  -2.3601117e-02  -3.0205862e-03  -8.9193473e-04
   1.7686622e-01   3.9355570e-01   2.1376564e+00  -2.2356367e-02  -2.9602010e-03  -9.8219807e-04
   1.7816519e-01   4.5293776e-01   2.1337066e+00  -2.3078939e-02  -3.1382584e-03  -1.0408922e-03
   1.6774814e-01   4.1655540e-01   2.1545929e+00  -2.2978005e-02  -3.0826372e-03  -9.6399006e-04
   1.6551201e-01   4.3744085e-01   2.1071997e+00  -2.2551277e-02  -3.5227222e-03  -1.2038597e-03
   1.4220074e-01   4.2421546e-01   2.0249605e+00  -2.2142941e-02  -3.8130610e-03  -1.5338778e-03
   1.1678209e-01   3.8917218e-01   1.9396061e+00  -2.0657913e-02  -3.6320586e-03  -1.5459359e-03
   1.0638781e-01   5.2790342e-01   2.0076311e+00  -2.1732821e-02  -4.0955194e-03  -1.3138868e-03
   1.0600461e-01   4.1089079e-01   1.9880489e+00  -2.0572883e-02  -4.0935464e-03  -1.4320814e-03
   1.0417500e-01   5.1043819e-01   1.9984736e+00  -2.1463218e-02  -4.4599884e-03  -1.2889564e-03
   1.0281111e-01   4.4431880e-01   2.0093127e+00  -2.0461580e-02  -4.6781787e-03  -1.3745518e-03
   9.4374705e-02   4.3518088e-01   2.0123462e+00  -2.1242612e-02  -4.3067342e-03  -1.4299108e-03
   9.3174551e-02   5.2877155e-01   2.0463767e+00  -2.1316576e-02  -4.4316293e-03  -1.2345479e-03
   1.0509621e-01   4.7202115e-01   1.9757009e+00  -1.8722736e-02  -3.9995834e-03  -7.7557952e-04
   4.6667753e-02   7.6678268e-01   1.9220306e+00  -1.7350234e-02  -6.6765937e-03  -2.2029553e-03
  -2.8536724e-02   3.9772163e-01   1.8279373e+00  -1.5650370e-02  -6.7462800e-03  -3.0725097e-03
  -9.4928804e-03   5.0109276e-01   1.8673367e+00  -1.6916333e-02  -5.7826381e-03  -3.1806832e-03
  -1.1753614e-02   5.0029216e-01   1.8932892e+00  -1.6635824e-02  -5.6794373e-03  -2.7836559e-03
  -1.0082043e-02   3.5312463e-01   1.3114780e+00  -1.6185051e-02  -5.2627468e-03  -2.9560777e-03
  -8.7767406e-03   2.9869292e-01   1.1844334e+00  -1.4615516e-02  -4.8660487e-03  -3.2160912e-03
  -1.6365953e-02   3.5851414e-01   1.0078601e+00  -1.4641096e-02  -4.5582693e-03  -2.9268772e-03
  -3.4176624e-02   3.4819294e-01   1.1748213e+00  -1.4933052e-02  -4.4917261e-03  -2.8166513e-03
  -4.9004189e-02   4.3690078e-01   1.3249633e+00  -1.4956876e-02  -4.8587799e-03  -2.9691289e-03
  -2.9612968e-02   4.9683466e-01   1.6445123e+00  -1.7368227e-02  -5.9383438e-03  -2.8162469e-03
  -8.0236798e-03   4.8731948e-01   1.7045899e+00  -1.7266868e-02  -5.8572699e-03  -2.8241317e-03
  -2.1962521e-02   5.5087717e-01   1.8226007e+00  -1.6911573e-02  -6.3204874e-03  -2.8972999e-03
  -6.1526419e-03   5.3910478e-01   2.0242207e+00  -1.9111325e-02  -6.6909903e-03  -3.2489370e-03
   4.6260385e-03   5.3097140e-01   2.0377239e+00  -1.8262020e-02  -6.4679675e-03  -3.2927740e-03
   5.1365736e-03   6.0737462e-01   2.0747629e+00  -1.8621027e-02  -6.2589447e-03  -2.8334452e-03
   1.7192976e-02   6.3474875e-01   2.1071324e+00  -1.8994570e-02  -6.7564628e-03  -2.7565084e-03
   1.2774767e-02   7.5870826e-01   2.1149904e+00  -1.7842996e-02  -7.5167417e-03  -2.9692676e-03
  -1.1270946e-02   5.2065729e-01   2.0559474e+00  -1.6765875e-02  -7.3925994e-03  -2.9484328e-03
  -7.3198943e-03   5.2673902e-01   2.0870829e+00  -1.7828666e-02  -6.8882890e-03  -2.7112924e-03
  -3.4012319e-03   5.3837291e-01   2.0955582e+00  -1.7616345e-02  -6.8345363e-03  -2.7245721e-03
  -7.4713572e-03   6.3233403e-01   2.1278455e+00  -1.9120070e-02  -6.8584649e-03  -2.5461478e-03
   1.9048461e-03   5.3516294e-01   2.1492456e+00  -1.8324225e-02  -6.5170912e-03  -2.4347185e-03
   2.8324759e-03   6.0722250e-01   2.1383784e+00  -1.8600370e-02  -6.3420052e-03  -2.2300454e-03
   2.8208965e-02   5.2184616e-01   2.1299501e+00  -1.8011875e-02  -6.6710650e-03  -2.1263170e-03
   3.9724173e-02   5.6165599e-01   2.0721395e+00  -1.6589200e-02  -6.9157574e-03  -1.9385895e-03
   2.2863952e-02   6.1245981e-01   2.1089132e+00  -1.7534656e-02  -6.7147192e-03  -1.9443616e-03
   4.3204391e-02   5.9735939e-01   2.0337194e+00  -1.8313792e-02  -6.4642414e-03  -2.2727696e-03
   4.7045361e-02   5.4317479e-01   1.9428175e+00  -1.6280039e-02  -6.3594652e-03  -3.3892007e-03
   2.8403456e-02   6.6733085e-01   2.0245465e+00  -1.7108518e-02  -6.7098864e-03  -2.3091348e-03
   1.9778025e-02   4.8903830e-01   1.9937411e+00  -1.5897965e-02  -6.3007486e-03  -2.1586042e-03
   3.6429782e-02   6.4068197e-01   1.9983686e+00  -1.5591989e-02  -6.4035977e-03  -1.8648538e-03
   3.4001376e-02   5.5462665e-01   1.9951928e+00  -1.5319934e-02  -6.3367599e-03  -1.7449888e-03
   2.5308528e-02   5.8052190e-01   1.9835964e+00  -1.4437005e-02  -6.4997678e-03  -1.6251120e-03
   2.2887837e-02   4.9884438e-01   1.8280740e+00  -1.4513672e-02  -6.5954541e-03  -2.1362028e-03
   2.6265828e-02   4.4817436e-01   1.3881894e+00  -1.3975983e-02  -5.7286975e-03  -2.2869612e-03
   1.9291481e-02   4.8612968e-01   1.3709698e+00  -1.2225165e-02  -5.7915992e-03  -2.0582124e-03
   2.1148266e-02   5.2823205e-01   1.4010425e+00  -1.4058645e-02  -6.1410944e-03  -2.2836165e-03
   1.2649770e-02   5.1989901e-01   1.5339327e+00  -1.4796619e-02  -6.4828161e-03  -2.4977813e-03
  -1.8384806e-03   5.9003862e-01   1.8051924e+00  -1.5525538e-02  -7.3266178e-03  -2.4215915e-03
   4.1617121e-03   5.7301936e-01   1.8573479e+00  -1.6359986e-02  -7.0524617e-03  -2.5077275e-03
   6.0149199e-03   5.5925824e-01   1.8523063e+00  -1.5488035e-02  -7.0008835e-03  -2.4317141e-03
  -2.1647001e-03   5.8052445e-01   1.8851633e+00  -1.5538415e-02  -6.7581118e-03  -2.2705337e-03
   3.9839782e-03   5.9815360e-01   1.8853129e+00  -1.6518904e-02  -6.9792297e-03  -2.2602557e-03
   1.0832844e-03   5.2782607e-01   1.9002107e+00  -1.5836856e-02  -6.9814046e-03  -2.3006734e-03
  -2.3953774e-02   6.0807601e-01   1.9193947e+00  -1.6959883e-02  -6.9221258e-03  -2.4642698e-03
  -1.3764637e-02   6.4709344e-01   1.9150763e+00  -1.6378840e-02  -7.5763674e-03  -2.7769106e-03
  -1.6816894e-02   7.2244139e-01   1.8615832e+00  -1.3981498e-02  -7.8559525e-03  -2.6827254e-03
  -4.7216743e-03   4.7545986e-01   1.8478290e+00  -1.5521648e-02  -7.0582302e-03  -3.5052819e-03
   9.0793678e-03   6.1333432e-01   1.8716580e+00  -1.5461286e-02  -6.9643023e-03  -3.0692669e-03
   1.0965441e-02   5.4842754e-01   1.8873389e+00  -1.5716967e-02  -6.8420641e-03  -2.9992957e-03
   1.1263448e-03   5.6311551e-01   1.9068088e+00  -1.5111093e-02  -6.6543603e-03  -2.5995960e-03
   3.9443629e-03   5.8360992e-01   1.8774105e+00  -1.6079557e-02  -6.7894866e-03  -3.2217851e-03
  -7.4996287e-03   5.6202513e-01   1.9113195e+00  -1.5751369e-02  -6.8318460e-03  -3.2752686e-03
  -4.5237708e-03   5.4250010e-01   1.8933379e+00  -1.5916322e-02  -6.5920464e-03  -3.2265201e-03
  -4.7902468e-02   6.1056953e-01   1.9362932e+00  -1.4634719e-02  -7.0712476e-03  -3.8989745e-03
  -3.6666774e-02   5.3280372e-01   1.8877987e+00  -1.4684256e-02  -7.5301907e-03  -3.8533867e-03
  -3.6129852e-02   6.4429961e-01   1.9011105e+00  -1.4800912e-02  -7.1967031e-03  -3.6162090e-03
  -2.4054260e-02   5.9256929e-01   1.8861221e+00  -1.5756124e-02  -7.3355163e-03  -3.4568572e-03
  -4.0481056e-02   6.1629520e-01   1.8978152e+00  -1.5643957e-02  -7.0781968e-03  -3.5934477e-03
  -3.5358674e-02   6.1628365e-01   1.8958680e+00  -1.6293624e-02  -7.0491940e-03  -3.2875934e-03
  -4.8859590e-02   6.2020222e-01   1.8441892e+00  -1.6107009e-02  -6.9805922e-03  -3.6349650e-03
  -6.4971386e-02   6.0603167e-01   1.8267428e+00  -1.5931162e-02  -6.7876013e-03  -3.9122604e-03
  -6.6692845e-02   6.2718154e-01   1.8674546e+00  -1.6622124e-02  -6.8124825e-03  -3.8167080e-03
  -4.2804210e-02   6.1153735e-01   1.8847022e+00  -1.6127785e-02  -6.9765999e-03  -3.2194780e-03
   1.0856821e-01   5.5985777e-01   1.7559476e+00  -1.3808911e-02  -7.6324251e-03   1.3860105e-03
   1.3677568e-01   5.4715311e-01   1.6362287e+00  -9.2554493e-03  -7.9832824e-03   2.7143332e-03
   1.2303171e-01   5.5603674e-01   1.6690071e+00  -8.9728457e-03  -7.7207820e-03   2.5586827e-03
   1.1573522e-01   5.7470752e-01   1.7261490e+00  -9.7689997e-03  -7.7469342e-03   2.6385222e-03
