   0.0000000e+00   0.0000000e+00  -7.1054274e-15   1.3010426e-18  -1.3877788e-17   1.8055593e-35
  -2.1017497e-02   5.1484815e-03   7.2125499e-02   3.6512321e-05   6.8875852e-04   1.7892502e-04
  -4.5315299e-02   5.9542500e-02   1.1653914e-01   5.4609321e-04   1.1849177e-03   5.4692286e-04
  -4.4808285e-02  -8.8322254e-02   2.7861561e-02   1.9475114e-03   5.6763750e-04   9.2389326e-04
  -5.7775766e-02   2.8178443e-02   1.3380330e-02   1.2456479e-03   5.7181350e-04   9.1191421e-04
  -5.1368470e-02   5.2108043e-02  -5.0944160e-02   3.9150135e-04   2.3024315e-04   7.7792728e-04
  -5.9238909e-02  -8.7442579e-02  -1.0113700e-01   1.9038570e-03  -1.7801490e-05   9.3084829e-04
  -5.6925756e-02   1.6188891e-02  -1.1337508e-01   5.9341640e-04   1.3011573e-04   7.8663109e-04
  -5.0329657e-02  -2.9144334e-03  -1.2615557e-01   1.1635179e-03   2.4080021e-04   8.9188374e-04
  -6.8650621e-02   1.9885711e-03  -1.6177802e-01   1.1473116e-03   7.0217133e-04   9.4146997e-04
  -1.4470730e-01  -1.2546972e-01  -2.8680687e-01   9.8684149e-03   1.5772063e-03  -8.9232056e-04
  -1.2556999e-01  -8.9668614e-02  -2.8575594e-01   8.4262712e-03   1.3420061e-03   2.3998508e-04
  -1.1853760e-01  -1.0463670e-01  -3.0878093e-01   9.2262914e-03   8.7121706e-04   2.4858758e-04
  -1.3034882e-01  -8.5869275e-02  -3.1382575e-01   8.0761945e-03   1.2100294e-03   1.8225544e-04
  -1.3224691e-01  -2.6224970e-02  -2.5326769e-01   7.3248430e-03   1.4429276e-03   3.7860571e-04
  -1.2260259e-01  -1.1399623e-01  -3.1066505e-01   8.7139919e-03   1.3174753e-03   5.6705835e-04
  -1.1146684e-01  -5.8073552e-03  -2.7104558e-01   7.3920745e-03   7.1018682e-04   3.9122188e-04
  -1.2319647e-01  -7.0909825e-02  -2.6622571e-01   7.7998320e-03   1.2720650e-03   6.1294016e-04
  -1.1236721e-01  -1.9059838e-02  -2.8638071e-01   7.7558103e-03   1.4262437e-03   9.8627320e-04
  -1.3948795e-01  -7.2881883e-02  -2.6813559e-01   7.9706896e-03   2.1934814e-03   1.0242352e-03
  -1.3706959e-01  -6.8622279e-02  -2.9825036e-01   7.6651066e-03   2.1836206e-03   1.2464830e-03
  -1.1670317e-01  -6.2438110e-02  -3.2283646e-01   8.3573047e-03   1.5916396e-03   1.4481161e-03
  -1.0033538e-01  -1.1169949e-01  -4.1390132e-01   7.9075505e-03   1.5159021e-03   1.6102474e-03
  -9.4780496e-02   4.4635238e-02  -4.3839357e-01   8.0337091e-03   1.5835607e-03   1.2698527e-03
  -1.1459634e-01  -1.5528605e-01  -6.2184213e-01   8.3935523e-03   1.0861752e-03   3.5685354e-04
  -1.2633302e-01  -6.3231267e-02  -6.8264629e-01   7.5555028e-03   9.0992281e-04  -1.3292569e-04
  -1.3062360e-01   5.6943258e-02  -5.3416717e-01   6.9177308e-03   1.0196398e-03  -1.6690240e-04
  -1.3592900e-01  -7.7640243e-02  -5.3409898e-01   8.6283049e-03   1.1961532e-03   1.7518950e-04
  -1.3769120e-01  -3.9469010e-02  -5.4942345e-01   8.2147470e-03   1.4000030e-03   5.6753086e-04
  -1.1571461e-01   1.4773313e-02  -5.4511849e-01   7.2369503e-03   9.5573215e-04   6.9635206e-04
  -1.0569402e-01  -1.0250202e-01  -1.1608802e-01   9.9124873e-03   1.1516115e-03   2.1436496e-03
   4.4590559e-02   1.0153741e-01   9.2491006e-01   2.9754912e-03  -1.7708041e-03   2.7975864e-03
  -4.8324370e-02   5.8013736e-02   1.5150795e+00   1.3285803e-03  -3.3808784e-03   3.8550406e-04
  -2.4725413e-02   1.1022419e-02   1.3976204e+00   7.9637897e-04  -3.1937739e-03   6.5375167e-04
  -2.5374034e-02  -2.1400721e-02   1.4143804e+00   1.0318340e-04  -2.8016842e-03   8.9966393e-04
  -1.1899842e-01   2.6039511e-01   1.4567117e+00  -1.4322890e-03  -1.4178534e-03   9.6496101e-04
  -1.0397339e-01   8.4114709e-02   7.0887736e-01  -2.4358485e-03  -1.4434351e-03   4.1115267e-05
  -1.0950939e-01  -1.1370420e-01   4.9156928e-01  -1.6011702e-03  -8.5311483e-04   5.9600307e-05
  -4.7632626e-02  -1.9649803e-02  -2.9963398e-01  -1.2593504e-03   4.6897872e-04  -1.6288103e-04
  -6.0276563e-02   7.2876483e-02  -8.6881200e-01  -7.7471179e-04   1.6416568e-03  -1.4572205e-03
  -7.4368534e-02  -3.8009624e-02  -8.4539182e-01   4.9134894e-04   2.0361848e-03  -1.4396236e-03
  -6.1206187e-02   7.4034208e-02  -8.3435287e-01   3.7328417e-04   1.9343259e-03  -1.2817042e-03
  -7.9812580e-02   3.9235660e-02  -7.9748551e-01   1.9201881e-03   2.1299888e-03  -5.8590988e-04
  -9.6370713e-02   3.6316457e-02  -7.8093745e-01   1.0526184e-03   2.3119754e-03  -7.1798465e-04
  -1.0688095e-01   1.2990561e-01  -7.9651422e-01  -5.4107506e-05   2.1484597e-03  -1.3718104e-03
  -1.2474660e-01   8.6635931e-02  -7.9739601e-01   4.7843762e-04   2.3349649e-03  -1.1431659e-03
  -2.0086839e-01  -2.3348945e-02  -5.6082220e-01   3.3535907e-03   2.8891001e-03  -9.5865797e-04
  -2.6696206e-01  -2.6445233e-01  -7.5120111e-01   4.6508520e-04   5.8662276e-04  -1.7904769e-03
  -1.2484730e-01  -4.7141425e-01  -1.6643936e+00   2.7328988e-03   1.8105554e-03  -2.2373548e-03
  -1.2837473e-03  -8.4888274e-01  -3.7552827e+00   1.1760525e-03   5.4120655e-03  -4.9655922e-03
   5.7366574e-02  -7.5757011e-01  -5.8063652e+00   1.1387756e-02   1.1346165e-02  -6.6377253e-03
   3.5530647e-02  -8.1350838e-01  -5.9985615e+00   1.2025010e-02   1.1821209e-02  -6.0384676e-03
   2.2931830e-02  -6.2445116e-01  -5.9776754e+00   1.1829870e-02   1.2753543e-02  -5.8388160e-03
   2.3229787e-02  -6.8860215e-01  -6.1302506e+00   1.1761585e-02   1.2675163e-02  -6.0041869e-03
   4.4335643e-02  -5.6416506e-01  -6.0652479e+00   1.2717434e-02   1.2838284e-02  -5.8534183e-03
   3.5361478e-02  -6.3659409e-01  -6.1820270e+00   1.3251159e-02   1.3200696e-02  -5.8125122e-03
   9.0950405e-02  -5.5810972e-01  -6.2382420e+00   1.3561900e-02   1.3162378e-02  -5.5936022e-03
   7.3700003e-02  -5.2938276e-01  -6.1823491e+00   1.3540260e-02   1.3673103e-02  -5.5260034e-03
   6.1587232e-02  -5.0405956e-01  -6.1916976e+00   1.3110164e-02   1.4210160e-02  -5.1991711e-03
   5.3725757e-02  -4.3657551e-01  -6.1157074e+00   1.2900409e-02   1.4084925e-02  -5.0177663e-03
   2.8890713e-02  -5.7062580e-01  -6.2252655e+00   1.3160137e-02   1.4664150e-02  -5.0037562e-03
   1.3611581e-01  -4.7949018e-01  -6.4931835e+00   9.7927617e-03   1.4954476e-02  -4.6484387e-03
   8.5257673e-02  -4.7291578e-01  -6.4350202e+00   1.1495644e-02   1.5665042e-02  -4.4936479e-03
   4.2125800e-02  -6.2847791e-01  -6.5838752e+00   1.2415643e-02   1.5192189e-02  -4.7636299e-03
   2.9762551e-02  -7.0299094e-01  -6.6136499e+00   1.2965323e-02   1.4701174e-02  -5.4852335e-03
   2.6828688e-02  -6.8564080e-01  -6.6134721e+00   1.2140099e-02   1.4407458e-02  -5.4706033e-03
   4.9601005e-02  -6.2587325e-01  -6.5696008e+00   1.1819129e-02   1.4679156e-02  -4.6071463e-03
  -8.5523016e-02  -7.1268246e-01  -6.6122509e+00   1.3051813e-02   1.7529999e-02  -6.9693588e-03
  -7.9749723e-02  -6.3697260e-01  -6.5959386e+00   1.2284020e-02   1.8011643e-02  -6.5173430e-03
  -8.5939313e-02  -6.5398949e-01  -6.6230549e+00   1.2793259e-02   1.8793357e-02  -6.5100745e-03
  -6.7016283e-02  -6.4294223e-01  -6.6446320e+00   1.3255889e-02   1.8749386e-02  -6.4256227e-03
  -5.5317649e-02  -5.8211964e-01  -6.6103946e+00   1.3636056e-02   1.8746279e-02  -6.3806104e-03
  -5.4776077e-02  -5.4282324e-01  -6.5614585e+00   1.3350318e-02   1.8910187e-02  -6.1624526e-03
  -6.5938747e-02  -5.8004922e-01  -6.5468711e+00   1.3962106e-02   1.9074134e-02  -5.9579619e-03
  -5.4118685e-02  -6.5834823e-01  -6.7016052e+00   1.4670197e-02   1.8280590e-02  -6.3663112e-03
  -3.2927175e-02  -5.1301687e-01  -6.6373902e+00   1.4198727e-02   1.8204912e-02  -6.4006168e-03
  -5.7766169e-02  -5.8832540e-01  -6.6501983e+00   1.4663327e-02   1.9165394e-02  -6.0436864e-03
  -3.4038229e-02  -5.0375430e-01  -6.5756709e+00   1.4819022e-02   1.8193337e-02  -6.0455096e-03
  -3.6834072e-02  -4.9175211e-01  -6.5869618e+00   1.4311811e-02   1.8673125e-02  -5.8439794e-03
  -5.9128165e-02  -5.8515603e-01  -6.7692503e+00   1.5232087e-02   1.9331740e-02  -5.9640637e-03
  -4.7846293e-02  -4.9456406e-01  -6.6170062e+00   1.5928252e-02   1.8909926e-02  -5.9463444e-03
  -6.4265899e-02  -3.9972646e-01  -6.5231169e+00   1.5270913e-02   1.9262705e-02  -5.8042634e-03
  -7.3686013e-02  -6.7533763e-01  -6.7529911e+00   1.6235545e-02   1.9909361e-02  -6.0402753e-03
  -6.2482436e-02  -4.9419359e-01  -6.6191009e+00   1.5780179e-02   1.9511634e-02  -5.7503938e-03
  -6.6782464e-02  -5.3754163e-01  -6.6428905e+00   1.5479442e-02   1.9504381e-02  -5.5930424e-03
  -5.6527357e-02  -3.2724136e-01  -6.4567283e+00   1.5965378e-02   1.9005908e-02  -5.5353754e-03
  -8.7079212e-02  -3.4157804e-01  -6.3574476e+00   1.5825251e-02   1.9080784e-02  -5.4384370e-03
  -1.0448386e-01  -6.8166552e-01  -6.9319684e+00   1.3657752e-02   2.0877351e-02  -6.8137482e-03
  -8.7799525e-02  -5.1378934e-01  -6.9268648e+00   1.2601008e-02   2.1196612e-02  -7.4264460e-03
  -8.8956424e-02  -5.0932057e-01  -6.9573277e+00   1.1827681e-02   2.0400333e-02  -8.0390656e-03
  -1.1109487e-01  -4.0780317e-01  -6.8215737e+00   1.2734770e-02   2.0200718e-02  -7.7238194e-03
  -1.2963460e-01  -4.2256108e-01  -6.7143340e+00   1.2957369e-02   2.0130640e-02  -7.3508746e-03
  -1.2950480e-01  -4.3298398e-01  -6.7239786e+00   1.2642520e-02   2.0750497e-02  -7.1574797e-03
  -1.2698968e-01  -4.5342447e-01  -6.6533265e+00   1.3185922e-02   2.1039304e-02  -6.7772405e-03
  -1.3726941e-01  -4.9174871e-01  -6.6714017e+00   1.3244825e-02   2.1262551e-02  -6.2178650e-03
  -1.6308505e-01  -4.4816435e-01  -6.7241742e+00   1.2112636e-02   2.1518978e-02  -6.9586465e-03
  -1.7730373e-01  -3.8728432e-01  -6.6450764e+00   1.1744493e-02   2.1787624e-02  -7.0868234e-03
  -1.6502789e-01  -4.1097415e-01  -6.6782908e+00   1.2405809e-02   2.1339623e-02  -6.8784262e-03
  -1.5427399e-01  -3.2336345e-01  -6.5789622e+00   1.0576041e-02   2.0955866e-02  -7.6873210e-03
  -1.6273742e-01  -3.4810113e-01  -6.6171264e+00   9.6249971e-03   2.1169219e-02  -7.6248598e-03
  -1.4646963e-01  -3.9488539e-01  -6.7103664e+00   9.6201719e-03   2.1392143e-02  -7.5289766e-03
  -1.6182738e-01  -2.2844335e-01  -6.5401418e+00   1.1482122e-02   2.1527146e-02  -7.3512512e-03
  -1.8327784e-01  -4.0213110e-01  -6.6637190e+00   1.2792554e-02   2.1040271e-02  -7.8446148e-03
  -1.5975284e-01  -5.0282645e-01  -6.7982985e+00   1.3509829e-02   2.1341776e-02  -7.6996424e-03
  -1.8045230e-01  -3.3085588e-01  -6.7123824e+00   1.1453379e-02   2.1469613e-02  -8.1685686e-03
  -2.3223254e-01  -4.0583642e-01  -6.3751158e+00   1.4908776e-02   2.0531653e-02  -8.4386056e-03
  -6.6720604e-02  -3.4349590e-01  -6.6060336e+00   1.0141005e-02   1.7547640e-02  -7.3428919e-03
  -7.3901711e-02  -3.1148937e-01  -6.6570582e+00   1.1539224e-02   1.8206027e-02  -7.0196543e-03
  -9.2580779e-02  -3.5502759e-01  -6.6504748e+00   1.0592445e-02   1.8373993e-02  -7.0912372e-03
  -1.0149387e-01  -3.6381590e-01  -6.6284887e+00   1.1022465e-02   1.8573756e-02  -6.9534905e-03
  -1.2687454e-01  -2.4091942e-01  -6.5410660e+00   1.0466406e-02   1.8532571e-02  -6.9729343e-03
  -1.4466994e-01  -5.0586114e-01  -6.8024575e+00   1.1133011e-02   1.9558561e-02  -7.2656694e-03
  -1.2472327e-01  -3.3481435e-01  -6.6771026e+00   1.1240716e-02   1.9360703e-02  -7.2020444e-03
  -1.2873622e-01  -3.4364002e-01  -6.7074781e+00   1.1158986e-02   1.9499028e-02  -7.1007296e-03
  -1.3594907e-01  -3.2608952e-01  -6.6818915e+00   9.7907482e-03   1.9589494e-02  -7.3717203e-03
  -1.4936050e-01  -3.3181947e-01  -6.6393710e+00   1.0335756e-02   2.0017792e-02  -7.3221287e-03
  -1.5074341e-01  -2.8215167e-01  -6.5947327e+00   9.9258575e-03   2.0093343e-02  -6.9861312e-03
  -1.4801421e-01  -3.2092443e-01  -6.6005600e+00   1.0022421e-02   2.0055359e-02  -7.0299645e-03
  -1.5562445e-01  -3.6919966e-01  -6.6836843e+00   1.0594002e-02   2.0239358e-02  -7.0883218e-03
  -2.4899959e-01  -1.2595434e+00  -7.7429675e+00   5.3968940e-02   2.3427927e-02  -2.9764851e-03
  -1.9472119e-01  -1.2990917e+00  -7.7104554e+00   7.2098733e-02   1.8831956e-02   1.7518924e-03
  -2.2186674e-01  -1.3354972e+00  -7.7920120e+00   6.6483796e-02   2.0122409e-02   1.1721529e-03
  -2.3693423e-01  -1.1700677e+00  -7.6693023e+00   6.3316204e-02   2.0772140e-02   7.2370669e-04
  -2.3087390e-01  -1.1659325e+00  -7.6959646e+00   6.1552264e-02   2.0962419e-02   8.6819511e-04
  -2.2519820e-01  -1.1357365e+00  -7.6234641e+00   6.1345183e-02   2.1417928e-02   1.0891694e-03
  -2.3626351e-01  -1.1489294e+00  -7.7602789e+00   5.8965207e-02   2.2219317e-02   1.0115558e-03
  -2.2980579e-01  -1.0646201e+00  -7.6435309e+00   5.7330018e-02   2.2162927e-02   4.6527964e-04
  -1.8908856e-01  -1.0761233e+00  -8.0259131e+00   5.2314663e-02   2.7476114e-02   2.8068524e-03
  -1.7764137e-01  -9.0368394e-01  -7.9343525e+00   5.0306365e-02   2.6203485e-02   3.6910420e-03
  -2.5805334e-01  -9.8574888e-01  -8.4925326e+00   4.8691373e-02   2.9660210e-02   3.0270713e-03
  -2.5074355e-01  -8.9571344e-01  -8.2871247e+00   4.8961224e-02   2.9432246e-02   2.7380700e-03
  -2.8354622e-01  -9.4769060e-01  -8.2392161e+00   4.8569560e-02   3.0484207e-02   3.4486324e-03
  -2.3378086e-01  -9.2246041e-01  -8.2789929e+00   4.8293717e-02   3.0432405e-02   3.6240304e-03
  -2.0714230e-01  -6.3975632e-01  -7.8593341e+00   4.8223831e-02   2.8086526e-02   3.1252948e-03
  -2.7277960e-01  -8.5747060e-01  -7.9833723e+00   4.6108178e-02   3.0491006e-02   2.1632025e-03
  -2.5761625e-01  -9.5920877e-01  -8.3936127e+00   4.2448924e-02   3.2949170e-02   1.7354760e-03
  -2.6613141e-01  -8.1130014e-01  -8.2526515e+00   4.2775193e-02   3.3367399e-02   1.3514963e-03
  -2.6969265e-01  -8.9169893e-01  -8.2688162e+00   4.3176533e-02   3.3414004e-02   1.8590736e-03
  -2.6608069e-01  -8.4507131e-01  -8.3275924e+00   4.2897389e-02   3.2877046e-02   1.2866684e-03
  -2.9770741e-01  -8.3110105e-01  -8.2118832e+00   4.3141918e-02   3.2290711e-02   1.0076439e-03
  -3.1278933e-01  -8.3689609e-01  -8.2537881e+00   4.1880368e-02   3.2921645e-02   9.0962937e-04
  -3.1741337e-01  -7.5372492e-01  -8.1320472e+00   4.0719183e-02   3.2943454e-02   7.7286217e-04
  -3.1094637e-01  -8.3370083e-01  -8.1620752e+00   4.1572003e-02   3.2841222e-02   9.9171846e-04
  -2.9691273e-01  -8.3051393e-01  -8.1815014e+00   4.1523811e-02   3.2335058e-02   1.6320356e-03
  -2.9047337e-01  -8.3187621e-01  -8.2090494e+00   3.9255480e-02   3.1578509e-02   1.7529002e-03
  -3.4658934e-01  -9.3339727e-01  -8.2031642e+00   4.1904655e-02   3.2451586e-02   8.3919517e-04
  -3.9895039e-01  -8.4493820e-01  -8.1563855e+00   4.3413644e-02   3.2687147e-02  -8.2844053e-04
  -3.9649356e-01  -9.2890450e-01  -8.2726886e+00   4.2367502e-02   3.2297475e-02  -1.3205235e-03
  -3.7330021e-01  -7.7056489e-01  -8.1173078e+00   4.1581747e-02   3.1444483e-02  -1.3762044e-03
  -3.8983346e-01  -8.2958244e-01  -8.1350138e+00   4.2254679e-02   3.1963470e-02  -1.4357599e-03
  -3.6560669e-01  -7.2831387e-01  -8.1123024e+00   4.2029637e-02   3.1667513e-02  -1.3266185e-03
  -3.4485447e-01  -7.5827380e-01  -8.0494994e+00   4.0236757e-02   3.1164838e-02  -1.1058593e-03
  -3.0182191e-01  -8.4164769e-01  -8.4209266e+00   3.6734106e-02   2.7090702e-02  -6.0270097e-03
  -2.2009052e-01  -4.1746502e-01  -8.1765935e+00   2.2364965e-02   1.5623047e-02  -1.4376523e-02
  -2.5466286e-01  -4.5562070e-01  -8.1578849e+00   2.4718400e-02   1.7745586e-02  -1.3474629e-02
  -2.7888031e-01  -3.9626231e-01  -8.1175794e+00   2.4909171e-02   1.8686668e-02  -1.3236476e-02
  -2.9065396e-01  -4.4541834e-01  -8.1313871e+00   2.4505549e-02   1.9397844e-02  -1.2958547e-02
  -2.9573662e-01  -4.0004512e-01  -8.0769639e+00   2.4623484e-02   1.9711243e-02  -1.2714326e-02
  -3.0938807e-01  -3.8726020e-01  -8.0760915e+00   2.3934510e-02   2.0038075e-02  -1.2822456e-02
  -3.0696641e-01  -3.7775072e-01  -8.0106346e+00   2.4376599e-02   2.0891491e-02  -1.2339290e-02
  -2.8027180e-01  -5.1335363e-01  -8.1872734e+00   2.5588161e-02   2.1499555e-02  -1.1671388e-02
  -3.1518958e-01  -4.1053250e-01  -8.1988200e+00   2.5378273e-02   2.2558354e-02  -1.2018938e-02
  -3.5604585e-01  -4.9681929e-01  -8.2551406e+00   2.6676698e-02   2.2724459e-02  -1.2247636e-02
  -3.4671091e-01  -3.3991663e-01  -8.0735825e+00   2.5389637e-02   2.3219554e-02  -1.1769461e-02
  -3.3499699e-01  -5.2089676e-01  -8.1762577e+00   2.5680610e-02   2.3528214e-02  -1.1643565e-02
  -3.3559731e-01  -4.3428432e-01  -8.0578454e+00   2.6209447e-02   2.3701891e-02  -1.1670512e-02
  -3.5359975e-01  -4.3236336e-01  -8.1072857e+00   2.4977547e-02   2.3837094e-02  -1.1430272e-02
  -3.6276222e-01  -3.9997120e-01  -8.0584325e+00   2.3757000e-02   2.3674600e-02  -1.1774672e-02
  -3.7117061e-01  -4.9005269e-01  -8.1673391e+00   2.3948204e-02   2.4030806e-02  -1.2063684e-02
  -4.1025006e-01  -4.5422469e-01  -8.0767954e+00   2.5430686e-02   2.4435519e-02  -1.2162399e-02
  -4.2418892e-01  -4.2368020e-01  -8.2040198e+00   2.3794248e-02   2.4965350e-02  -1.2717856e-02
  -4.3488943e-01  -3.2670952e-01  -8.0368140e+00   2.4135773e-02   2.5107499e-02  -1.2991430e-02
  -4.3984110e-01  -4.5183706e-01  -8.1279423e+00   2.4764384e-02   2.5559870e-02  -1.2676685e-02
  -4.3536277e-01  -3.3390305e-01  -8.0214431e+00   2.4039619e-02   2.5425810e-02  -1.2883700e-02
  -4.2063399e-01  -5.0128217e-01  -8.1688956e+00   2.5207001e-02   2.5447187e-02  -1.2709584e-02
  -4.4431893e-01  -3.8644212e-01  -8.0668172e+00   2.5320589e-02   2.5985276e-02  -1.2644537e-02
  -4.0044723e-01  -4.7927515e-01  -8.1323877e+00   2.7073530e-02   2.5201603e-02  -1.1985279e-02
  -4.0214159e-01  -3.2158081e-01  -8.0102410e+00   2.5671406e-02   2.4953706e-02  -1.2211855e-02
  -4.1460813e-01  -5.6244313e-01  -8.2354592e+00   2.6136480e-02   2.5384827e-02  -1.2278314e-02
  -4.1084119e-01  -3.4548600e-01  -8.1027516e+00   2.5596866e-02   2.5394493e-02  -1.2419025e-02
  -4.0481748e-01  -4.5894134e-01  -8.1297115e+00   2.6283425e-02   2.5299862e-02  -1.2296842e-02
  -3.7957261e-01  -4.3180757e-01  -8.1371707e+00   2.6578178e-02   2.4847953e-02  -1.2411716e-02
  -4.0527295e-01  -3.5581711e-01  -8.1080290e+00   2.6319350e-02   2.5863425e-02  -1.2023661e-02
  -4.0966729e-01  -3.9146089e-01  -8.0464096e+00   2.8569389e-02   2.6494399e-02  -1.1928078e-02
  -4.2998623e-01  -4.7272014e-01  -8.1139785e+00   2.7881804e-02   2.6762549e-02  -1.1784238e-02
  -4.1483990e-01  -4.3370847e-01  -7.9999752e+00   2.6925714e-02   2.6027295e-02  -1.1882991e-02
  -3.9047049e-01  -3.8803295e-01  -7.7110464e+00   3.0624642e-02   2.6659869e-02  -1.0765589e-02
  -1.1316156e+00   1.9490134e+00   1.0872082e+01   5.6169297e-02   2.3840983e-02   6.7222016e-02
