   0.0000000e+00   0.0000000e+00   0.0000000e+00   1.7347235e-18   0.0000000e+00   0.0000000e+00
  -4.9657822e-03   9.0424813e-02   5.4050357e-02  -8.6214024e-04  -1.1820087e-04  -1.3688752e-05
  -3.7408639e-03  -1.6585345e-02   1.0250029e-02   7.8246480e-05   1.5252053e-04  -8.8440952e-05
   6.5979225e-03   3.9037848e-02   1.3544202e-02  -4.9311188e-05   1.2791767e-04  -3.1048538e-04
   9.8289002e-03   7.0345377e-02   3.5494022e-02  -5.6015397e-04   1.1545092e-04  -3.2828821e-04
   1.4488622e-02  -1.8084651e-02  -2.4642522e-02   4.3471588e-04   2.7420390e-04  -3.2629508e-04
   2.9722837e-02   7.7401666e-02   2.0976569e-02   1.6324864e-04  -6.6820170e-05  -1.7001308e-04
   3.1450764e-02  -1.2982006e-02  -2.0289632e-02   3.0756656e-04   4.8469713e-04  -6.0092655e-05
   3.5680532e-02   5.7491108e-02   7.7225415e-03   7.2341740e-04   3.7980768e-04   1.0099230e-04
   4.3607134e-02   5.7281296e-02   1.8505051e-02   4.6587250e-04   3.7185440e-04   8.3482384e-05
   3.8843113e-02  -9.3842726e-03  -1.9424366e-02   1.0453642e-03   9.4038366e-04   1.7104505e-04
   5.0723600e-02   1.0673694e-01   2.6700982e-02   2.6761596e-04   5.2057442e-04   4.7445320e-04
   5.5888597e-02  -1.5715113e-03  -3.7455024e-02   1.2431334e-03   4.9609602e-04   2.6025722e-04
   5.9429561e-02   4.2219979e-02  -9.9946151e-03   1.2054378e-03   7.2693338e-04   5.1436325e-04
   6.9142255e-02   6.1649233e-02  -2.5111308e-02   6.8453259e-04   4.4068238e-04   5.2516776e-04
   7.5426883e-02   8.4932770e-03  -5.5055422e-02   1.3194182e-03   7.1105643e-04   6.6087777e-04
   7.7148237e-02   6.7835801e-02  -1.9574349e-02   1.0238659e-03   9.2298217e-04   8.2744422e-04
   8.1788101e-02   2.1092649e-02  -5.4140182e-02   1.0896593e-03   6.8221929e-04   6.5630907e-04
   7.6705259e-02   3.2281355e-02  -3.8136181e-02   1.4157174e-03   1.1902591e-03   1.0002414e-03
   7.6373929e-02   7.2525769e-02  -2.2264226e-02   1.0519872e-03   9.4996330e-04   1.1091066e-03
   7.9856906e-02  -1.7141178e-02  -4.2071299e-02   2.2436070e-03   1.3277482e-03   1.2228493e-03
   8.1860354e-02   7.2016581e-02  -3.2231345e-03   1.3362739e-03   1.2332317e-03   1.2944311e-03
   8.7765702e-02   3.3708595e-02  -5.6712498e-02   1.2287780e-03   9.6075022e-04   1.1505381e-03
   8.7264888e-02   3.4798393e-02  -6.7428495e-02   1.8265846e-03   1.0753037e-03   1.2690599e-03
   9.1606374e-02   7.4772117e-02  -4.5499598e-02   1.4236808e-03   1.0621318e-03   1.2946272e-03
   8.7978574e-02  -1.5144147e-02  -6.2506334e-02   2.6569254e-03   1.4396130e-03   1.4191233e-03
   9.2680726e-02   8.9928640e-02  -2.6226420e-02   1.3740349e-03   1.3597326e-03   1.4337652e-03
   1.0051303e-01  -3.2497935e-03  -8.5051753e-02   1.6200446e-03   1.1360673e-03   1.2378807e-03
   1.0311868e-01   1.9621140e-02  -6.0125520e-02   2.1974051e-03   1.0448489e-03   1.1772633e-03
   1.0670945e-01   7.4244928e-02  -9.5126998e-03   1.5290354e-03   1.0773300e-03   1.3569636e-03
   1.1377930e-01  -1.7517212e-02  -7.7766653e-02   2.2329732e-03   1.2023791e-03   1.4007901e-03
   1.0851097e-01   1.0021288e-01  -1.7942497e-02   1.5862841e-03   1.1582354e-03   1.4258188e-03
   1.2748652e-01   8.5135975e-02  -7.1717760e-02   6.1250203e-04   5.3783984e-04   1.3348502e-03
   1.3396222e-01   9.1508814e-02  -6.9317521e-02   1.3411930e-03   3.3089045e-04   1.6441443e-03
   1.1984337e-01   8.1267008e-04  -7.5517668e-02   1.6017670e-03   1.0571536e-04   1.6734353e-03
   1.3222918e-01   1.6243759e-01  -2.9376021e-02   1.1632275e-03  -1.8169068e-04   1.5942221e-03
   1.3027187e-01   1.0782097e-02  -7.5880219e-02   2.1813155e-03   2.0537789e-04   1.5114257e-03
   1.3426585e-01   1.1229417e-01  -2.1372594e-02   1.5457553e-03  -1.4651076e-04   1.5429677e-03
   1.3527434e-01   4.5487274e-02  -2.3361618e-02   1.6536104e-03   2.1329545e-04   1.4298504e-03
   1.3662496e-01   1.2759243e-02  -2.6329820e-02   2.0820198e-03   6.4975489e-04   1.5546071e-03
   1.4416143e-01   7.1657968e-02   8.1701959e-03   1.7485384e-03   3.8914572e-04   1.5833327e-03
   1.5071441e-01   5.4360151e-02  -1.2878399e-02   1.4117085e-03   3.3277354e-04   1.5502509e-03
   1.6044200e-01   9.0388903e-03  -5.7059141e-02   2.4939720e-03   5.4054048e-04   1.5145204e-03
   1.5443141e-01   5.9372081e-02  -6.5139145e-03   2.0839682e-03   5.7091605e-04   1.5314994e-03
   1.5334348e-01   8.6402741e-02   1.4351857e-02   1.6884647e-03   2.4145088e-04   1.4695786e-03
   1.5198806e-01   4.0892492e-02  -2.3979507e-02   1.8418296e-03   7.0641708e-04   1.6323640e-03
   1.4990018e-01   5.9040632e-02   2.4736854e-03   2.2078431e-03   6.1053782e-04   1.7673392e-03
   1.4351855e-01   8.0228702e-02   2.8330979e-02   1.7075543e-03   5.6681030e-04   1.6603605e-03
   1.4606286e-01   7.3509153e-02  -1.1690250e-02   1.4897025e-03   2.2058029e-04   1.5852110e-03
   1.3664678e-01   3.0635305e-02  -1.3057544e-02   2.1087513e-03   5.2380579e-04   1.7207967e-03
   1.4077169e-01   1.0377890e-01   1.5794121e-02   1.3842798e-03   2.1784863e-04   1.6808197e-03
   1.4661808e-01   7.3381160e-02  -1.0899049e-02   1.3393732e-03   3.1042861e-04   1.5695048e-03
   1.5387634e-01   3.7668629e-02  -3.8849907e-02   1.5686985e-03   3.9579648e-04   1.6616323e-03
   1.4881002e-01   5.7509900e-02  -2.3432595e-02   2.1756153e-03   4.4491983e-04   1.7695472e-03
   1.4936072e-01   1.0912158e-01  -1.4563365e-03   1.2927895e-03   4.0575887e-04   1.8194420e-03
   1.5721399e-01   3.3362229e-02  -4.9820378e-02   1.8996429e-03   4.1583487e-04   1.7386662e-03
   1.5435177e-01   7.4348996e-02  -2.2151390e-02   1.8714365e-03   5.2628219e-04   1.7679555e-03
   1.4983749e-01   1.1957105e-01  -8.7396009e-03   1.5470190e-03   2.4162839e-04   1.7702352e-03
   1.5648523e-01   2.4436116e-02  -4.7972141e-02   2.7083774e-03   5.5464984e-04   1.7525120e-03
   1.5350588e-01   1.0242788e-01  -5.7575725e-03   1.9414113e-03   4.8682490e-04   1.7130765e-03
   1.5519664e-01   7.7486684e-02  -1.3897812e-02   1.6856117e-03   1.4213929e-04   1.5007980e-03
   1.6419679e-01   7.5583327e-02   5.3172736e-03   1.3403260e-03  -2.7668367e-04   1.3653495e-03
   1.5877025e-01   1.2536053e-01   2.7383590e-02   1.3870568e-03  -8.6040577e-04   7.5240784e-04
   1.5672342e-01   1.5749660e-01   5.2868541e-02   1.2831226e-03  -1.1341106e-03   1.0225755e-03
   1.5816476e-01   1.7518147e-01   6.7354426e-02   9.9694636e-04  -1.7358053e-03   9.2295615e-04
   1.5651859e-01   1.1008511e-01   2.9721322e-02   1.8162518e-03  -1.6826472e-03   1.1468269e-03
   1.5818152e-01   1.9264575e-01   9.6062517e-02   1.5293010e-03  -1.7381380e-03   1.1654669e-03
   1.6235313e-01   1.2889418e-01   6.7874942e-02   1.0980071e-03  -1.3396926e-03   1.0841158e-03
   1.6028881e-01   1.2548134e-01   7.0113963e-02   2.3088011e-03  -1.1076515e-03   1.2605807e-03
   1.6222655e-01   1.8130002e-01   9.6889064e-02   1.2256868e-03  -1.3457885e-03   1.1913584e-03
   1.7197898e-01   8.5814713e-02   4.9943264e-02   1.9757883e-03  -1.0767189e-03   1.3425967e-03
   1.7244294e-01   1.6262962e-01   7.3484913e-02   1.6754816e-03  -1.1449214e-03   1.3567413e-03
   1.6774737e-01   1.8107941e-01   1.0300704e-01   1.1284406e-03  -1.3196558e-03   1.4436619e-03
   1.5537278e-01   9.6887585e-02   8.7825170e-02   2.3534448e-03  -9.0390634e-04   1.4634460e-03
   1.5356079e-01   1.8396330e-01   1.1953422e-01   1.4181842e-03  -1.0570798e-03   1.5901360e-03
   1.6100050e-01   1.2813289e-01   1.1328015e-01   1.0654406e-03  -1.0448298e-03   1.5754792e-03
   1.5104117e-01   9.8153070e-02   9.9820453e-02   1.6678250e-03  -7.0716062e-04   1.7606834e-03
   1.6056840e-01   1.4746096e-01   1.1581703e-01   1.4214603e-03  -9.2396731e-04   1.7205792e-03
   1.6322557e-01   1.7852667e-01   1.2172937e-01   9.9621502e-04  -9.5646748e-04   1.6618196e-03
   1.6922662e-01   9.1807687e-02   7.4228490e-02   1.7485630e-03  -6.5320109e-04   1.7263867e-03
   1.7453925e-01   2.1881070e-01   1.0713134e-01   9.2349347e-04  -9.9358866e-04   1.8420542e-03
   1.7363202e-01   1.2638105e-01   6.0094649e-02   1.4861546e-03  -7.6867014e-04   1.8000291e-03
   1.7247433e-01   1.4174832e-01   4.5682483e-02   1.9777676e-03  -8.6226191e-04   1.6653266e-03
   1.6727965e-01   2.1374909e-01   7.2106518e-02   9.6873001e-04  -1.0663690e-03   1.7304469e-03
   1.7434567e-01   1.2954517e-01   5.1976125e-02   1.2992632e-03  -1.0708684e-03   1.6628760e-03
   1.6150305e-01   1.2408751e-01   6.3213480e-02   1.6764850e-03  -9.8213960e-04   1.7470216e-03
   1.9640917e-01   2.7815828e-01   2.9442701e-02   2.2437949e-03  -2.4830110e-03   1.4937055e-03
   1.5742410e-01   1.0803939e-01   3.9721792e-03   1.6381633e-03  -2.0826887e-03   1.5586400e-03
   1.6188441e-01   1.6027730e-01   2.8678992e-02   1.8510602e-03  -1.9870797e-03   1.3359499e-03
   1.8001523e-01   1.6124474e-01   1.8437393e-03   1.9997670e-03  -1.7175455e-03   1.3506603e-03
   1.7533019e-01   1.7225932e-01  -1.4691939e-03   2.2128280e-03  -1.5819780e-03   1.2756523e-03
   1.7903169e-01   2.0988647e-01   8.1599272e-02   1.6040462e-03  -1.9547568e-03   1.1676163e-03
   1.7559116e-01   1.8916868e-01   7.2056532e-02   1.2070899e-03  -1.7628648e-03   1.0915233e-03
   1.7302193e-01   1.5456216e-01   6.3983658e-02   2.4719510e-03  -1.5388312e-03   1.1470342e-03
   1.7504071e-01   2.1052493e-01   9.9363469e-02   1.4752785e-03  -1.6680205e-03   1.0987993e-03
   1.8537223e-01   1.8324270e-01   7.2117966e-02   1.0457581e-03  -1.6603998e-03   1.0602677e-03
   1.7913826e-01   1.5438002e-01   8.1211273e-02   2.2390403e-03  -1.4098012e-03   1.1710156e-03
   1.7451545e-01   2.8125588e-01   1.1168370e-01   8.0117626e-04  -1.4659554e-03   1.3297824e-03
   1.7814350e-01   1.2061911e-01   6.1410865e-02   2.0883938e-03  -1.4819721e-03   1.3320223e-03
   1.8831187e-01   1.8425948e-01   7.5806353e-02   1.9932205e-03  -1.6129835e-03   1.2463444e-03
   1.8475260e-01   1.8269304e-01   8.2797425e-02   1.7539062e-03  -1.5592693e-03   1.0898127e-03
   1.7828161e-01   1.4139747e-01   7.4864995e-02   1.5606281e-03  -1.1669041e-03   1.1220742e-03
   1.7447835e-01   1.7085560e-01   9.3293525e-02   1.7056860e-03  -1.3495899e-03   1.2990134e-03
   1.7594268e-01   1.8110617e-01   9.5883533e-02   1.8693109e-03  -1.4348990e-03   1.2629526e-03
   1.7724164e-01   1.6374771e-01   7.7442489e-02   1.9701797e-03  -1.2486297e-03   1.3189611e-03
   1.7169538e-01   1.8629659e-01   8.5814438e-02   2.2359087e-03  -1.0082511e-03   1.3235070e-03
   1.7521541e-01   2.3403750e-01   1.1867881e-01   1.7162313e-03  -1.3355561e-03   1.2903876e-03
   1.7764380e-01   1.8032614e-01   8.0631056e-02   1.9937074e-03  -1.4888497e-03   7.9695565e-04
   1.8230585e-01   2.1295715e-01   3.5029969e-02   1.5743865e-03  -1.5813400e-03   6.1355577e-04
   1.7797950e-01   2.4082501e-01   6.2045373e-02   2.1104414e-03  -2.0528561e-03   8.9963453e-04
   1.8070224e-01   2.0234878e-01   5.2572161e-02   1.8164561e-03  -1.9239095e-03   8.9052708e-04
   1.7896619e-01   1.8375484e-01   6.7482030e-02   2.5247520e-03  -1.5711273e-03   1.0392442e-03
   1.9169420e-01   2.5831331e-01   1.1972417e-01   1.3949815e-03  -1.8622132e-03   1.2855458e-03
   2.0094844e-01   1.7869397e-01   7.0858069e-02   1.6488721e-03  -1.6639101e-03   1.3294726e-03
   1.9688812e-01   1.7177736e-01   6.3444089e-02   2.2959887e-03  -1.5629057e-03   1.2442580e-03
   1.7950715e-01   9.1646048e-02  -4.4517489e-01   2.3026292e-03  -1.0617131e-03   1.1514305e-03
   2.0372781e-01   1.9461309e-01  -1.1296365e-01   1.3489902e-03  -1.6934328e-03   1.3069755e-03
   2.1609301e-01   2.6606853e-01   2.3240206e-01   1.2654866e-03  -2.0051252e-03   9.5406993e-04
   2.2827940e-01   3.3686320e-01   2.9779730e-01   7.0968747e-04  -2.3072850e-03   1.0953080e-03
   2.4609541e-01   2.6303842e-01   2.7366546e-01   5.4878548e-04  -2.1552583e-03   1.0551455e-03
   2.4370507e-01   2.6614768e-01   2.8624090e-01   7.3937124e-04  -2.0888160e-03   1.0437022e-03
   2.4433644e-01   3.6640775e-01   3.5733093e-01  -1.7478305e-04  -2.2105714e-03   1.1745989e-03
   2.4813177e-01   2.3161250e-01   2.7557089e-01   3.3386115e-04  -2.0128686e-03   1.0486315e-03
   2.5359982e-01   2.8098401e-01   2.9152251e-01   4.4317601e-04  -1.8461944e-03   1.0342409e-03
   2.5710461e-01   2.9330563e-01   3.2428560e-01  -4.9618940e-05  -2.0230911e-03   1.0594361e-03
   2.6010440e-01   2.6195007e-01   2.7850496e-01   1.7065820e-04  -1.7984114e-03   9.5578313e-04
   2.4881929e-01   2.6705798e-01   2.4164420e-01   3.7688063e-04  -1.6863300e-03   1.0425272e-03
   2.3164653e-01   3.1234923e-01   1.1411456e-01   7.3009070e-04  -1.9537760e-03   6.2185954e-04
   2.3818629e-01   1.6748751e-01  -3.5064216e-02   1.8244463e-03  -1.5238671e-03   5.9343837e-04
   2.6057452e-01   2.5016027e-01  -9.9097740e-03   1.7750893e-03  -1.3618585e-03   9.0783609e-04
   2.5710337e-01   2.5831085e-01  -8.3465671e-03   1.4661612e-03  -1.5159166e-03   9.5346884e-04
   2.6809479e-01   1.9547643e-01  -8.8136370e-02   1.8725596e-03  -1.3161324e-03   8.4560238e-04
   2.6799923e-01   2.0428386e-01  -1.0063382e-01   2.1888482e-03  -1.1406163e-03   9.7281491e-04
   2.6375706e-01   3.1358974e-01  -2.9588995e-02   1.4026991e-03  -1.7478027e-03   9.7235315e-04
   2.3746312e-01   1.6491782e-01  -4.6376098e-02   3.4562003e-03  -1.1404302e-03   1.1898621e-03
   2.7392353e-01   2.4816596e-01  -7.4655945e-02   2.3872297e-03  -1.1067310e-03   1.6725124e-03
   2.8006693e-01   2.3016675e-01  -9.1840255e-02   2.5504400e-03  -1.1117994e-03   1.5097873e-03
   2.8181262e-01   2.4130137e-01  -8.2747026e-02   2.7617379e-03  -1.0169578e-03   1.7360983e-03
   2.8185249e-01   2.4828939e-01  -1.0300936e-01   2.4000514e-03  -8.6509724e-04   1.6953577e-03
   3.0137624e-01   3.5920693e-01  -1.0912999e-01   1.4464912e-03  -1.8231576e-03   1.5692418e-03
   2.6703843e-01   3.4604536e-01  -9.2047794e-02   2.3071920e-03  -2.1508596e-03   1.6768789e-03
   2.7268277e-01   2.5218783e-01   1.5464039e-01   2.4363341e-03  -2.7528793e-03   1.7585330e-03
   3.0475694e-01   3.4499229e-01   7.6698883e-02   1.6236138e-03  -2.6469618e-03   1.7980358e-03
   2.9059422e-01   3.7030373e-01   2.5849009e-02   1.5640020e-03  -2.7963191e-03   1.7153572e-03
   2.9189101e-01   2.8816124e-01   1.9474478e-02   2.1920714e-03  -2.5440916e-03   1.6227892e-03
   2.9560102e-01   3.4771876e-01   5.0114256e-02   1.8859997e-03  -2.3148849e-03   1.8436090e-03
   3.0440030e-01   3.1476232e-01   5.6358033e-02   1.4672918e-03  -2.2959760e-03   1.6881389e-03
   3.0647606e-01   2.4624397e-01   5.0913054e-02   1.9393744e-03  -1.8140522e-03   1.7508471e-03
   3.0878564e-01   3.2211857e-01   8.8143374e-02   1.3044350e-03  -2.0163699e-03   1.8773528e-03
   3.0393258e-01   2.5412384e-01   4.9563169e-02   1.4047866e-03  -2.1066143e-03   1.7152811e-03
   3.0105351e-01   2.6641557e-01   4.1816605e-02   2.1813981e-03  -2.2616273e-03   1.6960220e-03
   2.9309335e-01   3.4273382e-01   7.3468423e-02   1.5750778e-03  -2.1434729e-03   1.8606917e-03
   3.0360147e-01   3.1184817e-01   4.6224316e-02   1.4271158e-03  -2.2847429e-03   1.7552761e-03
   3.0996620e-01   2.8330699e-01   1.5172569e-02   1.9719662e-03  -2.4009743e-03   1.5758239e-03
   3.1058747e-01   3.1238069e-01   9.8390581e-02   1.6368581e-03  -2.2534860e-03   1.7536206e-03
   3.2036733e-01   3.3714800e-01   1.2641095e-01   1.4686364e-03  -2.4435685e-03   1.6239251e-03
   3.2670611e-01   3.1647725e-01   9.2746807e-02   1.1782242e-03  -2.3479388e-03   1.7160925e-03
   3.1743001e-01   2.8227137e-01   9.7558167e-02   1.7976192e-03  -2.2467231e-03   1.7789602e-03
   3.1286833e-01   3.3049888e-01   1.3340420e-01   1.4885312e-03  -2.4842540e-03   1.5772544e-03
   3.1400775e-01   3.3111820e-01   1.1992615e-01   8.8040750e-04  -2.2734534e-03   1.7777616e-03
   3.1335429e-01   2.4811699e-01   8.9924931e-02   1.5537543e-03  -2.3103561e-03   1.8497364e-03
   3.1360405e-01   3.5530866e-01   1.3779574e-01   1.1602324e-03  -2.4306878e-03   1.9686450e-03
   3.1391221e-01   3.2547574e-01   1.1223247e-01   1.0119445e-03  -2.6463955e-03   1.7903113e-03
   3.0691931e-01   2.8058024e-01   1.1603576e-01   2.0195512e-03  -2.6848789e-03   2.0488861e-03
   3.1677003e-01   3.3883191e-01   7.5934167e-02   2.1553754e-03  -2.5468611e-03   1.9177013e-03
   3.1394019e-01   3.7021654e-01   1.0284257e-01   1.2741998e-03  -2.9469256e-03   1.7471252e-03
   3.0705882e-01   2.6854275e-01   6.5231291e-02   1.9303568e-03  -2.4465770e-03   1.6167052e-03
   2.9379971e-01   3.5805912e-01   1.0351280e-01   1.7430829e-03  -2.3803135e-03   1.9295301e-03
   2.9310495e-01   3.4329295e-01   1.3547568e-01   1.8475283e-03  -2.5338308e-03   1.7065002e-03
   2.9557939e-01   3.1734927e-01   1.0698971e-01   1.5552126e-03  -2.3533925e-03   1.8757643e-03
   2.7898466e-01   4.5669247e-01   1.2568000e-01   1.5384612e-03  -3.3112189e-03   1.5083268e-03
   2.9112255e-01   2.9708234e-01   9.6808474e-02   1.3342997e-03  -2.7776077e-03   1.3874264e-03
   2.9812927e-01   3.4636236e-01   8.8156814e-02   1.5477474e-03  -2.8568463e-03   1.3459521e-03
   2.9962813e-01   3.4837270e-01   1.1290522e-01   1.7775567e-03  -3.1730487e-03   1.2216726e-03
   2.8516458e-01   2.9350654e-01   1.0651323e-01   1.3807720e-03  -3.0434259e-03   6.1536716e-04
   2.9543503e-01   4.0083749e-01   1.3310995e-01   1.1192786e-03  -3.3287711e-03   5.7183309e-04
   2.9299854e-01   3.2675483e-01   1.1715565e-01   1.2298826e-03  -2.6478731e-03   8.7910351e-04
   2.9822887e-01   3.8864753e-01   1.5610900e-01   9.8061686e-04  -2.8118380e-03   1.2670617e-03
   2.8973445e-01   4.1958936e-01   1.4329243e-01   5.2975330e-04  -3.3293105e-03   9.0037732e-04
   2.5574553e-01   4.0949548e-01   1.7149993e-01   1.0196201e-03  -3.0994108e-03   1.1130421e-03
   2.6934104e-01   2.9693154e-01   1.1193765e-01   1.5252063e-03  -2.6665178e-03   1.4479466e-03
   2.6954413e-01   4.0639870e-01   1.4140021e-01   1.8253990e-03  -2.8009576e-03   1.5969662e-03
   2.7727125e-01   3.5994905e-01   1.4843756e-01   1.6004437e-03  -2.6018052e-03   1.7027249e-03
   2.8341205e-01   3.3677533e-01   1.3399971e-01   1.6964446e-03  -2.2116773e-03   1.7420189e-03
   2.9347337e-01   4.2493481e-01   1.5641997e-01   8.0023609e-04  -2.2243912e-03   2.1656272e-03
   2.9568914e-01   3.4620435e-01   1.4774774e-01   1.0251145e-03  -2.4612279e-03   2.0914251e-03
   2.7791714e-01   3.3736396e-01   1.2371130e-01   1.4745318e-03  -2.9383415e-03   5.6839253e-04
   2.9145987e-01   3.9122340e-01   1.0600946e-01   6.6656052e-04  -3.1427697e-03   3.2545173e-04
   2.8857237e-01   4.0134069e-01   1.4143848e-01   7.9673229e-04  -3.0870513e-03   6.1396326e-04
   2.9734968e-01   3.9761553e-01   1.4662192e-01   6.2916109e-04  -3.0342363e-03   6.6317456e-04
   2.7679063e-01   3.4727814e-01   1.9826918e-02   9.4879611e-04  -2.8862297e-03   2.5518526e-04
   2.7305415e-01   3.7370735e-01   1.2954731e-01   1.7085338e-03  -2.8660785e-03   1.9161499e-04
   2.8710549e-01   4.0867086e-01   1.4735935e-01   1.2332568e-03  -3.0571929e-03   3.0567466e-04
   3.0115402e-01   3.2645802e-01   1.2546880e-01   1.5773105e-03  -2.6266447e-03   7.0834728e-04
   3.1496797e-01   4.5199844e-01   1.4675509e-01   1.0868486e-03  -2.9349926e-03   8.4117995e-04
   3.0899976e-01   3.3053245e-01   1.5061658e-01   1.0821673e-03  -2.7030850e-03   7.3226402e-04
   3.0964778e-01   3.3380409e-01   1.3330836e-01   2.1542500e-03  -2.5545428e-03   9.6800737e-04
   3.1945118e-01   4.1773357e-01   1.5911528e-01   1.2003968e-03  -2.8241289e-03   9.2824379e-04
   3.1832851e-01   3.9928409e-01   1.4940468e-01   9.0870558e-04  -2.7598379e-03   8.7657107e-04
   3.2187787e-01   3.3382181e-01   1.2283980e-01   2.2291831e-03  -2.4703091e-03   1.1018930e-03
   3.4143070e-01   4.1610874e-01   1.2527833e-01   1.9194861e-03  -2.9559258e-03   1.2480816e-03
   3.3657117e-01   3.7032893e-01   1.2502090e-01   1.7802970e-03  -2.7362339e-03   1.3569590e-03
   3.3330047e-01   3.5076368e-01   1.1611112e-01   2.2588183e-03  -2.5516001e-03   1.4060250e-03
   3.4427616e-01   4.1214824e-01   1.4041425e-01   1.8446393e-03  -2.7290457e-03   1.4751260e-03
   3.5334689e-01   3.7528383e-01   1.2075314e-01   1.5743381e-03  -2.6832404e-03   1.2993250e-03
   3.4561380e-01   3.7972979e-01   1.2243192e-01   1.7290917e-03  -2.5455336e-03   1.2121447e-03
   3.3724086e-01   4.2421476e-01   1.3971120e-01   1.7733778e-03  -2.8269479e-03   1.2863356e-03
   3.4515575e-01   3.6892620e-01   1.1512888e-01   9.6842210e-04  -2.7535207e-03   1.0962841e-03
   3.5701136e-01   3.8957397e-01   9.8298967e-02   1.3861834e-03  -2.8046984e-03   1.2463794e-03
   3.5107089e-01   4.0949381e-01   1.4269921e-01   1.2930604e-03  -3.0264928e-03   1.1359960e-03
   3.4265068e-01   4.0214261e-01   1.4466082e-01   1.8930697e-03  -2.9728525e-03   1.1246947e-03
   3.5048627e-01   3.7879858e-01   1.3105858e-01   1.6292682e-03  -2.5573796e-03   1.3122092e-03
   3.2942328e-01   5.9391486e-01   1.7672624e-01   9.4711307e-04  -4.0491398e-03   8.8031748e-04
   2.9397548e-01   2.3922975e-01   8.4812024e-02   3.1123878e-03  -2.6382963e-03   3.2389357e-05
   3.1364172e-01   3.6744089e-01   7.6266541e-02   2.4424854e-03  -2.0634112e-03  -1.5712751e-04
   3.3599055e-01   4.6071884e-01   1.2056971e-01   1.5569641e-03  -2.1604420e-03   1.7469794e-04
   3.2711510e-01   3.4854156e-01   1.0415524e-01   2.1486200e-03  -2.0328898e-03   3.7587594e-04
   3.2983789e-01   4.2573838e-01   1.6103038e-01   2.0801419e-03  -2.1096456e-03   5.2286528e-04
   3.2288083e-01   3.4423275e-01   1.4200642e-01   2.2784409e-03  -1.6263372e-03   4.4265160e-04
   3.2738662e-01   4.3975903e-01   1.7742631e-01   1.0107078e-03  -1.9109194e-03   4.9694233e-04
   3.3517478e-01   3.1468803e-01   1.3412880e-01   2.0648846e-03  -1.7337196e-03   5.1247089e-04
   3.3307542e-01   4.4347432e-01   1.6992933e-01   8.7755914e-04  -1.9092651e-03   9.2635619e-04
   3.2786509e-01   3.0776327e-01   1.2405957e-01   1.7082366e-03  -2.2525985e-03   2.4305453e-04
   3.2930599e-01   4.4223318e-01   1.5324003e-01   1.4718240e-03  -2.1594203e-03   1.5261155e-04
   2.4735244e-01   4.1539756e-01   2.3018819e-01   2.2671102e-03  -3.5949053e-03  -2.1631032e-04
   2.7269201e-01   3.1354165e-01   1.9073756e-01   5.9556695e-03  -3.0815833e-03   2.6601774e-04
   3.3244280e-01   2.7891080e-01   1.4282327e-01   5.4624575e-03  -4.1919284e-03   1.2423383e-03
   3.1976268e-01   2.6717487e-01   1.0488098e-01   2.7593034e-03  -3.9976080e-03   7.8840976e-04
   2.7959154e-01   2.0343300e-01   1.5982158e-01   2.3285459e-03  -3.4079145e-03  -8.0906211e-04
   3.0695904e-01   2.4903632e-01   2.3398651e-01   1.2609516e-03  -3.3762042e-03  -1.0843010e-03
   2.5795321e-01   1.5793673e-01   1.7793514e-01   2.9381157e-03  -2.5777148e-03  -1.9714805e-03
   2.6719995e-01   2.0140757e-01   2.0333236e-01   2.7639342e-03  -2.4889431e-03  -1.8596973e-03
   2.6641557e-01   1.8137236e-01   1.7706279e-01   2.2367939e-03  -1.9738307e-03  -1.7425286e-03
   2.6680034e-01   4.1392625e-02  -1.5089427e-01   1.8099745e-03  -1.9394619e-03  -5.9049274e-05
   2.5771191e-01   2.3290750e-02  -1.8428123e-01   1.1274174e-03  -2.7752506e-03   2.9285135e-04
   3.1352518e-01   2.7094998e-01   1.1280594e-02  -1.6228530e-03  -2.6549420e-03   2.6438671e-04
   3.2563706e-01   2.7460838e-01   4.3245129e-02  -2.9710248e-05  -1.9910827e-03   3.0010642e-04
   3.2225295e-01   3.0252221e-01   5.4163465e-02  -2.0452487e-04  -2.4225705e-03  -6.1675437e-05
   3.2226226e-01   2.5942707e-01   4.8630568e-02   1.4976775e-05  -1.8591012e-03  -1.2939449e-05
   3.1976818e-01   3.0278573e-01   6.8245344e-02  -1.9155363e-04  -2.3439380e-03   1.2116443e-04
   3.2211065e-01   2.9751237e-01   5.8509421e-02  -3.3927692e-04  -2.3518266e-03   9.0287819e-05
   3.2924418e-01   2.7938906e-01   3.3785092e-02  -1.8911692e-04  -2.3688989e-03   1.9424358e-04
   3.3207039e-01   3.5869223e-01   8.4367965e-02  -1.0027963e-05  -2.3402701e-03   3.9395203e-04
   3.2015867e-01   2.5013187e-01  -5.3293536e-02   6.5276454e-05  -2.2081291e-03   3.9058575e-04
   3.1577670e-01   3.1660740e-01  -7.1338910e-02   9.8269699e-04  -2.1446021e-03   4.3563757e-04
   3.2377559e-01   3.7247765e-01   4.6968203e-02  -2.1284914e-04  -2.3033345e-03   5.0720191e-04
   3.2581441e-01   2.5183333e-01  -3.1847700e-02   1.6797269e-03  -2.0934778e-03   1.0393422e-03
   3.3471442e-01   3.6039854e-01  -4.2284712e-02   1.7212960e-03  -2.3521132e-03   1.2987875e-03
   3.4178175e-01   5.3710666e-01   1.0199607e-01   4.3466168e-04  -4.0408977e-03   6.9426613e-04
   3.3645012e-01   3.9789318e-01  -1.4300806e-01   3.8561426e-03  -5.3172757e-03  -1.0749336e-04
   3.0422229e-01   1.8948358e-01  -1.6452766e-01   3.2133892e-03  -3.9946720e-03  -4.0562524e-06
   3.1722656e-01   2.1274011e-01   3.1336615e-02  -5.8670076e-04  -4.5354141e-03  -1.6061500e-04
   3.2963086e-01   4.0528506e-01   1.5774857e-01  -2.6822793e-03  -4.0025160e-03  -3.7306052e-05
   3.5652546e-01   5.4231755e-01   1.9497378e-01  -3.4238929e-03  -3.9672635e-03   4.9336821e-04
   3.5298621e-01   4.4958841e-01   1.9432690e-01  -3.1171907e-03  -3.2430563e-03   5.7547544e-04
   3.5844999e-01   5.1206234e-01   2.3048893e-01  -3.6795077e-03  -2.8040280e-03   8.6603568e-04
   3.6145478e-01   4.7933689e-01   2.5821677e-01  -4.2183379e-03  -2.8044738e-03   9.0601512e-04
   3.6331818e-01   4.1617182e-01  -6.2400974e-02  -4.5313485e-03  -2.5805240e-03   7.7023803e-04
   3.8663367e-01   5.2989555e-01   4.0337569e-01  -3.9858176e-03  -2.3926298e-03   1.1262280e-03
   3.8166328e-01   6.0080008e-01   4.4641332e-01  -4.5992380e-03  -2.6455755e-03   6.4438472e-04
   3.8685345e-01   5.8159062e-01   4.4921201e-01  -4.3376467e-03  -2.3108876e-03   5.7833303e-04
   3.9552515e-01   5.5752763e-01   4.5413776e-01  -4.0666101e-03  -1.9585629e-03   6.9114221e-04
   3.9238243e-01   6.0295782e-01   4.8747402e-01  -4.0957907e-03  -2.0074075e-03   9.1126939e-04
   3.8392482e-01   5.8313818e-01   4.6780742e-01  -4.3546482e-03  -2.0293121e-03   8.0171576e-04
   3.8271975e-01   5.5888925e-01   4.6192513e-01  -3.4318976e-03  -1.9191129e-03   8.4200917e-04
   3.9490504e-01   6.7412491e-01   4.9065241e-01  -5.1437985e-03  -2.1640704e-03   1.4597954e-03
   3.7265593e-01   6.1441978e-01   4.8025992e-01  -4.7238092e-03  -3.1547402e-03   2.0310564e-04
   3.4688565e-01   7.1825546e-01   4.8946582e-01  -4.4913534e-03  -2.8351019e-03   2.9410531e-04
   3.4834425e-01   5.9957944e-01   4.7465890e-01  -4.8924969e-03  -2.2358739e-03   3.0874401e-04
   3.6285573e-01   5.6327612e-01   4.8604761e-01  -3.2540422e-03  -2.1194029e-03   8.1339338e-04
   3.6341152e-01   5.9513279e-01   4.8499672e-01  -2.9180343e-03  -2.2743087e-03   4.7772921e-04
   3.5422671e-01   6.4255554e-01   4.7245310e-01  -4.2070895e-03  -2.6153437e-03  -5.7590234e-05
   3.5231469e-01   6.6085051e-01   5.1874532e-01  -5.2467108e-03  -2.4394670e-03   9.9199037e-05
   3.6029619e-01   6.2744239e-01   4.9379975e-01  -5.0097845e-03  -2.6132910e-03   2.5252314e-04
   3.4573365e-01   5.7301581e-01   5.0433153e-01  -2.3203303e-03  -2.2205691e-03   6.2513717e-04
   3.5572799e-01   7.3419972e-01   4.7569452e-01  -2.8737541e-03  -2.7508266e-03   2.6684503e-04
   3.2298419e-01   5.9175629e-01   3.3518625e-01  -8.7318155e-04  -3.5192151e-03   1.7127921e-04
   3.1254687e-01   4.5909681e-01   2.7593249e-01   8.4395769e-04  -3.9675300e-03  -2.2417100e-04
   3.1892105e-01   5.1697613e-01   3.4885847e-01  -1.7550529e-03  -3.8024468e-03  -6.8224797e-04
   3.2811568e-01   6.4280416e-01   4.2333752e-01  -1.6808510e-03  -3.1940508e-03  -1.8590260e-04
   3.3055134e-01   5.0886874e-01   4.0133980e-01  -1.7229055e-03  -2.9911397e-03  -1.1973788e-04
   3.4488361e-01   5.8177115e-01   4.1763459e-01  -1.2866400e-03  -2.8347621e-03   1.0130724e-04
   3.4654746e-01   5.5518665e-01   4.1678392e-01  -2.3117332e-03  -2.5195576e-03  -3.2266875e-05
   3.5298387e-01   5.6348083e-01   4.3751076e-01  -1.3493367e-03  -2.4691453e-03   2.8548861e-04
   3.4733507e-01   6.5599877e-01   4.5190532e-01  -2.8895100e-03  -2.3345723e-03   4.6705346e-04
   3.5839990e-01   5.7327738e-01   4.2476615e-01  -2.6107363e-03  -2.1613886e-03   5.7219660e-04
   3.5667318e-01   5.6919276e-01   4.5830657e-01  -1.5541359e-03  -1.9248108e-03   9.9732094e-04
   3.5576112e-01   6.2620638e-01   4.4573662e-01  -2.1345228e-03  -2.2869936e-03   8.3758551e-04
   3.5259681e-01   5.8727744e-01   4.1972426e-01  -2.1424181e-03  -1.9950561e-03   4.8006526e-04
   3.2732918e-01   7.7684433e-01   5.0441967e-01  -3.2377547e-03  -2.0757947e-03   2.9054821e-04
   3.3968104e-01   5.1516678e-01   4.2588337e-01  -1.9848948e-03  -1.1252942e-03   2.4105278e-04
   3.5447199e-01   6.3261442e-01   4.8425314e-01  -2.4754590e-03  -1.2177959e-03   5.3965049e-04
   3.5709426e-01   6.0368192e-01   4.5023204e-01  -2.8434946e-03  -1.1647328e-03   5.7894549e-04
   3.5365229e-01   5.3738549e-01   4.6567472e-01  -1.4123408e-03  -9.9528909e-04   9.5456089e-04
   3.4786244e-01   6.6624267e-01   4.6928160e-01  -3.0270003e-03  -1.7001293e-03   3.1902711e-04
   3.4462885e-01   5.8644064e-01   4.5499304e-01  -1.6751271e-03  -1.8713990e-03  -1.3250133e-05
   3.3908157e-01   7.0071770e-01   4.8571289e-01  -2.6630711e-03  -1.9663238e-03   3.4484076e-05
   3.3884938e-01   5.9985828e-01   4.5935791e-01  -2.0298779e-03  -1.4963740e-03  -1.9961760e-04
   3.4623578e-01   6.6083859e-01   4.8225772e-01  -1.7870003e-03  -1.2052925e-03   4.1969003e-04
   3.4198111e-01   6.7564781e-01   4.1868137e-01  -4.1126861e-04  -2.3689731e-03   1.2569168e-04
   3.0905302e-01   3.7815483e-01   1.6716266e-03   2.5608813e-03  -3.6739614e-03  -1.3472535e-04
   2.4522006e-01   1.8158963e-01  -3.0685442e-01   1.5608947e-03  -2.6022341e-03   3.3970707e-04
   3.2324827e-01   3.8491275e-01  -6.0771455e-02  -4.3477867e-03  -2.6214916e-03   7.9474307e-04
   3.4112413e-01   4.5230384e-01  -2.0490755e-02  -1.5637223e-03  -1.6481382e-03   8.5972093e-04
   3.5353351e-01   4.9321007e-01   3.0832196e-02  -1.6389961e-03  -2.1435275e-03   6.3167414e-04
   3.4610414e-01   4.3294708e-01   1.1271086e-02  -1.8700569e-03  -1.5097331e-03   3.5892265e-04
   3.4947915e-01   4.9744607e-01   7.4286865e-02  -1.6121421e-03  -1.7519239e-03   2.3279505e-04
   3.6579013e-01   4.6978606e-01   7.0535290e-02  -1.1969055e-03  -1.7846472e-03   4.9146350e-04
   3.5069143e-01   4.6189904e-01   4.5960986e-02  -1.5814682e-03  -1.9338469e-03  -2.8604810e-05
   3.6188765e-01   5.4795387e-01   5.6916160e-02  -2.3756029e-03  -1.8278506e-03   8.5680976e-05
   3.6299931e-01   4.9531087e-01   3.2910449e-02  -2.2575246e-03  -1.2502464e-03   4.5866552e-04
   3.7033688e-01   5.1611957e-01   8.5179270e-02  -1.3152296e-03  -9.1746299e-04   8.8472114e-04
   3.7187470e-01   5.6904946e-01   1.1447877e-01  -2.6421826e-03  -6.0071215e-04   1.1545164e-03
   3.7489989e-01   4.7574739e-01   7.6412536e-02  -2.0265815e-03  -4.8003239e-04   1.2163853e-03
   3.7939150e-01   5.2846567e-01   9.3040375e-02  -2.3209573e-03  -3.7668621e-04   1.1953169e-03
   3.8446623e-01   5.3251740e-01   1.0351604e-01  -2.8258663e-03  -7.2444052e-04   1.1527892e-03
   3.9529864e-01   4.9924748e-01   8.1614596e-02  -2.4271269e-03  -9.7582977e-04   1.2667017e-03
   3.8323624e-01   5.6945346e-01   1.2916691e-01  -2.6733504e-03  -9.9588380e-04   1.3720463e-03
   3.9731204e-01   5.4241528e-01   1.6986581e-01  -2.3620392e-03  -1.0225827e-03   1.7774129e-03
   3.9548277e-01   5.0481552e-01   1.4941324e-01  -1.6572161e-03  -6.6120397e-04   1.9400615e-03
   4.0341236e-01   5.4123019e-01   1.6404518e-01  -1.6899788e-03  -6.2251088e-04   1.9892718e-03
   4.1006699e-01   5.7501879e-01   1.8382682e-01  -2.2705175e-03  -9.8254674e-04   1.8519009e-03
   4.0499997e-01   5.3496541e-01   2.5157712e-01  -1.8289884e-03  -7.0621292e-04   1.8687498e-03
   4.0764066e-01   6.0982643e-01   2.9511159e-01  -2.1633623e-03  -1.1312123e-03   1.6290090e-03
   4.0713233e-01   5.8615727e-01   2.6475127e-01  -3.0186871e-03  -1.0290703e-03   1.3714425e-03
   4.1735946e-01   5.6464499e-01   2.3645412e-01  -1.7967696e-03  -1.1353128e-03   1.4970267e-03
   4.2227274e-01   6.0477441e-01   2.5928582e-01  -1.6496532e-03  -1.1744690e-03   1.6686987e-03
   4.1333355e-01   6.5812959e-01   8.4456508e-02  -1.4311767e-03  -2.5713125e-03   8.2023034e-04
   3.4389846e-01   4.8116652e-01  -1.1929758e-01  -2.0058055e-03  -5.9364213e-03  -1.5039517e-03
   2.7988475e-01   4.2366488e-02  -3.2594895e-01  -2.1824211e-03  -7.2072425e-03   8.1610787e-04
   2.5723297e-01   3.6638003e-01   1.1764753e-01  -1.3349668e-02  -9.0820699e-03  -1.7907892e-03
   2.8203912e-01   6.0742989e-01   2.2281368e-01  -1.2293670e-02  -6.6454118e-03  -2.0576792e-03
   3.1300281e-01   7.9316577e-01   3.4555995e-01  -1.2803499e-02  -6.2544873e-03  -1.6645949e-03
   3.1288353e-01   6.9651383e-01   3.5832779e-01  -1.2199441e-02  -4.7269774e-03  -1.2135186e-03
   3.2322930e-01   7.0031573e-01   4.5231367e-01  -1.1319901e-02  -5.2528685e-03  -7.0669373e-04
   3.2849986e-01   6.9464613e-01   3.6330042e-01  -1.1517549e-02  -3.9590865e-03  -1.0908080e-03
   3.5342927e-01   7.8076932e-01   3.9107888e-01  -1.1110281e-02  -3.7283767e-03  -6.9023050e-04
   3.6617451e-01   7.0883592e-01   3.5187581e-01  -1.1586452e-02  -3.5597199e-03  -4.8465803e-04
   3.6965496e-01   6.4799352e-01   2.2654229e-01  -1.0544757e-02  -3.5896997e-03  -1.8019436e-04
   3.3384665e-01   6.0592295e-01  -5.2867647e-02  -1.2146387e-02  -3.8222881e-03  -2.9647233e-04
   3.4609497e-01   6.4819573e-01  -2.1762205e-01  -1.0466932e-02  -3.5015548e-03  -1.2820712e-04
   3.4961819e-01   6.4954717e-01  -1.4958878e-01  -1.0930040e-02  -2.7280010e-03  -3.8314450e-04
   3.3227689e-01   6.2889679e-01  -1.8993036e-01  -1.0600566e-02  -1.9965271e-03  -6.4971686e-04
   3.4696514e-01   6.8473812e-01  -5.6053526e-02  -1.0440091e-02  -2.0697105e-03  -5.7151907e-04
   3.6516579e-01   7.0350030e-01  -3.9272763e-02  -1.1980145e-02  -1.5422396e-03  -2.4944046e-04
   3.5840627e-01   6.2678220e-01  -4.7136173e-02  -1.0883263e-02  -1.0002697e-03  -1.1308567e-04
   3.5482711e-01   7.1460474e-01  -2.9737160e-03  -1.0712306e-02  -1.3996030e-03   8.0635938e-05
   3.6360030e-01   7.3092152e-01  -2.1173808e-02  -1.1688056e-02  -1.4683624e-03   4.3333492e-04
   3.4254146e-01   6.9619703e-01  -2.1318672e-02  -9.6620468e-03  -1.1598791e-03   3.1154818e-04
   3.4331260e-01   6.1659722e-01  -6.8367986e-02  -1.0106402e-02  -1.0008790e-03  -1.9600724e-05
   3.3434115e-01   7.2169652e-01   9.1325744e-02  -8.5125881e-03  -1.9636649e-03  -4.0676928e-04
   3.3765296e-01   6.4634724e-01   5.0946629e-02  -8.9483419e-03  -2.0879912e-03  -9.1061745e-04
   3.4404906e-01   7.4844309e-01   5.0751641e-02  -1.0522723e-02  -2.0206650e-03  -8.3978554e-04
   3.3873511e-01   6.7660572e-01   5.0232998e-02  -8.8726367e-03  -1.4558382e-03  -5.1951551e-04
   3.4936587e-01   7.9837019e-01  -9.1092908e-03  -8.1597775e-03  -1.7937503e-03  -5.2238635e-04
   3.0517164e-01   5.0447058e-01  -1.4737324e-01  -2.6092330e-03  -3.0415449e-03  -6.0902539e-04
   2.4753017e-01   4.0193215e-01  -2.9600650e-01  -1.1000681e-03  -3.0081858e-03  -1.2803909e-03
   2.8565975e-01   4.7256771e-01  -1.4107362e-01  -6.7007680e-03  -1.7683769e-03  -2.2846655e-03
   3.1462203e-01   6.1310499e-01  -7.1946373e-02  -6.2630051e-03  -2.7926133e-04  -1.3120338e-03
   3.3334826e-01   6.0985083e-01  -8.0713846e-02  -6.8433410e-03  -1.1430218e-04  -8.7513909e-04
   3.3207175e-01   5.9229010e-01  -6.6200450e-02  -6.3338613e-03  -4.9136876e-04  -7.3338946e-04
   3.4116584e-01   5.6246108e-01  -5.8244149e-02  -5.9154304e-03   2.8961860e-04  -2.4751653e-04
   3.4377046e-01   5.1144060e-01  -9.2599675e-02  -5.1639251e-03   7.1308610e-04  -2.0940267e-04
   3.3852427e-01   6.3794538e-01  -1.1146657e-01  -6.6620614e-03   5.5891804e-04  -6.7569575e-04
   3.4176249e-01   5.8926616e-01  -1.1119181e-01  -6.1420901e-03   7.6906345e-04  -1.5886129e-04
   3.3060708e-01   6.5425379e-01  -5.8568874e-02  -6.8609921e-03   1.0006620e-03   3.5068604e-04
   3.3030187e-01   6.7825482e-01  -8.6094130e-02  -7.2289653e-03   5.5572449e-04   2.4178566e-04
   3.0929811e-01   6.7624369e-01  -2.0024273e-01  -5.3607811e-03   1.0433516e-05   2.3170463e-04
   2.6940603e-01   6.3266251e-01   9.6543785e-02  -8.2643970e-03  -6.5324550e-04  -2.6471082e-04
   2.8269653e-01   7.5248821e-01   7.8318527e-02  -7.5201843e-03  -1.5222053e-04  -3.8225751e-04
   2.9808587e-01   7.7767876e-01   1.1811782e-01  -7.7587903e-03  -3.1380338e-04   5.5065588e-05
   2.9223975e-01   7.2006853e-01   1.2952009e-01  -7.0411803e-03  -2.1437779e-06   3.2672674e-05
   2.9682109e-01   8.1260313e-01   1.7959814e-01  -7.7995293e-03  -8.7209501e-06   1.5245654e-04
   2.9044134e-01   6.9135341e-01   2.0002517e-01  -5.5854447e-03   2.2950371e-04   5.4084644e-04
   2.7561664e-01   7.7276280e-01   9.7418215e-02  -4.5421392e-03  -2.2363824e-03   9.7060404e-05
   2.4338131e-01   3.2066467e-01   8.5722430e-03   1.7049535e-03  -4.3053261e-03   4.9484190e-04
   1.1203553e-01   4.3745581e-01  -1.4881174e-01  -4.1063696e-03  -6.0663433e-03  -3.9726243e-03
   1.0950101e-01   5.9156441e-01   5.3406888e-02  -4.8699621e-03  -6.1926868e-03  -5.4448464e-03
   1.3162229e-01   7.2218652e-01   1.0072278e-01  -6.3351045e-03  -6.5151748e-03  -5.5423550e-03
   1.5075770e-01   8.2240189e-01   1.4721887e-01  -6.7595510e-03  -4.8648528e-03  -4.6560676e-03
   1.6755501e-01   8.2600066e-01   2.0110168e-01  -8.2356866e-03  -4.2833485e-03  -4.4591556e-03
   1.8556535e-01   7.8483045e-01   1.8308527e-01  -8.4681099e-03  -3.6792970e-03  -4.1355977e-03
   6.5375945e-02   8.7888759e-01   3.7062779e-01  -7.5492272e-03  -5.1104415e-03  -4.7477998e-03
   2.8267938e-02   8.9982328e-01   3.8669764e-01  -6.5836680e-03  -5.3205242e-03  -4.3581552e-03
   4.7212239e-02   8.0466906e-01   2.1666420e-01  -6.4654000e-03  -4.2172435e-03  -4.1382487e-03
   6.9268451e-02   8.9386695e-01   1.7731128e-01  -5.7419469e-03  -3.9337194e-03  -3.9623997e-03
   1.0203748e-01   8.9884151e-01   1.7677433e-01  -5.7739556e-03  -3.8117208e-03  -3.2812703e-03
   1.0788638e-01   8.4070557e-01   2.0787302e-01  -5.5754583e-03  -3.6086877e-03  -3.0854129e-03
   1.0908177e-01   9.4238068e-01   2.6214912e-01  -6.8964651e-03  -3.5390351e-03  -2.8963791e-03
   9.5896173e-02   8.5777803e-01   2.3584966e-01  -7.0481112e-03  -3.5364867e-03  -3.1284485e-03
