   0.0000000e+00   0.0000000e+00   0.0000000e+00   0.0000000e+00   0.0000000e+00   0.0000000e+00
   7.6097945e-03   2.3864269e-02   6.1284046e-02  -1.0436576e-04  -2.8036194e-04  -1.3425734e-04
   4.0991902e-03  -2.8709697e-03   5.8753490e-02   4.7544080e-04  -5.5527034e-05  -1.8305349e-04
   9.2292074e-03   2.9172714e-02   5.6618070e-02   3.4149767e-04   2.8103533e-04  -8.2829549e-06
   3.3191544e-02   3.0939654e-02   9.1011212e-02   2.6229972e-04   2.4097399e-04   5.2551760e-04
   2.0518998e-02  -2.9963398e-02   7.1600589e-02   1.6060226e-03   3.4644969e-04   2.6997561e-04
   3.9336481e-02   6.7832405e-02   5.4189312e-02  -4.0539366e-05   2.9972479e-04   3.4656571e-04
   2.3624169e-02  -5.5450593e-03   6.2693482e-02   8.5177608e-04   3.9313178e-04   1.5057014e-04
   3.4849440e-02   7.7118138e-02   8.7626789e-02  -2.1535054e-06   2.7615028e-04   3.8434318e-04
   3.3902435e-02   5.0247420e-02   9.6629456e-02  -6.3832090e-05   3.3545908e-04   4.4388682e-04
   3.6644058e-02  -9.3671181e-03   9.7650953e-02   1.1365494e-03   3.9419033e-04   7.5696179e-04
   4.4874565e-02   7.3652267e-02   1.0255414e-01   5.1558525e-04   5.0213628e-04   6.3771202e-04
   3.7642950e-02   5.3912277e-02   5.3235392e-02  -2.6663598e-04   2.6614548e-04   4.2541301e-04
   3.4443945e-02   1.1875262e-02  -5.9748624e-03  -1.2353403e-04   6.6921281e-04   5.9181421e-04
   3.3501826e-02   6.9932505e-02   9.0887390e-03   6.8712668e-04   6.8757375e-04   5.5171501e-04
   3.3875411e-02   7.3155976e-02   1.7886667e-02   1.6562018e-04   7.0117995e-04   6.1296776e-04
   2.4536411e-02  -6.5162124e-03   9.0341861e-03   1.4896404e-03   8.3159652e-04   5.4733372e-04
   3.1940964e-02   1.1468124e-01   1.6641799e-02   1.3491107e-04   8.5657895e-04   7.2264670e-04
   2.3671763e-02   4.3886362e-02   8.7105520e-03   8.6754910e-04   1.0731548e-03   7.4401382e-04
   3.3254642e-02   1.0859663e-01   3.3772466e-02  -5.7121044e-05   9.5378959e-04   7.4994874e-04
   3.8672346e-02   6.7105406e-02   1.5009675e-02   2.5194187e-04   7.0662638e-04   6.1419415e-04
   3.5358501e-02   5.7752280e-02   2.2405802e-02   8.8866030e-04   9.6318530e-04   5.1545673e-04
   5.3080983e-02   1.7735985e-01   4.2658459e-02   2.7172766e-03   1.0545285e-03   1.1225452e-03
   6.3540888e-02   1.5782190e-01   1.5234384e-02   2.6544270e-03   6.5870724e-04   1.1757608e-03
   2.4633641e-02   7.5813911e-02  -4.9279259e-02   3.6720487e-03  -8.0163370e-05   3.2710397e-04
   1.9514739e-02   5.6959033e-02  -3.5702697e-02   2.2951212e-03   1.0594545e-04   3.3638311e-04
   1.2088333e-02   3.2752112e-02  -3.2165371e-02   3.3590083e-03   3.0287862e-04   4.5805577e-04
   1.9702774e-02   2.2630904e-01   1.2234823e-02   1.6833798e-03  -7.3152358e-04   2.6174432e-04
  -1.4262803e-02  -6.8371056e-02   1.4365779e-02   3.8890611e-03   1.0903420e-04   4.4357146e-05
  -1.5359551e-02  -5.1392254e-03  -2.8542217e-01   2.7868565e-03   4.1521302e-04  -3.4287922e-04
  -9.8139916e-03  -8.5944361e-02  -4.4280582e-01   4.8088960e-03   4.2809342e-04  -7.7572166e-04
  -1.3738429e-02  -7.8922545e-02  -4.6578303e-01   5.3459116e-03   4.8640230e-04  -1.0372642e-03
  -2.9746221e-02  -1.9901354e-02  -4.3895930e-01   3.8662399e-03   8.6395947e-04  -1.3713709e-03
  -4.4398234e-02  -8.5080227e-02  -4.7196434e-01   3.6680942e-03   1.2204478e-03  -1.8644653e-03
  -3.6079886e-02  -3.9006840e-02  -4.7408169e-01   2.8656793e-03   7.5772911e-04  -2.0528381e-03
  -2.5524901e-02   1.1298775e-02  -4.2120909e-01   3.1763955e-03   5.8720664e-04  -1.6443525e-03
  -4.0032992e-02  -9.4354009e-02  -4.5306135e-01   3.8896303e-03   3.0044864e-04  -1.9608568e-03
  -3.5877071e-02  -1.9888766e-02  -4.5728593e-01   3.7299777e-03   2.3249504e-04  -2.1819901e-03
  -2.4064081e-02   4.6291816e-02  -4.0030290e-01   3.2066471e-03   1.1290116e-04  -1.7936570e-03
  -2.0315531e-02  -3.1924773e-02  -4.2755392e-01   3.3856478e-03   8.9932118e-05  -1.6358036e-03
  -2.3936440e-02   7.8606942e-03  -4.2589954e-01   3.6528133e-03   2.8892390e-04  -1.5705809e-03
  -2.4992293e-02   1.9164405e-02  -4.1262360e-01   3.1656424e-03   3.5186476e-04  -1.2548713e-03
  -2.2899080e-02  -5.8425152e-02  -5.1986265e-01   3.7233874e-03   3.3954459e-04  -1.0161315e-03
  -3.2671266e-02  -1.4444359e-02  -4.5065552e-01   3.8298619e-03   4.4507534e-04  -1.3936856e-03
  -1.8986657e-03   1.9037306e-01  -3.5303507e-01   1.6020618e-03  -3.8776783e-04  -1.1502550e-03
  -4.4374678e-02  -1.8401053e-03  -4.0127740e-01   3.6601120e-03   1.6792125e-04  -1.1843101e-03
  -3.8518352e-02  -6.2230988e-03  -3.6554132e-01   3.4561823e-03   4.1742902e-04  -8.2176605e-04
  -5.9826785e-02  -1.6991322e-01  -3.9382311e-01   4.7428542e-03   4.9936400e-04  -1.3987362e-03
   2.4704230e-02  -1.1524525e-02  -2.9378224e-01   3.6580016e-03  -6.7684543e-05   4.0524748e-04
   3.8997884e-02  -4.4134220e-02  -1.5797222e-01   3.5419667e-03  -1.4524669e-04   6.4419746e-04
   6.9412341e-02   3.0043775e-02  -1.1104618e-01   2.8969661e-03   4.7050397e-05   6.6586760e-04
   5.8180970e-02   4.7632800e-02  -4.7929837e-02   2.3100320e-03  -2.4083115e-05   4.1767285e-04
   5.4697524e-02  -4.4781068e-02  -4.2100967e-02   1.9935331e-03  -1.9711223e-04   3.8897695e-04
   5.3876509e-02   1.0009271e-01  -3.7283025e-02   1.5145068e-03  -9.7192463e-04   2.3797813e-04
   3.6022496e-02  -4.8498084e-02  -4.4916371e-02   3.3257134e-03  -4.9250440e-04  -4.7729903e-05
   4.1962347e-02   4.8735617e-02  -2.6246576e-02   1.8178895e-03  -4.7446031e-04   1.5564644e-04
   1.9638342e-02   2.5754595e-02  -1.7922257e-02   2.4328090e-03  -6.4998643e-04  -3.0954659e-04
   2.0424149e-02   1.1397645e-01   3.1040312e-03   1.5758983e-03  -8.5313607e-04  -2.5863094e-04
   4.6080332e-02   1.1924356e-02   1.1739066e-02   1.1549850e-03  -1.4964138e-03   5.0594971e-04
   6.0664033e-02   4.5136621e-02  -4.7232719e-03   2.3261043e-03  -1.3235760e-03   1.0009697e-03
   5.9031808e-02   1.1625803e-01   2.1304254e-02   2.2500070e-03  -1.5035245e-03   7.0990899e-04
   3.5872247e-02   4.0731962e-02  -2.2289829e-02   2.4213724e-03  -1.3429931e-03   1.7432400e-04
   4.6116596e-02   1.3183918e-01  -2.8143772e-02   1.7910565e-03  -1.3634349e-03   4.5423426e-04
   6.0270170e-02   2.6092164e-01   3.4609138e-02   2.8364185e-03  -1.2187825e-03   8.4476618e-04
   4.7000301e-02   2.2144819e-02  -1.1571778e-02   3.8268166e-03  -1.5441235e-03   7.4588757e-04
   4.5249064e-02   7.6663901e-02  -1.1534975e-02   3.2885949e-03  -1.7327429e-03   2.6779404e-04
   5.2261905e-02   2.1057131e-01   3.2749813e-02   2.0962376e-03  -2.4474424e-03   3.2938441e-04
   5.2479399e-02   1.1564760e-01   2.2236037e-03   2.6497309e-03  -2.0808583e-03   5.0002956e-04
   5.9627181e-02   1.5259049e-01   3.3874272e-02   2.6274093e-03  -2.0637911e-03   8.3355431e-04
   5.6782733e-02   1.4920866e-01   5.1441992e-02   2.5064398e-03  -2.4745798e-03   7.1941063e-04
   3.9258377e-02   1.1167483e-01   2.9146979e-02   3.4237194e-03  -1.9910854e-03   5.9778813e-04
   3.6582967e-02   1.8198364e-01   5.1853840e-02   1.9704828e-03  -2.1700115e-03   4.9967277e-04
   3.5589185e-02   1.4520747e-01   3.8071287e-02   2.2598590e-03  -2.0838546e-03   5.5547727e-04
   3.0046466e-02   1.2193343e-01   1.5745847e-02   2.9678095e-03  -2.0173851e-03   4.3976956e-04
   2.9822842e-02   1.9803557e-01   5.8481238e-02   2.5049489e-03  -2.0817528e-03   5.0308246e-04
   3.9731557e-02   2.4410283e-01   7.9999676e-02   1.7870738e-03  -1.8786374e-03   3.0084819e-04
   1.9697176e-02   1.1743080e-01   6.0575998e-02   3.8054428e-03  -1.5655522e-03   2.0291301e-04
   2.1558417e-02   1.5932451e-01   6.3411855e-02   2.7088853e-03  -1.6478832e-03   2.9690928e-04
   1.5233263e-02   6.3169787e-02  -1.4881588e-03   3.8579057e-03  -1.8201746e-03   1.3309224e-04
   3.1290437e-02   1.5883451e-01   4.8687920e-02   2.6097581e-03  -2.7323356e-03  -4.1012730e-06
   3.1473764e-02   1.9998683e-01   9.8567614e-02   2.5150072e-03  -2.8857251e-03   4.1027652e-04
   2.4126049e-02   1.8781750e-01   7.6153268e-02   2.7011183e-03  -3.3073141e-03   2.4956049e-04
   5.2267975e-03   2.5518931e-01   8.1159097e-02   2.8323076e-03  -3.5688244e-03  -9.3607347e-05
  -5.8049027e-04   1.0841094e-01   1.0915096e-01   3.4698010e-03  -3.5187517e-03  -4.7277568e-04
   1.2072458e-02   1.2638196e-01   9.3265105e-02   3.6266354e-03  -2.9277890e-03  -6.9618552e-04
   5.9078771e-03   1.4026794e-01   7.2989552e-02   4.0522478e-03  -2.4643021e-03  -4.0279856e-04
   9.0926675e-03   1.2716897e-01   4.4749750e-02   3.4099395e-03  -1.9725721e-03  -2.9127614e-04
   1.9777790e-02   1.1623290e-01   7.1237166e-02   5.2895125e-03  -1.8728393e-03  -2.5610937e-04
   3.3162097e-02   1.9991687e-01   9.8700107e-02   4.6143160e-03  -2.0760007e-03   1.3542835e-04
   3.8939588e-02   1.2034226e-01   7.8523438e-02   5.1834889e-03  -2.3944141e-03   2.1235453e-04
   5.1432433e-02   1.8845197e-01  -2.3521811e-02   5.9081127e-03  -4.2063291e-03  -9.3398480e-04
   7.7555226e-03  -2.5908384e-01  -2.0241882e-01   7.9654501e-03  -4.9423773e-03  -7.9237079e-04
  -6.7800329e-02  -3.0007693e-01  -4.7929751e-01   6.8669308e-03  -5.1160583e-03  -1.1653063e-03
  -5.0791412e-02  -1.4021639e-01  -2.3409773e-01   4.9361704e-03  -5.9335753e-03  -2.0957484e-03
  -1.5262919e-02   8.0664074e-02  -1.6148482e-01   3.7780554e-03  -5.6150967e-03  -2.1225517e-03
  -2.7056358e-02   2.6565965e-02  -1.3470017e-01   5.8042378e-03  -4.6378283e-03  -2.0915753e-03
  -5.3547343e-02  -2.1191418e-02  -1.4505193e-01   6.0321526e-03  -4.5376150e-03  -2.5354566e-03
  -4.1524835e-02   1.1258820e-01  -1.2689959e-01   3.7073157e-03  -4.7440549e-03  -2.6052120e-03
  -3.4175476e-02   3.8683874e-02  -1.1943704e-01   4.5007554e-03  -4.7387581e-03  -2.6335210e-03
  -3.4663860e-02   1.4158967e-01  -7.2671089e-02   4.2142881e-03  -4.6617214e-03  -2.5862297e-03
  -2.0796410e-02   1.1611069e-01  -7.4398500e-02   4.9982902e-03  -4.7980378e-03  -2.2381144e-03
  -3.5854582e-02   2.4148559e-01  -3.3513899e-02   4.4357455e-03  -4.8626264e-03  -2.1294996e-03
  -3.9011311e-02   7.8375858e-03  -8.5417750e-02   5.4523691e-03  -4.0993743e-03  -2.1231626e-03
  -2.3028485e-02   1.7304326e-01  -7.1892218e-02   4.8417901e-03  -4.1739522e-03  -1.9593613e-03
  -1.7797545e-02   4.5063960e-02  -6.6108144e-02   5.7820194e-03  -4.0283223e-03  -1.6058274e-03
  -2.2735669e-02   1.3736590e-01  -3.0396730e-02   5.7245854e-03  -4.0186116e-03  -1.6612073e-03
  -1.8761972e-02   1.1448327e-01  -3.1800658e-02   4.7898362e-03  -4.1756555e-03  -1.8023114e-03
  -1.5377956e-02   9.8459071e-02  -2.8145719e-02   5.8219116e-03  -4.3428896e-03  -1.8493782e-03
  -8.5781527e-03   1.7555342e-01   1.5480544e-02   4.3694177e-03  -4.5369420e-03  -2.2485131e-03
  -3.7964704e-03   1.5175780e-01  -1.4553176e-02   4.5815389e-03  -4.6472465e-03  -2.5839638e-03
  -1.3334949e-02   1.1770042e-01  -3.2670375e-02   5.0665452e-03  -4.4602452e-03  -3.2558193e-03
  -1.2978059e-02   7.8242844e-02   2.4350461e-03   4.7996170e-03  -4.8445510e-03  -3.2860527e-03
  -4.1924136e-03   2.1283267e-01  -9.8174573e-03   3.2484927e-03  -4.6948028e-03  -2.7666720e-03
  -1.8591266e-02   9.6043452e-02  -3.5957961e-02   4.0510528e-03  -4.3697580e-03  -2.6824653e-03
  -2.6455553e-02   1.8001447e-01   3.7742432e-03   3.9240798e-03  -4.2499155e-03  -2.6068168e-03
  -3.6367228e-02   1.5809246e-01   5.4928417e-03   2.9470240e-03  -4.3105145e-03  -2.5084274e-03
  -4.2752855e-02   1.3297444e-01   4.6714882e-03   3.7752951e-03  -4.0635131e-03  -2.4283411e-03
  -5.0771221e-02   2.0630308e-01   5.4495344e-02   3.6454091e-03  -3.9264903e-03  -2.3079191e-03
  -4.9625553e-02   9.0546809e-02   1.6267176e-02   4.4901422e-03  -3.7433828e-03  -2.3644731e-03
  -5.8803453e-02   1.9045789e-01   4.2525357e-02   4.4751018e-03  -3.8883912e-03  -2.2988712e-03
  -5.4041782e-02   1.2733650e-01   4.4742052e-02   4.1632516e-03  -3.6894908e-03  -2.2386942e-03
  -1.0701521e-01   7.5460513e-02   3.6313602e-02   5.0026929e-03  -4.5691847e-03  -3.9310354e-03
  -7.9497386e-02   2.0316109e-01   4.2888457e-02   3.8152628e-03  -5.2108402e-03  -3.5455133e-03
  -6.5559678e-02   1.5305666e-01  -1.7160235e-02   7.0609056e-03  -4.8214182e-03  -2.9234776e-03
  -1.0816860e-01   2.4989828e-02  -2.2544991e-01   6.9923657e-03  -5.8588191e-03  -5.3799097e-03
  -1.6624106e-01  -3.6069083e-01  -2.2148075e-01   7.6905805e-03  -7.0398382e-03  -7.9154976e-03
  -6.5580698e-02  -1.4217080e-01  -2.6038471e-01  -2.9695400e-03  -7.7700719e-03  -5.1675617e-03
  -6.9932883e-02  -6.4349986e-02  -7.4705562e-02  -1.6317071e-04  -5.1678047e-03  -4.3447732e-03
  -8.2876561e-02   1.2245281e-01   3.8010733e-03  -3.6729681e-04  -4.8467410e-03  -3.7068501e-03
  -9.6259041e-02   1.4331139e-02  -7.4010629e-03   6.4807960e-04  -4.1684600e-03  -3.6922261e-03
  -1.1009230e-01   1.6127122e-01   1.0941665e-02   1.4220693e-04  -4.7396995e-03  -3.8200515e-03
  -9.3497305e-02   4.1188403e-02   3.7141875e-03   1.5865036e-03  -4.9789925e-03  -3.5857589e-03
  -1.1438691e-01   6.9603341e-02   1.5332008e-02   1.8881909e-03  -4.6554889e-03  -3.6032725e-03
  -9.3651567e-02   1.5513356e-01  -2.2008022e-03   3.8722764e-04  -4.3377565e-03  -2.8784688e-03
  -7.8857402e-02   1.1460568e-01  -7.6637689e-03   1.4488345e-03  -4.4076534e-03  -2.2109619e-03
  -7.8706082e-02   1.9644125e-01   3.9121934e-02   7.9251548e-04  -4.1668117e-03  -1.8916477e-03
  -7.4934600e-02   1.9424870e-01   4.0112539e-02   8.6946458e-04  -4.0784050e-03  -1.4787453e-03
  -3.8212849e-02   4.7942376e-01   1.8342984e-01   1.2593144e-03  -5.9978849e-03  -1.4066898e-03
  -1.1320972e-01  -3.9470151e-02   9.6896946e-02   4.5225891e-03  -5.3533454e-03  -1.9502387e-03
  -1.0658697e-01   1.6927620e-01   6.3992035e-02   3.5654871e-03  -4.7617615e-03  -1.8338321e-03
  -1.0933457e-01   1.5006445e-01   8.1083356e-02   4.4969773e-03  -4.4836886e-03  -1.5077078e-03
  -1.1461242e-01   8.6881388e-02   5.0744798e-02   4.4832970e-03  -4.7968745e-03  -1.6221717e-03
  -1.3005573e-01   2.2811671e-01   8.7886322e-02   4.5317292e-03  -4.4635293e-03  -1.8675580e-03
  -1.2553955e-01   1.1216826e-01   8.3408292e-02   4.7933131e-03  -4.4063811e-03  -1.8522323e-03
  -1.3073628e-01   1.2696401e-01   6.9389163e-02   4.1913830e-03  -4.8211786e-03  -1.9063365e-03
  -1.3560399e-01   1.5563538e-01   8.6146032e-02   2.5669930e-03  -4.8652214e-03  -1.4359681e-03
  -1.0441655e-01   1.7930410e-01   2.1086050e-01   2.2114333e-03  -5.4946939e-03  -1.4126356e-03
  -9.8752865e-02  -4.7556424e-02   1.9429434e-01   2.4118546e-03  -4.3273283e-03  -1.4962502e-03
  -7.6807869e-03  -2.3223085e-02  -2.2630998e-01   2.3776121e-03  -4.0316023e-03  -1.8255345e-03
   7.3735558e-03   1.2069433e-01   3.5478862e-01   1.3444524e-03  -2.7312745e-03  -8.8604109e-04
   9.6952270e-03   2.1209115e-01   5.7409444e-01   2.0344102e-04  -2.6038720e-03  -3.4949610e-04
   8.5864248e-03   2.4310507e-01   5.7688662e-01  -9.7207107e-04  -2.0301572e-03  -1.8838526e-04
  -7.7764191e-03   3.1998120e-01   5.5494177e-01  -6.9264965e-04  -2.3335422e-03  -3.9752608e-04
  -8.6379721e-03   2.4891035e-01   5.9668300e-01  -7.0982754e-04  -2.1316830e-03  -4.6714061e-04
  -4.6570133e-03   2.4865418e-01   6.2359397e-01   9.5215732e-05  -1.8861568e-03  -1.9221154e-04
  -3.4938139e-03   3.1966330e-01   6.2969673e-01  -3.3128535e-04  -1.3703975e-03   2.1118963e-04
  -2.1111102e-02   1.6389311e-01   2.9988060e-01   2.2755892e-04  -1.2426975e-03  -1.0013468e-05
  -1.2845364e-02   3.1948385e-03  -8.4594671e-02   1.9343871e-03  -1.2038205e-03  -2.9801739e-04
  -1.8711309e-03   2.7708147e-01   4.3440478e-01   1.1543943e-03  -1.8604068e-03   2.7473831e-04
   6.2917906e-03   2.9495401e-01   5.2043054e-01  -8.1894386e-06  -1.6554906e-03   2.9176151e-04
  -1.4068065e-02   2.0987350e-01   5.3422386e-01   1.8601141e-03  -1.5117951e-03   4.2061347e-04
   2.0191949e-03   2.7738782e-01   5.6290450e-01   8.4711457e-04  -1.6116599e-03   7.2940745e-04
   2.5321147e-02   3.1392372e-01   5.7641352e-01   3.2814819e-04  -2.1376092e-03   1.1515005e-03
   3.0253626e-03   2.6040776e-01   5.7139258e-01   6.8041515e-04  -2.3942816e-03   2.3554647e-04
   1.4830426e-02   3.1868310e-01   5.2783442e-01   2.2008619e-04  -2.7276248e-03   4.3771140e-05
   6.8847397e-03   2.6787840e-01   5.3017127e-01   9.6736349e-04  -3.3010966e-03  -4.7091859e-04
   4.5358391e-03   3.6934927e-01   5.9382679e-01   6.8336182e-04  -3.1670585e-03  -2.7882754e-04
   3.7726300e-02   3.3593347e-01   6.0217648e-01  -3.9215806e-04  -2.5891710e-03   7.2408530e-04
   6.0820172e-02   5.8255907e-01   5.1322961e-01  -3.4001702e-04  -3.1367861e-03   9.7279735e-04
   1.0563997e-02   1.1642836e-01   5.1881632e-01   3.2696690e-03  -2.1666812e-03   8.4257867e-04
   2.1474707e-02   3.0972767e-01   5.5173890e-01   2.9204958e-03  -1.7084071e-03   1.1394498e-03
   2.7682402e-02   2.6005855e-01   5.4348626e-01   2.7180502e-03  -1.4624151e-03   1.3384296e-03
   1.5309454e-02   2.9055290e-01   5.9233631e-01   2.9472869e-03  -1.1643123e-03   1.4733035e-03
   4.2255127e-02   2.7911273e-01   5.9113564e-01   3.6409163e-03  -6.3573155e-04   2.5979219e-03
   6.2023580e-02   2.7434269e-01   5.9979613e-01   3.5088285e-03  -1.0341778e-03   2.5474533e-03
   4.5534963e-02   2.0779744e-01   3.2702874e-01   3.6823157e-03  -4.2231372e-04   2.6498540e-03
   5.2927314e-02   6.0909267e-02   1.4033457e-02   5.2288205e-03  -5.5136119e-04   2.2316558e-03
   3.6531753e-02   1.1817403e-01  -8.7268307e-02   5.4603402e-03  -5.5086527e-04   1.9342838e-03
   2.8660017e-02   2.2409417e-01   1.3640008e-01   3.1664108e-03  -1.3586377e-03   1.1826234e-03
   3.7302278e-02   3.3301144e-01   6.2066721e-01   1.3614567e-03  -1.7284509e-03   1.4750813e-03
   4.4476711e-02   3.1662831e-01   6.5824344e-01   7.6153864e-04  -1.3393249e-03   1.6555065e-03
   4.8566135e-02   2.9988646e-01   6.8096497e-01   1.9023189e-03  -1.3016782e-03   1.9275088e-03
   4.2139041e-02   4.6642342e-01   7.2171137e-01   2.5410037e-03  -5.9455006e-04   2.4392828e-03
   3.9929138e-02   3.1578961e-01   7.0942839e-01   3.0678594e-03  -1.1443817e-03   2.6336006e-03
   2.0225647e-02   3.0128201e-01   6.7478637e-01   2.0719518e-03  -8.9776770e-04   2.4855226e-03
   2.1562529e-02   3.6977530e-01   7.1268811e-01   1.8465174e-03  -1.1542447e-03   2.2592486e-03
   2.0758916e-02   3.0691525e-01   6.6037355e-01   2.4146969e-03  -9.5282761e-04   2.2318601e-03
   2.5993349e-02   3.4606748e-01   6.8812542e-01   2.2426592e-03  -1.1927859e-03   2.1284130e-03
