   0.0000000e+00   0.0000000e+00   0.0000000e+00   0.0000000e+00   0.0000000e+00   0.0000000e+00
   5.4047399e-03   4.0897496e-02   1.1148722e-01   1.6036288e-04  -1.2666200e-04   2.7053456e-05
   4.3670978e-03  -9.1901682e-03  -2.5157418e-02   4.1401851e-04   1.6804378e-04   3.7192533e-06
   3.4486773e-03   1.2433054e-01   1.0463837e-01  -4.3710323e-04  -1.2743297e-05  -3.3882559e-06
  -3.5459703e-03  -4.1010646e-02  -4.0141490e-02   9.2294292e-04  -7.7548815e-05   1.9052310e-05
  -3.7538239e-03   9.8051576e-02   9.5213465e-02   5.5885896e-04   1.5619414e-04   1.6432329e-04
   1.1922411e-02  -2.4748321e-02  -1.6342925e-02   1.4780027e-03  -1.9296778e-04   1.9018468e-04
   3.7954220e-02   1.2700865e-01   1.4849350e-01   3.2233708e-03  -1.0344731e-03   8.7868844e-04
   4.3179536e-02  -5.7325190e-03   2.3042580e-02   3.9581783e-03  -7.7153680e-04   1.2335651e-03
   4.1366967e-02  -1.1725789e-01  -1.5752090e-01   4.7902539e-03  -2.6361174e-04   1.1057571e-03
   4.6352386e-02   2.7376503e-02  -8.6500251e-02   3.7727224e-03  -2.7571046e-04   9.9500078e-04
   3.4969382e-02  -3.9745650e-02  -9.1853232e-02   5.3513705e-03   1.1247661e-04   1.1478928e-03
   3.9562416e-02  -5.9580691e-03  -1.0782007e-01   4.8162130e-03  -4.9420471e-05   1.1890871e-03
   3.6844391e-02   5.2899253e-02  -7.5349547e-02   4.1833626e-03   1.2508120e-05   6.8059747e-04
   4.2673014e-02   3.8917523e-02  -1.0499356e-01   3.4180037e-03   1.0963836e-04   5.8242588e-04
   4.4351056e-02   1.5803363e-02  -7.3186661e-02   3.7062846e-03  -6.5344028e-05   7.8492653e-04
   5.7713723e-02   3.7976816e-02  -1.1346337e-01   2.9965199e-03   2.2851327e-05   6.9612491e-04
   6.6570446e-02  -1.2712647e-02  -1.2938726e-01   3.7022813e-03  -2.1685457e-04   8.1897230e-04
   6.2699670e-02   5.6199514e-02  -5.2992817e-02   3.0199306e-03  -2.3171495e-04   9.0762444e-04
   6.5396321e-02   1.9524803e-02  -1.4227006e-01   2.7440531e-03  -5.3446869e-05   7.1399588e-04
   6.1842502e-02   6.6189394e-02  -8.5432524e-02   3.0454863e-03  -2.7210138e-04   7.0149605e-04
   8.5871557e-02  -8.7287358e-02  -3.5511918e-01   4.1530159e-03  -2.3184683e-04   1.2136823e-03
   1.3358423e-01   1.5324304e-01  -1.3074729e-01   8.4323449e-03  -2.2306303e-03   1.8902254e-03
   9.5712626e-02  -2.1792861e-01  -6.6092923e-01   3.4403301e-03  -8.7864394e-04   1.0660924e-03
   5.2580021e-02  -1.3428423e-01  -9.0887525e-01   3.7376073e-03   2.3804782e-05   3.1217124e-05
   3.3551716e-02   8.5984031e-02  -7.6111715e-01   3.7074401e-03   1.3882912e-05  -4.3224294e-04
   3.6125443e-02  -5.3279008e-03  -7.0079249e-01   4.7478496e-03  -3.2134477e-04  -4.2721424e-04
   3.7979330e-02   5.8545982e-03  -6.4628124e-01   4.5663808e-03  -1.5561654e-04  -1.2621787e-04
   4.6258739e-02   3.6549442e-02  -6.4464691e-01   3.2770514e-03  -1.1212858e-04  -5.9623921e-05
   4.0362965e-02   1.8019779e-02  -5.6707729e-01   3.3125390e-03   2.3812337e-04   2.9325953e-04
   5.1872420e-02  -2.2568399e-02  -6.0880237e-01   2.6650305e-03   1.3049152e-04   3.7994386e-04
   5.1141417e-02   1.0170256e-01  -5.2498867e-01   2.1467596e-03   3.0773225e-04   5.6333691e-04
   5.6634539e-02  -2.7028607e-02  -5.7403842e-01   2.7112585e-03   2.1414370e-04   6.4769351e-04
   5.6192305e-02   1.1447619e-02  -5.9491773e-01   2.5693890e-03   3.3744277e-04   6.8534292e-04
   6.9780520e-02   5.9451493e-02  -5.6218505e-01   3.0877403e-03   1.9928368e-05   8.0481869e-04
   7.7776366e-02  -9.3674666e-02  -8.6473509e-01   5.4087601e-03  -9.3683388e-05   8.6494868e-04
   6.7274387e-02  -7.9414592e-03  -8.3490704e-01   8.8576296e-03  -5.2220787e-04   9.3880998e-04
   6.5043945e-02  -3.9640645e-03  -7.8253559e-01   7.6831750e-03  -3.6859456e-04   1.5865369e-03
   4.3839741e-02   1.2848200e-02  -7.3736023e-01   6.7898486e-03   7.0601792e-06   1.8358602e-04
   5.8825915e-02  -1.2266937e-02  -7.9301261e-01   6.5612953e-03   7.2930979e-05   7.9050670e-04
   9.7018064e-02  -1.0741678e-01  -8.7256392e-01   1.0461926e-02  -1.1581945e-04   2.0013377e-03
   9.9942592e-02  -8.2566686e-03  -8.3985236e-01   8.9710752e-03  -8.6956597e-04   2.0367264e-03
   1.1365902e-01  -2.9584503e-02  -8.7543488e-01   1.0467263e-02  -1.3774198e-03   1.6639013e-03
   8.7851959e-02  -4.2082689e-02  -7.7909257e-01   9.9420947e-03  -9.2947335e-04   1.7690799e-03
   8.4552354e-02  -1.1554905e-01  -9.1811317e-01   9.4236795e-03  -2.7513723e-04   1.5308439e-03
   9.9317376e-02   1.8091954e-02  -7.7516085e-01   8.8498510e-03  -7.7346907e-04   1.4615412e-03
   1.0308039e-01  -1.5306172e-01  -9.4994141e-01   8.6878979e-03  -5.1203195e-04   1.6081089e-03
   8.4073436e-02   1.2138692e-02  -7.9626837e-01   7.9994363e-03  -2.8230568e-04   1.1553980e-03
   9.2563919e-02  -3.0250758e-02  -8.2191472e-01   8.2022866e-03  -5.0652762e-04   1.0424039e-03
   9.4820990e-02  -6.5745877e-02  -8.2634440e-01   9.1119880e-03  -7.4264499e-04   1.3123956e-03
   4.4733949e-01  -7.5094338e-01  -8.9818548e-01   7.2377911e-02  -4.3747456e-02   2.3329617e-02
   3.8984366e-01  -7.9089184e-01  -8.5678087e-01   7.6174869e-02  -5.0352581e-02   2.9888924e-02
   3.4499966e-01  -8.8396245e-01  -9.2855480e-01   7.3325612e-02  -4.5769437e-02   2.8113355e-02
   3.6215518e-01  -7.2182071e-01  -7.4468772e-01   7.0284127e-02  -4.4849700e-02   2.7010086e-02
   3.4137784e-01  -8.3477145e-01  -8.1865901e-01   6.8701343e-02  -4.2875077e-02   2.6204587e-02
   3.1769060e-01  -8.5431262e-01  -7.5651479e-01   6.7414538e-02  -4.0170691e-02   2.5319766e-02
   3.1875870e-01  -7.7577348e-01  -7.8979173e-01   6.5104464e-02  -3.9351128e-02   2.5197088e-02
   3.1059141e-01  -7.4638766e-01  -7.4180092e-01   6.5237787e-02  -3.8898056e-02   2.4567428e-02
   3.1925200e-01  -8.0652097e-01  -7.9451585e-01   6.4408536e-02  -3.8540426e-02   2.4274463e-02
   3.2436571e-01  -7.2610739e-01  -6.9158585e-01   6.3914090e-02  -3.8465496e-02   2.4074875e-02
   3.1190434e-01  -8.5003317e-01  -8.7434317e-01   6.4057814e-02  -3.7314087e-02   2.4206385e-02
   3.1026837e-01  -7.4767023e-01  -8.9558473e-01   6.2033730e-02  -3.6060127e-02   2.3049959e-02
  -2.8636917e-01  -3.6243081e-01  -3.9870999e-01   5.2419672e-02  -2.3514033e-02   1.7009092e-02
  -3.1120817e-01  -5.0486460e-01  -7.2320134e-01   5.3630506e-02  -2.1349371e-02   1.6916917e-02
  -2.1942499e-01  -6.4798946e-01  -8.1658208e-01   5.5675359e-02  -2.0523174e-02   1.5284214e-02
  -2.4337572e-01  -5.6977513e-01  -4.0522876e-01   5.4325169e-02  -1.5217218e-02   1.3599256e-02
  -1.7335552e-01  -6.0841766e-01  -5.0747963e-01   4.9778196e-02  -1.6102529e-02   1.4297751e-02
  -1.9225351e-01  -5.5682877e-01  -4.4107675e-01   4.9314515e-02  -1.4943074e-02   1.4770423e-02
  -2.2136226e-01  -5.5237038e-01  -4.0448625e-01   4.8416746e-02  -1.3797608e-02   1.4758609e-02
  -2.3039351e-01  -5.5607205e-01  -4.0728405e-01   4.7684260e-02  -1.3503443e-02   1.4910167e-02
  -2.3971747e-01  -5.5052414e-01  -3.9933221e-01   4.7432173e-02  -1.2921030e-02   1.5016798e-02
  -2.4111323e-01  -5.1313559e-01  -3.3472486e-01   4.7637707e-02  -1.2063001e-02   1.5052337e-02
  -1.2915124e-01  -5.7841261e-01  -7.5814509e-01   4.6587748e-02  -1.3705407e-02   1.5395740e-02
  -7.8272807e-02  -5.4565251e-01  -9.3171919e-01   4.4842622e-02  -1.3561021e-02   1.4846446e-02
  -8.4913875e-02  -5.6600888e-01  -8.7316773e-01   4.3427260e-02  -1.3173969e-02   1.4451482e-02
  -8.9654032e-02  -4.0673322e-01  -7.3168842e-01   4.3203458e-02  -1.2588966e-02   1.3851899e-02
  -7.6313489e-02  -4.1052225e-01  -7.0137703e-01   4.3078940e-02  -1.2853930e-02   1.3834572e-02
  -4.6180142e-02  -5.7734744e-01  -7.0755591e-01   4.5400727e-02  -1.5581752e-02   1.3675631e-02
  -7.6716561e-02  -5.1453617e-01  -6.9312600e-01   4.3933600e-02  -1.3843638e-02   1.3618191e-02
  -8.0092878e-02  -4.6186675e-01  -7.1743163e-01   4.4704958e-02  -1.3753929e-02   1.3621450e-02
  -1.0474138e-01  -4.2312729e-01  -9.4807467e-01   3.9328375e-02  -1.1453138e-02   1.2529535e-02
  -3.2437551e-02  -3.0587034e-01  -1.4041112e+00   2.7271277e-02  -1.0592006e-02   9.5665790e-03
  -1.5906332e-02  -1.9863019e-01  -1.2018038e+00   2.9071018e-02  -1.0918549e-02   9.8348606e-03
  -4.4081592e-02  -2.9181707e-01  -1.1854176e+00   3.0567605e-02  -1.0791616e-02   1.0080358e-02
  -5.9273844e-02  -3.1354507e-01  -1.2412287e+00   3.0659718e-02  -1.0813853e-02   9.8735061e-03
  -6.1907960e-02  -2.2692424e-01  -1.1971204e+00   2.9821536e-02  -1.0972005e-02   9.7126720e-03
  -1.4132900e-01  -2.5646140e-01  -1.4386570e+00   2.8048320e-02  -8.4247521e-03   8.0308352e-03
  -1.1258494e-01  -2.9232568e-01  -1.3214131e+00   2.9252560e-02  -9.6541501e-03   8.7002217e-03
  -9.7489883e-02  -2.4989885e-01  -1.3674447e+00   2.9856648e-02  -1.0195070e-02   8.9750035e-03
  -7.6268007e-02  -2.2498007e-01  -1.1618333e+00   3.1406252e-02  -1.1468348e-02   1.0258021e-02
  -8.2320461e-02  -2.7014783e-01  -9.0727046e-01   3.6400245e-02  -1.2640539e-02   1.1642325e-02
  -1.0168611e-01  -1.2616151e-01  -2.7899236e-01   3.7651363e-02  -1.3194900e-02   1.2655677e-02
  -3.3439083e-02   1.6566927e-01   1.5370773e+00   2.7877360e-02  -1.2871259e-02   1.3165558e-02
  -1.9486317e-02  -2.5969196e-02   1.6206000e+00   2.7037804e-02  -1.2981000e-02   1.2876751e-02
  -1.4277343e-03   1.5110200e-03   1.7606145e+00   2.5237660e-02  -1.2633869e-02   1.2665661e-02
  -4.5209650e-04   8.1823637e-02   1.8822145e+00   2.4209719e-02  -1.2872638e-02   1.2805119e-02
   2.7867832e-02  -2.7875931e-02   1.8310471e+00   2.4119642e-02  -1.3389319e-02   1.3066740e-02
   4.6028488e-02  -1.6343375e-01   1.8131195e+00   2.4470011e-02  -1.3340776e-02   1.3209073e-02
   5.8513564e-02   7.2479751e-04   1.8501510e+00   2.4957903e-02  -1.3338419e-02   1.3297948e-02
   4.8062056e-02  -4.2884076e-02   1.8737629e+00   2.4780878e-02  -1.3236913e-02   1.3465683e-02
   3.8054678e-02  -1.6164575e-01   1.9137674e+00   2.4433575e-02  -1.3356848e-02   1.3707659e-02
   8.6845982e-02  -1.3124050e-01   1.8144479e+00   2.5387273e-02  -1.3812753e-02   1.3968588e-02
   8.2843508e-02  -6.2157836e-02   1.8527925e+00   2.4690752e-02  -1.3505983e-02   1.4215562e-02
   8.3251246e-02  -1.6363476e-01   1.9270543e+00   2.4519854e-02  -1.3879837e-02   1.4097676e-02
   1.0088928e-01  -1.2172862e-01   1.8823079e+00   2.5299935e-02  -1.3521226e-02   1.4484710e-02
   1.1426303e-01  -8.4366718e-02   1.8675209e+00   2.4728412e-02  -1.3454106e-02   1.4242292e-02
   1.1165050e-01  -1.8374812e-01   1.8637339e+00   2.6025592e-02  -1.3538717e-02   1.4536891e-02
   1.2954218e-01  -4.3134527e-02   1.9180278e+00   2.4880419e-02  -1.3546703e-02   1.4554356e-02
   1.4284932e-01  -1.2855240e-01   1.8556981e+00   2.6001204e-02  -1.3283426e-02   1.4847815e-02
   1.3999149e-01  -8.3049625e-02   1.9342995e+00   2.4735805e-02  -1.3446366e-02   1.4900589e-02
   1.4229621e-01  -2.0166319e-01   1.7982700e+00   2.7526222e-02  -1.3355408e-02   1.4669924e-02
   1.3648701e-01  -1.0654537e-01   1.8068789e+00   2.7282835e-02  -1.3333964e-02   1.4735886e-02
   1.5270944e-01  -1.6416879e-02   1.8643183e+00   2.6181318e-02  -1.3353216e-02   1.4925961e-02
   1.4067683e-01  -7.7385753e-02   1.9345177e+00   2.7001898e-02  -1.3351374e-02   1.4851310e-02
   1.4773575e-01  -1.1074950e-01   1.8689171e+00   2.6298220e-02  -1.3143848e-02   1.4994679e-02
   1.5746386e-01   4.5332216e-02   1.9388711e+00   2.5983920e-02  -1.3288571e-02   1.4882330e-02
   1.5062146e-01  -1.5848544e-01   1.8218951e+00   2.5942792e-02  -1.3390145e-02   1.5096788e-02
   1.3908285e-01  -4.7624579e-02   1.9404632e+00   2.4754751e-02  -1.3545449e-02   1.4502589e-02
   1.1778762e-01   5.8973931e-02   2.0185723e+00   2.8021357e-02  -1.4183420e-02   1.4565930e-02
   1.1890399e-01  -7.8424554e-03   2.0093259e+00   2.9719386e-02  -1.4786409e-02   1.4978218e-02
   1.4418806e-01  -2.4619115e-01   1.8626923e+00   3.0496446e-02  -1.4414144e-02   1.5311428e-02
   1.8723788e-01  -7.9827633e-02   1.8895934e+00   3.0333196e-02  -1.4586560e-02   1.5176825e-02
   1.7641056e-01  -1.1512328e-01   1.9112734e+00   2.9586548e-02  -1.4636548e-02   1.4974652e-02
   1.7193159e-01  -1.4327337e-01   1.9155812e+00   3.0930851e-02  -1.4602203e-02   1.5059551e-02
   1.4291751e-01  -1.2045536e-02   1.9748777e+00   2.8721570e-02  -1.4536324e-02   1.4509485e-02
  -7.5965142e-02  -9.7568609e-02   2.1388361e+00   1.9268148e-02  -1.0236198e-02   1.1065247e-02
  -1.0024922e-01   2.6933799e-02   2.2383612e+00   2.0803590e-02  -1.1248584e-02   1.1151898e-02
  -3.8721910e-02  -2.6886021e-02   2.1477231e+00   2.1340364e-02  -1.2656964e-02   1.1803194e-02
   1.4281308e-02   1.0057143e-02   2.1632404e+00   2.1653082e-02  -1.3386961e-02   1.2411823e-02
   2.6211913e-02  -2.0847656e-02   2.1495709e+00   2.1910964e-02  -1.3359941e-02   1.2722898e-02
   2.9817104e-02  -7.6837141e-02   2.1060375e+00   2.1575511e-02  -1.3411212e-02   1.2716255e-02
  -3.4584678e-03   1.1021332e-02   2.1077865e+00   2.1503685e-02  -1.3520129e-02   1.2103645e-02
  -6.6960043e-04   2.8482408e-02   2.1113433e+00   2.0982306e-02  -1.3859938e-02   1.1949301e-02
   2.6512984e-02  -8.2860484e-02   2.0721920e+00   2.1806847e-02  -1.4278440e-02   1.2459887e-02
   3.7892213e-02   2.2909660e-02   2.0998203e+00   2.1663257e-02  -1.3915963e-02   1.2449681e-02
   5.3879977e-02  -2.3191054e-02   2.0262648e+00   2.0954930e-02  -1.4170357e-02   1.2508738e-02
   2.6977527e-02  -3.9274593e-02   2.1215937e+00   2.1668673e-02  -1.3951662e-02   1.2315637e-02
   3.8650661e-02  -1.8902962e-02   2.0679553e+00   2.1317156e-02  -1.3922067e-02   1.2462811e-02
   3.8650762e-02   4.0452796e-02   1.8785626e+00   2.1116832e-02  -1.3419450e-02   1.2615216e-02
   3.2394440e-02   1.0137342e-01   1.6911869e+00   2.0698286e-02  -1.4432224e-02   1.1141718e-02
   4.6471875e-02  -1.6028518e-02   1.4987244e+00   2.0118581e-02  -1.5589195e-02   1.1307163e-02
   3.5221292e-02  -7.0792972e-02   1.4053328e+00   2.1174503e-02  -1.5331271e-02   1.1484160e-02
   8.1851573e-03  -6.6857400e-02   1.3122983e+00   2.2088580e-02  -1.5930858e-02   1.1768218e-02
  -6.1795813e-02  -1.2098401e-01   1.4821501e+00   2.3148848e-02  -1.5686905e-02   1.0416602e-02
   5.2800324e-02  -2.8369812e-01   6.1211292e-01   2.3466040e-02  -1.5031656e-02   1.1008446e-02
   1.6778398e-01  -7.1495645e-01  -1.4629756e+00   4.6702528e-02  -9.7606812e-03   1.2037731e-02
   2.3522976e-01  -5.3932629e-01  -1.5108763e+00   4.5244498e-02  -1.2006403e-02   1.1895456e-02
   2.5045235e-01  -4.2597277e-01  -1.4414050e+00   4.3516496e-02  -1.2357429e-02   1.1291217e-02
   2.5473571e-01  -3.1993843e-01  -1.3527442e+00   4.2648288e-02  -1.3000037e-02   1.1447942e-02
   2.6634417e-01  -5.1855909e-01  -1.4659717e+00   4.3449917e-02  -1.2706673e-02   1.1602275e-02
   2.8210790e-01  -3.9073831e-01  -1.3258689e+00   4.2295834e-02  -1.2629397e-02   1.1799012e-02
   2.9096597e-01  -2.9195816e-01  -1.3532913e+00   4.1536205e-02  -1.2774009e-02   1.1789759e-02
   2.9414874e-01  -3.4843151e-01  -1.2971499e+00   4.2061601e-02  -1.2910706e-02   1.1973098e-02
   2.9133511e-01  -3.9053659e-01  -1.2953086e+00   4.2767169e-02  -1.2732411e-02   1.1790620e-02
   2.7982548e-01  -2.5063587e-01  -9.2108122e-01   4.2813771e-02  -1.5045165e-02   1.0068209e-02
   2.6611142e-01  -3.0722495e-01  -9.1946087e-01   3.5691767e-02  -1.7101342e-02   9.1082123e-03
   2.3904133e-01  -2.2037262e-01  -8.3421334e-01   3.6787773e-02  -1.5624228e-02   9.3566327e-03
   2.4995029e-01  -1.2634883e-01  -7.7990901e-01   3.7498433e-02  -1.5963498e-02   9.5774040e-03
   2.6326808e-01  -3.7508229e-01  -1.0074408e+00   3.6893600e-02  -1.5446866e-02   9.3914166e-03
   2.5620083e-01  -3.0645425e-01  -9.3157886e-01   3.7091560e-02  -1.5526265e-02   8.4987575e-03
   2.6241440e-01  -2.4479309e-01  -8.8939030e-01   3.6646014e-02  -1.5586495e-02   8.3122254e-03
   2.8423447e-01  -3.3762073e-01  -9.8130231e-01   3.6564316e-02  -1.5850670e-02   8.3831265e-03
   2.7347384e-01  -2.7443657e-01  -8.9347070e-01   3.6910723e-02  -1.5605394e-02   8.5918389e-03
   2.8961872e-01  -3.5118315e-01  -1.0022069e+00   3.7271361e-02  -1.5801978e-02   9.0869405e-03
   2.9297330e-01  -3.9064313e-01  -1.1368609e+00   3.6878850e-02  -1.5693295e-02   9.1836820e-03
   3.3113643e-01  -4.7699260e-01  -2.0545076e+00   3.3595515e-02  -1.5061425e-02   7.6808182e-03
   2.9449053e-01  -3.0895057e-01  -1.8236297e+00   3.3479032e-02  -1.4988501e-02   7.1957718e-03
   2.8243573e-01  -3.0935594e-01  -1.7437080e+00   3.3167368e-02  -1.4437876e-02   7.3970946e-03
   2.9424065e-01  -3.3125676e-01  -1.7348016e+00   3.2703892e-02  -1.4691353e-02   7.4039130e-03
   2.9396492e-01  -2.8413689e-01  -1.6131313e+00   3.2104587e-02  -1.4704698e-02   7.5635958e-03
   2.7021665e-01  -3.5840806e-01  -1.7288031e+00   3.2235340e-02  -1.3944573e-02   7.3917829e-03
   2.7695921e-01  -2.4096377e-01  -1.5997356e+00   3.1659634e-02  -1.3821321e-02   7.5332849e-03
   2.8417366e-01  -3.6703942e-01  -1.6543792e+00   3.2168934e-02  -1.3804294e-02   7.8052066e-03
   2.7833897e-01  -2.5449940e-01  -1.5763698e+00   3.1460984e-02  -1.3154109e-02   8.0014400e-03
   2.7171790e-01  -2.8490916e-01  -1.5887342e+00   3.1145646e-02  -1.3089947e-02   7.8711736e-03
   2.6972740e-01  -2.6251908e-01  -1.5441267e+00   3.1410513e-02  -1.3144691e-02   8.0926323e-03
   2.8299707e-01  -1.0968921e-01  -1.4501306e+00   3.0617199e-02  -1.3623485e-02   8.3796795e-03
   2.6026214e-01  -2.1930354e-01  -1.4862168e+00   3.1354585e-02  -1.2947057e-02   8.5481502e-03
   2.3737537e-01  -2.2998043e-01  -1.4594857e+00   3.1213310e-02  -1.2600135e-02   8.5232612e-03
   2.2823656e-01  -1.5358068e-01  -1.3377380e+00   3.0811572e-02  -1.2798147e-02   8.3143722e-03
   2.3421356e-01  -4.4921169e-01  -1.8401642e+00   3.1038306e-02  -1.1770231e-02   8.2614314e-03
   2.4631727e-01  -3.3171555e-01  -1.7560219e+00   3.0857833e-02  -1.1603668e-02   8.0802023e-03
   2.3425948e-01  -3.2315276e-01  -1.7662376e+00   3.1390553e-02  -1.1166108e-02   8.2694605e-03
   2.3085934e-01  -2.8807213e-01  -1.6769951e+00   3.0922526e-02  -1.0994969e-02   8.3004508e-03
   2.3540688e-01  -2.8333756e-01  -1.7036882e+00   3.3094725e-02  -1.0591870e-02   8.6187137e-03
   9.8061759e-02  -7.2718528e-01  -1.5943463e+00   6.5537840e-02  -5.7375159e-03   1.0762637e-02
   6.2684792e-02  -1.0494466e+00  -2.0999764e+00   8.3004776e-02  -3.7223930e-03   1.1714530e-02
   1.5167916e-01  -4.6371022e-01  -1.4220699e+00   4.1752179e-02  -1.0627490e-02   6.9233598e-03
