   0.0000000e+00   0.0000000e+00   0.0000000e+00   0.0000000e+00   0.0000000e+00   0.0000000e+00
  -9.4477940e-02   9.8955544e-02   6.6381765e-02   1.3544407e-04   1.2654330e-03  -2.1497284e-03
  -1.3494095e-01   1.4082116e-01   9.7777894e-02   1.8340360e-03   2.4330802e-03  -2.3719133e-03
  -1.4585614e-01   2.0409994e-01   1.1368005e-01   3.1555057e-03   3.5202854e-03  -2.7294760e-03
  -1.3474361e-01   2.1053023e-01   1.1349860e-01   2.5277686e-03   4.1062236e-03  -2.8255191e-03
  -1.3391552e-01   3.2589184e-01   1.9990814e-01   3.1473582e-03   4.6632073e-03  -2.4519189e-03
  -1.5752806e-01   3.0047478e-01   2.7186239e-01   2.8657028e-03   6.3506367e-03  -1.8985965e-03
  -1.2872913e-01   2.1551409e-01   2.5869292e-01   3.4762981e-03   6.8589031e-03  -1.3812677e-03
  -1.2805419e-01   3.2494052e-01   3.2505484e-01   3.3807732e-03   7.2529379e-03  -1.0154566e-03
  -1.2583488e-01   2.4091654e-01   3.2432127e-01   2.4355193e-03   8.3779954e-03  -9.3073159e-04
  -1.2732823e-01   3.0297124e-01   3.4547189e-01   2.4947061e-03   8.8355045e-03  -7.9638702e-04
  -1.2541634e-01   2.7089173e-01   3.7698565e-01   3.5322795e-03   9.4501683e-03  -3.4503475e-04
  -1.2145481e-01   2.6376222e-01   3.7109440e-01   3.7805368e-03   9.7320140e-03   5.1726689e-05
  -1.1185285e-01   2.9686063e-01   4.4699270e-01   4.3187509e-03   9.8766297e-03   4.0937012e-04
  -1.0961477e-01   2.8461312e-01   4.1504359e-01   3.1938190e-03   1.0497694e-02   6.2325935e-04
  -8.2630588e-02   2.8391110e-01   4.3034941e-01   4.4639353e-03   1.0447838e-02   1.1021475e-03
  -8.1954295e-02   3.1459149e-01   4.1102983e-01   4.1406653e-03   9.8256784e-03   1.2844195e-03
  -9.7798357e-02   2.9392909e-01   3.9042148e-01   3.6956341e-03   1.0685679e-02   1.0996102e-03
  -7.8678156e-02   3.3789477e-01   4.4224630e-01   4.7930497e-03   1.0536865e-02   1.4559801e-03
  -6.5410349e-02   2.6279805e-01   3.9056606e-01   4.8758824e-03   1.0743744e-02   1.7044916e-03
  -7.2004328e-02   4.0202067e-01   4.2258427e-01   3.6384096e-03   1.0763948e-02   1.3078708e-03
  -8.0408426e-02   3.3816741e-01   4.4955742e-01   3.6368388e-03   1.1111800e-02   1.3901647e-03
  -9.0133449e-02   3.3938244e-01   4.9002728e-01   4.4345162e-03   1.1366933e-02   1.5361888e-03
  -8.9751135e-02   3.3508090e-01   4.9773256e-01   3.4361215e-03   1.2000184e-02   1.7828652e-03
  -8.9841682e-02   3.6982336e-01   5.3652831e-01   3.8479046e-03   1.1766535e-02   1.8936253e-03
  -7.3990047e-02   2.5968247e-01   4.5021746e-01   3.9828166e-03   1.2036835e-02   2.1342947e-03
  -7.4073361e-02   4.1798238e-01   4.7518468e-01   3.4954470e-03   1.1952385e-02   2.2753419e-03
  -7.8795438e-02   3.2988607e-01   5.0876605e-01   4.8115716e-03   1.1971281e-02   2.4286625e-03
  -8.1005492e-02   3.1166732e-01   5.0534846e-01   4.7063094e-03   1.2306866e-02   2.7258972e-03
  -7.4929861e-02   3.3452188e-01   5.6509792e-01   4.4668256e-03   1.2171423e-02   2.8863670e-03
  -6.1952054e-02   3.0922252e-01   5.3771561e-01   3.4829345e-03   1.2048523e-02   2.9617452e-03
  -7.7940945e-02   3.5811414e-01   5.6175807e-01   3.8927067e-03   1.2043895e-02   2.7518304e-03
  -7.7232037e-02   3.3187481e-01   5.5411533e-01   4.1354038e-03   1.2326562e-02   3.0982472e-03
  -7.0726862e-02   2.0015299e-01   4.0284552e-01   5.5536900e-03   1.2852541e-02   3.8779955e-03
  -8.6816932e-02   8.2821157e-02   3.2429597e-01   3.3699354e-03   1.2715712e-02   4.8652912e-03
  -1.4290259e-01  -3.5073748e-01   1.0082342e+00   1.0718414e-02   1.6566323e-02   8.6690894e-03
   1.0132287e-01  -4.0268013e-01   3.5845482e-01   1.3611306e-02   1.3322053e-02   5.0764782e-03
   9.6162591e-02  -4.4148424e-01  -2.2526764e-01   1.4242438e-02   1.3814039e-02   4.9011389e-03
   5.6405152e-03  -1.5086851e-01  -3.0471353e-01   1.2714945e-02   1.2510317e-02   5.3585179e-03
  -2.9971214e-02   3.1314008e-01   3.0483280e-01   1.0196441e-02   1.4006559e-02   3.7916904e-03
  -1.2059937e-01   4.3729852e-01   5.6087768e-01   1.1671551e-02   1.4747082e-02   4.7612948e-03
  -7.8608987e-02   1.1232914e-01   4.5314098e-01   8.7499337e-03   1.8938575e-02   5.2614026e-03
  -2.8731509e-02   2.0747431e-01   4.1825062e-01   8.0548802e-03   1.9300032e-02   6.0099021e-03
  -5.2120659e-02   2.3074954e-01   3.8905714e-01   7.6583381e-03   1.9276741e-02   5.3841123e-03
  -1.0043620e-01   3.7962459e-01   5.4025975e-01   8.4396074e-03   1.9089740e-02   5.5514900e-03
  -1.4057290e-01   3.6206209e-01   6.6921760e-01   8.0225020e-03   2.0113794e-02   6.1557899e-03
  -1.4223917e-01   2.2545001e-01   7.3164292e-01   8.2779072e-03   2.0969577e-02   6.5678326e-03
  -1.1865581e-01   1.6554633e-01   6.8663163e-01   7.5131135e-03   2.1852580e-02   6.8575936e-03
  -1.0178451e-01   2.4880890e-01   7.4789585e-01   7.6679659e-03   2.1883046e-02   6.8936243e-03
  -1.1823827e-01   2.0291018e-01   7.3439841e-01   7.4605350e-03   2.2530332e-02   7.0667988e-03
  -9.8867471e-02   2.3592878e-01   7.2325461e-01   7.3104339e-03   2.2656712e-02   7.3564779e-03
  -1.1252132e-01   2.5888754e-01   7.2980803e-01   7.7574974e-03   2.3021507e-02   7.4107246e-03
  -1.1098976e-01   1.7203028e-01   7.0024001e-01   7.4570479e-03   2.3204263e-02   7.2234985e-03
  -1.1154952e-01   2.6630311e-01   7.1465976e-01   8.7048199e-03   2.3120321e-02   7.4101913e-03
  -1.2495793e-01   2.9831232e-01   7.5899599e-01   7.3488463e-03   2.2769736e-02   7.5304858e-03
  -1.2041847e-01   1.5725521e-01   7.0595665e-01   8.8723600e-03   2.3570956e-02   7.4577481e-03
  -1.4348525e-01   3.1566483e-01   7.4024591e-01   6.9883616e-03   2.3274254e-02   6.7267921e-03
  -2.2428358e-01   1.3679695e-01   3.8181367e-01   8.7502987e-03   2.4625505e-02   6.7998177e-03
  -1.8878951e-01  -1.7911188e-01   3.3374174e-01   1.3823148e-02   2.2495723e-02   6.3990563e-03
  -1.8245795e-01  -2.4626813e-01   2.5586056e-01   9.8095840e-03   2.1571903e-02   8.6574718e-03
  -1.4304049e-01  -2.7818727e-01  -4.7170002e-01   2.1141057e-03   1.8307676e-02   1.0705623e-02
   5.1115900e-02  -2.1119329e-01  -4.4953474e+00   2.0327805e-02   8.3351355e-03   7.8460216e-03
   2.1025830e-02  -2.6824986e-01  -4.5710702e+00   1.8931862e-02   1.1507828e-02   7.1340769e-03
   3.0038269e-02  -1.6731637e-02  -4.3430119e+00   1.7571680e-02   1.3203093e-02   7.8504616e-03
   3.5451665e-02  -5.1915408e-04  -4.3273014e+00   1.7240871e-02   1.4303589e-02   8.4120902e-03
   2.0658873e-02  -8.0246480e-03  -4.2174038e+00   1.8730296e-02   1.4831797e-02   8.7412104e-03
   2.1620713e-02  -7.0702554e-02  -4.2485689e+00   1.8770036e-02   1.5557893e-02   9.0936257e-03
   5.0931257e-02   1.3537394e-01  -4.1253943e+00   1.9180403e-02   1.5436912e-02   9.4944292e-03
   2.2109008e-02  -9.4186093e-02  -4.1899743e+00   1.9783934e-02   1.6405984e-02   9.7871133e-03
   7.3107795e-02  -1.0231156e-01  -4.1423421e+00   2.0613960e-02   1.6023460e-02   1.0363132e-02
   9.8905585e-02   1.6399681e-01  -4.0355010e+00   2.0085997e-02   1.5963163e-02   1.0994539e-02
   5.0787775e-02  -1.4168152e-01  -4.1251414e+00   2.1360885e-02   1.6779503e-02   1.1033318e-02
   3.2671946e-02  -3.3874233e-02  -4.0828297e+00   2.0063276e-02   1.6315476e-02   1.0821930e-02
   5.3542447e-02   1.7086236e-02  -4.4068239e+00   1.2550307e-02   7.4235048e-03   3.8217524e-03
   3.0015375e-02  -3.1843724e-02  -4.2202082e+00   1.5673441e-02   1.0552004e-02   6.9410603e-03
   2.7815289e-02  -1.0239358e-01  -4.3261178e+00   1.6182922e-02   1.1979228e-02   7.0266722e-03
   4.9010959e-02   1.0681808e-01  -4.2150616e+00   1.5909958e-02   1.2306593e-02   7.2598273e-03
   3.7266842e-02  -5.0672276e-02  -4.2794012e+00   1.6854430e-02   1.3009162e-02   7.3680385e-03
   5.5452834e-02   8.0077351e-02  -4.1257083e+00   1.5960508e-02   1.3372438e-02   8.2231404e-03
   4.6786322e-02  -9.9124788e-02  -4.2448482e+00   1.7001719e-02   1.3888206e-02   8.2426791e-03
   5.4864495e-02   2.2093497e-02  -4.1825164e+00   1.6396825e-02   1.4070527e-02   8.5409420e-03
   7.5796714e-02   1.4560723e-02  -4.1863532e+00   1.6087203e-02   1.3935419e-02   9.1395775e-03
   2.2190854e-02  -1.0503561e-01  -4.2279282e+00   1.6486601e-02   1.5046099e-02   9.3187968e-03
   4.8368663e-02   2.7677182e-02  -4.2254317e+00   1.5581455e-02   1.4967728e-02   9.4599290e-03
   6.0509422e-02  -6.7426904e-03  -4.2807130e+00   1.4721643e-02   1.5290681e-02   9.6658213e-03
   4.6137621e-02  -7.4968164e-02  -4.2044512e+00   1.4496043e-02   1.5641791e-02   1.0048412e-02
   4.6147524e-02   4.6617243e-02  -4.1600429e+00   1.3749204e-02   1.5793646e-02   9.7130641e-03
   4.2650763e-02  -3.6669929e-02  -4.2618482e+00   1.4445415e-02   1.6229910e-02   9.7003624e-03
   1.1771568e-01   4.3845398e-02  -4.0897149e+00   1.3743983e-02   1.5184276e-02   1.1085733e-02
   8.5489355e-02  -1.3529695e-01  -4.2089173e+00   1.7457101e-02   1.6136165e-02   1.0670562e-02
   9.4236977e-02   3.3878726e-02  -4.1098516e+00   1.5396075e-02   1.5223009e-02   1.0378157e-02
   6.0195018e-02  -1.2801053e-01  -4.1963664e+00   1.6388464e-02   1.5186145e-02   9.6744514e-03
   6.0462892e-02   9.6036893e-02  -4.1222604e+00   1.5765807e-02   1.5553167e-02   9.5747448e-03
   7.3491143e-02  -4.9484461e-02  -4.2433240e+00   1.5891119e-02   1.5742775e-02   9.5251227e-03
   6.0936285e-02   6.2506090e-02  -4.1036821e+00   1.5746033e-02   1.5885868e-02   9.5788291e-03
   6.1994513e-02  -1.0489676e-03  -4.1260667e+00   1.6046893e-02   1.5914089e-02   9.7634885e-03
   5.9133583e-02  -4.0638667e-04  -4.0960287e+00   1.6585297e-02   1.6476771e-02   9.9549439e-03
   8.4392553e-02   1.0016495e-01  -4.0656905e+00   1.4717590e-02   1.5874321e-02   9.6997415e-03
   7.5968514e-02  -1.4610930e-01  -5.2146382e+00   2.3895557e-02   5.8205889e-03   2.0313898e-03
   5.5283663e-02   1.0846587e-01  -5.1271022e+00   2.2673605e-02   5.4476047e-03   3.7114559e-03
   3.3378464e-02  -6.9661644e-02  -5.1336231e+00   2.3550980e-02   7.4659228e-03   4.6685801e-03
   6.3738087e-02   7.5944463e-02  -4.8272733e+00   2.2674109e-02   7.7899755e-03   5.4960102e-03
   2.2808917e-02   1.9883349e+00   7.9130321e+00   6.8971808e-02  -2.9211638e-02   3.0095309e-02
  -6.2862986e-03   9.0150907e-01   2.3892087e+00   6.2104273e-02  -2.6428383e-02   2.3750280e-02
  -1.9922662e-02   1.2162528e+00   2.4431520e+00   5.8400064e-02  -2.5641061e-02   2.1724900e-02
  -1.6410654e-02   1.2425624e+00   2.6284444e+00   5.5778113e-02  -2.5709746e-02   2.1336822e-02
  -2.7814433e-02   1.0341990e+00   2.5763538e+00   5.6321461e-02  -2.5684277e-02   2.1110663e-02
  -3.7327026e-02   1.0257738e+00   2.5269667e+00   5.5504025e-02  -2.4727452e-02   2.0976618e-02
  -5.1864092e-02   1.0955188e+00   2.6050332e+00   5.4676634e-02  -2.4464084e-02   2.0708534e-02
  -4.5980782e-02   1.0304713e+00   2.5650009e+00   5.5811806e-02  -2.4008391e-02   2.1063233e-02
  -5.9978962e-02   1.0987717e+00   2.6962402e+00   5.4583033e-02  -2.3162907e-02   2.0620058e-02
  -5.6482905e-02   9.7129975e-01   2.5713547e+00   5.6920048e-02  -2.2097082e-02   2.1141997e-02
  -4.3179190e-02   1.0899230e+00   2.6120202e+00   5.6347242e-02  -2.2448350e-02   2.1503802e-02
  -5.0744412e-02   1.0396853e+00   2.5865762e+00   5.5403767e-02  -2.2397009e-02   2.1681418e-02
  -5.6531333e-02   9.9808018e-01   2.5626032e+00   5.6542040e-02  -2.1957290e-02   2.1600774e-02
  -4.1143394e-02   1.0846970e+00   2.6299388e+00   5.5873309e-02  -2.1772617e-02   2.1584348e-02
   1.7828161e-03   1.0572825e+00   2.7077698e+00   5.6749871e-02  -2.2923758e-02   2.1934206e-02
  -1.7601752e-02   1.0494635e+00   2.6339195e+00   5.6570007e-02  -2.2376699e-02   2.1754032e-02
  -3.1565680e-02   1.1014288e+00   2.6731883e+00   5.5320530e-02  -2.1903426e-02   2.1785061e-02
  -2.9516053e-02   1.0269757e+00   2.6480481e+00   5.6878704e-02  -2.1734604e-02   2.1985258e-02
   1.2646265e-02   1.0356205e+00   2.6719978e+00   5.6611813e-02  -2.2352638e-02   2.2411419e-02
   1.6085679e-02   1.0605360e+00   2.6859763e+00   5.6311710e-02  -2.1964625e-02   2.2036123e-02
   3.3388118e-03   1.0509373e+00   2.6095678e+00   5.5703405e-02  -2.1347785e-02   2.2064401e-02
  -4.5653865e-03   1.1108791e+00   2.7205272e+00   5.5531721e-02  -2.1687922e-02   2.2214519e-02
  -6.7986911e-03   1.0122218e+00   2.6116888e+00   5.4994050e-02  -2.1255712e-02   2.2364302e-02
  -9.0886524e-03   1.0921261e+00   2.7390265e+00   5.4852283e-02  -2.1511740e-02   2.2278332e-02
  -8.5988442e-03   9.9746927e-01   2.6160403e+00   5.5609631e-02  -2.1141144e-02   2.2082721e-02
   7.5302051e-03   1.2491470e+00   2.9270647e+00   5.3502188e-02  -2.1961768e-02   2.2612406e-02
  -4.1786118e-02   1.0174307e+00   2.8041452e+00   5.5281221e-02  -2.0639158e-02   2.2613294e-02
  -4.2598235e-02   9.7143368e-01   2.7470011e+00   5.5616224e-02  -1.9433364e-02   2.2879351e-02
  -3.7284296e-02   1.0634553e+00   2.7484990e+00   5.4443159e-02  -1.8982287e-02   2.3151209e-02
  -2.7126980e-02   1.0395846e+00   2.6992712e+00   5.3492685e-02  -1.9120874e-02   2.3389593e-02
  -2.3767155e-02   1.0860031e+00   2.7110931e+00   5.4570399e-02  -1.8634280e-02   2.3266625e-02
  -2.6776635e-02   1.0593869e+00   2.7273926e+00   5.4613028e-02  -1.8682535e-02   2.3313584e-02
  -3.0765869e-02   1.0827907e+00   2.7708470e+00   5.4115168e-02  -1.8454952e-02   2.3477515e-02
  -3.3696986e-02   1.0128766e+00   2.7372724e+00   5.4928891e-02  -1.8526007e-02   2.3535991e-02
  -3.4752968e-02   1.0486543e+00   2.7107909e+00   5.3725565e-02  -1.8206804e-02   2.3527962e-02
  -3.6979480e-02   1.0747034e+00   2.7562816e+00   5.4284307e-02  -1.8192805e-02   2.3614386e-02
  -4.5282863e-02   1.0472894e+00   2.6921555e+00   5.3150267e-02  -1.8060712e-02   2.3607550e-02
   2.3278904e-01   5.3312110e-01   2.1408824e+00  -2.4519394e-02  -1.8017253e-02   3.0922618e-02
   2.9157048e-01   1.0707428e+00   2.0310911e+00  -6.8183685e-03  -1.3781804e-02   3.0897172e-02
   2.5563900e-01   1.0560021e+00   2.1039158e+00  -4.2052222e-03  -1.2966668e-02   2.9889271e-02
   2.6128435e-01   1.0068009e+00   2.0452459e+00  -2.3872241e-03  -1.2279873e-02   2.9900911e-02
   2.5256991e-01   1.1218317e+00   2.1863658e+00  -2.5567384e-03  -1.2597356e-02   2.9339081e-02
   2.2065927e-01   1.0399065e+00   2.0825286e+00  -2.8374571e-03  -1.2039145e-02   2.8377309e-02
   2.3309797e-01   1.1021534e+00   2.1159606e+00  -4.2564196e-03  -1.1827780e-02   2.8679217e-02
   2.3197688e-01   1.0792486e+00   2.2122134e+00  -1.7800595e-03  -1.1977191e-02   2.9773294e-02
   2.4249619e-01   1.0476476e+00   2.1087822e+00  -1.3349854e-03  -1.2153234e-02   2.9429329e-02
   2.3737667e-01   1.1074066e+00   2.1450001e+00  -1.3061857e-03  -1.2221240e-02   2.9361199e-02
   2.3179399e-01   9.9131146e-01   1.9116009e+00  -8.2960044e-05  -1.1204133e-02   2.8823852e-02
   2.2870732e-01   1.1727629e+00   2.1477625e+00  -5.6049905e-04  -1.1698578e-02   2.9058267e-02
   1.9859140e-01   1.0029926e+00   2.0584763e+00   6.3518290e-04  -1.0810601e-02   2.9200183e-02
   2.0788763e-01   1.0842200e+00   2.1526695e+00  -4.8759218e-04  -1.1039449e-02   2.9624339e-02
   1.1232934e-01   8.1593268e-01   1.4306648e+00   4.5571528e-03  -1.2284304e-02   2.5084002e-02
   7.4844697e-02   7.7439078e-01   1.3100596e+00   1.0798581e-02  -1.1900314e-02   2.5911341e-02
   5.8271988e-02   8.0734696e-01   1.6671168e+00   1.5252837e-02  -9.0930623e-03   2.6664303e-02
   4.9686546e-02   8.5058259e-01   1.8087235e+00   1.5214748e-02  -8.8462526e-03   2.6768959e-02
   4.1613881e-02   7.2795707e-01   1.6617975e+00   1.5736723e-02  -7.1756656e-03   2.7574568e-02
   8.2838963e-02   7.7315223e-01   1.5506078e+00   1.7100861e-02  -7.3770725e-03   2.8388846e-02
   1.8300412e-01   6.5479706e-01   1.4930282e+00   1.4413509e-02  -7.6316266e-03   2.9819253e-02
   1.9438716e-01   9.1740336e-01   1.4789401e+00   1.4567987e-02  -8.2931736e-03   3.0318911e-02
   1.2784285e-01   7.9418460e-01   1.3799380e+00   1.6091347e-02  -6.7753390e-03   3.0043922e-02
   1.2595135e-01   8.7102075e-01   1.3588875e+00   1.6131555e-02  -5.7732855e-03   3.0680329e-02
   1.2932631e-01   8.9928987e-01   1.3997101e+00   1.6162821e-02  -6.4814266e-03   3.0453122e-02
   1.2147277e-01   8.3893147e-01   1.3393805e+00   1.6923043e-02  -5.9392934e-03   3.0488991e-02
   1.1611055e-01   8.6831528e-01   1.2750434e+00   1.7177701e-02  -5.2151486e-03   3.0307355e-02
   1.0285009e-01   9.3032348e-01   1.3495488e+00   1.7813882e-02  -5.7374341e-03   3.0488980e-02
   1.0289796e-01   9.4423516e-01   1.4038835e+00   1.5544670e-02  -6.6130425e-03   3.0422506e-02
   9.2829001e-02   9.1003608e-01   1.3549457e+00   1.4408613e-02  -5.7344038e-03   3.0370737e-02
   1.2464794e-01   9.0465305e-01   1.3540202e+00   1.5164508e-02  -5.9336379e-03   3.1849425e-02
   1.1502893e-01   7.8466750e-01   1.2718568e+00   1.7583963e-02  -5.4585814e-03   3.1585009e-02
   8.9453422e-02   9.6731518e-01   1.4144494e+00   1.8481500e-02  -8.3187250e-03   2.9436108e-02
   7.4608810e-02   8.8523460e-01   1.3478488e+00   2.2083862e-02  -9.6088654e-03   3.0115596e-02
   6.9470776e-02   7.5940387e-01   1.2414333e+00   2.0782182e-02  -8.7199242e-03   2.9933078e-02
   9.2111277e-02   9.0233749e-01   1.3450742e+00   2.2930788e-02  -9.1012916e-03   3.2020565e-02
   1.5871999e-01   7.6001964e-01   1.2344570e+00   2.2304001e-02  -1.0416038e-02   3.0681578e-02
  -2.0472774e-02   5.4447709e-01   8.2558511e-01   1.9474205e-02  -6.1621949e-03   2.9748787e-02
  -1.1186604e-02   6.7635348e-01   5.2298375e-02   2.7840227e-02  -5.2489814e-03   3.0874228e-02
   8.8635380e-04   8.3033055e-01   1.6221877e-01   2.7763819e-02  -5.8848046e-03   3.1383433e-02
   1.1982567e-02   9.0585537e-01   3.5463161e-01   2.6818197e-02  -5.4913445e-03   3.2127517e-02
  -2.7985514e-02   6.5583268e-01  -1.8622678e-01   2.4930766e-02  -2.3970966e-03   3.2570962e-02
  -2.4972264e-03   7.3904710e-01  -1.8588784e-01   2.5303217e-02  -1.8772766e-03   3.2691010e-02
  -5.9445278e-04   8.1957270e-01  -1.5300094e-01   2.6973955e-02  -8.9694259e-04   3.3087797e-02
  -7.8037973e-02   8.8199209e-01  -2.4583352e-02   3.2618549e-02  -1.3864574e-03   2.9104108e-02
  -6.1644253e-02   7.5562355e-01  -2.9623026e-02   3.1230434e-02  -1.2024164e-03   3.0081013e-02
  -4.3308837e-02   7.8162883e-01  -4.6392370e-02   3.0529645e-02  -9.8513482e-04   3.0978291e-02
  -2.4522892e-04   1.0090186e+00   4.8075215e-01  -2.6683415e-03  -9.2066561e-03   2.4828619e-02
   1.9590188e-02   1.1219137e+00   5.7498484e-01  -8.9178632e-04  -8.6834539e-03   2.5532564e-02
