   0.0000000e+00   0.0000000e+00   0.0000000e+00   0.0000000e+00   0.0000000e+00   0.0000000e+00
  -8.2182906e-02   1.1332197e-01  -4.3179543e-01  -1.9619640e-03  -9.8618253e-04  -5.3191714e-04
  -8.7883390e-02   8.6998315e-02  -3.8519331e-01  -2.7537494e-03  -8.6680603e-04  -2.1942529e-04
  -7.4438740e-02   8.5148973e-02  -2.6004075e-01  -4.1726187e-03  -4.5595973e-04  -1.5876100e-04
  -7.2009248e-02   9.1076139e-02  -1.9047807e-01  -4.6088354e-03  -9.8467993e-04  -1.9714695e-04
  -7.8869542e-02   1.0832998e-01  -2.5772407e-01  -4.5721183e-03  -9.6382393e-04  -4.6626804e-04
  -7.2031655e-02   6.6189453e-02  -1.9086755e-01  -5.7541319e-03  -2.1708407e-03  -2.0958638e-04
  -9.6070129e-02   1.9992907e-02  -4.5278984e-01  -6.4376432e-03  -3.6881966e-03  -7.4350664e-04
  -1.2268659e-01   1.1088246e-01  -7.1492228e-01  -5.9439227e-03  -3.9498931e-03  -5.4794537e-04
  -1.3076559e-01   1.3000756e-01  -4.6360963e-01  -6.8830943e-03  -3.2385844e-03  -6.2908635e-05
  -1.4609360e-01   1.3912991e-01  -3.9643842e-01  -7.4003371e-03  -3.6016238e-03  -1.9506329e-07
  -1.4428825e-01   1.0409078e-01  -4.7027101e-01  -7.4586142e-03  -3.5760535e-03   1.5144993e-04
  -1.4699566e-01   1.5730104e-01  -3.8671692e-01  -8.1699012e-03  -3.7690430e-03   1.1258840e-04
  -1.5053161e-01   1.4092411e-01  -4.5277989e-01  -7.8792009e-03  -3.8050902e-03   2.0678078e-04
  -1.4884165e-01   1.2747757e-01  -4.0948115e-01  -8.3137911e-03  -3.6180602e-03   3.0783981e-04
  -2.9392172e-02   6.4716098e-02  -2.3609371e-01  -2.0117047e-03  -3.6462346e-03  -4.4727249e-04
   2.4322842e-02   1.8831663e-02  -2.1856072e-01  -3.1104587e-03  -2.6407866e-03   1.2660363e-03
  -8.7678291e-02   7.7690460e-02  -7.2947690e-01  -1.0413472e-03  -2.8368459e-04   6.6838730e-04
  -9.6678639e-02   1.1250567e-01  -7.1996815e-01  -4.2204105e-03  -1.4721648e-03   2.3650066e-04
  -1.3255767e-01   1.4286681e-01  -6.8912955e-01  -4.4296107e-03  -1.7727248e-03   1.5798699e-04
  -1.5346151e-01   9.2399939e-02  -6.8770588e-01  -5.2392710e-03  -2.3782344e-03   1.4244753e-04
  -1.4454728e-01   1.2273453e-01  -6.5985478e-01  -7.1336058e-03  -2.4982903e-03  -5.4488429e-06
  -1.3724422e-01   1.1716631e-01  -6.4329712e-01  -6.7195588e-03  -2.6849899e-03   1.3698906e-04
  -1.4466018e-01   1.2367412e-01  -6.1898691e-01  -6.8197070e-03  -2.6894751e-03   2.2418371e-04
  -1.4579108e-01   1.4348158e-01  -6.1983829e-01  -7.0124659e-03  -3.1738185e-03  -4.5520573e-05
  -1.5965119e-01   1.0266067e-01  -1.2627394e+00  -6.1996894e-03  -2.7394704e-03   5.5075060e-04
  -1.4520097e-01   1.0718991e-01  -4.9565671e-01  -9.2954292e-03  -2.8795293e-03   1.8594907e-04
  -1.4949995e-01   9.6020562e-02  -5.2382121e-01  -8.4449010e-03  -3.0205201e-03   8.9495017e-05
  -1.5414949e-01   7.4776280e-02  -5.1944174e-01  -9.3063226e-03  -3.2013166e-03   1.8041811e-04
  -1.5701457e-01   1.3136940e-01  -4.7296648e-01  -9.4913928e-03  -3.3997335e-03   2.6700107e-04
  -1.5706558e-01   8.6435721e-02  -5.6019568e-01  -8.7046725e-03  -3.5442365e-03   2.8595515e-04
  -1.5682996e-01   1.2312839e-01  -5.1744621e-01  -9.3982722e-03  -3.5417906e-03   4.2909394e-04
  -1.6062086e-01   1.1270425e-01  -5.2157469e-01  -1.0418422e-02  -3.5890893e-03   2.4563732e-04
  -1.5802519e-01   1.2174985e-01  -5.4543248e-01  -1.0268303e-02  -3.4961235e-03   3.0612498e-04
  -1.5237276e-01   1.1049126e-01  -4.7043039e-01  -1.0870565e-02  -3.5861613e-03   4.6379989e-04
  -1.4089766e-01   6.4226577e-02  -4.0435777e-01  -4.7879456e-03  -4.0252423e-03   3.9200997e-04
   3.2294183e-01   9.5459746e-02   5.2464685e-01   9.2971629e-03  -1.2079545e-02   2.7565524e-03
   3.5532083e-01  -1.9248557e-01   1.5157210e-01  -3.4794392e-03  -1.6179463e-03   1.7525904e-03
   9.2126292e-02  -4.9778315e-02  -2.3477000e-01  -9.6228860e-03  -2.5243401e-03   1.8171136e-03
   4.7270219e-02  -3.4548780e-03  -2.8490661e-01  -6.3292315e-03  -2.3681373e-03   1.1926960e-03
   2.7458710e-02  -5.2346437e-02  -2.5806302e-01  -6.9856174e-03  -2.2342907e-03   9.9404949e-04
   1.2529716e-03  -1.9264113e-02  -2.7289836e-01  -7.1153157e-03  -2.8725543e-03   9.3443151e-04
  -2.0462767e-02   2.3223324e-02  -2.4657994e-01  -8.8668896e-03  -2.8493785e-03   5.2884553e-04
  -1.1696618e-02   7.9080763e-03  -2.8583536e-01  -8.5719361e-03  -3.8825212e-03   1.0165113e-03
  -2.8913662e-02   5.1921063e-02  -2.9345965e-01  -8.0276872e-03  -4.4888450e-03   1.0509209e-03
  -3.6780408e-02   3.4709337e-02  -3.2940491e-01  -8.2846747e-03  -4.6695107e-03   9.7388327e-04
  -4.1576161e-02   3.3679428e-02  -2.8093704e-01  -8.8938643e-03  -5.2597154e-03   1.1567360e-03
  -5.2084302e-02   2.3688947e-02  -3.3625295e-01  -8.9780245e-03  -5.6217323e-03   1.3216513e-03
  -5.5488063e-02   4.1324256e-02  -3.0437520e-01  -9.0532354e-03  -5.6814919e-03   1.2886024e-03
  -6.0692896e-02   4.6939922e-02  -3.4257072e-01  -7.8170233e-03  -5.6151862e-03   1.3111501e-03
  -6.1906578e-02   4.4600991e-02  -3.4455172e-01  -8.1550580e-03  -5.8026799e-03   1.1381689e-03
  -6.7024626e-02   5.9070025e-02  -3.2612685e-01  -9.3950635e-03  -5.8917500e-03   1.1798572e-03
  -6.7551499e-02   1.1785210e-01  -3.5343410e-01  -9.2959740e-03  -5.8103006e-03   1.0467758e-03
  -3.7546580e-02   6.3156543e-02  -3.6641078e-01  -9.2733283e-03  -5.7323442e-03   1.8229846e-03
  -2.4599430e-02   5.0904089e-02  -3.1443043e-01  -9.4736597e-03  -5.9980432e-03   2.4033618e-03
  -2.6732366e-02   9.6460975e-02  -2.9386327e-01  -1.0079620e-02  -6.5349353e-03   2.2675262e-03
  -6.9279198e-02   7.1809264e-02  -3.8248930e-01  -9.6793943e-03  -6.3916500e-03   1.3354208e-03
  -7.2656796e-02   6.3583736e-02  -4.0611052e-01  -9.4686103e-03  -6.2377164e-03   1.6003393e-03
  -7.9909151e-02   1.1528219e-01  -3.0413859e-01  -9.9359287e-03  -6.6410308e-03   1.6597424e-03
  -1.0230392e-01   2.6363129e-01   2.7520651e-01   3.9502089e-03  -1.8969707e-03  -1.5606433e-03
  -4.0525325e-02   1.1567750e-01   2.2620925e-01  -6.9071597e-03  -7.0988471e-04  -1.0912848e-03
  -9.5148895e-02   5.8502314e-02   2.1469879e-01  -6.7572699e-03  -1.0430666e-03  -6.1510682e-04
  -1.1956092e-01   8.2690794e-02   3.4977550e-01  -6.2893976e-03  -7.1374006e-04  -5.9671566e-04
  -1.2472565e-01   4.9440725e-02   1.3339127e-01  -7.5977919e-03  -8.2936963e-04   3.2452214e-05
  -1.1993195e-01   4.4739269e-02   2.7551698e-01  -8.6730031e-03  -1.2241639e-03  -1.4988994e-04
  -1.6988608e-01   1.0915558e-01   5.6100516e-01  -6.5249374e-03  -3.1858676e-03   1.5867213e-04
  -2.0122524e-01   8.4242444e-02   1.0183377e+00  -6.0202991e-03  -4.2383444e-03   4.0302561e-04
  -1.8705263e-01  -7.5457759e-02   8.3965820e-01  -6.3546779e-03  -3.3294675e-03   3.2120011e-04
  -1.8176556e-01  -9.4268562e-03   7.6152566e-01  -6.9175137e-03  -3.2447949e-03  -1.0740123e-04
  -1.8471592e-01   4.5187039e-03   8.0745091e-01  -7.8324808e-03  -3.1549537e-03   5.9867885e-05
  -1.7773952e-01  -9.4015881e-02   7.3092576e-01  -7.6833993e-03  -3.3585195e-03  -1.0256012e-04
  -1.7680537e-01  -1.7931023e-02   7.0734999e-01  -7.9357352e-03  -3.2977253e-03  -4.7720434e-04
  -8.8040433e-02   2.8060469e-02   9.6396497e-01  -7.3865804e-03  -3.6144279e-03  -6.9583044e-04
   6.4638012e-01  -1.2027893e-01   1.7497403e+00  -5.0049248e-03   3.0137132e-04  -7.0971396e-03
   1.9747606e-01  -3.7642034e-01  -1.7079500e+00  -2.1803685e-03  -1.0035465e-02   1.4168294e-03
   3.9498214e-02  -1.4167210e-01  -4.0056019e+00   4.9660277e-03  -1.7386190e-02   1.9650525e-03
  -3.4055870e-02  -1.1351103e-01  -4.3937437e+00   5.8215263e-03  -1.8755369e-02   1.6143889e-03
  -6.4602636e-02   5.8639284e-02  -4.3295317e+00   5.3348837e-03  -1.7982211e-02   6.8787100e-04
  -1.0428631e-01   1.0968748e-01  -3.4554322e+00   2.9056897e-03  -1.4185086e-02   4.9793391e-04
  -2.1782836e-01   2.9801592e-01  -2.1619517e+00  -3.3508072e-03  -1.1372065e-02   1.4119571e-03
  -2.0759217e-01   5.0210550e-02  -1.9053461e+00  -6.6267178e-03  -9.2659335e-03   1.7995659e-03
  -2.2555095e-01   2.6076919e-02  -1.7442553e+00  -1.2823462e-02  -8.9933709e-03   1.1169217e-03
  -2.3622140e-01   7.6261685e-02  -1.7379644e+00  -1.3747993e-02  -7.2545336e-03   5.6031883e-04
  -2.5719477e-01  -8.6719259e-02  -2.0441381e+00  -1.6909790e-02  -4.6271091e-03   8.6973553e-05
  -1.7076486e-01   9.1545237e-02  -1.1224622e+00  -1.1526689e-02  -6.0957345e-03  -9.3191448e-04
  -1.6916572e-01   1.3777152e-01  -1.1829889e+00  -1.6917961e-03  -1.2949824e-03  -2.3520846e-03
  -1.9909616e-01  -3.9236267e-02  -1.2918184e+00  -1.7010355e-02   9.8509810e-04  -1.4807019e-03
  -2.2351341e-01   1.4276966e-02  -1.3671888e+00  -1.4348054e-02  -1.2278660e-03  -1.7892145e-03
  -2.4514194e-01   9.7911807e-02  -1.2969894e+00  -1.6359081e-02  -1.4770783e-03  -1.6375893e-03
  -2.3734709e-01  -3.1432095e-02  -1.5225997e+00  -8.9709716e-03   1.6964313e-03   4.2012570e-04
  -2.2158270e-01   7.0344655e-02  -1.4325865e+00  -1.3929903e-02   1.0457423e-03   3.8228154e-04
  -2.1755321e-01   3.6217864e-01  -1.5010525e+00   2.1809424e-03  -1.3223626e-03  -4.3501625e-04
  -2.0224757e-01   2.7104259e-01  -1.2734022e+00   4.3070308e-03  -3.1443314e-03  -5.0791833e-04
  -1.9060648e-01   2.0805869e-01  -1.3088328e+00   4.8145845e-03  -3.0052967e-03  -8.9287305e-04
  -1.9365999e-01   2.0046951e-01  -1.1728763e+00   5.2671883e-03  -3.8539206e-03  -3.8379709e-04
  -2.0954825e-01   1.9459967e-01  -1.3059808e+00   6.4983674e-03  -3.5656267e-03  -6.6960401e-04
  -2.0853355e-01   2.3019520e-01  -1.2434058e+00   5.4835840e-03  -3.9695679e-03  -4.9340942e-04
  -1.8103792e-01   5.3276076e-02  -1.1220260e+00   5.5144121e-03  -5.7499171e-03  -4.8661078e-04
  -1.5374171e-01   1.8721623e-01  -1.6242075e+00   1.0856473e-03  -6.6691829e-03   1.1032014e-03
  -1.6995291e-01   1.9656557e-01  -1.5127997e+00   2.0496335e-03  -6.9497279e-03   1.5431708e-03
  -1.6216589e-01   7.6221560e-02  -1.5826595e+00   2.1219580e-03  -7.0263154e-03   1.3540274e-03
  -1.7188749e-01   2.3296558e-01  -1.5318525e+00   4.8664497e-04  -6.8665150e-03   1.1461905e-03
  -1.7533324e-01   2.3849829e-01  -1.5494661e+00   3.5724462e-04  -7.0940730e-03   1.0222135e-03
  -1.7690719e-01   1.0275007e-01  -1.5514250e+00   2.6211166e-04  -6.9908350e-03   7.2466790e-04
  -1.7421232e-01   2.5014934e-01  -1.4993848e+00   6.9182666e-04  -6.9893489e-03   3.8424619e-04
  -1.6500240e-01   2.4705946e-01  -1.5052573e+00   2.1424477e-03  -7.1151630e-03   1.1798260e-03
   3.0380965e-01   2.7454869e-01  -2.9761259e-01   1.0940304e-02  -1.5651335e-02  -1.7585494e-03
   1.5212838e+00   4.7585819e-02   3.6357687e-01   1.2726846e-02  -2.0668191e-04   3.3464024e-04
   1.4923346e+00   7.4167087e-03   4.8571095e-01   1.3529537e-02  -7.3349826e-04  -4.6286423e-04
   9.5899258e-01   2.0183476e-01   4.7049853e-01   3.2400563e-02  -3.6792164e-03   4.2399268e-04
   7.5792057e-01   3.8291182e-02   3.7337774e-01   5.0853428e-02  -4.5402753e-03   3.2531343e-03
   4.9138062e-01  -1.8260239e-01   5.4867617e-03   9.1885115e-02  -8.2428385e-03   3.7939653e-03
   4.3337089e-01   1.3387760e-01   1.0534479e+00   1.9025908e-01  -1.7526045e-02   4.6840332e-03
   2.0680601e-01   7.3586193e-02  -1.1356861e+00   6.7741229e-02  -6.1083786e-03   3.7423970e-03
  -4.3288859e-02   1.8171261e-01  -1.8135366e+00   1.5767305e-02  -4.3233055e-03   2.1161254e-03
  -1.1540340e-01   1.9877409e-01  -1.3994738e+00   1.0750965e-02  -5.9675158e-03   2.2116522e-03
  -1.3640046e-01   2.5431327e-01  -1.3621763e+00   1.0690339e-02  -7.3973140e-03   2.0886092e-03
  -1.5373482e-01   2.7076100e-01  -1.3199989e+00   1.0072708e-02  -8.6048664e-03   1.9992592e-03
  -1.7064766e-01   2.9295743e-01  -1.2928350e+00   9.1308711e-03  -8.8250724e-03   1.9718869e-03
  -1.7807067e-01   2.4923649e-01  -1.2976459e+00   8.5965467e-03  -8.8835684e-03   1.9698598e-03
  -1.8082083e-01   2.5724350e-01  -1.3148211e+00   8.1293675e-03  -8.9956887e-03   2.0359409e-03
  -1.6131652e-01   3.6293412e-01  -1.3120208e+00   8.2798870e-03  -9.1767564e-03   1.9163882e-03
   4.5494978e-01   2.2372869e-01  -8.7725848e-01   1.0575084e-02  -5.0340373e-03  -2.3755425e-03
   1.1478250e+00  -4.9665818e-02  -7.0994745e-01   1.0283452e-02  -6.5935972e-03  -4.7799530e-03
   1.6698899e+00  -1.1525135e-01  -5.0082543e-01   4.9180427e-03  -4.6982021e-04  -9.8843521e-03
   1.7322990e+00  -1.6300427e-01  -5.6821145e-01   3.2691936e-03   2.2536512e-03  -9.1683616e-03
   1.8251225e+00  -8.7254068e-02  -4.6918748e-01   4.6835197e-03   2.5244501e-03  -1.1185182e-02
   1.4335943e+00   2.1708243e-01  -5.0329198e-01   1.1091226e-02   3.5822359e-03  -6.1939355e-03
   5.4081507e-01   3.2906656e-01  -1.2140214e+00   1.1058438e-02  -2.1527936e-03   1.5777565e-03
   2.0742564e-03   3.3181977e-01  -7.6103332e-01   8.3470482e-03  -6.7642899e-03   8.0045207e-03
  -1.9244611e-01   3.4221354e-01   5.8047722e-02   1.3642611e-02  -2.6392500e-03   8.5518278e-03
  -6.0747754e-01   1.9658084e-02   2.7903734e-01   1.1564352e-02  -7.1954433e-03   1.2109318e-02
  -7.6877682e-01   1.3063179e-02   3.8985525e-01   9.2335183e-03  -1.0232201e-02   1.2284916e-02
  -8.4973490e-01  -2.4037777e-02   4.2636607e-01   6.6402593e-03  -1.0130266e-02   1.2473161e-02
  -8.9450690e-01   1.6957904e-02   4.2241562e-01   4.3841788e-03  -1.0300638e-02   1.1432490e-02
  -1.2864969e+00  -2.1430684e-01  -6.3917790e-01  -1.9331531e-03  -8.7785350e-03   1.7477409e-02
  -1.6381001e+00  -4.1244931e-01  -1.2857023e+00  -5.9369223e-03  -7.0511107e-03   2.1652587e-02
  -2.0438616e+00  -1.9012408e-01  -1.5442114e+00  -4.1422638e-03  -8.4258290e-03   2.3056346e-02
  -2.1574712e+00  -4.2258977e-02  -1.3860715e+00   3.8026212e-04  -1.0442467e-02   2.1691220e-02
  -2.8380572e+00   3.2328452e-02  -4.4025451e-01   9.8042853e-03  -1.3619480e-02   2.4201898e-02
  -3.2929709e+00  -2.3514528e-02  -2.4992796e-01   1.2863292e-02  -1.7272923e-02   2.1800791e-02
  -3.1643958e+00  -1.1487448e-01  -2.2830817e-01   1.0109504e-02  -1.5062106e-02   2.2511489e-02
  -2.9290770e+00   1.0298459e-01  -1.5114778e-01   1.2410686e-02  -1.5390159e-02   2.0921416e-02
  -1.4270855e+00   6.3548177e-01   3.5713301e-01   3.0803181e-02  -1.2632401e-02   1.2257250e-02
  -1.2110412e+00  -3.2198107e-01  -2.0739442e+00   6.7606899e-02  -1.5679004e-02   1.5184954e-02
  -9.1236012e-01  -5.0567307e-01  -1.9085861e+00   2.1471359e-01  -2.6406138e-02   4.4106871e-03
  -8.2950184e-01  -2.1197152e-01  -1.7539202e+00   2.2674895e-01  -2.6865620e-02   6.0780806e-03
  -7.1053525e-01  -5.0536284e-02  -1.9171690e+00   2.9509283e-02  -4.0183604e-03   7.4894774e-03
  -7.6763822e-01   1.9859816e-01  -1.5392785e+00   1.6322634e-02  -5.5397824e-03   7.5696653e-03
  -7.9345151e-01   3.2244047e-01  -1.4799271e+00   1.2281606e-02  -5.3308550e-03   5.3628837e-03
  -8.3036449e-01   3.6492126e-01  -1.3700840e+00   1.3436033e-02  -5.2172033e-03   5.4522873e-03
  -8.1725012e-01   3.2101212e-01  -1.4030207e+00   1.1909689e-02  -5.9619615e-03   5.2232817e-03
  -8.2617143e-01   3.5357187e-01  -1.3517064e+00   1.2543659e-02  -5.8223163e-03   5.2497323e-03
  -8.1514140e-01   2.1790505e-01  -1.3150963e+00   1.6493625e-02  -3.9326450e-03   5.1740235e-03
  -8.3538073e-01   3.2142942e-01  -1.3941581e+00   1.7891891e-02  -3.2281731e-03   4.3108534e-03
  -7.5488042e-01   3.9380173e-01  -9.8425254e-01   1.7566717e-02  -4.6869729e-03   4.4293200e-03
  -7.8647833e-01   3.1103789e-01  -1.1707125e+00   1.7401602e-02  -3.4923590e-03   4.8362011e-03
  -7.9616999e-01   3.3548944e-01  -1.1469047e+00   1.8211510e-02  -3.1215747e-03   4.8450934e-03
  -8.1152243e-01   4.3779212e-01  -1.0635732e+00   1.9870931e-02  -2.7998950e-03   4.6347363e-03
  -7.9689655e-01   3.8779671e-01  -1.0476271e+00   1.9244648e-02  -3.1739473e-03   4.6742554e-03
  -8.1053395e-01   3.0609401e-01  -1.1260816e+00   1.6233332e-02  -4.3635067e-03   4.1524220e-03
  -7.1661406e-01   3.4929817e-01  -3.3673666e-01   1.6072673e-02  -2.7538672e-03   3.6296180e-03
  -6.1923763e-01   4.4963577e-01  -2.2970604e-01   1.6251957e-02  -4.8619844e-03   2.0138246e-03
  -5.9925570e-01   2.9090147e-01  -6.2683702e-02   1.3034331e-02  -5.6314855e-03   1.0874908e-03
  -6.0494567e-01   3.0711391e-01  -6.6749297e-02   1.2684616e-02  -5.4282504e-03   1.1610588e-03
  -6.1581514e-01   3.0595293e-01   7.0165681e-02   1.3550144e-02  -5.7935389e-03   1.0540146e-03
  -6.1670034e-01   2.5905198e-01  -4.9450269e-02   1.3464985e-02  -5.6189652e-03   1.2557321e-03
  -6.0309982e-01   3.0833809e-01   6.3711253e-04   1.2592913e-02  -6.0224801e-03   1.2012976e-03
  -5.9904733e-01   2.9668692e-01  -1.4464836e-02   1.2183907e-02  -6.4301989e-03   1.1727020e-03
  -6.0792224e-01   2.8137746e-01   2.6332342e-02   1.1327678e-02  -6.4356198e-03   1.2702441e-03
  -6.0823039e-01   2.9778304e-01   3.0087574e-02   1.0978820e-02  -6.3155029e-03   1.3682014e-03
  -6.0510511e-01   2.8650577e-01  -7.0657450e-03   1.1293790e-02  -6.4531472e-03   1.3124957e-03
  -6.1779543e-01   3.0485972e-01   5.8118110e-02   1.0249417e-02  -6.2996902e-03   1.3931803e-03
  -6.1610412e-01   3.0221735e-01   1.2886529e-02   9.8429719e-03  -6.2453064e-03   1.3729050e-03
  -6.0954612e-01   3.0287195e-01  -3.0832626e-02   1.0016410e-02  -6.3710851e-03   1.3306488e-03
  -6.1777022e-01   2.7908370e-01  -2.1519935e-01   1.0167435e-02  -6.5197459e-03   1.5518059e-03
  -6.1587638e-01   2.9491425e-01  -2.8946801e-01   1.0475075e-02  -6.6274606e-03   1.6569373e-03
  -6.1369011e-01   3.3460254e-01  -3.1429872e-01   1.0663262e-02  -6.5539565e-03   1.4948315e-03
  -4.4326387e-01   4.0445826e-01  -1.9072184e-01   1.6120822e-02  -5.0540070e-03   1.1390787e-04
  -9.1112008e-02   4.0233268e-01   9.1347199e-01   2.0550786e-02   1.8624672e-03  -3.6499808e-03
  -1.9580879e-01   2.9455549e-01   7.3618969e-01   1.9207768e-02  -1.5232697e-03  -1.3870830e-03
  -2.3114864e-01   2.4578268e-01   8.9298043e-01   1.8591454e-02  -1.3918307e-03  -1.7287365e-04
  -2.4223429e-01   2.3127417e-01   7.0705871e-01   1.8520624e-02  -9.1244258e-04  -1.2768621e-04
  -2.7389099e-01   2.3348801e-01   8.0044624e-01   1.9894410e-02  -1.1949731e-03  -1.2322518e-04
  -3.5960193e-01   2.9546229e-01   7.5562428e-01   1.8635565e-02  -8.1721801e-04  -2.0347100e-03
  -3.6916897e-01   2.4485760e-01   6.9114036e-01   2.0091503e-02  -2.6394734e-04  -2.2053425e-03
  -3.7680193e-01   2.7670448e-01   7.6699121e-01   1.7454121e-02  -6.3250213e-04  -2.4560441e-03
  -3.6793340e-01   4.0677510e-02  -8.1177059e-01   1.7575713e-02  -2.3108593e-03   1.9435879e-04
