   0.0000000e+00   0.0000000e+00   0.0000000e+00   0.0000000e+00   3.4694470e-18   0.0000000e+00
   1.5907263e-02  -1.3540175e-02  -1.7184894e-02  -1.1656561e-04  -1.1460244e-03  -3.5351901e-04
   4.0766322e-02   3.0270378e-02   5.1155832e-02  -3.2968182e-04  -9.9378543e-04  -2.8228371e-04
   5.8309850e-02   5.7141899e-03  -1.1463583e-01  -1.0433756e-04  -1.7786751e-03  -6.1917442e-04
   5.9800153e-02   3.7362014e-02  -4.5867271e-02   1.4061292e-04  -1.7221308e-03  -8.5442832e-04
   5.7293634e-02   3.0808315e-02  -4.3658537e-02  -4.1021427e-05  -1.5559256e-03  -1.0971273e-03
   7.8956159e-02   1.0584781e-02  -5.3434840e-02   9.2183532e-04  -2.2448143e-03  -1.1791623e-03
   6.5133983e-02   4.3390512e-02   1.9895287e-02   4.6610226e-04  -1.6391462e-03  -1.0410875e-03
   6.9697803e-02   5.1512396e-02  -2.3298494e-02   1.5468879e-03  -1.9018793e-03  -1.1362072e-03
   1.1705854e-01   4.4346464e-02  -2.9687521e-01  -1.5428280e-03  -1.4300759e-03  -1.9105430e-03
   1.9397340e-01   7.0256926e-02  -4.9541851e-01  -4.3871044e-03  -9.1008868e-04  -2.0196850e-03
   1.7088657e-01   7.8918127e-02  -3.6254325e-01  -4.1376266e-03  -7.3387001e-04  -1.7168371e-03
   1.3951093e-01   1.1192621e-01  -2.7338719e-01  -4.1374504e-03  -8.1821056e-04  -1.0516526e-03
   1.4149530e-01   7.3294178e-02  -2.7156137e-01  -3.8089472e-03  -1.6329270e-03  -1.1350003e-03
   1.1277580e-01   7.4324193e-02  -1.5990563e-01  -3.6300380e-03  -1.3650764e-03  -7.7615918e-04
   1.0974629e-01   7.4193551e-02  -1.9947625e-01  -4.0758835e-03  -1.6156986e-03  -1.0674857e-03
   1.0790097e-01   9.0076062e-02  -2.0977000e-01  -4.5939597e-03  -1.8516712e-03  -1.1062581e-03
   9.3600643e-02   1.0294093e-01  -1.4812455e-01  -4.3590548e-03  -1.6780940e-03  -6.0603921e-04
   9.2488119e-02   1.0072794e-01  -1.8038933e-01  -4.8132302e-03  -1.8090857e-03  -9.1025749e-04
   1.0091932e-01   8.8914972e-02  -1.8932834e-01  -3.4216380e-03  -2.1785803e-03  -4.8889737e-04
   9.6804298e-02   1.1461543e-01  -1.2841674e-01  -3.5554230e-03  -2.1041319e-03  -1.1271282e-04
   9.7329122e-02   1.0312537e-01  -2.1953450e-01  -3.2680385e-03  -2.0749206e-03  -4.8211084e-04
   8.7583959e-02   1.1831899e-01  -1.8971759e-01  -3.5401960e-03  -1.9036084e-03  -6.8286523e-04
   7.9687888e-02   1.3993425e-01  -1.6600251e-01  -3.7871754e-03  -1.6942986e-03  -5.9814595e-04
   9.5406779e-02   9.6239108e-02  -2.1184603e-01  -3.9283752e-03  -2.0398361e-03  -3.9595176e-04
   8.5466163e-02   1.0460360e-01  -1.4302938e-01  -4.2455714e-03  -1.8981625e-03  -4.4494605e-04
   8.7140423e-02   1.0128548e-01  -1.6897118e-01  -4.5174222e-03  -1.9857567e-03  -2.3804717e-04
   9.9441664e-02   8.1357155e-02  -2.0155985e-01  -3.8689356e-03  -2.2948714e-03  -4.3276515e-04
   8.8957705e-02   9.7439037e-02  -1.4458931e-01  -3.2608883e-03  -1.8781778e-03  -2.1705200e-04
   9.6780727e-02   7.2760456e-02  -1.9785135e-01  -2.9797248e-03  -1.7912607e-03  -4.4419855e-04
   9.3020098e-02   1.1851494e-01  -1.2765438e-01  -3.8115459e-03  -1.8527875e-03  -4.9245131e-04
   1.0061974e-01   1.6735650e-01   1.0601133e-01  -4.0706077e-03  -3.1691957e-03  -1.3514308e-03
   1.2020687e-01   1.1826370e-01   4.6525926e-01  -5.2322559e-03  -2.8524117e-03  -1.5354377e-03
   1.5352672e-01   3.4579361e-02  -2.8991416e-01  -2.0690690e-03  -9.6042919e-04  -2.7653313e-03
   2.3570134e-01   3.4153323e-02  -2.9335392e-01  -3.3677626e-03  -3.2909818e-04  -3.9237566e-03
   2.2891070e-01   1.2118211e-01  -1.7667883e-01  -3.8852897e-03  -2.7816224e-04  -2.5514759e-03
   1.9916466e-01   1.0456675e-01  -2.5100165e-01  -2.6029765e-03  -4.0121911e-04  -2.6439939e-03
   1.7388195e-01   7.3320663e-02  -2.0873672e-01  -1.9719763e-03  -1.3622428e-03  -2.3992978e-03
   1.5768782e-01   1.2840691e-01  -1.7335222e-01  -1.4262764e-03  -1.3980135e-03  -2.0099132e-03
   1.6065879e-01   1.0198245e-01  -3.0887664e-01  -1.4598263e-03  -1.5602099e-03  -2.6873920e-03
   1.4693788e-01   9.8091404e-02  -2.5721718e-01  -1.1435475e-03  -1.1131626e-03  -2.2923053e-03
   2.9559878e-01   1.8916199e-01   7.9467878e-02  -1.0156826e-03  -2.0540220e-03  -2.7770758e-03
   4.2008093e-01   1.2689833e-01   2.7896076e-01  -4.5584575e-03  -8.5260806e-04  -3.1643703e-03
   3.2846936e-01   2.4745189e-03  -9.8996985e-02  -2.7162668e-03  -1.4954020e-03  -2.9031944e-03
   2.8940664e-01   7.3765557e-02  -1.0287901e-01  -1.7564072e-03  -1.5068270e-03  -2.7945762e-03
   2.6841838e-01   8.3995466e-02  -4.4185998e-02  -2.4391725e-03  -1.4518921e-03  -2.5367538e-03
   2.7629483e-01   5.5788336e-02  -9.5576486e-02  -2.2766257e-03  -1.9117592e-03  -2.9105960e-03
   2.6301518e-01   1.2388530e-01  -9.1337628e-02  -3.1147669e-03  -1.6752796e-03  -2.7707173e-03
   2.6127000e-01   1.1696314e-01  -1.0858141e-01  -3.4115814e-03  -1.7627448e-03  -3.0042159e-03
   2.5997777e-01   1.3743472e-01  -8.5100320e-02  -4.0324130e-03  -1.7604579e-03  -2.8856388e-03
   2.6936911e-01   1.1105733e-01  -1.2714626e-01  -4.2974353e-03  -1.9414259e-03  -3.1636392e-03
   2.5766637e-01   1.2447123e-01  -6.9954048e-02  -4.7058143e-03  -1.8414504e-03  -2.9033977e-03
   2.5651818e-01   1.3208000e-01  -1.1605894e-01  -4.4451463e-03  -1.8808769e-03  -2.9904659e-03
   2.6136351e-01   1.0781966e-01  -1.4067974e-01  -4.2675430e-03  -1.9496931e-03  -3.0298884e-03
   2.5507317e-01   1.2399032e-01  -1.0050363e-01  -4.3864975e-03  -1.8643292e-03  -2.8242419e-03
   2.5664010e-01   1.4628368e-01  -1.4736241e-01  -4.0323166e-03  -1.9762343e-03  -3.0126963e-03
   2.5145548e-01   1.3098817e-01  -9.3558941e-02  -4.8550056e-03  -1.8876904e-03  -2.7183027e-03
   2.6036576e-01   1.1598391e-01  -1.3410631e-01  -4.0923655e-03  -1.8783113e-03  -2.8921635e-03
   2.4941209e-01   1.5889630e-01  -6.4629231e-02  -4.3503583e-03  -1.6860666e-03  -2.6654281e-03
   2.4096009e-01   1.2813074e-01  -1.0038683e-01  -3.3900220e-03  -1.8493047e-03  -2.7723514e-03
   3.1530675e-01   9.8499227e-02   2.6688400e-01  -5.5461360e-03  -2.6492836e-03  -3.5135469e-03
   3.8914475e-01   1.2604086e-01  -2.8728433e-01  -1.1037161e-02  -1.4307438e-03  -3.8160034e-03
   3.3949975e-01   1.6997478e-01   3.6418425e-02  -7.0574698e-03  -2.4305771e-03  -3.7021422e-03
   2.9780637e-01   1.2535947e-01   3.1657550e-02  -8.1189603e-03  -2.1544287e-03  -3.7484958e-03
   2.8062000e-01   1.1103666e-01   1.1319565e-01  -8.8252321e-03  -2.3244888e-03  -3.3140142e-03
   2.7139481e-01   9.3125193e-02   6.7829908e-02  -8.5257495e-03  -2.4454946e-03  -3.4850466e-03
   2.6431497e-01   8.2130835e-02   9.8843304e-02  -8.5155346e-03  -2.2089971e-03  -3.6842998e-03
   2.6173586e-01   9.2114205e-02   1.8001722e-01  -8.8332343e-03  -2.3028657e-03  -3.4383821e-03
   2.6624934e-01   1.0119224e-01   1.8014049e-01  -7.5954231e-03  -2.8242071e-03  -4.2065070e-03
   3.2518398e-01   1.2100994e-01   6.9527875e-01  -8.9527768e-03  -8.3146829e-03  -5.6596257e-03
   3.6519089e-01   5.7743952e-02   3.4195313e-01  -1.1381589e-02  -7.8695273e-03  -4.7953994e-03
   3.4871984e-01  -1.3919796e-01   1.2001252e-01   1.2987908e-02  -6.7948976e-03  -3.4646143e-03
   3.9052448e-01  -9.4084428e-02   3.2243941e-01   1.0471959e-01  -1.0318038e-02  -1.0126385e-02
   3.0114660e-01   1.0291978e-01  -6.1964243e-01   4.9356772e-02  -3.7132773e-03  -1.0734642e-02
   3.0463090e-01  -3.2532210e-02  -9.2730915e-01  -8.6166245e-03   1.4947382e-04  -6.8220842e-03
   2.9935106e-01   1.6271955e-01  -8.9746644e-01  -8.3353801e-03  -1.2569122e-03  -6.7430248e-03
   3.0593758e-01   1.3757230e-01  -8.8526282e-01  -9.1707112e-03  -2.0779245e-03  -6.8900854e-03
   3.1299744e-01   1.9804581e-01  -8.4269135e-01  -1.1193012e-02  -2.2827979e-03  -6.9585245e-03
   3.1583529e-01   1.9479965e-01  -8.2345965e-01  -1.1735521e-02  -2.3642565e-03  -6.9294935e-03
   2.9862687e-01   2.0274031e-01  -7.6602956e-01  -1.2676786e-02  -2.5392857e-03  -6.9655933e-03
   3.0260666e-01   1.6271880e-01  -7.8123915e-01  -1.4210431e-02  -2.6817616e-03  -6.9760530e-03
   3.2545483e-01   1.8357272e-01  -8.1461131e-01  -1.4691733e-02  -2.9124456e-03  -7.1826281e-03
   3.1715774e-01   2.5250034e-01  -7.9113101e-01  -1.5977522e-02  -2.6987079e-03  -7.2282384e-03
   3.2788493e-01   2.1052425e-01  -8.2077296e-01  -1.5903945e-02  -2.8793993e-03  -7.5822509e-03
   3.3112215e-01   2.1451491e-01  -8.0258124e-01  -1.6911327e-02  -2.7670950e-03  -7.6800180e-03
   3.3238357e-01   2.9271528e-01  -8.0426494e-01  -1.7490052e-02  -2.5810901e-03  -7.8213758e-03
   3.4217079e-01   2.1143777e-01  -8.0629125e-01  -1.8336459e-02  -2.5132897e-03  -7.8983094e-03
   3.2874723e-01   2.4640901e-01  -7.3244489e-01  -1.9613483e-02  -2.3318584e-03  -7.9520527e-03
   3.3573523e-01   2.7153657e-01  -7.9148311e-01  -1.8909350e-02  -2.5399384e-03  -8.0848757e-03
   3.1691135e-01   2.5123828e-01  -6.4983586e-01  -2.0276695e-02  -2.4187135e-03  -8.0006146e-03
   3.1469709e-01   2.4073828e-01  -7.5651722e-01  -1.9973890e-02  -2.3421982e-03  -8.3390452e-03
   3.2839164e-01   2.9163556e-01  -5.4123589e-01  -1.8600869e-02  -3.5455335e-03  -8.3065074e-03
   3.8080535e-01   2.0970149e-01  -4.4403754e-01  -1.7983595e-02  -3.7478716e-03  -8.2246835e-03
   3.7385762e-01   2.3100480e-01  -5.6002175e-01  -1.8858987e-02  -2.5170271e-03  -7.8699220e-03
   3.5178208e-01   2.0778520e-01  -5.9182361e-01  -1.8252742e-02  -2.4178186e-03  -8.0235606e-03
   3.4861548e-01   2.0789405e-01  -5.3673510e-01  -1.8143839e-02  -2.4765753e-03  -8.1775097e-03
   3.3946841e-01   1.9560123e-01  -5.4850605e-01  -1.7440764e-02  -2.3376850e-03  -8.2984055e-03
   3.6232639e-01   2.2762490e-01  -2.8240305e-01  -1.7941107e-02  -2.2820314e-03  -8.5002128e-03
   6.8347942e-01   3.2803855e-01   4.6452486e-01  -9.6372664e-03   1.0130016e-04  -1.2564504e-02
   5.3336374e-01  -3.8771822e-03  -1.2327834e+00  -1.2178302e-02  -4.0142825e-03  -9.0550167e-03
   4.4319845e-01  -8.8006170e-02  -1.6751320e+00   2.0071235e-02  -8.3792014e-03  -1.0570706e-02
   3.3120324e-01  -4.3734434e-01  -2.3970636e+00   1.3208808e-01  -1.4035216e-02  -1.3173827e-02
   3.9887057e-01  -5.1084469e-01  -2.0573989e+00   1.5232633e-01  -9.1560307e-03  -1.0871106e-02
   4.2941796e-01  -1.2729990e-01  -1.7172013e+00   2.6878055e-02   4.0561245e-03  -8.5518780e-03
   4.0988538e-01   1.6686070e-01  -1.7560894e+00   1.6892496e-02   3.5199151e-03  -8.5007055e-03
   4.0064637e-01   1.9191286e-01  -1.7509045e+00   1.4571175e-02   2.7816449e-03  -8.6940060e-03
   3.8292007e-01   1.7524962e-01  -1.6741929e+00   1.3456624e-02   2.5926659e-03  -8.9311947e-03
   3.8141335e-01   2.3342264e-01  -1.6952964e+00   1.2186448e-02   2.4686666e-03  -9.2633134e-03
   3.9064868e-01   2.1733452e-01  -1.6826507e+00   1.2169804e-02   2.3926485e-03  -9.1409374e-03
   3.8949161e-01   2.0733738e-01  -1.6299243e+00   9.9991508e-03   2.5924266e-03  -9.3240339e-03
   3.8139333e-01   2.5494661e-01  -1.6634237e+00   9.9793861e-03   2.4936389e-03  -9.7182253e-03
   3.5762921e-01   4.0608888e-01  -8.8626431e-01   1.3545218e-02   1.5919350e-03  -8.8308131e-03
   2.7169300e-01   3.6147775e-01  -2.6261807e-01   1.7783607e-02   1.9530733e-03  -6.7753027e-03
   2.7265178e-01   3.0789213e-01  -8.4919622e-02   1.4944396e-02   2.2683898e-03  -6.4943331e-03
   2.6743680e-01   2.5172940e-01  -1.2806208e-01   1.4731364e-02   2.5471480e-03  -6.5552935e-03
   2.5974295e-01   2.5317800e-01  -1.0006224e-01   1.4272607e-02   2.6148609e-03  -6.5183052e-03
   2.4945703e-01   2.1560832e-01  -1.3153579e-01   1.4541109e-02   2.8410276e-03  -6.8669613e-03
   2.4979218e-01   2.0870390e-01  -1.1956160e-01   1.4297624e-02   2.4162245e-03  -6.7953275e-03
   2.4333778e-01   2.3933485e-01  -9.8440689e-02   1.3356169e-02   2.3262173e-03  -6.7170935e-03
   2.5052239e-01   1.9949359e-01  -1.4881976e-01   1.2682934e-02   2.3166651e-03  -7.0154868e-03
   2.7465254e-01   2.4651464e-01  -8.0483620e-02   1.0020474e-02   1.1975674e-03  -6.9365333e-03
   3.5557439e-01   2.1677676e-01  -5.7958796e-02  -1.1528752e-03   2.4010403e-04  -6.4402933e-03
   4.0904290e-01   1.7824415e-01  -9.2223411e-01  -2.4116080e-03   7.1575786e-04  -6.0976671e-03
   4.2904581e-01   2.3071534e-01  -5.8767845e-01  -9.7982466e-04   7.0141444e-04  -5.9072104e-03
   4.2890196e-01   2.1092565e-01  -7.1988458e-01  -8.8399488e-04   5.0662367e-04  -6.2981486e-03
   4.0476170e-01   1.9494346e-01  -6.8776556e-01  -1.3555313e-03   6.1678088e-04  -6.5722853e-03
   4.0066899e-01   2.1730562e-01  -6.2898635e-01  -2.2896524e-03   2.4293270e-04  -6.5031611e-03
   4.0488263e-01   2.4203392e-01  -6.8258923e-01  -2.7739194e-03  -5.3853094e-05  -6.7142507e-03
   4.0065175e-01   2.2507167e-01  -6.7523996e-01  -2.6911266e-03  -5.8014748e-05  -6.5975579e-03
   3.9923877e-01   2.3058454e-01  -6.4887022e-01  -3.1453551e-03  -1.8774161e-04  -6.6247341e-03
   4.0700707e-01   2.3430775e-01  -6.9337038e-01  -2.0783778e-03   4.9277636e-05  -6.5663896e-03
   4.0820181e-01   2.3911909e-01  -6.2556545e-01  -2.4954000e-03  -7.5606172e-06  -6.4428770e-03
   3.9514788e-01   2.4233768e-01  -6.7722712e-01  -2.1803170e-03   1.0751515e-04  -6.7493238e-03
   4.0109519e-01   2.8727376e-01  -6.2716726e-01  -3.1376244e-03  -4.0026759e-04  -6.7379389e-03
   4.1527043e-01   2.5244709e-01  -6.1405386e-01  -3.4030163e-03  -2.3934423e-04  -6.5529168e-03
   4.0543545e-01   2.5930636e-01  -7.8505058e-01  -2.9309168e-03  -3.4951231e-04  -6.8876776e-03
   4.1196608e-01   2.5626018e-01  -6.6165630e-01  -3.5154869e-03  -8.3998277e-04  -7.0739061e-03
   4.0067798e-01   2.4166967e-01  -4.5035759e-01  -4.1471381e-03  -4.0230108e-04  -6.5450835e-03
   4.6250133e-01   3.6729174e-01  -1.3289978e-01   5.5031232e-03  -3.6485799e-03  -7.0923203e-03
   5.3128097e-01   1.3107266e-01   1.1721953e+00   3.6575826e-02  -6.0636339e-03  -9.1142121e-03
   4.2623006e-01  -1.7152668e-01   8.3794890e-01   8.4609543e-02  -7.6649000e-03  -1.3186882e-02
   4.3827096e-01  -3.5316804e-01   1.0301198e+00   1.4064970e-01  -5.6915418e-03  -1.1176357e-02
   4.1164664e-01  -2.3153370e-01  -1.1716016e+00   7.7262652e-03   1.9735150e-03  -1.0588709e-02
   3.7691059e-01   6.1649011e-02  -8.4442728e-01  -6.3368418e-04  -4.7794822e-04  -7.6657279e-03
   3.6374083e-01   1.6945438e-01  -8.0653250e-01  -1.6151551e-03  -6.8368023e-04  -8.0922215e-03
   3.8359759e-01   7.3270167e-02  -8.2340474e-01  -3.4036205e-03  -1.1445814e-03  -8.5522738e-03
   3.9204398e-01   1.9419193e-01  -7.8373872e-01  -4.3676491e-03  -1.1789087e-03  -8.7606988e-03
   3.9776734e-01   1.8534843e-01  -7.6396232e-01  -4.9282668e-03  -1.4132310e-03  -8.7795965e-03
   3.9933281e-01   1.2958224e-01  -7.5685988e-01  -5.2521709e-03  -1.7535692e-03  -8.7248971e-03
   4.0298639e-01   2.2226524e-01  -6.9839174e-01  -8.2364587e-03  -1.8285566e-03  -8.6050800e-03
   4.0566440e-01   2.0523669e-01  -7.9180937e-01  -7.9354451e-03  -1.7681955e-03  -8.6464988e-03
   3.6790228e-01   2.7771780e-01  -6.1686293e-01  -3.6956427e-03  -5.0403542e-05  -7.7846587e-03
   3.7574566e-01   2.9836254e-01  -2.8282964e-01  -9.2263243e-04  -1.3616935e-03  -8.6158323e-03
   4.1826287e-01   2.9599386e-01  -7.6752598e-01  -2.9005409e-03  -2.0892454e-03  -9.2461184e-03
   4.0819812e-01   3.3933667e-01  -5.9925767e-01  -3.1719373e-03  -2.6053955e-03  -9.2855715e-03
   4.0374844e-01   2.9781856e-01  -5.4583540e-01  -2.9632340e-03  -2.4128083e-03  -9.0270007e-03
   3.9910560e-01   2.8859302e-01  -4.6572593e-01  -4.4722676e-03  -2.2115908e-03  -9.0825842e-03
   2.6910408e-01   3.6950649e-01  -3.8452757e-01  -1.7083529e-03  -2.3787109e-03  -6.2562392e-03
  -2.9797186e-01  -2.3372161e-01  -9.2077483e-01   9.4983856e-03  -4.4208368e-03   2.8728093e-04
  -6.4952812e-01  -5.9212278e-01  -9.5050423e-01   1.6109103e-02  -4.2290292e-03   2.2598182e-03
  -8.6190171e-01  -6.2915293e-01  -1.0758330e+00   9.6334998e-03  -5.5442705e-03   5.3676557e-03
  -1.0844912e+00  -6.2405141e-01  -1.1528345e+00   1.0553099e-02  -6.9757270e-03   4.5974123e-03
  -1.2639575e+00  -6.4101708e-01  -1.1545790e+00   2.0707244e-02  -9.3747362e-03   1.8037643e-03
  -1.2165131e+00  -1.0301510e+00  -7.0757036e-01   1.1052538e-01  -4.6091288e-03  -7.5754640e-03
  -1.1851091e+00  -8.5840602e-01  -1.1153829e+00   6.6252796e-02   4.1740039e-03  -6.3756400e-03
  -8.3230642e-01  -1.4428167e+00  -6.2963995e-01   3.9228177e-02   8.0859918e-03  -1.2054705e-03
  -5.7196476e-01  -1.6154254e+00  -1.2471192e+00   3.7972001e-02  -5.4103959e-04  -6.4631146e-03
  -8.7957432e-01  -1.3992948e+00  -1.3308152e+00   4.2055080e-02  -3.0705842e-03  -7.5594393e-03
  -1.0534353e+00  -1.3393547e+00  -1.4341088e+00   4.2347737e-02  -5.4119322e-03  -9.4171375e-03
  -7.7481129e-01  -6.5307860e-01  -1.6433021e+00   3.4638636e-02  -9.6621712e-03  -1.0844212e-02
  -3.2568849e-01  -1.2506165e-01  -1.8022351e+00   2.0316886e-02   6.3822393e-04  -8.4061009e-03
  -2.3913065e-01  -1.9326462e-02  -2.1834128e+00   1.7098236e-02   5.1591422e-03  -6.9514681e-03
  -2.1823624e-01  -8.0961058e-03  -2.1432349e+00   2.0581762e-02   5.3197124e-03  -6.5604688e-03
  -2.3859242e-01   8.4956098e-02  -2.0898001e+00   2.0242386e-02   4.1627884e-03  -6.1042558e-03
  -2.5864903e-01   8.8873882e-02  -2.0791021e+00   2.0007261e-02   3.4585172e-03  -5.8193809e-03
  -2.6324411e-01   6.1894600e-02  -2.0221695e+00   1.9645984e-02   2.8691230e-03  -5.7118307e-03
  -2.6323534e-01   1.0402929e-01  -2.0102512e+00   1.9941446e-02   2.8371561e-03  -5.8881866e-03
  -2.6674467e-01   8.5899564e-02  -2.0145450e+00   1.9612928e-02   2.6034856e-03  -5.4422325e-03
  -2.9605653e-01   3.9523369e-02  -1.9729016e+00   2.0030455e-02   2.8240652e-03  -5.1876126e-03
  -2.8477970e-01   1.0443517e-01  -1.9067438e+00   1.9486478e-02   3.0513698e-03  -4.9584014e-03
  -2.6451882e-01   9.6623394e-02  -1.9225823e+00   2.0087361e-02   3.1239103e-03  -5.0265746e-03
  -1.9082885e-01  -1.8685349e-02  -1.8632631e+00   1.8314666e-02   3.8946055e-03  -4.2385291e-03
  -9.6096682e-02   6.4884768e-02  -2.4217767e+00   1.8283859e-02  -2.6772226e-04  -5.4691057e-03
  -3.8322448e-02   2.5603259e-01  -1.8574855e+00   2.0837041e-02   5.0437837e-04  -4.2440189e-03
  -4.5212675e-02   1.6089977e-01  -1.4279454e+00   2.0198450e-02   5.3149351e-04  -4.2365478e-03
  -6.1052314e-02   1.6628477e-01  -1.3079818e+00   2.0057447e-02  -7.0003870e-05  -4.0878074e-03
  -8.6307568e-02   1.7517565e-01  -1.2333592e+00   2.0155738e-02   2.2814726e-04  -3.9410235e-03
  -7.9923970e-02   1.7725287e-01  -1.2221740e+00   2.0346619e-02  -1.4877308e-04  -4.4107629e-03
