   0.0000000e+00   0.0000000e+00   0.0000000e+00   0.0000000e+00   0.0000000e+00   0.0000000e+00
   1.5219272e-03  -1.6810700e-02   2.7979611e-02   5.3942152e-04  -2.0820791e-04  -2.5128075e-04
   4.2279055e-03   2.3504469e-02   5.1481251e-02  -3.4907449e-04  -3.6346114e-04  -8.1972197e-04
  -4.6257235e-03   5.4863504e-03  -3.6226354e-02  -8.7479007e-05  -1.6164914e-04  -1.2124037e-03
  -1.8672561e-03   6.6660839e-02   3.8366490e-02  -5.4120404e-04  -3.8285768e-04  -1.2215314e-03
  -9.6268252e-03   2.5013271e-02   2.1301003e-02  -9.0377287e-04  -4.2390930e-04  -1.4307381e-03
  -1.0363591e-02   2.3142611e-02  -4.7924549e-04  -2.4160390e-04  -2.7892083e-04  -1.5757706e-03
  -9.4851561e-03   2.7113277e-02   6.9808171e-02  -9.6568782e-04  -4.9818590e-04  -1.5009848e-03
  -1.1444526e-02   1.5382370e-02   2.1399996e-02  -1.3587413e-03  -6.4965880e-04  -1.6830350e-03
  -1.3050484e-02  -4.2839001e-04  -2.6344847e-02  -1.0499290e-03  -4.6862104e-04  -1.7034213e-03
  -1.6245781e-02   2.6413834e-02   3.0282392e-02  -1.2310297e-03  -4.8681740e-04  -1.6892071e-03
  -1.5529270e-02   2.4128580e-02  -5.6888765e-02  -1.8001633e-03  -7.5179022e-04  -1.8883942e-03
   5.6180200e-02   1.2250423e-01   3.3175697e-01   3.2458490e-03  -1.8786400e-03  -2.4099984e-03
   1.6470768e-02  -7.6318322e-02   3.3451452e-01  -9.6549008e-03   2.2581942e-04  -3.1771536e-03
  -1.3069641e-02  -9.0544616e-02   3.3735635e-01  -1.1405115e-02  -4.9066841e-04  -2.7738415e-03
  -3.3441121e-02  -1.8391479e-02   3.7763516e-01  -9.0938053e-03  -4.3031924e-04  -2.5607423e-03
   6.7785378e-03  -6.5109555e-02   3.2111679e-01  -8.5133941e-03  -3.4179795e-04  -2.4019382e-03
   3.6837349e-02  -3.5868863e-03   3.9709114e-01  -1.0643155e-02  -8.8988084e-04  -1.1851453e-03
   9.7893800e-03  -4.9172123e-02   4.0999583e-01  -8.8441414e-03  -7.1089358e-04  -1.9820717e-03
   1.3735900e-02  -3.9602168e-02   4.2871573e-01  -9.8733144e-03  -6.5698004e-04  -1.9503804e-03
  -6.5545601e-04  -2.6453568e-02   4.5493971e-01  -9.5024333e-03  -4.2368483e-04  -2.4122347e-03
   1.0731920e-02  -4.7053237e-02   4.0466582e-01  -7.8948610e-03  -5.1878532e-04  -1.9027756e-03
  -1.7206289e-02  -3.8353516e-02   4.4958846e-01  -8.2412885e-03  -5.8667041e-04  -2.2941875e-03
  -3.5248401e-02  -3.3612260e-02   4.0080663e-01  -8.5419660e-03  -6.9519207e-04  -2.6532527e-03
  -3.1226729e-02   2.1769772e-02   4.4853830e-01  -8.7426729e-03  -6.6281352e-04  -2.7158296e-03
  -2.7449522e-02   2.7033464e-03   4.1636581e-01  -7.7869313e-03  -7.3589946e-04  -2.8781327e-03
  -3.4038359e-02   8.9713149e-03   4.8222287e-01  -9.2551555e-03  -7.9747348e-04  -2.5997225e-03
  -3.6805930e-02   3.5644318e-03   4.3431058e-01  -9.7884165e-03  -7.3510991e-04  -2.9844912e-03
  -2.9973497e-02   2.7958307e-02   4.0661387e-01  -9.9144580e-03  -3.9154709e-04  -3.1001508e-03
  -3.7448150e-02  -1.7175579e-02   4.7444255e-01  -1.0947657e-02  -8.3809991e-04  -2.8483569e-03
  -4.9126312e-02  -2.0619813e-02   4.2920746e-01  -1.0356362e-02  -9.5482443e-04  -3.0255134e-03
  -3.2606347e-02   9.8437196e-03   4.1488075e-01  -1.0618641e-02  -1.1043539e-03  -2.5045164e-03
  -2.5913304e-02  -4.3685769e-02   4.9313187e-01  -1.1838452e-02  -1.5391341e-03  -1.7855794e-03
  -1.5121862e-02  -5.9202615e-02   4.0359771e-01  -1.0767389e-02  -1.2970462e-03  -1.7634226e-03
  -2.3503129e-02   5.4692766e-02   7.2204638e-01  -1.1196432e-02  -2.5356312e-03  -2.4748074e-03
  -5.7200773e-02  -6.9022641e-02   3.6880966e-01  -1.1841457e-02  -9.4602153e-04  -3.4792507e-03
  -5.3274619e-02  -4.0822165e-02   2.6278607e-01  -1.1964889e-02  -1.9765206e-03  -4.4255700e-03
  -5.2104147e-02   5.5288841e-03   2.5123406e-01  -1.2647159e-02  -1.6792772e-03  -3.8487830e-03
  -5.3972606e-02   1.0675189e-01   6.3227276e-01  -1.2156570e-02  -1.2709592e-03  -3.4166105e-03
   4.6271873e-01   1.9539925e-01   1.4527450e+00   1.4243141e-02   5.2049477e-03  -8.7374555e-03
   6.9333609e-01  -1.4965977e-01   1.4781243e+00   5.8614034e-03   1.2165083e-02  -8.4735191e-03
   3.8004803e-01  -8.7875162e-02   9.4295885e-01  -4.1701420e-03   6.9405993e-03  -5.9468118e-03
   2.8401205e-01  -2.8413720e-02   6.1210316e-01  -6.5515787e-03   5.4487964e-03  -4.4825456e-03
   2.0885358e-01  -1.6203746e-01   8.9145326e-01  -6.7722932e-03   4.2254122e-03  -3.8190556e-03
   2.1785796e-01  -1.0411946e-01   7.9410699e-01  -7.1287648e-03   4.1748633e-03  -3.8481711e-03
   2.2170343e-01  -7.2318479e-02   7.8585747e-01  -8.1585311e-03   3.7477820e-03  -4.0763044e-03
   2.0500961e-01  -1.3788349e-01   8.7487329e-01  -8.7664594e-03   3.2483164e-03  -4.0342686e-03
   1.9562300e-01  -1.0959723e-01   8.3944823e-01  -8.3294903e-03   3.3082067e-03  -3.9312633e-03
   1.7682034e-01  -1.0465015e-01   8.6471322e-01  -1.0517175e-02   3.7921157e-03  -3.9339114e-03
   1.9549436e-01  -1.1307635e-01   3.7063287e-01  -1.2854032e-02   3.7600432e-03  -3.9456857e-03
   2.3465430e-01  -6.9378246e-02   7.6048931e-01  -1.1790026e-02   2.8866896e-03  -3.6710909e-03
   2.1998548e-01  -1.2837432e-01   8.5224304e-01  -1.4111388e-02   3.1209918e-03  -3.4167761e-03
   2.1161995e-01  -9.7965381e-02   8.7668212e-01  -1.2365448e-02   2.8298479e-03  -4.1683557e-03
   2.1719519e-01  -1.0705645e-01   8.1293754e-01  -1.2999942e-02   3.0517278e-03  -4.2206940e-03
   2.1577189e-01  -8.8740187e-02   8.5037212e-01  -1.3923638e-02   2.8971736e-03  -4.1286828e-03
   2.0361462e-01  -5.4956866e-02   7.8242569e-01  -1.4226730e-02   2.7812322e-03  -4.2176619e-03
   1.9904203e-01  -7.5255878e-02   7.8906335e-01  -1.4268057e-02   2.5454163e-03  -4.0745378e-03
   1.9386670e-01  -5.8533833e-02   8.2019857e-01  -1.4861503e-02   2.3182927e-03  -3.9940041e-03
   1.9893566e-01  -3.0940295e-02   7.7015823e-01  -1.4624308e-02   2.3790599e-03  -3.9176711e-03
   1.9349325e-01  -5.7580372e-02   8.5192907e-01  -1.4921033e-02   2.3118378e-03  -3.8968922e-03
   1.8821400e-01  -4.9661437e-02   8.4349177e-01  -1.5072288e-02   2.2459638e-03  -3.9148053e-03
   1.8816371e-01  -2.3107700e-02   7.7380140e-01  -1.4845969e-02   2.3329237e-03  -3.9641346e-03
   1.8420859e-01  -6.8737959e-02   8.1794806e-01  -1.5066314e-02   2.1306765e-03  -3.8213076e-03
   1.8478656e-01  -5.4318468e-02   8.1753866e-01  -1.5957005e-02   2.1968282e-03  -3.9637286e-03
   1.8395439e-01  -3.6463290e-02   7.8280394e-01  -1.5859943e-02   2.2930648e-03  -3.9126169e-03
   2.0597612e-01  -5.0772943e-02   1.0766932e+00  -1.5397881e-02   9.5273495e-04  -4.0200426e-03
   2.6366750e-01  -1.2494367e-01   9.6264775e-01  -1.2884300e-02   2.8099144e-03  -3.7686702e-03
   2.4025635e-01  -1.3858903e-01  -2.3873145e-01  -1.3660500e-02   2.5588466e-04  -3.1857603e-03
   2.4301660e-01  -1.0253017e-02   5.0049635e-01  -1.2401786e-02   1.6722825e-03  -4.1791162e-03
   2.3805483e-01  -4.2550456e-02   6.8185870e-01  -1.3972512e-02   1.1110076e-03  -4.0114263e-03
   2.0701983e-01  -6.9301242e-02   8.3795152e-01  -1.5009208e-02   5.3212290e-04  -3.8518209e-03
   1.9290124e-01  -4.6058758e-02   7.8197781e-01  -1.4581205e-02   6.2644174e-04  -4.0009176e-03
   1.8988152e-01  -8.0181529e-02   7.8591436e-01  -1.4418338e-02   7.9634847e-04  -3.9333217e-03
   1.9205849e-01  -1.0109112e-01   8.7650966e-01  -1.5213162e-02   5.8917613e-04  -3.7637634e-03
   1.9001890e-01  -7.2776482e-02   8.4907843e-01  -1.5310744e-02   3.9574321e-04  -3.7992098e-03
   1.9435065e-01  -7.9170558e-02   7.7991204e-01  -1.5090067e-02   5.2233268e-04  -3.9898106e-03
   2.0047346e-01  -1.1009123e-01   7.9964974e-01  -1.4553589e-02   6.8628578e-04  -3.8189633e-03
   1.9693468e-01  -6.4828120e-02   8.3594962e-01  -1.5262168e-02   5.0261378e-04  -3.8438668e-03
   2.0508139e-01  -7.2886903e-02   7.9000286e-01  -1.4232465e-02   7.3113087e-04  -3.9488419e-03
   2.0039573e-01  -9.2066589e-02   8.8385469e-01  -1.5059319e-02   4.2556652e-04  -3.7847210e-03
   2.1680875e-01  -5.9278090e-02   8.3324146e-01  -1.4153081e-02   1.2005585e-04  -4.0893390e-03
   3.5658103e-01  -4.1927058e-02   1.4361824e+00  -6.3328200e-03   5.4850203e-04  -5.9301878e-03
   3.1108169e-01  -1.9224079e-01   1.2963840e+00  -1.4194462e-02   4.5789604e-04  -4.3754050e-03
   2.5600654e-01  -1.3488037e-01   1.2204744e+00  -1.5629391e-02  -4.8128813e-04  -3.9593852e-03
   2.5808116e-01  -1.5704197e-01   1.1673650e+00  -1.4230124e-02  -6.2593448e-04  -3.8566312e-03
   2.4700997e-01  -1.6167231e-01   1.1685176e+00  -1.3838593e-02  -6.7713136e-04  -3.9091686e-03
   2.4826941e-01  -1.3576043e-01   1.1410072e+00  -1.4375452e-02  -7.4840125e-04  -3.7531256e-03
   2.3719008e-01  -1.5035111e-01   1.1094052e+00  -1.4867130e-02  -4.4981898e-04  -3.7552769e-03
   4.2731473e-01  -8.7271273e-02   1.3257545e+00  -1.2864775e-02  -5.8447116e-04  -5.3943362e-03
   1.5763854e+00  -3.3451739e-01   1.9555167e+00  -8.2433027e-03   4.2950544e-03  -1.1633941e-02
   1.9458229e+00  -7.1445626e-01   2.5503929e+00  -7.6720604e-03   5.8996680e-03  -1.1575491e-02
   1.8288374e+00  -5.8026717e-01   2.6014923e+00  -7.4398868e-03   8.3212519e-03  -1.1115932e-02
   5.0791059e-01  -2.7879960e-01   9.3651476e-01  -1.8055079e-02  -3.2001796e-03  -3.3980215e-03
   4.4335630e-01  -1.8423764e-01   8.8080819e-01  -1.9072640e-02  -4.7179608e-03  -4.2159454e-03
   3.7059868e-01  -2.5246124e-01   9.3227752e-01  -2.0556293e-02  -4.0936683e-03  -4.3435679e-03
   3.2946187e-01  -2.0575750e-01   7.7040463e-01  -1.7389202e-02  -3.9142182e-03  -3.6621075e-03
   3.1695853e-01  -1.4952824e-01   7.6705470e-01  -1.7738264e-02  -4.6811105e-03  -3.5942715e-03
   3.0351495e-01  -8.7879069e-02   7.3012653e-01  -1.7664499e-02  -5.0652449e-03  -3.2365104e-03
   2.8691422e-01  -1.4867510e-01   7.3731490e-01  -1.7521814e-02  -5.0890895e-03  -3.2246530e-03
   2.8449687e-01  -1.2145065e-01   7.8679142e-01  -1.8608330e-02  -5.5487505e-03  -3.3113110e-03
   3.1668055e-01  -4.7897409e-02   8.1352144e-01  -1.8689265e-02  -5.7777623e-03  -3.0921372e-03
   5.5835296e-01  -9.5342777e-03   1.3317034e+00  -1.7195944e-02   4.1761095e-04  -6.7170331e-03
   5.1321972e-01  -1.6653802e-01   1.1992405e+00  -1.9872780e-02  -1.0915948e-03  -5.0975213e-03
   5.0253447e-01  -1.8337128e-01   8.3137120e-01  -1.8744464e-02  -2.9137809e-03  -5.2216057e-03
   1.4102187e-01  -1.2536561e+00   1.4108534e+00  -6.9592842e-02  -1.7030773e-02  -8.2037957e-03
  -8.9973066e-02  -2.8512828e-01   1.1114400e+00  -2.6910695e-02  -2.7600839e-03  -4.1548534e-03
  -1.5948799e-01  -9.0463037e-02   1.1553778e+00   3.9265477e-03  -1.6187630e-03   6.8744196e-05
   2.2711330e-02  -9.5557489e-02   8.3333384e-01  -9.4272575e-03  -1.4050177e-03  -1.5899509e-03
   3.8921414e-02  -2.8248270e-01   1.2083058e-01  -1.3331324e-02   3.0204376e-04  -1.7573709e-03
   8.1866908e-02  -1.2361884e-01  -1.5647852e-01  -1.0385038e-02  -2.1002415e-04  -2.3165467e-03
   6.6894227e-02  -3.4673073e-02   7.9860668e-01  -1.2177525e-02  -2.0507953e-03  -3.3929795e-03
   5.9985310e-02  -9.9473080e-02   8.1075631e-01  -1.2867747e-02  -2.7988198e-03  -3.6748120e-03
   6.1433209e-02  -1.2740313e-01   8.1151535e-01  -1.2491433e-02  -2.9942275e-03  -3.3758541e-03
   5.3318756e-02  -6.4079569e-02   8.9109945e-01  -1.3478437e-02  -3.3031540e-03  -3.3437755e-03
   5.0051850e-02  -8.7966074e-02   8.3738196e-01  -1.2894734e-02  -3.1165928e-03  -3.3289800e-03
   4.8846273e-02  -1.2271790e-01   8.7456286e-01  -1.3090155e-02  -3.1870539e-03  -3.3170760e-03
   4.8582473e-02  -6.5349901e-02   8.7204317e-01  -1.2994322e-02  -3.1534523e-03  -3.3479367e-03
   4.6172194e-02  -6.9656283e-02   8.3830645e-01  -1.2850494e-02  -3.1040203e-03  -3.3588933e-03
   5.1983255e-02  -5.4037128e-02   1.0227194e+00  -1.3214348e-02  -3.4216908e-03  -3.3141003e-03
   3.4201632e-01   6.3443770e-02   1.6834077e+00  -1.1459555e-02  -5.0010531e-03  -5.8468963e-03
   5.7003709e-01  -1.3792587e-01   1.5602896e+00  -1.6432698e-02  -2.9680206e-03  -6.8433989e-03
   4.8402451e-01  -3.4827395e-01   2.5902924e-01  -1.6906175e-02  -5.1184490e-03  -4.3156356e-03
   2.5772714e-01  -1.7544871e-01  -2.3391411e+00  -1.3577126e-02  -1.0256634e-02  -4.5299981e-03
   1.6783273e-01  -1.6359682e-01  -2.5221557e+00  -1.1438945e-02  -1.1634878e-02  -4.5817625e-03
   1.2827331e-01  -2.5783482e-01  -2.3925913e+00  -1.0184435e-02  -1.0119988e-02  -6.3175548e-03
   1.6916262e-01  -7.6921015e-01  -3.2387573e+00   1.8911951e-02  -1.5539860e-02  -6.4469445e-03
   1.8447075e-01  -6.5527084e-01  -2.0935934e+00   1.7474574e-01  -1.8137665e-02  -4.4398161e-03
   1.7111050e-01   2.2568514e-02  -1.9451195e+00   4.6720921e-02  -6.2797936e-04  -2.1319347e-03
   8.1522156e-02  -1.7735803e-01  -8.4621333e-01  -3.8999788e-03  -1.2156940e-03  -1.5962142e-03
   8.6105659e-02   2.0278552e-02  -7.5417499e-01  -8.4649021e-03  -2.4749048e-03  -2.3067373e-03
   9.5844262e-02   9.2254917e-02  -6.6559874e-01  -1.0240590e-02  -3.9751818e-03  -2.7543710e-03
   8.3543156e-02   4.3842537e-02  -5.8681287e-01  -1.0405685e-02  -4.3621742e-03  -2.9371167e-03
   1.9126113e-01   6.4879694e-02  -3.9859941e-01  -8.4047194e-03  -5.1470321e-03  -2.5931274e-03
   1.4364061e-01   3.2784130e-02  -1.3173675e-01  -6.3863859e-03  -4.5932632e-03  -3.0836524e-03
   1.1668011e-01  -3.5766011e-02  -3.0255691e-01  -1.0180481e-02  -5.2403528e-03  -2.7612200e-03
   7.8089848e-02   2.2876481e-02  -4.5160771e-01  -1.2294748e-02  -5.3532127e-03  -3.3330524e-03
   5.5653855e-02   2.8583932e-02  -3.6751393e-01  -1.2709898e-02  -5.4719959e-03  -3.2342893e-03
   4.4389093e-02   2.0089892e-02  -4.3987164e-01  -1.3472375e-02  -5.8021511e-03  -3.2135509e-03
   5.5208010e-02   4.3535667e-02  -4.3532145e-01  -1.4112853e-02  -6.1450131e-03  -3.2956479e-03
   5.4487666e-02   4.7428309e-02  -4.1021031e-01  -1.3533515e-02  -6.0340010e-03  -3.1709774e-03
   5.3714889e-02   4.8421820e-02  -4.0922180e-01  -1.3817865e-02  -6.0892829e-03  -3.2752954e-03
   5.3649960e-02   4.9040397e-02  -4.2618033e-01  -1.4437974e-02  -6.2395764e-03  -3.1716812e-03
   4.4484910e-02   6.6897974e-02  -4.4025296e-01  -1.5067683e-02  -6.4227430e-03  -3.2890419e-03
   3.6404402e-02   1.3202002e-01  -2.3936860e-01  -1.4777621e-02  -7.2304150e-03  -3.5207393e-03
   3.5715084e-02   2.0786047e-01   5.2470846e-01  -1.2191010e-02  -8.7784517e-03  -3.2896750e-03
   1.0338834e-01  -1.2004994e-01   7.9461249e-01  -1.4423005e-02  -6.8385958e-03  -1.3721465e-03
   7.7139520e-02  -3.2816838e-02   3.5303859e-01  -1.5362252e-02  -6.4699862e-03  -2.2904759e-03
   8.5351477e-02   1.5865528e-02   3.7362822e-01  -1.5831829e-02  -6.6188938e-03  -2.3159405e-03
   8.2486848e-02  -3.1716164e-02   3.7349034e-01  -1.6844287e-02  -6.8864334e-03  -2.3694845e-03
   7.0970690e-02   2.6654404e-02   4.0770650e-01  -1.6875155e-02  -7.0794373e-03  -2.3085706e-03
   7.3917667e-02   1.4611622e-02   4.1961957e-01  -1.6859157e-02  -7.3354546e-03  -2.2693326e-03
   6.7841512e-02  -2.0425195e-02   4.4797083e-01  -1.6708704e-02  -7.1508177e-03  -2.3261794e-03
   7.1158001e-02   4.7687931e-03   4.3081523e-01  -1.6674274e-02  -7.1951018e-03  -2.3323826e-03
   7.0390526e-02   3.5960582e-02   4.6555156e-01  -1.7389639e-02  -7.2908619e-03  -2.3708125e-03
   6.6014580e-02  -1.5595342e-02   4.8123455e-01  -1.7895766e-02  -7.4544006e-03  -2.4020790e-03
   7.5027886e-02   2.8516326e-02   4.2516231e-01  -1.9372603e-02  -7.4052552e-03  -2.0666781e-03
   7.5488087e-02   1.9334710e-02   4.2017723e-01  -1.8219417e-02  -7.6958050e-03  -2.1341704e-03
   7.3305285e-02   1.4580457e-02   4.0340709e-01  -1.8763752e-02  -7.8389301e-03  -2.2442390e-03
   6.9507466e-02   1.3304697e-02   4.1076336e-01  -1.9364941e-02  -7.8399175e-03  -2.1894432e-03
   6.9195906e-02   1.4193942e-02   4.7212476e-01  -1.9454184e-02  -7.9734825e-03  -2.2105677e-03
   6.3726471e-02   2.5516689e-02   4.0869768e-01  -1.8340959e-02  -7.9289668e-03  -2.4457433e-03
   6.1454665e-02   1.4250245e-02   4.7078106e-01  -1.8962129e-02  -8.0477693e-03  -2.1562325e-03
   9.5480411e-02   7.6391104e-02   8.0214401e-01  -1.8446026e-02  -9.6048079e-03  -1.7937047e-03
   1.0106160e-01   1.2054366e-01   1.9682242e+00  -1.0442148e-02  -1.0198388e-02  -3.0163980e-03
   8.2600331e-02  -9.4931249e-02   1.8954428e+00  -1.5060927e-02  -9.7210601e-03  -4.4856631e-04
   8.3523318e-02  -2.0527407e-01   1.8157524e+00  -7.9090080e-03  -9.1156759e-03  -6.5738571e-04
  -1.0846686e-04  -8.5394084e-02   1.9051241e+00   6.4136407e-02  -8.0020921e-03  -3.7581644e-04
   1.5747676e-01   2.4919887e-01   3.1925872e+00   1.8592876e-01  -1.1851864e-02  -7.0236863e-03
   2.8133906e-01  -2.2757047e-01   1.1004623e+00   6.1800879e-02   1.1950283e-03  -7.2085124e-03
   1.1827745e-01  -4.3126327e-01   6.1063650e-01  -4.6937823e-03  -1.3610835e-03  -2.0756121e-03
   7.1273411e-02  -2.2017950e-01   6.2999227e-01  -5.2157420e-03  -3.5229458e-03  -1.2584179e-03
   4.1955055e-02  -1.6731098e-01   6.3956363e-01  -3.8458971e-03  -3.5807805e-03  -9.6342560e-04
   1.5379796e-02  -2.2939505e-01   6.1533139e-01  -3.4661398e-03  -4.1386522e-03  -1.0392466e-03
   1.6482032e-02  -1.2897309e-01   6.2751893e-01  -4.0459180e-03  -4.5679846e-03  -1.1087250e-03
   1.3882142e-02  -1.3719718e-01   6.6584035e-01  -4.1967590e-03  -4.6751946e-03  -1.4656471e-03
   9.8307451e-03  -1.9620342e-01   6.5557198e-01  -4.1436051e-03  -4.6665327e-03  -1.7314773e-03
   7.1574257e-03  -1.4665069e-01   6.6500355e-01  -5.4578907e-03  -4.7108231e-03  -2.0122759e-03
   5.6320237e-03  -1.3585728e-01   6.4015445e-01  -6.1602322e-03  -4.9300898e-03  -2.2289329e-03
   1.0147201e-02  -1.3718377e-01   6.2027838e-01  -6.5125437e-03  -5.0516553e-03  -2.2563795e-03
   1.7159785e-02  -1.0668544e-01   6.0662734e-01  -7.0354616e-03  -5.0258257e-03  -2.3215602e-03
   2.2130337e-02  -9.7557824e-02   5.8923429e-01  -7.7881564e-03  -5.2041748e-03  -2.4129042e-03
   4.6191607e-02  -7.7202456e-02   6.0659315e-01  -8.0460628e-03  -5.4240495e-03  -1.7319247e-03
  -1.1969181e-02  -6.9231639e-02   7.1621011e-01  -7.1798185e-03  -4.4850930e-03  -1.7196742e-03
  -1.5266542e-02  -1.0275585e-01   5.4954500e-01  -6.3551715e-03  -4.5704092e-03  -2.0580925e-03
  -2.7180162e-03  -1.2286636e-02   6.0927321e-01  -7.4198897e-03  -4.4339703e-03  -1.7088385e-03
  -1.4548431e-02  -7.2590897e-02   6.2381899e-01  -7.5766805e-03  -4.6847070e-03  -1.7645827e-03
  -1.4945246e-02  -1.0744091e-01   9.0918687e-01  -9.0088027e-03  -4.4186304e-03  -1.6626840e-03
  -1.6176614e-02   2.8823042e-02   9.8627549e-01  -8.7080990e-03  -5.4122138e-03  -2.6027583e-03
