   0.0000000e+00   0.0000000e+00   1.4210855e-14  -1.3877788e-17   0.0000000e+00   0.0000000e+00
  -2.6622059e-03  -7.2125562e-03  -3.8026092e-02   3.4925668e-04  -6.4874531e-05  -8.0797649e-05
  -1.4011367e-02  -1.2734800e-02  -1.2425607e-02   7.7073279e-04   9.5172986e-05   1.6035349e-05
  -1.8344504e-02   3.4014669e-02   8.1806479e-02   7.2473973e-05   2.6019362e-04  -1.1002194e-04
  -2.2220741e-02   6.7066170e-03   2.8002867e-02   2.4326142e-04  -8.8139146e-05   7.3535367e-05
  -3.1747210e-02   1.9260013e-02   6.6559337e-02   2.9490020e-04  -1.5585024e-04   1.2767070e-04
  -3.3394608e-02   2.7677324e-02   6.3220600e-02  -4.7547115e-05  -2.3019499e-04   2.1844894e-04
  -3.5476137e-02  -1.0992212e-02  -5.5386115e-03   1.2678275e-03  -1.0206868e-05   1.4587924e-04
  -3.9846678e-02   8.1457216e-03   7.8145500e-02   1.9292270e-03   5.6851717e-05   2.1208337e-04
  -5.0432464e-02   1.1411913e-02   2.8351229e-02   1.8616682e-03  -1.0104453e-05   1.7659951e-04
  -4.5518494e-02   2.9935120e-02   4.0533251e-03   1.3655723e-03   1.3147158e-04   2.0528496e-04
  -4.2248193e-02   2.4612777e-02   6.7882257e-02   6.4284219e-04   2.1104196e-04   2.7355755e-04
  -3.8622116e-02   1.8793903e-02   5.5394962e-02   7.4990583e-04   3.6690066e-05   2.9140157e-04
  -2.9128873e-02   2.2016597e-03  -1.5767768e-02   1.5354897e-03   5.7170190e-05   2.7895434e-04
  -3.4550933e-02   1.5405578e-02   9.0809775e-02   1.9334598e-03   4.8269717e-04   3.3012395e-04
  -4.2520685e-02  -5.4905642e-03   9.2772419e-03   1.9755114e-03   4.9488054e-04   2.4018664e-04
  -4.3035349e-02   6.1883465e-03   2.1990355e-02   1.7849564e-03   5.6746038e-04   2.8062044e-04
  -2.3228309e-02   7.8308469e-03  -4.4869185e-02   1.4500039e-03   2.7192619e-04  -1.3700331e-04
  -2.2973854e-02  -9.8151301e-02  -1.1505120e-01   2.1494973e-03   2.3518990e-03   6.4059158e-04
   3.0644179e-03   7.9829196e-03  -4.4145403e-01   4.9139747e-03   2.3924741e-03   2.7217700e-04
   1.6893196e-02  -1.7510714e-03  -3.9085106e-01   4.8768716e-03   2.2464434e-03   1.6015051e-04
   1.0660877e-02   1.8046955e-02  -3.0797565e-01   4.9093555e-03   2.1310927e-03   2.5007708e-04
   1.2622648e-02   2.5330954e-02  -3.5081890e-01   5.5963287e-03   2.4179399e-03   1.4917529e-04
   1.7893702e-02  -1.2380243e-02  -3.3408446e-01   6.2527422e-03   2.7357816e-03   2.0662991e-04
   9.7566352e-03   8.3137613e-03  -2.5254419e-01   5.4774671e-03   2.7816284e-03   3.1968835e-04
   5.3610401e-03   1.0348150e-02  -3.5618047e-01   5.1612322e-03   2.8455322e-03   3.0272016e-04
   1.9175788e-03   8.0207335e-03  -3.0927188e-01   5.0372399e-03   2.8082371e-03   4.9942049e-04
   2.5808579e-03   2.1975315e-02  -2.7567558e-01   4.5911425e-03   2.4964147e-03   4.5004198e-04
  -1.6729124e-03   1.9845549e-02  -3.2588803e-01   4.7485060e-03   2.5143253e-03   3.2407730e-04
  -1.0302647e-02  -6.5903960e-03  -3.3024227e-01   5.4188674e-03   2.5605846e-03   4.5691328e-04
  -3.6649187e-04   1.1484972e-02  -2.6848913e-01   5.8639547e-03   2.6059126e-03   4.1292310e-04
  -7.1623470e-03   7.7479013e-03  -3.7293374e-01   6.1329110e-03   2.8000694e-03   3.9593112e-04
  -7.9223581e-03   1.2349324e-03  -3.5926912e-01   5.8807425e-03   2.8571150e-03   4.9778267e-04
  -1.4767133e-04   2.4213257e-02  -3.1749463e-01   5.2283874e-03   2.8870744e-03   5.3930474e-04
  -5.2294393e-03   2.3011280e-02  -3.3387026e-01   5.0578427e-03   2.7011962e-03   5.5540840e-04
  -1.1330193e-02   2.5729948e-02  -3.5065012e-01   4.8100403e-03   2.7481922e-03   4.8590912e-04
  -1.2572417e-02  -8.0469876e-05  -3.5238826e-01   5.2408371e-03   2.7316011e-03   5.7414426e-04
  -9.5688913e-03   7.2723990e-03  -2.9765319e-01   5.3093201e-03   2.7658446e-03   6.2190045e-04
  -1.3601077e-02   1.6263494e-03  -3.4918826e-01   6.2635092e-03   3.2701390e-03   6.1270699e-04
  -1.1778936e-02  -9.2611850e-03  -3.7352999e-01   6.1399987e-03   3.3947667e-03   5.8297823e-04
  -1.3146178e-02  -2.4044155e-02  -3.4067041e-01   5.8236573e-03   3.3878681e-03   7.6345726e-04
  -4.5215497e-03  -1.2187050e-02  -3.1517029e-01   5.2895572e-03   3.5010203e-03   7.5309742e-04
   1.2277847e-03  -5.8315335e-03  -3.6953199e-01   4.9961525e-03   3.5023310e-03   8.5069957e-04
  -3.9939626e-03  -1.2247485e-02  -3.8101946e-01   4.7367836e-03   3.4858797e-03   9.2640214e-04
  -5.3507033e-03  -9.2983827e-03  -3.2328047e-01   4.1496870e-03   3.5712146e-03   9.3740707e-04
  -7.6059112e-03  -8.0442576e-03  -3.6385443e-01   4.4661660e-03   3.7625037e-03   1.0595877e-03
  -5.6341043e-03  -2.5001540e-02  -3.8129408e-01   4.4280834e-03   3.7736472e-03   9.3221596e-04
  -4.1351669e-04   2.8513358e-03  -3.3336140e-01   4.3388831e-03   3.8374842e-03   8.0947091e-04
  -1.8011554e-02  -4.2429866e-02  -4.5554326e-01   4.7557823e-03   3.6179307e-03   5.3960522e-04
   1.4459987e-02   9.9707332e-03  -3.6753963e-01   3.9786689e-03   4.0408349e-03   9.2157128e-04
   1.2250787e-02  -1.3703956e-02  -4.7350348e-01   4.5726168e-03   3.9456290e-03   7.9335268e-04
  -6.9614404e-04  -4.3007377e-03  -4.4976089e-01   4.9341153e-03   3.7162287e-03   6.8170980e-04
  -6.7087870e-03  -1.8036925e-03  -3.7316178e-01   4.5877633e-03   3.3660899e-03   6.2644427e-04
  -9.8573243e-03   5.7515783e-03  -3.4033670e-01   4.4610431e-03   3.3192789e-03   6.7927697e-04
  -1.0851635e-02  -1.5486542e-02  -4.1245071e-01   4.6452265e-03   3.1707404e-03   4.4477114e-04
  -1.7091095e-02  -1.9990998e-02  -3.7039511e-01   5.3288497e-03   3.3279919e-03   6.2567672e-04
  -1.3796432e-02  -1.7320416e-02  -3.2023804e-01   5.8470951e-03   3.3695121e-03   6.0126440e-04
  -8.2262577e-03  -1.5504768e-02  -4.0625114e-01   5.7843469e-03   3.5492742e-03   5.0881332e-04
  -8.5221609e-03  -2.3115766e-02  -4.0019856e-01   5.8260145e-03   3.5007416e-03   4.7042624e-04
  -5.1122801e-03   1.5093498e-02  -3.7094802e-01   5.0420538e-03   3.5039369e-03   5.8280973e-04
  -7.2446821e-04  -2.1624640e-02  -4.2676232e-01   5.2238780e-03   3.4987838e-03   4.8786351e-04
  -1.2879961e-02   3.2388637e-04  -3.2141446e-01   4.7450702e-03   3.6776059e-03   7.4157133e-04
  -1.3443499e-02  -3.8517098e-03  -4.1388384e-01   5.4339606e-03   3.5963850e-03   7.0856487e-04
  -1.2871979e-02  -2.1669285e-02  -4.1580902e-01   5.6935791e-03   3.4613102e-03   8.1272800e-04
  -1.5838090e-02  -1.8609569e-02  -3.4916356e-01   6.4233811e-03   3.6341844e-03   7.6527894e-04
  -1.7593245e-02  -2.7217416e-02  -3.9273525e-01   6.2144391e-03   3.7528297e-03   6.6174079e-04
  -3.4246703e-02  -3.0388531e-02  -4.1366214e-01   6.1589480e-03   3.9085805e-03   7.0795405e-04
  -2.3602671e-02  -2.8270534e-03  -3.4803834e-01   5.3344056e-03   3.8295588e-03   8.6166531e-04
  -2.1453688e-02   1.0512617e-03  -3.7975265e-01   5.2969516e-03   3.7852086e-03   8.0806516e-04
  -3.0305186e-02  -2.6877457e-02  -4.5216543e-01   5.4580376e-03   3.8656244e-03   7.9439439e-04
  -2.4331398e-02   1.1258814e-02  -3.6900519e-01   4.8234679e-03   3.6618537e-03   8.6531063e-04
  -2.2396883e-02   6.9165570e-03  -3.8131230e-01   4.8420897e-03   3.6423892e-03   7.3990339e-04
  -1.4435338e-02  -2.1958652e-02  -4.2704480e-01   5.1286966e-03   3.5084907e-03   6.9555964e-04
  -1.9653012e-02  -8.1210399e-03  -3.5915400e-01   5.5966761e-03   3.6014754e-03   7.3287657e-04
  -1.3633845e-02  -1.7723843e-02  -4.1943116e-01   6.5132709e-03   3.8529228e-03   6.7188064e-04
  -1.6814966e-02   1.7100950e-03  -4.3734524e-01   6.1421120e-03   3.7864526e-03   6.8303365e-04
  -2.5996044e-02  -2.2386325e-02  -4.0463080e-01   6.4691477e-03   3.8672317e-03   8.7023076e-04
  -1.8011976e-02   7.9872298e-03  -3.4078251e-01   6.1425045e-03   3.6852189e-03   6.7196083e-04
  -2.3838433e-02   1.1971230e-02  -5.4652434e-01   6.1987838e-03   3.4946375e-03   6.5924142e-04
  -1.4408526e-02  -1.1411409e-02  -3.9887665e-01   5.8843739e-03   3.7025172e-03   9.7055191e-04
  -4.4470350e-03  -5.2577330e-03  -3.7399122e-01   6.5853108e-03   3.4627865e-03   7.6521633e-04
  -7.4599559e-03   3.9435156e-02  -3.0405737e-01   5.2726482e-03   3.3769577e-03   8.2086433e-04
  -1.2635134e-02  -4.4618670e-03  -3.7585669e-01   5.6288447e-03   3.3177445e-03   8.1753399e-04
  -1.2198497e-02   1.8006178e-03  -3.3370108e-01   5.2894646e-03   3.1958228e-03   8.6922638e-04
  -1.6449567e-02   1.0427351e-02  -2.6689914e-01   5.1920695e-03   3.2704832e-03   9.4697652e-04
  -2.1390436e-02  -3.6763657e-03  -3.1109078e-01   6.0852906e-03   3.3370137e-03   1.1418197e-03
  -3.4553070e-02  -1.5140116e-02  -3.2267345e-01   6.7680335e-03   3.7132738e-03   1.0666391e-03
  -4.1297438e-02  -7.0847157e-03  -3.1302481e-01   6.8528990e-03   3.7055706e-03   1.1558856e-03
  -3.1847598e-02   8.9547295e-04  -3.1038471e-01   5.5689253e-03   3.6278886e-03   1.1680702e-03
  -3.8794859e-02  -7.2176452e-03  -3.5463299e-01   5.2225139e-03   3.6333981e-03   1.1169604e-03
  -2.4270210e-02  -1.4345176e-02  -3.2613725e-01   5.1493408e-03   3.3539966e-03   1.0486283e-03
  -2.1349149e-02  -5.4037861e-03  -2.9306307e-01   5.3646703e-03   3.3674731e-03   1.1480847e-03
  -3.3183724e-02  -1.4351755e-02  -3.0897832e-01   6.3784612e-03   3.9043720e-03   1.0696452e-03
  -2.2705526e-02  -1.4881037e-02  -2.9888550e-01   6.3438665e-03   3.6686904e-03   1.1672106e-03
  -2.6428994e-02   1.2135837e-02  -2.7646515e-01   5.9188843e-03   3.8106972e-03   1.1030967e-03
  -3.2209214e-02   2.2925429e-02  -3.1745180e-01   5.6192412e-03   3.8004541e-03   1.1253513e-03
  -3.3468174e-02   2.7311673e-02  -3.6454713e-01   5.6844033e-03   3.6526669e-03   1.1542038e-03
  -3.1727909e-02   2.0241764e-02  -3.4147791e-01   5.7267537e-03   3.4869495e-03   1.2998031e-03
  -3.6243823e-02   1.0408058e-02  -2.6314151e-01   6.3929334e-03   3.7763598e-03   1.2613343e-03
  -2.9791261e-02   6.8432680e-03  -2.6475650e-01   6.6370223e-03   3.6931574e-03   1.1684399e-03
  -3.6386599e-02  -1.2571410e-02  -3.2379788e-01   6.2159669e-03   4.0209267e-03   1.1311856e-03
  -3.3768457e-02  -9.8441087e-03  -3.1427338e-01   5.9657759e-03   3.9324557e-03   1.1578409e-03
  -3.1227562e-02   2.0861374e-02  -2.8217750e-01   5.2920870e-03   3.8202335e-03   1.1835283e-03
  -4.5190892e-02   2.8137340e-02  -3.5554722e-01   5.6458067e-03   3.8901917e-03   1.2592558e-03
  -4.9095222e-02   1.9508560e-02  -3.3198822e-01   5.7753866e-03   3.7289350e-03   1.2895785e-03
  -4.6459262e-02   6.7397191e-02  -2.9863586e-01   6.5537795e-03   3.9035614e-03   9.7260232e-04
  -3.7677904e-02   2.0334050e-03  -2.3014876e-01   8.5051174e-03   4.2950636e-03   6.8813199e-04
  -1.3443162e-02   4.1500314e-02  -5.0788392e-01   9.5441278e-03   4.8166591e-03   9.2626821e-04
  -1.9752764e-02  -7.9602839e-03  -4.6695904e-01   1.0377066e-02   4.9453172e-03   9.2592745e-04
  -2.2621110e-02  -3.7030321e-04  -3.8402747e-01   1.0256266e-02   4.5544918e-03   1.1213717e-03
  -1.7505437e-02   1.4698817e-02  -3.8381802e-01   1.0592740e-02   4.3415773e-03   1.1131420e-03
  -3.0298575e-02   5.7808541e-03  -3.9223552e-01   1.0703555e-02   4.4215964e-03   1.0220467e-03
  -2.7985257e-02  -4.6375567e-02  -3.9454949e-01   1.0960906e-02   4.5521246e-03   1.1017192e-03
  -3.8824177e-02  -2.8412464e-02  -3.6583279e-01   1.1192284e-02   5.0116781e-03   1.1711121e-03
  -3.9475459e-02  -5.2626854e-03  -3.3153071e-01   1.1312431e-02   4.9789140e-03   1.2014126e-03
  -4.3954828e-02  -1.3323022e-02  -3.8292543e-01   1.1466198e-02   4.9652789e-03   1.2079880e-03
  -3.5427567e-02  -3.2649933e-03  -4.3784303e-01   1.1002860e-02   4.8750742e-03   1.2349846e-03
  -3.2575266e-02   4.2425126e-03  -4.0376503e-01   1.0676849e-02   5.0018506e-03   1.2601309e-03
  -3.2366236e-02   2.9597479e-03  -3.6996643e-01   1.0445085e-02   5.0569787e-03   1.2393319e-03
  -2.7122747e-02   1.6681485e-02  -4.2751990e-01   1.0088690e-02   4.9902165e-03   1.3293370e-03
  -3.3274505e-02   9.2602517e-03  -4.3869985e-01   1.0295449e-02   4.9759287e-03   1.2904943e-03
  -2.0774503e-03  -1.7423880e-04  -4.9868080e-01   1.1911056e-02   5.0339099e-03  -2.5608060e-04
   3.4601332e-02  -1.4055599e-02  -5.2717690e-01   9.4820151e-03   5.2725978e-03   1.2878075e-03
   1.5473729e-02  -1.3554063e-02  -4.7986733e-01   1.0335346e-02   5.1759725e-03   1.2329173e-03
   5.7556047e-03  -1.4768552e-03  -5.1388244e-01   1.0826760e-02   5.0739952e-03   1.0675083e-03
  -1.2729937e-02  -1.4988421e-02  -4.6481042e-01   1.1316455e-02   5.1909016e-03   1.1629638e-03
  -1.3687612e-02   2.3789195e-02  -4.0058926e-01   1.0840317e-02   5.2973799e-03   1.3127262e-03
  -2.0957366e-02   3.6777740e-02  -4.4256911e-01   1.1039140e-02   5.1973210e-03   1.3006034e-03
  -1.2480327e-02   3.7179340e-03  -4.1862854e-01   1.1636127e-02   4.9455047e-03   1.4023576e-03
  -1.9570400e-02   2.3814824e-02  -3.7288110e-01   1.1345500e-02   5.3836478e-03   1.2650745e-03
  -2.4321484e-02   2.5490549e-02  -4.4778393e-01   1.1345936e-02   5.1675747e-03   1.2861092e-03
  -1.8622779e-02   2.2451470e-04  -4.1087871e-01   1.1535814e-02   5.2374745e-03   1.3938315e-03
  -1.2275771e-02   1.7246881e-02  -3.9992010e-01   1.1289316e-02   5.0022402e-03   1.2523121e-03
  -5.0258811e-03   3.9765482e-02  -4.3375807e-01   1.1163889e-02   5.0230463e-03   1.2621912e-03
  -7.1885623e-03   1.0442219e-02  -4.3623872e-01   1.1002691e-02   4.9591680e-03   1.2862369e-03
  -4.7542123e-03   3.2643015e-02  -3.9149539e-01   1.1062946e-02   4.9100822e-03   1.4666422e-03
  -1.3844701e-02   2.5267058e-02  -4.2590892e-01   1.1155889e-02   4.8350409e-03   1.3775464e-03
  -1.4034869e-02   1.6599692e-02  -4.3661389e-01   1.1999684e-02   4.6394840e-03   1.4702518e-03
  -1.1256886e-02   9.9436739e-03  -3.9280008e-01   1.1063099e-02   4.6959636e-03   1.5119925e-03
   5.8559863e-03  -4.0276362e-02  -4.6760970e-01   1.1228255e-02   4.4076081e-03   1.4796906e-03
   1.2634112e-02   8.6737830e-02  -4.2317242e-01   1.1997305e-02   4.7366286e-03   1.3828326e-03
   7.0149243e-02   1.9629703e-01  -6.1985844e-02   1.5894093e-02   3.6604198e-03   9.2047262e-04
   8.7383801e-02  -1.3536100e-01  -8.3108144e-01   1.1081923e-02   5.3239691e-03   1.6293412e-03
   7.2344566e-02  -7.0726486e-02  -7.6231391e-01   1.2134775e-02   5.3005961e-03   1.3083536e-03
   5.2043732e-02  -1.6860769e-02  -7.3801276e-01   1.3597064e-02   5.4324833e-03   1.1205423e-03
   2.5046522e-02  -4.5562147e-02  -6.3050327e-01   1.3617824e-02   5.5110885e-03   1.2488743e-03
   1.5165544e-02  -3.0241737e-02  -6.6486903e-01   1.4242372e-02   5.3159933e-03   1.0969569e-03
   9.9422504e-03  -2.6851744e-02  -6.6184206e-01   1.3762061e-02   5.4293368e-03   9.4523846e-04
   9.4381700e-03  -3.0369321e-02  -6.5349415e-01   1.3017621e-02   5.5454020e-03   8.9321783e-04
   1.5384748e-03  -3.6238387e-02  -6.1207471e-01   1.2952818e-02   5.6225422e-03   9.6395381e-04
   1.7705493e-02  -1.9823109e-02  -6.2343323e-01   1.4513499e-02   5.4749707e-03   2.7002565e-04
   1.0299701e-01   5.3099647e-02  -8.0598064e-01   1.0895065e-02   7.6474184e-03   6.5987753e-04
   9.4655000e-02  -1.0460636e-02  -8.1213608e-01   1.0288787e-02   7.4679971e-03   5.7541244e-04
   7.9565845e-02  -8.2233013e-03  -8.3457975e-01   9.6058040e-03   7.2591350e-03   3.9946445e-04
   7.6651162e-02   4.0501121e-02  -7.7350232e-01   9.2291880e-03   7.0141246e-03   5.0995458e-04
   6.8744416e-02   1.8804944e-02  -7.7148596e-01   8.7914796e-03   7.0914214e-03   3.9060352e-04
   6.6922909e-02   4.0106295e-03  -8.1274566e-01   9.2253112e-03   7.2854244e-03   3.5915884e-04
   6.9647784e-02   6.7134442e-02  -7.6300906e-01   8.3724391e-03   7.2636288e-03   2.5369936e-04
   6.3970601e-02   7.4237453e-03  -7.7836341e-01   9.0452978e-03   7.2864403e-03   4.9889958e-04
   6.0678857e-02   5.8287241e-03  -7.0770101e-01   9.0144446e-03   7.3985868e-03   3.8863906e-04
   5.7029621e-02   5.8029155e-02  -6.5868890e-01   8.3961873e-03   7.1422109e-03   6.5036296e-04
   5.4567705e-02   2.3818791e-02  -7.4989092e-01   9.6040564e-03   7.0877618e-03   4.1130719e-04
   5.1851363e-02  -2.2971639e-03  -7.7010409e-01   9.3999567e-03   7.1794408e-03   5.5121562e-04
   6.2671021e-02   2.1303658e-02  -7.1076572e-01   9.0450778e-03   7.1961743e-03   5.7559235e-04
   5.9817399e-02   6.4203821e-03  -6.9267511e-01   9.1470023e-03   7.3508673e-03   5.5544888e-04
   5.7111118e-02   1.7934089e-02  -7.3283740e-01   9.1525327e-03   7.4821001e-03   4.8423697e-04
   1.3894696e-01   4.3920653e-02  -1.0165116e+00   1.0767487e-02   8.7246431e-03   8.3667122e-04
   1.7149409e-01  -7.0877725e-02  -1.0630718e+00   1.4474897e-02   7.2747260e-03   1.1334421e-03
   1.6563138e-01   1.3884627e-01  -1.1710295e+00   1.7829686e-02   6.2129071e-03   3.0140568e-04
   1.4393518e-01   9.8400503e-02  -1.0498746e+00   1.9743659e-02   6.3170116e-03   2.6998157e-04
   1.2376439e-01   9.2563141e-02  -9.8418830e-01   1.9622461e-02   5.8154684e-03   3.2427390e-04
   1.4213546e-01   7.4376068e-02  -9.0644963e-01   1.7733730e-02   6.7701225e-03   4.0123223e-04
   1.7464875e-01   2.1798509e-02  -1.0794014e+00   1.6515452e-02   7.0638276e-03   2.3875904e-04
   1.7062794e-01   7.7492498e-02  -9.8079414e-01   1.6656756e-02   7.1242664e-03   2.3876871e-04
   1.6116881e-01   8.9250288e-02  -9.4443232e-01   1.6192323e-02   6.9273917e-03   2.4066341e-04
   1.4704738e-01   4.3037259e-03  -9.5455399e-01   1.5877697e-02   6.5294856e-03   2.9836457e-04
   1.4195586e-01   8.6234696e-02  -8.0741503e-01   1.5615654e-02   6.5144541e-03   4.1555297e-04
   1.3512225e-01   4.0818716e-02  -9.0865814e-01   1.7377929e-02   7.0286619e-03   3.5736175e-04
   1.3544794e-01   3.6180506e-02  -8.3250048e-01   1.6941482e-02   6.7593760e-03   4.1580819e-04
   1.3008224e-01   7.5591615e-02  -8.8830668e-01   1.5976898e-02   6.9127025e-03   1.0688587e-04
   1.2761053e-01   5.8764718e-02  -9.0863057e-01   1.5822514e-02   7.0872812e-03   2.4782673e-04
   1.9026591e-01   1.7044081e-01  -7.3170248e-01   1.7082293e-02   5.9240559e-03  -8.1821951e-04
   1.8559448e-01   3.1065466e-02  -9.5196005e-01   1.3871275e-02   7.5825350e-03   1.5809006e-04
   1.6895162e-01   4.4539683e-02  -1.0875701e+00   1.5370145e-02   7.2045724e-03  -1.3321784e-04
   1.4838129e-01   5.8672693e-02  -1.0098288e+00   1.5866172e-02   6.9379205e-03  -2.4494377e-04
   1.3845953e-01   7.3633125e-02  -8.9876229e-01   1.5012577e-02   6.7533780e-03  -1.9610804e-04
   1.3269453e-01   7.3187469e-02  -9.8605043e-01   1.5658758e-02   6.7002436e-03  -9.3684582e-05
   1.2183859e-01   6.8136781e-02  -9.7919164e-01   1.4949311e-02   6.5865686e-03   3.9764038e-05
   1.2381828e-01   7.2473233e-02  -9.2055253e-01   1.5089487e-02   6.8427385e-03  -3.7256933e-04
   1.2080100e-01   6.4505979e-02  -9.5278175e-01   1.5736486e-02   6.8202408e-03  -3.3649881e-04
   1.1303327e-01   7.0757100e-02  -9.7747570e-01   1.5817863e-02   6.9947904e-03  -1.6224920e-04
   1.0725261e-01   3.2764169e-02  -9.7318943e-01   1.6263456e-02   7.1222816e-03  -1.5088720e-04
   1.1702751e-01   5.5052444e-02  -9.2180288e-01   1.6330602e-02   7.2412765e-03  -1.0593811e-04
   1.2554369e-01   7.8022844e-02  -1.0419631e+00   1.6683570e-02   7.0568136e-03  -1.9211777e-04
   1.2438993e-01   7.1524811e-02  -9.6345358e-01   1.5531607e-02   7.1391023e-03  -1.3772216e-05
   1.1418260e-01   7.3715817e-02  -9.7930318e-01   1.5263377e-02   7.1257410e-03  -1.6198647e-04
   1.1357074e-01   5.6160147e-02  -1.0001600e+00   1.5444344e-02   7.1832347e-03   5.8694941e-05
   1.2335563e-01   6.0419950e-02  -9.6732618e-01   1.5095149e-02   7.1417498e-03   5.2554805e-05
   1.2432285e-01   7.3811767e-02  -9.5991336e-01   1.5808451e-02   6.9288136e-03   3.9177271e-05
   1.2279291e-01   5.6146186e-02  -1.0151079e+00   1.6796693e-02   7.3457526e-03  -3.7987051e-05
   1.2547111e-01   6.8973240e-02  -9.2728973e-01   1.5223128e-02   7.1008560e-03   1.1443823e-04
   1.1820751e-01   6.1657142e-02  -9.4315356e-01   1.4638663e-02   7.1652805e-03  -5.9107741e-05
   1.1133868e-01  -3.2503796e-02  -1.0592191e+00   1.5811051e-02   7.9250078e-03  -6.6751815e-04
   1.2291194e-01   7.3892350e-02  -9.8872522e-01   1.3379113e-02   7.4823351e-03   3.3549702e-04
   1.1957671e-01   4.9343378e-02  -1.0577313e+00   1.5231519e-02   7.1071429e-03   1.1898247e-04
   1.1411293e-01   1.9721492e-02  -1.0379903e+00   1.6169763e-02   7.1880190e-03   1.5434070e-04
   1.1150440e-01   5.3822615e-02  -9.2894792e-01   1.5479550e-02   7.1400652e-03   1.4904827e-04
   1.0741443e-01   4.8442552e-02  -1.0261309e+00   1.4620408e-02   7.2223058e-03   3.3533299e-04
   1.0103895e-01   2.7400160e-02  -9.8897376e-01   1.4634954e-02   7.3840960e-03   2.2061653e-04
   1.0063027e-01   5.5045754e-02  -9.6102211e-01   1.4450520e-02   7.3999055e-03   3.6248415e-04
   9.4317521e-02   5.8401320e-02  -1.0677179e+00   1.5040175e-02   7.3936772e-03   2.9070546e-04
   9.3803172e-02   6.4875405e-02  -1.0138064e+00   1.5127051e-02   7.2857790e-03   2.7487234e-04
   1.0570884e-01   1.0937205e-01  -9.8947160e-01   1.5359497e-02   7.1131678e-03   3.2893004e-04
   8.7448647e-02   8.5820768e-02  -1.0270694e+00   1.7409652e-02   7.5402232e-03   2.9569820e-04
   9.4241174e-02   7.2443355e-02  -9.3371325e-01   1.6600861e-02   7.5666923e-03   2.3985967e-04
   9.0391139e-02   8.1279218e-02  -9.4478434e-01   1.5760416e-02   7.4268820e-03   1.0821092e-04
   8.5456970e-02   8.6913713e-02  -1.0142886e+00   1.6798310e-02   7.3689325e-03   1.4041206e-04
   7.6717181e-02   5.1473591e-02  -1.0015925e+00   1.6760030e-02   7.5847530e-03   2.3283361e-04
   7.6221580e-02   5.3797743e-02  -9.6528051e-01   1.6599051e-02   7.6663921e-03   2.4188929e-04
   8.9480163e-02   3.8258267e-02  -1.0059123e+00   1.7683442e-02   7.8713049e-03   1.0669041e-04
   1.5405185e-01   9.2754903e-02  -7.3537500e-01   1.9885121e-02   7.1022410e-03   1.8068634e-03
   2.1981308e-01   1.8098833e-02  -6.0524581e-01   1.8132487e-02   6.0485922e-03   1.1972437e-03
   1.9613469e-01   8.7542977e-02  -6.4345652e-01   2.1179234e-02   5.3257722e-03   1.6973021e-03
  -8.0459405e-02  -4.2771358e-02  -2.1297229e-01   3.0251201e-02   6.9028734e-03   5.2035721e-03
   2.6291804e-01  -5.8819980e-02  -2.0540839e-01   2.4498181e-02   8.6703830e-03   1.8285037e-03
   2.4791635e-01  -1.9813256e-02  -2.1488574e-01   2.5236857e-02   6.7921592e-03   1.9370521e-03
   2.0904776e-01   1.9064561e-01  -2.3659163e-01   2.3767220e-02   7.0343012e-03   1.8798787e-04
   2.0652314e-01   2.3226435e-01  -9.2548464e-01   2.2208997e-02   8.9695822e-03  -8.7525313e-05
   1.5644231e-01  -6.6118200e-02  -5.3876501e-01   2.0878085e-02   7.7144591e-03   1.7340841e-03
   1.3839248e-01  -2.0360471e-01  -1.6946033e-01   1.6698938e-02   6.7348881e-03   3.5810181e-03
   2.3178652e-01   2.3881618e-02  -2.7636752e-01   1.6663282e-02   6.3435453e-03   9.0226272e-04
   1.6995298e-01   2.0077961e-01   6.2224607e-01   2.1746374e-02   4.5989941e-03   2.6113576e-04
   2.0790112e-01  -4.1774233e-02   6.8272993e-01   2.1171347e-02   3.2998447e-03   1.2511679e-05
   2.3505273e-01   1.0695374e-02   5.8121148e-01   2.0283452e-02   3.2197702e-03  -5.1821857e-04
   1.6449881e-01   3.3832123e-02   5.2433576e-01   2.0950858e-02   4.0718794e-03   3.9107613e-04
   2.2497037e-01   2.3150665e-02  -2.6175052e-01   1.3135897e-02   6.3670836e-03   7.0088357e-04
   2.8571122e-01  -4.6629913e-02  -3.2158983e-01   1.1719345e-02   6.6453504e-03   3.6167149e-04
   2.9211026e-01   2.5782928e-03  -3.1200493e-01   1.1162947e-02   6.1417165e-03   4.1521377e-04
   3.1134859e-01   3.6198064e-02  -3.1136010e-01   1.2928120e-02   6.2123174e-03   8.5024174e-04
   3.2658661e-01   2.0579420e-02  -8.9848807e-03   1.4898540e-02   6.0757086e-03  -4.2079650e-04
   3.5906183e-01  -7.1374522e-03  -1.7589388e-01   1.5240053e-02   6.2232066e-03  -7.7359287e-05
   3.6211640e-01  -2.4459777e-07  -3.2512560e-01   1.4837074e-02   5.5928096e-03   3.0215620e-04
   3.5517542e-01   3.2536066e-02  -2.2100122e-01   1.4083052e-02   5.3869925e-03   2.8601361e-04
   3.6222803e-01   9.8288318e-03  -2.6627162e-01   1.3425541e-02   5.3205679e-03   4.2151393e-04
   3.5780989e-01   3.3965649e-02  -2.6470239e-01   1.2756899e-02   5.6452132e-03   4.5640730e-04
   3.5670649e-01   4.7897985e-03  -2.0669335e-01   1.2334043e-02   5.4940999e-03   4.6322619e-04
   3.5390888e-01   1.8397638e-02  -2.8073947e-01   1.2367707e-02   5.2338564e-03   3.6250696e-04
   3.6260065e-01   4.0921131e-02  -2.7552640e-01   1.2805496e-02   5.4638908e-03   4.5963072e-04
   3.6876899e-01   2.6477384e-02  -2.0030594e-01   1.2979548e-02   5.1824442e-03   4.5533394e-04
   3.5439811e-01   1.7279244e-02  -2.8587315e-01   1.2499559e-02   5.3063228e-03   3.2505872e-04
   3.6486539e-01   6.2079416e-02  -2.2460471e-01   1.1814459e-02   5.4046645e-03   6.0558340e-04
   3.7155857e-01   5.4282207e-02  -1.9252867e-01   1.1544040e-02   5.1917925e-03   6.3283724e-04
   3.7017731e-01   6.9713652e-02  -2.7014166e-01   1.2242347e-02   5.2569517e-03   4.1535401e-04
   3.6713594e-01   6.5997129e-02  -1.8525267e-01   1.3607331e-02   5.7789377e-03   7.7155297e-04
   3.0314055e-01   8.2984594e-02   2.0742897e-01   1.5080668e-02   6.2769793e-03   2.7598824e-03
   3.5926482e-01   6.8960327e-02   3.2968174e-01   1.3451430e-02   5.5273933e-03   1.3674141e-03
   3.5741907e-01   3.9364614e-02   1.6350446e-01   1.3415061e-02   6.0831130e-03   8.4973387e-04
   3.5769663e-01   4.7011283e-02   3.5559372e-01   1.3214200e-02   4.6950841e-03   1.2128574e-03
   3.3838167e-01   6.5719924e-02   4.3751756e-01   1.3636777e-02   4.6081968e-03   1.1743878e-03
   3.5604527e-01  -1.6653025e-02   3.9585738e-01   1.2863615e-02   5.0637796e-03   9.9472941e-04
   3.5912276e-01   1.3669243e-02   4.7614573e-01   1.3203747e-02   5.0983515e-03   9.0512286e-04
   3.9289424e-01  -1.7976558e-02   3.1786291e-01   1.3600465e-02   4.7282245e-03   1.2798116e-03
   3.8940479e-01   2.2460863e-01   1.1673437e+00   1.8908894e-02   3.4679270e-03  -7.1362395e-04
   4.1023525e-01   2.6503102e-02   1.0473634e+00   1.4394985e-02   4.4350462e-03  -4.5978153e-04
   3.3245819e-01  -1.7949999e-01   4.7705695e-01   1.2413629e-02   5.3411051e-03  -5.4190796e-04
   3.5026940e-01  -6.0535561e-02   4.5853501e-01   1.3544989e-02   4.8372498e-03  -3.1883137e-04
   3.3891198e-01  -5.7333465e-02   4.7663632e-01   1.5352959e-02   4.7329208e-03  -8.9281169e-05
   3.3886896e-01  -2.4084291e-02   4.5034863e-01   1.4669479e-02   4.4535855e-03  -2.5923923e-05
   3.3571365e-01  -3.0305559e-02   4.5912723e-01   1.3543549e-02   4.2065183e-03  -4.6951371e-05
   3.2823318e-01   1.2470319e-02   4.7738692e-01   1.3617359e-02   3.8804990e-03   1.1820692e-04
   3.1167512e-01  -9.0741245e-03   4.9096616e-01   1.3464518e-02   3.6331651e-03   7.2736032e-05
   3.1118924e-01  -6.1735105e-03   4.7505513e-01   1.3037231e-02   3.2252380e-03   2.4354157e-04
   3.0681722e-01   4.7797746e-03   4.3753789e-01   1.2534482e-02   2.9363693e-03   2.4830009e-04
   3.0441789e-01   5.3644227e-02   4.7428217e-01   1.1130409e-02   2.4873485e-03   2.8845939e-04
   3.0400022e-01   3.3513081e-02   3.9837367e-01   1.1623289e-02   2.3506533e-03   4.7259883e-04
   2.9692631e-01   4.5667296e-02   4.2618370e-01   1.0886428e-02   2.3489242e-03   5.5961804e-04
   3.0453373e-01   3.2698761e-02   3.8516423e-01   1.0890677e-02   2.2651540e-03   6.3915559e-04
   2.9586128e-01   9.7370608e-02   4.2268513e-01   1.0475963e-02   1.9446928e-03   7.1969408e-04
   2.9754935e-01   5.5835283e-02   3.5390260e-01   1.0631029e-02   1.9077811e-03   7.1356025e-04
   2.9516064e-01   4.4045765e-02   3.6814200e-01   1.1298226e-02   1.8238235e-03   6.2169034e-04
   2.9422074e-01   1.0496255e-01   4.7082531e-01   9.6057322e-03   1.5227164e-03   5.1324256e-04
   2.8994041e-01   5.6623636e-02   3.9093945e-01   9.8379682e-03   1.5084581e-03   5.2906660e-04
   2.8636147e-01   5.7526032e-02   3.8494115e-01   9.5123930e-03   1.7072348e-03   5.2356859e-04
   2.9220931e-01   9.8791574e-02   4.6001141e-01   9.7294846e-03   1.5166161e-03   5.2981594e-04
   2.9334053e-01   7.1897381e-02   4.2882966e-01   9.7499711e-03   1.5103245e-03   4.7971709e-04
   2.9364469e-01   6.4445152e-02   3.6780548e-01   9.8941974e-03   1.5964126e-03   4.7701339e-04
   2.8571121e-01   7.7085496e-02   4.3669861e-01   8.8177290e-03   1.6795884e-03   5.2051062e-04
   2.8850241e-01   8.5582539e-02   4.0680838e-01   8.9917800e-03   1.4926699e-03   4.5103751e-04
   2.8517004e-01   7.7590651e-02   3.5466123e-01   8.7015591e-03   1.5080296e-03   4.4278425e-04
   2.6457799e-01   1.2577059e-01   4.1017507e-01   1.0102714e-02   3.3500113e-03  -7.6576324e-04
   3.0081605e-01   1.1821263e-01   6.3317563e-01   9.1499875e-03   2.5517840e-03   2.6657907e-04
   2.9031119e-01   3.8191577e-02   3.8588627e-01   9.0986544e-03   3.0811706e-03   5.5327679e-05
   2.9247431e-01   3.2724974e-02   4.9989060e-01   9.7916413e-03   3.0595258e-03   1.2052857e-04
   2.8677734e-01   6.3226051e-02   5.6871031e-01   9.8177119e-03   2.7327424e-03   1.0904589e-04
   2.9118125e-01   4.0180833e-02   4.7689157e-01   9.5501408e-03   2.7408603e-03   1.2881864e-05
   2.9450302e-01   4.7920074e-02   5.8139342e-01   7.9212820e-03   2.5567066e-03  -2.2195322e-05
   2.9148018e-01   7.6075471e-02   5.3765855e-01   7.8610121e-03   2.4017600e-03  -1.9429945e-04
   2.8248880e-01   6.8918838e-02   4.9942337e-01   7.0215268e-03   2.5033241e-03  -1.5783572e-04
   2.9065685e-01   6.5264952e-02   5.9445103e-01   7.7699748e-03   2.6217481e-03  -2.2650345e-04
   2.9119215e-01   7.9428840e-02   6.1303872e-01   1.0225205e-02   2.5514061e-03  -2.5241665e-04
   2.9589102e-01   6.1619791e-02   7.9252807e-01   1.1817297e-02   2.7675456e-03  -3.4601960e-06
   3.4213104e-01   2.4464371e-01   7.1623845e-01   9.4285074e-03   7.5374723e-03  -1.2841245e-03
   3.6336487e-01   5.0517307e-01   1.3106560e+00   1.7175130e-02   8.4985878e-03  -3.0523907e-03
   7.4199507e-01   3.4766775e-01   1.4365448e+00   2.2686761e-02   4.3728377e-03  -2.7664733e-03
   5.2058234e-01  -1.2525158e-01   1.1411341e+00   1.3792504e-02   6.3136801e-03  -2.7526677e-03
   3.8910179e-01   1.0705062e-01   9.5137981e-01   1.0170858e-02   4.6481537e-03  -1.4269301e-03
   3.6516804e-01   6.9314791e-02   8.4929850e-01   1.0174605e-02   3.4972503e-03  -1.1304702e-03
   3.3023393e-01   4.6863097e-02   9.3282984e-01   1.0420483e-02   2.7311402e-03  -1.4433546e-03
   3.1731283e-01   1.0668077e-01   8.8852442e-01   9.3413824e-03   2.9134394e-03  -1.4639555e-03
   3.1955663e-01   1.0699721e-01   9.5293277e-01   8.9086039e-03   2.9511246e-03  -1.6426160e-03
   3.1629722e-01   8.2659394e-02   9.2777672e-01   9.0654074e-03   2.6096418e-03  -1.5635818e-03
   3.1190528e-01   1.0080939e-01   8.6635302e-01   8.8952185e-03   2.5806425e-03  -1.2321182e-03
   3.1901298e-01   1.1574720e-01   9.2972596e-01   8.8663743e-03   2.5067043e-03  -1.2843673e-03
   3.1104696e-01   1.4677178e-01   1.0082364e+00   8.8646982e-03   2.0481643e-03  -1.0427100e-03
   3.3202069e-01   1.1263211e-01   1.1499008e+00   8.3610770e-03   1.7784078e-03  -7.9189197e-04
   3.2815071e-01   1.0670363e-01   1.0175088e+00   7.7099050e-03   1.7855834e-03  -8.6321662e-04
   3.3274607e-01   1.3738803e-01   9.3656118e-01   8.1710900e-03   1.7644503e-03  -1.0860889e-03
   3.4849695e-01   1.5065650e-01   1.2582260e+00   8.3887881e-03   1.9444416e-03  -1.0065943e-03
   3.5434426e-01   1.2044923e-01   1.2627804e+00   7.5520858e-03   1.5762996e-03  -1.3256910e-03
   3.3954687e-01   1.3974425e-01   9.9862939e-01   7.1122172e-03   1.5612209e-03  -1.4972601e-03
   3.4418981e-01   8.6387538e-02   1.0629239e+00   6.5650546e-03   1.3302829e-03  -1.3480253e-03
   3.4183856e-01   8.4522193e-02   1.1546785e+00   6.2446062e-03   1.3739183e-03  -1.2618224e-03
   3.3748194e-01   1.4359426e-01   1.0975296e+00   6.1236517e-03   1.4897387e-03  -1.2915163e-03
   3.3975186e-01   6.7837986e-02   1.0851281e+00   5.8307464e-03   1.6003153e-03  -1.2432721e-03
   3.3702801e-01   7.1700793e-02   1.1453269e+00   5.4460293e-03   1.5055901e-03  -1.3295560e-03
   3.3413568e-01   1.2702092e-01   1.2124261e+00   5.3558827e-03   4.2804249e-04  -1.5262020e-03
   3.4250581e-01   7.6606162e-02   1.1271689e+00   5.6032585e-03   3.9608954e-04  -1.3860430e-03
   3.3856676e-01   6.9161462e-02   1.1529743e+00   5.5431060e-03   8.9154964e-04  -1.0736918e-03
   3.3271134e-01   6.5279271e-02   1.1722884e+00   6.1810494e-03   1.0083490e-03  -1.0505316e-03
   3.3490291e-01   6.0313141e-02   1.1192070e+00   6.4175153e-03   8.8813250e-04  -9.8885203e-04
   3.3485026e-01   5.8260104e-02   1.1737282e+00   5.6173098e-03   1.0327263e-03  -9.5970994e-04
   3.2909488e-01   5.6769413e-02   1.1358821e+00   5.6335582e-03   1.0601845e-03  -1.0116587e-03
   3.2193277e-01   8.8957124e-02   1.1094516e+00   4.9951134e-03   1.3106791e-03  -8.5743678e-04
   3.2356168e-01   8.5024006e-02   1.1674624e+00   4.3414235e-03   1.1735254e-03  -7.3156113e-04
   3.2525106e-01   5.4446240e-02   1.1043074e+00   5.1450233e-03   1.1972632e-03  -8.9051306e-04
   3.3151969e-01   6.9497781e-02   1.1250369e+00   4.6190499e-03   1.3946363e-03  -7.1964210e-04
   3.3712440e-01   8.9682845e-02   1.1932912e+00   3.9533061e-03   1.1371812e-03  -6.1575132e-04
   3.3038253e-01   6.2961236e-02   1.1016264e+00   5.1402034e-03   1.2015745e-03  -7.1108444e-04
   3.1929259e-01   8.0771905e-02   1.1052894e+00   4.6828528e-03   1.4288327e-03  -6.0536870e-04
   3.2526123e-01   8.8700261e-02   1.1651502e+00   4.4902862e-03   1.2830196e-03  -5.4052512e-04
   3.2329973e-01   5.6577371e-02   1.1567819e+00   4.3948474e-03   1.3015982e-03  -5.0518464e-04
   3.2398413e-01   9.5820364e-02   1.1098451e+00   5.4495959e-03   1.4286605e-03  -5.9274904e-04
   3.2260050e-01   7.4344193e-02   1.1301156e+00   5.0448886e-03   1.3768459e-03  -6.2370281e-04
   3.2845317e-01   8.6768282e-02   1.2136560e+00   4.5487661e-03   1.2560938e-03  -5.7022879e-04
   3.2341935e-01   8.7543748e-02   1.1118896e+00   3.9727197e-03   1.5621595e-03  -5.7788434e-04
   3.1532179e-01   7.9838497e-02   1.1619852e+00   3.7177453e-03   1.7673521e-03  -4.9549630e-04
   3.1458567e-01   1.0372297e-01   1.1862882e+00   3.7505626e-03   1.6733481e-03  -3.9308035e-04
   3.1404894e-01   1.2996135e-01   1.1367582e+00   4.0357036e-03   1.5247428e-03  -3.9151322e-04
   3.0747728e-01   1.5160161e-01   1.1459642e+00   4.9484064e-03   1.1720444e-03  -5.5220506e-04
   3.2024780e-01   1.5980693e-01   1.4546929e+00   4.7112768e-03   1.2279150e-03  -6.0779782e-04
   3.1953328e-01   1.0682647e-01   1.4653810e+00   4.2631591e-03   1.1995289e-03  -6.1056106e-04
   3.1582977e-01   9.1451955e-02   1.1936373e+00   4.0458844e-03   1.2890948e-03  -4.1041186e-04
   3.1479874e-01   1.2115554e-01   1.1442917e+00   4.2864966e-03   1.3305132e-03  -6.9759955e-04
   3.0952574e-01   8.4054088e-02   1.1172862e+00   4.4931454e-03   1.3578514e-03  -6.6818265e-04
   3.1083896e-01   8.2819606e-02   1.1705993e+00   3.9596940e-03   1.3122970e-03  -5.8313421e-04
   3.0866580e-01   1.1407435e-01   1.2256097e+00   3.9052179e-03   1.1776357e-03  -3.5708666e-04
   3.0397139e-01   7.6741383e-02   1.1482897e+00   3.8671172e-03   1.3823491e-03  -5.6658419e-04
   3.0903495e-01   8.4044298e-02   1.1656516e+00   4.3285275e-03   1.5133654e-03  -5.9868032e-04
   3.1435862e-01   1.0487668e-01   1.2412036e+00   4.1568246e-03   1.4966904e-03  -5.1608503e-04
   3.1985560e-01   1.4975161e-01   1.3008187e+00   6.7707897e-03   5.7415628e-04  -2.4152730e-04
   3.2537412e-01   2.5666847e-01   2.1788488e+00   1.7885061e-02  -9.9562770e-04   7.7802374e-04
   2.9965163e-01  -7.9108507e-02   1.6085117e+00   1.1741689e-02   1.4614699e-04  -9.8023198e-05
   3.3059570e-01  -2.5668547e-02   1.2423814e+00   7.4543586e-03   1.6170460e-03  -2.1627358e-04
   3.1630443e-01   1.2115571e-02   1.2731121e+00   8.7310640e-03   1.3079054e-03   1.7895771e-04
   3.0719368e-01  -5.2807837e-02   1.2430679e+00   9.4765074e-03   1.1416161e-03  -1.5476175e-04
   2.9532884e-01   1.0646068e-02   1.2511125e+00   8.8066113e-03   8.7262986e-04  -2.5219586e-04
   2.8104925e-01   1.2346010e-02   1.2655453e+00   7.9312153e-03   9.6634937e-04  -1.5197398e-04
   2.7495121e-01  -1.6424386e-02   1.2607910e+00   7.5794405e-03   1.0688388e-03  -1.1423477e-04
   2.7444905e-01   1.2363668e-02   1.2520441e+00   7.1031587e-03   1.0762587e-03  -3.6890944e-05
   2.7736871e-01   1.7457506e-02   1.2350354e+00   7.2156028e-03   9.1009293e-04  -3.6198060e-05
   2.7543765e-01   1.9090937e-02   1.2332604e+00   6.5193972e-03   1.0398845e-03  -4.5578918e-05
   2.7782618e-01   1.8462555e-02   1.2329366e+00   6.8923856e-03   1.1247405e-03  -1.0860384e-04
   2.7721475e-01   2.1938949e-02   1.2750868e+00   6.5323142e-03   1.1694082e-03   1.0436106e-04
   2.8119370e-01   5.5863090e-02   1.2969774e+00   6.2512290e-03   9.5098063e-04   1.9406241e-05
   3.0192210e-01   1.0662946e-02   1.2841732e+00   6.9728861e-03   1.1767781e-03  -7.8336683e-05
   2.9672364e-01   4.2620786e-02   1.2214768e+00   6.7160483e-03   1.0356979e-03   1.4969272e-04
   2.9538707e-01   7.3175447e-02   1.2004972e+00   6.4003217e-03   1.1827752e-03   9.8043938e-05
   2.8888728e-01   4.0198609e-02   1.3035113e+00   6.2301424e-03   1.0656037e-03   3.0485762e-04
   2.9502023e-01   2.7516240e-02   1.2279815e+00   7.9543069e-03   1.1218758e-03   7.4410130e-05
   2.9211250e-01   5.9528467e-02   1.2909822e+00   7.4043127e-03   1.2543493e-03   2.0605120e-04
   2.9269005e-01   1.9999828e-02   1.2269746e+00   6.9680464e-03   1.3024432e-03   1.7791006e-04
   2.8855429e-01   6.8196929e-02   1.2763179e+00   6.0955311e-03   1.3524982e-03   2.3367766e-04
   2.9315220e-01   8.2425155e-02   1.2263342e+00   6.0980293e-03   1.3035876e-03   1.5195908e-04
   2.8774805e-01   6.0265637e-02   1.2473405e+00   5.9597395e-03   1.2748810e-03   3.8936511e-04
   2.8118471e-01   5.4195193e-02   1.2397362e+00   5.6142378e-03   1.3176710e-03   2.7474889e-04
   2.8088831e-01   5.1796867e-02   1.2095393e+00   5.6896922e-03   1.3960254e-03   4.4509790e-04
   2.8198251e-01   7.5775239e-02   1.2279895e+00   5.9558731e-03   1.2120670e-03   5.2056120e-04
   2.7618203e-01   6.4892749e-02   1.1685134e+00   6.6149934e-03   1.0248335e-03   4.6238472e-04
   2.7569725e-01   8.7361415e-02   1.2513994e+00   7.2559691e-03   1.0272747e-03   5.4154384e-04
   2.7358036e-01   7.8451976e-02   1.2535180e+00   8.0378639e-03   1.0291004e-03   5.1453194e-04
