   0.0000000e+00   0.0000000e+00   0.0000000e+00   0.0000000e+00   0.0000000e+00   3.4694470e-18
  -1.6260588e-03   6.1504657e-03  -3.4545013e-02  -4.4042495e-04   1.3160834e-04  -1.9215751e-04
   6.4082031e-03   8.8122138e-03   4.7815864e-02  -5.2660783e-04  -5.7437255e-05   2.1004609e-04
   1.9169299e-02   3.1826080e-02   4.5005129e-02  -1.0189885e-03   5.3521500e-07   2.2645928e-04
   1.7116072e-02   1.9997931e-02  -5.4138084e-02  -5.6360999e-04   9.8267554e-05  -6.0123490e-05
   2.1889436e-02   3.5075100e-02   3.4027969e-02  -1.0424941e-03  -6.8987586e-05   1.3753869e-04
   1.8115865e-02   4.2715285e-02   4.4330032e-02  -7.8298181e-04   3.4990212e-05   8.7562873e-05
   1.8587194e-02   5.3637212e-02   7.9230855e-03  -5.7202793e-04   4.9607861e-05  -8.1515387e-05
   1.4363632e-02   3.7110461e-02   6.7840702e-02  -1.1643786e-03  -3.3750657e-05   1.4584461e-04
   1.3569283e-02   3.7981374e-02   2.5368166e-02  -9.2530198e-04  -3.5199150e-05   7.8429531e-05
   9.8320865e-03   4.3717418e-02   5.0862265e-03  -8.9570577e-04  -7.0020978e-05   3.5938720e-05
   1.8302768e-02   6.6243281e-02   8.4056710e-02  -7.0184290e-04  -2.7973076e-04   1.0745489e-04
   1.6392249e-02   5.4603028e-02   2.2200133e-02  -2.4246069e-04  -4.4314775e-05   1.9009770e-05
   1.1366413e-02   2.3279611e-02   2.6679908e-02  -1.7543453e-04   6.1073107e-05   3.5179597e-05
   1.5773984e-02   2.6051288e-02   7.4875546e-02  -3.4808283e-04  -3.4018083e-05   3.4222248e-05
   9.6178218e-03   5.7283062e-02   3.6538344e-02  -4.4826990e-04  -1.3767493e-04   1.1482258e-04
   7.4766040e-02   6.3822601e-02   5.5415831e-01   3.5391514e-03  -1.3006347e-03  -2.4416608e-03
   1.2166105e-01  -4.2759824e-02   2.6696073e-01   1.1654756e-04   1.9364111e-03  -1.5850904e-03
   1.3004619e-01  -8.5953016e-02   3.9898756e-01  -2.5347657e-04  -1.2301592e-04  -6.6750561e-05
   1.0876756e-01  -3.4570177e-02   3.0997887e-01   1.3574331e-03  -2.7173331e-04  -1.2660276e-03
   7.6334155e-02   9.4253388e-03   3.5467003e-01   1.1196085e-03  -2.6294633e-04  -1.4511358e-03
   1.3952454e-01   7.4987786e-02   1.1639094e+00   6.4186998e-03  -3.8540603e-03  -2.9162394e-03
   3.3726874e-04  -2.0519726e-01   1.8730953e+00   1.0299195e-02  -5.9480767e-03  -1.9097243e-03
  -1.3640899e-01  -5.4716934e-01  -1.5176173e+00   3.4687098e-02  -1.0679449e-02  -1.6541461e-03
  -1.0519984e-01  -1.0907652e+00  -3.2801269e+00   1.7018156e-01  -1.1524486e-02  -6.3086561e-03
  -9.7022725e-03  -1.6180337e+00  -4.1163529e+00   1.6004364e-01  -5.8287456e-03  -7.5149497e-03
  -5.4891698e-03  -2.7126561e-01  -2.9343965e+00   2.9034187e-02   1.4720099e-03  -2.5634904e-03
   2.1144790e-02  -9.7893909e-02  -1.3140626e+00   1.6597827e-02   3.3886638e-04  -9.0109312e-04
  -1.0700119e-01  -1.4046342e-01  -1.2207324e+00   1.0300909e-02   2.6881838e-03   2.2105814e-03
  -3.1591253e-01  -3.0963896e-01  -1.7929358e-01   1.9676392e-02  -4.9342497e-04   9.5435786e-03
  -4.5387125e-01  -5.7265721e-01   4.1140130e-01   1.8509772e-02  -4.9751063e-03   9.9900251e-03
  -4.4183835e-01  -4.2855939e-01   6.7346559e-01   2.0129153e-02  -1.0014873e-02   9.5910276e-03
  -4.0737921e-01  -8.8192066e-01   5.4178572e-01   1.8501977e-02  -8.4305770e-03   9.4653862e-03
  -4.5092802e-01  -1.4008953e+00   5.3571319e-01   1.8147172e-02  -4.7159887e-03   5.6047255e-03
  -7.3219557e-01  -1.2824100e+00   3.6522076e-01   1.8621947e-02  -6.8791206e-03   4.3051537e-03
  -5.3931553e-01  -8.1103457e-01   9.3381037e-01   2.2100203e-02  -5.3811930e-03   4.8707959e-03
  -1.9453459e-02   1.2810860e-01   2.1298376e-02   2.3367005e-02  -1.2489991e-03   9.1645266e-04
  -5.5386845e-02   6.5921697e-02   4.2490292e-04   1.9247615e-02  -1.1703918e-03   1.6235825e-03
  -8.5707458e-02   8.1480010e-02   1.6456266e-01   2.0009834e-02  -2.3314877e-03   3.0916375e-03
  -1.1358725e-01   7.8836640e-02   2.2098717e-01   1.9459574e-02  -2.5816088e-03   2.7153334e-03
  -1.2005208e-01   4.8697982e-02   2.8117108e-01   1.8446974e-02  -2.8093013e-03   2.2772420e-03
  -1.3936422e-01   3.6314704e-02   3.6722801e-01   1.8352511e-02  -2.7229475e-03   2.3440426e-03
  -1.5648464e-01   4.2260655e-03   3.7773668e-01   1.8495625e-02  -2.6197191e-03   2.2368250e-03
  -1.6200059e-01  -4.3211093e-02   3.7169354e-01   1.8356373e-02  -3.5042132e-03   1.8202044e-03
   3.2521996e-03   1.8050756e-01   1.0740916e+00   2.2615247e-02  -5.9603353e-03  -1.1672225e-03
   6.9913450e-02  -1.2183601e-01   1.5114409e+00   3.3795235e-02  -4.1176506e-03  -1.9750465e-03
  -3.2025552e-02  -5.6735670e-01   1.9689706e+00   1.1927238e-01  -1.3199208e-02  -1.9496044e-03
   9.0810049e-02  -2.9469655e-01   2.4153703e+00   1.9983595e-01  -1.5606773e-02  -5.8767659e-03
   2.7422399e-01  -4.6110431e-01   5.5673408e-02   4.6207110e-02  -3.2684065e-03  -8.0491570e-03
   1.8811749e-01  -4.6633656e-01   9.6023400e-01   8.0377041e-03  -4.2099725e-03  -4.1069550e-03
   1.9218277e-01  -2.8965495e-01   7.6571248e-01   4.2442858e-03  -5.4936434e-03  -2.6602334e-03
   1.2262802e-01  -2.7093178e-01   8.0135309e-01   4.8696604e-03  -5.7187481e-03  -3.5081628e-03
   8.3794568e-02  -3.5687855e-01   8.3549288e-01   5.1491478e-03  -5.8882698e-03  -3.5730126e-03
   6.9247254e-02  -2.2068299e-01   8.4981923e-01   4.1844411e-03  -5.9821893e-03  -3.7666450e-03
   6.3863552e-02  -2.3265557e-01   8.5963920e-01   3.8761348e-03  -6.1548496e-03  -3.8641261e-03
   4.3911855e-02  -2.7357682e-01   8.6052991e-01   4.0802774e-03  -5.7072326e-03  -4.1910842e-03
  -1.5556628e-01  -7.3602304e-02   1.1498505e+00   1.3427685e-02  -4.2156572e-03  -1.3715618e-03
  -4.6430798e-02  -1.2823215e-01   3.1962561e-01   1.0832291e-02  -1.9989980e-03  -3.0861913e-03
   1.2789972e-01  -2.0093298e-01   1.8406003e-01   7.2095235e-03  -2.9200509e-03  -3.6198948e-03
   7.4267639e-02  -1.5629905e-01   1.2490553e-01   1.1657309e-02  -3.3631989e-03  -3.7346485e-03
   8.7565660e-02  -7.1159942e-02   3.0472917e-01   1.0985186e-02  -3.9274932e-03  -4.4371631e-03
   9.7926322e-02  -3.7731872e-02   5.9817622e-01   4.8598785e-03  -3.4871302e-03  -4.1698269e-03
   1.1038905e-01   1.7808772e-02   1.2319438e+00   2.0207093e-02  -3.5686259e-03  -5.3230262e-03
   1.4624751e-01   6.7133779e-04   1.5431958e+00   2.5156671e-02  -3.9322388e-03  -5.8459128e-03
   1.1103190e-01  -7.0762980e-02   1.4916578e+00   2.4910817e-02  -3.7283222e-03  -6.1500367e-03
   8.5205810e-02  -9.2913975e-02   1.4839028e+00   2.4913962e-02  -3.5160313e-03  -6.0413492e-03
   7.0972229e-02  -9.1441334e-02   1.3981815e+00   2.5588098e-02  -3.7591191e-03  -6.1372123e-03
   6.9125227e-02  -5.7254335e-02   1.4218867e+00   2.4836755e-02  -4.0070054e-03  -6.2628891e-03
   6.7458136e-02  -8.4411331e-02   1.4082395e+00   2.3533227e-02  -3.9847658e-03  -6.4081015e-03
   7.3759208e-02  -6.6395975e-02   1.4058633e+00   2.1831531e-02  -4.1300161e-03  -6.2675356e-03
  -1.3766900e-01  -6.3834464e-02   1.8433505e+00   3.0469109e-02  -1.5574740e-03  -3.3816370e-03
   9.5067929e-03  -3.6987990e-01   1.4108268e+00   1.5895159e-02  -3.5338276e-03  -2.7341903e-03
   1.4268275e-01  -1.6296136e-01   7.2573045e-01   1.6411797e-02  -5.9502688e-03  -5.9020447e-03
   1.5928396e-01   9.5774560e-02   1.3451712e+00   2.4365231e-02  -4.9447962e-03  -4.8800677e-03
   1.4049535e-01   2.5597294e-02   1.7937752e+00   3.6695051e-02  -4.0336787e-03  -3.7470826e-03
   1.5043449e-01  -1.8902682e-01   2.2833270e+00   1.3263998e-01  -1.1636612e-02  -5.1071696e-03
   2.6246089e-01   4.2414175e-01   3.4238580e+00   2.2256579e-01  -2.0992045e-02  -5.7403917e-03
   2.9051415e-01   7.5064083e-02   1.5076289e+00   9.0900147e-02  -9.3319273e-03  -1.6361753e-03
   2.3668081e-01  -2.8786985e-01   1.3197165e+00   3.5474913e-02  -7.9212193e-03  -3.9350705e-03
   1.8208161e-01  -3.0236853e-02   1.4979505e+00   4.8710715e-02  -1.1340662e-02  -3.2093442e-03
   1.2304432e-01   1.3211208e-01   1.6789579e+00   5.1031956e-02  -1.3370133e-02  -3.8625315e-03
   1.3647400e-01   5.5958750e-02   1.7385701e+00   4.8503574e-02  -1.3303491e-02  -4.4407949e-03
   1.2372790e-01  -1.0726485e-02   1.7582609e+00   4.7966010e-02  -1.2872075e-02  -4.3685424e-03
   1.0822456e-01   4.9955804e-02   1.7565359e+00   4.7893634e-02  -1.3299632e-02  -4.5446169e-03
   9.8832849e-02   7.8850417e-02   1.7580148e+00   4.6733337e-02  -1.3171029e-02  -4.6257479e-03
   9.3363528e-02   5.4418860e-02   1.9365250e+00   4.5150857e-02  -1.2799746e-02  -4.0618334e-03
   8.8332531e-02   2.5405645e-02   1.8255755e+00   4.6815954e-02  -1.2767236e-02  -4.3525607e-03
   7.3926101e-02   1.2473744e-01   1.9031865e+00   4.6847491e-02  -1.2310771e-02  -3.8034634e-03
   6.1879231e-02   1.8350736e-02   1.8003020e+00   4.6597430e-02  -1.2504493e-02  -4.1026940e-03
   5.4469825e-02   8.6344627e-02   1.8678875e+00   4.6430392e-02  -1.2345109e-02  -3.6926400e-03
   4.2561551e-02   5.9891231e-02   1.8361853e+00   4.6956109e-02  -1.2175920e-02  -3.9618584e-03
   4.8322955e-02   5.0677117e-02   1.8680721e+00   4.6846371e-02  -1.1837073e-02  -3.7210072e-03
   4.1661925e-02   8.7985566e-02   1.8734281e+00   4.6661296e-02  -1.1800329e-02  -3.7824184e-03
   5.2762199e-02   7.7499543e-02   1.8499565e+00   4.6392340e-02  -1.2034417e-02  -3.7823222e-03
   4.0368265e-02   1.0329375e-01   1.9123060e+00   4.4845164e-02  -1.1516778e-02  -3.5370589e-03
   3.1027162e-02   3.0763619e-02   1.9096177e+00   4.3790741e-02  -1.0621412e-02  -3.7175791e-03
   3.1028450e-02   1.9719843e-01   2.0814844e+00   4.8950237e-02  -9.3578053e-03  -4.9243499e-03
   2.6397294e-02   1.5475540e-01   2.1070239e+00   4.7613536e-02  -7.5122366e-03  -4.6869972e-03
   2.0916506e-02   8.8051941e-02   2.2009842e+00   4.7328890e-02  -7.6282164e-03  -3.8286927e-03
   2.9281565e-02   8.2495557e-02   2.2752103e+00   4.6868047e-02  -8.0523596e-03  -3.4986143e-03
   2.7111697e-02   9.9758649e-02   2.1970990e+00   4.6503446e-02  -8.0067104e-03  -3.6762102e-03
   2.5538736e-02   4.8436240e-02   2.2099960e+00   4.6218107e-02  -7.5887109e-03  -3.5046519e-03
   3.2508059e-02   7.0060515e-02   2.2651478e+00   4.5903876e-02  -7.6440659e-03  -3.4652322e-03
   3.6011655e-02   9.9086329e-02   2.1772809e+00   4.5891142e-02  -7.6265912e-03  -3.5820150e-03
   3.7530085e-02   6.8350055e-02   2.1733336e+00   4.5949080e-02  -7.5772012e-03  -3.4790178e-03
   4.1252199e-02   7.0588072e-02   2.2329745e+00   4.5814807e-02  -7.7347303e-03  -3.3422129e-03
   3.3530830e-02   8.7248901e-02   2.1296044e+00   4.6071090e-02  -7.9160621e-03  -3.6156332e-03
   2.0905777e-02   9.4764227e-02   2.2037208e+00   4.5352629e-02  -7.9326551e-03  -3.4463901e-03
   3.0194073e-02   6.7964857e-02   2.1645551e+00   4.5942123e-02  -7.7843849e-03  -3.6026352e-03
   2.1763713e-02   1.0093544e-01   2.2202961e+00   4.5523549e-02  -7.8416579e-03  -3.4474812e-03
   1.5134029e-02   1.3124559e-01   2.2904915e+00   4.3327851e-02  -8.2134265e-03  -4.2283579e-03
   8.2045880e-02   6.6770846e-02   2.2163068e+00   3.7494447e-02  -7.6242604e-03  -3.3012714e-03
   6.7736762e-02   5.7497767e-02   2.3992959e+00   3.8026717e-02  -8.8346963e-03  -3.4438098e-03
   6.9521114e-02   7.0539139e-02   2.4444236e+00   3.8110554e-02  -9.1084149e-03  -2.9442452e-03
   6.9173291e-02   4.0461625e-02   2.4246987e+00   3.9295807e-02  -9.2983783e-03  -3.1924074e-03
   6.4373634e-02   4.2992779e-02   2.4937452e+00   3.9030584e-02  -9.1838219e-03  -2.9210556e-03
   5.3556043e-02   7.4530040e-02   2.4977688e+00   3.9587200e-02  -8.8971819e-03  -2.9785358e-03
   3.6522164e-01   5.9694390e-02   2.4341076e+00   4.1436547e-02  -5.2963081e-03  -8.1149532e-03
   2.3564192e-01   5.3896129e-02   2.2304858e+00   3.4696290e-02  -7.5469854e-03  -4.3529204e-03
   1.6243811e-01   3.8347786e-02   2.1954592e+00   3.4231059e-02  -8.0726031e-03  -4.3167945e-03
   1.1187792e-01   5.4450207e-02   2.3123430e+00   3.5765192e-02  -7.7909598e-03  -4.3507926e-03
   9.1765058e-02   5.6127065e-02   2.3026495e+00   3.6934166e-02  -7.5258192e-03  -4.6361041e-03
   6.4013511e-02   7.4652970e-02   2.3778477e+00   3.7425299e-02  -7.0085188e-03  -4.5756012e-03
   5.1143130e-02   1.5834554e-01   2.7642228e+00   3.8748992e-02  -8.3009309e-03  -4.1471945e-03
   8.7556015e-03  -1.4554945e-02   2.9368287e+00   4.0585104e-02  -4.4763352e-03  -3.1935840e-03
  -3.1842647e-02  -4.0811384e-01   8.8642441e-01   6.2686676e-02  -9.9243764e-03  -2.0049483e-03
  -8.8844284e-02  -7.9142265e-01  -1.5837063e+00   1.3487504e-01  -1.5874533e-02  -4.2681017e-03
  -1.7060510e-02  -1.1253260e+00  -1.6960240e+00   2.2164467e-01  -1.6757671e-02  -6.5614671e-03
   1.6455950e-02  -1.0973538e+00  -2.4471451e+00   1.8176658e-01  -8.7971792e-03  -6.5465952e-03
   3.7403635e-03  -4.8149868e-01  -2.7950512e+00   7.3488769e-02  -7.5371379e-03  -7.7212766e-03
   8.9714232e-02   9.7680076e-02   1.0644381e-01   2.8463827e-02  -1.9940386e-03  -6.6793137e-03
   2.0886859e-02   5.3962129e-02   5.8276667e-01   2.8189675e-02  -1.1290317e-03  -7.2909911e-03
   7.3781213e-03   2.8857367e-02   6.4356434e-01   2.7928721e-02  -1.5198572e-03  -7.8828688e-03
   1.7402394e-02   1.3644995e-01   6.7593767e-01   2.7007796e-02  -1.6155885e-03  -8.1068136e-03
  -3.6715382e-03   3.9378696e-02   8.0204223e-01   2.5321744e-02  -1.1095322e-03  -7.9425440e-03
   1.0114954e-02   1.6394698e-02   7.3838585e-01   2.5076501e-02  -1.2792098e-03  -8.2330052e-03
   8.8943470e-03   1.1716176e-01   7.6989406e-01   2.4055138e-02  -1.1646068e-03  -8.1902337e-03
   6.5705242e-03   8.1665510e-02   7.6314825e-01   2.3864165e-02  -1.0437991e-03  -8.2456014e-03
   7.5792398e-03   9.2661539e-02   7.3310274e-01   2.4231952e-02  -1.1382070e-03  -8.3308048e-03
  -1.2278595e-02   1.1476794e-01   8.1627192e-01   2.3324574e-02  -5.5468133e-04  -8.2394405e-03
   9.7238928e-04   1.4538688e-01   1.1439202e+00   2.6944651e-02  -1.7301573e-03  -8.9471274e-03
   3.0893970e-02   1.0475870e-01   1.4081698e+00   2.6810290e-02   8.9793774e-04  -8.0892033e-03
   2.6380973e-02   4.6098638e-02   1.4360744e+00   2.7148239e-02   1.0866130e-03  -7.8708742e-03
   2.1580594e-02   6.5985234e-02   1.3873251e+00   2.8017122e-02   9.7639200e-04  -8.0133414e-03
   3.2959803e-02   2.3562772e-02   1.4206473e+00   2.7871436e-02   1.0904357e-03  -7.5247047e-03
   7.4835942e-02  -5.1227004e-02   1.4693305e+00   2.5942429e-02   4.1003701e-04  -6.2536930e-03
   9.3393438e-02  -3.6824485e-02   1.4884510e+00   2.6541146e-02   3.5311161e-05  -6.0232474e-03
   9.8721435e-02  -3.8501238e-02   1.4551126e+00   2.5618425e-02  -1.0754041e-04  -6.1549751e-03
   9.7679818e-02  -6.3984581e-02   1.5017834e+00   2.5905866e-02  -9.9075945e-05  -5.8699060e-03
   9.5488155e-02   1.2498454e-02   1.4533359e+00   2.6467299e-02  -3.1938645e-04  -6.1667004e-03
   9.2530788e-02  -3.6913109e-03   1.4789693e+00   2.7307838e-02  -5.0034146e-05  -6.1822209e-03
   9.3677674e-02  -7.4377210e-02   1.4547062e+00   2.8334263e-02  -1.4659076e-04  -6.5538212e-03
   8.9420166e-02   3.6513783e-02   1.4835031e+00   2.8097056e-02  -4.5045844e-05  -6.0979379e-03
   1.0995691e-02   7.5398242e-02   1.4031415e+00   5.6716996e-02  -4.0597430e-03  -4.7560576e-03
   2.7834323e-02   1.4873336e-02   1.3896702e+00   6.6472113e-02  -3.8694473e-03  -6.3257735e-03
   2.6202132e-02   1.0147874e-01   1.4537527e+00   6.5927430e-02  -3.7360474e-03  -6.3342145e-03
   2.5495681e-02   7.0207834e-02   1.4386908e+00   6.4833265e-02  -3.4282361e-03  -6.4975594e-03
   3.2190551e-02   6.6594745e-02   1.4556577e+00   6.3064951e-02  -3.3517498e-03  -6.3824019e-03
   3.4448970e-02   6.2026966e-02   1.4609936e+00   6.3301488e-02  -3.8240377e-03  -6.1468500e-03
   4.2423896e-02   1.2303612e-01   1.4123910e+00   6.2876741e-02  -3.6590429e-03  -6.4060623e-03
   4.6829092e-02   1.0393843e-01   1.4123476e+00   6.1566810e-02  -3.4463092e-03  -6.7657820e-03
   9.5845152e-03   1.2259875e-01   1.4629652e+00   6.0645287e-02  -2.4040317e-03  -7.9817439e-03
  -4.6802246e-03   1.8423592e-01   1.4910767e+00   6.0375377e-02  -2.2557165e-03  -9.1030799e-03
   9.4333755e-03   1.3502102e-01   1.6722928e+00   5.0545592e-02  -2.7425936e-03  -7.2611778e-03
  -1.3710278e-01   3.8399834e-01   2.7408797e+00   5.4264227e-02   1.3260617e-04  -4.8572917e-03
  -1.5554693e-02   3.5144262e-01   2.0175899e+00   5.2756740e-02  -1.6557041e-03  -6.9836467e-03
  -6.4481548e-03   3.3234667e-01   1.9807830e+00   4.9037340e-02  -1.7908694e-03  -7.1741587e-03
  -4.3583214e-02   3.1905855e-01   2.2594996e+00   5.0259664e-02  -1.7464163e-03  -8.7567394e-03
  -4.6895926e-02   2.7372716e-01   2.3588161e+00   5.0032452e-02  -1.9615261e-03  -7.0625607e-03
  -4.9289297e-02   2.0995643e-01   2.4251008e+00   5.1684505e-02  -2.4420822e-03  -6.3378229e-03
  -1.6082385e-02   2.4646587e-01   2.6480825e+00   5.3382452e-02  -2.1123820e-03  -6.1697580e-03
  -1.4395396e-02   2.7730036e-01   2.6294521e+00   5.0504582e-02  -2.0622501e-03  -6.8531592e-03
   3.6423836e-02   1.9181696e-01   2.9622037e+00   5.1511188e-02  -2.8585475e-03  -7.1013886e-03
   4.3172270e-02   9.7891615e-02   2.6908759e+00   5.3871980e-02  -6.3386439e-03  -6.1674972e-03
  -3.1300254e-02  -5.6262324e-01  -1.2067040e+00   5.7644726e-02  -1.0471699e-02  -4.6100200e-03
  -6.4511098e-02  -7.0855710e-01  -2.7283639e+00   7.7671858e-02  -9.2050300e-03  -4.6280501e-03
  -8.3561679e-02  -8.2983709e-01  -2.5871004e+00   1.4801630e-01  -1.0425350e-02  -8.3190600e-03
   1.0223787e-01  -2.5815189e-01  -2.3600851e+00   1.0982078e-01  -2.0142926e-03  -9.7109142e-03
   3.5623410e-02   9.4645830e-02  -2.7270178e-01   7.3121537e-02  -2.8534937e-03  -4.6337298e-03
   3.5801036e-02   1.5755126e-01   7.8644624e-01   6.4418301e-02  -3.6070199e-03  -4.7456281e-03
   1.4432089e-02   1.3922791e-01   9.4840533e-01   6.5176139e-02  -3.8148297e-03  -4.8141427e-03
   7.2125429e-04   1.6417461e-01   9.7881192e-01   6.5885299e-02  -4.0342725e-03  -4.9291933e-03
  -2.4905115e-03   1.5353141e-01   9.8933510e-01   6.5239485e-02  -4.3302135e-03  -5.0483796e-03
  -9.6444601e-03   1.5927524e-01   1.0372673e+00   6.4799798e-02  -4.3202695e-03  -5.2104946e-03
  -1.4271573e-02   1.4872111e-01   1.0655802e+00   6.4580181e-02  -4.3935276e-03  -5.2168549e-03
  -1.4195652e-02   1.3718007e-01   1.0957068e+00   6.4802575e-02  -4.3344320e-03  -5.4910146e-03
  -1.3908806e-02   1.2942621e-01   1.1018052e+00   6.5427874e-02  -4.0859559e-03  -5.5515050e-03
   5.4556485e-02   1.8294434e-01   1.1628015e+00   6.2365788e-02  -4.6938028e-03  -6.6207558e-03
