   0.0000000e+00   0.0000000e+00   0.0000000e+00   6.9388939e-18   0.0000000e+00   0.0000000e+00
  -1.6879770e-02   4.5935334e-02  -4.2213069e-02  -3.8759767e-04   8.5409908e-05  -2.1135969e-04
  -1.0823629e-02   1.4387283e-02   4.2097761e-02  -3.2090390e-05   8.9367604e-05   1.3739007e-04
  -1.1011363e-02   3.2819851e-02   6.8834272e-02  -1.9304488e-04   8.6929818e-05  -2.7032663e-04
  -2.7726361e-02  -6.5128762e-03  -2.5123801e-02  -5.1298916e-04   1.9667886e-05   1.0438572e-04
  -1.8229552e-02   4.8036067e-02   2.5229660e-02  -1.5942305e-04   2.9801016e-04   2.8456352e-05
  -6.9593766e-03   6.0993911e-02   5.3611416e-02   2.6448371e-04   2.0135733e-04   1.2928589e-04
  -1.0394995e-02   2.3089553e-02   4.1018410e-02   1.4494061e-03   3.9214803e-04   2.5528592e-04
  -2.0522481e-03   3.4619308e-02   1.0098478e-01   1.4694603e-03   2.8007714e-04   1.3500080e-04
  -4.6925858e-03   1.2274299e-02   6.4818483e-02   1.7536005e-03   2.3501247e-04   3.1421765e-04
  -1.6989550e-03   9.4137214e-03   7.0239777e-02   1.6228014e-03   3.9330148e-04   4.4292743e-04
   4.4814089e-03   4.5592199e-02   8.5374039e-02   1.7214106e-03   1.5329752e-04   3.2091004e-04
  -1.5281481e-02   2.7838465e-02   3.5573396e-02   9.3421046e-04   6.5531437e-04   4.3623045e-04
  -1.9786808e-03   4.6793364e-02   2.5453364e-02  -1.1421287e-04   4.6387152e-04   1.3539253e-04
  -1.6326634e-03   2.5359343e-02   3.9726930e-02   5.6833881e-06   3.7754766e-04   4.0691213e-04
  -4.6448290e-03   3.3942658e-02   3.8926764e-02  -3.4235430e-04   4.8961008e-04   5.9221498e-04
  -8.8734654e-05   2.7774536e-02   8.4860191e-02  -3.6592058e-04   3.0871901e-04   2.2561891e-04
  -1.9117237e-02   3.2151763e-03   4.3091100e-02   1.0576091e-03   5.8478769e-04   3.8917431e-04
  -4.4918203e-03   2.9304260e-02   9.6338263e-02   5.5669905e-04   3.4836758e-04   1.7326042e-04
  -1.4682275e-02   7.4864956e-03   6.7642282e-02   7.1457233e-04   2.5056081e-04   2.9820082e-04
  -9.7549337e-03   2.7266216e-02   8.1993710e-02   3.5269864e-04   4.4169691e-04   4.3603007e-04
   5.3158244e-03   1.8212813e-02   1.1976909e-01   1.5836335e-04   4.5252995e-05   7.4414905e-04
   1.2345498e-02  -5.6192843e-03   7.2776566e-02   1.0890797e-03   3.9258683e-04   8.1611865e-04
  -1.5122725e-02   5.3372517e-02   7.2257918e-02  -2.0723055e-04   3.7906924e-04   1.4778212e-04
   4.2514691e-04   4.4810352e-02   1.2645399e-01  -5.0628344e-04  -6.7442420e-05   3.6435016e-04
  -8.7140821e-03   3.3293548e-02   1.0757911e-01  -1.5334159e-03   4.9466533e-05   1.8149240e-04
  -5.9434364e-03   1.0005154e-02   5.9402114e-02  -6.7545045e-04  -5.3225560e-06   3.7167310e-04
  -3.3606302e-03   3.1878415e-02   6.8474640e-02  -3.9598581e-04  -4.2900964e-05   4.7253240e-04
  -8.2539081e-03   2.0796719e-02   1.1185915e-01  -7.4552752e-04   1.3741864e-04   4.3675681e-04
  -6.2601759e-03   2.0111903e-02   1.1994832e-01  -6.8812421e-04  -5.8710188e-06   5.0063563e-04
  -6.7677369e-03  -2.8956725e-02   3.8890982e-02   2.4703621e-04   5.3336305e-04   1.0701819e-03
  -1.0592325e-02  -7.8531201e-03   1.7208634e-02   9.3692083e-04   2.7350082e-04   1.0819193e-03
  -9.2897824e-03   6.0107159e-02   1.0318997e-01   7.4702750e-04   1.3073207e-04   3.7859576e-04
  -1.9166937e-02   3.6823683e-02   3.5806940e-02   1.4400058e-03   1.7558457e-04   3.7345883e-04
  -1.7049653e-02   1.9105688e-02   3.5274701e-02   2.0110841e-03   4.1957208e-04   6.0112986e-04
  -2.4432821e-02   6.7845536e-03   3.6751178e-02   2.4581542e-03   4.4865617e-04   5.1476210e-04
  -9.0536713e-02  -2.2225808e-01  -1.8671523e+00   4.1703474e-03  -1.3527655e-03   1.0089908e-03
  -8.8593001e-02   8.1191640e-02  -1.9770554e+00   7.1715759e-03  -6.0343851e-04  -1.8809598e-03
  -9.8578648e-02   1.1386638e-01  -1.9450081e+00   7.3592437e-03  -1.4475769e-03  -1.5724104e-03
  -1.4893843e-01   1.0836368e-01  -1.2091422e+00   6.9015289e-03  -6.3745551e-04  -1.2905695e-03
  -1.6931483e-01   1.8198338e-01  -6.7303609e-01   3.3746201e-03  -5.7971346e-04  -1.9756268e-03
  -1.2231132e-01   8.3888575e-02  -5.9620556e-01   2.9774522e-03  -6.5688348e-04  -1.0010118e-03
  -8.0425320e-02   5.9450398e-02  -4.0623023e-01  -5.6082922e-04  -6.1232541e-04   5.0889715e-04
  -6.4847659e-02   1.0247884e-01  -4.4771432e-01   2.9703881e-03  -3.0648903e-04  -3.1698748e-04
  -3.9476006e-02   1.1280783e-01  -4.7645271e-01   4.4716152e-03  -7.8226934e-04  -3.2150824e-04
  -2.8974069e-02   9.3403519e-02  -4.9708078e-01   5.3341645e-03  -1.1122881e-03   3.1987898e-04
  -3.5300377e-02   1.4971077e-01  -4.3152266e-01   5.0016065e-03  -1.3127406e-03   8.0468979e-05
  -4.7302539e-02   1.0321532e-01  -4.9628691e-01   4.6919042e-03  -1.4005393e-03   9.5137105e-06
  -5.0058757e-02   8.3182591e-02  -4.8522747e-01   1.7913265e-03  -1.4227638e-03  -1.6702446e-04
  -5.3428499e-02   6.2679749e-02  -4.3152572e-01   1.4500521e-04  -1.7788359e-03  -2.6220339e-04
  -4.9230801e-02   3.0519066e-02  -5.0627234e-01   1.1463059e-03  -1.8895262e-03  -1.5336238e-04
  -4.9792700e-02   4.5250134e-02  -5.1336673e-01   1.5734111e-03  -1.6827632e-03   3.8237502e-05
  -5.0207990e-02  -6.6649194e-03  -4.7911544e-01   1.7429515e-03  -1.6547100e-03  -1.1465039e-04
  -3.9519439e-02   5.0989811e-02  -4.9334385e-01   2.4173392e-03  -1.7856685e-03  -2.6781121e-05
  -3.7404715e-02   6.3966319e-02  -4.5236513e-01   6.8578126e-04  -1.6077763e-03   5.6566613e-05
  -3.5939178e-02   1.5991395e-02  -4.7533382e-01   1.7618754e-03  -1.9134988e-03  -1.5663631e-04
  -4.3223583e-02   5.9511454e-02  -4.8177362e-01   2.1443067e-03  -1.8008037e-03  -9.7572207e-05
  -4.5969058e-02   4.7173152e-02  -4.7780767e-01   1.6749602e-03  -1.7136860e-03  -6.6161681e-06
  -3.5558878e-02   1.1846539e-02  -4.5303867e-01   1.9027534e-03  -2.0925369e-03  -2.0015333e-04
  -4.6233181e-02   5.1321804e-02  -4.9735506e-01   1.7405986e-03  -1.9685708e-03  -1.1594850e-04
  -4.7368882e-02   7.1966019e-02  -4.7084677e-01  -1.2816269e-03  -1.8158622e-03  -1.7756312e-04
  -6.1236742e-02  -4.9563431e-04  -4.3503274e-01   7.2539959e-04  -9.4107700e-04  -4.2499974e-04
  -7.3542008e-02   9.0039324e-02  -4.0097242e-01   9.9657001e-04  -1.5775131e-03  -2.7666230e-04
  -8.6602205e-02   7.4974911e-02  -4.1008030e-01   1.8773147e-03  -1.3612779e-03  -1.8407286e-03
  -6.4971010e-02   6.3743131e-02  -3.9816957e-01  -2.8570322e-04  -1.8545940e-03  -5.0876195e-05
  -8.0125395e-02   4.0429005e-02  -2.8255231e-01  -4.9034646e-04  -1.9694000e-03   1.1187368e-04
  -9.7021001e-02   3.3729408e-02  -3.8523043e-01   9.6119975e-04  -1.6126062e-03  -9.6124601e-04
  -7.9498106e-02   6.4470155e-02  -3.8955091e-01  -1.7589719e-04  -1.3070862e-03  -4.7421590e-04
  -6.7733257e-02   8.1855933e-02  -3.3626015e-01   1.4289091e-03  -1.7462086e-03  -3.1053883e-04
  -6.8680160e-02   6.4670897e-02  -4.4826511e-01   1.6648224e-03  -1.6132769e-03  -4.9825790e-04
  -5.8166910e-02   1.3654905e-01  -4.3297368e-01   5.3982204e-04  -1.7101232e-03  -4.5448178e-04
  -4.5032947e-02   1.0253134e-01  -3.5396480e-01   1.3173246e-03  -2.0338337e-03  -6.8656583e-04
  -5.8088592e-02   9.0514145e-02  -4.3329524e-01   1.3152550e-03  -1.7496960e-03  -7.2166103e-04
  -6.6360364e-02   1.2492372e-01  -4.2987273e-01   9.8547994e-04  -1.8436971e-03  -8.2002896e-04
  -4.7496774e-02   1.0929740e-01  -3.7380897e-01   3.0403737e-04  -2.0591851e-03  -5.5716005e-04
  -5.3355725e-02   7.1486485e-02  -4.4732472e-01   3.3266816e-04  -1.9254871e-03  -5.1014348e-04
  -4.8408895e-02   8.1434310e-02  -3.8479097e-01   7.1595800e-04  -2.1666275e-03  -3.7983775e-04
  -4.1198083e-02   6.5209038e-02  -3.7485328e-01   9.7401040e-04  -2.2509525e-03  -8.7390672e-05
  -3.5102248e-02   7.3618498e-02  -3.8669163e-01   4.2494334e-04  -2.5356358e-03   3.2106782e-05
  -4.2776019e-02   8.4491774e-02  -4.2480277e-01   5.5920472e-04  -2.3710397e-03  -1.9390446e-04
  -3.2106091e-02   8.8854658e-02  -4.0116008e-01   8.9299939e-05  -2.5213681e-03   1.6581501e-04
  -2.6886666e-02   8.7536900e-02  -3.5293381e-01   1.1843620e-05  -2.8372339e-03   7.8823043e-05
  -3.8110765e-02   5.0360586e-02  -4.0225386e-01   1.0653088e-03  -2.5289603e-03   1.7882617e-04
  -2.6679416e-02   8.1863331e-02  -3.4447643e-01   8.5692380e-04  -2.8014593e-03   7.5262484e-07
  -2.9682384e-02   5.7479154e-02  -3.7791252e-01   1.3428038e-03  -2.5881269e-03   3.9503749e-05
  -5.9351376e-02   5.1277165e-02  -3.5404267e-01   1.8095128e-03  -1.6290898e-03  -2.5743050e-04
  -1.3105360e-01   3.0438777e-02  -5.6757123e-01   3.2131326e-03  -9.9768718e-04  -7.4345896e-05
  -1.6794649e-01   3.0062828e-02  -8.0220030e-01   1.9669677e-03  -1.4921075e-03   2.9729625e-04
   5.6013217e-02   8.5466041e-02  -6.0715976e-01   4.7547271e-03  -1.6599311e-03  -2.6792834e-05
   1.0175717e+00   2.1787574e-01   2.3869331e-01   1.0987673e-02   8.5493867e-04  -3.0179555e-03
   1.0942782e+00  -6.5642217e-02   9.9835812e-02   5.9963445e-03   4.0840034e-03  -2.8800871e-03
   2.4992837e-01  -1.0278296e-01  -1.0063406e+00   7.2910775e-03   4.2892073e-04   1.7572445e-03
   9.0215372e-02   1.1291046e-01  -6.1326212e-01   1.0326484e-02  -1.0012269e-03   1.2964955e-03
   4.3003759e-02   7.2065966e-02  -4.3097671e-01   8.1354195e-03  -5.8333376e-04   1.8032044e-03
   3.4762396e-02   6.7652508e-02  -3.7422823e-01   6.6684133e-03  -1.3484391e-03   1.6367700e-03
   3.4903860e-02   9.3819017e-02  -3.7124449e-01   5.4582866e-03  -1.7431359e-03   1.6351847e-03
   5.0676471e-02   7.0324703e-02  -2.1930255e-02   1.1787456e-03  -2.5264711e-03   2.0345090e-03
   1.6370403e-02  -6.0477993e-02  -2.8760564e-01   2.5196347e-03  -1.4119075e-03   1.6815185e-03
   4.3629734e-02   5.0766417e-02  -2.1753501e-01   2.2362839e-03  -2.0444817e-03   1.6284187e-03
   3.9209284e-02   2.1640425e-02  -2.8883590e-01   2.8737983e-03  -1.8051752e-03   2.1650079e-03
   5.0907909e-02   2.0425604e-02  -2.5967529e-01   2.3600030e-03  -2.1260022e-03   2.0156796e-03
   4.9917923e-02   3.5734834e-02  -2.9531326e-01   2.0622004e-03  -2.3610984e-03   2.0514383e-03
   3.8136888e-02   4.2751540e-02  -3.1357839e-01   1.8446753e-03  -2.0701555e-03   2.0805952e-03
   5.2383321e-02   3.3887949e-02  -2.5742401e-01   2.8301682e-03  -2.6135860e-03   2.0345363e-03
   1.3142794e-01   9.8722798e-02  -2.6297186e-01   1.4520774e-03  -5.3716767e-03   1.9955126e-03
   9.4174498e-02   1.2138228e-01  -5.6727856e-01   7.9852244e-03  -7.7490692e-04   2.3099917e-03
   1.7217283e-02   1.3575650e-01  -3.4225406e-01   5.9401721e-03   6.8826731e-04   1.0295415e-03
  -1.0789834e-01   9.0632314e-02   6.8342596e-02   7.8633131e-03  -2.8275459e-03   4.6451451e-03
  -7.1406319e-02   3.1492910e-02   8.6637738e-02   8.5217313e-03  -1.6431064e-03   4.4982144e-03
  -8.2841155e-02   7.7208777e-02   1.2008520e-01   8.1569428e-03  -1.8017554e-03   4.3480393e-03
  -8.8080576e-02   4.7665155e-02   6.8203361e-02   8.1283193e-03  -1.4803137e-03   4.2342119e-03
  -7.8621829e-02   6.8020297e-02   1.8541284e-01   7.7375256e-03  -2.0109516e-03   4.0776168e-03
  -9.0704225e-02   3.1619353e-02   1.1331568e-01   7.2561357e-03  -1.5015565e-03   3.8981946e-03
  -7.7955204e-02   8.5522572e-02   1.5992092e-01   6.6287886e-03  -2.1779488e-03   3.9614815e-03
  -9.3711213e-02   6.9262592e-02   6.8076262e-02   6.4135989e-03  -1.8499460e-03   3.9777012e-03
  -9.8311030e-02   6.9511544e-02   8.2199789e-02   6.3319536e-03  -1.7485823e-03   3.9304129e-03
  -1.0402135e-01   8.2638315e-02   1.0826935e-01   6.8787202e-03  -1.9524304e-03   3.6448645e-03
  -1.2541063e-01   5.7414941e-02   7.5168859e-02   6.6395408e-03  -1.6630068e-03   3.8400564e-03
  -1.2247451e-01   6.7437403e-02   1.3007072e-01   5.8780565e-03  -1.7791162e-03   3.6190799e-03
  -1.3035395e-01   6.6642883e-02   9.6352129e-02   5.3608162e-03  -1.9751097e-03   3.4714812e-03
  -1.3722194e-01   6.2360958e-02   6.6053497e-02   5.1817218e-03  -1.6180478e-03   3.4947798e-03
  -1.2958302e-01   5.7347112e-02   1.5135476e-01   5.1272416e-03  -1.9200572e-03   3.4316496e-03
  -1.3362990e-01   6.0125525e-02   9.8181440e-02   6.4693126e-03  -1.7532679e-03   3.4616099e-03
  -1.3190004e-01   6.7659094e-02   1.1152298e-01   6.1017433e-03  -1.8144305e-03   3.6445130e-03
  -1.3064648e-01   4.6974908e-02   1.3059285e-01   6.0698349e-03  -2.1485617e-03   3.4352615e-03
  -1.3552223e-01   8.3395245e-02   7.8384859e-02   6.5449736e-03  -2.0497336e-03   3.3798955e-03
  -1.3816048e-01   9.1394156e-02   4.6355073e-01   4.3380882e-03  -3.0740045e-03   3.0583886e-03
  -1.6386296e-01  -9.8967762e-02  -7.5804587e-02   1.2263611e-03  -3.7958364e-04   3.3319831e-03
  -1.2858444e-01   3.0434622e-02  -4.2318099e-01   3.0096174e-03   2.8376451e-04   2.6641252e-03
  -1.3637048e-01   2.6384847e-02  -3.8464330e-01   3.9664379e-03   2.5439354e-05   2.6942010e-03
  -1.2093316e-01  -2.8179904e-02   2.4818367e-01   3.1204811e-03  -2.8836113e-04   4.0121984e-03
  -1.0496435e-01   1.9578769e-03   1.9032261e-01   2.0593146e-03  -7.1891448e-04   3.5750668e-03
  -1.0340714e-01   1.5466554e-02   1.9169645e-01   1.4199002e-03  -6.8175798e-04   3.4243502e-03
  -1.0527335e-01  -1.2789238e-02   2.7703557e-01   5.4420740e-04  -4.2613936e-04   3.1149677e-03
  -1.0786840e-01  -1.8902009e-02   2.4881908e-01   1.3251105e-03  -4.4062677e-04   2.9912130e-03
  -1.0926891e-01  -7.8780686e-03   2.1946142e-01   6.6099582e-04  -4.4101642e-04   3.2300706e-03
  -1.0506056e-01   6.4799701e-03   2.6859522e-01   7.8566875e-05  -3.5256425e-04   3.1632775e-03
  -1.1105254e-01  -3.8905428e-02   2.2560516e-01   3.2662564e-04  -2.4855098e-04   2.9198330e-03
  -1.1097978e-01  -1.2907458e-02   2.6876849e-01   1.0143585e-03  -1.3072252e-04   3.0838027e-03
  -1.0404207e-01  -6.0984897e-03   2.5888341e-01   8.4184230e-04  -4.3172051e-04   3.0319487e-03
  -1.0647688e-01  -1.3059916e-02   2.4135206e-01   3.7544621e-04  -2.0751191e-04   3.1189519e-03
  -1.0589695e-01  -9.7785512e-03   2.5653856e-01  -1.0030473e-03  -3.1551466e-04   3.0031192e-03
  -1.1037319e-01   2.3208163e-02   2.5797886e-01  -7.5938669e-04  -4.1135293e-04   3.0464993e-03
  -1.3810872e-01  -4.8958558e-02   2.5904763e-01   1.9824809e-03  -3.8463590e-04   2.4842687e-03
  -1.6460858e-01  -1.0658207e-02   2.1310340e-01   8.8499970e-04   2.6161949e-04   1.9646552e-03
  -1.5665055e-01   6.4506072e-02   2.6782117e-01  -2.6400194e-04  -1.1676784e-04   2.1983686e-03
  -1.5877581e-01   1.9878142e-02   2.3360516e-01  -5.9009889e-04  -4.5909468e-04   1.8756222e-03
  -1.6303627e-01   3.4227220e-02   2.1156360e-01   8.7453760e-05  -7.4959680e-05   2.2267220e-03
  -8.8278905e-02   1.5611630e-01   5.3667847e-01  -1.3640052e-03  -2.3522428e-03   9.8072997e-04
   7.3427068e-02  -1.0993632e-01   1.5364335e-01  -5.9492368e-03  -3.3126542e-03   1.7992571e-03
  -8.4360776e-02   6.1623944e-02  -3.5175667e-01  -2.4481978e-03  -2.2796128e-03   1.6027191e-05
  -1.2634254e-01   3.0724566e-02  -1.3864129e-01  -2.7514791e-03  -9.0880214e-04   9.3602595e-04
  -1.4705661e-01  -2.1737661e-02  -1.6420879e-01  -3.1456449e-03  -2.8486490e-04   8.1183512e-04
  -7.7400714e-02   5.5030935e-02   2.7682198e-01  -3.0046776e-04  -2.1207783e-03   7.0429272e-04
  -4.3567820e-03   9.3005901e-02   1.6428243e+00   8.7182563e-03  -7.7919139e-03   1.3800778e-03
  -2.1527978e-01  -6.1906978e-02   2.1937366e+00   1.2282103e-02  -3.2117795e-03   1.3417010e-03
  -6.3616636e-01  -3.6373680e-01   1.8572313e+00   1.9714071e-02  -1.3958838e-03   4.0371831e-03
  -9.5623680e-01  -2.9878372e-01   1.9034466e+00   2.0234393e-02  -4.4515299e-03   4.9342410e-03
  -1.0953862e+00  -2.5510792e-01   1.9034527e+00   1.9589118e-02  -8.5321274e-03   4.2927299e-03
  -1.1082203e+00  -2.6537516e-01   2.0432545e+00   1.7300078e-02  -6.9379913e-03   2.7058933e-03
  -1.9995797e-01  -1.0627235e-01   2.8844750e+00   1.8179371e-02  -3.5450195e-03  -6.6368329e-04
   1.9413913e-01  -8.2721945e-02   2.8770181e+00   3.2857262e-02   4.8871118e-03  -1.4075886e-03
   3.0161874e-01   1.3938730e-01   2.3267447e+00   5.7839933e-02   2.9521279e-03  -4.2016082e-03
   1.2209454e+00   3.5093884e-01   1.3696092e+00   5.3786184e-02   5.0912237e-03  -9.4354743e-03
   1.3629928e+00   6.2819080e-03   7.6724007e-01   1.8724963e-02   1.2367684e-02  -7.0460472e-03
   6.9898864e-01   1.4094770e-01   1.1162300e+00   1.8967116e-02   2.9931258e-03  -2.9713103e-03
   4.4937065e-01   9.7347179e-02   9.0989938e-01   1.6927954e-02   1.1925850e-03   1.4078032e-04
   4.0335083e-01   2.6536410e-02   8.0716465e-01   1.9266375e-02   1.6142819e-04   1.0497610e-03
   3.8714557e-01   3.7255016e-02   8.2052982e-01   1.8552923e-02  -1.3456415e-04   1.2545614e-03
   3.8495247e-01   4.9281399e-02   8.0701252e-01   1.8544970e-02  -2.1283839e-04   1.4689111e-03
   3.9884388e-01   1.2970317e-02   7.7725761e-01   1.6996752e-02  -7.3151041e-04   1.2478697e-03
   7.5241491e-01  -5.0607373e-02   8.0792022e-01   1.3946615e-02   3.8860582e-04  -1.3070522e-03
   1.3608033e+00  -1.1894906e-01   1.1214203e+00   1.2945006e-02   5.7406168e-03  -9.6648569e-03
   1.8011704e+00   1.4319901e-01   1.6373717e+00   2.4599985e-02   5.5072245e-04  -1.3835237e-02
   1.7623152e+00  -1.5242005e-01   1.8992534e+00   2.2822577e-02  -9.0425959e-04  -1.4621084e-02
   1.5638647e+00   1.3305826e-01   1.7448631e+00   1.6425676e-02   1.6941748e-03  -1.4482636e-02
   1.5194603e+00   7.0087706e-02   1.3952288e+00   1.8972663e-02   2.2830734e-03  -1.4140313e-02
   4.9335351e-01   1.7963516e-01  -5.0406573e-01   1.8022282e-02  -1.8855422e-03  -6.0284752e-04
   1.9449368e-01   6.6484936e-02  -1.3755639e+00   3.0180220e-02  -2.0995399e-03   1.3171564e-03
  -4.3345101e-02  -4.2969188e-01  -1.5642767e+00   1.4545150e-01  -6.5911982e-03  -1.6870083e-03
  -3.0562043e-01  -6.9354188e-03  -8.5804955e-02   2.3145521e-01  -1.1111909e-02  -5.8797757e-03
  -4.5803705e-02   2.3866754e-01  -1.8889240e+00   7.5263763e-02  -5.1817727e-04  -5.2066308e-03
  -4.3718443e-02  -1.2368566e-01  -5.1495525e-02   2.1221862e-02   6.2534816e-04  -1.1963211e-03
   7.2752324e-02   4.4674444e-02   2.2488984e-01   2.4722297e-02  -6.7176937e-04  -1.8533942e-03
   1.1829968e-01   4.3491108e-02   1.4778515e-01   2.4678768e-02  -5.7968216e-04  -2.0035874e-03
   1.1556589e-01   6.8419624e-03   1.5143709e-01   2.5124242e-02  -9.8519888e-04  -1.9769024e-03
   1.3593249e-01   6.4128102e-03   1.4281913e-01   2.4308879e-02  -1.3801052e-03  -1.9768299e-03
   4.9952897e-01  -3.1958530e-02   4.5757503e-01   2.5101106e-02  -8.9961190e-04  -4.4277259e-03
