   0.0000000e+00   0.0000000e+00   0.0000000e+00   0.0000000e+00   0.0000000e+00  -8.6736174e-19
  -9.0449967e-03  -4.5429418e-02   3.3468206e-02   1.1698849e-03   2.7385522e-04  -7.0718596e-06
  -2.3753226e-02   1.7395007e-02   5.8458281e-02   9.9134939e-05   2.2733562e-04   5.2066718e-05
  -1.6571318e-02  -2.7992806e-02   9.0484922e-02   6.0417214e-04   1.7846694e-04   1.9861120e-04
   2.2306401e-04   3.8350073e-02   9.7291713e-02  -1.7350837e-03  -8.4181003e-04   7.5283298e-04
   1.4626567e-02   1.9034107e-02   1.5447741e-01  -4.0146958e-03  -1.6846387e-03   1.1382738e-03
  -1.7705416e-02   4.5314602e-02  -5.1376575e-03  -2.5758478e-03  -7.8145494e-04   1.0825112e-03
  -6.7822024e-03  -2.3705260e-03   1.0516960e-01  -1.7602015e-03  -7.4451534e-04   8.8655152e-04
   1.2543840e-02   1.1779710e-01   2.1911027e-01  -6.5066749e-03  -1.6960739e-03   1.5032350e-03
   4.2902014e-02   2.2758326e-01   2.7236479e-01  -1.6832579e-02  -3.8487303e-03   3.8086584e-03
   3.4021972e-02   1.9093227e-01   3.4234811e-01  -2.1752127e-02  -4.0472874e-03   4.0946082e-03
   1.6506702e-02   7.6330941e-02   1.8571794e-01  -1.5102110e-02  -3.5982678e-03   3.4565172e-03
   1.4771034e-03   6.8112417e-02  -1.9170179e-01  -1.0536554e-02  -2.6257958e-03   2.7053928e-03
  -4.3678511e-03   1.7025909e-01   1.7514433e-01  -1.0967152e-02  -2.6322742e-03   2.6517435e-03
   1.1086648e-03   1.2337840e-01   1.9547209e-01  -1.0095845e-02  -2.8990272e-03   2.7571533e-03
  -5.8048575e-03   1.6679989e-01   2.5643287e-01  -1.1128891e-02  -2.5908759e-03   2.6322217e-03
   7.7097537e-03   7.3054823e-02   2.2967359e-01  -9.9869363e-03  -2.5489373e-03   2.6747165e-03
   2.8744768e-03   1.5959744e-01   2.1862854e-01  -9.9634354e-03  -2.6315177e-03   2.5837662e-03
   1.7284207e-02   8.0074184e-02   1.9763704e-01  -9.1829603e-03  -2.6531884e-03   2.5885300e-03
   1.0154949e-02   1.1269516e-01   3.0283808e-01  -9.8894371e-03  -2.7378061e-03   2.6833502e-03
   1.1093760e-02   1.0261363e-01   3.2256760e-01  -8.7809284e-03  -2.4414567e-03   2.4167370e-03
   2.0094310e-02   8.3476398e-02   2.4168019e-01  -9.2007615e-03  -2.5494122e-03   2.5667573e-03
   7.8193187e-03   8.7728129e-02   3.3404610e-01  -9.3301695e-03  -2.4229920e-03   2.5182153e-03
   3.0097576e-02   1.0605787e-01   3.4379993e-01  -1.1078681e-02  -3.1172520e-03   3.0744113e-03
   1.8086521e-02   1.5342533e-01   4.3820028e-01  -1.5458108e-02  -3.4543479e-03   3.5622010e-03
   1.4828692e-02   7.5378080e-02   3.5176926e-01  -1.1100183e-02  -3.2768209e-03   3.0599998e-03
   9.7656495e-03   1.1328496e-01   3.5026378e-01  -1.0930497e-02  -2.8943751e-03   2.6937747e-03
   5.5837644e-02   1.7452441e-01   4.0446152e-01  -1.8867430e-02  -4.7578674e-03   4.5477744e-03
   3.3749553e-02   1.9002768e-01   4.4687601e-01  -1.9430406e-02  -4.4375678e-03   3.8685076e-03
   1.8609774e-02   1.2890700e-02  -1.3569812e-01  -9.8216600e-03  -3.2743724e-03   3.6036832e-03
   2.9562588e-02   1.8013235e-01   2.0861330e-01  -1.1444215e-02  -3.7334210e-03   3.2791230e-03
   5.1537414e-02   1.9074556e-01   3.7434463e-01  -1.7231300e-02  -4.8332587e-03   4.3237627e-03
   4.2454828e-02   2.3983511e-01   5.1837534e-01  -2.3023038e-02  -5.1041457e-03   4.5708046e-03
   5.0622347e-02   2.2873358e-01   4.5351683e-01  -2.4353972e-02  -5.4659392e-03   5.0910814e-03
   1.4452856e-01   2.1503020e-01   5.8840705e-01  -2.5128471e-02  -1.0142995e-02   8.5442756e-03
   1.0319625e-01   1.2032421e-01   4.3135738e-01  -1.7948488e-02  -9.2745161e-03   6.7511535e-03
   6.7594300e-02   1.1260510e-01   3.7071593e-02  -1.3471587e-02  -7.0995072e-03   5.4921469e-03
   3.8496828e-02   1.5292386e-01   9.4198673e-02  -1.2416604e-02  -5.8474786e-03   4.8090156e-03
   3.5390061e-02   1.4220997e-01   1.2502120e-02  -1.2660516e-02  -6.1104813e-03   4.9932020e-03
   4.7030707e-02   1.6256268e-01   2.6813626e-01  -1.3791529e-02  -6.1796780e-03   4.9880528e-03
   5.8779260e-02   1.7611520e-01   5.6027845e-01  -1.8982404e-02  -6.7538023e-03   5.5924213e-03
   6.4118490e-02   2.0619170e-01   5.9119615e-01  -2.0551218e-02  -6.8339884e-03   5.3276500e-03
   5.0790469e-02   1.5117748e-01   4.5965304e-01  -1.7879108e-02  -7.0045469e-03   5.3422703e-03
   4.3882566e-02   2.3219799e-01   4.7868304e-01  -1.8248777e-02  -6.5669062e-03   5.3228943e-03
   5.9001545e-02   1.9253999e-01   4.9940605e-01  -1.9063124e-02  -6.6894302e-03   5.7629705e-03
   5.7178807e-02   2.2927362e-01   5.5118529e-01  -2.0917984e-02  -6.7689924e-03   5.5544177e-03
   4.8444235e-02   1.7813961e-01   4.9577185e-01  -1.8333730e-02  -6.4890547e-03   5.4349404e-03
   4.4809306e-02   1.6742656e-01   5.4910096e-01  -1.9565197e-02  -6.5313396e-03   5.5166038e-03
   3.6811685e-02   1.7773873e-01   5.2183500e-01  -1.9674651e-02  -6.3827665e-03   5.5516311e-03
   4.1421338e-02   2.1445713e-01   5.7709856e-01  -1.9434693e-02  -6.5560275e-03   5.6813076e-03
   6.2443085e-02   1.8060925e-01   5.1828378e-01  -2.0526964e-02  -6.7434995e-03   5.8605213e-03
   5.1034193e-02   2.6357568e-01   5.8655518e-01  -2.3696952e-02  -6.8967098e-03   5.8899986e-03
   5.9388608e-02   2.2417094e-01   5.5316597e-01  -2.3676164e-02  -6.8654234e-03   6.3649337e-03
   4.2050626e-02   2.0424530e-01   2.9059199e-01  -1.9041349e-02  -6.3806093e-03   5.7531061e-03
   3.6410281e-02   1.4347815e-01   1.2141117e-01  -1.5031437e-02  -6.1265036e-03   5.3542991e-03
   3.2209022e-02   1.9837125e-01   2.5831889e-01  -1.5760475e-02  -5.9856578e-03   5.0698223e-03
   6.2034038e-02   1.3947295e-01   2.2215263e-01  -1.4987859e-02  -6.6731237e-03   5.5304999e-03
   4.4695590e-02   2.2245321e-01   4.6529162e-01  -1.7563579e-02  -6.3607635e-03   5.1900498e-03
   7.0085718e-02   1.4467782e-01   4.5929592e-01  -1.8331837e-02  -6.9850359e-03   5.9285608e-03
   5.9243971e-02   2.2100513e-01   5.5157905e-01  -2.3110978e-02  -7.0028905e-03   5.9004999e-03
   4.7751402e-02   1.3507609e-01   2.7626968e-01  -1.7568483e-02  -6.6321480e-03   5.6619171e-03
   5.1111691e-02   2.2394420e-01   5.2491641e-01  -1.9494088e-02  -6.6063438e-03   5.4531522e-03
   6.1546662e-02   1.9818844e-01   5.0999558e-01  -2.1178181e-02  -6.6598692e-03   5.7818113e-03
   5.0810522e-02   2.4143170e-01   5.7109905e-01  -2.1914020e-02  -6.6275075e-03   5.6061051e-03
   5.2204166e-02   1.9593828e-01   5.4798586e-01  -1.9404270e-02  -6.5069807e-03   5.5266110e-03
   5.3873256e-02   1.9687491e-01   5.9460941e-01  -2.1155192e-02  -6.9004201e-03   5.6095661e-03
   4.8743119e-02   1.8047353e-01   5.7516826e-01  -1.9146046e-02  -6.5901303e-03   5.3744810e-03
   6.1586221e-02   2.1714153e-01   5.9187988e-01  -2.1341412e-02  -6.9778591e-03   5.7620481e-03
   5.2284995e-02   1.7186487e-01   6.1313912e-01  -1.9663801e-02  -6.6687087e-03   5.4909241e-03
   5.8954591e-02   2.1239902e-01   5.9381410e-01  -2.2038521e-02  -7.0664598e-03   5.8101698e-03
   5.6752368e-02   2.3544517e-01   5.7549312e-01  -2.5243658e-02  -6.7100497e-03   6.0923225e-03
   5.2560578e-02   2.0962836e-01   5.8655216e-01  -2.3438479e-02  -6.8724067e-03   5.8877803e-03
   3.7099201e-02   2.2558920e-01   3.0737738e-01  -1.9457567e-02  -6.4599345e-03   5.6114616e-03
   5.1805184e-02   2.2342227e-01   4.3483110e-01  -2.0035441e-02  -6.7531261e-03   5.7431425e-03
   5.8876612e-02   2.2440236e-01   5.3802385e-01  -2.3282108e-02  -6.9594904e-03   5.7934434e-03
   4.2852412e-02   1.5499492e-01   3.6619990e-01  -1.8378910e-02  -6.7951574e-03   5.6454628e-03
   5.8368274e-02   1.9789855e-01   4.6598296e-01  -1.8657399e-02  -6.8936764e-03   5.4383111e-03
   6.4043315e-02   2.0295118e-01   5.4358248e-01  -2.0019041e-02  -7.1333793e-03   5.7013805e-03
   4.9447064e-02   1.7059107e-01   4.4594995e-01  -1.9069404e-02  -6.5642582e-03   5.7215562e-03
   5.2561182e-02   2.1052688e-01   4.9684626e-01  -2.0074173e-02  -6.9122719e-03   5.8134443e-03
   7.0610160e-02   2.0389595e-01   5.1810735e-01  -2.3691882e-02  -7.3505023e-03   6.4062038e-03
   3.8322654e-02   2.5151529e-01   5.7624722e-01  -2.5112996e-02  -6.9908856e-03   6.3640822e-03
   5.7477954e-02   2.1537458e-01   5.3445137e-01  -2.4340778e-02  -7.2490008e-03   6.4383588e-03
   5.2350826e-02   2.3769790e-01   5.4495308e-01  -2.5011603e-02  -7.4329170e-03   6.3048073e-03
   4.8356454e-02   2.7262768e-01   5.6753218e-01  -2.6366402e-02  -7.1909158e-03   6.2380909e-03
   5.1945811e-02   2.5988678e-01   5.4714842e-01  -2.6341490e-02  -7.1254385e-03   6.6066216e-03
   5.2297695e-02   2.9336863e-01   5.5517590e-01  -2.7643547e-02  -6.8720066e-03   6.5401144e-03
   6.4262285e-02   2.6064664e-01   5.1419231e-01  -2.6594419e-02  -7.0880885e-03   6.8618521e-03
   6.1716097e-02   2.8053666e-01   5.2461614e-01  -2.7846645e-02  -6.9673786e-03   6.5957425e-03
   7.3272984e-02   2.6967143e-01   4.6587072e-01  -2.8317852e-02  -7.2366216e-03   6.8100789e-03
   7.2242200e-02   2.8576730e-01   4.8144033e-01  -2.8373515e-02  -7.1020648e-03   6.6542808e-03
   7.2130122e-02   3.3571300e-01   4.8518071e-01  -2.9189437e-02  -7.4207261e-03   6.8078925e-03
   8.3608997e-02   2.8157431e-01   4.6014721e-01  -2.8408248e-02  -7.3274490e-03   6.8375378e-03
   7.2146840e-02   3.1760632e-01   5.1560241e-01  -2.8851788e-02  -7.4732547e-03   6.7780389e-03
   9.0209799e-02   2.9053499e-01   4.3417742e-01  -2.8587959e-02  -7.5416229e-03   6.9720999e-03
   8.2771975e-02   3.3018784e-01   4.9587581e-01  -2.9192419e-02  -7.7269470e-03   6.8332066e-03
   9.6168616e-02   2.7958688e-01   4.1742261e-01  -2.8524626e-02  -7.6074310e-03   6.9224636e-03
   7.9677813e-02   3.8325713e-01   4.8930976e-01  -2.9824109e-02  -7.4797596e-03   6.7370718e-03
   9.9109546e-02   2.8730384e-01   3.9725285e-01  -2.8765008e-02  -7.6201764e-03   7.0006224e-03
   9.9060994e-02   3.4544082e-01   4.6090116e-01  -2.9584866e-02  -8.0862889e-03   6.7983597e-03
   9.7285409e-02   2.9738390e-01   3.9838091e-01  -2.9497353e-02  -7.7105126e-03   7.0457873e-03
   7.0646536e-02   3.0833984e-01   5.1128321e-01  -2.9733349e-02  -7.6520392e-03   6.7818515e-03
   6.9542075e-02   2.5954620e-01   4.3673062e-01  -2.9185997e-02  -7.5047668e-03   6.8670018e-03
   6.6000848e-02   3.1556876e-01   5.7029871e-01  -2.9635164e-02  -7.7784585e-03   7.0078881e-03
   9.6335244e-02   2.6490512e-01   4.6530023e-01  -2.9536576e-02  -7.9024930e-03   7.4302646e-03
   9.5360172e-02   3.2213156e-01   5.7138083e-01  -3.0324537e-02  -8.0477158e-03   6.9906471e-03
   1.1099815e-01   2.4463962e-01   4.5308715e-01  -2.9589570e-02  -8.0781012e-03   7.4135766e-03
   1.0686998e-01   3.3046506e-01   4.6851727e-01  -3.1067412e-02  -8.1000891e-03   7.2590216e-03
   1.0490808e-01   2.7464162e-01   4.5471558e-01  -3.0083434e-02  -8.0666027e-03   7.4375065e-03
   1.0025539e-01   3.1594194e-01   4.6711393e-01  -3.1177577e-02  -8.1118673e-03   7.2376231e-03
   1.0352790e-01   3.0119498e-01   4.5909575e-01  -3.0560902e-02  -8.3116208e-03   7.3615869e-03
   9.9360170e-02   2.9166620e-01   4.5871146e-01  -3.0226652e-02  -8.2568587e-03   7.4020257e-03
   9.2817597e-02   3.1545691e-01   4.3849791e-01  -3.0681219e-02  -8.1490090e-03   7.3962481e-03
   6.8996835e-02   3.3033957e-01   5.2920872e-01  -3.0602749e-02  -7.8612061e-03   7.1817050e-03
   8.5829871e-02   2.8191137e-01   4.5938680e-01  -2.9953844e-02  -8.1627257e-03   7.3530553e-03
   8.2465863e-02   3.4990993e-01   5.1833850e-01  -3.1089512e-02  -7.9179950e-03   7.0299272e-03
   9.7977530e-02   3.0285772e-01   4.6429573e-01  -3.0428902e-02  -8.1239544e-03   7.3822517e-03
   9.7766434e-02   3.5360622e-01   4.9702833e-01  -3.1623500e-02  -7.9477438e-03   7.0032913e-03
   1.0809827e-01   3.0823271e-01   4.5371901e-01  -3.1130251e-02  -8.2204108e-03   7.3086043e-03
   9.7636063e-02   3.1873632e-01   4.5473187e-01  -3.1490727e-02  -7.9498528e-03   7.1289261e-03
   9.5944626e-02   2.9854611e-01   4.4556102e-01  -3.1626983e-02  -8.2789366e-03   7.2507049e-03
   9.7917016e-02   3.0251595e-01   4.6114301e-01  -3.1686849e-02  -8.1075961e-03   7.1576104e-03
   1.1154351e-01   3.1064636e-01   4.4349948e-01  -3.1414061e-02  -8.7063182e-03   7.5208495e-03
   1.0469265e-01   2.7932642e-01   4.8215285e-01  -3.1428950e-02  -8.4010859e-03   7.4108979e-03
   1.1376824e-01   2.9433371e-01   4.8689404e-01  -3.1715726e-02  -8.7067328e-03   7.5661862e-03
   1.1249444e-01   2.8087326e-01   4.8302569e-01  -3.1622359e-02  -8.4871016e-03   7.5509609e-03
   1.1203527e-01   3.1380974e-01   4.4672941e-01  -3.1824219e-02  -8.6211378e-03   7.7281411e-03
   1.0625857e-01   2.9989605e-01   4.7885552e-01  -3.1692341e-02  -8.3747242e-03   7.6588231e-03
   1.0790600e-01   3.4461265e-01   4.6996599e-01  -3.2680756e-02  -8.6441591e-03   7.7324358e-03
   1.0225069e-01   3.0811396e-01   4.8707172e-01  -3.2043527e-02  -8.3461938e-03   7.6561416e-03
   1.1529361e-01   3.0050484e-01   4.2032559e-01  -3.1618520e-02  -8.6018075e-03   7.7132797e-03
   1.0927513e-01   3.0564293e-01   4.5896636e-01  -3.2034223e-02  -8.4094712e-03   7.5964412e-03
   1.1007106e-01   3.0948463e-01   4.3802569e-01  -3.1983893e-02  -8.7418198e-03   7.7255745e-03
   1.0320055e-01   3.1775369e-01   4.2756952e-01  -3.1935618e-02  -8.3866217e-03   7.7840638e-03
   1.0087633e-01   3.5912593e-01   5.1065235e-01  -3.2205580e-02  -8.7058042e-03   7.4769108e-03
   1.0720091e-01   3.0416862e-01   4.1623966e-01  -3.1357534e-02  -8.6421346e-03   7.7506796e-03
   8.2342797e-02   3.5578201e-01   4.9881990e-01  -3.2066995e-02  -8.2796941e-03   7.6086425e-03
   1.0539130e-01   3.0836083e-01   4.2504045e-01  -3.1348647e-02  -8.5418772e-03   7.7008949e-03
   1.0009040e-01   3.4589072e-01   4.8009341e-01  -3.2425431e-02  -8.6888887e-03   7.4177728e-03
   1.1123252e-01   3.1940705e-01   4.4311511e-01  -3.2514998e-02  -8.5806203e-03   7.9928717e-03
   8.9632185e-02   3.6438469e-01   4.8739660e-01  -3.2251580e-02  -8.6630578e-03   7.3754277e-03
   9.6812767e-02   2.8239864e-01   4.2420490e-01  -3.0214977e-02  -8.3834611e-03   7.6307026e-03
   9.9574039e-02   3.4791603e-01   4.4867557e-01  -3.3234921e-02  -8.7164005e-03   7.4582985e-03
   1.0315744e-01   2.9057640e-01   3.8694488e-01  -3.1639903e-02  -8.3327930e-03   7.7279678e-03
   1.0270661e-01   3.7687729e-01   4.8941315e-01  -3.2651645e-02  -8.5908283e-03   7.4554601e-03
   1.1165971e-01   2.8295908e-01   3.9180347e-01  -3.1525340e-02  -8.4069058e-03   7.6922389e-03
   1.0880939e-01   3.5677408e-01   4.8512651e-01  -3.2419233e-02  -8.5318999e-03   7.5080286e-03
   1.0929731e-01   3.1808089e-01   4.0338674e-01  -3.2053800e-02  -8.5150030e-03   7.7163089e-03
   1.0447955e-01   3.3875312e-01   4.8781798e-01  -3.2796914e-02  -8.3527022e-03   7.3427963e-03
   1.1350805e-01   2.9745221e-01   3.9597974e-01  -3.1721677e-02  -8.5247591e-03   7.7252045e-03
   1.0461786e-01   3.6441266e-01   4.6881464e-01  -3.3092299e-02  -8.3468990e-03   7.4516090e-03
   1.1284138e-01   3.1475480e-01   3.8769912e-01  -3.1970312e-02  -8.5045679e-03   7.8298725e-03
   1.0343943e-01   3.7032716e-01   4.6629468e-01  -3.3139127e-02  -8.4550589e-03   7.5012409e-03
   1.1497703e-01   3.1309027e-01   4.0270890e-01  -3.1730464e-02  -8.5737015e-03   7.6786740e-03
   1.1129276e-01   3.2408979e-01   4.1035850e-01  -3.2286594e-02  -8.4106441e-03   7.6570151e-03
   1.1765980e-01   3.4933585e-01   3.9490813e-01  -3.2648839e-02  -8.6634288e-03   7.6373198e-03
   1.1334540e-01   3.2343193e-01   4.3618366e-01  -3.1863275e-02  -8.4193518e-03   7.5415119e-03
   1.1245604e-01   3.6243266e-01   4.2998638e-01  -3.3336720e-02  -8.6573609e-03   7.4479469e-03
   1.1313835e-01   2.8078027e-01   4.2286490e-01  -3.2073518e-02  -8.3893164e-03   7.5518299e-03
   1.0934573e-01   3.7778609e-01   4.5162274e-01  -3.3622509e-02  -8.6589787e-03   7.4126904e-03
   1.1505961e-01   2.7814539e-01   3.7819235e-01  -3.1542293e-02  -8.4490345e-03   7.6090042e-03
   1.1594182e-01   3.2730214e-01   4.6657449e-01  -3.2595239e-02  -8.7871816e-03   7.5037816e-03
   1.1942945e-01   2.9183981e-01   3.8325913e-01  -3.2132035e-02  -8.7011906e-03   7.6578750e-03
   1.1510028e-01   3.2213326e-01   4.9517022e-01  -3.2545063e-02  -8.7085694e-03   7.4931787e-03
   1.1426338e-01   2.9413489e-01   3.9936764e-01  -3.2065185e-02  -8.4454633e-03   7.6973969e-03
   1.1258596e-01   3.0740312e-01   5.0147955e-01  -3.2456445e-02  -8.7218847e-03   7.5154705e-03
   1.2276919e-01   2.7287208e-01   3.8832025e-01  -3.1290009e-02  -8.5941936e-03   7.7795689e-03
   1.1466594e-01   3.2717781e-01   4.9357579e-01  -3.2441084e-02  -8.5489469e-03   7.5497530e-03
   1.1550473e-01   3.0873501e-01   5.3719310e-01  -3.0479629e-02  -8.4108441e-03   8.2003928e-03
   8.3761024e-02   2.6871273e-01   3.5729059e-01  -2.2435435e-02  -7.6302808e-03   6.3679984e-03
   8.3368647e-02   1.9729641e-01   1.9333133e-01  -1.6423275e-02  -6.3126488e-03   5.7011242e-03
   8.8507544e-02   2.1987083e-01   2.0626402e-01  -1.3182184e-02  -5.5457376e-03   5.6164968e-03
   9.1902039e-02   8.5431936e-02   2.3493769e-01  -1.5934784e-02  -6.5282270e-03   5.8069525e-03
   1.0405591e-01   1.6155480e-01   2.0330927e-01  -1.7913293e-02  -7.8987070e-03   6.5783190e-03
   1.1579594e-01   1.8233005e-01   3.2295539e-01  -2.5361554e-02  -8.5096594e-03   7.1148848e-03
   1.2243092e-01   1.8518536e-01   4.0774218e-01  -2.6993346e-02  -8.9801659e-03   7.2756017e-03
   1.1823153e-01   2.2466077e-01   3.4464660e-01  -2.6733505e-02  -8.5786650e-03   7.5192684e-03
   1.2001094e-01   3.0947258e-01   4.6416900e-01  -2.8492808e-02  -8.8339472e-03   7.3289273e-03
   1.2954268e-01   2.0876138e-01   3.5684979e-01  -2.7846532e-02  -8.7847659e-03   7.6749077e-03
   1.2487280e-01   3.2582819e-01   4.4827896e-01  -3.0934997e-02  -8.8498361e-03   7.4425394e-03
   1.2601526e-01   2.9639776e-01   5.1134347e-01  -3.1309913e-02  -8.5553043e-03   7.8884948e-03
   1.2988504e-01   3.3090841e-01   4.0137392e-01  -3.2438289e-02  -9.0071630e-03   7.8022144e-03
   1.1924723e-01   2.8629147e-01   3.7106316e-01  -3.1334500e-02  -8.8614102e-03   7.8788326e-03
   1.1883839e-01   3.4037812e-01   4.2476511e-01  -3.1965892e-02  -9.1052325e-03   7.7851229e-03
   1.1466550e-01   3.7720641e-01   4.0876452e-01  -3.2118148e-02  -8.9614890e-03   7.7293661e-03
   1.1680151e-01   3.1170672e-01   3.5491408e-01  -3.1309033e-02  -8.9754868e-03   8.0037417e-03
   1.1469071e-01   3.3852461e-01   3.7667935e-01  -3.1457052e-02  -9.0404120e-03   7.8869230e-03
   1.1997362e-01   3.9192452e-01   3.7933908e-01  -3.1987626e-02  -9.2180295e-03   7.8865932e-03
