   0.0000000e+00   0.0000000e+00   0.0000000e+00   0.0000000e+00   4.3368087e-19   0.0000000e+00
  -6.7499539e-03  -3.5367009e-02  -9.4176267e-02   7.0342879e-03   1.3937168e-03  -5.2519699e-04
  -1.7502334e-02   4.3201357e-02  -6.1797820e-02   9.8010444e-03   2.5813069e-03  -1.7173033e-03
  -2.7455744e-02  -2.1698596e-02   1.0928975e-01   9.1296224e-03   2.6360173e-03  -1.7091326e-03
  -4.9996278e-02  -5.1245674e-02  -4.9279609e-02   1.0668258e-02   2.6274695e-03  -1.4866587e-03
  -6.3038362e-02   6.8647454e-02   1.4466059e-02   1.1129275e-02   3.8143447e-03  -1.5830373e-03
  -5.2083966e-02  -1.4611640e-01  -3.7494253e-01   1.1469159e-02   2.4573280e-03  -6.2373556e-04
  -5.5186921e-02  -3.3546250e-02  -4.5071226e-01   1.2263239e-02   1.8707170e-03  -9.7781458e-04
  -7.4291820e-02  -6.9124762e-02  -6.7891798e-01   1.2431722e-02   1.9937745e-03  -5.8595033e-04
  -8.9937553e-02  -3.6448201e-02  -8.2616037e-01   1.3383962e-02   1.8781159e-03  -5.2365222e-04
  -8.8251158e-02  -3.8030217e-02  -8.4983491e-01   1.2999473e-02   1.8162053e-03  -1.3604916e-04
  -1.0940094e-01  -6.6796721e-02  -1.3337074e+00   1.4139463e-02   2.0969744e-03   9.6504752e-05
  -1.1818613e-01  -1.1699073e-03  -7.5101872e-01   1.2430304e-02   2.1944270e-03  -4.7084591e-04
  -1.0682644e-01   5.0319708e-02  -6.5951820e-01   1.2190555e-02   1.8597395e-03  -3.3793191e-04
  -1.0193671e-01  -2.1988650e-02  -6.7824898e-01   1.1241590e-02   1.8263374e-03  -3.3116051e-04
  -9.1075569e-02   7.1119039e-03  -5.7954278e-01   9.5505063e-03   1.5843935e-03  -5.0998951e-04
  -1.0109616e-01   1.8193873e-02  -6.1288901e-01   1.0218201e-02   2.1544865e-03  -7.3025535e-04
  -9.9128675e-02  -1.5452859e-02  -5.2236243e-01   1.0637904e-02   1.8226175e-03  -6.8783171e-04
  -9.5466207e-02   1.8412255e-02  -3.2795743e-01   9.1646126e-03   1.6234807e-03  -3.6129690e-04
  -7.1185045e-02   1.5149409e-01  -4.1602602e-01   2.6360025e-03   1.6507835e-04   6.6196225e-04
  -5.8610478e-02   7.7823231e-02  -2.9470778e-01  -1.3151296e-03  -6.4220331e-04   1.0479178e-03
  -5.3549369e-02   8.7363951e-02  -4.1687115e-01  -2.0478076e-03  -5.9605148e-04   1.3725634e-03
  -5.4070902e-02   7.1870015e-02  -3.4423075e-01   9.9040956e-04  -5.5398962e-04   6.7472145e-04
  -6.8311304e-02   5.2281039e-02  -3.3010408e-01   3.0416794e-03   1.2179598e-03   9.7030368e-05
  -6.9949291e-02   1.4230960e-01  -1.5661464e-01   4.3724769e-03   1.2269299e-03  -1.4565277e-04
  -9.8968332e-02  -3.5369837e-02  -5.3136550e-01   5.4980478e-03   9.6767759e-04   1.5812571e-04
  -8.6742266e-02  -4.9770059e-02  -1.5526569e+00   9.4651818e-03   1.1816362e-03   2.5199981e-04
  -1.0419249e-01   1.7725133e-01  -7.2973168e-01   6.4736353e-03   9.4544715e-04   6.1692230e-05
  -1.0773732e-01  -9.2632386e-02  -6.2990562e-01   7.5969600e-03   1.1836262e-03   1.9373719e-04
  -9.5151059e-02   5.7824444e-02  -2.8777584e-01   5.7619052e-03   4.3017759e-04   2.8759689e-04
  -8.7767465e-02   2.4440936e-02  -1.0330801e-02   2.6703684e-03  -2.0179373e-04   6.9029264e-04
  -1.0167240e-01   3.9997447e-02   7.3353656e-02  -1.0290879e-04  -3.1829448e-04   7.1161975e-04
  -9.7117021e-02   6.2171324e-02   1.3331191e-01  -2.7960163e-03  -7.7102847e-04   8.7123171e-04
  -9.6688197e-02   6.7482317e-02   1.3064991e-01  -5.3615802e-03  -7.5179682e-04   9.0400131e-04
  -8.5149713e-02   6.5145143e-02   1.6959414e-01  -5.7415454e-03   4.0407232e-04   4.9525367e-04
  -7.8841582e-02   8.4748577e-02   1.5055761e-01  -7.8190518e-03  -6.4736217e-04   1.2034038e-03
  -9.7172946e-02   9.1983766e-02   5.0102799e-02  -8.3085475e-03  -5.8450996e-04   1.2591305e-03
  -1.0840023e-01   1.1192957e-01   1.5439896e-01  -8.6549799e-03  -5.1540721e-04   1.1536244e-03
  -1.0601386e-01   1.2687618e-01   1.0268551e-01  -8.9715958e-03  -5.5765205e-04   1.1681804e-03
  -9.0354196e-02   1.5288049e-01   2.5644745e-01  -8.6927345e-03  -1.3167066e-03   1.1624224e-03
  -1.0897311e-01   1.5842051e-01   1.0672932e-01  -9.9321686e-03  -7.4818328e-04   1.5549363e-03
  -1.0269878e-01   1.5369673e-01   1.7296774e-01  -9.9741819e-03  -9.1461333e-04   1.4121241e-03
  -9.5725727e-02   1.3229616e-01   8.3321096e-02  -1.0411577e-02  -8.7233406e-04   1.7221686e-03
  -9.0967546e-02   1.7925549e-01   1.7001971e-01  -1.0669047e-02  -1.1629178e-03   1.5235056e-03
  -9.7166468e-02   1.4980053e-01   1.4584106e-02  -1.1070188e-02  -1.0308010e-03   1.7447778e-03
  -9.5204886e-02   1.7371423e-01   1.2298498e-01  -1.0998866e-02  -1.2036557e-03   1.4732794e-03
  -8.8909669e-02   1.7510971e-01  -3.0925655e-02  -1.0043335e-02  -1.3702227e-03   1.5585411e-03
  -9.0009915e-02   1.7289020e-01   1.4669286e-01  -1.1338105e-02  -1.2760072e-03   1.5779852e-03
  -9.1759772e-02   1.1993932e-01  -4.0102635e-03  -1.0298582e-02  -1.3548636e-03   1.7129998e-03
  -9.1893849e-02   2.1620749e-01   1.8235569e-01  -1.2605559e-02  -1.5005845e-03   1.6003450e-03
  -8.9691793e-02   1.0443909e-01  -5.4155412e-03  -1.0473638e-02  -1.5608707e-03   1.8249151e-03
  -9.8437553e-02   1.7233863e-01   1.6874201e-01  -1.2559314e-02  -1.5694608e-03   1.6177726e-03
  -9.1012155e-02   1.3585382e-01   1.0964657e-02  -1.1164241e-02  -1.5475084e-03   1.8843459e-03
  -8.8203885e-02   1.6472781e-01   9.4239331e-02  -1.2779551e-02  -1.6933998e-03   1.7580481e-03
  -9.5588261e-02   1.1566413e-01   5.2117417e-02  -1.1687426e-02  -1.4306721e-03   1.7152454e-03
  -9.8936843e-02   1.9895246e-01   1.5449180e-01  -1.4021211e-02  -1.4635330e-03   1.8420913e-03
  -8.4739057e-02   1.2142193e-01   5.0231506e-02  -1.2384566e-02  -1.6618099e-03   2.0221487e-03
  -7.8320465e-02   2.1915645e-01   1.8651631e-01  -1.5159770e-02  -2.2920754e-03   2.1422862e-03
  -9.7557303e-02   3.0770934e-02  -2.5826547e-01  -1.1436453e-02  -5.4736851e-04   1.9023426e-03
  -9.2477146e-02   9.5024037e-02  -5.1590460e-01   5.3327077e-03   1.4609162e-03  -3.2490157e-04
  -1.3504658e-01  -2.5211053e-01  -7.3328148e-01   4.0695126e-02   6.5768473e-03  -4.7196431e-03
  -1.3698534e-01  -1.7128096e-01  -1.1706722e+00   3.7422866e-02   5.9897705e-03  -2.8364162e-03
  -2.0528345e-01  -1.0759134e-01  -7.4055359e-01   2.6982276e-02   5.0572215e-03  -3.8710568e-03
  -1.7573178e-01  -2.1912839e-01  -6.3451934e-01   2.4915231e-02   5.4439208e-03  -3.1077233e-03
  -1.7913304e-01  -1.8446397e-01  -4.6422016e-01   2.5901491e-02   5.1163374e-03  -3.0792381e-03
  -1.7068182e-01  -1.2646732e-01  -3.0718819e-01   2.5339659e-02   4.9556366e-03  -3.1335839e-03
  -1.1684436e-01   3.9696835e-02  -1.3444429e-01   1.2846315e-02   2.0419390e-03  -8.0074407e-04
  -1.1614618e-01  -7.5984106e-02  -9.0056548e-02   3.7594021e-03   1.6328169e-03  -2.1179057e-06
  -1.3717698e-01  -1.3322269e-02  -2.0604833e-01   7.5963989e-03   1.8216210e-03  -5.4731855e-05
  -1.2994437e-01  -5.0133811e-02  -5.6998456e-01   7.6616214e-03   1.7325241e-03   7.3782869e-04
  -1.3517537e-01   6.9732453e-03  -4.3107624e-01   3.7287409e-03   1.2390855e-03   5.6774994e-04
  -1.2468569e-01   5.5461497e-02  -4.7441502e-01  -2.9011063e-03   8.4753762e-04   1.0916985e-03
  -1.3843183e-01   1.1795922e-01  -3.9871684e-01  -6.9057442e-03   8.3189169e-04   1.0141545e-03
  -1.3521067e-01   9.1731234e-02  -4.3310714e-01  -7.1476464e-03   7.3975236e-04   1.5249839e-03
  -1.3362106e-01   1.0627255e-01  -4.4884346e-01  -7.4024841e-03   7.2012451e-04   1.5142906e-03
  -1.4122583e-01   1.1179256e-01  -4.4404429e-01  -7.6936979e-03   8.9071615e-04   1.3102096e-03
  -1.3277281e-01   1.7714114e-01  -4.5063372e-01  -7.9175234e-03   6.1389994e-04   1.4240049e-03
  -1.4142793e-01   1.4662648e-01  -4.6729430e-01  -8.5548466e-03   7.5729168e-04   1.4328930e-03
  -1.3821006e-01   1.5168979e-01  -4.3245308e-01  -8.5916224e-03   2.0551723e-04   1.1426787e-03
  -1.5724320e-01   2.7068467e-01  -4.6557487e-01  -9.7368057e-03   5.7582292e-04   1.5097463e-03
  -1.7741792e-01   1.5004584e-01  -4.8068437e-01  -5.7401240e-03   1.3778728e-03   1.0243230e-03
  -1.3947568e-01   1.3133336e-01  -2.9446380e-01  -6.8604585e-03   4.7389089e-04   1.2405247e-03
  -1.5148008e-01   2.5327565e-01  -1.4703992e-01  -1.0494095e-02   4.5245517e-04   1.0351561e-03
  -1.4239652e-01   1.8758251e-01  -1.4884822e-01  -1.1669752e-02   1.2906066e-04   1.4032073e-03
  -1.6561115e-01   1.6278818e-01  -2.1988528e-01  -6.7512874e-03   1.7089507e-03   7.2451910e-04
  -1.3357315e-01   1.2470769e-01  -2.5148831e-01  -4.6027298e-03   9.3505052e-04   1.0602197e-03
  -1.4655749e-01   1.5104125e-01  -5.5119020e-02  -1.1628487e-02   6.0096353e-04   1.1425649e-03
  -1.2344513e-01   1.3824763e-01  -8.9106160e-02  -1.1768233e-02  -8.4200560e-06   1.6437445e-03
  -1.4181388e-01   1.7369165e-01  -6.8389505e-02  -1.2127356e-02   3.9171602e-04   1.1875504e-03
  -1.5386688e-01   3.8343835e-02  -5.8882147e-01  -6.2898916e-03   1.4076510e-03   1.3590166e-03
  -1.1823961e-01   1.7020500e-01  -3.6029475e-01  -6.2307615e-03   1.3477509e-03   4.6682753e-04
  -1.4119603e-01   7.0859207e-02  -3.3378917e-01  -8.1554769e-03   5.4678196e-04   1.6089335e-03
  -1.2766060e-01   1.7015284e-01  -3.2190764e-01  -9.2552383e-03   1.8158579e-04   9.5021652e-04
  -1.1997082e-01   1.4424588e-01  -4.3900496e-01  -8.9716769e-03   1.5523063e-04   1.2239397e-03
  -1.2823293e-01   8.7163975e-02  -3.8198469e-01  -9.7238672e-03   1.4758299e-04   1.2403994e-03
  -1.2655301e-01   1.8852543e-01  -3.5594320e-01  -1.2227605e-02   2.8559307e-05   1.3763909e-03
  -1.1799946e-01   1.4465831e-01  -4.5283942e-01  -1.0760893e-02   3.1611990e-05   1.5379010e-03
  -1.2543048e-01   1.4539812e-01  -3.9859660e-01  -1.2691896e-02   1.2592131e-05   1.6629257e-03
  -1.1905987e-01   1.4772012e-01  -4.7553321e-01  -1.0957057e-02   1.2714168e-04   1.6188827e-03
  -1.2695463e-01   2.0423222e-01  -3.6256386e-01  -1.2734339e-02  -1.4042089e-04   1.4664852e-03
  -1.1998255e-01   1.2450955e-01  -4.8599976e-01  -1.0973611e-02   3.9429492e-06   1.6208964e-03
  -1.2449270e-01   2.0745110e-01  -3.5386023e-01  -1.3170642e-02  -1.0196575e-04   1.5585116e-03
  -1.1707548e-01   1.5989513e-01  -4.8585470e-01  -1.1119229e-02   1.2755887e-05   1.7525852e-03
  -1.2865994e-01   2.7124174e-01  -3.5324169e-01  -1.4411141e-02  -3.4007445e-05   1.6150622e-03
  -1.1339028e-01   1.6654754e-01  -5.2833778e-01  -1.0571650e-02  -1.4413313e-04   2.5313570e-03
  -1.1239440e-01  -9.8261479e-02   1.4119451e-01   1.5573626e-02   7.4806625e-04  -2.3797362e-03
  -1.0491812e-01  -2.5716869e-02  -6.6174690e-01   2.5458244e-02   1.3962324e-03  -1.0683299e-03
  -1.2083511e-01  -1.6573738e-01  -8.1394461e-01   3.0117207e-02   2.8172589e-03  -2.2224450e-03
  -1.3785926e-01  -1.7906019e-01  -5.4720551e-01   2.9137070e-02   2.9724917e-03  -2.4278281e-03
  -1.2355854e-01  -1.2577655e-01  -3.6514413e-01   2.5529792e-02   1.6523437e-03  -9.9162481e-04
  -9.9679612e-02  -4.1870342e-02  -3.6158199e-01   1.7509326e-02   6.2515278e-04  -4.0411871e-04
  -9.1035874e-02   1.0971224e-01  -2.3114452e-01   2.6167665e-03  -1.0572082e-03   1.0639659e-03
  -9.8882244e-02   5.6909369e-02  -2.4182872e-01   8.3630278e-05  -1.3143061e-03   1.5531500e-03
  -1.1134710e-01   1.1360012e-01  -1.7515643e-01  -2.9867095e-03  -1.5205576e-03   1.5113019e-03
  -1.1415010e-01   1.1751339e-01  -2.0402083e-01  -3.8933677e-03  -1.4921769e-03   1.9046146e-03
  -1.2047889e-01   1.7029370e-01  -2.0747992e-01  -4.9399429e-03  -1.2098258e-03   2.0843719e-03
  -1.2087333e-01   1.2355328e-01  -2.0677697e-01  -4.6451388e-03  -1.2809072e-03   2.0378604e-03
  -1.2767102e-01   1.4192951e-01  -2.1700875e-01  -4.9324412e-03  -1.1782035e-03   2.0702763e-03
  -1.2982171e-01   1.7281806e-01  -2.1351764e-01  -4.9592237e-03  -1.1282832e-03   2.0594482e-03
  -1.2674538e-01   1.3171805e-01  -2.3248124e-01  -4.9617111e-03  -1.2743791e-03   2.0565621e-03
  -1.3464483e-01   1.5875966e-01  -3.2304306e-01  -5.6448085e-03  -1.0048774e-03   2.1345605e-03
  -1.2533795e-01   1.9181100e-01  -2.9545289e-01  -5.2509683e-03  -1.1990435e-03   2.1529647e-03
  -1.3013130e-01   1.7235427e-01  -2.9885891e-01  -6.2585600e-03  -1.0216601e-03   1.8134558e-03
  -1.2628198e-01   1.5690147e-01  -3.0205377e-01  -6.8398425e-03  -1.1751653e-03   2.1548307e-03
  -1.4209690e-01   2.2697871e-01  -2.6334534e-01  -7.9174981e-03  -7.5866013e-04   1.9282641e-03
  -1.4785497e-01   2.0567250e-01  -2.3498658e-01  -1.0719985e-02  -6.8997242e-04   2.1595008e-03
  -1.4249528e-01   1.7893119e-01  -2.5164773e-01  -9.5656992e-03  -6.2651325e-04   1.9383599e-03
  -1.1428903e-01   1.9768972e-01  -2.4316276e-01  -6.0046232e-03  -1.3521237e-03   2.1733289e-03
  -1.0785680e-01   9.5596057e-02  -3.5003812e-01  -7.2929608e-03  -1.3069766e-03   1.9958958e-03
  -1.0365289e-01   2.1346326e-01  -2.0508774e-01   3.3719172e-03  -4.3095119e-04   1.1755442e-04
  -1.0880779e-01  -9.8179102e-02  -7.0099112e-01   9.0896703e-03   7.7908791e-04   2.0541727e-04
  -1.0618081e-01   3.6975471e-02  -3.4528615e-01   7.0179792e-03   4.1968394e-04  -9.8534868e-05
  -9.6152659e-02   2.6906328e-02  -2.9082676e-01   1.5385520e-03  -1.1429507e-03   1.4037942e-03
  -9.6475480e-02   1.0479876e-02  -2.9191505e-01  -1.3680384e-03  -1.5496420e-03   1.7246116e-03
  -9.1579553e-02   8.6360443e-02  -2.2372191e-01  -2.7042754e-03  -1.9811478e-03   2.1016125e-03
  -9.9309662e-02   7.8976932e-02  -3.8604563e-01  -1.2740312e-03  -1.8106543e-03   2.0961004e-03
  -1.0045130e-01  -2.5940757e-02  -5.1760715e-01   4.0409350e-04  -1.4865195e-03   1.9476483e-03
  -8.5324811e-02   1.2244996e-01  -4.5420045e-01  -1.4182148e-03  -2.0073432e-03   1.8727611e-03
  -1.0724325e-01   7.1318375e-02  -4.9379790e-01  -9.5889630e-04  -1.4198995e-03   2.0961944e-03
  -8.8757951e-02   8.9445414e-02  -2.3109060e-01  -1.4493687e-04  -1.8876598e-03   1.7877798e-03
  -1.0338049e-01   1.1624876e-01  -1.9839741e-01  -3.7242666e-03  -1.6715243e-03   2.0969983e-03
  -1.1680979e-01   1.0992459e-01  -1.8359478e-01  -3.9596001e-03  -1.4364641e-03   2.0756795e-03
  -1.1438846e-01   1.1322306e-01  -1.5004041e-01  -4.0374081e-03  -1.6464917e-03   2.1065090e-03
  -1.2255024e-01   1.4034626e-01  -1.9879400e-01  -5.0569628e-03  -1.4436312e-03   2.1976489e-03
  -1.1971644e-01   1.2114309e-01  -2.0314789e-01  -4.9044803e-03  -1.5312431e-03   2.2319228e-03
  -1.1569464e-01   1.5633374e-01  -2.1647837e-01  -5.0179222e-03  -1.5398635e-03   2.2227318e-03
  -1.2445698e-01   1.7674124e-01  -2.2073355e-01  -5.9654680e-03  -1.2172457e-03   2.2338211e-03
  -1.2053016e-01   1.4464334e-01  -2.1750138e-01  -5.4397048e-03  -1.2551218e-03   2.1538593e-03
  -1.1752649e-01   1.9538856e-01  -2.2535228e-01  -5.7120977e-03  -1.3894247e-03   2.1300311e-03
  -1.1934098e-01   1.6990682e-01  -2.3993350e-01  -6.0513778e-03  -1.2611934e-03   1.9889515e-03
  -1.2239869e-01   1.6580019e-01  -2.0150250e-01  -6.8508972e-03  -1.2724901e-03   1.7385273e-03
  -1.3088826e-01   3.4866817e-01  -6.4266469e-02  -1.0016412e-02  -1.4453319e-03   1.9040630e-03
  -1.2903227e-01   7.1589702e-02  -4.0651178e-01  -2.0107354e-04  -5.3177913e-04   1.8239764e-03
  -1.2339154e-01   1.9093759e-01  -6.6304993e-02   8.7551754e-03   2.7525059e-04  -5.6438184e-04
  -1.2800829e-01   8.8794654e-02  -3.3926418e-01   9.2568398e-03   6.9196704e-04  -9.1254831e-04
  -1.1649217e-01  -2.2474780e-02  -2.7993553e-01   9.7998916e-03  -1.5667520e-04   4.9118885e-04
  -1.3221992e-01   2.7150397e-02  -5.8221859e-02   6.2091517e-03  -4.0663949e-04   2.9626816e-04
  -1.2837209e-01  -1.4093308e-01  -5.6704502e-01   1.0672522e-02   2.8368240e-04   4.1083890e-04
  -1.4308976e-01   1.9112720e-02  -2.7896668e-01   1.0629653e-02   1.1475873e-03  -2.8161754e-04
  -1.4310365e-01  -6.6274439e-02  -4.4797344e-01   1.4662682e-02   1.5101269e-03  -3.9273039e-04
  -1.6701101e-01  -9.1497347e-03  -2.8313901e-01   1.4077811e-02   1.7598817e-03  -7.5317982e-04
  -1.4280982e-01  -3.8950961e-02  -2.5477650e-01   1.3054926e-02   9.7310007e-04  -1.6205338e-04
  -1.2394500e-01   5.2679960e-02  -1.4335486e-01   7.4545604e-03  -5.3207731e-04   7.3802143e-04
  -1.3245708e-01   2.7434538e-02  -1.3947099e-01   2.5651850e-03  -6.9378854e-04   1.3020428e-03
  -1.4495262e-01   1.8893938e-02  -2.0228637e-01   6.1350142e-03  -3.0785755e-04   8.6529040e-04
  -1.4605136e-01   7.4916851e-02  -1.3303385e-01   5.9376841e-03   5.0551432e-06   7.1194078e-04
  -1.4163963e-01   2.9077391e-02  -1.0574340e-01   4.3475784e-03  -5.1778448e-04   1.0334391e-03
  -1.3886728e-01   9.1659662e-02  -9.5181042e-02   1.1346445e-03  -8.7428690e-04   1.4060781e-03
  -1.4729625e-01   1.3104432e-01  -7.2518052e-02  -2.2763582e-03  -8.5846309e-04   1.8252851e-03
  -1.4167543e-01   1.1317357e-01  -6.9389234e-02  -2.4088075e-03  -1.0128077e-03   2.0202077e-03
  -1.4971804e-01   1.6189281e-01  -9.1543368e-02  -3.8741784e-03  -7.1039771e-04   2.1802512e-03
  -1.4519898e-01   1.3270509e-01  -8.6973917e-02  -3.4428412e-03  -8.4808105e-04   2.1119840e-03
  -1.3680602e-01   1.7047628e-01  -9.8365853e-02  -3.9960788e-03  -1.0952110e-03   1.9757996e-03
  -1.3477689e-01   1.5352940e-01  -1.1942145e-01  -4.5415354e-03  -1.1011751e-03   1.8117206e-03
  -1.3477371e-01   1.7400678e-01  -4.0051978e-02  -6.4766444e-03  -1.2331584e-03   1.7900859e-03
  -1.2917206e-01   2.0260238e-01  -1.3251068e-01  -6.6694280e-03  -1.3660612e-03   2.0703646e-03
  -1.3704853e-01   1.8422222e-01  -9.6289186e-02  -7.8433174e-03  -1.1666024e-03   1.6983836e-03
  -1.3895771e-01   2.4011981e-01   8.4175312e-03  -1.1583473e-02  -1.2193027e-03   1.9280927e-03
  -1.3065408e-01   1.7764083e-01  -1.4936867e-01  -8.6540378e-03  -1.2638880e-03   2.0657352e-03
  -1.3184451e-01   2.5796850e-01   4.0527337e-02  -3.4765790e-03  -9.6712090e-04   1.1255450e-03
  -9.6795429e-02  -9.8157104e-01  -8.4404970e-02   6.1245307e-02  -2.6774076e-03  -4.8806382e-03
  -1.1253429e-01   1.5716739e-01   2.9064275e-01   6.8872889e-02   3.5062697e-04  -1.0223873e-03
  -1.5337200e-01  -4.4446811e-02  -1.8461689e-01   4.9365022e-02   3.9858582e-03  -3.4633955e-03
  -1.9918032e-01  -7.6983799e-02  -3.3659544e-01   4.5327671e-02   1.0142546e-03  -3.5016696e-03
  -2.4011866e-01  -8.6224201e-02   1.8500046e-01   3.9566048e-02   2.7888358e-03  -4.0447064e-03
  -1.7905632e-01  -1.3034230e-03   1.5058394e-01   3.6730924e-02   7.0869082e-04  -2.9351618e-03
  -1.3828816e-01   1.1390254e-01   3.0595712e-01   3.0201199e-02  -1.1256692e-03  -3.1428403e-03
  -1.3826149e-01  -8.8181721e-03   2.7825182e-01   2.9823572e-02  -1.1043970e-03  -2.9144618e-03
