   0.0000000e+00   0.0000000e+00   0.0000000e+00   0.0000000e+00   0.0000000e+00   0.0000000e+00
  -2.4614635e-03  -2.8775710e-03   7.2638080e-02  -1.2860475e-03   1.9001425e-04  -1.1428132e-04
  -9.4222222e-03   8.1605369e-02   1.3426782e-01  -2.9278671e-03   1.2685309e-05   2.3566692e-06
  -7.8746985e-03   1.0041626e-01   2.0095080e-01  -4.7867529e-03   4.2594834e-05  -1.4648187e-04
   1.5695734e-02   7.8300363e-02   2.6607457e-02  -5.4716580e-03  -1.7500449e-04   5.9689803e-04
   1.1244175e-03   1.1705421e-01  -6.0739879e-01  -4.8208754e-03   3.5541018e-04   7.5823605e-04
  -1.2637428e-02   9.5618465e-02   1.4941180e-01  -5.8475644e-03   4.6600322e-04   4.4431068e-04
  -2.7568130e-02   2.7452677e-01  -1.7445459e-02  -9.3576432e-03   1.1128694e-03   1.0286043e-03
   1.0395311e-02   1.7623470e-01  -1.2650596e-01  -1.1152959e-02   4.9795307e-04   7.5316259e-04
   4.2345320e-02   8.3573491e-02   5.7850414e-02  -9.3259556e-03   2.3230948e-05   1.0992535e-03
   4.2252534e-02   1.2352965e-01   2.2304306e-01  -9.9198574e-03  -2.3778666e-04   1.0876475e-03
   3.3308479e-02   1.9841541e-01   1.5932485e-01  -1.5264584e-02  -4.1853889e-04   1.0701016e-03
   4.5787185e-02   1.6445963e-01  -1.6708626e-01  -1.6673932e-02  -1.0328793e-03   1.9795919e-03
   4.3065857e-02   1.5326026e-01  -4.1470239e-01  -1.5175462e-02  -1.3546821e-03   2.5400571e-03
   4.5128807e-02   2.1339298e-01  -2.6302079e-01  -1.4484909e-02  -1.4595078e-03   2.5252274e-03
   4.1146006e-02   2.4218404e-01   2.8647868e-01  -1.6974935e-02  -1.5337518e-03   1.5888987e-03
   8.8693877e-02  -9.4545431e-02   8.4913814e-01  -1.6667205e-02  -3.7682143e-03   1.9634352e-03
   3.6071744e-03  -3.2929773e-01  -5.1841327e-01   7.8869321e-03   3.4714109e-03  -8.6766421e-04
  -9.1819203e-02  -1.4919498e+00  -6.3938909e+00   6.9269578e-02   7.4656413e-03   2.4241666e-03
  -4.9066963e-03  -2.5119877e+00  -8.0703910e+00   1.1908964e-01   1.3199128e-02   1.6731445e-04
   1.2629823e-01  -2.1310327e+00  -6.5078933e+00   1.1235622e-01   1.1305533e-02  -7.2695464e-05
   2.9400956e-01  -1.4328724e+00  -1.8474796e+00   6.9595592e-02   8.6392138e-03   5.3255311e-03
   4.4981809e-01  -9.3970739e-01  -2.0676981e+00   6.5647488e-02   6.7066545e-03   8.7887371e-03
   3.1911886e-01  -8.8797066e-01  -4.2104647e+00   6.5147087e-02   1.7642617e-03   1.0455997e-02
   3.3934032e-01  -4.6855912e-01  -2.0031056e+00   4.5067815e-02  -4.4720935e-03   1.1632513e-02
   2.1581802e-01   8.5948491e-02   1.1774962e+00   2.6773602e-02  -4.4760755e-03   8.3044319e-03
   1.8687033e-01  -3.1476461e-01   1.9193550e+00   1.9764273e-02  -4.3303569e-03   6.7516712e-03
   1.4011058e-01   8.4152292e-02   2.0569563e+00   2.7240768e-03  -1.7199602e-03   8.2152139e-03
   7.9692888e-02  -1.7676893e-02   2.3099208e+00  -2.2923708e-02  -6.2391829e-04   1.0229861e-02
   8.6014286e-02  -5.3471679e-02   1.7838701e+00  -1.5719230e-02  -2.6741172e-03   1.0750482e-02
   5.7479038e-02   2.3029896e-01   8.1080276e-01  -1.5393222e-02  -2.5331668e-03   1.0634378e-02
   3.8539992e-02   7.4276555e-02   2.2181064e+00  -2.0970633e-02  -2.1648038e-03   1.0020880e-02
   4.7123194e-02   6.4721761e-02   2.3233242e+00  -2.0860215e-02  -2.4379346e-03   1.0018528e-02
   2.9939789e-02   1.3526791e-01   1.6221397e+00  -2.1373025e-02  -1.8784148e-03   1.0443010e-02
   5.3811107e-02  -3.2534815e-03   2.4183154e+00  -2.3228088e-02  -2.7577222e-03   1.0085270e-02
   6.8451710e-02   5.2833722e-02   1.4142663e+00  -2.1234955e-02  -2.8613883e-03   1.0593445e-02
   7.0146613e-02   1.8001241e-01   2.5670295e+00  -2.2263395e-02  -3.0862366e-03   1.0007758e-02
   6.1895314e-02  -4.2329171e-02   2.4874974e+00  -2.2294267e-02  -2.9043102e-03   1.0111070e-02
   6.6575782e-02   3.0744180e-02   1.7177698e-01  -1.5973881e-02  -2.3493704e-03   1.1068985e-02
   7.9947420e-02   3.0335347e-01   4.8709022e-01  -1.8994456e-02  -2.4918592e-03   1.1177648e-02
   5.0238007e-02   4.6970045e-02   2.2232906e-01  -1.8417997e-02  -1.6854874e-03   1.1533359e-02
   3.6998881e-02   2.7194966e-01   7.3399997e-01  -1.5315055e-02  -1.7353025e-03   1.1390114e-02
   3.3788443e-02   2.4147899e-01   1.8636755e+00  -2.0949867e-02  -1.8140557e-03   1.0715352e-02
   4.1107104e-02   1.0826643e-01   1.0767461e+00  -1.9088921e-02  -1.5737645e-03   1.0824119e-02
   4.2856927e-02   2.1754104e-01   1.9788587e+00  -2.1889236e-02  -2.0405742e-03   1.0557083e-02
   4.7636355e-02   1.5529802e-01   2.2006303e+00  -2.1685754e-02  -2.0219182e-03   1.0375335e-02
   4.4413112e-02   1.5219191e-01   1.5464868e+00  -2.0488480e-02  -1.8869493e-03   1.0776214e-02
   4.0404539e-02   1.6816359e-01   1.2328685e+00  -1.9736243e-02  -1.4030448e-03   1.0843237e-02
   4.4953397e-02   2.7500111e-01   2.0527254e+00  -2.1351420e-02  -1.9921397e-03   1.0784609e-02
   4.8407327e-02   1.8276420e-01   1.8530657e+00  -2.2696818e-02  -2.0134836e-03   1.0763960e-02
   4.0701276e-02   3.3227141e-01   2.0916797e+00  -2.2972303e-02  -1.8377716e-03   1.0703758e-02
   5.0613169e-02   1.4903688e-01   2.2369446e+00  -2.3935015e-02  -1.9232815e-03   1.0614832e-02
   5.2386644e-02   9.2540376e-02   7.1110398e-01  -1.7353325e-02  -1.5718091e-03   1.1229438e-02
   6.3264409e-02   1.4521370e-01   1.7360846e+00  -1.8107374e-02  -1.6284438e-03   1.0842796e-02
   4.4919953e-02   1.8890637e-01   1.9986113e+00  -1.9411621e-02  -1.8440441e-03   1.0577809e-02
   4.5214165e-02   2.2997543e-01   1.9600858e+00  -2.0237621e-02  -1.7609059e-03   1.0799451e-02
   4.6966776e-02   2.4721482e-01   2.2699294e+00  -2.3162761e-02  -1.8793037e-03   1.0726909e-02
   4.2683789e-02   1.9504277e-01   2.3389023e+00  -2.3370457e-02  -1.7245314e-03   1.0615535e-02
   5.2417450e-02   2.4682392e-01   2.3681206e+00  -2.3500034e-02  -1.9732615e-03   1.0775628e-02
   4.7730478e-02   1.8827806e-01   2.4056567e+00  -2.3410414e-02  -1.8718345e-03   1.0853906e-02
   1.1379389e-02   1.9181220e-01   2.3686309e+00  -2.4005834e-02  -2.1352500e-03   9.7843243e-03
   1.7200429e-02   2.8173945e-01   2.3601475e+00  -2.5890074e-02  -2.2007294e-03   1.0208510e-02
   1.5199138e-02   1.8409358e-01   2.4283617e+00  -2.4182305e-02  -1.8317729e-03   1.0230539e-02
   2.2577867e-02   1.7794859e-01   2.3885019e+00  -2.3762346e-02  -2.1151445e-03   1.0297309e-02
   1.8673551e-02   1.8389924e-01   2.4748098e+00  -2.4660863e-02  -2.1651022e-03   1.0148174e-02
   2.1850711e-02   1.6811152e-01   2.5140011e+00  -2.3716267e-02  -2.0768490e-03   1.0067960e-02
   1.8639553e-02   1.7108515e-01   2.4509641e+00  -2.3933678e-02  -2.0908908e-03   1.0258593e-02
   1.5000890e-02   1.4788819e-01   2.4682672e+00  -2.4162887e-02  -1.9044230e-03   9.9791501e-03
   1.7151924e-02   1.7445618e-01   2.5173058e+00  -2.3594967e-02  -1.8811554e-03   1.0077435e-02
   1.7053408e-02   2.2744959e-01   2.5314982e+00  -2.4308770e-02  -1.7976977e-03   9.9879798e-03
   1.3520045e-02   1.3658888e-01   2.5703503e+00  -2.3915555e-02  -1.8121310e-03   1.0091011e-02
   1.9335839e-02   1.6810388e-01   2.5600640e+00  -2.4066085e-02  -1.9162774e-03   1.0196480e-02
   2.0077911e-02   2.0742404e-01   2.5456643e+00  -2.5093367e-02  -1.9404668e-03   1.0051720e-02
   2.4211180e-02   1.1418882e-01   2.5865741e+00  -2.4157545e-02  -2.0901716e-03   1.0107728e-02
   1.7463499e-02   2.0296176e-01   2.6143173e+00  -2.5209746e-02  -2.0679881e-03   9.8769195e-03
   2.3549998e-02   1.7536700e-01   2.5944471e+00  -2.4693291e-02  -2.0578036e-03   9.9882072e-03
   2.4841087e-02   1.6161720e-01   2.6589904e+00  -2.5430531e-02  -2.2714768e-03   1.0035478e-02
   1.8786582e-02   1.3948896e-01   2.6355822e+00  -2.3890194e-02  -2.1834382e-03   9.9275880e-03
   2.2366971e-02   2.2643748e-01   2.6607635e+00  -2.5401745e-02  -2.4670817e-03   1.0018040e-02
   1.9710896e-02   1.6947987e-01   2.6674937e+00  -2.4304679e-02  -2.2213221e-03   9.9174351e-03
   2.0686540e-02   1.7561251e-01   2.6446321e+00  -2.4099452e-02  -2.3199275e-03   1.0109740e-02
   2.2603013e-02   2.1781976e-01   2.6698867e+00  -2.4954482e-02  -2.3632949e-03   9.7308934e-03
   1.7563898e-02   1.9367599e-01   2.6406964e+00  -2.4177063e-02  -2.0789650e-03   9.9981409e-03
   1.4261577e-02   1.9927364e-01   2.6811076e+00  -2.4984053e-02  -2.0972004e-03   9.9313468e-03
   9.1401578e-03   1.9532091e-01   2.6152003e+00  -2.5122618e-02  -1.8466317e-03   9.8989728e-03
   1.0967598e-02   2.2025007e-01   2.6372466e+00  -2.4299437e-02  -1.9942033e-03   1.0182542e-02
   1.7527960e-02   2.1067902e-01   2.6579532e+00  -2.4547842e-02  -2.2994780e-03   9.8270067e-03
   1.5353766e-02   1.8757281e-01   2.6779298e+00  -2.4811662e-02  -2.2162874e-03   9.7535675e-03
   3.6517699e-02   5.8358987e-02   7.6064003e-01  -2.0573235e-02  -2.8169109e-03   1.1124630e-02
   3.0476338e-02   3.6884429e-01   1.7722533e+00  -1.9227572e-02  -2.2314359e-03   1.0660768e-02
   3.1679662e-02   3.6140745e-02   1.7811254e+00  -1.1876269e-02  -2.4656598e-03   9.5955099e-03
   2.2501710e-02   8.7478466e-03   1.4031618e+00   5.5068515e-03   4.6143630e-04   7.2270893e-03
   7.9311398e-03   1.3143813e-01   1.6223568e+00  -3.9279943e-03  -1.4099788e-03   7.9892906e-03
   3.7031932e-02   2.7399332e-01   1.8989182e+00  -1.7598687e-02  -1.8424841e-03   1.0170298e-02
   5.8583620e-02   1.3555115e-01   1.6382631e+00  -2.0105817e-02  -2.4128346e-03   1.0734840e-02
   4.5462150e-02   2.5494264e-01   1.0672995e+00  -1.9291734e-02  -1.9617893e-03   1.1100759e-02
   6.2540154e-02   1.3245239e-01   1.2617073e+00  -1.8377289e-02  -2.6635690e-03   1.0951822e-02
   4.2417739e-02   2.8191759e-01  -3.7380349e-02  -1.7151467e-02  -1.8363478e-03   1.1500631e-02
   3.1862865e-02   3.0152733e-01   7.2841731e-01  -1.8457029e-02  -1.7000648e-03   1.1156237e-02
   3.8446405e-02   3.6464778e-01   2.1197257e+00  -2.3166300e-02  -2.3853434e-03   1.0534563e-02
   3.5547863e-02   2.7831161e-01   2.1691256e+00  -2.3310556e-02  -2.2025325e-03   1.0019115e-02
   3.1550867e-02   2.2982541e-01   2.4761954e+00  -2.4449953e-02  -2.3704972e-03   1.0335547e-02
   2.8828291e-02   2.4170863e-01   2.5239582e+00  -2.4679973e-02  -2.4366305e-03   1.0182009e-02
   3.2550641e-02   2.0883534e-01   2.5318121e+00  -2.4238240e-02  -2.5322884e-03   1.0293505e-02
   2.4535588e-02   2.3097379e-01   2.5883829e+00  -2.4457800e-02  -2.3780324e-03   1.0212233e-02
   2.8325499e-02   2.1747734e-01   2.5533368e+00  -2.4483817e-02  -2.4733580e-03   1.0358062e-02
   2.8076661e-02   2.3152112e-01   2.6165001e+00  -2.4375596e-02  -2.5357384e-03   1.0183054e-02
   3.2928137e-02   2.0451607e-01   2.5346888e+00  -2.4688116e-02  -2.4416731e-03   1.0095542e-02
   3.2101732e-02   2.5208292e-01   2.5955341e+00  -2.6504035e-02  -2.5663550e-03   1.0049378e-02
   3.4743865e-02   1.0279628e-01   2.2086718e+00  -2.3619963e-02  -2.6882503e-03   1.0729803e-02
   4.3471161e-02  -3.6681885e-02  -1.0869485e+00  -1.7822010e-02  -1.7028239e-03   1.1954608e-02
   5.2912324e-02   3.9869715e-01   1.2823514e+00  -2.0355012e-02  -2.0385336e-03   1.1410011e-02
   5.1309765e-02   5.4357130e-02  -1.0173467e+00  -1.2367943e-02  -1.8614977e-03   1.2202808e-02
   4.9097151e-02   3.7622553e-01  -7.6358664e-02  -1.6534798e-02  -1.9017877e-03   1.1675060e-02
   4.1455827e-02   3.1543942e-01   3.1628972e-01  -2.0158758e-02  -2.3904325e-03   1.1179664e-02
   2.4522608e-02   4.0998457e-01   1.3148339e+00  -2.0608786e-02  -2.0323088e-03   1.0882203e-02
   4.0334166e-02   3.2936077e-01   2.1588018e+00  -2.4717215e-02  -2.5165327e-03   1.0400780e-02
   2.7562696e-02   2.1270020e-01   1.0144414e+00  -2.2651518e-02  -1.7941607e-03   1.1230707e-02
   2.5331544e-02   4.2066776e-01   2.0840262e+00  -2.4097574e-02  -1.8773835e-03   1.0752510e-02
   4.5366143e-02   2.0981531e-01   2.1050571e+00  -2.3395187e-02  -2.2612190e-03   1.0586911e-02
   3.4015387e-02   2.8746097e-01   9.8861318e-01  -2.1631230e-02  -2.6323547e-03   1.1462926e-02
   5.4447938e-02   2.7769268e-01   8.3747174e-01  -2.0381790e-02  -2.3869070e-03   1.2153718e-02
   3.8519254e-02   3.4022123e-01   4.5240675e-02  -2.1199011e-02  -1.8501207e-03   1.1721268e-02
   3.2653488e-02   3.3302064e-01   1.5286757e+00  -2.2945750e-02  -2.0393784e-03   1.1256836e-02
   3.2732066e-02   3.8592970e-01   2.1101200e+00  -2.5632800e-02  -2.4810153e-03   1.0770212e-02
   2.5771598e-02   3.0763706e-01   2.7577824e+00  -2.6962418e-02  -2.9720064e-03   1.0135407e-02
   4.8341208e-02   1.4388398e-01   2.0039614e+00  -2.5728601e-02  -2.7149423e-03   1.1159895e-02
   4.1210759e-02   3.2956291e-01   1.5451144e+00  -2.2709396e-02  -2.6104881e-03   1.0873833e-02
   4.3627012e-02   3.3390117e-01   1.6932669e+00  -2.3396933e-02  -2.6975666e-03   1.1052756e-02
   3.9045721e-02   2.7050735e-01   1.8642729e+00  -2.2157413e-02  -3.0238372e-03   1.0927868e-02
   3.1709052e-02   4.0985896e-01   1.9383376e+00  -2.7866154e-02  -2.5575680e-03   1.0125401e-02
   1.5884616e-02   3.3765096e-01   2.2159206e+00  -2.5440936e-02  -2.4780726e-03   1.0187935e-02
   2.6759198e-02   2.6454102e-01   2.6509849e+00  -2.7051660e-02  -2.8044846e-03   1.0126347e-02
   3.0703380e-02   2.3261367e-01   2.6878068e+00  -2.3268664e-02  -2.5474094e-03   9.2509595e-03
   2.8704756e-02   2.3502083e-01   2.5802147e+00  -2.2043745e-02  -2.5701756e-03   9.8688857e-03
   2.0362402e-02   3.0897231e-01   2.7527765e+00  -2.4665919e-02  -2.5790818e-03   9.7055370e-03
   2.7897535e-02   1.1865863e-01   2.6427278e+00  -2.2745201e-02  -2.7988208e-03   9.9172701e-03
   2.1322667e-02   2.3475610e-01   2.7307428e+00  -2.3660297e-02  -2.7937714e-03   9.9113403e-03
   2.3073202e-02   2.1731848e-01   2.7635474e+00  -2.3513504e-02  -2.7000624e-03   9.7673136e-03
   4.1940171e-02   5.1499375e-02   2.2857845e+00  -2.1705693e-02  -3.1277718e-03   1.1006256e-02
   2.4419259e-02   2.8933162e-01   4.5560983e-01  -1.8433280e-02  -2.4543220e-03   1.1272699e-02
   4.7492417e-02   3.7331224e-01   1.7658917e+00  -2.3303195e-02  -2.8589043e-03   1.0713487e-02
   4.2299906e-02   2.6859999e-01   2.3359861e+00  -2.5224889e-02  -2.9546981e-03   1.0125827e-02
   2.9035643e-02   2.4253783e-01   2.2557693e+00  -2.4312580e-02  -2.8515083e-03   9.9821443e-03
   4.3141848e-02   2.1353781e-01   1.8983865e+00  -2.3978534e-02  -2.7713903e-03   1.0723626e-02
   3.1024414e-02   2.5186633e-01   1.9261972e+00  -2.3510488e-02  -2.7384673e-03   1.0475729e-02
   2.0384189e-02   3.0879616e-01   2.4223826e+00  -2.3975422e-02  -2.8165941e-03   1.0271306e-02
   3.9066323e-02   2.5547235e-01   2.7387981e+00  -2.5722551e-02  -3.0984000e-03   9.9483572e-03
   2.6524651e-02   2.3679836e-01   2.4073347e+00  -2.4962228e-02  -2.3132227e-03   1.0185161e-02
   2.4525592e-02   2.6500335e-01   2.6540178e+00  -2.4830306e-02  -2.8082313e-03   1.0055885e-02
   3.0946456e-02   2.9659886e-01   2.8040128e+00  -2.5768803e-02  -2.6749519e-03   9.7652415e-03
   4.2916017e-02   2.5181666e-01   2.8207219e+00  -2.4770953e-02  -2.8787147e-03   9.8914995e-03
   2.6672357e-02   1.8482772e-01   2.6641657e+00  -2.2051633e-02  -2.3004021e-03   9.5326346e-03
   4.5751717e-02  -1.9240828e-01  -2.3481616e-01  -1.0590522e-02  -1.5011526e-03   1.1274601e-02
   3.3137834e-02   2.8908709e-01  -8.5322857e-01  -9.3803343e-03  -1.2313695e-03   1.1189177e-02
   1.1059909e-02   3.3906666e-01  -5.0493447e-02  -1.1217673e-02  -1.3105115e-03   1.1121152e-02
   1.3831243e-02   3.5513644e-01   3.9600135e-01  -7.6461099e-03  -1.3579449e-03   9.8274237e-03
   2.8137837e-02   3.6838822e-01   1.5473418e+00  -1.1470856e-02  -1.9294497e-03   9.3812833e-03
   2.5953319e-02   2.4642686e-01   1.8939664e+00  -1.4272289e-02  -2.4922199e-03   9.4331096e-03
   2.8227304e-02   2.5588496e-01   2.4002307e+00  -1.6573411e-02  -2.8368280e-03   9.5923476e-03
   3.1809790e-02   3.3871564e-01   2.4734893e+00  -1.7693411e-02  -2.8995159e-03   9.5620695e-03
   3.0246064e-02   2.1176487e-01   1.8624206e+00  -1.5357361e-02  -2.6382035e-03   9.6937521e-03
   5.6395443e-02  -1.7116281e-02   4.3288754e-01  -8.8500750e-03  -2.3894794e-03   1.0861410e-02
  -2.2736342e-02   5.2333429e-01   7.4453086e-01  -1.0757113e-02  -1.2375920e-03   9.7604516e-03
   1.8419213e-02   2.8285470e-01   2.2754426e+00  -1.5454882e-02  -2.2362302e-03   9.4875494e-03
   2.7080450e-02   2.8151918e-01   2.5102690e+00  -2.0045228e-02  -2.7180330e-03   9.7013169e-03
   1.5269280e-02   1.7884373e-01   2.3853021e+00  -1.7835422e-02  -2.3887739e-03   9.4701491e-03
   1.3682414e-02   2.5327408e-01   2.5287024e+00  -1.8301440e-02  -2.3172401e-03   9.2360499e-03
   1.0560566e-02   2.1740109e-01   2.6068394e+00  -1.8414912e-02  -2.4540274e-03   9.3846472e-03
   3.3474532e-02   6.3061842e-02   2.0575682e+00  -1.6314050e-02  -3.4538273e-03   1.0366946e-02
   2.3554024e-02   9.3430207e-02  -5.2814871e-01  -7.4436051e-03  -2.1051627e-03   1.1020125e-02
   2.1979245e-02   2.2175761e-01  -2.4726885e-01  -6.4296442e-03  -1.9452538e-03   1.0756657e-02
   6.5526307e-03   3.7600973e-01   5.7488426e-01  -9.6736707e-03  -1.6649936e-03   1.0222431e-02
   3.2391444e-02   1.5514770e-01   9.5466532e-01  -8.6382720e-03  -3.2968243e-03   9.8622884e-03
   7.6580770e-03   3.4497509e-01   7.5021662e-01  -5.8150906e-03  -2.8163267e-03   1.1718538e-02
  -1.2792909e-02   1.9291620e-01   1.3994513e+00  -1.0872234e-02  -1.7328947e-03   1.1454750e-02
  -6.0370568e-03   2.4382320e-01   1.4607521e+00  -1.6125331e-02  -1.4618666e-03   1.1287921e-02
  -1.5191885e-02   3.0949120e-01   1.4059598e+00  -1.7033044e-02  -1.9087293e-03   1.1557790e-02
   5.6484458e-03   1.7938817e-01   6.4891099e-01  -1.6735662e-02  -2.7009646e-03   1.1769198e-02
   2.3878508e-02   2.0706593e-01  -1.0602422e-01  -1.0610981e-02  -1.5242170e-03   1.2264060e-02
  -7.0343601e-03   3.2620242e-01   4.2255037e-01  -1.0431635e-02  -2.2719929e-03   1.0583936e-02
  -2.2380332e-02   2.5370159e-01   1.0810193e+00  -1.1984588e-02  -2.7960587e-03   1.0078870e-02
  -2.8871391e-02   2.6938044e-01   1.1792684e+00  -1.3170819e-02  -2.5664839e-03   1.0025226e-02
  -1.7998866e-02   2.5245856e-01   1.2100947e+00  -1.2524607e-02  -2.7687322e-03   1.0274081e-02
  -2.2305741e-02   3.3345614e-01   1.2345245e+00  -1.3525429e-02  -2.5782285e-03   1.0214629e-02
  -1.8960761e-02   2.6316840e-01   1.2210500e+00  -1.3799676e-02  -2.5326842e-03   1.0264919e-02
  -1.7267432e-02   2.5365575e-01   1.2178828e+00  -1.3349658e-02  -2.5581977e-03   1.0391207e-02
  -1.9410206e-02   4.3740405e-01   1.2181740e+00  -1.5161700e-02  -2.3863001e-03   1.0097193e-02
