   0.0000000e+00   0.0000000e+00   0.0000000e+00   0.0000000e+00  -4.3368087e-19   0.0000000e+00
  -2.1986506e-02   4.1790984e-02   4.2257696e-02  -1.0597386e-03   1.3644526e-04  -7.0673599e-05
  -1.7236403e-02  -1.1829488e-02   4.0901240e-02  -9.0472924e-04   2.1793126e-04  -4.9929803e-05
  -1.9063459e-02   5.3535990e-02  -7.3154834e-03  -1.9699999e-03   9.7371035e-05   6.4571632e-05
  -1.2209336e-02  -3.1723849e-02   7.1803561e-02  -1.5432303e-03   8.5230623e-06   2.7294416e-04
  -2.0458430e-02   1.0383612e-01   2.3602869e-02  -3.5669287e-03  -5.1804274e-05   1.3482738e-04
  -2.2003295e-02  -2.8893748e-02   9.9304791e-02  -8.3673859e-04   9.3221401e-05   1.3687610e-04
  -8.7420038e-03   3.1978083e-03   9.5701817e-02  -1.3159806e-03  -1.5586664e-04   1.7465245e-04
  -5.8085718e-03   5.4928942e-02   8.2483191e-02  -2.2277564e-03  -7.1809331e-06   3.4947793e-04
  -2.0107873e-02  -1.3335939e-02   5.4570320e-02  -1.1374252e-03   9.4504354e-04  -2.0532640e-04
  -2.2333777e-02  -3.5938923e-02  -2.1214055e-01  -1.3409183e-04   1.4172977e-03  -7.8356835e-04
   2.9547359e-03   2.9676682e-02   9.1950353e-02  -2.8420571e-03   1.0842113e-03   2.5845102e-04
   9.4816382e-03  -9.2823029e-03   1.4399417e-01  -2.7187917e-03   3.7841011e-04   1.2666911e-04
  -1.7279473e-02  -1.7556117e-03   2.4418679e-01  -1.5231700e-03   1.0628123e-03  -3.9197892e-05
   1.4021822e-02   5.6039340e-03   2.4038456e-01  -1.1309356e-03   8.6700367e-05  -8.6312163e-06
   1.0393606e-02  -9.0561868e-02  -4.4987752e-01   1.3766181e-04   5.7097343e-04   4.7262251e-04
   8.8899614e-02  -8.7879709e-01  -6.1165758e+00   2.5563474e-02   4.3686676e-03   6.1440798e-03
   2.3415223e-01  -1.9674569e+00  -1.4260868e+01   4.7972512e-02   7.2741494e-03   1.2238352e-02
   7.6139681e-02  -2.2118545e+00  -1.1601603e+01   1.1715763e-01   1.2523706e-02   4.6073684e-03
   4.5668294e-02  -1.5677389e+00  -9.6630459e+00   9.7002485e-02   1.1916133e-02   3.9213306e-03
   4.5990920e-02  -1.5846260e+00  -9.9979038e+00   8.2640957e-02   1.0543628e-02   6.1724138e-03
   1.6128925e-02  -1.3386278e+00  -9.6004720e+00   7.5157397e-02   1.0148678e-02   6.1410977e-03
   1.2026067e-02  -1.0654448e+00  -9.3335112e+00   7.3273735e-02   9.9498679e-03   6.2046156e-03
   2.0645114e-03  -1.1033726e+00  -9.5419093e+00   6.6066164e-02   9.5379386e-03   7.0795404e-03
   3.1967852e-02  -1.1480411e+00  -9.5715083e+00   6.5541625e-02   9.0427834e-03   7.3510733e-03
   1.9127765e-02  -8.3636176e-01  -9.2778479e+00   6.5532111e-02   9.1551948e-03   7.1051925e-03
   2.1220739e-02  -1.0832205e+00  -9.5485021e+00   6.1166445e-02   9.2157763e-03   9.8200186e-03
   3.8214433e-02  -9.2867699e-01  -9.1492140e+00   5.3213798e-02   7.8045880e-03   1.0078591e-02
   3.0008601e-02  -6.5157680e-01  -9.1700857e+00   5.4228910e-02   7.5386750e-03   9.9786192e-03
   2.1158124e-02  -9.8421099e-01  -9.4223069e+00   5.4142635e-02   7.9267101e-03   1.0112654e-02
   7.7632496e-03  -8.2072156e-01  -9.2066950e+00   5.0641319e-02   7.9796127e-03   1.0266116e-02
   2.4363688e-02  -7.4272679e-01  -9.7350299e+00   5.1066661e-02   7.7429891e-03   1.0682341e-02
   3.0717665e-02  -8.8796130e-01  -9.6971129e+00   5.0357729e-02   7.8166386e-03   1.0584059e-02
   1.9178735e-02  -8.1866193e-01  -9.4195549e+00   4.6856583e-02   7.9297218e-03   1.0721085e-02
   2.1415032e-02  -7.4807328e-01  -9.2109579e+00   4.4914825e-02   7.6267792e-03   1.0703474e-02
   1.7376538e-02  -6.9109341e-01  -8.8304461e+00   4.3212617e-02   7.4595297e-03   1.0368356e-02
   2.3521389e-02  -6.7345453e-01  -8.6291591e+00   4.4277169e-02   7.3333606e-03   1.0410927e-02
   2.1168952e-02  -7.0712724e-01  -8.7259756e+00   4.2728580e-02   7.2906468e-03   1.0471328e-02
  -6.3834384e-03  -7.6086451e-01  -8.8826984e+00   4.4122504e-02   7.9720425e-03   1.0459446e-02
   1.0190290e-01  -3.5645009e+00  -7.3882442e+00   5.4260051e-02   1.4542252e-02   1.4923183e-02
   9.6701467e-02  -1.0936158e+00  -8.8823349e+00   1.2721646e-02   7.5604078e-03   1.3746648e-02
   1.4201549e-02  -7.4263437e-01  -8.3906492e+00   2.0248405e-02   6.7546805e-03   1.1757170e-02
   4.1037578e-03  -6.2720025e-01  -8.1255269e+00   2.0680848e-02   6.5587606e-03   1.1422674e-02
   1.2358250e-02  -8.7896577e-01  -8.1651319e+00   2.2093637e-02   6.0787226e-03   1.2383531e-02
   2.8729502e-02  -7.6249349e-01  -9.1854486e+00   2.4659454e-02   6.1332145e-03   1.3169273e-02
   3.1888414e-02  -7.1157912e-01  -9.1838652e+00   2.4568115e-02   5.9479977e-03   1.2874793e-02
   2.1747352e-02  -8.3750813e-01  -8.9003143e+00   2.4124322e-02   5.8166009e-03   1.3230525e-02
   1.9966592e-02  -6.5422581e-01  -8.7439716e+00   2.3257835e-02   5.9807627e-03   1.3316876e-02
   1.0918781e-02  -5.7399765e-01  -8.6562342e+00   2.1821318e-02   5.9205309e-03   1.3505649e-02
   1.5726943e-02  -6.2639692e-01  -8.1092566e+00   2.2058114e-02   5.8749222e-03   1.3364915e-02
   2.7039317e-02  -5.3449239e-01  -8.3997929e+00   2.1069267e-02   5.4691994e-03   1.3392574e-02
   2.0055529e-02  -5.0668986e-01  -8.0194095e+00   2.1343112e-02   5.6879032e-03   1.3580026e-02
   2.6431668e-02  -4.4772463e-01  -7.8347219e+00   1.9607272e-02   5.4707347e-03   1.3349223e-02
   1.8799876e-02  -5.6108661e-01  -8.0829564e+00   2.1332360e-02   5.4140708e-03   1.3287378e-02
   1.2778725e-02  -3.2505735e-01  -8.0059846e+00   1.7390200e-02   5.4400591e-03   1.3264602e-02
   3.5735344e-03   7.8019198e-03  -5.3191594e+00   1.3391646e-02   4.2531649e-03   1.1853637e-02
   2.5543438e-02  -3.1369228e-01  -5.8465263e+00   1.3588773e-02   4.3271418e-03   1.2591721e-02
   2.2752898e-02  -3.0002363e-01  -6.7508065e+00   1.5571071e-02   4.5038914e-03   1.2508468e-02
   2.2992101e-02  -3.0255677e-01  -6.9268682e+00   1.8042872e-02   4.7721512e-03   1.2830745e-02
   2.3779651e-02  -3.1231945e-01  -6.8492020e+00   1.7475373e-02   4.5198109e-03   1.3044871e-02
   1.5399472e-02  -3.4455315e-01  -6.6529415e+00   1.7247186e-02   4.4250469e-03   1.3161748e-02
   2.4616753e-02  -1.8256947e-01  -6.4362709e+00   1.5390035e-02   4.2288155e-03   1.2978755e-02
   1.9908019e-02  -2.8565301e-01  -6.2541838e+00   1.6263077e-02   4.2811060e-03   1.3094698e-02
   1.6491924e-02  -2.9070802e-01  -6.5931105e+00   1.5907934e-02   4.2454803e-03   1.3030114e-02
   1.7918169e-02  -2.3054291e-01  -6.3304004e+00   1.6607231e-02   4.3565709e-03   1.2964627e-02
   2.1046875e-02  -2.5714083e-01  -6.3046465e+00   1.5524956e-02   4.3346880e-03   1.3076841e-02
   2.5068402e-02  -2.8038349e-01  -6.2969052e+00   1.6076573e-02   4.2004705e-03   1.3033120e-02
   2.2214735e-02  -2.7043886e-01  -6.3158782e+00   1.6118948e-02   4.3061860e-03   1.3102223e-02
   2.0491718e-02  -2.7031452e-01  -6.3001220e+00   1.5876446e-02   4.3089384e-03   1.3022091e-02
   3.1221263e-02  -3.1100915e-01  -6.3684899e+00   1.6541925e-02   4.0192142e-03   1.3076026e-02
   2.1855530e-02  -2.9720519e-01  -6.6593065e+00   1.6194294e-02   4.0882777e-03   1.3121884e-02
   1.6807897e-02  -2.1013298e-01  -6.1525804e+00   1.5600826e-02   4.3250588e-03   1.3127853e-02
   2.0793900e-02  -2.1321453e-01  -6.3377220e+00   1.4753300e-02   3.9151181e-03   1.3145870e-02
   2.0691616e-02  -3.4842223e-01  -6.5992756e+00   1.6972224e-02   4.0994692e-03   1.3283524e-02
   2.3110472e-02  -2.4445058e-01  -6.6386350e+00   1.5686667e-02   4.0155842e-03   1.3362726e-02
   2.1423564e-02  -2.8578773e-01  -6.5016085e+00   1.6636430e-02   4.2279059e-03   1.3002591e-02
   1.7802271e-02  -2.7654650e-01  -6.5890192e+00   1.5514396e-02   4.1380732e-03   1.3022260e-02
   1.8329104e-02  -2.9724713e-01  -6.5872765e+00   1.6730340e-02   4.2421405e-03   1.3135112e-02
   2.3473050e-02  -2.7444171e-01  -6.6907407e+00   1.6715366e-02   3.9533811e-03   1.3221254e-02
   2.1731293e-02  -3.0540183e-01  -6.4415256e+00   1.7268977e-02   3.9232002e-03   1.3403113e-02
   1.7293483e-02  -2.9560123e-01  -6.6051709e+00   1.7374352e-02   3.9853773e-03   1.3146838e-02
   1.8712251e-02  -2.3301807e-01  -6.4002033e+00   1.6811278e-02   3.9390058e-03   1.3216763e-02
   1.5867493e-02  -3.0439721e-01  -6.2215139e+00   1.6921063e-02   4.1156224e-03   1.3580134e-02
   1.6703164e-02  -2.1324323e-01  -6.1706392e+00   1.6002206e-02   4.2209543e-03   1.3409638e-02
   3.4881238e-02  -2.8654464e-01  -6.3720329e+00   1.8232173e-02   4.2168678e-03   1.2942874e-02
   2.7436984e-02  -3.0589957e-01  -6.5447665e+00   1.6796857e-02   4.2255292e-03   1.3046909e-02
   1.5865304e-02  -3.9435537e-01  -7.0685387e+00   1.9214116e-02   4.4084954e-03   1.3295572e-02
   1.9766170e-02  -2.5768427e-01  -6.8739943e+00   1.7164224e-02   3.9221105e-03   1.2800744e-02
   9.2728858e-03  -2.7077030e-01  -7.1233088e+00   1.8725694e-02   4.4883959e-03   1.3310101e-02
   3.3860728e-02  -2.4770136e-01  -6.8272767e+00   1.6872699e-02   3.8582249e-03   1.3009407e-02
  -3.9959051e-02  -3.0406032e-01  -7.1031886e+00   1.9329246e-02   5.8783435e-03   1.2998585e-02
   2.4983714e-02  -3.8130454e-03  -6.0500621e+00   1.0026069e-02   4.9662501e-03   1.6239008e-02
  -4.2578635e-03  -1.7701812e-01  -5.5541018e+00   7.0966185e-03   3.8189374e-03   1.4698696e-02
   2.8226217e-03  -2.8653491e-01  -6.8715773e+00   1.0425795e-02   3.6697784e-03   1.4982062e-02
   1.2382030e-02  -1.1522652e-01  -6.3295981e+00   1.0438627e-02   3.6920446e-03   1.4365408e-02
   1.4603488e-02  -1.7277854e-01  -6.2822924e+00   1.0582323e-02   3.5461843e-03   1.4695368e-02
   1.7173173e-02  -1.4843478e-01  -6.3104211e+00   9.9526706e-03   3.5468857e-03   1.4748700e-02
   1.8735005e-02  -1.0651408e-01  -6.2742227e+00   9.8593559e-03   3.5816491e-03   1.4765018e-02
   2.4353397e-02  -1.5737407e-01  -6.3138241e+00   9.8791805e-03   3.6368753e-03   1.4856337e-02
   1.1741181e-02  -1.1948254e-01  -6.2875621e+00   9.7376619e-03   3.6874972e-03   1.5008003e-02
   1.5047844e-02  -1.4712299e-01  -6.3274292e+00   1.0071723e-02   3.7448420e-03   1.5085445e-02
   1.0891658e-02  -1.0938031e-01  -6.5490476e+00   8.8123174e-03   3.6196977e-03   1.5073262e-02
   7.5003695e-03  -1.8644927e-01  -6.5302172e+00   1.0585979e-02   3.9331049e-03   1.5039392e-02
   1.8005137e-02  -1.3614791e-01  -6.6265510e+00   9.4093781e-03   3.5821502e-03   1.5260732e-02
   1.1101768e-02  -1.6597531e-01  -6.8295382e+00   1.1005521e-02   4.0624059e-03   1.4765986e-02
   1.2548908e-02  -5.1058600e-02  -6.1016474e+00   8.2398391e-03   3.8448606e-03   1.4800429e-02
   5.6974693e-03  -9.0141096e-02  -5.6711452e+00   8.8073501e-03   3.7347614e-03   1.4610891e-02
   1.3246691e-02  -2.8198344e-02  -5.5406772e+00   5.5391162e-03   3.5935833e-03   1.4595744e-02
   6.8531659e-03  -6.4962990e-02  -5.4766912e+00   6.8095053e-03   3.5444850e-03   1.4761294e-02
   7.4721678e-03  -8.3525251e-02  -5.4901527e+00   6.4196177e-03   3.5220794e-03   1.4873108e-02
   2.8897597e-03  -1.4483251e-02  -5.4373551e+00   6.7280961e-03   3.4395645e-03   1.5054374e-02
   8.9245752e-03  -6.3374151e-02  -5.4640363e+00   6.8823646e-03   3.3927724e-03   1.5021573e-02
   6.0094728e-03  -9.9732814e-02  -5.4251328e+00   6.4810114e-03   3.3993915e-03   1.4888943e-02
   7.5535744e-03  -4.9716025e-02  -5.4591877e+00   6.4162450e-03   3.5436701e-03   1.4852605e-02
   2.8832812e-02  -1.3031768e-01  -5.8253663e+00   7.3719082e-03   3.0144878e-03   1.5094535e-02
   1.3968229e-02  -1.6230053e-01  -6.3381067e+00   8.4719408e-03   3.6259090e-03   1.4449513e-02
   1.3363081e-02  -1.2932855e-01  -6.2644528e+00   8.9390679e-03   3.5833578e-03   1.4630173e-02
   6.8473406e-03  -6.5525832e-02  -6.1788895e+00   8.2065398e-03   3.3271562e-03   1.4508138e-02
   1.5796644e-02  -1.6683043e-01  -6.1548362e+00   9.2520351e-03   3.3774628e-03   1.4732904e-02
   1.0891308e-02  -5.1538142e-02  -6.1509287e+00   7.5606046e-03   3.4449307e-03   1.4475581e-02
   9.6400557e-03  -1.1714969e-01  -6.1280379e+00   8.7106068e-03   3.5888707e-03   1.4460983e-02
   6.0616705e-03  -1.1467899e-01  -6.4916175e+00   8.7626951e-03   3.5176678e-03   1.4621489e-02
   7.6277666e-03  -7.3277773e-02  -6.3883277e+00   7.9027088e-03   3.6210359e-03   1.4462331e-02
   1.4111187e-02  -1.3564098e-01  -6.3909292e+00   9.5634879e-03   3.7265396e-03   1.4947732e-02
   7.8505260e-03  -2.1509676e-02  -6.3139357e+00   7.9668808e-03   3.7811962e-03   1.4504515e-02
   1.0632222e-02  -1.1503372e-01  -6.1899301e+00   8.5277628e-03   3.7009462e-03   1.4684329e-02
   1.0424798e-02  -1.2570131e-01  -6.7561768e+00   9.1591297e-03   3.6690041e-03   1.5020856e-02
  -1.4512865e-03   2.5112731e-02  -6.2110806e+00   8.7824659e-03   3.9474226e-03   1.4792339e-02
   5.8928954e-03  -1.4779625e-02  -5.4704289e+00   6.6074694e-03   4.0525030e-03   1.4737073e-02
   7.9160669e-03  -6.2234791e-02  -5.4829920e+00   6.2354689e-03   3.5718460e-03   1.4255499e-02
   1.8222316e-02  -3.3973123e-02  -5.5888344e+00   7.1294696e-03   3.3482298e-03   1.4746051e-02
   1.1085160e-02  -6.9179287e-02  -6.2455505e+00   7.4445128e-03   3.4923759e-03   1.4862406e-02
   1.1866150e-02  -7.7967605e-02  -6.0359021e+00   7.3240194e-03   3.1929598e-03   1.4628584e-02
   1.3428891e-02  -5.0022946e-02  -6.3502800e+00   7.7278597e-03   3.2643146e-03   1.4715220e-02
  -1.2885175e-03  -7.8200831e-02  -6.4237288e+00   8.5362743e-03   3.6298417e-03   1.4575675e-02
   7.8657807e-04  -3.7510643e-02  -6.1120170e+00   7.0498239e-03   3.5720299e-03   1.4644412e-02
   1.0451959e-03   1.9740276e-02  -5.7233652e+00   5.7032384e-03   3.4357593e-03   1.4844180e-02
  -5.7045518e-03  -2.4718053e-02  -5.5500255e+00   6.0865597e-03   3.4260681e-03   1.4726001e-02
   5.5291410e-04  -4.8282166e-02  -5.6792062e+00   6.2433735e-03   3.3915413e-03   1.4746789e-02
   4.7536757e-03  -7.8189236e-02  -5.5570167e+00   6.4674421e-03   3.5281884e-03   1.4652585e-02
   1.4299374e-02  -2.6657420e-03  -5.3053518e+00   5.5814589e-03   3.1626802e-03   1.4736539e-02
   5.1969177e-04  -9.4957437e-02  -5.6841494e+00   7.3854049e-03   3.4866951e-03   1.4924414e-02
   3.9002472e-03  -5.3241329e-02  -5.7432894e+00   5.3715480e-03   3.3782194e-03   1.4836647e-02
  -4.6960446e-03  -7.1169159e-02  -5.7168822e+00   7.1070215e-03   3.3692081e-03   1.4785941e-02
  -3.0490488e-03   2.2179251e-03  -5.6063707e+00   5.9532758e-03   3.2774446e-03   1.4830941e-02
  -7.5047330e-03  -9.9298295e-02  -5.5590146e+00   6.5067312e-03   3.2745244e-03   1.4874204e-02
   3.0785568e-03  -4.7676131e-02  -5.7577794e+00   5.8342092e-03   3.5099678e-03   1.4826213e-02
  -4.5003562e-04  -4.5089783e-02  -5.9765749e+00   6.5926486e-03   3.4768347e-03   1.4638376e-02
   1.9064031e-02  -1.6456628e-01  -6.0572005e+00   7.1591320e-03   3.2155194e-03   1.4615714e-02
  -6.7848191e-03   8.0111012e-03  -5.7855220e+00   7.4037759e-03   3.4200824e-03   1.4890831e-02
   1.7839473e-02  -1.0346889e-02  -5.4026587e+00   6.3666568e-03   3.2110326e-03   1.5454650e-02
   2.0022362e-02  -6.8308535e-02  -5.4328532e+00   5.7913228e-03   2.7649597e-03   1.5192021e-02
   6.7106419e-03  -3.4612264e-02  -5.7936159e+00   5.8888845e-03   3.2119080e-03   1.4966977e-02
   9.5472445e-03  -7.2110310e-02  -5.7161810e+00   7.1329638e-03   3.0847521e-03   1.5159432e-02
   5.0717739e-03   3.2491990e-02  -5.4231764e+00   5.4177877e-03   3.0525577e-03   1.5054967e-02
   1.5538225e-02  -2.5617891e-02  -5.3522407e+00   6.6128605e-03   2.8566208e-03   1.5157487e-02
   1.1493309e-03  -3.5935037e-02  -5.8192616e+00   6.2775454e-03   3.4794942e-03   1.5100046e-02
   1.4858732e-02  -6.0549068e-02  -6.0711918e+00   7.6463082e-03   3.3522928e-03   1.5200345e-02
   1.3454600e-02   2.9204636e-04  -6.1431925e+00   6.5499645e-03   3.2613939e-03   1.5243518e-02
   7.1006929e-03  -6.5843682e-02  -5.8438214e+00   7.9251934e-03   3.3951644e-03   1.5336707e-02
   1.8224624e-02  -6.0690050e-03  -6.2375606e+00   7.6938712e-03   2.9474320e-03   1.5457663e-02
   2.5823951e-02  -8.4031232e-02  -6.3180009e+00   9.7838602e-03   3.2842086e-03   1.5122392e-02
   1.4950078e-02  -8.0949715e-02  -6.4333754e+00   8.3057404e-03   3.1194437e-03   1.4994863e-02
   1.7415014e-02  -2.9925536e-02  -6.1271406e+00   9.2440908e-03   3.3447668e-03   1.5382820e-02
   1.6085346e-02  -2.0142553e-02  -6.2021690e+00   8.0286091e-03   3.2195506e-03   1.4885445e-02
   1.8361416e-02  -8.4122530e-02  -6.2559578e+00   7.8619940e-03   3.3790493e-03   1.5301794e-02
   2.4568573e-02  -1.4269863e-02  -6.0289755e+00   8.5694066e-03   2.9303955e-03   1.5258146e-02
   2.8149123e-03   1.4801618e-02  -5.9359884e+00   6.5585063e-03   3.2405865e-03   1.5064050e-02
   5.2894893e-03   2.6598360e-04  -5.4447926e+00   7.2687985e-03   3.2075773e-03   1.5220143e-02
  -1.1942150e-03   1.1639391e-01  -5.1665042e+00   5.1174152e-03   2.5790094e-03   1.3448783e-02
   9.7035837e-03  -1.3995914e-03  -5.2491586e+00   6.2881515e-03   2.3244989e-03   1.3555079e-02
  -1.9313148e-02   3.2014552e-02  -5.8185676e+00   5.1134933e-03   3.3258450e-03   1.4197631e-02
  -2.7223990e-03  -9.6420297e-02  -6.0460028e+00   7.3884195e-03   3.4935581e-03   1.4561474e-02
  -1.8574498e-02  -1.8837094e-02  -6.0490008e+00   6.5065415e-03   3.5078178e-03   1.4413702e-02
  -1.4367243e-03  -6.0005983e-02  -6.0723097e+00   7.7916524e-03   3.4433773e-03   1.4673669e-02
  -7.5107049e-03   6.2303422e-03  -5.6427678e+00   6.3698423e-03   3.2456381e-03   1.4788571e-02
   3.6309126e-03   4.1049669e-02  -5.2339411e+00   5.9575921e-03   2.9780693e-03   1.4434162e-02
   1.5721067e-02   7.0431756e-03  -5.1694863e+00   5.9782974e-03   2.5229396e-03   1.4260485e-02
   1.5404166e-02  -3.5813526e-02  -5.2949938e+00   5.8479597e-03   2.4952561e-03   1.4492702e-02
   1.1928173e-02  -8.8426700e-02  -5.8413068e+00   7.6482794e-03   3.3966624e-03   1.4538996e-02
  -6.6912205e-04   2.2954855e-02  -5.9007235e+00   6.2977393e-03   3.4807377e-03   1.4597085e-02
   1.4559592e-03  -8.1641496e-02  -5.6291583e+00   7.5052146e-03   3.2580487e-03   1.4694838e-02
  -3.8346012e-03   4.9333734e-02  -5.4378068e+00   7.3685851e-03   3.3261715e-03   1.4676957e-02
  -1.0257813e-03  -4.7486789e-02  -5.7353540e+00   8.0132710e-03   3.4507096e-03   1.4451758e-02
   4.9197971e-03  -1.1459252e-01  -5.8007656e+00   7.8035838e-03   3.4970180e-03   1.4803061e-02
  -1.0422338e-02  -7.3350348e-03  -5.8045384e+00   7.2289254e-03   3.7512749e-03   1.4472217e-02
   1.4156876e-03  -1.4659296e-02  -5.4702625e+00   6.7203485e-03   3.6769384e-03   1.4359491e-02
  -4.0820357e-03  -6.7073668e-03  -5.5132822e+00   5.6482668e-03   3.3860426e-03   1.4400259e-02
