   0.0000000e+00   0.0000000e+00   0.0000000e+00   0.0000000e+00   0.0000000e+00   0.0000000e+00
   1.6465493e-03  -8.9104303e-03   8.2804807e-02   2.4010977e-05   4.4256096e-05  -2.0738478e-04
  -8.5171808e-04  -1.5224500e-02   4.6738679e-02   6.4232003e-04  -5.2737525e-06   4.4275965e-05
   4.2003660e-03  -4.5699899e-03   8.5249844e-02   3.2364560e-04  -2.2195299e-04  -7.2469514e-05
   1.0904001e-03   5.1708932e-03   5.4945608e-02  -3.2037957e-04  -2.2620216e-05   4.2679327e-04
   6.1242652e-03   2.8202470e-05   1.1585288e-01   1.0594547e-04  -2.8707702e-04   3.2939692e-04
   1.8349733e-03   1.5372407e-02   9.7648061e-02  -1.1944205e-03  -5.1162304e-04   6.4815895e-04
   4.6946363e-03  -2.4281192e-02   1.2340472e-01  -8.3995906e-04  -8.5352479e-04   6.9693635e-04
   4.7819346e-03   2.5045979e-02  -2.6213128e-03  -1.1245918e-03  -8.6238605e-04   3.4535593e-04
  -4.0951534e-03  -1.4919524e-02  -7.2100436e-02   2.0444583e-04  -5.8209162e-04   6.0774202e-04
  -1.6290503e-03   2.7085895e-02  -3.5989437e-01   9.5494242e-04  -1.0530988e-03   1.0432056e-03
   1.3392731e-04   4.9871619e-02  -3.1866157e-01   1.4690439e-04  -1.3333114e-03   8.7767613e-04
  -3.0538692e-03   2.7135077e-02  -3.7732106e-01   1.6868832e-03  -1.5030814e-03   1.3534361e-03
  -2.1986405e-03   7.5791231e-03  -3.3962290e-01   6.2358034e-04  -1.6657185e-03   1.4849847e-03
  -1.1294374e-02   3.6798136e-02  -6.1971531e-01   9.2179132e-04  -1.3466523e-03   1.2790988e-03
  -1.8771454e-02   3.9390930e-02   2.1127561e-01  -3.5090672e-04  -1.6887873e-03   1.3702165e-03
  -4.5953537e-03  -1.5332469e-02   6.1685975e-02  -1.4923173e-03  -2.4639429e-03   1.3159225e-03
  -1.1086601e-02  -3.6793111e-02  -3.9308347e-01   1.0400133e-03  -2.1538960e-03   1.6057774e-03
  -9.1556008e-03   2.2327442e-02  -1.1296954e-02  -9.0402381e-04  -2.3448905e-03   1.5394402e-03
  -2.3439077e-03   1.5174518e-02  -2.9118026e-01   2.3317400e-05  -2.4880442e-03   2.0599925e-03
  -9.4168268e-03   4.1245316e-02  -2.6853421e-01  -8.2524103e-04  -2.5750732e-03   1.9300426e-03
  -9.9533679e-03   5.1282494e-02   7.0345309e-02  -7.5674396e-04  -2.5982741e-03   1.7422732e-03
  -7.7742805e-04  -6.9407788e-03   2.7083079e-01  -2.7637539e-03  -2.9037836e-03   1.6861647e-03
  -1.4461044e-02   3.2132169e-02  -4.2928056e-01   2.1755079e-04  -2.5787399e-03   1.9829424e-03
  -1.3109444e-02   5.2766994e-02  -3.7602434e-01   1.1815655e-03  -2.2777490e-03   1.8199300e-03
  -1.5797968e-03   3.8262514e-02  -2.9549351e-01  -9.5119403e-04  -2.6273279e-03   2.1438191e-03
  -1.1166283e-02   3.2888350e-02  -3.3932093e-01   9.4093327e-04  -2.2356757e-03   1.9301070e-03
  -3.5757000e-03   4.5969205e-02  -8.9972166e-01   1.2341171e-03  -2.2354777e-03   2.3777004e-03
  -1.7787560e-02   7.6573995e-02  -4.0830428e-01   5.3569790e-04  -2.6096479e-03   1.9125124e-03
  -3.0034915e-02   3.5080650e-02  -1.1990480e-01   8.2595414e-04  -2.3598149e-03   1.8636206e-03
  -2.8758731e-02   7.9645398e-02  -2.5073073e-01  -3.6989521e-04  -2.6583693e-03   1.9408477e-03
  -1.7310626e-02   5.9448606e-02  -4.2482171e-01   7.3826486e-04  -2.4509243e-03   2.2535289e-03
  -2.4544543e-02   6.1089842e-02  -2.9163960e-01   1.4862958e-04  -2.5637216e-03   1.9198007e-03
  -1.6622593e-02   3.1495636e-02  -1.8697737e-01  -4.9505623e-04  -2.8460128e-03   2.0603770e-03
  -2.0299824e-02   1.0540662e-01   1.3818273e-02  -2.8723239e-03  -2.7542318e-03   2.1732099e-03
  -1.6682015e-02   3.8330537e-02   4.4464887e-01  -3.8449220e-03  -2.9611961e-03   1.8368076e-03
  -1.5619671e-02   2.9671901e-02   4.6349149e-01  -4.7843086e-03  -2.8616974e-03   2.0185450e-03
  -4.1750188e-03  -3.7953298e-02   2.7613531e-02  -2.5970423e-03  -2.9893726e-03   2.4214113e-03
  -1.5534202e-02   7.7432607e-02  -4.9316522e-01  -6.8552335e-04  -2.8474743e-03   2.0866206e-03
  -2.5905791e-02   4.1866583e-02  -2.9783783e-02  -7.5952865e-04  -2.7454994e-03   2.1051388e-03
  -2.3453456e-02   7.2479223e-02   1.4255376e-01  -1.9048130e-03  -3.0936958e-03   2.1007648e-03
  -2.4013470e-02   3.4200812e-02   4.1292033e-02  -1.7779522e-03  -3.0845548e-03   1.7824609e-03
  -1.4830299e-02   4.4010427e-02   9.5458829e-02  -2.6444038e-03  -3.1395039e-03   1.9524588e-03
  -1.6821238e-02   2.7657524e-02   2.2385414e-01  -2.7692984e-03  -3.3206221e-03   1.8613832e-03
  -1.5232329e-02   5.3051889e-02   2.2123230e-01  -3.8719193e-03  -3.0523032e-03   2.0835841e-03
  -1.6464979e-02   7.3026600e-02   3.1460549e-01  -4.4365557e-03  -3.5145082e-03   1.9886927e-03
  -1.5324659e-02   2.2820311e-02   2.3493604e-01  -3.8768903e-03  -3.4450044e-03   2.3293293e-03
  -2.0621448e-02   4.3451113e-02   9.1593684e-02  -2.9519266e-03  -3.5962204e-03   2.0546044e-03
  -2.5192733e-02   5.7881199e-02   1.0835115e-01  -2.8596368e-03  -3.3090682e-03   2.1732320e-03
  -2.0463277e-02   6.1506764e-02   3.2880883e-01  -4.0115930e-03  -3.6815295e-03   2.0498863e-03
  -1.9223548e-02   7.2189179e-02   2.3867751e-01  -5.0187698e-03  -3.5879849e-03   2.0997630e-03
  -1.0252454e-02   8.8047893e-02   3.3905543e-01  -5.8326237e-03  -3.9960809e-03   2.1012451e-03
  -1.3934164e-03   7.5402463e-02   2.2384610e-01  -6.3476236e-03  -3.6769562e-03   2.5064751e-03
   4.6312433e-03   1.0410327e-01   2.8980369e-01  -6.3392230e-03  -4.0645016e-03   2.3756117e-03
   8.6787088e-03   4.7076425e-02  -1.0320387e-02  -5.5489255e-03  -4.0714491e-03   2.6503712e-03
  -1.0332243e-02   1.9689366e-02  -1.1642092e-01  -2.5761260e-03  -4.4683312e-03   2.7966881e-03
  -8.6048258e-03   1.2057302e-01  -7.7100586e-01  -1.5227298e-03  -3.6433124e-03   2.8386927e-03
   9.6093042e-03   1.1559327e-01  -4.1139864e-01  -3.3591702e-03  -4.2597680e-03   3.0978369e-03
  -1.6856065e-02   1.1351772e-01  -4.6341051e-01  -2.8714107e-03  -4.0116077e-03   3.1542598e-03
   2.6881832e-03   1.0658413e-01  -3.7407602e-01  -2.7476297e-03  -4.6504869e-03   3.2555279e-03
  -6.7815506e-03   7.9344244e-02  -5.7194633e-01  -2.9512281e-03  -4.0162373e-03   3.6406013e-03
  -1.5802102e-02   2.1621636e-01  -5.5527713e-01  -3.8076924e-03  -4.3739874e-03   3.2069708e-03
   5.7115835e-03   1.0248168e-01  -4.7924399e-01  -3.9924764e-03  -4.6941078e-03   3.3649063e-03
  -2.7643296e-02   9.7657823e-02  -2.5235015e-01  -4.9745870e-03  -4.0888516e-03   3.4165823e-03
  -2.5018361e-02   1.7243090e-01  -1.4597732e-01  -5.5970313e-03  -4.1049565e-03   3.1953985e-03
  -1.8721149e-02   1.1012621e-01   1.7359744e-01  -5.6211887e-03  -4.2919950e-03   3.2131018e-03
  -9.9395212e-03   1.3145987e-01   3.9043629e-01  -7.6096425e-03  -4.6518162e-03   2.8775385e-03
   4.4560578e-04   9.0768654e-02   3.3511355e-01  -7.3670713e-03  -4.6748637e-03   3.1967918e-03
  -1.3882534e-02   1.1417134e-01   3.3615641e-01  -8.0434191e-03  -4.7500945e-03   3.0274249e-03
  -1.3905178e-02   4.8842493e-02  -3.7670414e-02  -6.7293709e-03  -4.3187621e-03   3.2492027e-03
  -9.8462859e-03   9.2902833e-02  -2.6502068e-02  -6.3272310e-03  -4.4921320e-03   3.3329133e-03
  -1.2306295e-02   8.1156732e-02  -1.6621884e-01  -6.1379455e-03  -4.4931299e-03   3.4615749e-03
  -4.5388918e-03   1.0080206e-01   1.7136178e-02  -4.5542327e-03  -4.6537106e-03   3.5801272e-03
  -1.0305119e-02   1.0974206e-01   3.9053703e-02  -6.4006960e-03  -4.4406454e-03   3.2752554e-03
   1.6357725e-03   7.0965215e-02   1.3705604e-01  -6.0375848e-03  -4.4180910e-03   3.5747009e-03
  -8.8438776e-03   1.5668280e-01   4.5074112e-01  -8.2087295e-03  -4.5846158e-03   2.9530148e-03
  -1.0137802e-02   6.0644952e-02   3.0168774e-01  -6.9438372e-03  -4.6003470e-03   3.0967046e-03
  -2.1833410e-02   1.2238628e-01   5.1846688e-01  -7.9060296e-03  -4.4909713e-03   2.8105851e-03
  -3.0798755e-02   5.1384350e-02   5.1474934e-01  -7.2042177e-03  -4.2075230e-03   2.6878182e-03
  -1.4406904e-02   5.7029719e-02   2.9515396e-01  -8.0295354e-03  -4.5984169e-03   2.9682594e-03
  -2.5400196e-02   6.9038266e-02   4.3667597e-01  -7.1696526e-03  -4.4466769e-03   2.8456464e-03
   9.0318604e-03   9.4251156e-02   4.8471194e-01  -8.5670124e-03  -5.0257125e-03   3.0361459e-03
  -3.6684976e-04   5.1223771e-02   5.3501036e-01  -6.5173665e-03  -2.6564789e-03   4.8689896e-03
   1.6375871e-02   7.3602700e-02   5.3836778e-01  -4.0600726e-03  -6.0626814e-05   7.1287865e-03
   2.2084078e-04   1.1668686e-01   5.1076613e-01  -8.2282701e-03  -4.3125255e-03   3.2207115e-03
  -1.5482451e-02   2.4711852e-02  -2.4885021e-01  -5.7582987e-03  -3.8872962e-03   3.7878959e-03
  -2.5405806e-02   1.0921721e-01   2.0971347e-01  -7.2430598e-03  -4.0609379e-03   3.3407645e-03
  -9.1819658e-03   1.1653219e-01   3.7394364e-01  -7.6509853e-03  -4.2560537e-03   3.3327994e-03
   7.6399387e-04   1.1932732e-01   5.3408521e-01  -8.6902160e-03  -4.5158496e-03   3.5757220e-03
   6.0825249e-03   1.3005096e-01   4.7233847e-01  -9.2704407e-03  -4.6071454e-03   3.1569167e-03
   6.3516739e-03   9.3023486e-02   4.5025365e-01  -8.3773450e-03  -4.9394315e-03   3.3855794e-03
  -5.6424126e-03   9.9703949e-02   1.4754943e-01  -8.6401923e-03  -4.7630835e-03   3.4787068e-03
   2.6754151e-04   8.1459922e-02   2.4856837e-01  -7.0551590e-03  -4.6716997e-03   3.5898302e-03
   8.8089979e-04   9.9349157e-02   4.8736954e-01  -8.5461618e-03  -4.7561015e-03   3.3339357e-03
   1.7046840e-02   8.8187084e-02   3.4104408e-01  -7.3538160e-03  -5.0248371e-03   3.6430383e-03
  -5.5642461e-03   1.0097701e-01  -2.0115062e-02  -6.1754741e-03  -4.8672419e-03   3.5498547e-03
   6.6308260e-03   1.1004449e-01   1.2614331e-01  -7.1123168e-03  -4.9008261e-03   3.4355988e-03
  -3.1661930e-02   1.5581899e-01   2.2162717e-01  -6.3613411e-03  -5.1070791e-03   3.2366480e-03
  -1.5960756e-03   1.2014954e-01   1.7419320e-01  -7.1863767e-03  -5.3075580e-03   3.1997690e-03
   3.7379044e-03   9.6876924e-02   9.9226281e-02  -6.7443129e-03  -4.8810784e-03   3.4520772e-03
   1.0533664e-03   1.7861145e-01   2.0366353e-01  -7.7401247e-03  -5.0950456e-03   3.0487313e-03
   6.0400168e-04   9.2999623e-02   1.7979356e-01  -6.5185682e-03  -5.1206113e-03   3.0663480e-03
   1.3201486e-02   1.3415386e-01   2.1889622e-01  -6.8474923e-03  -5.4485883e-03   3.0501980e-03
  -8.4741337e-04   1.2273143e-01   1.0576054e-01  -6.4935304e-03  -4.9168411e-03   3.4604896e-03
  -2.0807428e-04   1.5270451e-01   1.5839370e-01  -7.1539957e-03  -5.0382100e-03   3.2074644e-03
  -1.2891271e-02   1.1535906e-01   1.4451618e-01  -6.2938174e-03  -4.6056429e-03   3.2329720e-03
   2.0728290e-02   1.4880342e-01   9.0069658e-02  -6.8846301e-03  -5.3289815e-03   3.5502695e-03
   1.2107422e-02   1.4240204e-01   1.5911681e-01  -7.0189465e-03  -5.1860401e-03   2.9752581e-03
   2.2085373e-02   1.3592210e-01   7.2384144e-02  -7.1855837e-03  -5.1951417e-03   3.4450338e-03
   1.1470972e-02   1.5350565e-01   1.5941073e-01  -7.2126774e-03  -5.1925506e-03   3.0272993e-03
   1.8239439e-02   1.6462519e-01   4.0078330e-02  -7.4966577e-03  -5.2217092e-03   3.4485668e-03
   1.1009636e-02   1.5383029e-01   1.5810309e-01  -7.4478595e-03  -5.3780785e-03   3.0583727e-03
   1.9990383e-02   1.5472533e-01  -8.0532666e-03  -7.0377892e-03  -5.4158061e-03   3.5410016e-03
  -3.1451884e-02   1.3691254e-01   1.9238596e-01  -6.8648164e-03  -4.8867648e-03   3.0695496e-03
   1.7796847e-02   1.0954938e-01  -3.9563707e-03  -5.5229702e-03  -5.4877640e-03   3.5162312e-03
   7.7729985e-03   1.6255876e-01   1.7800447e-01  -6.6859409e-03  -5.4497624e-03   3.5008003e-03
   1.8661884e-02   2.6040436e-02   6.3226664e-02  -5.2375843e-03  -5.3195330e-03   3.7824814e-03
   2.7857219e-03   1.4306330e-01   1.8543204e-01  -6.9790832e-03  -5.7064634e-03   3.7449864e-03
   2.2329479e-02   5.9311247e-03   6.6246872e-02  -5.7526810e-03  -5.6737676e-03   3.9513019e-03
   1.3604228e-02   1.3782208e-01   1.9119702e-01  -6.8853500e-03  -5.9189666e-03   3.5089898e-03
   2.4686113e-02   5.9082537e-02   5.8655296e-02  -5.6858686e-03  -5.7132876e-03   3.8660728e-03
   2.4599393e-02   1.2400175e-01   1.4842860e-01  -7.2037165e-03  -6.0886519e-03   3.6168053e-03
   2.6357455e-02   8.0257812e-02   4.8786089e-02  -5.6370295e-03  -5.7410249e-03   3.9035110e-03
   1.9576013e-02   1.5733398e-01   9.5843018e-02  -6.9001022e-03  -5.8177864e-03   3.5746216e-03
   9.2133391e-03   7.3309432e-02   1.1020893e-01  -6.1358662e-03  -5.3884793e-03   3.6232476e-03
   6.4940648e-03   1.6325294e-01   2.1642598e-01  -6.8933990e-03  -5.8069868e-03   3.6607822e-03
   1.0949738e-02   6.9978550e-02   1.8462538e-01  -5.7891728e-03  -5.4834310e-03   3.7019533e-03
   1.8365902e-02   8.5766998e-02   1.7065196e-01  -6.4699899e-03  -5.9285025e-03   3.7199140e-03
   5.5593206e-03   9.0410637e-02   1.8021467e-01  -6.9518712e-03  -5.2382956e-03   3.5815074e-03
   9.7085505e-03   1.1963733e-01   1.9275445e-01  -7.3217503e-03  -5.3497299e-03   3.6954594e-03
  -4.6266567e-03   9.2909421e-02   4.4268815e-01  -6.8640831e-03  -5.5490727e-03   3.2498165e-03
   7.6883590e-03   5.3923279e-02   3.7616380e-01  -6.8891922e-03  -5.6913075e-03   3.4021815e-03
   6.3609032e-03   6.2881316e-02   4.6516969e-01  -7.4139561e-03  -5.7385961e-03   3.3598929e-03
   6.3698204e-04   6.3191831e-02   3.7117534e-01  -7.6914424e-03  -5.1524851e-03   3.3415739e-03
  -8.7023165e-03   5.1214443e-02   4.6595004e-01  -6.9589184e-03  -4.1775396e-03   2.5142994e-03
   4.6958453e-02   9.6299519e-02   5.1570234e-01  -6.1276445e-03  -3.6005366e-03   1.9219464e-03
   1.2795049e-02   6.2187661e-02   9.1730885e-02  -6.1099071e-03  -4.1702910e-03   3.2859367e-03
   1.5355833e-02   1.1504330e-01  -4.8757052e-02  -5.1545565e-03  -4.6768219e-03   3.1842368e-03
   8.2034623e-03   8.8556109e-02   2.0588881e-01  -4.7423903e-03  -4.7939008e-03   3.0140216e-03
   7.2484979e-03   9.2514468e-02   4.2835173e-01  -6.0708779e-03  -5.1529424e-03   2.8056454e-03
   8.7221957e-03   5.4402228e-02   3.9257695e-01  -5.8615924e-03  -5.1329695e-03   2.5420264e-03
   7.9478025e-03   7.3471519e-02   5.0590534e-01  -7.5471894e-03  -5.2129710e-03   2.6832278e-03
   1.6031248e-02   5.0384160e-03   4.5234110e-01  -6.9463370e-03  -5.0161992e-03   2.9380346e-03
   1.5790771e-02   8.4916751e-02   4.7570320e-01  -7.7970538e-03  -5.3926845e-03   2.9646615e-03
   1.6156365e-02   5.5278060e-02   4.2549025e-01  -7.2749256e-03  -4.8931324e-03   2.8858725e-03
   2.1948485e-02   8.4932846e-02   4.8662124e-01  -7.9134506e-03  -5.4201405e-03   2.8832589e-03
   2.3240205e-02   9.1005090e-02   3.6394924e-01  -7.6579446e-03  -5.0716626e-03   3.1559868e-03
   1.4056602e-02   1.2741787e-01   3.3393661e-01  -6.4732157e-03  -5.3417051e-03   2.9316207e-03
   2.1020087e-02   5.4371988e-02   3.7033151e-01  -6.1868271e-03  -5.1516914e-03   3.1363946e-03
   8.0040271e-03   9.4774394e-02   5.7054199e-01  -7.9340641e-03  -5.3289425e-03   3.1969327e-03
   2.6604898e-02   6.4025143e-02   3.8972862e-01  -7.5656097e-03  -5.2272898e-03   3.2384356e-03
   3.0938640e-02   7.1928002e-02   6.1115205e-01  -8.1460549e-03  -5.6834116e-03   2.7745990e-03
   3.5813173e-02   6.6212971e-02   4.0176843e-01  -7.9026341e-03  -5.6497339e-03   3.3895830e-03
   3.2977055e-02   4.8690912e-02   5.4800525e-01  -8.3381668e-03  -5.7175913e-03   3.1200846e-03
   3.4684393e-02   6.2731408e-02   4.7559556e-01  -8.2229893e-03  -5.9426679e-03   3.4696785e-03
   3.4117793e-02   8.4677718e-02   4.7774680e-01  -8.7547015e-03  -5.7068381e-03   3.2849167e-03
   3.5046638e-02   5.8184945e-02   4.8650032e-01  -8.6237401e-03  -5.9850743e-03   3.5682044e-03
   3.2519903e-02   1.0216987e-01   4.8022382e-01  -8.7503869e-03  -5.8745247e-03   3.4583690e-03
   3.4183357e-02   1.8020318e-01   4.7689209e-01  -9.1767963e-03  -6.3088326e-03   3.6167133e-03
  -1.7653722e-02  -1.0032176e-01   1.5867253e-01   5.6181873e-05  -2.7804177e-03   5.2917539e-04
   2.2131015e-02  -3.9868590e-02   1.8123652e-02   1.8932210e-02  -1.6191933e-03  -2.6798546e-03
  -7.9434330e-03  -2.3136689e-01  -2.8489736e-03   1.9410939e-02  -5.6085577e-04  -4.2642397e-03
  -8.9315663e-03  -3.9453703e-01  -7.5090891e-01   2.5029686e-02   9.5508650e-05  -3.8614001e-03
  -9.6054377e-02  -1.4616556e+00  -8.2676947e-01   1.1045098e-01   3.1489767e-03  -1.1665517e-02
   2.0290567e-01  -9.8568374e-01  -1.2055598e-01   1.3936351e-01   7.3491751e-03  -1.2548814e-02
   3.8467986e-01  -1.0026553e+00   1.6231635e-01   1.3020020e-01   6.2751330e-03  -7.0167883e-03
   3.5481677e-01  -9.6642958e-01   2.4605054e-01   1.2584893e-01   7.3729849e-03  -7.4345378e-03
   3.1511343e-01  -9.3784430e-01   2.4309355e-01   1.2422477e-01   6.9145322e-03  -7.8712581e-03
   2.5937837e-01  -8.3257241e-01   3.1275639e-01   1.2116509e-01   6.9542980e-03  -8.5373018e-03
   2.4880267e-01  -9.2725617e-01   2.6740238e-01   1.1856672e-01   6.3911130e-03  -8.2818902e-03
   2.2848937e-01  -6.5138558e-01   2.3955091e-01   1.0875448e-01   3.5518633e-03  -7.5956804e-03
   1.4391645e-01  -4.2191066e-01   1.2888533e-01   8.0731131e-02  -2.3718847e-04  -3.8287983e-03
   1.7616146e-01  -4.2397731e-01   2.3550371e-01   6.5970645e-02  -1.9964548e-03  -2.9434832e-03
   1.8915947e-01  -3.5301331e-01   3.7457303e-01   6.9486119e-02  -1.2791578e-03  -3.2605234e-03
   1.9189588e-01  -3.1654376e-01   5.8427772e-01   6.5360753e-02  -1.3269676e-03  -3.0566597e-03
   2.1692427e-01  -1.6993236e-01   6.3826772e-01   5.0583325e-02  -4.9782010e-03  -3.3848644e-04
   2.0164622e-01  -3.5819960e-01   2.8767309e-01   5.4270884e-02  -4.5329135e-03  -9.1486241e-04
   1.9590187e-01  -2.0158233e-01   2.7351359e-01   5.9741802e-02  -4.0034444e-03  -1.7645130e-03
   1.9006023e-01   6.5271820e-02   1.2081144e-01   4.3371055e-02  -5.1594504e-03  -7.3240228e-04
   1.9260320e-01  -2.0136343e-02   3.1404444e-01   4.6358690e-02  -6.6657523e-03  -5.5276703e-04
   1.6295463e-01  -1.4670460e-01   2.4404100e-01   4.8509663e-02  -5.7033278e-03   1.3217232e-04
   1.5402719e-01   1.8057197e-02   3.3489127e-01   4.2703267e-02  -6.7868175e-03   1.6670323e-03
   1.2943844e-01  -2.8454697e-02   2.8628790e-01   3.0676547e-02  -7.5520282e-03   2.7482186e-03
   1.6523020e-01   2.7966383e-02   4.2604652e-01   2.5730698e-02  -8.8245404e-03   2.7638909e-03
   1.2767415e-01   5.7342792e-02   3.0512228e-01   2.5441560e-02  -8.1795056e-03   3.0281672e-03
   1.3050533e-01   2.4299524e-02   3.4024873e-01   2.4402345e-02  -8.7138083e-03   3.0656315e-03
   1.1302393e-01   3.8248977e-02   3.0772455e-01   2.3990654e-02  -8.4873209e-03   3.3638406e-03
   1.1400177e-01   1.0486674e-01   2.9522393e-01   2.3535630e-02  -8.3670582e-03   3.5496503e-03
