   0.0000000e+00   0.0000000e+00   0.0000000e+00   0.0000000e+00   4.3368087e-19   0.0000000e+00
  -3.0949965e-04  -1.3346728e-01  -1.0001347e+00   2.0608714e-03   4.3906548e-04  -1.6156910e-04
  -5.9588290e-02  -5.3070362e-01  -1.2290745e+00   6.5507101e-02   1.8615568e-03  -9.2137206e-03
  -5.6919443e-02  -5.4953001e-01  -1.2307644e+00   6.5261433e-02   1.9553165e-03  -9.4757912e-03
  -8.4560605e-02  -4.8629798e-01  -1.1481826e+00   6.2571565e-02   2.1758222e-03  -9.0514110e-03
  -7.8891176e-02  -3.6360441e-01  -1.1376043e+00   5.3871717e-02   2.0539258e-03  -8.0950454e-03
  -1.1867488e-01  -6.6787115e-01  -7.1902525e-01   6.9794547e-02   2.4531251e-03  -1.1135670e-02
  -7.1697365e-02  -1.6284773e+00  -1.8503640e-01   1.4010267e-01   9.8795799e-04  -7.5911081e-03
  -2.3908053e-02  -2.6776200e-01   1.1977676e+00   2.9373675e-02   1.2351213e-02  -4.2275393e-03
   2.5961135e-02  -3.9784474e-01   5.3495248e-01   2.4731045e-02   9.9722425e-03  -5.3885981e-03
   5.2598668e-03  -2.6537245e-01   3.9007851e-01   2.4725352e-02   9.3333798e-03  -5.2770975e-03
  -5.9129300e-02  -2.2563735e-01   2.8937069e-01   2.1117783e-02   8.6979727e-03  -5.0452905e-03
  -5.7129852e-02  -1.9943502e-01   2.8062591e-01   1.9941604e-02   7.5309190e-03  -4.4531201e-03
  -5.4632722e-02  -1.7224938e-01   2.9738139e-01   1.8857304e-02   6.8933103e-03  -4.5721170e-03
  -5.3192895e-02  -3.9787645e-02   7.2241694e-01   1.6592367e-02   4.7660549e-03  -3.1570658e-03
  -8.5402189e-02   3.0543300e-02   5.6954136e-01   1.1300282e-02   3.7763423e-03  -4.0330788e-03
  -1.0719997e-01   1.2097533e-02   8.6649414e-01   9.9638676e-03   2.6332861e-03  -4.3792057e-03
  -1.5600275e-01   3.0100646e-03   1.1086553e+00   7.3636321e-03   2.7118814e-03  -5.5980643e-03
  -1.8877897e-01   5.2076407e-02   2.0124377e+00   9.8251803e-03   1.8249237e-03  -3.7980084e-03
  -1.2044984e-01   3.0541274e-02   3.6904048e+00   9.0114943e-03   2.3248324e-03  -4.5261891e-03
  -1.1855016e-01   6.9481825e-02   3.6879963e+00   8.2360231e-03   3.1399127e-03  -4.9053244e-03
  -1.3114666e-01  -1.2768709e-01   2.8050389e+00   1.2522514e-02   3.3911005e-03  -5.0912961e-03
  -1.5195012e-01  -7.4355441e-02   1.4328642e+00   1.3607005e-02   4.2023499e-03  -4.0381381e-03
  -9.9091497e-02  -4.5680132e-02   1.1859705e+00   1.1793854e-02   2.3609824e-03  -3.4812743e-03
  -1.1332028e-01   6.2847613e-02   1.4062148e+00   1.2397568e-02   2.5006609e-03  -2.9802582e-03
  -1.1628382e-01  -5.6708340e-02   1.7035982e+00   1.5555590e-02   9.7303106e-04  -3.0409049e-03
  -1.3570108e-01  -9.7097334e-02  -1.9688418e-01   2.1217170e-02   3.0200291e-03  -2.6891361e-03
  -1.1597581e-01  -1.1885020e-01   2.4223636e-01   2.0669967e-02   2.9612917e-03  -3.0993795e-03
  -1.0426420e-01  -9.7590225e-02   1.9936791e-01   1.9052170e-02   2.2970524e-03  -2.7781488e-03
  -1.1369512e-01  -9.0286396e-02   2.7434245e-01   1.9843640e-02   2.6202076e-03  -2.7625278e-03
  -1.1747531e-01  -2.1110413e-02   2.7150633e-01   1.8677310e-02   2.1287418e-03  -2.4943397e-03
  -1.3968829e-01  -6.8794738e-03   3.3497415e-01   1.8459069e-02   2.3141781e-03  -3.1263319e-03
  -1.4315986e-01   6.0786059e-02   6.5677600e-01   1.6781594e-02   2.7201298e-03  -3.0723154e-03
  -1.2807094e-01   1.2035552e-01   2.5784518e+00   1.1133934e-02   2.1116684e-03  -3.9192998e-03
  -1.0724944e-01   7.8755394e-02   1.4121927e+00   1.5871342e-02   2.1956599e-03  -3.0336058e-03
  -1.2974513e-01   4.9683499e-02   1.4175561e+00   1.6348813e-02   2.4298280e-03  -3.2897257e-03
  -1.1964764e-01   4.8644968e-02   1.7831858e+00   1.5144382e-02   1.7677505e-03  -3.0287495e-03
  -1.2550685e-01   1.2005307e-01   1.6123631e+00   1.5960858e-02   1.6844147e-03  -2.9544478e-03
  -1.1480225e-01   6.7947113e-02   1.5880260e+00   1.4868775e-02   1.2795691e-03  -2.8220320e-03
  -1.2074970e-01   5.1577235e-02   1.7607670e+00   1.5553807e-02   1.6738490e-03  -3.0978756e-03
  -1.3604486e-01   1.0644987e-01   1.6147270e+00   1.4980198e-02   2.0769561e-03  -3.5328224e-03
  -1.4382131e-01   5.6134453e-02   1.8729604e+00   1.6870838e-02   1.7168475e-03  -3.3076146e-03
  -1.3205930e-01   1.1996010e-01   1.9779311e+00   1.3027041e-02   5.7402255e-04  -2.7200095e-03
  -1.2420455e-01   5.2874599e-02   2.0187613e+00   1.0751613e-02   4.8252962e-04  -2.7584485e-03
  -1.1490228e-01   1.0081262e-01   2.0009452e+00   1.2284966e-02   1.4973826e-03  -1.9284465e-03
  -1.2233859e-01   6.5002544e-02   1.8948220e+00   1.2700287e-02   1.4929156e-03  -1.7939321e-03
  -1.0890754e-01   2.2998441e-03   1.5758933e+00   1.5892468e-02   1.1628388e-03  -2.1371958e-03
  -1.3435840e-01   9.3281792e-02   1.7417525e+00   1.4851145e-02   1.4842442e-03  -2.1066447e-03
  -1.2117207e-01   9.0110006e-02   1.9454292e+00   1.4757259e-02   9.4324431e-04  -1.8802501e-03
  -1.2057352e-01   4.6200747e-02   2.1619401e+00   1.3337531e-02   7.9968367e-04  -1.9478550e-03
  -1.0499987e-01   6.7560727e-02   2.1992790e+00   1.3979956e-02   6.0436129e-04  -1.7155141e-03
  -1.2439086e-01   6.7137835e-02   1.5479760e+00   1.4669446e-02   1.2669453e-03  -2.4785603e-03
  -1.1793796e-01  -9.9023112e-03   1.7491444e+00   1.6211852e-02   1.0397464e-03  -2.6555447e-03
  -1.4683806e-01   1.2564541e-01   2.0333704e+00   1.4529533e-02   1.2733934e-03  -2.6307088e-03
  -1.2059835e-01   8.9838422e-02   2.1852027e+00   1.3052644e-02   1.8748028e-04  -2.0869638e-03
  -1.2190736e-01   9.7055878e-02   2.3076382e+00   8.8235702e-03  -2.3929593e-04  -2.3599131e-03
  -1.3461909e-01   4.4548888e-02   2.0635244e+00   1.3964496e-02   8.1925018e-04  -2.6003410e-03
  -1.3368280e-01   1.0900573e-01   1.9327235e+00   1.3421797e-02   7.6068609e-04  -2.5085075e-03
  -1.2013147e-01   9.2047577e-03   1.6930027e+00   1.4572150e-02   8.5376011e-04  -2.0738881e-03
  -1.2836254e-01   8.7372591e-02   1.2508133e+00   1.4845392e-02   5.9886122e-04  -2.3406021e-03
  -1.3997660e-01   1.2013860e-01   1.8907928e+00   1.5666272e-02   4.4855515e-04  -2.2665029e-03
  -1.2762834e-01   1.2071994e-01   2.1896616e+00   1.3982469e-02   4.1427843e-05  -2.3131606e-03
  -1.2722130e-01   1.0999767e-01   2.2879748e+00   1.2482160e-02   2.4495966e-04  -2.5828412e-03
  -1.1710595e-01   9.1999336e-02   2.3425890e+00   1.1069004e-02  -1.2545813e-04  -2.3951107e-03
  -1.2481138e-01   1.6065288e-01   2.3873261e+00   6.7651742e-03  -1.6556234e-04  -2.2801808e-03
  -1.1097968e-01   1.3536834e-01   2.3924652e+00   5.6786576e-03  -7.0918775e-04  -1.6046888e-03
  -1.1518480e-01   5.7774857e-02   2.2529008e+00   8.1180332e-03  -5.0322818e-04  -2.1986207e-03
  -1.2478206e-01   1.0521861e-01   1.8856036e+00   1.2329246e-02   7.5287318e-05  -2.3637166e-03
  -1.2023458e-01   8.8494395e-02   1.6343285e+00   1.3036982e-02   1.8860562e-04  -2.4930646e-03
  -1.1662110e-01   1.2380253e-01   1.8261237e+00   1.3746640e-02  -9.6298369e-05  -2.3118999e-03
  -1.2499420e-01   1.9412876e-01   2.1900267e+00   1.2795865e-02   2.8761448e-04  -2.5703256e-03
  -1.0636191e-01   6.3072291e-02   1.8905738e+00   1.4632687e-02   8.1715706e-05  -2.2584341e-03
  -1.3007565e-01   1.1801810e-01   1.9416935e+00   1.3938479e-02   3.0334709e-04  -2.5922235e-03
  -1.0277736e-01   1.2801979e-01   2.1565819e+00   1.1884108e-02  -5.5804438e-04  -1.7875183e-03
  -1.0563091e-01   1.4377399e-01   2.3641065e+00   6.0408502e-03  -9.5906789e-04  -1.4960529e-03
  -9.6034228e-02   5.5985428e-02   2.1984057e+00   8.4863692e-03  -1.1409758e-03  -1.5157979e-03
  -1.2376048e-01   1.2281669e-01   2.0462579e+00   9.8019972e-03  -3.0928397e-04  -1.9824983e-03
  -1.2052493e-01   8.9966221e-02   2.1055399e+00   1.1506055e-02  -2.2117531e-04  -1.8571448e-03
  -1.2396714e-01   1.4510771e-01   2.2278295e+00   1.0632558e-02  -2.8170717e-04  -2.0200571e-03
  -1.1768843e-01   1.3231915e-01   2.3323279e+00   8.0495770e-03  -6.3628739e-04  -1.5502884e-03
  -1.0541032e-01   1.8020244e-01   2.3401474e+00   6.0329857e-03  -1.0344497e-03  -1.3011165e-03
  -1.2497391e-01   9.1671064e-02   2.1950684e+00   8.7905211e-03  -3.8969880e-04  -1.9818091e-03
  -1.1840444e-01   1.0736169e-01   2.2689989e+00   9.8567362e-03  -4.4222828e-04  -1.9417374e-03
  -1.1281505e-01   1.3165833e-01   2.4459151e+00   7.0720323e-03  -9.6223464e-04  -1.6692432e-03
  -9.5608967e-02   1.2283555e-01   2.4265901e+00   5.7772357e-03  -1.7754724e-03  -9.4877787e-04
  -1.1282817e-01   1.4669656e-01   2.4561929e+00   4.8203117e-03  -1.5690001e-03  -1.1953023e-03
  -1.0658915e-01   9.5289890e-02   2.3336695e+00   6.2839424e-03  -1.6534627e-03  -9.0735780e-04
  -1.1062083e-01   1.2893866e-01   1.8669839e+00   8.8911777e-03  -1.0958693e-03  -1.0920015e-03
  -1.1678518e-01   7.6808327e-02   1.7041741e+00   1.1986486e-02  -8.2621025e-04  -1.1012302e-03
  -1.2936285e-01   1.4073717e-01   1.8983443e+00   9.8928735e-03  -1.2363441e-03  -1.3703622e-03
  -1.1118681e-01   8.0682836e-02   1.5424091e+00   1.1080611e-02  -1.3956279e-03  -1.2270244e-03
  -1.0603398e-01   1.2456533e-01   1.7128556e+00   8.1230086e-03  -1.9744769e-03  -1.0761662e-03
  -8.7709670e-02   1.2113560e-01   1.6592444e+00   6.8309091e-03  -2.1684699e-03  -8.5695012e-04
  -1.0785479e-01   1.3780901e-01   1.7040784e+00   5.7896404e-03  -2.0194961e-03  -1.0023131e-03
  -9.4381230e-02   1.4982760e-01   1.6415797e+00   5.3823080e-03  -2.0288558e-03  -6.6625205e-04
  -1.1074501e-01   1.5185115e-01   1.6955924e+00   4.9327360e-03  -1.8228747e-03  -9.9521352e-04
  -9.5412599e-02   1.4478757e-01   1.6597072e+00   4.6414333e-03  -2.2722619e-03  -7.3359593e-04
  -1.0809603e-01   2.3026849e-01   1.7017109e+00   3.6065771e-03  -2.1938795e-03  -1.3414286e-03
  -1.0103206e-01   1.3770622e-01   1.6476952e+00   5.0886377e-03  -2.3840355e-03  -9.9514104e-04
  -1.1486607e-01   2.4689570e-01   2.0668326e+00   3.8129625e-03  -2.0678680e-03  -8.7501397e-04
  -9.4265647e-02   1.9313134e-01   2.2568016e+00   3.7653918e-03  -2.4860195e-03  -4.4741158e-04
  -1.0739155e-01   2.2504833e-01   2.3476732e+00   1.4641545e-03  -2.4568395e-03  -1.0336812e-03
  -8.7366797e-02   1.3960526e-01   2.2978472e+00   2.9257448e-03  -2.5590567e-03  -5.4546881e-04
  -1.0576496e-01   2.0013292e-01   2.1830224e+00   2.6026065e-03  -2.1101012e-03  -7.3348155e-04
  -1.0425559e-01   1.2837091e-01   2.1853820e+00   4.6464698e-03  -2.2615870e-03  -4.2522215e-04
  -6.6935807e-02   2.0377708e-01   2.3932365e+00   2.8433933e-03  -2.5974712e-03   1.8120174e-04
  -8.4033822e-02   1.3038526e-01   2.4067851e+00   2.1012130e-03  -2.8380850e-03  -2.1802968e-04
  -1.0301850e-01   1.6338458e-01   2.4136293e+00   1.1310202e-03  -2.7915246e-03  -6.1706170e-04
  -9.9436248e-02   1.8056971e-01   2.4121817e+00   9.6377656e-04  -3.0167705e-03  -3.9821816e-04
  -8.8351650e-02   1.1074313e-01   2.3989643e+00   1.1215284e-03  -3.0263710e-03  -5.3140824e-04
  -8.3811149e-02   1.9691248e-01   2.4327294e+00   2.9337233e-04  -3.1368210e-03  -4.7458046e-04
  -8.2990937e-02   1.5857816e-01   2.3835862e+00   7.2847859e-04  -2.9814599e-03  -4.8960732e-04
  -8.4208943e-02   1.6492568e-01   2.4389055e+00   1.4620935e-04  -3.2110132e-03  -6.0059685e-04
  -7.7861523e-02   1.9010180e-01   2.3583550e+00  -1.1999158e-04  -3.0964026e-03  -4.2115885e-04
  -8.6511449e-02   2.1708346e-01   2.4251156e+00  -2.2228997e-05  -3.0844169e-03  -5.5839231e-04
  -7.7377483e-02   1.7864179e-01   2.3492977e+00  -1.6473612e-04  -3.1735922e-03  -4.5130696e-04
  -8.3408889e-02   2.3109783e-01   2.4173822e+00  -4.2567805e-05  -3.0524089e-03  -6.6302315e-04
  -7.0320058e-02   1.8764814e-01   2.3515379e+00   6.2912168e-04  -3.2834403e-03  -2.7629434e-04
  -8.3063290e-02   2.3775844e-01   2.4110249e+00  -5.8353953e-04  -3.0405369e-03  -7.0291219e-04
  -6.7543581e-02   1.8405480e-01   2.3755481e+00   5.3834212e-04  -3.3244796e-03  -3.3680260e-04
  -7.3077392e-02   2.2388538e-01   2.3981661e+00  -3.4198008e-04  -3.0743266e-03  -6.0899413e-04
  -6.4707404e-02   2.0998360e-01   2.3805836e+00   1.1383197e-04  -3.2605879e-03  -3.2155033e-04
  -6.8649537e-02   2.0059245e-01   2.3749724e+00  -3.5936031e-04  -3.0346617e-03  -3.2743801e-04
  -6.0034540e-02   1.8281618e-01   2.3370647e+00   1.1488928e-04  -3.2272479e-03  -1.6705386e-04
  -6.8178065e-02   2.4771373e-01   2.4263532e+00  -7.4122910e-04  -3.0903723e-03  -6.1990074e-05
  -5.4580956e-02   1.6523447e-01   2.3270535e+00  -1.6835215e-04  -3.2218308e-03  -1.6602894e-04
  -5.8456972e-02   2.1498546e-01   2.3926479e+00  -7.0874177e-04  -3.4596434e-03  -1.5536999e-04
  -6.4294117e-02   2.1784896e-01   2.3346443e+00  -6.6975665e-04  -3.2135394e-03  -2.2520000e-04
  -5.6713692e-02   2.1577670e-01   2.3747913e+00  -5.9291315e-04  -3.5729623e-03  -1.2851553e-04
  -5.6942718e-02   1.9029178e-01   2.3286177e+00  -1.0732090e-04  -3.4722231e-03  -2.5903483e-04
  -5.2255283e-02   2.3451504e-01   2.3425385e+00   2.2656673e-05  -3.5443678e-03  -4.0109788e-05
  -5.7007047e-02   1.9803153e-01   2.3465509e+00  -2.7413012e-04  -3.4893817e-03  -3.1331962e-05
  -6.4930632e-02   2.2247336e-01   2.4209667e+00  -7.3392779e-05  -3.4733978e-03  -1.6463519e-04
  -6.3229042e-02   1.9773598e-01   2.3670280e+00  -2.2780872e-04  -3.3996532e-03  -2.1150642e-04
  -5.8258948e-02   1.8505045e-01   2.3926546e+00  -6.1465784e-04  -3.5124748e-03  -2.7714557e-04
  -6.4443306e-02   1.7903183e-01   2.3788431e+00  -8.5394542e-04  -3.3637262e-03  -1.8272901e-04
  -6.3671384e-02   2.3717011e-01   2.3976877e+00  -2.2747587e-03  -3.5116280e-03  -2.3366997e-04
  -5.8926004e-02   1.8372363e-01   2.4075085e+00  -1.3114119e-03  -3.4812202e-03  -2.3054754e-04
  -5.3711375e-02   2.2162401e-01   2.3695957e+00  -1.9756704e-03  -3.5831859e-03  -1.5858765e-04
  -5.8655813e-02   1.8801134e-01   2.4214873e+00  -1.9373376e-03  -3.5745035e-03  -2.3679995e-04
  -4.3855628e-02   1.8397200e-01   2.3970853e+00  -2.6878148e-03  -4.0487046e-03  -1.4330809e-05
  -6.4866088e-02   1.6520942e-01   2.4446973e+00  -2.1982374e-03  -3.5311469e-03  -4.1517817e-04
  -6.5021615e-02   1.1755524e-01   2.2678899e+00  -1.5715044e-03  -3.4292847e-03  -2.2803705e-04
  -1.0600597e-01   1.8824814e-01   1.9285684e+00  -2.7441184e-04  -2.1396779e-03  -6.4270669e-04
  -9.0390497e-02   1.7279381e-01   2.0482496e+00   1.6624099e-03  -3.0785214e-03  -1.2942962e-04
  -1.0495580e-01   2.0245316e-01   2.2947939e+00   6.0655612e-04  -3.3691447e-03  -7.5836983e-05
  -8.3571373e-02   1.4032865e-01   2.1963979e+00   6.1395002e-04  -3.0696744e-03  -1.7549345e-04
  -9.1091869e-02   1.8013107e-01   2.3465631e+00   2.7101923e-04  -3.4077860e-03  -5.7697666e-05
  -7.0363760e-02   1.1830467e-01   2.3469393e+00   8.2666707e-04  -3.4424523e-03   1.1897271e-04
  -8.1591848e-02   2.1765701e-01   2.4310264e+00  -5.2638356e-04  -3.3420408e-03  -2.1368777e-04
  -9.5092008e-02   1.4046209e-01   2.3391032e+00   1.5290493e-03  -3.0563836e-03   2.1632648e-04
  -1.0144951e-01   1.9858063e-01   2.3971478e+00   2.3183726e-03  -2.8736028e-03   3.7828151e-04
  -8.2760027e-02   1.4084846e-01   2.4380935e+00   6.7697929e-04  -3.1435641e-03   1.9587923e-04
  -7.1022791e-02   1.8660428e-01   2.4728411e+00   1.3324663e-05  -3.4772448e-03   6.5794100e-05
  -6.9000872e-02   1.6146174e-01   2.4074061e+00  -4.0329474e-04  -3.2666508e-03   1.3004497e-04
  -7.1957377e-02   1.9093678e-01   2.4785960e+00  -4.3831173e-04  -3.3211269e-03  -4.2135647e-05
  -7.5120375e-02   1.4984648e-01   2.3957276e+00   3.5759420e-04  -3.2802792e-03  -2.0250960e-05
  -9.7023546e-02   2.2212631e-01   2.3362999e+00   7.6896910e-05  -3.0232573e-03  -1.5452683e-04
  -8.6498474e-02   1.6625469e-01   2.4109374e+00   6.9013471e-04  -3.5122711e-03   9.0622825e-05
  -8.2124912e-02   2.1429241e-01   2.4540518e+00  -5.9941745e-04  -3.4187882e-03  -6.4760525e-05
  -8.0695884e-02   1.9198794e-01   2.4269059e+00   2.5277661e-04  -3.2898424e-03  -6.5697087e-06
  -6.8033791e-02   1.9321658e-01   2.4556734e+00  -3.2623613e-04  -3.6217305e-03  -9.2984513e-05
  -7.4397884e-02   1.8869518e-01   2.3586653e+00  -2.3522805e-04  -3.3674758e-03  -3.1048058e-05
  -9.8787688e-02   1.7063943e-01   1.7873844e+00   2.9232334e-03  -2.0363076e-03   1.0704836e-04
  -8.5021008e-02   1.6370024e-01   1.9715949e+00   5.5342285e-03  -2.4798431e-03  -1.3164964e-04
  -9.2695481e-02   2.0913042e-01   2.3225751e+00   2.3851378e-03  -3.0114447e-03   1.2525283e-04
  -7.8577400e-02   1.6348243e-01   2.3115149e+00   1.3292056e-03  -3.2881866e-03   8.9087587e-05
  -9.3861898e-02   1.9263803e-01   2.3881065e+00   8.5223169e-04  -3.1793896e-03   1.2113119e-06
  -7.6658633e-02   1.3100195e-01   2.2947726e+00   1.2908670e-03  -3.3483408e-03  -6.3663062e-05
  -7.9275364e-02   1.8068568e-01   2.3496320e+00   8.1728429e-04  -3.4678384e-03  -1.2045359e-04
  -7.5775355e-02   1.4861832e-01   2.2979530e+00   1.0015922e-03  -3.2791443e-03  -6.7057669e-05
  -7.9018060e-02   2.0079401e-01   2.3333881e+00   3.5493645e-04  -3.4565980e-03   2.6306967e-05
  -8.2689006e-02   1.7631961e-01   2.3216021e+00   1.0192612e-03  -3.1146518e-03  -4.6676601e-05
  -7.1966435e-02   2.0128315e-01   2.3081606e+00   7.6692265e-04  -3.2628921e-03   1.9739548e-04
  -6.6914203e-02   1.8145457e-01   2.2870549e+00   1.0196330e-03  -3.1111983e-03   5.3645144e-05
  -7.8949140e-02   2.0075601e-01   2.3266778e+00   1.2338079e-03  -3.2692136e-03   2.6694595e-04
  -9.5752496e-02   2.0526642e-01   2.3115477e+00   6.1431360e-04  -3.2895503e-03   6.3789036e-05
  -8.5462298e-02   1.6125250e-01   2.4047346e+00   1.1696729e-03  -3.2128070e-03   4.8702846e-04
  -8.2413917e-02   1.6554467e-01   2.4505302e+00   1.5798542e-03  -2.4998766e-03   1.0865954e-03
  -6.3926934e-02   1.9693587e-01   2.4358788e+00   2.8898393e-04  -3.4388731e-03   2.1992605e-04
  -6.1383889e-02   1.4881304e-01   2.3736899e+00   5.2149019e-04  -3.2501167e-03   1.0616779e-04
  -7.1614150e-02   1.9919600e-01   2.4311522e+00  -2.7917680e-05  -3.3090146e-03   2.7282576e-04
  -6.6639755e-02   1.5699189e-01   2.3740257e+00   5.4001041e-04  -3.0843526e-03   1.3449807e-04
  -7.5258453e-02   2.1435443e-01   2.4457774e+00  -1.5973453e-04  -3.5120353e-03  -6.0222385e-05
  -6.3868676e-02   1.6100435e-01   2.3489873e+00   2.2118703e-04  -3.4290873e-03   1.7395847e-04
  -6.9525688e-02   2.0983014e-01   2.4091827e+00  -2.1635895e-04  -3.5970307e-03   2.3492534e-04
  -6.2980785e-02   2.0126351e-01   2.3647872e+00  -3.2002582e-04  -3.5682232e-03   2.3403591e-04
  -5.2291007e-02   1.6228348e-01   2.3256258e+00   2.6683695e-04  -3.6321106e-03   3.5335050e-04
