   0.0000000e+00   0.0000000e+00   0.0000000e+00   0.0000000e+00   0.0000000e+00   0.0000000e+00
  -3.6966430e-03  -1.2003552e-02   4.9576842e-02   2.4845651e-04   1.4102738e-04  -1.2505063e-04
  -1.5968349e-02   4.7646177e-02   3.0114422e-02  -1.9764066e-04  -4.0817928e-05   1.6410606e-04
  -1.6570411e-02   2.2289587e-02   6.9139690e-02   8.2697462e-05  -3.3844445e-04   4.0665965e-04
  -9.2628685e-03   3.0595403e-02   5.6252413e-02  -7.4813826e-04  -4.5376427e-04   7.3827811e-04
  -2.4462175e-03   8.0400056e-02   1.1183139e-01  -2.1511395e-03  -6.8901428e-04   3.0150982e-04
  -2.4797592e-04   3.9692141e-03   1.5140052e-01  -1.3945860e-03  -5.3481649e-04   7.2241070e-04
   2.5162948e-03   1.2496956e-01   1.7174618e-01  -5.1259866e-03  -5.4458518e-04   6.9978827e-04
  -2.4684815e-04   6.8626017e-02   2.7244451e-01  -9.5022252e-03  -9.0536034e-04   1.6414143e-03
  -7.2570658e-03   1.5626693e-01   2.6388496e-01  -1.0043827e-02  -5.3074141e-04   1.3593360e-03
   7.6978814e-04   6.0530653e-02   2.5272643e-01  -5.8193100e-03  -1.0730379e-03   1.1911450e-03
  -1.0032141e-02   5.4753951e-02   4.8941291e-02  -6.2709798e-04  -2.5380683e-04   8.0348290e-04
  -6.1415377e-03   8.7255958e-02   1.3273894e-01  -3.1933560e-03  -6.1617797e-04   7.8841168e-04
  -6.3991659e-03   1.0092035e-01   1.1984154e-01  -2.9088924e-03  -6.1490537e-04   1.3034888e-03
  -2.8023333e-02   9.1025585e-02  -2.6403642e-01  -9.4745327e-03  -4.1857063e-05   1.7592435e-03
  -1.2453304e-03   2.3858232e-02  -1.0329003e+00  -1.4684068e-03  -5.7703923e-04   1.1157099e-03
  -3.2665782e-02  -4.1075762e-01  -4.3755404e+00   5.4204403e-03  -1.4997036e-03   1.7592136e-03
  -1.7807759e-01   3.2561003e-01  -3.6284373e+00   2.2898140e-03  -8.6611565e-04  -9.9034689e-04
  -1.8357682e-01  -1.5836227e-01  -5.2629466e+00   5.0103018e-03  -9.3810305e-04   1.9044572e-03
  -2.4336898e-01   6.4191964e-02  -5.6622074e+00   3.5104544e-03  -5.7819187e-04   1.7329398e-03
  -2.3888294e-01  -6.7429451e-02  -5.9433985e+00   4.8702670e-03  -4.8167251e-04   1.4920701e-03
  -2.5827919e-01  -2.7067960e-02  -5.9574216e+00   4.8807439e-03  -6.8255396e-04   1.4573795e-03
  -2.6318958e-01   1.6983084e-01  -6.1825165e+00   1.8909831e-03  -7.2076658e-05   1.3044044e-03
  -2.9372420e-01   4.0568435e-02  -6.4097406e+00   6.8300712e-04   1.5357259e-03   6.8085581e-04
  -2.8555052e-01   1.9232674e-02  -6.1138457e+00   5.9138317e-03   1.0938131e-03   3.2484464e-04
  -2.8422178e-01   1.2892066e-01  -6.1889967e+00   7.4282862e-03   6.4374946e-04   5.5127403e-04
  -2.6945740e-01  -9.1120647e-02  -6.1603379e+00   9.1412207e-03   8.4823828e-04   1.1751193e-03
  -2.6351505e-01  -1.5064294e-02  -6.0266707e+00   8.3298867e-03   1.4727045e-03   8.2214445e-04
  -2.6638024e-01   2.5551085e-01  -5.3575706e+00   8.3717032e-03   1.3594265e-03   8.7203200e-04
  -2.4498211e-01   4.1474102e-03  -5.5348178e+00   8.4640547e-03   8.4961798e-04   5.3103115e-04
  -2.4855659e-01  -2.6478356e-02  -5.8057009e+00   8.9272306e-03   1.1847558e-03   6.4703191e-04
  -2.3654146e-01   2.3556711e-01  -4.9051349e+00   1.2129958e-02   7.1622094e-04   1.4645730e-03
  -2.0668222e-01  -3.3810231e-01  -5.9916790e+00   2.8624225e-02   7.2169382e-04   1.5945739e-04
  -1.8909656e-01  -2.4998724e-01  -6.2772075e+00   2.4448133e-02   3.0745365e-06   1.1012081e-03
  -2.0192158e-01  -1.2839802e-01  -6.2789273e+00   2.0577634e-02   2.2979615e-04   1.9673914e-03
  -2.2266827e-01  -1.6131176e-01  -6.3229582e+00   1.9105095e-02   8.9003731e-04   2.6199668e-03
  -1.9272212e-01  -1.3302562e-01  -6.3128892e+00   1.7689898e-02   5.8000160e-04   2.8910720e-03
  -1.9850947e-01  -1.8253983e-01  -6.3134856e+00   1.6048968e-02   5.7458629e-04   3.1380045e-03
  -1.7768973e-01  -1.6467125e-01  -6.3127842e+00   1.6369107e-02   5.2741734e-04   3.7108594e-03
  -1.7683149e-01  -7.9794178e-02  -6.3607842e+00   1.4634496e-02   6.9191528e-04   3.4826714e-03
  -1.6873569e-01  -2.7031908e-01  -6.4509409e+00   1.6024152e-02   4.0563571e-04   3.9026846e-03
  -1.6906267e-01  -1.3320475e-01  -6.4204304e+00   1.5400610e-02   3.8645552e-04   3.7612210e-03
  -1.5679229e-01  -1.5626889e-01  -6.4899438e+00   1.5543563e-02   5.4430364e-04   4.0012856e-03
  -1.6184837e-01  -2.7132014e-01  -6.4429615e+00   1.6157715e-02   4.7271489e-04   3.9779167e-03
  -1.7410020e-01  -1.3855046e-01  -6.4721049e+00   1.5316545e-02   2.5215213e-04   3.2895338e-03
  -1.7284724e-01  -1.7260130e-01  -6.4787194e+00   1.6151956e-02  -3.2995940e-05   3.2944447e-03
  -1.8133709e-01  -2.3364853e-01  -6.4568623e+00   1.6177313e-02   1.4078852e-04   3.2460285e-03
  -1.8618131e-01  -1.6065097e-01  -6.4976676e+00   1.6310841e-02   1.3674906e-04   3.3000164e-03
  -1.7597469e-01  -1.4628438e-01  -6.4759670e+00   1.6202620e-02  -9.5252892e-05   3.3089684e-03
  -1.7510786e-01  -1.8325933e-01  -6.5486838e+00   1.5677839e-02   5.3524662e-05   3.3255115e-03
  -1.7003192e-01  -1.4956396e-01  -6.5084715e+00   1.5877379e-02  -1.7468755e-04   3.2934330e-03
  -1.7216646e-01  -1.5309633e-01  -6.5414554e+00   1.5696040e-02   1.0269326e-05   3.1972119e-03
  -1.7147361e-01  -1.4513230e-01  -6.5595161e+00   1.6223932e-02  -1.5481183e-04   3.2384925e-03
  -1.7772055e-01  -1.3349155e-01  -6.5280731e+00   1.6051494e-02  -2.9282873e-05   3.2445697e-03
  -1.7609794e-01  -1.5877202e-01  -6.5950818e+00   1.6166383e-02   1.4091267e-05   3.2412869e-03
  -1.7483423e-01  -4.3131660e-02  -6.5719636e+00   1.5193756e-02  -1.5551387e-04   3.1418400e-03
  -1.7896916e-01  -1.6408867e-01  -6.6171145e+00   1.5719718e-02   1.8827645e-04   3.3764423e-03
  -1.7929162e-01  -1.3816375e-01  -6.6319621e+00   1.5919147e-02  -8.3662959e-05   3.3573651e-03
  -1.8196347e-01  -2.2145306e-02  -6.6096135e+00   1.5488951e-02  -2.3655002e-04   3.1723134e-03
  -1.8214784e-01  -1.5025736e-01  -6.6417752e+00   1.5924541e-02  -1.0385001e-04   3.5411152e-03
  -1.7560881e-01  -5.6918976e-02  -6.6607247e+00   1.4424809e-02   4.7027714e-05   3.8283193e-03
  -1.5905167e-01  -3.1247404e-01  -6.9080119e+00   2.6421712e-02   8.5013878e-04   2.5674395e-03
  -2.1442275e-01  -2.8777483e-01  -7.0093117e+00   2.8604523e-02   1.4677221e-03   1.8020579e-03
  -2.1113154e-01  -2.7009187e-01  -7.0525435e+00   2.5414477e-02   1.0792926e-03   1.9892105e-03
  -2.0712373e-01  -1.4921298e-01  -6.9504244e+00   1.9235761e-02   6.7386532e-04   2.7620674e-03
  -1.8934918e-01  -1.6342633e-01  -6.9151505e+00   1.6955476e-02   1.9969172e-04   3.0798009e-03
  -1.9978789e-01  -1.5891308e-01  -6.8785844e+00   1.6805698e-02   6.9687932e-05   2.8110409e-03
  -2.0533865e-01  -1.4760824e-01  -6.8671667e+00   1.6493931e-02   5.0261952e-04   2.6177848e-03
  -1.9891565e-01  -1.3004649e-01  -6.9389437e+00   1.6089550e-02   3.8863858e-04   3.0023668e-03
  -2.0009576e-01  -1.5316637e-01  -6.9027020e+00   1.6410434e-02   4.5393255e-04   2.9973420e-03
  -1.9302587e-01  -2.0389213e-01  -6.9510012e+00   1.7575321e-02   1.5974058e-04   3.2156613e-03
  -1.8995399e-01  -1.0251220e-01  -6.9480113e+00   1.6157939e-02   1.5088157e-04   2.9972879e-03
  -1.8976141e-01  -1.7933579e-01  -6.9573893e+00   1.7409989e-02   3.1264226e-04   3.3011903e-03
  -1.9497409e-01  -1.6723716e-01  -6.9432272e+00   1.6346382e-02   1.7758279e-04   3.0105269e-03
  -1.8171205e-01  -1.6165772e-01  -6.9827504e+00   1.6561378e-02   2.6716795e-04   3.3579967e-03
  -1.8010124e-01  -1.7114047e-01  -6.9995547e+00   1.6859614e-02   3.4987251e-04   3.6251256e-03
  -1.8056720e-01  -1.4928972e-01  -6.9895005e+00   1.5927760e-02   1.9206774e-04   3.2376445e-03
  -1.8603381e-01  -2.0015104e-01  -7.0016550e+00   1.7340009e-02   3.8674232e-04   3.4545908e-03
  -1.9489126e-01  -8.7852065e-02  -6.8085403e+00   1.4934495e-02   3.5851080e-04   2.8061341e-03
  -1.7841187e-01  -1.6019830e-01  -6.8189563e+00   1.5912854e-02  -1.7386255e-04   3.0497437e-03
  -1.7840570e-01  -1.4537983e-01  -6.9070917e+00   1.6188378e-02  -7.6368226e-05   3.2342397e-03
  -1.8700659e-01  -8.5302104e-02  -6.7308630e+00   1.5520258e-02   7.9715768e-05   3.2253195e-03
  -1.7181851e-01  -1.4324920e-01  -6.7993164e+00   1.5923246e-02  -2.6494337e-05   3.4435905e-03
  -1.6633412e-01  -1.2746539e-01  -6.7918654e+00   1.6059386e-02   1.2118812e-04   3.6289453e-03
  -1.7427618e-01  -1.4837330e-01  -6.7936525e+00   1.6264148e-02   1.7775471e-04   3.5956348e-03
  -1.7215589e-01  -1.2709090e-01  -6.7810720e+00   1.6005317e-02   3.0189787e-05   3.6026716e-03
  -1.7462955e-01  -1.6303630e-01  -6.7940913e+00   1.6486763e-02   4.3644605e-05   3.4578143e-03
  -1.6552571e-01  -8.9802802e-02  -6.7891246e+00   1.5545324e-02  -2.3680290e-04   3.2752524e-03
  -1.7040063e-01  -1.5427245e-01  -6.8022947e+00   1.6486994e-02   1.8521025e-04   3.4471100e-03
  -1.6497226e-01  -9.7536514e-02  -6.7954886e+00   1.5679560e-02   2.9715958e-04   3.4078982e-03
  -1.6893114e-01  -1.3846797e-01  -6.8119950e+00   1.6640066e-02   2.8927300e-04   3.8672153e-03
  -1.6120708e-01  -1.0719570e-01  -6.8289345e+00   1.6702029e-02   1.2502103e-04   4.1635453e-03
  -1.7439274e-01  -8.8355683e-02  -6.7662833e+00   1.4793570e-02   6.5219829e-04   4.3583840e-03
  -1.6092595e-01  -1.6630807e-01  -6.8729262e+00   1.6500037e-02   4.7959667e-04   4.2388928e-03
  -1.6419355e-01  -3.8301470e-02  -6.9004655e+00   1.4650069e-02   1.5420266e-04   4.1641008e-03
  -1.5997491e-01  -1.8443269e-01  -6.9388983e+00   1.6348251e-02   3.1533206e-04   4.2515914e-03
  -1.6576736e-01  -7.9735979e-02  -6.9285169e+00   1.5095968e-02   4.2915222e-04   4.2954453e-03
  -1.5586421e-01  -1.0995872e-01  -6.9415481e+00   1.5666017e-02   5.7051833e-04   4.2051375e-03
  -1.5755350e-01  -1.5358999e-01  -6.9749866e+00   1.6961013e-02   1.5452767e-04   4.4870267e-03
  -1.5560362e-01  -1.1404742e-01  -6.9679285e+00   1.5724496e-02   1.4118758e-04   4.3507384e-03
  -1.4858426e-01  -1.6657836e-01  -7.0076222e+00   1.6602207e-02   2.5890055e-04   4.6753958e-03
  -1.3930657e-01  -2.1123644e-01  -7.0684785e+00   2.3081705e-02   2.0496496e-03   3.2269519e-03
  -1.5462668e-01  -4.0506237e-01  -7.3544483e+00   2.8367736e-02   2.4620171e-03   2.3908451e-03
  -1.3185123e-01  -2.6188452e-01  -7.2029144e+00   2.2458618e-02   1.4122908e-03   3.5108863e-03
  -1.0506530e-01  -2.4438818e-01  -7.1166729e+00   2.0842363e-02   8.9748218e-04   5.0950347e-03
  -1.2942340e-01  -2.2257404e-01  -7.1796417e+00   2.2521601e-02   1.1176324e-03   4.8483630e-03
  -1.3487600e-01  -3.1417444e-01  -7.1838489e+00   2.2554576e-02   1.4544762e-03   4.0688897e-03
  -1.2655100e-01  -2.2736242e-01  -7.1664187e+00   2.0985705e-02   1.3680883e-03   4.2491862e-03
  -1.2587189e-01  -2.2774761e-01  -7.2000532e+00   2.1515204e-02   1.4966331e-03   4.2335573e-03
  -1.6034063e-01  -4.6077782e-01  -7.3769020e+00   3.0924423e-02   3.2727677e-03   2.8613620e-03
  -1.5821036e-01  -3.2582494e-01  -7.3534014e+00   3.0978843e-02   3.2698745e-03   2.6464279e-03
  -1.4670433e-01  -4.1463201e-01  -7.3656365e+00   3.2029462e-02   3.2967741e-03   3.0515068e-03
  -1.6164296e-01  -3.8031937e-01  -7.3322182e+00   3.0751989e-02   3.6315738e-03   2.5897150e-03
  -1.7083245e-01  -3.8034140e-01  -7.3018857e+00   3.0726214e-02   3.6555307e-03   2.2816646e-03
  -6.7826340e-01  -7.1302106e-01  -7.3381546e+00   5.5287348e-02   1.8199748e-02  -2.5272599e-02
  -4.6762982e-01  -1.1103285e+00  -7.7709071e+00   8.8925340e-02   1.4414716e-02  -2.6775823e-02
   7.4059814e-02  -7.5200764e-01  -7.5194319e+00   6.4721380e-02   3.5615915e-03  -8.5203786e-03
  -1.3382784e-02  -7.3833154e-01  -7.4605331e+00   6.1463075e-02   3.5761207e-03  -9.9730086e-03
  -7.4826752e-02  -7.6071953e-01  -7.4710700e+00   6.1371560e-02   4.8393977e-03  -1.0333812e-02
  -3.8902593e-02  -7.1185407e-01  -7.4621870e+00   6.0445187e-02   4.5819450e-03  -9.9611565e-03
  -5.7418868e-02  -6.9791972e-01  -7.4386347e+00   5.9268891e-02   4.2053575e-03  -9.6987524e-03
  -7.1506835e-02  -6.8090087e-01  -7.4640629e+00   5.8905299e-02   4.1863283e-03  -9.4645689e-03
  -5.4610043e-02  -6.6746670e-01  -7.4305699e+00   5.7655762e-02   3.6207548e-03  -9.2934439e-03
  -7.0138666e-02  -6.6857964e-01  -7.4226021e+00   5.6634102e-02   3.8141034e-03  -8.8437925e-03
  -6.0158723e-02  -6.0580756e-01  -7.3928887e+00   5.6009601e-02   3.4996791e-03  -8.9217869e-03
  -8.5645118e-02  -6.5082143e-01  -7.4155112e+00   5.4963926e-02   3.8138705e-03  -8.6834482e-03
  -8.0624831e-02  -5.7583110e-01  -7.3783562e+00   5.2621813e-02   3.2868840e-03  -8.2361333e-03
  -1.0094929e-01  -4.9962296e-01  -7.3912811e+00   4.9323826e-02   3.3989649e-03  -7.8601145e-03
  -8.8486876e-02  -5.3131071e-01  -7.3650217e+00   4.9770130e-02   3.4592049e-03  -7.5066647e-03
  -9.1641697e-02  -5.0626525e-01  -7.3947589e+00   4.9712854e-02   3.7202891e-03  -8.0807618e-03
  -1.0055022e-01  -5.6034310e-01  -7.4708631e+00   5.1051029e-02   3.9684173e-03  -7.9784267e-03
  -9.2763811e-02  -5.0239687e-01  -7.4245491e+00   5.0698416e-02   3.7785500e-03  -8.1438318e-03
  -9.7203589e-02  -5.5313088e-01  -7.4347475e+00   5.1450476e-02   3.8859414e-03  -7.7166008e-03
  -9.4771838e-02  -4.7477629e-01  -7.4887944e+00   4.9605114e-02   3.8444914e-03  -7.4187888e-03
  -1.1662928e-01  -5.5073447e-01  -7.5046698e+00   4.9734178e-02   4.2091412e-03  -7.4002599e-03
  -1.0279434e-01  -6.0160324e-01  -7.5521393e+00   5.0809106e-02   4.0791482e-03  -7.4922864e-03
  -9.8544626e-02  -4.9860599e-01  -7.5315331e+00   4.9613657e-02   3.9995099e-03  -7.6354628e-03
  -9.2777453e-02  -5.8585604e-01  -7.5440834e+00   5.0499253e-02   3.7808830e-03  -7.0283730e-03
  -9.7334944e-02  -5.4635904e-01  -7.5556214e+00   5.0532267e-02   3.1399481e-03  -6.6836689e-03
  -1.1397036e-01  -5.2118021e-01  -7.5325759e+00   4.8463034e-02   2.7871246e-03  -6.7668434e-03
  -1.2182577e-01  -5.8678460e-01  -7.4981825e+00   5.0106505e-02   2.5580065e-03  -6.7193877e-03
  -1.3098169e-01  -4.2224502e-01  -7.6220080e+00   4.6268807e-02   3.7219045e-03  -8.6590310e-03
  -1.1504161e-01  -4.7175680e-01  -7.6399099e+00   4.4326338e-02   4.0841509e-03  -6.9302332e-03
  -1.2847329e-01  -4.2680488e-01  -7.6315320e+00   4.0795256e-02   3.9329725e-03  -5.7154218e-03
  -1.4737558e-01  -4.9278322e-01  -7.6323403e+00   4.0708953e-02   4.2514278e-03  -5.7475028e-03
  -1.1453738e-01  -4.1760113e-01  -7.6759687e+00   3.9807703e-02   4.0569787e-03  -5.0625895e-03
  -1.3642223e-01  -3.9875541e-01  -7.5928577e+00   3.9464035e-02   3.9856928e-03  -5.4992269e-03
  -1.3550507e-01  -3.8726981e-01  -7.6181689e+00   3.8735518e-02   3.8950062e-03  -5.6766117e-03
  -7.5553786e-02  -3.5382483e-01  -7.8881723e+00   3.6455699e-02   2.4712990e-03  -4.7740146e-03
  -2.9731714e-02  -3.3137263e-01  -7.8962104e+00   3.4149961e-02   1.5642836e-03  -5.2870203e-03
   1.9756986e-01   2.4469066e-01  -7.6654805e+00   2.8875344e-02  -1.1965962e-02  -6.7088004e-03
   1.5668210e-01  -4.2726384e-02  -6.5293253e+00   2.9525382e-02  -1.3101475e-02  -4.6709256e-03
   2.0307638e-01   1.0218244e-01  -5.8592992e+00   2.7050441e-02  -1.4458378e-02  -2.3931105e-03
   2.9151811e-01  -1.7819975e-01  -7.1309867e+00   2.3532823e-02  -1.6233165e-02  -3.5009569e-03
   2.2614087e-01  -2.8063921e-01  -7.3038077e+00   2.3986828e-02  -1.4492277e-02  -3.1275818e-03
   1.8898136e-01  -1.5815140e-01  -7.4252005e+00   2.4829119e-02  -1.2669099e-02  -2.7059350e-03
   1.9445996e-01  -1.4238871e-01  -7.3672356e+00   2.5285171e-02  -1.2311858e-02  -2.1349757e-03
   1.7884963e-01  -2.6257159e-01  -7.4047873e+00   2.7901243e-02  -1.1908425e-02  -1.4938670e-03
   2.1071050e-01  -3.0437181e-01  -7.9806549e+00   2.8679781e-02  -1.2568772e-02  -1.3508196e-03
   2.2354201e-01  -2.2024983e-01  -7.9533177e+00   2.7347212e-02  -1.3199728e-02  -1.7649181e-03
   2.8296624e-01  -2.0629224e-01  -7.7910096e+00   2.7547807e-02  -1.4781699e-02  -3.0191764e-03
   2.4312349e-01  -1.7729381e-01  -7.5328527e+00   2.8469549e-02  -1.1149394e-02  -2.1946370e-03
   1.5017648e-01  -1.8363594e-01  -7.3775412e+00   2.8025301e-02  -8.8195950e-03  -2.3484197e-04
   1.1777873e-01  -1.7872782e-01  -6.9323340e+00   2.7291559e-02  -8.3323426e-03  -7.3908113e-04
   1.1841272e-01  -7.0796278e-02  -6.5345486e+00   2.5048549e-02  -1.0247240e-02  -2.6405759e-04
   1.2202275e-01  -5.2828709e-02  -6.5191612e+00   2.3535496e-02  -1.0310591e-02  -2.5146602e-04
   1.3371688e-01  -2.2997672e-02  -5.9969078e+00   2.6570391e-02  -1.1875431e-02  -5.0313593e-05
   1.1412457e-01  -2.5982535e-02  -6.1326599e+00   2.6046239e-02  -1.1130197e-02  -1.5701519e-03
   1.2834587e-01  -2.3646104e-01  -6.4951275e+00   3.1864925e-02  -1.2190595e-02   1.0177135e-03
   6.0822044e-02  -2.2878835e-01  -6.4372346e+00   3.5020061e-02  -9.4080824e-03   7.4164951e-04
   6.0714433e-02  -1.4488517e-01  -6.4112290e+00   3.2664316e-02  -9.2151825e-03   9.8598057e-04
   8.7938949e-02  -1.7874230e-01  -6.4256448e+00   3.2163207e-02  -9.4532344e-03   1.3037022e-03
   6.4037404e-02  -6.8377160e-02  -6.4575616e+00   2.7528476e-02  -8.9604079e-03   8.0693648e-04
   9.1539184e-02  -3.2432701e-02  -6.4274214e+00   2.3564230e-02  -9.1951220e-03   1.3965358e-03
   6.6325407e-02  -2.7022826e-01  -6.5496204e+00   2.9814123e-02  -8.5691171e-03  -1.8753172e-04
   7.4466214e-02  -1.5395874e-01  -6.5022324e+00   2.8412912e-02  -8.7104165e-03  -1.7179503e-04
   7.4051740e-02  -3.9370271e-02  -6.4939435e+00   2.5323856e-02  -8.5346549e-03   2.5422187e-04
   6.9457751e-02  -7.0096696e-02  -6.4296839e+00   2.4992272e-02  -8.1701424e-03   2.6000957e-04
   6.6654164e-02  -1.5464293e-02  -6.4698493e+00   2.3976544e-02  -8.3793084e-03   3.7425041e-04
   8.0719815e-02  -7.2154657e-02  -6.4770251e+00   2.5271524e-02  -8.3785948e-03   5.2890622e-04
   8.3353256e-02  -4.9454165e-02  -6.5347799e+00   2.4648778e-02  -8.6300573e-03   4.5377176e-04
   8.2191044e-02   5.6602500e-03  -6.5425431e+00   2.3178208e-02  -8.6380817e-03   1.1902007e-04
   9.1175360e-02  -1.0082622e-01  -6.5833777e+00   2.4527002e-02  -8.6075939e-03   4.9440157e-04
   7.6888757e-02  -1.7332693e-02  -6.5734954e+00   2.3332257e-02  -8.4870204e-03   2.9826551e-04
   1.0045164e-01  -7.6699619e-02  -6.6394004e+00   2.4198562e-02  -8.6124688e-03   4.3698463e-04
   8.3150600e-02  -7.2573368e-02  -6.5965990e+00   2.3928140e-02  -8.4495192e-03   5.4318642e-04
   9.7314399e-02  -9.0982854e-02  -6.6239309e+00   2.4334568e-02  -8.4355775e-03   6.2790664e-04
   7.2121118e-02  -1.1766426e-02  -6.5623022e+00   2.2862428e-02  -8.4211730e-03   4.4131164e-04
