   0.0000000e+00   0.0000000e+00   0.0000000e+00   0.0000000e+00   0.0000000e+00   0.0000000e+00
  -7.0619918e-04  -6.3993561e-02   1.2546362e-03   1.1678303e-03  -1.2735254e-04  -1.0720346e-04
   1.7803203e-02   5.4359893e-02   5.6119966e-02  -5.7158851e-04  -3.7879399e-04   9.4449056e-05
  -6.9484984e-03  -5.0739591e-02   1.8102443e-02   7.4399284e-05   1.1339769e-04   3.3654078e-05
   9.7604745e-03   2.4232070e-02   7.3225529e-02  -3.9100237e-04  -1.7004722e-04   1.3668393e-04
  -3.4502459e-03  -1.8843065e-02   4.5581816e-02  -2.7631904e-04   1.1809297e-04   4.7274513e-05
   7.2244565e-03  -1.1224650e-02   8.2251022e-02   3.0893274e-04  -8.6889840e-05   5.6799449e-05
   4.3300293e-03   1.8735600e-02   4.8794232e-02  -3.5521343e-04   9.2632963e-05   8.1150319e-05
  -4.6449760e-03  -3.9186445e-02   3.0071215e-02   4.5047983e-04   1.1381321e-04   7.5985589e-05
   1.6630826e-02   5.8373370e-02   7.7539454e-02  -6.2385477e-04  -3.1457304e-04   1.5928875e-04
  -6.2364281e-03  -1.6020222e-02   2.9397735e-02  -2.9970651e-05   7.3800373e-05   8.6529465e-05
   1.5408966e-02   1.4293876e-02   8.3012382e-02  -1.0172868e-05  -2.5142704e-04   5.0478659e-05
  -1.5086289e-03  -1.8752921e-02   3.4525159e-02  -2.6870716e-04   8.0605026e-05   1.0195030e-04
   1.1335456e-02  -1.1524256e-02   6.3309725e-02   4.8403037e-04  -1.3576458e-04   1.6173924e-04
   7.7798180e-03   1.7966539e-02   5.3730149e-02  -3.5614688e-04  -7.2686734e-05   1.4947703e-04
   3.1060547e-03  -2.8005648e-02   5.2153398e-02   4.4555592e-04  -1.9835984e-04   9.8784519e-05
   9.3494694e-03   2.2483658e-02   6.2746912e-02   2.4554075e-04  -2.7624103e-04  -2.9403051e-05
   8.2967700e-04  -2.0238102e-02   3.3807448e-02   2.5459070e-04  -9.4645738e-05   6.4316103e-05
   1.9828106e-02   4.3438553e-02   7.3095264e-02  -5.4454678e-04  -4.6043648e-04   2.6175402e-04
   4.8187012e-03  -2.5809383e-02   4.1124292e-02   1.0898339e-04  -9.2000081e-05   1.5639655e-04
   2.2768154e-02   3.0422443e-02   8.0064663e-02  -5.1917654e-04  -3.6618129e-04   2.9619881e-04
   1.3400218e-02  -1.2778138e-02   3.7278388e-02   2.7113792e-05  -1.1975941e-04   1.9981008e-04
   9.0615118e-03   3.1342913e-03   5.2308998e-02   1.7868054e-05   2.1508450e-05   2.1052421e-04
  -8.6258317e-03  -5.4427088e-02   1.2696521e-02  -4.0960620e-04  -2.1154684e-04   1.8520962e-04
   1.9199084e-02   6.2882500e-02   4.8644529e-02  -1.3336434e-03  -8.1867515e-04   2.3124364e-05
   1.1517384e-02   9.0472676e-03   4.0739017e-02  -3.5766047e-04  -6.3706624e-04  -8.4227060e-05
   2.7763049e-02   6.2155062e-02   7.0849792e-02  -6.6562357e-04  -8.5530274e-04   2.7597410e-05
   7.1260224e-03   4.6622850e-03   3.4016164e-02  -7.4121672e-04  -3.7178509e-04  -3.1558510e-05
   3.4806402e-02   5.7870433e-02   9.1531813e-02  -3.4918784e-04  -6.9868203e-04   1.2923056e-04
   2.0201175e-02   6.5192428e-02   4.3769902e-02  -1.0395919e-03  -4.7594084e-04   1.5204358e-04
   1.8954293e-02   6.8085781e-02  -5.2500181e-02   6.6859655e-04  -6.1042358e-04   5.3126322e-04
   1.1897165e-02  -1.1704598e-01  -6.8375785e-02   5.5762295e-04  -8.1563595e-04  -2.3937278e-05
   4.8771056e-03  -6.1779902e-02  -2.8575686e-02   1.2311101e-03  -4.2180250e-04  -4.9229841e-05
   2.6254408e-02   2.2275344e-03   1.1500408e-02   9.6697612e-04  -5.3471412e-04   8.6502232e-05
   3.5867874e-02  -9.7850832e-02   1.9968875e-02   1.5006029e-03  -7.5478935e-04   7.4944701e-05
   2.2926522e-02  -4.3824103e-02  -2.1711239e-03   1.1418654e-03  -5.6029560e-04   6.3969352e-05
   2.5865793e-02   1.0696938e-02   3.9351740e-02   5.9374964e-04  -6.5565901e-04   1.7179350e-04
   1.6703413e-02  -1.0227470e-01   9.2656419e-03   1.7995692e-03  -6.9451360e-04  -1.6215232e-04
   2.8178279e-02  -1.1656315e-02   4.6542636e-02   1.2158657e-03  -7.3932908e-04   4.1423788e-05
   1.2207986e-02  -3.8544983e-02   8.1277758e-03   6.6929449e-04  -4.3573864e-04   6.3912124e-05
   2.2433024e-02  -1.7877368e-02   3.2532890e-02   8.1058579e-04  -6.2225369e-04   1.6868066e-04
   2.5198494e-02  -5.3936165e-02   1.4627598e-02   1.0231009e-03  -7.0137681e-04   6.2274750e-05
   2.7354502e-02   1.6775861e-02   3.4752005e-02   5.1794677e-05  -5.3026360e-04   3.0956126e-04
   1.4886967e-02  -3.9555462e-02  -4.9786277e-03   1.0784806e-03  -4.1841948e-04   1.4069927e-04
   2.9404135e-02  -4.9327235e-03   5.8599515e-02   9.0867126e-04  -5.1524459e-04   2.0450951e-04
   1.5148358e-02  -3.2334197e-02   2.6289159e-03   7.7373531e-04  -4.2926575e-04   3.6988502e-05
   2.5469377e-02   1.8667797e-02   3.2007896e-02   8.3502098e-04  -5.3697504e-04   2.7217462e-04
   2.1724260e-02  -5.5939939e-02  -9.4753384e-03   1.3654030e-03  -6.5975972e-04  -2.2960983e-06
   3.3539977e-02   4.3897484e-02   4.5327594e-02  -3.7522187e-05  -6.4252048e-04   2.3733655e-04
   1.7339739e-02  -5.2007667e-02  -7.4884459e-03   1.4420795e-03  -5.2410779e-04   1.0417345e-04
   3.0702713e-02   3.6058365e-02   4.9970731e-02   9.2384698e-05  -6.8810466e-04   3.1785517e-04
   2.2421173e-02  -4.0219717e-02  -7.1555528e-03   7.6614707e-04  -5.6375231e-04   1.8231516e-04
   3.3713186e-02   3.1772349e-02   3.2556632e-02   5.8064455e-04  -8.6891650e-04   3.1195683e-04
   1.9656582e-02  -1.3643243e-02   2.6732820e-03   3.7808949e-04  -6.0625711e-04   1.7017269e-04
   3.0289822e-02  -1.9526026e-02   3.1063028e-02   9.9290080e-04  -7.2276515e-04   2.6286525e-04
   2.5718460e-02   1.4688452e-02   1.2297600e-02   3.0794963e-04  -5.9565659e-04   2.2735792e-04
   2.6028468e-02  -2.5558627e-02   2.1551218e-03   1.0194527e-03  -6.2371058e-04   3.1201848e-04
   3.9840983e-02   2.1094191e-02   3.8436688e-02   5.5737212e-04  -9.4526738e-04   2.0890720e-04
   2.9213397e-02  -3.5809606e-02   2.7552361e-03   5.9354390e-04  -7.0597177e-04   1.1877427e-04
   3.9586873e-02  -3.0383675e-02   2.6322841e-02   1.1880326e-03  -9.4275751e-04   1.7451970e-04
   3.2489016e-02  -1.5163582e-03   4.2299353e-03   1.6949000e-04  -7.6695726e-04   2.4040590e-04
   2.5717104e-02  -6.2501776e-02  -6.2231222e-03   8.5763146e-04  -7.1553436e-04   2.5095048e-04
   3.7156980e-02   9.4858014e-03   3.1333801e-02   4.5444180e-04  -9.5135526e-04   2.8764608e-04
   2.6637124e-02  -2.5608710e-02   5.0573635e-04   3.7787384e-04  -6.0532461e-04   2.4097676e-04
   3.3020685e-02  -4.5638586e-02   2.2176072e-02   1.0957076e-03  -8.1885431e-04   2.7744142e-04
   3.9388063e-02   9.3705962e-03   1.7463705e-02   1.4224878e-04  -8.3400016e-04   3.1325399e-04
   3.3252649e-02  -8.3788363e-03  -1.0278899e-03  -6.6840683e-06  -7.1139197e-04   3.5250005e-04
   3.4436476e-02  -3.9474018e-04   2.8461624e-02   2.3556604e-04  -7.6460505e-04   4.8597041e-04
   3.2155189e-02  -3.0016979e-02  -4.7272358e-03   6.0375032e-04  -7.0759044e-04   3.3067116e-04
   3.6173862e-02  -5.5534816e-02   9.2682896e-03   1.4720411e-03  -8.1356044e-04   2.4489276e-04
   4.5655454e-02   1.9254354e-02   2.8626227e-02   2.7572005e-04  -1.0785364e-03   3.3668031e-04
   3.8859102e-02  -3.0599268e-02  -1.1444913e-02   4.7373900e-04  -8.2996232e-04   2.3187351e-04
   4.8675027e-02  -3.1583195e-02   7.6172969e-03   1.5684165e-03  -1.2268998e-03   2.4473295e-04
   4.0740633e-02  -4.0081751e-02  -6.5577024e-03   1.4818329e-03  -1.0136164e-03   1.2578706e-04
   3.2679330e-02  -1.0713888e-02  -1.9883094e-02   3.6897488e-04  -1.1112561e-03   2.2461956e-04
   3.5398264e-02  -6.4652987e-03   1.5322929e-02   4.3566779e-04  -8.5093853e-04   2.4897128e-04
   3.1853371e-02  -6.2704811e-02  -2.2717372e-02   1.3518843e-03  -7.6103854e-04   1.3267800e-04
   4.2943313e-02   3.3282409e-02  -8.7166029e-03   3.3195703e-05  -1.0396609e-03   3.2528452e-04
   2.8924460e-02  -7.6265921e-03  -2.3613154e-02   6.2876821e-04  -6.9909031e-04   3.1842253e-04
   3.5137088e-02  -3.9928109e-02  -3.2958563e-02   1.6729815e-03  -8.8154594e-04   9.5286891e-05
   4.1483578e-02   4.6456535e-02  -1.1420349e-03  -2.2862150e-04  -9.8617387e-04   3.7640848e-04
   3.0589346e-02  -3.7679113e-02  -3.2875139e-02   5.3103470e-04  -6.3318357e-04   3.1663856e-04
   4.0591958e-02   3.7870335e-04  -6.3816955e-03   4.2113687e-04  -9.1896376e-04   3.7598517e-04
   3.6983664e-02   2.5179024e-03   1.3083258e-04   3.2545426e-04  -7.1982611e-04   3.6710544e-04
   3.9531153e-02  -5.2890310e-02  -2.3606695e-02   1.2610862e-03  -1.0673592e-03   2.1059299e-04
   3.8571049e-02   3.4952147e-02   1.4286807e-02   1.2383404e-04  -1.0283000e-03   3.7955641e-04
   3.0143055e-02  -4.9218787e-02  -1.0354733e-02   1.4544844e-03  -9.5837904e-04   1.7887522e-04
   2.5562922e-02  -1.4931412e-02  -3.5466088e-02   1.0942109e-03  -9.2506366e-04   1.1301751e-04
   3.8977877e-02  -1.0164475e-02   2.2012680e-02   1.1822392e-03  -1.1330619e-03   1.7491635e-04
   3.7915255e-02  -1.3918994e-02  -2.6595246e-02   4.1701148e-04  -1.2037512e-03   1.5627134e-04
   3.5331656e-02  -2.0356770e-02  -1.5188252e-02   6.2978511e-04  -1.0296876e-03   1.7340939e-04
   3.7174976e-02  -1.5777743e-02  -1.5435272e-02   5.7632653e-04  -1.0761933e-03   2.5492144e-04
   2.9218266e-02  -2.0693031e-02  -2.6511381e-02   7.4640678e-04  -7.9336960e-04   2.9898617e-04
   4.0815466e-02  -1.6293911e-02   1.0059873e-02   1.2431166e-03  -9.2666017e-04   2.0180314e-04
   3.6913332e-02  -2.1395731e-02  -1.8597248e-02   4.8004194e-04  -1.0311505e-03  -1.1020784e-05
   1.7244218e-02   1.2614459e-02  -3.0942550e-02   4.3811718e-04  -6.2630530e-04  -1.9079900e-04
   2.1704728e-02  -6.1696086e-02  -4.7802952e-02   1.5775670e-03  -8.0335114e-04   2.4343855e-05
   2.9048162e-02   3.2124117e-04  -4.2766421e-02   3.6287160e-04  -1.1231508e-03   3.4489848e-04
   3.5346423e-02  -2.1006774e-02  -3.0953834e-02   1.0263544e-03  -9.9773081e-04   4.5980857e-04
   2.8329811e-02  -1.6601691e-02  -6.0654605e-02   7.9919964e-04  -1.1986903e-03   2.5203831e-04
   3.3070903e-02   8.4514677e-03  -1.7923818e-02   7.2919835e-04  -1.0998493e-03   4.5421739e-04
   2.9914166e-02  -5.8061968e-02  -4.3790089e-02   1.5659387e-03  -9.8320144e-04   2.4931878e-04
   3.2757204e-02   2.1198573e-02  -1.4358428e-02   3.6038311e-04  -1.0165892e-03   4.8416550e-04
   3.4149913e-02  -2.8099540e-02  -2.7337598e-02   1.0372215e-03  -7.5589389e-04   2.6302130e-04
   3.2933212e-02   1.0701964e-02  -4.2193109e-02  -2.6048906e-04  -8.6822284e-04   3.6573528e-04
   1.1539676e-02  -4.3190235e-02  -5.1657556e-02   4.7791569e-04  -4.3680436e-04   2.5996907e-04
   2.4597792e-02   5.8320313e-02  -1.1016970e-02  -7.9708189e-04  -6.3776155e-04   3.1863096e-04
   1.6178795e-02  -1.0523868e-02  -5.6687702e-02  -3.5089878e-04  -6.0760782e-04   2.1545282e-04
   3.7839959e-02   8.5226833e-02   1.6149646e-02  -1.5228639e-03  -1.0374761e-03   3.2799314e-04
   1.4052787e-02  -1.2487760e-03  -5.1068555e-02  -6.4521935e-04  -6.0171612e-04   2.6300118e-04
   3.7342406e-02   5.7167832e-02   2.3230151e-03  -1.4966142e-03  -1.0872222e-03   4.4205952e-04
   2.8259065e-02   4.2430199e-02  -1.1007954e-02   5.3693850e-04  -8.3668520e-04   4.9446372e-04
   3.0251579e-02   2.5663106e-02  -1.2980144e-01   1.6961210e-03  -8.5552816e-04   1.6292271e-04
   1.8322636e-02  -9.8828170e-02  -1.1614808e-01  -1.3259888e-04  -9.3541784e-04   2.8016827e-04
   1.0300548e-02  -2.6863464e-02  -1.1688430e-01  -2.7432961e-04  -6.8762125e-04   5.7324939e-05
   2.1698913e-02  -2.2930362e-02  -4.0026460e-02  -5.7487546e-04  -9.6667008e-04   6.4585831e-05
   2.5050501e-02   2.5945961e-02  -1.8008250e-02  -5.7549211e-04  -8.7584686e-04   1.7954987e-04
   2.8610611e-02  -5.1582633e-02  -5.3917809e-02   6.9869735e-04  -1.1257824e-03  -1.0392516e-04
   3.7352234e-02   6.8671460e-02   7.6281624e-03  -1.2732614e-03  -1.0914960e-03   2.6617519e-04
   2.3185168e-02   1.2591214e-03  -3.3282170e-02  -1.1422071e-03  -8.2996522e-04   1.0338539e-04
   3.9741931e-02   2.6665101e-02   1.4583514e-02  -8.8675011e-04  -1.2713757e-03   2.1967535e-04
   2.9593230e-02   3.3504927e-02  -4.4051106e-02  -1.4167191e-03  -1.1482459e-03   2.1183011e-04
   2.3574867e-02  -9.0450812e-03  -4.9540214e-02  -7.4533210e-04  -1.1236988e-03   1.8053379e-04
   2.9202937e-02   1.9924352e-02  -7.2978663e-03  -8.0674905e-04  -1.2383118e-03   2.0551400e-04
   2.6994142e-02   3.8133643e-02  -4.8987587e-02  -1.5134344e-03  -1.2600355e-03   2.9485076e-04
   3.1471856e-02   6.8101619e-02  -4.1632659e-03  -1.8812629e-03  -1.1922502e-03   4.5730236e-04
   3.0509121e-02  -2.0945322e-02  -4.5210784e-02  -5.4697060e-04  -1.2150946e-03   2.5219724e-04
   4.2237093e-02   9.0204255e-02  -1.4955829e-02  -1.1066861e-03  -1.5879040e-03   2.9372397e-04
   2.7309691e-02   2.3392170e-02  -5.9206778e-02  -1.2636532e-03  -1.0264612e-03   4.0484790e-04
   3.6067683e-02   3.6562662e-02  -3.9225016e-02  -1.1573122e-03  -1.3479842e-03   3.3751697e-04
   3.6020132e-02   3.9293664e-02  -4.3250134e-02  -6.6037994e-04  -1.3570420e-03   1.2782084e-04
   2.9677050e-02   2.2197900e-02  -4.8276736e-02  -6.7732318e-04  -1.1237568e-03   2.0937191e-04
   3.8427673e-02   7.8890515e-02  -2.4824657e-02  -1.2244004e-03  -1.4951393e-03   3.2512218e-04
   2.6125891e-02   2.6314130e-02  -7.4412346e-02  -9.1418163e-04  -1.1161725e-03   2.5635606e-04
   4.2856235e-02   7.7902015e-02  -4.9692756e-02  -1.3665614e-03  -1.4389822e-03   2.0958004e-04
   2.7146870e-02   3.3887048e-02  -6.7878000e-02  -1.3758322e-03  -1.2614134e-03   2.9282879e-04
   3.4961764e-02   4.9164367e-02  -1.6012371e-02  -1.2222739e-03  -1.4358022e-03   3.0043598e-04
   3.1951334e-02   4.8581764e-02  -4.9162401e-02  -1.2588234e-03  -1.3655402e-03   1.2217167e-04
   2.4778677e-02   3.1478517e-02  -5.5009389e-02  -9.3753625e-04  -1.2211173e-03   1.8766207e-04
   3.8823982e-02   5.8881326e-02  -2.8771187e-02  -1.6473831e-03  -1.5290018e-03   2.2585552e-04
   2.9260034e-02   1.8090428e-02  -4.8129332e-02  -9.8954224e-04  -1.2246592e-03   2.5391577e-04
   3.8915262e-02   4.9717064e-02   6.2265988e-03  -8.8039157e-04  -1.4119806e-03   2.7466752e-04
   3.3747648e-02   3.2370109e-02  -3.4064424e-02  -1.3902977e-03  -1.2697196e-03   2.0688783e-04
   3.9460106e-02   1.9724023e-02  -2.6072905e-02  -2.9044591e-04  -1.3937889e-03   1.4529610e-04
   4.7019972e-02   5.7023990e-02  -1.5375222e-02  -1.4250477e-03  -1.4372511e-03   1.6633433e-04
   3.4135109e-02   2.0785361e-02  -3.3499495e-02  -1.2298404e-03  -1.1658671e-03   2.5352315e-04
   4.6957138e-02   6.8802277e-02   3.2771289e-03  -1.5797795e-03  -1.3784809e-03   2.6991353e-04
   3.5214912e-02   2.9994582e-02  -4.2145475e-02  -1.3608404e-03  -1.3607265e-03   2.4653025e-04
   5.3918294e-02   6.2683851e-02   1.3845017e-02  -1.4339905e-03  -1.5465155e-03   2.3794550e-04
   4.0513367e-02   6.9307905e-03  -4.8549850e-02  -4.2746636e-04  -1.3788442e-03   3.4901967e-05
   4.3615457e-02   5.8606420e-02  -1.7246361e-02  -1.0648385e-03  -1.5103865e-03   1.3922685e-04
   3.9137015e-02   4.0410201e-02  -7.5863257e-03  -9.9658643e-04  -1.4418263e-03   2.3645892e-04
   4.1681403e-02   1.7219033e-02  -4.0432130e-02  -9.2736988e-04  -1.4588516e-03   7.8638630e-05
   4.9616515e-02   6.5320722e-02   1.9347565e-02  -1.3684884e-03  -1.4819340e-03   2.8510361e-04
   4.9336376e-02   6.6239274e-04  -2.3610858e-02  -5.3328100e-04  -1.6785675e-03  -1.9744697e-05
   4.3560561e-02   5.3091332e-02  -1.6917168e-02  -1.3058830e-03  -1.3949289e-03   1.7935237e-04
   5.0403469e-02   3.0222656e-02   1.8697973e-02  -2.0992107e-04  -1.6124093e-03  -2.1898136e-07
   4.1812965e-02   4.2595303e-02  -3.7862992e-02  -1.4036675e-03  -1.5284025e-03   1.7728087e-04
   5.3436460e-02   6.0068162e-02   7.9386806e-03  -1.3401028e-03  -1.7211327e-03   1.2283449e-04
   5.3189489e-02   1.0038839e-02  -3.4655862e-02  -1.0461954e-03  -1.6435905e-03   9.8642130e-05
   4.9959740e-02   4.7854408e-02  -2.7281972e-02  -1.3594393e-03  -1.6405492e-03   1.2469706e-04
   5.9143708e-02   3.0914777e-02  -2.5833993e-03  -6.9996858e-04  -1.7420436e-03   1.2864218e-04
   5.4423456e-02   3.1526771e-02  -4.3987478e-02  -1.0481435e-03  -1.8855000e-03   1.9604800e-04
   4.9959703e-02   5.9806357e-02  -8.7985632e-03  -1.2394006e-03  -1.6128929e-03   2.0061572e-04
   5.2874807e-02   2.5961644e-02  -6.6784571e-03  -7.1444544e-04  -1.5533723e-03   2.3040673e-05
   4.8266178e-02   3.8121516e-02  -3.9642148e-02  -1.0538539e-03  -1.6437382e-03   5.5371712e-05
   5.2653624e-02   7.8395160e-02  -1.9422233e-03  -1.6384302e-03  -1.5696333e-03   3.6186164e-04
   5.0476985e-02  -9.1656851e-04  -2.8384743e-02  -6.0609504e-04  -1.4943229e-03   1.6457561e-04
   5.6715891e-02   6.0148993e-02  -2.1531229e-02  -1.5944778e-03  -1.7562030e-03   3.1598287e-04
   5.4139932e-02   5.2648817e-02  -2.2330785e-02  -1.2270279e-03  -1.5240179e-03   2.2587233e-04
   4.8793231e-02   5.8092752e-03  -4.2336805e-02  -4.4003346e-04  -1.5203851e-03   1.3952280e-04
   5.8945945e-02   8.0973849e-02   9.2251687e-03  -1.7186014e-03  -1.5969660e-03   3.3190489e-04
   4.6920406e-02   4.8618777e-03  -3.5699769e-02  -7.1144116e-04  -1.3540411e-03   2.4748765e-04
   5.4487472e-02   2.8410640e-02  -3.0061556e-02  -5.1097278e-04  -1.5669456e-03   1.3903493e-04
   5.6248457e-02   4.1774785e-02  -4.1012410e-02  -9.8805683e-04  -1.5552299e-03   1.3556877e-04
   5.3077932e-02   3.5116463e-03  -5.0081476e-02  -6.3318101e-04  -1.5003693e-03   1.3637329e-04
   6.7056285e-02   7.1396783e-02  -8.3286953e-04  -1.4731839e-03  -1.7901321e-03   2.0353047e-04
   5.4291848e-02   1.7505651e-02  -3.4574181e-02  -1.0880839e-03  -1.6570800e-03   1.5996976e-04
   5.3468451e-02  -3.2723225e-03  -2.9652560e-02  -2.9224485e-04  -1.7476748e-03   2.8400019e-05
   6.2240091e-02   7.5307348e-02  -1.3452429e-02  -1.6019522e-03  -1.8263284e-03   1.4725010e-04
   5.6071371e-02  -1.3721947e-03  -4.3179193e-02  -6.4656361e-04  -1.6709315e-03   8.1031820e-05
   7.1248504e-02   4.5997292e-02  -7.1520827e-03  -1.1481435e-03  -2.0514364e-03   9.1464909e-05
   6.6981202e-02   2.9041935e-02  -2.0642659e-02  -1.0125300e-03  -1.6460259e-03   1.4073417e-04
   6.2260467e-02  -2.8634247e-03  -4.1981783e-02  -6.2735074e-04  -1.6090598e-03   4.1954995e-05
   7.0945713e-02   4.4076435e-02  -1.3830541e-02  -8.9881973e-04  -1.7307942e-03   1.3657353e-05
   5.7894726e-02  -3.0204010e-02  -6.2773476e-02  -2.1701619e-04  -1.5601255e-03   1.2756473e-05
   6.9856688e-02   7.2515621e-02  -6.2416357e-03  -1.2805046e-03  -1.9641057e-03   5.8086724e-05
   5.8005430e-02   4.6851092e-02  -6.3539259e-02  -1.3786986e-03  -1.5386001e-03   2.0750150e-04
