   0.0000000e+00   0.0000000e+00   0.0000000e+00   0.0000000e+00   0.0000000e+00   0.0000000e+00
   1.2678493e-02   1.0673346e-02   6.8513422e-02   4.8174887e-04  -1.6791072e-04   1.6966619e-04
   5.5037416e-03  -2.3023564e-02   3.7815076e-02   4.2875905e-04  -2.6452234e-04  -3.8249140e-05
   1.3392528e-02   4.5545446e-02   7.8809879e-02  -2.0821343e-04  -2.8692283e-04   1.3565735e-04
   3.2171254e-03  -3.1261283e-02   5.4614931e-02   1.2050772e-03  -1.7550324e-04  -1.0655079e-04
   7.9567948e-03   4.0718584e-02   7.5750101e-02  -3.6862419e-05  -1.8850623e-04   1.6881773e-04
   6.1282929e-03   8.7271501e-03   7.8464235e-02   4.6945534e-04  -1.7712632e-05   1.0073137e-04
  -3.5779544e-04   6.1161034e-03   5.4342199e-02   1.9678957e-04   1.6805182e-05   4.8389839e-05
   1.0398457e-02   3.9915024e-02   1.0540702e-01  -1.2079577e-04  -3.2298333e-05   1.7663896e-04
   3.1810721e-03  -4.3628647e-02   5.6080720e-02   1.0529626e-03  -1.7473479e-04  -1.1005055e-04
   1.2642588e-02   6.3716905e-02   9.2053347e-02  -3.8062530e-04  -2.0367774e-04   1.6658289e-04
   2.1757969e-03  -2.1912446e-02   5.2101653e-02   1.1472212e-03  -1.5671770e-04  -1.6230735e-04
   1.2900733e-02   4.3868417e-02   7.5851078e-02  -1.8319299e-04  -3.1872689e-04   1.7483476e-04
   1.1040835e-02   2.5497205e-02   7.7514165e-02   1.2777004e-04  -2.1707504e-04   1.7727030e-04
   1.1354695e-02  -2.9478706e-02   6.1759031e-02   1.2988206e-03  -1.6629121e-04  -1.1895410e-04
   1.8627025e-02   4.5962662e-02   9.2321313e-02   6.4387002e-04  -2.3593823e-04  -3.2619565e-05
   1.0548767e-02  -1.6957474e-02   4.6057796e-02   1.3979432e-03  -9.6318664e-05  -8.3924343e-05
   1.5896972e-02   1.0350423e-02   6.8829125e-02   9.8096811e-04  -2.4135428e-04  -4.0435212e-05
   1.2136129e-02   1.4419409e-02   4.7647827e-02   2.8287044e-04  -2.8977792e-04   1.0223675e-05
   1.3265166e-02  -6.3671900e-03   5.6817871e-02   8.8127876e-04  -2.8261809e-04   8.4033412e-05
   1.9641284e-02   5.9574361e-02   8.5548629e-02  -1.2144596e-04  -3.0679093e-04   1.4838428e-04
   5.6557941e-03  -2.5313876e-02   4.3620786e-02   1.4589750e-03  -1.4451913e-04   1.1277773e-05
   1.5179701e-02   5.9314858e-02   6.9117863e-02   1.5398326e-04  -1.9337711e-04   1.2851773e-04
   1.9102660e-02   1.9358450e-02   7.1760975e-02   3.1686395e-04  -1.0405581e-04   1.8454173e-04
   1.9510316e-02   2.2034227e-03   3.9009838e-02   8.3629577e-04  -3.0746362e-04   5.4173390e-05
   2.0900281e-02   4.4105496e-02   6.7702325e-02   6.3515609e-04  -1.2333530e-04   2.0094232e-04
   2.1361910e-02  -1.2493379e-02   5.7349572e-02   6.5520531e-04  -1.6124530e-04   9.8474621e-05
   2.5112949e-02   3.0357901e-02   6.0996544e-02  -7.4074102e-04  -9.2706943e-05   3.1923618e-04
   2.5871721e-02   1.5066726e-02   6.9310196e-02   4.3282606e-04  -9.8729007e-05   1.3369976e-04
   2.2946466e-02  -2.3426561e-02   6.2045180e-02   7.2024197e-04  -9.0788085e-05   6.6856980e-05
   2.7083866e-02   5.1242812e-02   9.3082097e-02  -3.6748538e-04  -6.6040387e-05   3.3811343e-04
   2.8025606e-02  -8.9216886e-04   6.7088242e-02   5.2317999e-04  -8.8749245e-05   1.5412836e-04
   1.7311751e-02   2.6142362e-02   5.0253148e-02  -2.1831473e-05   7.0323811e-05   2.1837063e-04
   2.4084119e-02   5.6596563e-02   8.9410451e-02  -3.2359199e-04  -3.0595207e-06   2.8698152e-04
   2.6343927e-02  -2.7955325e-02   5.6587563e-02   9.1124872e-04  -1.5240283e-04   1.4777647e-04
   1.9033758e-02   1.3621511e-02   3.0232081e-02   6.4890437e-04  -1.0983864e-04   9.7028936e-05
   2.4253710e-02   2.4216350e-02   7.5367482e-02   5.7748228e-04  -1.7514188e-05   1.6111826e-04
   1.7379752e-02   1.4704580e-02   3.9165210e-02   1.4476909e-04  -1.0661062e-04  -3.0969184e-05
   1.8005632e-02   2.7673026e-02   5.5045954e-02   7.0228129e-04  -2.5443883e-04  -9.7391622e-06
   1.9296741e-02   2.5650996e-02   6.7999245e-02   7.3766427e-05  -2.6419961e-04  -7.5676951e-06
   1.2748354e-02   1.4993266e-02   4.6215015e-02  -1.0617904e-05  -1.2878299e-04   8.7175545e-05
   2.0787332e-02   9.8552034e-03   7.7937735e-02   5.3060529e-04  -3.6749564e-04   6.0974888e-05
   1.1754326e-02   2.0478521e-02   6.0139560e-02   8.3365740e-04  -3.1706227e-05  -1.6862034e-04
   1.6547957e-02  -5.2850912e-03   2.8360476e-02   8.7091389e-04  -2.3018903e-04  -4.9289449e-05
   2.6040621e-02   5.7201468e-02   7.1848131e-02  -1.8354204e-04  -3.9627967e-04   1.3139081e-04
   1.5891180e-02   1.0140560e-02   4.4510780e-02   3.6735023e-04  -1.1805412e-04   5.0649144e-05
   2.2395529e-02  -4.4079663e-03   4.7327712e-02   7.3684353e-04  -3.3640260e-04   4.6169655e-05
   2.7330560e-02   5.6777554e-02   7.4025610e-02  -4.1059056e-05  -1.8767571e-04   1.0230930e-04
   2.1835206e-02  -3.2657443e-04   3.9159228e-02   2.0048358e-04   1.8617204e-06   1.9871663e-04
   3.0796753e-02   6.4455093e-03   5.5582264e-02   8.1183403e-04  -2.4341458e-04   1.1531409e-04
   3.4457484e-02   5.8323644e-02   5.4072319e-02  -1.4592317e-04  -2.8527289e-04   2.1121307e-04
   1.7729974e-02   1.4397409e-02   1.7878546e-02   4.1927952e-05   1.1421711e-04   2.6101882e-04
   3.2484268e-02   4.1971228e-02   5.9628441e-02   2.1289146e-04  -2.2731665e-04   3.0230456e-04
   3.2765634e-02   1.4632349e-02   3.2369517e-02   1.7681465e-04  -3.5881140e-04   2.3610508e-04
   3.0644128e-02   5.4880559e-02   5.0028267e-02  -1.1976774e-04  -2.9895846e-04   2.9650774e-04
   3.4092269e-02   8.2643738e-05   4.1113197e-02   7.0496946e-04  -3.5079854e-04   1.1265962e-04
   2.7981179e-02   3.5166452e-02   4.2178490e-02   1.3071472e-04  -3.0496335e-04   2.6006704e-04
   2.9989566e-02   3.1382433e-02   5.9725540e-02   5.7892860e-04  -2.8060205e-04   8.8045062e-05
   2.0317975e-02  -1.8444955e-02   2.7928414e-02   1.0307707e-03  -1.8090676e-04  -6.6895950e-06
   3.3374632e-02   7.5178827e-02   5.8570987e-02  -7.4818371e-05  -4.6934183e-04   1.7817352e-04
   2.0718391e-02   1.7164669e-03   2.9842307e-02   6.8069805e-04  -2.2848660e-04   1.0172089e-04
   2.4060951e-02   1.0234635e-02   2.1569887e-02   5.7141389e-04  -3.7343823e-04   1.0181942e-04
   2.5297335e-02   5.4366238e-02   5.8974842e-02  -3.1190296e-04  -1.8253501e-04   2.6652231e-04
   2.6690418e-02  -1.9001100e-02   2.9520051e-02   8.2320956e-04  -4.5481101e-05   1.1883084e-04
   2.8737819e-02   4.0497877e-02   3.3109444e-02  -9.2725355e-05  -5.9387631e-05   2.4600728e-04
   2.7342414e-02   2.6001605e-02   4.7989452e-02   3.8642256e-04  -3.5053470e-05   2.4682032e-04
   1.6340080e-02   6.2513174e-03   9.6675459e-03   3.3792759e-04   5.0647701e-05   1.6692079e-04
   2.6603795e-02   5.4376786e-02   4.7895404e-02  -1.7145325e-04  -1.0552976e-05   2.9276513e-04
   3.0446916e-02  -1.6229764e-02   2.9292206e-02   1.4411215e-03  -1.0416981e-04   6.2390423e-05
   2.8936869e-02   3.7478004e-02   1.7832528e-02   1.8497776e-04  -1.2632409e-05   2.6939156e-04
   4.0922119e-02   1.9428458e-02   4.5117125e-02   7.6693425e-04  -2.2371376e-04   2.5773530e-04
   3.1824484e-02   3.1698075e-02   1.3089718e-02   7.3987131e-05  -2.3218640e-04   3.1772491e-04
   2.2508888e-02   3.9673828e-02   1.1346472e-02   1.3529464e-04   9.6200644e-05   3.0337624e-04
   3.8634397e-02   2.5031077e-02   3.8235390e-02   8.3690215e-04  -1.6999409e-04   1.9855140e-04
   2.6754549e-02   2.7907505e-02  -2.3899601e-05   4.2269507e-04  -5.6425913e-05   1.4822351e-04
   2.8637548e-02   3.6137539e-02   2.6223740e-02   3.3846531e-04  -3.9877976e-05   2.4139725e-04
   3.3700332e-02  -1.7604111e-02   5.4827939e-03   1.0411140e-03  -2.0053670e-04  -5.8045050e-06
   2.2664042e-02   3.3531610e-02  -8.9389323e-03   1.7088717e-04  -2.3381255e-05   1.1038436e-04
   3.2994455e-02   3.5644412e-02   3.1075808e-02   4.1440611e-04  -2.6878340e-04   2.0216962e-04
   2.7009822e-02   1.0537389e-02   3.7456358e-03   3.0566129e-04  -3.1674384e-04   1.3390891e-04
   2.6415711e-02   2.4699095e-02   9.5936602e-03   2.4958397e-04  -2.0826842e-04   2.8399121e-04
   3.7126603e-02   3.2106341e-02   3.5140171e-02   4.4001114e-04  -2.9947597e-04   9.9679377e-05
   3.2485118e-02   1.8616007e-02   1.6657793e-02   3.4542779e-04  -1.7534301e-04   2.1689241e-04
   3.6354123e-02   3.3169977e-02   4.0650677e-02   6.3597324e-04  -2.2744715e-04   2.3249493e-04
   4.5125711e-02  -1.2278685e-02   4.7408079e-02   1.0986910e-03  -3.2342716e-04   1.4334486e-04
   3.3804037e-02   4.7588400e-03   2.7975907e-02   3.4396438e-04  -2.4832571e-04   2.4245728e-04
   3.9291051e-02   2.7890223e-02   5.0667016e-02   8.4917060e-04  -2.1148651e-04   5.8179123e-05
   3.3568135e-02  -2.2874235e-02   2.5531848e-02   1.5367311e-03  -1.3157021e-04   4.8400856e-06
   3.1565943e-02   3.7713478e-02   2.1047684e-02   2.6823527e-04  -2.2735269e-06   2.5913331e-04
   3.6681303e-02   2.5035999e-02   4.2917088e-02   6.5629095e-04  -1.7508742e-04   1.8827017e-04
   3.7586985e-02  -8.8051105e-04   2.5468400e-02   6.7777275e-04  -4.0526787e-04   1.3818165e-04
   3.0859311e-02   2.5438258e-02   2.9495980e-02   3.1416488e-04  -1.0821204e-04   2.6187083e-04
   4.4489447e-02   9.7247012e-03   5.7739300e-02   8.5290728e-04  -3.9646201e-04   1.5449539e-04
   3.1182373e-02   1.1895879e-02   2.8388621e-02   3.2631176e-04  -1.6697211e-04   1.4028368e-04
   2.5187842e-02   3.3599661e-02   3.6366618e-02  -3.4204069e-05  -1.2126895e-04   2.2770287e-04
   4.0736101e-02   5.7096113e-05   6.4041003e-02   1.0905699e-03  -2.8379785e-04   4.1835350e-05
   2.9619803e-02   2.0940453e-02   1.9813618e-02   2.3916284e-04  -5.0464811e-05   1.1097872e-04
   4.1065163e-02   3.4655274e-02   4.0578733e-02   6.2718328e-04  -2.7466746e-04   1.7056522e-04
   2.7847792e-02   2.6774151e-02  -2.4119959e-02   7.2728104e-04  -7.1972881e-05   6.8292920e-05
   3.5783844e-02   9.3165356e-02  -1.7248255e-02  -4.0151181e-04  -2.6138954e-04   4.4311586e-04
   9.6767567e-03  -4.6679116e-02  -6.1346510e-03   1.3482714e-03  -9.9044099e-05  -1.6303803e-05
   2.5255371e-02   7.0161410e-02   5.2960815e-03   2.8176857e-04  -1.6658887e-04   1.5164841e-04
   3.0744092e-02   4.9226151e-03  -9.0159460e-03   1.6692584e-03  -3.7300052e-04   7.5218034e-05
   2.7023182e-02   1.1609090e-01  -3.6349305e-04   1.3882033e-03  -1.6692481e-04   6.3928200e-04
   1.2129587e-03  -6.5252457e-02  -8.2986517e-02   1.9793335e-03  -1.9258770e-06   1.9815370e-04
  -1.3301960e-02  -1.3442525e-01  -1.0722629e-01   3.2575120e-03   2.7594568e-04   1.9626927e-04
  -6.4665438e-03  -4.4254869e-02  -4.4969073e-02   2.0077275e-03   1.2277718e-04  -3.3454092e-05
   1.5490089e-03  -1.7702925e-02  -1.0045394e-02   2.6537267e-03   6.7585150e-05   8.9528227e-05
   2.7856429e-03  -4.6681744e-03  -1.3907183e-02   2.0973465e-03   1.4103075e-04   1.0442651e-04
   9.8038277e-03  -2.7950395e-02  -2.5900926e-02   1.8639459e-03  -6.7383629e-05  -4.0509756e-05
   2.1134176e-02   1.0486166e-02   5.4230561e-02   1.8891156e-03  -2.2848459e-04   9.5323628e-05
   5.0953934e-03  -1.7984856e-02   4.5591667e-03   8.6885296e-04   3.3476414e-05   1.6739436e-04
   2.7320529e-02  -9.1565029e-03   5.6632546e-02   1.8649377e-03  -4.1365990e-04   2.9316303e-04
   7.0341761e-03  -2.0485617e-02  -6.1825157e-03   1.2480908e-03   1.2356864e-04   1.3285162e-04
   1.9357523e-02   2.0884232e-02   4.0996391e-02   2.1982298e-04   1.5614776e-04   3.8998032e-04
   1.7545956e-02  -5.8516284e-02  -1.0233826e-02   2.1444358e-03  -9.3730534e-05   3.1523261e-05
   1.8900752e-02   3.7488015e-02   2.6366687e-02   1.1065325e-03   3.4302700e-05   2.0189391e-04
   1.7458392e-02  -4.7595410e-02  -1.3698444e-02   2.3380288e-03  -9.7465543e-05   7.9181256e-05
   2.2378212e-02   6.2742742e-02   3.1598072e-02   1.0476762e-03  -2.3385718e-04   2.9573271e-04
   7.8822179e-03  -1.9891143e-02  -6.9245942e-03   1.4957069e-03   1.0243406e-04   1.7736717e-04
   2.4488019e-02  -4.1829146e-03   2.8942563e-02   1.9994836e-03  -2.4217776e-04   2.2653840e-04
   2.3701855e-02   1.6408393e-02  -1.3232042e-02   8.5946466e-04  -2.4106357e-04   2.7733830e-04
   1.9894131e-02   1.7388768e-02   9.5112931e-03   9.1785677e-04  -9.5666650e-05   4.0149925e-04
   2.0465099e-02  -2.7916648e-02  -7.2244698e-03   2.1005350e-03  -7.3384131e-05   4.1041067e-05
   1.9883245e-02   1.7773976e-02  -3.5074705e-04   8.7363582e-04  -2.5097648e-05   3.0125014e-04
   2.1878722e-02  -4.8950054e-03   2.0765021e-02   1.9207567e-03  -6.3561043e-05   2.4305801e-04
   2.1673560e-02   6.0016892e-03  -1.4225522e-02   9.1695172e-04  -1.6032459e-04   3.1799456e-04
   2.3646256e-02   1.6931014e-02   2.5955470e-02   1.1363203e-03  -3.6567274e-05   4.2869691e-04
   2.2797314e-02  -1.6415362e-02  -9.0049342e-03   1.5070220e-03  -3.3159392e-05   2.9634801e-04
   1.9564474e-02   1.2670200e-02   1.9185516e-02   2.4177058e-04   1.5840017e-04   4.6234362e-04
   2.5512125e-02  -1.5976376e-02  -7.5522009e-03   1.4118582e-03  -1.9922879e-04   1.4093512e-04
   1.7947065e-02   2.0150311e-02  -5.8816506e-03   1.1037578e-03  -4.8052366e-05   3.2725584e-04
   3.3391621e-02   4.2709623e-02   2.7944174e-02   4.8181919e-04  -3.7502268e-04   4.0422548e-04
   1.9997483e-02  -1.5326441e-02  -5.3439375e-03   1.1916308e-03  -5.9459948e-05   3.1592406e-04
   3.5141891e-02   4.6561274e-02   2.6941887e-02   4.5457320e-04  -4.2584337e-04   3.2262385e-04
   2.2251676e-02  -1.2199771e-02   1.5055704e-03   1.6732772e-03  -6.4316816e-05   2.1505784e-04
   2.3501273e-02  -9.7213750e-04  -3.1147612e-04   1.6703730e-03  -3.6047365e-04   6.1956022e-05
   2.5169524e-02   2.1575435e-02   2.6832185e-02   1.8172375e-03  -3.2647939e-04   9.3061530e-07
   1.8947708e-02  -1.0464356e-02  -6.2962356e-03   1.3363270e-03  -2.1426548e-04   1.1921817e-04
   1.7792366e-02   1.5460307e-02   3.2251450e-02   8.8982468e-04  -2.5297191e-04   1.4371480e-04
   1.5576808e-02  -1.2358104e-02   1.3017288e-02   1.5614342e-03  -2.7363396e-04   1.8506636e-05
   7.5593726e-03   1.6048107e-03  -6.3672189e-03   1.6942647e-03  -8.8315259e-05   7.0110659e-06
   1.5235974e-02   3.0639189e-02   3.3752885e-02   1.0452182e-03  -1.9621143e-04   1.4528108e-04
   8.9359130e-03   9.2987642e-03   5.4896603e-04   8.6695839e-04  -1.2788015e-04   2.0047569e-04
   1.6720695e-02   2.5967479e-02   1.6170429e-02   8.1550101e-04  -2.9209365e-04   2.1460246e-04
   1.5979888e-02   2.3337837e-02   7.6072136e-03   1.2134452e-03  -2.3857282e-04   1.2960767e-04
   1.7682229e-02   5.7824292e-03  -2.4018872e-02   1.3312326e-03  -3.3773517e-04   2.5557926e-05
   1.8573575e-02   3.2306895e-02   1.1477409e-02   1.3054026e-03  -3.1751832e-04  -9.8474163e-05
   1.7126617e-02   6.1645162e-03  -2.1801259e-03   4.8780230e-04  -2.2872113e-04   1.1344012e-05
   1.1285642e-02  -1.5512624e-03  -2.5669563e-02   1.1796077e-03  -1.2205805e-04   1.6619263e-04
   2.5912679e-02   3.0875395e-02   1.2011966e-02   1.5157575e-03  -4.9198257e-04   3.8229516e-06
   2.2914961e-02   3.2335890e-02  -2.5608221e-02   8.4782069e-04  -2.5755725e-04   1.2289846e-04
   2.2572010e-02   2.8385574e-02  -1.5891131e-02   1.1439177e-03  -1.8491777e-04   1.6558191e-04
   2.5656036e-02   4.0604236e-02   1.3730929e-02   1.0728680e-03  -3.2104733e-04   3.6515278e-05
   2.0528685e-02   2.6126964e-02  -1.0460014e-02   8.7797507e-04  -2.3642170e-04   8.3495107e-05
   2.1348121e-02   3.9724838e-03   1.5093525e-02   1.6689596e-03  -1.6613822e-04   1.2172157e-04
   2.5785460e-02   4.5496701e-02   2.7590526e-03   8.8386030e-04  -9.5574652e-05   1.4360421e-04
   2.5674426e-02   3.1058062e-03  -3.2063558e-02   1.8443093e-03  -1.4636296e-04   6.3668305e-05
   3.3535956e-02   4.9058304e-02   1.5572609e-02   1.1728827e-03  -2.0220686e-04   2.0347065e-04
   2.4390758e-02   3.3540901e-02  -1.0160950e-04   1.0845993e-03  -1.3751640e-04   1.2545097e-04
   2.0655747e-02  -1.5558666e-02  -1.3377888e-02   1.6741113e-03  -2.1080012e-04   1.4091957e-04
   2.1958001e-02   5.1284467e-02   5.1592733e-03   1.0118426e-03  -1.8069168e-04   1.4879855e-04
   1.5913403e-02   9.6604073e-03  -3.3612869e-02   9.2273476e-04  -1.6666653e-04   8.2799273e-05
   2.7685279e-02   1.6118349e-02   1.8748651e-02   1.2401203e-03  -3.1720328e-04   1.9665176e-04
   1.8604214e-02   2.2070361e-02  -1.8154738e-02   9.2747568e-04  -1.6538859e-04   1.1420016e-04
   1.7193837e-02  -2.7081519e-02  -2.5406598e-02   1.7279747e-03  -2.7394624e-04   6.8775929e-05
   2.6054843e-02   4.1076475e-02   1.0791256e-02   8.6626684e-04  -3.3652758e-04   2.3046560e-04
   1.4224581e-02  -1.5381377e-02  -2.1155008e-02   1.7141720e-03  -8.8304035e-05   1.9028049e-04
   2.0039464e-02   3.5443126e-02  -1.3439720e-02   8.0389307e-04  -3.4232740e-04   1.9961383e-04
   1.7059665e-02   1.4288433e-02   1.9672286e-03   1.4245605e-03  -2.3898688e-04   1.2992016e-04
   1.2633733e-02  -5.8441787e-03  -1.4882948e-02   1.2335608e-03  -2.5650102e-04   7.7213423e-05
   1.8285573e-02   2.3477802e-02   4.1730211e-03   1.1320685e-03  -2.5010341e-04   1.9882814e-04
   2.0008854e-02  -1.5401105e-02   1.0924781e-02   2.4568745e-03  -4.2168034e-04  -9.7284393e-05
   1.4539979e-02   1.6189264e-02  -1.1232165e-02   1.0346094e-03  -2.5667311e-04   1.4922269e-04
   1.3995484e-02  -3.0799647e-02  -5.9336124e-03   2.2124809e-03  -2.1169751e-04   1.0082202e-04
   2.3554421e-02   3.7572248e-02   6.8549370e-03   1.1312533e-03  -2.3811578e-04   1.1807446e-04
   1.3678806e-02  -2.6463214e-02  -2.7692634e-02   1.6012887e-03  -1.1074207e-04   2.0978440e-04
   2.4096555e-02   1.5394328e-02   5.2413935e-03   1.2387164e-03  -3.4466148e-04   2.0763234e-04
   2.1879275e-02   2.0471933e-02  -9.3477294e-03   1.2124836e-03  -2.5209238e-04   7.0703589e-05
   1.5416205e-02  -6.1343511e-03  -3.3804726e-02   1.4671801e-03  -1.0803760e-04   9.6145586e-05
   3.0748478e-02   5.7473376e-02   1.4136237e-03   7.5217636e-04  -4.3966564e-04   1.3598274e-04
   1.6982889e-02  -2.9153200e-03  -3.8101610e-02   1.1178945e-03  -8.8625377e-05   1.7518366e-04
   2.4854670e-02   1.1110804e-02  -2.1061392e-02   1.5833125e-03  -3.3366361e-04   2.2105920e-04
   3.0430601e-02  -1.7309572e-02  -2.0279596e-02   2.6832781e-03  -4.7283190e-04   2.0822945e-05
   2.8827402e-02   9.5042790e-03  -3.2655876e-02   1.7055381e-03  -4.4227896e-04  -1.6065980e-06
   3.1827270e-02   4.1487420e-02  -6.2027653e-03   1.0216735e-03  -3.8051334e-04   1.1590929e-04
   2.3385185e-02  -1.4609789e-02  -3.8435065e-02   1.4410405e-03  -1.9767778e-04   1.7153170e-04
   2.7382450e-02   2.2031125e-02  -1.1479521e-02   1.3799893e-03  -3.6099559e-04   1.9576403e-04
