   0.0000000e+00   0.0000000e+00   0.0000000e+00   0.0000000e+00   0.0000000e+00   0.0000000e+00
   1.5847547e-03  -6.2643881e-02  -8.0053785e-05   8.6962580e-04  -4.9476898e-05   1.6589754e-07
   6.6822181e-03   3.6778395e-02   6.6057471e-02  -3.0340361e-04  -1.0648154e-05   1.2608517e-04
   2.9550094e-03  -5.6886303e-02   2.1419496e-02   7.9926835e-04   1.4267558e-05   1.2539555e-04
   6.5475112e-03   1.4618095e-02   3.6277274e-02   6.6404110e-05  -2.6358884e-04   1.5979146e-04
   4.5346424e-03  -5.5388585e-03   5.5647364e-02   5.7688135e-04  -1.2469095e-04   2.9476495e-05
   2.2640660e-03  -3.3729065e-02   1.8295609e-02   6.4698769e-04  -1.3916650e-04  -4.0201925e-05
   4.8011727e-03   2.7534006e-02   6.9235473e-02   1.7546345e-04  -1.2809604e-04   6.2826221e-05
   1.3944225e-03  -6.8146057e-02   2.9290688e-02   1.2256804e-03  -9.7607060e-05  -2.9838080e-05
   5.9224459e-03   2.6802418e-02   5.0345013e-02  -1.4613173e-05  -3.5026639e-05   4.3777116e-05
  -6.1410591e-04  -3.8450282e-02   6.5245733e-03   9.6322146e-04  -9.6680832e-06  -3.4689266e-05
   1.4143344e-02   2.8240002e-02   5.2315962e-02  -1.5806738e-05  -3.5172011e-04   6.5684307e-05
   1.9101175e-03  -1.5917889e-02   1.7209604e-02   6.0799871e-04  -4.0779642e-05  -2.9125198e-05
  -4.4505645e-05  -8.9285850e-03   2.2054470e-02   4.9160030e-04  -1.8042378e-05   5.1723692e-05
   1.1647970e-02   3.3164069e-02   6.0930181e-02   1.0618991e-04  -1.7096135e-04  -6.2896117e-05
   9.4853629e-03  -4.0168229e-02   1.5989373e-02   8.0719340e-04  -2.7552476e-04  -5.1267377e-05
   1.4756910e-02   1.7621223e-02   5.7008987e-02   2.1058763e-04  -4.2189351e-04  -7.5324379e-05
   7.7219495e-03   2.5305899e-03   4.3064131e-02   1.8527206e-04  -1.5748851e-04  -1.0099143e-05
   1.3993401e-03  -5.1302970e-02   2.0698632e-02   9.2842885e-04  -2.3548878e-04   6.2671770e-06
   1.7703545e-02   3.7486721e-02   4.0765194e-02   1.2298544e-04  -3.9487687e-04  -1.2123942e-04
  -8.3185354e-03  -4.9955387e-02  -3.7469628e-03   1.1245377e-03   3.1908827e-05  -1.0927981e-04
   5.9682522e-03   1.5173409e-02   5.2436422e-02   9.2685480e-04  -1.8325462e-04  -1.7820781e-04
  -1.2953455e-02  -1.8592524e-02  -8.7935201e-03   7.4071378e-04   6.3187100e-06  -5.2685892e-05
  -2.1969747e-03  -1.0839057e-02   1.1564198e-02   1.0567210e-03  -8.2312664e-05  -5.1763107e-05
  -1.8163020e-02  -3.2562479e-02  -1.9301078e-02   7.6780373e-04  -5.5237544e-05  -1.1644714e-04
  -4.1475213e-03   1.8753012e-02   3.5370868e-02   6.0807249e-04   3.2666682e-06   8.0065746e-05
  -1.8575522e-02  -4.4647608e-02  -1.6764125e-02   8.7934422e-04  -2.6579769e-05  -8.6189808e-05
  -1.0730864e-02   5.9663533e-04   3.2845821e-02   8.9464253e-04  -7.3020191e-05  -1.3424717e-04
  -2.4736949e-02  -4.1701723e-02  -2.0576869e-02   1.1061679e-03   1.2913329e-04  -3.7475351e-05
  -5.4723986e-03   1.3537931e-02   1.1113637e-02   4.3145294e-04  -2.4686774e-04  -3.5490045e-06
  -2.1631421e-02  -3.9036913e-02  -4.2139722e-03   1.2271085e-03   2.5005247e-04  -7.6522379e-05
  -2.0564791e-02  -3.9242634e-02   2.0850022e-03   1.2242205e-03   1.1270840e-04  -5.6612408e-05
  -9.7190605e-03   3.4726940e-02   2.9531796e-02   3.1110547e-04   1.9782196e-04   5.4665063e-05
  -2.3517494e-02  -2.5041307e-02  -2.6365294e-02   5.7608526e-04   3.9164411e-04   5.1151687e-06
  -1.5518750e-03  -2.4504897e-02   4.6344548e-02   1.6763172e-03   6.7364469e-05  -7.7255093e-05
  -1.5717551e-02  -2.4249391e-02  -2.0621830e-02   3.6603386e-04  -7.5256499e-05  -5.9793631e-05
  -1.7522712e-03   3.0062885e-04   4.7824964e-02   6.5068550e-04   1.7859718e-05   1.7196150e-04
  -1.7809784e-02  -8.0342939e-02  -9.3730457e-03   1.6217486e-03   2.2902068e-04  -1.4968916e-04
   3.3077774e-03   2.1966404e-02   2.0035241e-02   2.6517722e-04  -9.7574752e-05   1.8481912e-04
  -4.6974800e-03  -1.6433871e-02   6.8542904e-03   7.9389258e-04   3.2947350e-05   5.8881858e-05
  -2.1835513e-02  -6.1335171e-02  -2.4331353e-02   1.4553101e-03   9.4041926e-05  -1.7273798e-04
   4.0105282e-03   3.5186367e-02   3.7169808e-02   2.9327045e-04  -2.0764510e-04  -2.0738789e-06
  -2.5464370e-02  -3.6110025e-02  -2.3870686e-02   5.5756245e-04   1.7929940e-04  -3.5002023e-05
  -7.6909316e-03  -2.6480373e-02   3.4228155e-02   8.8318783e-04   6.2080881e-05   4.7971177e-05
  -1.2383986e-02  -1.0305535e-02  -3.2987975e-03   1.8425882e-04   3.5684977e-05   8.7671790e-05
  -2.2450636e-02  -2.8262489e-02  -1.7185878e-02   5.6880647e-04   2.1501939e-04   7.6527812e-05
  -8.0494281e-03  -1.8349891e-02   1.3543199e-02   1.4371765e-03   6.7576944e-05  -8.7165410e-05
  -1.8195257e-02  -1.0216142e-02  -2.8490696e-02   1.0716775e-03   1.4648567e-04  -9.1380076e-05
  -1.1274136e-02   1.6105925e-03   9.4927930e-03   1.1359372e-03   2.5628423e-04  -3.9978748e-05
  -2.3810461e-02  -3.5668790e-02  -3.1792148e-02   1.0463292e-03   1.4129374e-04  -8.1540810e-05
  -1.2870422e-02   8.0296345e-03   2.2145130e-02   9.0247030e-04   1.1708642e-04   3.3652214e-05
  -2.9559484e-02  -7.8557646e-02  -4.2162611e-02   1.7577398e-03   1.8165674e-04  -1.5135226e-04
  -1.1564191e-02   6.1697959e-02  -9.8340427e-03  -7.0753907e-06  -3.3711030e-05  -2.7570075e-05
  -4.0598006e-02  -4.8692284e-02  -4.6583810e-02   9.5382698e-04   3.0997502e-04  -1.2254340e-04
  -1.8439184e-02   9.9769903e-03   1.0599598e-02   6.5599350e-04   1.5430809e-04   7.8623469e-05
  -2.9474733e-02  -2.8742938e-02  -3.6450058e-02   9.2043225e-04   1.6880270e-04  -8.2640757e-05
  -1.6673791e-02  -2.9291234e-02   1.7036640e-02   1.6156980e-03   6.9445051e-05   1.5297911e-05
  -2.6383811e-02   2.8165249e-03  -3.4176127e-02   5.7568932e-04   1.6932980e-04   1.3324964e-05
  -1.6866960e-02  -1.0838570e-02  -1.1129275e-02   1.1732020e-03   1.4723187e-04   6.9708520e-05
  -4.2549555e-03  -2.6691665e-03   7.5333258e-03   7.5280248e-04   5.6208598e-05  -5.4076355e-06
  -1.4200995e-02  -2.8200421e-02  -2.9531766e-02   8.0458300e-04   3.0345510e-04   2.5719258e-05
  -2.3020729e-03  -3.1238984e-02   3.9853676e-02   1.4128083e-03   2.1557238e-04   2.3628418e-05
  -2.3085331e-02  -3.0589353e-02  -3.5005930e-02   6.9362767e-04   4.0665480e-04  -1.1387318e-04
  -2.1767196e-02  -9.5682514e-03  -2.6103318e-02   9.4089477e-04   2.9501674e-04  -2.8731061e-05
  -1.9418714e-02  -3.2056609e-02  -2.4687342e-02   7.0113508e-04   1.3428573e-04  -6.2144105e-05
  -2.9353388e-02  -1.6757411e-02  -2.3227423e-02   6.2253051e-04   3.1078995e-04   9.1054379e-05
  -2.0853570e-02  -3.5333002e-02   5.0700205e-03   1.1995109e-03   2.0418357e-04  -5.8916206e-05
  -3.1524218e-02  -5.8240650e-02  -3.5442783e-02   1.2856667e-03   3.0775112e-04  -1.8921085e-04
  -1.5459648e-02  -4.2565542e-03   1.3541943e-02   1.0204572e-03   2.9358019e-04   1.4180544e-05
  -3.0597442e-02  -2.3752689e-02  -5.1259383e-02   7.9064112e-04   2.3183150e-04  -1.6532068e-04
  -1.7060955e-02   1.3132641e-02   9.6902886e-03   8.8485099e-04   2.2755062e-04   2.9619137e-05
  -2.6922200e-02  -3.4308308e-02  -4.8045794e-02   8.2018312e-04   8.0857847e-05  -1.1218094e-04
  -2.4959308e-02   7.2199850e-03  -9.8866604e-03   6.9386790e-04   1.6966399e-04   4.0094778e-05
  -2.5673389e-02  -5.9541706e-02  -2.7801455e-02   1.7270714e-03   2.1654265e-04  -2.2685051e-04
  -2.3870739e-02   9.3590726e-03  -3.4172377e-02   7.1043606e-04   1.5595655e-04  -7.4572581e-05
  -1.4168127e-02  -3.5924940e-03  -2.7687675e-03   1.1004137e-03   8.9449065e-05  -4.8476422e-05
  -2.5378519e-02  -4.9864144e-02  -4.1430368e-02   1.0617559e-03   3.5620158e-05  -1.6171152e-04
  -1.5950071e-02   2.6961651e-02   1.1304060e-02   4.2752635e-04   1.0781522e-04   1.9450473e-05
  -2.7771297e-02  -5.0741677e-02  -3.6634424e-02   1.1456001e-03   1.9105899e-04  -1.1027465e-04
  -2.0022949e-02  -2.3124054e-02  -1.4061843e-02   1.0063858e-03   2.9129591e-05  -1.6674705e-04
  -2.8105706e-02  -2.0026455e-02  -3.8087312e-02   7.6943891e-04   3.1421663e-04  -1.4777103e-04
  -1.5605571e-02  -5.5690666e-03  -6.2597565e-03   6.9887707e-04   1.4364524e-04  -1.6234982e-05
  -2.0343925e-02  -5.1951775e-02  -2.9227056e-02   1.2010490e-03   1.6977714e-04  -1.9775566e-04
  -2.3578044e-02  -3.6779249e-02  -3.6054745e-02   9.5306457e-04   9.2279137e-05  -1.6864888e-04
  -1.2023538e-02  -2.2379702e-02   7.8379192e-03   9.2071709e-04   7.7236655e-05  -1.6832295e-05
  -2.5298113e-02  -6.4296879e-02  -5.4449493e-02   1.4088261e-03   4.6268715e-05  -1.7641073e-04
  -2.0532962e-02   2.4355482e-02  -1.0933318e-02   2.9719421e-04   1.9304160e-04  -3.1523294e-05
  -2.8805492e-02  -4.9332188e-02  -4.7361949e-02   1.4119849e-03   2.2712656e-04  -1.0945130e-04
  -2.7390199e-02  -1.3692071e-02  -4.4567746e-02   1.0772719e-03   6.3031998e-05  -8.1304162e-05
  -1.6823493e-02  -5.0302947e-03  -2.3668470e-02   1.0290794e-03   1.5357569e-04  -1.0794883e-04
  -2.8042267e-02  -9.8028520e-02  -6.4777660e-02   2.1660053e-03   1.0229283e-04  -3.6949981e-04
  -1.3199060e-02   1.8777440e-02  -2.0446524e-02   6.4697176e-04  -1.1779130e-04  -9.8893886e-05
  -3.3446341e-02  -4.4899033e-02  -5.9765995e-02   4.9857687e-04   2.7071338e-04  -1.7040810e-04
  -2.1896976e-02  -3.8585465e-02  -1.3476137e-02   9.8616899e-04   1.1868637e-04  -5.7029654e-05
  -2.6736660e-02  -6.3154750e-02  -4.9244272e-02   1.7216046e-03   1.0952528e-04  -2.4531056e-04
  -1.4603528e-02  -3.2252397e-03  -1.6328338e-02   5.5790509e-04  -1.5514074e-04   2.0901257e-05
  -2.8656694e-02  -5.4972670e-02  -3.6944643e-02   1.3000490e-03   3.3168446e-04  -1.9341605e-04
  -2.0101667e-02  -5.8264569e-02  -3.8264073e-02   1.6686732e-03   4.0829515e-05  -1.5931468e-04
  -1.0068245e-02   2.8354434e-03  -1.6864296e-02   8.1602753e-04  -6.2254181e-05  -5.4581389e-05
  -3.4231786e-02  -3.3082334e-02  -7.5145778e-02   8.2196180e-04   2.4691440e-04  -1.3572903e-04
  -2.2463050e-02   1.0401612e-02  -2.9713374e-02   1.0071012e-03   2.2404202e-04  -4.6285724e-05
  -3.2145006e-02  -5.8227961e-02  -6.6535755e-02   1.5398889e-03   2.1405333e-04  -2.8978632e-04
  -2.1321226e-02  -1.7724851e-04  -2.9352543e-02   7.6230315e-04   4.0803654e-05  -9.7498321e-05
  -2.8316277e-02  -3.8370215e-02  -6.5765440e-02   1.0309538e-03   2.9865326e-04  -1.7978517e-04
  -2.8362073e-02  -4.2459679e-02  -6.3143338e-02   1.1982104e-03   1.9215015e-04  -2.1235411e-04
  -2.0101336e-02  -1.6631734e-03  -2.5837537e-02   7.5496017e-04   2.2773396e-04  -1.2962025e-04
  -3.2301955e-02  -9.2168462e-02  -7.7496177e-02   1.8432835e-03   2.1807373e-04  -2.9054305e-04
  -1.5543986e-02   1.2747706e-02  -2.5769340e-02   9.5785368e-04   8.7179238e-05  -9.8173983e-05
  -2.8871700e-02  -4.5763782e-02  -6.9380042e-02   1.1658305e-03   1.2340414e-04  -2.0734428e-04
  -1.4415560e-02  -3.6211599e-02  -1.8428309e-02   1.6691751e-03  -3.9047971e-05  -6.1699217e-05
  -2.1971559e-02  -4.8792611e-02  -6.8352589e-02   1.4364801e-03  -1.0783114e-04  -2.5881723e-04
  -2.9642276e-02  -9.9731884e-03  -6.9100002e-02   7.9673191e-04   1.2660596e-04  -1.9077842e-04
  -2.7738614e-02  -4.6050057e-02  -4.1951268e-02   1.0835865e-03   9.0211811e-05  -9.6700414e-05
  -3.5712088e-02  -5.0256085e-02  -6.3116090e-02   1.0260635e-03   1.2783877e-04  -1.7773316e-04
  -2.0924371e-02   1.1531112e-02  -1.2909861e-02   6.4017221e-04   9.0131396e-05  -2.6291541e-05
  -2.5393655e-02  -8.7506718e-02  -6.6128259e-02   1.8472436e-03   1.3199878e-04  -2.6920777e-04
  -1.5513590e-02   3.8068784e-03  -2.4077715e-02   3.8792236e-04   1.0724695e-04  -4.3634333e-05
  -3.0047895e-02  -6.4234933e-02  -6.0526816e-02   1.3255796e-03   3.3834889e-04  -2.6960218e-04
  -1.8548768e-02  -3.6300388e-02  -3.5905448e-02   1.0535370e-03   1.9047896e-04  -3.3481293e-05
  -2.1533540e-02  -6.8600230e-02  -5.0868955e-02   1.5697553e-03   2.1461683e-04  -1.6342880e-04
  -1.8602104e-02  -1.6578457e-02  -3.8825659e-02   2.8752116e-04   6.8635974e-05  -2.8274017e-05
  -2.2102767e-02  -3.6554493e-02  -4.0118169e-02   9.8399538e-04   2.7141847e-04   2.4028486e-05
  -2.4248327e-02  -9.4010177e-02  -7.1328562e-02   2.2066607e-03   2.0681323e-04  -3.0701530e-04
  -6.1219160e-03   2.5405359e-02  -3.3417804e-02   4.2868829e-04  -9.3633047e-05   7.2954621e-06
  -3.5762590e-02  -5.4699048e-02  -8.4580769e-02   8.9155169e-04   4.7897811e-04  -1.1061275e-04
  -1.7598495e-02  -4.3866795e-03  -4.1630634e-02   1.0278000e-03   2.5865301e-04  -1.4621663e-05
  -2.4899695e-02  -7.5286265e-02  -7.6603557e-02   1.7627702e-03   1.7062660e-04  -1.6914466e-04
  -1.0477371e-02   1.0962072e-02  -4.0815064e-02   7.8511866e-04  -1.4087185e-04  -1.5993335e-05
  -2.7879547e-02  -3.5712730e-02  -6.3610339e-02   1.5011033e-03   3.6021623e-04  -1.1632940e-04
  -2.2179017e-02  -5.0119366e-02  -6.3454060e-02   1.8532052e-03   5.4805599e-05  -1.7077153e-04
  -8.2382714e-03   3.3998315e-02  -3.2222271e-02   4.7254437e-04  -2.3893750e-04  -6.2600363e-05
  -3.2787331e-02  -4.5127934e-02  -8.1856609e-02   1.1252267e-03   1.6208258e-04  -1.0109201e-04
  -2.0242013e-02  -4.6103304e-02  -4.7318852e-02   1.9494317e-03  -4.5644545e-05  -1.8991208e-04
  -1.8323136e-02  -2.0233373e-02  -5.8389376e-02   1.4022407e-03  -5.0058774e-05  -3.3428476e-04
  -3.1375969e-02  -5.8180973e-02  -8.1961342e-02   1.3104642e-03   1.6028034e-04  -1.7526640e-04
  -1.2358091e-02  -2.0477339e-02  -2.5416469e-02   1.3255304e-03  -4.4964785e-05  -1.7867634e-04
  -2.2454638e-02  -2.9514147e-02  -7.1295166e-02   7.0872986e-04   1.7467661e-04  -1.3762652e-04
  -2.3179071e-02  -5.0269467e-02  -5.9708146e-02   1.8245817e-03   2.8916035e-05  -1.1571652e-04
  -1.6906688e-02  -4.2228798e-02  -5.7603438e-02   1.5429981e-03   1.5547021e-04  -1.7824441e-04
  -2.9446444e-02  -3.7085780e-02  -7.1222689e-02   1.0950161e-03   1.8865702e-04  -1.4975443e-04
  -2.7940117e-02  -2.2728637e-02  -8.0673262e-02   1.2451653e-03   2.5840547e-04  -1.3068449e-04
  -3.2871017e-02  -3.2846173e-02  -9.2757680e-02   1.1638641e-03   1.3387644e-04  -2.0335991e-04
  -2.2108212e-02  -5.8206616e-04  -6.1410984e-02   1.0330386e-03   2.0801597e-04  -6.7342134e-05
  -2.5656113e-02  -6.3965154e-02  -9.0072103e-02   1.8519585e-03   1.4125710e-04  -1.8380380e-04
  -6.7535458e-03   2.3554632e-02  -5.3442119e-02   8.1043618e-04  -1.1759079e-04  -9.7211258e-05
  -2.5515553e-02  -7.8555425e-02  -9.5137604e-02   2.1085707e-03   1.6278534e-04  -2.6111684e-04
  -1.6370957e-02  -7.9891950e-02  -6.4343048e-02   2.6572052e-03  -1.7113789e-05  -3.4910528e-04
  -1.6595617e-02  -1.1365224e-02  -6.2438760e-02   6.3534815e-04   6.0413211e-05  -1.1610442e-04
  -2.6361284e-02  -7.6839313e-02  -8.0499263e-02   1.3020563e-03   1.7173296e-04  -1.6633766e-04
  -1.7847576e-02  -3.2052630e-02  -4.3552160e-02   1.3976011e-03   8.1689113e-05  -1.4447361e-04
  -2.5515204e-02  -3.1636687e-02  -7.5112583e-02   1.0157854e-03   2.2689480e-04  -1.9103453e-04
  -2.5490512e-02  -5.5822290e-02  -7.8842196e-02   1.2287803e-03   1.2416364e-04  -1.1655430e-04
  -1.3160542e-02   5.7875213e-03  -5.3953749e-02   7.1768776e-04  -1.0897920e-04  -5.7643405e-05
  -2.8622351e-02  -3.6610047e-02  -9.6136597e-02   9.9305895e-04   2.2760637e-04  -5.4844843e-05
  -1.1567626e-02  -4.9420177e-02  -4.0223077e-02   2.0641104e-03  -7.8190155e-05  -1.8762678e-04
  -1.9825994e-02  -1.7011665e-02  -7.6113452e-02   1.1038899e-03   1.7708139e-04  -2.0190386e-04
  -2.4537704e-02  -5.2778915e-02  -9.7868378e-02   1.7271297e-03   2.7942813e-04  -5.2093596e-04
  -8.0948912e-03  -1.6033144e-02  -6.5089290e-02   1.0336205e-03  -2.2552398e-05  -2.8932285e-04
  -3.1843245e-02  -3.8476158e-02  -1.1265660e-01   8.7216344e-04   1.4692934e-04  -2.8345376e-04
  -2.2002020e-02  -6.7098511e-03  -5.8985313e-02   1.1997113e-03   1.6945442e-04  -1.5653395e-04
  -2.5667516e-02  -6.4862279e-02  -9.7545663e-02   1.8631626e-03   1.0135662e-04  -2.6934459e-04
  -1.6813151e-02   1.7923969e-02  -6.4429729e-02   7.9884543e-04   2.4094999e-04  -1.1765142e-04
  -1.8953748e-02  -4.0505213e-02  -8.4631559e-02   1.3740380e-03   2.4413057e-04  -1.7715560e-04
  -1.3327448e-02  -5.9214977e-02  -9.1497545e-02   1.7295869e-03  -2.5543643e-07  -2.2050081e-04
  -7.6766684e-03   5.9854955e-03  -4.9076035e-02   6.2438404e-04   1.3671857e-04  -4.4259641e-05
  -2.0200481e-02  -8.3835837e-02  -9.9148240e-02   1.4907667e-03   2.6869883e-04  -1.2293240e-04
  -1.0051323e-02  -3.7576836e-02  -6.1278246e-02   1.3672213e-03   2.5109589e-06  -1.8616537e-05
  -1.4921575e-02  -4.0813991e-02  -8.1612377e-02   1.2554664e-03   2.5494324e-04  -1.7426147e-04
  -2.4505240e-02  -5.5222463e-02  -1.0037977e-01   1.3980977e-03   2.6300397e-04  -1.7183401e-04
  -9.1466144e-03  -2.9807449e-02  -5.8960288e-02   1.9240893e-03  -4.9497982e-05  -3.0198342e-04
  -2.8668104e-02  -7.0010528e-02  -1.1029513e-01   1.5573066e-03   1.4878214e-04  -4.1514471e-04
  -1.4896087e-02  -4.3932924e-02  -4.8308737e-02   1.6209629e-03   1.5439263e-04  -1.1775823e-04
  -2.5136658e-02  -4.2813350e-02  -1.0338194e-01   8.0955554e-04   1.7864152e-04  -1.4414936e-04
  -1.4230700e-02  -3.2026260e-02  -7.0503248e-02   1.3109032e-03   3.2393079e-05  -1.4610462e-04
  -2.0376349e-02  -8.0326904e-02  -1.0514133e-01   1.8312743e-03  -1.6536561e-05  -3.6511106e-04
  -1.9529781e-02  -1.4932932e-02  -7.1860816e-02   9.2808378e-04   1.3832554e-04  -1.0675125e-04
  -2.3244593e-02  -7.0196734e-02  -9.4745517e-02   1.7093844e-03   1.4769483e-04  -1.7575258e-04
  -1.5619166e-02  -2.7791007e-02  -7.5305986e-02   1.1099472e-03  -2.4565187e-05  -1.2794370e-04
  -1.4919655e-02  -3.6903256e-02  -6.7848405e-02   1.6048474e-03   5.6946249e-05  -2.7670263e-04
  -2.5909705e-02  -6.1932581e-02  -1.0390144e-01   1.4892443e-03   2.1896915e-04  -1.7037111e-04
  -1.2440793e-02   7.1095186e-03  -7.1471518e-02   6.9553173e-04   6.3607362e-05  -6.5605638e-05
  -2.6706621e-02  -7.4071058e-02  -1.1514896e-01   1.6960525e-03   2.0348415e-04  -2.4500840e-04
  -1.1125820e-02  -4.9432930e-02  -6.6323717e-02   1.9778864e-03   2.5511900e-05  -8.7765799e-05
  -1.5046624e-02  -5.0083725e-02  -1.1543276e-01   1.6092236e-03  -9.8948176e-05  -2.3856046e-04
  -2.0368871e-02  -3.6571922e-02  -1.0291643e-01   1.3987584e-03   1.1599305e-04  -1.4161003e-04
  -2.4639518e-02  -8.1680174e-02  -1.1677329e-01   2.4325947e-03   7.8800488e-05  -4.4838510e-04
  -2.0634467e-02  -2.3720001e-02  -1.0248653e-01   1.2398231e-03  -1.1768046e-04  -2.6901057e-04
  -2.1250871e-02   1.0488171e-02  -1.0015695e-01   6.8708341e-04   1.3769503e-04  -1.7462843e-04
