   0.0000000e+00   0.0000000e+00   0.0000000e+00   0.0000000e+00   0.0000000e+00   0.0000000e+00
   1.9687408e-02   8.3715908e-02   7.8688627e-02  -1.1047151e-03  -3.4824188e-04   1.2569323e-04
   1.0131196e-02   3.5082005e-02   5.4998781e-02  -6.9259798e-04  -9.1452868e-05   1.2971533e-04
   1.3137599e-02   4.7559032e-02   4.5225289e-02  -5.9083903e-04  -3.3356303e-04   4.2577965e-05
   1.5215013e-02   8.2273062e-02   5.8722348e-02  -1.3569185e-03  -4.2556554e-04   1.0522333e-04
   3.1181788e-03   8.3730931e-03   5.7569503e-02   1.9655117e-04  -3.7630569e-05   9.4607182e-05
   1.8454959e-03   4.7646542e-02   2.1163120e-02  -3.6780295e-04  -2.4438595e-04   3.7258574e-05
   1.1561861e-02   8.2349260e-02   7.7297369e-02  -9.9329512e-04  -3.3067093e-04   1.6197985e-04
   8.2626120e-03   4.0378362e-02   6.9115296e-02   4.9455006e-05  -2.3700965e-04   6.6342250e-05
   1.3219027e-02   5.2850199e-02   4.5162704e-02  -6.7465675e-04  -4.3094680e-04   6.7134041e-05
   1.5160551e-02   5.2954637e-02   8.7660057e-02   3.2693817e-04  -4.1573473e-04   9.7342059e-05
   8.0327344e-03   6.4051128e-02   5.6664978e-02  -6.8478148e-04  -7.4081108e-05   6.9664080e-05
   4.0717825e-03   1.9184223e-02   4.9917627e-02   2.3738082e-04  -1.3478398e-04   1.1476418e-04
   7.9733276e-03   8.9973162e-02   8.0666452e-02  -2.9361621e-04  -2.5304758e-04   4.3054037e-05
   1.2583898e-02   6.0059894e-02   5.1240669e-02  -1.4252619e-04  -4.8759772e-04  -4.1454147e-05
   2.9915405e-03   3.7478628e-02   3.7663638e-02   3.0772870e-05  -3.0229812e-04   1.1134497e-05
   2.1325845e-02   9.7316216e-02   9.0683772e-02  -9.9274583e-04  -5.2722755e-04   1.0539610e-04
  -2.1295096e-04   3.0094545e-02   5.8475837e-02   3.1228155e-04  -7.7699119e-05   3.7287636e-06
   7.5815957e-03   6.8150781e-02   5.0360641e-02  -1.0330674e-03   1.9365403e-04   6.7321392e-04
   1.3568336e-02   4.4420632e-02   1.1346342e-01   2.8835136e-05  -1.7162107e-04   2.7831656e-04
   3.8845829e-03   3.7140411e-02   4.6748697e-02   1.5276393e-05  -2.4440735e-04  -6.4643499e-05
   5.7782231e-03   2.5742838e-02   3.9290864e-02   1.2601510e-05  -1.0805269e-04  -9.8812974e-06
   1.9445348e-02   8.3269983e-02   8.9024934e-02  -6.8272334e-04  -2.5527510e-04   1.8726015e-04
   9.7161762e-03   2.6976900e-02   5.0353399e-02  -1.0324523e-04   4.5019320e-06  -5.1190120e-05
   1.1098624e-02   3.9066837e-02   6.1334148e-02  -3.3448211e-04  -1.8814766e-04   5.9700661e-05
   3.1230701e-02   8.0053660e-02   8.9850118e-02  -5.1884910e-04  -5.4929292e-04  -1.1074612e-05
   1.1246343e-02   2.3040118e-03   5.0788772e-02   5.5121911e-04  -2.5920621e-04  -8.4478755e-05
  -1.7605040e-02   7.3699527e-02   1.0414437e-01  -3.5044697e-04   1.1853715e-03   7.7670866e-04
   6.4779781e-03  -2.5638108e-02   9.0252557e-02   4.5797026e-04   3.8658669e-04   7.2110466e-04
   4.6026421e-03   7.4748830e-02   7.1267392e-02  -1.0633979e-03  -3.8304129e-04   3.8195325e-04
  -1.2645610e-04   5.0957687e-02   7.7219394e-02  -2.9367932e-04  -1.3729170e-04   1.4482298e-04
  -1.6118410e-02   4.0528328e-02   1.5854274e-02  -4.5105963e-04  -7.0743728e-05   6.4776969e-05
   7.1039665e-03   1.0452581e-01   6.1121482e-02  -9.5165293e-04  -5.6901335e-04   1.4907019e-04
   6.0638061e-04   4.9840223e-02   7.3733248e-02   2.2640896e-04  -2.7979688e-04   1.1601337e-04
  -1.1632924e-02   6.6529199e-02   2.6459844e-02  -6.9615752e-04  -2.2306362e-04  -1.6850260e-05
   5.5531674e-03   6.8901020e-02   1.1729361e-01   6.3309707e-05  -2.4307440e-04   2.4202829e-04
   5.7999954e-03   8.8022254e-02   7.0994906e-02  -8.7841833e-04  -3.5275193e-04   1.1028542e-04
   2.7585591e-03   6.8184589e-02   6.1384281e-02  -4.4409991e-04  -1.9878156e-04   8.8415138e-05
   6.6787975e-03   9.9510107e-02   6.7473336e-02  -6.7720138e-04  -2.4317334e-04   2.1402957e-04
   5.6295263e-04   6.1405745e-02   4.2821240e-02  -8.6091937e-04  -4.2716767e-04  -5.0108984e-05
   1.0241481e-03   4.2661709e-02   7.0147295e-02  -1.2239755e-04  -2.8787366e-04   2.8462844e-05
   1.2114016e-02   9.1207443e-02   9.7347129e-02  -1.0348982e-03  -2.9695664e-04   1.8008955e-04
   9.1497339e-03   5.2703670e-02   6.0144644e-02  -7.2407623e-04  -2.2184700e-04   8.2891162e-05
   9.1634880e-03   5.1942393e-02   7.8369278e-02  -3.8384889e-04  -3.0474575e-04   1.5233010e-04
   2.5633735e-02   1.1707337e-01   1.1564107e-01  -1.1947958e-03  -4.7077562e-04   1.4251116e-04
   1.2414723e-02   1.8827013e-02   7.0064376e-02   2.0630271e-04  -2.9783711e-04   5.1851366e-05
   2.0622813e-02   1.4095522e-01   9.7857710e-02  -1.2550118e-03  -3.4048163e-04   2.6121636e-04
   8.7222608e-03   3.4549690e-02   6.5883440e-02  -1.9905073e-04  -1.8250607e-04   8.4450311e-05
   2.2869241e-02   1.0651611e-01   1.0718854e-01  -9.2275650e-04  -3.9144904e-04   2.0287787e-04
   2.2406095e-02   6.3665302e-02   7.0208907e-02  -3.3621710e-04  -4.6402241e-04  -2.5017591e-05
   1.5897234e-02   7.5980070e-02   7.7211401e-02  -6.5704410e-04  -3.7065570e-04   1.3432653e-04
   2.6938483e-02   8.6544810e-02   1.0911496e-01  -6.2943430e-04  -5.3592609e-04  -2.6156733e-06
   1.2041356e-02   5.5372047e-02   6.0680061e-02  -1.0134383e-03  -3.1633370e-04  -1.0413437e-05
   2.1488376e-02   9.1411129e-02   1.0153259e-01  -1.1347998e-03  -4.8429087e-04   8.1514995e-06
   1.9420768e-02   5.8043452e-02   7.0380511e-02  -5.3092421e-04  -6.8520820e-04  -1.1941899e-04
   1.4737956e-02   6.1788056e-02   5.7742683e-02  -9.6862539e-04  -5.3719561e-04   1.3679136e-05
   1.8693783e-02   9.0295515e-02   1.0257842e-01  -6.2927145e-04  -5.4949109e-04   3.6611219e-05
   2.1823067e-02   7.5708237e-02   5.5878830e-02  -8.9188162e-04  -7.5819753e-04  -1.2946420e-05
   1.3709474e-02   5.8617388e-02   6.2758593e-02  -2.3384663e-04  -5.5635711e-04   1.7086361e-05
   2.8582050e-02   1.1600721e-01   1.0016659e-01  -1.1014448e-03  -8.2374624e-04   3.7822512e-05
   2.0935089e-02   5.2701436e-02   7.2240195e-02  -1.1907222e-04  -5.3768831e-04  -6.8706628e-05
   1.7765995e-02   8.3307808e-02   6.3919597e-02  -1.1515556e-03  -5.3925472e-04  -2.4156447e-05
   2.6517476e-02   6.9324989e-02   1.1429670e-01  -2.4783528e-04  -5.4752169e-04  -2.1378406e-05
   1.8694225e-02   8.3406912e-02   5.2226008e-02  -1.0857847e-03  -4.2321963e-04   1.5739483e-05
   1.7803089e-02   3.3028704e-02   7.5803492e-02  -3.5344725e-04  -5.1248899e-04  -3.0258078e-05
   1.7077093e-02   9.8775465e-02   8.1077566e-02  -1.1075640e-03  -3.5620103e-04  -1.2436976e-05
   1.4878650e-02   3.3867213e-02   5.6840924e-02  -9.6193702e-05  -4.3281615e-04  -7.0463600e-05
   3.1916023e-02   1.1886228e-01   1.0722803e-01  -1.3106975e-03  -7.3980827e-04   2.1579367e-05
   1.9967694e-02   5.0943960e-02   3.8827007e-02  -4.9224075e-04  -3.8666438e-04  -5.3215663e-05
   2.5013590e-02   9.7019366e-02   6.6241307e-02  -9.3680320e-04  -5.6024196e-04  -2.3108431e-05
   2.9262834e-02   9.2585177e-02   7.5571686e-02  -2.4516365e-04  -7.0389522e-04  -1.5981808e-04
   1.7633630e-02   5.9663068e-02   3.8981662e-02  -1.8917001e-04  -4.3033646e-04  -2.5852344e-05
   4.3193802e-02   1.2518741e-01   1.1072903e-01  -1.2567134e-03  -8.6104495e-04  -2.7703919e-05
   8.8828536e-03   4.3319713e-02   2.9562068e-02  -3.7430223e-04  -2.5672670e-04  -1.1139912e-04
   3.6671760e-02   1.2152275e-01   1.0733529e-01  -1.3370592e-03  -7.5601835e-04   3.8802207e-05
   2.3623496e-02   5.0982263e-02   8.4289101e-02  -5.3628915e-04  -4.5660340e-04  -8.2015099e-06
   2.7035776e-02   7.3746780e-02   6.0986109e-02  -1.2326015e-03  -7.0336571e-04  -2.3292942e-05
   2.1198051e-02   7.7503859e-02   9.2451673e-02  -5.9993537e-04  -4.9682502e-04   6.3693363e-05
   2.0107845e-02   8.6633308e-02   5.2785336e-02  -9.8322774e-04  -6.0939286e-04  -9.7556658e-05
   1.3953312e-02   5.9902857e-02   3.6868028e-02   7.2524384e-05  -4.0767832e-04  -5.6977907e-05
   3.7162180e-02   1.1947469e-01   1.0416734e-01  -1.3350546e-03  -8.8412231e-04   8.9358439e-05
   1.7728018e-02   6.3522573e-02   7.4863722e-02  -2.6014968e-04  -5.1760523e-04   7.1149779e-05
   2.2608764e-02   8.4285501e-02   5.3881793e-02  -9.3967103e-04  -8.2438021e-04  -1.5033750e-05
   2.0079275e-02   8.0822950e-02   9.9603190e-02  -3.2777505e-04  -7.4849208e-04   1.5800251e-04
   2.4111608e-02   8.1334308e-02   7.9933577e-02  -5.4172004e-04  -8.6396963e-04  -7.0358939e-05
   3.3982050e-04   6.5656269e-02   3.1819719e-02  -4.3338393e-05  -4.7732691e-04  -1.9692737e-04
   1.7623149e-02   1.0867955e-01   8.9997449e-02  -6.6118128e-04  -5.4644171e-04   4.3236853e-06
  -4.7859085e-04   6.7708800e-02   2.8772159e-02  -9.0999745e-04  -5.0390259e-04  -7.9282318e-05
   1.4034532e-02   8.0016821e-02   7.9214569e-02  -7.9489044e-04  -7.7918663e-04  -2.7378680e-05
   1.7458569e-02   8.5262781e-02   7.3174132e-02  -4.0023357e-04  -6.1114426e-04  -4.1382623e-05
   6.5837803e-03   7.2520379e-02   2.8796446e-02  -7.2672115e-04  -6.6067846e-04  -1.6629811e-04
   1.3842716e-02   8.8710069e-02   8.0386991e-02  -5.5069860e-04  -5.9346764e-04   7.6393262e-05
   1.4980967e-02   8.6729567e-02   2.8288676e-02  -8.6663709e-04  -7.8404944e-04  -9.5806776e-05
   5.2484149e-03   7.0842675e-02   4.4186594e-02  -4.4400472e-04  -5.7867330e-04  -2.6885059e-06
   2.2027122e-02   9.9000502e-02   5.2716272e-02  -7.4890223e-04  -8.4239431e-04  -1.4533272e-04
   3.8644125e-03   5.9910558e-02   4.5192317e-03  -2.5259587e-04  -6.1793879e-04  -6.9039736e-05
   3.3382140e-02   1.3198494e-01   1.0487528e-01  -1.1411860e-03  -8.3053088e-04   1.1056957e-04
   1.2009570e-02   3.5647376e-02   3.0596354e-02  -2.1941061e-04  -4.9342878e-04  -5.3665079e-05
   2.3016069e-02   8.9434646e-02   6.6423262e-02  -8.6791086e-04  -5.4619492e-04  -4.2906500e-05
   2.8214726e-02   5.6427719e-02   1.0337993e-01  -1.4731647e-05  -5.4745843e-04  -4.7316382e-05
   1.8925599e-02   5.7649904e-02   4.0858985e-02  -8.7740761e-04  -4.9018537e-04  -7.0615919e-05
   3.2155723e-02   6.4639189e-02   1.0708902e-01  -1.6741461e-05  -7.2410082e-04  -3.5683033e-05
   1.8114205e-02   9.3614322e-02   5.7922069e-02  -1.0520540e-03  -5.9381671e-04  -3.7661880e-05
   1.0418692e-02   4.0074568e-02   4.0694821e-02  -1.9377440e-04  -5.4719386e-04  -1.0799588e-04
   2.9423684e-02   1.2878195e-01   6.8396108e-02  -1.2697819e-03  -8.4402408e-04  -1.3139645e-04
   1.7816728e-02   5.9927581e-02   3.0953395e-02  -6.1295471e-04  -6.4037771e-04  -1.5364277e-04
   2.4771095e-02   9.9490358e-02   6.4737056e-02  -7.5857582e-04  -8.3814579e-04  -6.8731012e-06
   3.4409278e-02   9.2338159e-02   7.4447113e-02  -5.8599146e-04  -8.8197953e-04  -1.7630953e-04
  -1.6891489e-03   5.0598719e-02  -1.8563497e-02  -2.3569198e-07  -5.8790357e-04  -3.8540163e-04
   3.8054605e-02   1.3162964e-01   8.3708214e-02  -1.4976335e-03  -1.0404788e-03  -4.5130948e-05
   1.8329595e-02   1.5389444e-02   2.0315659e-02   1.4578498e-05  -7.9854754e-04  -2.4112291e-04
   2.4633813e-02   9.0695730e-02   6.2052594e-02  -1.2269041e-03  -7.0620475e-04  -8.8722908e-05
   2.6599084e-02   5.2090090e-02   8.4419700e-02   1.4825910e-04  -8.2753170e-04  -1.9131181e-04
   1.6441426e-02   7.4888162e-02   3.7916359e-02  -9.1628062e-04  -6.4181119e-04  -8.2893167e-05
   2.9498801e-02   6.1219287e-02   7.7383788e-02  -2.4844379e-04  -1.0081174e-03  -1.0354974e-04
   2.1469558e-02   9.7460629e-02   6.4198939e-02  -1.0676941e-03  -7.0011895e-04  -1.6824961e-04
   5.4131743e-03   2.7271167e-02  -3.9643156e-03  -2.8001929e-04  -6.8308167e-04  -2.7549914e-04
   1.8539404e-02   9.5713957e-02   5.3280197e-02  -1.2772274e-03  -8.0081573e-04  -1.5902117e-04
   1.7705183e-02   3.9520332e-02   4.9154960e-02  -1.6618909e-05  -6.8642490e-04  -1.7189495e-04
   7.9748788e-03   7.5818811e-02  -2.9731739e-03  -9.5198580e-04  -8.5932838e-04  -2.6787294e-04
   1.5888370e-02   8.5281159e-02   5.8939799e-02  -6.0404192e-04  -7.9852631e-04  -2.1017147e-04
   1.1847093e-02   5.2488163e-02   1.3298422e-02   3.1181810e-04  -8.1321412e-04  -4.5085381e-04
   2.2745208e-02   8.8708519e-02   2.6242533e-02  -6.5455304e-04  -1.0677107e-03  -2.3933590e-04
   1.9119564e-02   1.0278096e-01   6.3147323e-02  -7.0966821e-04  -9.3540476e-04  -1.1483732e-04
   1.8673292e-02   5.7353941e-02   2.0125002e-02  -4.6115876e-04  -1.0433402e-03  -3.0431804e-04
   1.2088490e-02   6.4216517e-02   1.3004098e-02  -3.3125215e-04  -8.7641781e-04  -1.6296280e-04
   3.3919744e-02   1.0896013e-01   5.9772234e-02  -7.9457768e-04  -1.2376221e-03  -2.6076610e-04
   7.0684693e-03   4.0624004e-02  -4.8120770e-03  -7.8464655e-05  -8.3718938e-04  -2.6618396e-04
   2.7207583e-02   1.3263078e-01   4.5177208e-02  -1.2930853e-03  -1.1311801e-03  -5.3900902e-05
   2.0469040e-02   6.7321558e-02   4.0490902e-02  -1.7116478e-04  -8.2811713e-04  -1.4771452e-04
   1.4326557e-02   7.3923999e-02  -1.4438507e-03  -7.6399073e-04  -9.6593744e-04  -1.8821899e-04
   2.5307145e-02   9.2558380e-02   4.0538258e-02  -3.8867085e-04  -8.9111149e-04   2.3915923e-05
   2.6714581e-02   8.6995689e-02   1.4184064e-02  -8.3877871e-04  -1.0260910e-03  -1.9297833e-04
   1.8856807e-02   5.3096071e-02   2.4405729e-02  -2.7692138e-04  -8.5129082e-04  -1.0002427e-04
   2.3745121e-02   9.8821477e-02   5.1388996e-02  -4.6969461e-04  -7.1374364e-04  -2.1910068e-04
   1.2503534e-02   1.1347191e-02  -7.9699340e-04   2.5911747e-04  -6.2608722e-04  -2.2088101e-04
   1.8498627e-02   8.0361047e-02   2.7986550e-02  -8.2095605e-04  -6.9723340e-04  -1.3090833e-04
   2.7426847e-02   5.7125653e-02   5.6738863e-02   2.3140601e-04  -8.8394537e-04  -3.6981329e-04
   2.0349264e-02   4.3829926e-02   9.2032252e-03  -4.7922821e-04  -6.7905298e-04  -2.0719030e-04
   3.5246022e-02   9.8216973e-02   7.5847815e-02  -1.1283786e-03  -9.3885273e-04  -1.6135937e-04
   2.1354536e-02   2.8823599e-02   2.1163806e-02  -2.9516220e-04  -6.5894523e-04  -1.3425463e-04
   2.7916458e-02   6.5302328e-02   5.3560813e-02  -6.6218940e-04  -9.6377463e-04  -1.9829755e-04
   2.3696390e-02   7.4888896e-02   5.9537206e-02  -3.4041303e-04  -6.4757660e-04  -1.6211403e-04
   1.4729079e-02   7.7571252e-02   1.6116885e-03  -8.8963569e-04  -9.2579486e-04  -2.4191703e-04
   2.2766214e-02   6.6619777e-02   6.7351381e-02   2.3783089e-04  -7.2995316e-04  -1.7016915e-04
   8.9154466e-03   6.7019757e-02  -1.9930090e-02   1.5044875e-04  -7.2928933e-04  -2.6443939e-04
   1.8996406e-02   7.3895050e-02   3.9094660e-02   2.6170994e-04  -7.8398078e-04  -1.3950905e-04
   2.0686995e-02   9.5010728e-02   2.1540624e-02  -3.6655083e-04  -7.6116587e-04  -3.3144282e-04
   1.4470139e-02   5.2921000e-02  -2.5458346e-03   1.9460169e-04  -8.4579565e-04  -2.4531595e-04
   3.1959780e-02   1.3121858e-01   5.4511402e-02  -8.4510323e-04  -1.0192981e-03  -2.1109570e-04
   2.1952050e-02   5.2097411e-02  -1.2313056e-04   1.8958651e-04  -8.2871739e-04  -2.6205040e-04
   2.5862331e-02   1.0401605e-01   3.1048431e-02  -6.2539916e-04  -9.2486477e-04  -1.1363740e-04
   3.1473473e-02   9.5254799e-02  -7.4690048e-03  -6.0454906e-04  -1.0651633e-03  -2.7898453e-04
   2.0054856e-02   6.1234926e-02  -2.9375196e-02  -1.8122644e-04  -9.8539966e-04  -2.0433093e-04
   3.7074181e-02   1.0840766e-01   4.4269214e-02  -6.2287916e-04  -1.0737626e-03  -3.0377592e-04
   2.2609727e-02   3.2325115e-02  -1.7428766e-02   3.9079562e-04  -8.8766524e-04  -4.3654631e-04
   3.0421525e-02   7.6208975e-02   2.5930009e-02  -5.6774359e-04  -1.0685489e-03  -2.2191394e-04
   2.6118893e-02   6.1034024e-02   2.0731005e-02  -1.6456481e-04  -8.3121110e-04  -2.5738186e-04
   2.8264357e-02   3.2400508e-02   6.7150823e-03   1.4991948e-04  -9.5719027e-04  -3.3756955e-04
   3.9955116e-02   1.1099931e-01   7.2027567e-02  -1.0356850e-03  -1.0082118e-03  -1.7055652e-04
   2.7699881e-02  -8.4482701e-03   2.2390902e-02   9.2207062e-04  -7.5805059e-04  -4.7140156e-04
   4.3052306e-02   9.3165272e-02   1.4290253e-02  -1.2331191e-03  -1.0627994e-03  -1.9600424e-04
   3.5570298e-02   2.9196933e-02   4.0230193e-02   3.5093096e-04  -6.7139268e-04  -3.1567998e-04
   2.8843722e-02   6.2828766e-02  -1.7590151e-02  -6.9110007e-04  -8.1335927e-04  -1.5761169e-04
   3.9659337e-02   6.8763422e-02   4.8576820e-02   1.0253428e-04  -1.0753266e-03  -1.5133057e-04
   3.5756070e-02   6.7731906e-02   1.2093264e-02  -1.3571517e-04  -9.0065790e-04  -3.4338068e-04
   4.0407362e-02   2.2539932e-02   2.8941406e-02   1.1020658e-03  -9.6736316e-04  -4.3336763e-04
   4.6451329e-02   1.0804193e-01   5.2158564e-02  -4.5678384e-04  -9.4674098e-04  -2.8967401e-04
   3.7069537e-02   2.4361565e-02  -8.6425562e-03   2.1445096e-04  -8.1057176e-04  -2.5422319e-04
   5.1426400e-02   1.1146584e-01   6.1271677e-02  -7.7917177e-04  -9.5460402e-04  -7.4306225e-05
   4.3943130e-02   4.9962059e-02   2.4655139e-02  -1.6233487e-04  -9.5800752e-04  -2.0053619e-04
   3.7732484e-02   4.9421555e-02   6.8977133e-03  -2.1208177e-04  -9.1206711e-04  -1.5389449e-04
   5.3193486e-02   9.5180614e-02   5.7127530e-02  -7.1688574e-04  -1.0734672e-03  -2.0858149e-04
   3.6388481e-02   3.7136095e-02   6.5100749e-03  -9.7194336e-05  -8.6276893e-04  -2.6877842e-04
   4.2440606e-02   7.9006932e-02   2.6745965e-02  -6.3175094e-04  -1.0792528e-03  -1.2564655e-04
   4.2610036e-02   8.3570776e-02   5.5061010e-02  -1.6436492e-04  -9.5011062e-04  -1.7046523e-04
   3.5575586e-02   5.7137372e-02   3.7659840e-04  -3.7464851e-04  -1.0491037e-03  -2.5091123e-04
   4.7494297e-02   8.9918726e-02   5.6001088e-02  -4.5337182e-04  -1.0375479e-03  -1.1717044e-04
   4.7373586e-02   7.3144223e-02  -5.6397112e-03  -6.5653095e-04  -1.2225943e-03  -1.6713195e-04
   3.8647719e-02   6.4323529e-02   2.5673324e-03  -2.1097071e-04  -1.1316998e-03  -1.3651892e-04
   5.4201640e-02   8.9877944e-02   2.4848890e-02   3.3839763e-05  -1.3269570e-03  -4.0588617e-04
   3.4325607e-02   4.3433434e-02  -2.8073831e-02   3.7525878e-04  -8.8491536e-04  -2.4559813e-04
   5.0879464e-02   1.2074013e-01   3.5047798e-02  -5.0130072e-04  -1.2294762e-03  -2.2196202e-04
   4.1195105e-02   2.2129367e-02  -2.6259135e-02   6.0814643e-04  -1.1975333e-03  -3.4650729e-04
   3.9191675e-02   7.4266612e-02  -1.7892873e-04  -5.7136909e-04  -1.0487487e-03  -2.4531000e-04
   4.6982231e-02   2.1228234e-02   3.1030368e-02   7.9813239e-04  -1.1922605e-03  -4.9598347e-04
   3.6934520e-02   6.7235261e-02  -1.1486803e-02  -5.0407287e-04  -8.7237817e-04  -3.7387782e-04
   5.3580712e-02   5.2489531e-02   4.8450987e-02   2.2442664e-04  -1.2337307e-03  -3.1445740e-04
   4.8100631e-02   6.2453470e-02  -1.8746461e-02  -4.0374050e-04  -1.1992790e-03  -3.0322090e-04
   4.2502066e-02   5.7439105e-02  -1.3807238e-02  -6.1897363e-05  -1.0485970e-03  -2.2877879e-04
   5.9436649e-02   8.7840762e-02   4.3561214e-02   1.8323287e-04  -1.4367449e-03  -5.8966762e-04
   4.0659251e-02   3.3238696e-02  -1.8217371e-02   3.4165114e-04  -1.1339448e-03  -2.7532615e-04
   3.8681289e-02   9.1960696e-02  -1.5399351e-02  -5.9090183e-04  -1.2001932e-03  -1.9314700e-04
   4.6363287e-02   4.1920888e-02   1.2461711e-02   1.1594364e-03  -1.0911487e-03  -4.5357217e-04
   3.7622834e-02   8.3545148e-02  -4.1138434e-02  -3.8674651e-04  -1.0934062e-03  -3.6918082e-04
   5.1530373e-02   5.1193924e-02   2.1562548e-02   3.2039910e-04  -1.3545639e-03  -3.2278316e-04
   4.8329031e-02   7.0790381e-02  -6.3357903e-03  -3.6706317e-04  -1.1008869e-03  -4.4132522e-04
   4.0645953e-02   1.6921815e-02  -2.4974764e-02   6.2018260e-04  -1.0188912e-03  -3.6860487e-04
   5.4628611e-02   1.0418986e-01   3.4480121e-02  -5.2872935e-04  -1.2157124e-03  -2.9229752e-04
   4.0971071e-02   8.2821740e-03  -2.0910935e-02   8.1223174e-04  -8.5293283e-04  -4.7572864e-04
   6.0887915e-02   1.1465631e-01   2.3849280e-02  -4.9593455e-04  -1.2034528e-03  -2.0796928e-04
   5.9121168e-02   5.5631754e-02   2.3821202e-02   4.3086557e-04  -1.1773670e-03  -4.3527096e-04
   4.4926643e-02   5.5421525e-02  -1.4108892e-02  -1.9596057e-04  -1.0427341e-03  -2.5650382e-04
   5.9443268e-02   8.4931403e-02   5.2378994e-02  -3.0586807e-04  -1.3613524e-03  -2.6812504e-04
   4.8008882e-02   4.4132983e-02   1.4041449e-02   1.8315337e-04  -1.1770572e-03  -3.1665839e-04
   5.6131663e-02   6.4689595e-02   7.6509745e-03  -3.9742078e-04  -1.3799597e-03  -2.9016589e-04
   5.9480477e-02   6.0777985e-02   5.6558690e-02   5.6055514e-04  -1.3353000e-03  -3.9852438e-04
   5.5911349e-02   6.0188284e-02  -9.9466484e-03  -5.2530655e-04  -1.4005201e-03  -2.6815258e-04
   5.9200555e-02   5.0329475e-02   3.7765424e-02   1.6663542e-04  -1.3473863e-03  -3.1502387e-04
   5.0613840e-02   6.1489603e-02   1.1114480e-02  -3.1244434e-04  -1.2190799e-03  -3.9284139e-04
   4.8838669e-02   1.6931784e-02  -2.0731556e-02   3.6338066e-04  -1.3668222e-03  -3.5551934e-04
   5.8163209e-02   1.0336694e-01   1.5877795e-02  -7.1617485e-04  -1.4041479e-03  -2.0060044e-04
   5.8057303e-02   2.5578328e-02  -2.2950181e-02   3.8477238e-04  -1.2743137e-03  -3.7489372e-04
   5.4944142e-02   6.8575297e-02  -1.1522856e-02  -4.6040137e-04  -1.2246879e-03  -2.5840197e-04
   6.2657842e-02   5.4794601e-02   3.5510804e-02   1.2403361e-04  -1.1765615e-03  -3.1075047e-04
   5.3722250e-02   4.9751594e-02  -2.4336612e-02  -2.2053914e-04  -1.0978889e-03  -2.8634378e-04
   6.0401605e-02   4.5360126e-02   3.6271268e-02   4.0628345e-04  -1.2508881e-03  -3.3227783e-04
   5.8689012e-02   6.9911242e-02  -1.5417146e-02  -4.3852866e-04  -1.1959101e-03  -3.0836817e-04
   5.7948925e-02   2.9507289e-02  -1.6979442e-03   4.9134261e-04  -1.3460093e-03  -3.0870454e-04
   5.9733411e-02   8.4614557e-02   2.4710386e-02  -4.2445767e-04  -1.2687570e-03  -3.0989410e-04
   5.2125831e-02  -1.8062035e-03  -2.9663794e-02   7.2242761e-04  -1.2501951e-03  -4.1238775e-04
   6.0737112e-02   8.6451514e-02   1.0100004e-02  -4.3540763e-04  -1.2740252e-03  -2.5114200e-04
   6.2490954e-02   3.0872937e-02   1.1165446e-02   1.0504928e-03  -1.3509033e-03  -4.1847704e-04
   5.2270954e-02   7.3564784e-02  -2.6146759e-02  -1.8278838e-04  -1.2112268e-03  -2.7509337e-04
   7.1915170e-02   5.2691912e-02  -2.7893294e-03   5.6635176e-04  -1.6870983e-03  -2.9287850e-04
   5.9700974e-02   8.7722016e-02  -6.0704959e-05  -1.5275199e-04  -1.2944671e-03  -2.9830812e-04
   5.4088457e-02   2.7220326e-02  -2.0458990e-02   6.6593679e-04  -1.2887071e-03  -3.3709941e-04
   6.0328456e-02   1.1598002e-01   3.7965292e-02  -4.0374655e-04  -1.2705031e-03  -1.5684448e-04
   5.7101299e-02   3.4666707e-02  -1.3389340e-02   5.5249860e-04  -1.3145534e-03  -2.3338284e-04
   6.2969611e-02   8.8950405e-02  -1.4057580e-03  -4.3870381e-04  -1.4874711e-03  -1.6246468e-04
   5.6135022e-02   5.5267384e-02   7.2050163e-03   5.6081201e-04  -1.2204207e-03  -1.8411990e-04
   6.1377316e-02   5.8800985e-02  -3.7646620e-02  -2.3250103e-04  -1.4985149e-03  -2.3397624e-04
   6.8511103e-02   6.1864737e-02   2.8803801e-02  -9.0884969e-05  -1.2757190e-03  -2.1015187e-04
   6.8758679e-02   4.1088398e-02  -2.6763692e-02  -4.0488530e-05  -1.4363436e-03  -3.2255835e-04
   6.1281284e-02   3.3870701e-02  -3.6535576e-02   3.3177625e-04  -1.2326191e-03  -1.5780142e-04
   8.3845889e-02   7.9722620e-02   8.6015246e-03  -9.7074811e-05  -1.7304157e-03  -2.6505999e-04
   6.2485938e-02   1.8146601e-02  -5.6257788e-02   5.6436722e-04  -1.2251077e-03  -2.2398258e-04
   7.5728944e-02   8.4947539e-02   1.3214661e-02  -2.0966718e-04  -1.5608742e-03  -2.3540488e-04
   5.1057894e-02   1.5760176e-02  -6.4409000e-02   6.7438511e-04  -1.0988207e-03  -2.5807522e-04
   6.9342854e-02   7.9394656e-02   2.4680678e-03  -2.6085316e-04  -1.5686854e-03  -2.2239405e-04
   5.5660262e-02   1.6006016e-02  -2.1370223e-02   1.1649499e-03  -1.2472060e-03  -4.0472923e-04
   6.0756864e-02   5.6396298e-02  -4.7078602e-02  -1.1500871e-04  -1.4136888e-03  -2.5309910e-04
   6.3656437e-02   4.1000729e-02   1.7713688e-02   8.6688087e-04  -1.2718753e-03  -3.5942924e-04
   6.0803883e-02   2.1753411e-02  -4.1307433e-02   1.1441593e-05  -1.4408351e-03  -3.8269200e-04
   6.4158602e-02   3.8534556e-02   1.4275742e-02   1.9774219e-04  -1.3355605e-03  -1.8663678e-04
   6.4125043e-02   2.9687935e-02  -1.8967043e-02   9.7481353e-05  -1.3840971e-03  -3.4945050e-04
   4.9899811e-02   2.3021727e-02  -5.7581204e-02   4.7720681e-04  -1.2038238e-03  -3.1465535e-04
   5.7153477e-02   5.5156087e-02  -6.0281528e-03   1.1994710e-04  -1.1969186e-03  -2.3004974e-04
   6.5426516e-02   3.7140329e-02  -4.1798214e-02   4.1260688e-04  -1.2569075e-03  -4.2440847e-04
   5.5479983e-02   3.3831568e-02  -6.2809970e-02   4.0195845e-04  -1.1489178e-03  -3.8102400e-04
   7.1107224e-02   8.5716520e-02   3.0101484e-03  -1.4287709e-04  -1.3683964e-03  -3.3085601e-04
   6.7506929e-02   3.1268174e-03  -6.5969128e-02   1.2521493e-03  -1.2732842e-03  -3.9395806e-04
   8.5675044e-02   1.0820644e-01  -1.7573035e-02  -2.4252069e-04  -1.5042338e-03  -3.7484028e-04
   7.5991894e-02   1.1781797e-02  -6.1932509e-02   1.0057341e-03  -1.5034552e-03  -4.1208698e-04
   7.4977322e-02   8.2790006e-02  -2.2825235e-02  -3.3058113e-05  -1.6374505e-03  -3.4801020e-04
   7.8363519e-02   4.2742398e-02  -7.4476447e-03   8.2060536e-04  -1.5967808e-03  -4.7948156e-04
   6.7146035e-02   3.9271052e-02  -4.6569659e-02   4.6095867e-04  -1.4844443e-03  -5.2526106e-04
   7.1491036e-02   3.7100002e-02  -1.9524599e-03   1.0598426e-03  -1.5837954e-03  -4.1810850e-04
   6.4688311e-02   6.5301445e-02  -2.1605783e-02   4.6416257e-04  -1.4844992e-03  -5.6675026e-04
   5.6818173e-02   1.7495629e-02  -4.2776481e-02   8.4717562e-04  -1.3502684e-03  -4.3201040e-04
   7.2970309e-02   1.0008095e-01   1.8494416e-02  -3.5582487e-04  -1.5290177e-03  -3.0789388e-04
   6.0887933e-02   1.9216476e-02  -2.9672507e-02   8.1276874e-04  -1.3153530e-03  -3.2654714e-04
   6.2915615e-02   6.7006623e-02  -2.9932077e-02  -7.8834078e-05  -1.3268303e-03  -3.2087285e-04
   7.8227644e-02   5.7457506e-02   1.7689955e-02   9.5653619e-04  -1.6181400e-03  -3.1768545e-04
   6.6877205e-02   6.8181150e-02  -3.7426952e-02  -5.8118504e-05  -1.4012206e-03  -2.5016370e-04
   7.8282160e-02   5.1262532e-02   7.9978438e-03   5.7024992e-04  -1.6894004e-03  -3.4387887e-04
   7.5789180e-02   7.5891650e-02  -1.1632145e-02  -1.4644141e-04  -1.6442538e-03  -3.7320233e-04
   5.5984404e-02   1.6767824e-02  -4.4268620e-02   6.0226780e-04  -1.3950331e-03  -3.9662674e-04
   7.5490549e-02   5.9781893e-02   1.7257652e-02   5.7547961e-04  -1.6180253e-03  -4.7852862e-04
   5.8782176e-02   3.5571501e-02  -5.1598490e-02   1.1545509e-04  -1.3728525e-03  -3.9609628e-04
   5.7350044e-02   8.1286484e-02  -1.6924152e-02  -6.1390213e-05  -1.2946756e-03  -3.6320960e-04
   4.7715772e-02   4.1828996e-02  -8.2501015e-02   1.2799289e-04  -1.4371671e-03  -5.2988379e-04
   5.1118192e-02   6.7203510e-02  -5.3541015e-02   1.1655556e-04  -1.4486880e-03  -5.2887548e-04
   5.4336716e-02   5.6901629e-02  -4.8604905e-02   4.8877980e-04  -1.4594965e-03  -5.2412718e-04
   4.9454657e-02   2.1549014e-02  -6.2045584e-02   1.3066688e-03  -1.6210961e-03  -7.3484042e-04
   6.2301959e-02   9.9459431e-02  -7.4252476e-03   8.2553478e-05  -1.5887506e-03  -3.8835320e-04
   5.5251855e-02   3.5554365e-03  -6.2825809e-02   1.1852640e-03  -1.6290072e-03  -5.9717215e-04
   5.1428633e-02   7.0839551e-02  -4.8468786e-02   2.8016121e-04  -1.5277458e-03  -5.1492303e-04
   5.4396566e-02   4.2361512e-02  -6.2256978e-02   8.4191353e-04  -1.4968138e-03  -6.2439865e-04
   4.0060356e-02   5.1416320e-02  -9.9994435e-02   4.2670274e-04  -1.3372734e-03  -5.2082985e-04
   6.6009105e-02   8.3836586e-02  -2.2150899e-02   1.9284683e-04  -1.5509549e-03  -4.2585421e-04
   4.9761404e-02   2.3273438e-02  -7.8893565e-02   7.3299162e-04  -1.3337165e-03  -4.2790718e-04
   7.2808953e-02   6.7782269e-02  -2.7416803e-02   4.4333497e-04  -1.6600358e-03  -4.3473348e-04
   6.5644756e-02   4.2804003e-02  -6.2411774e-02   9.2205728e-04  -1.3759806e-03  -4.8907103e-04
   7.3985344e-02   6.2147754e-02  -6.7829376e-02   4.7274713e-04  -1.6154082e-03  -4.5943324e-04
   7.8280513e-02   5.6633851e-02  -4.5852929e-03   1.1538867e-03  -1.5869719e-03  -3.8887731e-04
   6.5534043e-02   5.0681900e-02  -6.7717024e-02   2.0338451e-04  -1.3398082e-03  -3.9376031e-04
   7.6206719e-02   4.9028700e-02  -3.9590934e-03   8.1193194e-04  -1.6063236e-03  -3.5297661e-04
   6.7394163e-02   5.2102617e-02  -5.6578962e-02   3.1464005e-04  -1.3902490e-03  -3.7123992e-04
   7.1708313e-02   4.3594369e-02  -5.4153402e-02   3.9084385e-04  -1.5174937e-03  -4.6554044e-04
   7.6488352e-02   5.5570413e-02  -4.0995404e-03   6.3197920e-04  -1.5246410e-03  -3.1943602e-04
   7.2125734e-02   4.8436120e-02  -6.3153494e-02   7.5583589e-05  -1.6265786e-03  -4.2866385e-04
   6.1746519e-02   1.3828161e-02  -3.8888182e-02   9.2182726e-04  -1.3647523e-03  -5.2561689e-04
   6.7505944e-02   7.5844057e-02  -3.4710190e-02   2.7401529e-04  -1.5408061e-03  -3.8981447e-04
   5.5595023e-02   2.9662812e-02  -7.8157246e-02   5.5528146e-04  -1.5547856e-03  -4.7961722e-04
   6.0567896e-02   6.2499810e-02  -2.4149864e-02   6.9878839e-04  -1.4625401e-03  -4.3234449e-04
   6.8726780e-02   4.5617017e-02  -9.2011479e-02   3.0668925e-04  -1.7875560e-03  -4.5177121e-04
   6.2395155e-02   2.8109539e-02  -7.3420981e-02   7.7946790e-04  -1.5819092e-03  -4.7572268e-04
   7.2463339e-02   6.7817517e-02  -5.5723014e-02   5.6378238e-04  -1.6498005e-03  -6.8517937e-04
   4.1326462e-02  -3.0446993e-03  -1.2781811e-01   1.1099884e-03  -1.4918295e-03  -7.2390269e-04
   6.4056169e-02   8.1357857e-02  -4.4550857e-02   6.8718655e-05  -1.6030341e-03  -4.9157851e-04
   7.4635129e-02   1.9729979e-02  -4.2051018e-02   1.3065425e-03  -1.9084436e-03  -6.2275340e-04
   6.9508909e-02   5.9996648e-02  -6.9285033e-02   7.5989725e-05  -1.8604152e-03  -4.9936598e-04
   7.1573728e-02   3.6326996e-02  -3.0347269e-02   1.2956473e-03  -1.8119270e-03  -5.3982227e-04
   7.5358529e-02   5.3352315e-02  -7.5675163e-02   1.0823792e-04  -1.9722349e-03  -5.4665851e-04
   7.1019780e-02   2.3205079e-02  -7.6445788e-02   8.6016463e-04  -1.7330012e-03  -4.2737273e-04
   7.8316339e-02   9.0651703e-02  -3.2471147e-02   1.9441793e-04  -1.6712854e-03  -4.7847389e-04
   6.8982115e-02   7.5205674e-03  -1.0499591e-01   1.2490919e-03  -1.5776697e-03  -4.5014146e-04
   8.1848097e-02   9.2778890e-02  -3.7648959e-02   1.4890109e-04  -1.9146210e-03  -3.9653821e-04
   7.9141607e-02   2.4129063e-02  -6.6985079e-02   1.1157575e-03  -1.6379369e-03  -4.6270348e-04
   7.9883560e-02   5.2331338e-02  -8.5283475e-02   2.4735137e-04  -1.7874886e-03  -4.4996129e-04
   8.3308595e-02   4.9830709e-02  -3.8336586e-02   9.0245537e-04  -1.5140864e-03  -4.1693114e-04
   8.3660936e-02   3.3709342e-02  -9.5259435e-02   6.8594433e-04  -1.7410040e-03  -5.3995840e-04
   8.7738036e-02   5.3349486e-02  -2.3835614e-02   1.0025742e-03  -1.7915299e-03  -5.0168991e-04
   7.6094111e-02   1.6130866e-02  -8.7793640e-02   1.0609649e-03  -1.8253745e-03  -6.0316927e-04
   8.2486207e-02   4.7702701e-02  -4.6508576e-02   8.3445559e-04  -1.8642432e-03  -4.4241878e-04
   7.3975616e-02   2.3889199e-02  -8.0728708e-02   4.4901672e-04  -1.7066053e-03  -5.6851491e-04
   7.8199737e-02   5.3848116e-02  -8.4594186e-02  -9.2242907e-05  -1.8146288e-03  -4.5395206e-04
   8.1253954e-02   3.4372809e-02  -4.3488918e-02   7.3640741e-04  -1.6881862e-03  -4.5277956e-04
   8.2380893e-02   5.9595949e-02  -9.1526582e-02  -7.3838231e-04  -1.7776614e-03  -4.2427334e-04
   7.8490913e-02   5.4057442e-02  -5.9991258e-02   6.7247270e-04  -1.5784502e-03  -3.8210366e-04
   7.5549838e-02   3.1441060e-02  -1.1970915e-01   5.4830310e-04  -1.5703243e-03  -4.4256745e-04
   8.3886141e-02   6.8579731e-02  -7.7877822e-02   1.8499425e-04  -1.7925212e-03  -3.5841271e-04
   8.8840688e-02   3.8811711e-02  -7.5684470e-02   1.3669655e-03  -1.7814865e-03  -4.7081436e-04
   7.6471943e-02   5.0259624e-02  -1.2380273e-01   8.5333103e-04  -1.6508628e-03  -4.5305974e-04
   8.9028880e-02   4.0815965e-02  -5.6762920e-02   1.8755984e-03  -1.7386143e-03  -5.4812986e-04
   8.1630892e-02   4.9997019e-02  -1.1103023e-01   5.0029070e-04  -1.7737572e-03  -4.4377953e-04
   8.3585044e-02   1.5134341e-02  -6.8066502e-02   1.6687374e-03  -1.7795655e-03  -5.6919624e-04
   9.3564355e-02   5.4382916e-02  -8.5041534e-02   2.9191778e-04  -2.0273063e-03  -5.1180309e-04
   8.3138235e-02   4.5397148e-04  -9.5993385e-02   1.1170600e-03  -1.7314932e-03  -5.4582031e-04
   9.5949945e-02   8.7038145e-02  -3.9599607e-02   1.1824323e-05  -1.9773293e-03  -3.9818312e-04
   8.6441080e-02  -1.0995250e-02  -9.8924058e-02   1.3094591e-03  -1.7077856e-03  -6.2843705e-04
   9.5494285e-02   6.2571558e-02  -6.5249841e-02   2.3903699e-04  -1.8404636e-03  -4.2469578e-04
   9.5915585e-02   2.9230069e-02  -5.2629396e-02   1.1787357e-03  -1.7199594e-03  -4.2955410e-04
   8.3106673e-02   4.1380745e-02  -1.1452855e-01   3.1852714e-04  -1.4001796e-03  -3.8234390e-04
   9.7757497e-02   5.1081011e-02  -4.7642751e-02   1.2317446e-03  -1.7523755e-03  -4.7881774e-04
   9.2649897e-02   4.0414156e-02  -9.9267516e-02   1.1750275e-03  -1.6682355e-03  -5.2620389e-04
   8.8952676e-02   1.8714019e-03  -8.7291892e-02   1.7254674e-03  -1.6361290e-03  -5.5780390e-04
   9.5978363e-02   8.8283882e-02  -5.6709701e-02   4.7904492e-04  -1.7172540e-03  -4.5253346e-04
   8.7418437e-02  -2.4732489e-02  -1.1838730e-01   1.7405928e-03  -1.6228532e-03  -6.1399291e-04
   9.7154927e-02   7.6852217e-02  -5.7110815e-02  -9.4847369e-06  -1.7877132e-03  -4.2716521e-04
   8.5716297e-02  -1.9745657e-02  -9.6651406e-02   1.3690077e-03  -1.5807911e-03  -5.4366897e-04
   8.6218956e-02   4.9034047e-02  -8.5035815e-02   5.8964668e-04  -1.6833728e-03  -4.5357258e-04
   8.7678118e-02   4.8219479e-02  -5.1107636e-02   8.4441211e-04  -1.5960209e-03  -4.9614386e-04
   8.0907216e-02   3.0074141e-02  -1.0310533e-01   4.3060639e-04  -1.5711834e-03  -4.4895510e-04
   9.3425267e-02   6.5710383e-02  -4.2599284e-02   6.4815287e-04  -1.6651970e-03  -4.9284437e-04
   9.0738846e-02   3.7551589e-02  -1.0664629e-01   7.2788999e-04  -1.6120560e-03  -4.5827646e-04
   9.6697200e-02   5.0886170e-02  -7.9838933e-02   5.5951506e-04  -1.8277466e-03  -5.1656901e-04
   9.9113127e-02   5.2691820e-02  -7.0053560e-02   6.6507374e-04  -1.8174914e-03  -3.8803917e-04
   9.1602162e-02   1.8919800e-02  -1.1960622e-01   7.0781704e-04  -1.7301630e-03  -4.1961259e-04
   1.1676400e-01   5.6925156e-02  -6.7413016e-02   8.2003005e-04  -1.9692608e-03  -4.1686781e-04
   1.0284327e-01   1.6739005e-02  -1.2716161e-01   4.0946739e-04  -1.8606199e-03  -4.7184215e-04
   1.0604374e-01   1.0768749e-02  -6.6933189e-02   1.0629663e-03  -2.0768917e-03  -4.6926181e-04
   9.1096168e-02   3.7243227e-02  -1.0524601e-01   4.3087455e-04  -1.7036329e-03  -5.2747581e-04
   8.6579711e-02  -2.3393569e-03  -1.3511861e-01   1.2680299e-03  -1.8228088e-03  -5.4419930e-04
   1.0902837e-01   8.0996897e-02  -7.7509524e-02   2.4389463e-04  -1.8303114e-03  -5.1791938e-04
   9.0274364e-02  -8.9981698e-03  -1.4203742e-01   1.2648803e-03  -1.7371081e-03  -4.6558671e-04
   9.7050345e-02   6.5257965e-02  -8.1348540e-02   3.1116236e-04  -1.9580264e-03  -3.6429074e-04
   6.3443694e-02  -2.1187779e-02  -1.6032052e-01   1.5618500e-03  -1.6255898e-03  -6.4472414e-04
   8.2403552e-02   6.8963470e-02  -9.3618019e-02   6.4100828e-04  -1.8853811e-03  -5.0226197e-04
   6.6351158e-02   1.9822327e-03  -1.4538504e-01   1.6626771e-03  -1.6116194e-03  -6.1146054e-04
   6.9501199e-02   6.8542851e-02  -1.4007033e-01   3.2074378e-04  -1.8603314e-03  -5.1565909e-04
   7.6500515e-02   2.7194469e-02  -1.0319506e-01   1.5557236e-03  -1.7860379e-03  -4.8935070e-04
   6.4841274e-02   2.4432555e-02  -1.5921282e-01   1.0160269e-03  -1.8161232e-03  -6.9123935e-04
   8.6498377e-02   6.1414012e-02  -7.3439377e-02   8.1802679e-04  -1.7706601e-03  -3.7367494e-04
   7.8571593e-02   2.6071908e-03  -1.2802941e-01   9.8235143e-04  -1.6707013e-03  -6.3203265e-04
   8.6195006e-02   6.6404626e-02  -8.2965381e-02   1.6133741e-04  -1.9213279e-03  -4.2521865e-04
   8.8939174e-02   1.3387529e-02  -9.9976655e-02   1.2426451e-03  -1.6025109e-03  -5.3968940e-04
   9.1282312e-02   5.6574142e-02  -1.1133346e-01   3.0061675e-04  -1.8620034e-03  -4.7515827e-04
   9.5847192e-02   3.3464697e-02  -6.8266761e-02   1.4379761e-03  -1.6759066e-03  -4.3764136e-04
   8.0041266e-02   3.7187842e-02  -1.4073795e-01   5.6675663e-04  -1.5833157e-03  -4.3809451e-04
   9.4398375e-02   2.3655843e-02  -8.9644091e-02   1.4375488e-03  -1.7962818e-03  -4.0658809e-04
   9.0816509e-02   5.2370625e-02  -1.2734273e-01   8.1352162e-04  -1.7775269e-03  -5.1639351e-04
   8.2373303e-02  -1.3607877e-02  -1.2636317e-01   1.9372975e-03  -1.8185831e-03  -5.4527752e-04
   9.4791338e-02   6.5622916e-02  -8.3407684e-02   1.0559709e-03  -1.7887617e-03  -4.3037086e-04
   1.0039611e-01  -3.1706245e-03  -1.3968075e-01   1.2668584e-03  -2.0202202e-03  -5.6211628e-04
   1.0703768e-01   6.2842513e-02  -1.0532944e-01   2.6162874e-04  -2.0482764e-03  -3.7578226e-04
   9.8217426e-02   1.0132300e-02  -1.0780057e-01   1.4856329e-03  -1.8914422e-03  -5.4327114e-04
   8.7322478e-02   2.2958803e-02  -1.2826742e-01   9.3809174e-04  -1.9327442e-03  -4.6634177e-04
   9.7994297e-02   5.2269948e-02  -6.6898265e-02   6.9612184e-04  -1.9031595e-03  -3.6182270e-04
   8.6999157e-02   8.9448735e-03  -1.2206702e-01   9.9532388e-04  -1.6101982e-03  -5.4928211e-04
   9.4085256e-02   4.4615033e-02  -1.2446354e-01   6.9334557e-04  -1.8049422e-03  -4.1307153e-04
   9.6997044e-02   3.1025460e-02  -8.3141910e-02   1.2948778e-03  -1.7546879e-03  -5.0408160e-04
   8.6021497e-02   2.7572392e-02  -1.3919156e-01   9.1789718e-04  -1.6866155e-03  -5.0829112e-04
   9.4723110e-02   4.4316341e-02  -8.8437638e-02   9.3681014e-04  -1.7689277e-03  -5.6027376e-04
   6.3361423e-02   2.6930235e-02  -1.7310004e-01   9.0685892e-04  -1.7080863e-03  -5.9628472e-04
   9.4243472e-02   5.4297822e-02  -8.5078105e-02   1.0246786e-03  -1.9013324e-03  -5.0059147e-04
   9.4529661e-02   2.6862401e-02  -1.3630526e-01   5.5543282e-04  -1.8147738e-03  -5.1557528e-04
   9.9764910e-02   2.1207815e-02  -1.0022960e-01   7.0054943e-04  -1.9377851e-03  -5.8084976e-04
   1.0112766e-01   2.2693462e-02  -1.3774920e-01   2.4146030e-04  -2.1034585e-03  -5.4702010e-04
