   0.0000000e+00   0.0000000e+00   0.0000000e+00   0.0000000e+00   0.0000000e+00   0.0000000e+00
  -9.4651441e-03  -3.7744775e-02  -1.7879304e-02   5.9398897e-04   6.6320994e-05  -1.9808648e-05
   2.4612672e-03   4.5084495e-02   3.4099617e-02  -8.9081945e-05  -1.9977454e-04   9.3621657e-05
  -4.4821469e-03   2.3611063e-02   1.8357746e-02   2.9720160e-04   4.4131797e-05  -7.7777307e-06
  -9.9457080e-03  -3.1390945e-02   4.4418798e-03   1.1157751e-03  -1.0233276e-05  -5.7747968e-05
  -4.0366193e-03   5.4230954e-02   3.3625018e-02   5.2486860e-05  -1.4438868e-04   3.5587296e-05
  -9.2448210e-03   4.1802457e-03   2.0615847e-02   1.0203722e-03   3.6416316e-05  -1.0180760e-04
  -5.1695640e-03   1.5892458e-02  -8.1442472e-04   6.4874904e-04  -1.6480723e-04  -7.3031668e-05
  -9.1188177e-04   4.8097288e-02   4.3931041e-02   3.6407837e-04   5.8194340e-05   3.9874078e-05
   1.8746456e-03  -1.5174807e-02   1.4515538e-02   1.1326188e-03  -4.4717253e-05  -1.0493219e-04
   2.6690467e-05   3.2063559e-02   6.7661953e-03   2.2581505e-05  -1.3324355e-04   3.9981887e-05
  -8.0613190e-04   3.7236831e-02   5.3266186e-02   1.9688968e-04   2.5565168e-04   1.0311696e-04
  -5.6308223e-03  -1.1464643e-02   1.3181378e-02   5.7185924e-04   1.8118494e-04   7.4531665e-05
   1.3647777e-03   3.3760835e-02   3.7170726e-02  -4.7134018e-05   1.1140043e-04   1.5446533e-04
   1.7420725e-03   5.2288281e-03   3.2615224e-02   8.4793040e-04   1.9048601e-04   7.5767940e-05
  -1.5767733e-03   1.0569900e-02   1.1641738e-03   5.0710581e-04   5.2721062e-05   3.8068241e-05
   6.6490959e-03   5.3776401e-02   4.6521460e-02   4.1858060e-04   4.6267911e-05   2.3258493e-05
   1.5659327e-03  -1.3411185e-02  -7.5298247e-04   7.6638641e-04  -4.0684409e-06   7.4937068e-05
   1.6331958e-05   3.0794139e-02   1.4429245e-02   1.8950717e-04  -9.1563859e-05   1.1641782e-04
   1.1337077e-03   5.9092400e-03   2.2481949e-02   1.0526197e-03   1.1415486e-04  -2.9767583e-05
  -2.6033257e-03  -3.7198691e-02  -9.7166305e-03   1.3153920e-03   1.2830743e-05  -8.8917225e-05
   2.4131024e-03   4.8883015e-02   4.2135930e-02   2.8342994e-04   1.4054032e-04   6.7814765e-05
  -9.5202572e-03  -9.7914277e-03  -1.0945129e-02   6.2285683e-04   7.2838900e-05  -4.9899915e-05
  -1.1153587e-03   4.7471338e-02   2.6139540e-02  -1.4013586e-04  -4.1865205e-05   1.6265935e-04
   6.5305318e-04   1.4370543e-02   1.5086068e-02   7.5138011e-04   3.5568498e-05  -4.9080019e-05
  -6.9824691e-03  -3.8918074e-02  -1.5881364e-02   1.5208324e-03  -9.0928284e-06  -1.9910634e-04
   8.6782657e-03   5.9883918e-02   3.7232982e-02   2.6839137e-04  -8.2288811e-05   9.4386382e-05
  -5.8029578e-03  -7.8032090e-04  -9.4538198e-03   4.5835724e-04   1.7424882e-04  -1.1470422e-04
   1.0106485e-02   1.1211799e-02   4.1016453e-02   7.4918422e-04  -1.1043659e-04   1.7242425e-05
  -2.0132279e-03   3.0088205e-02   1.1447204e-02   1.7016623e-04   1.3461593e-05   4.6767894e-05
  -8.9302638e-03  -8.0787344e-03  -7.9815085e-03   1.0744102e-03   2.2499330e-05  -3.0334563e-05
   5.5056671e-03   4.3390495e-02   3.2479582e-02   1.1477538e-03  -2.8658675e-04  -3.0907848e-05
  -8.2493653e-03   6.4636921e-03  -5.7692087e-04   6.5269234e-04   1.4179958e-04  -3.4452739e-05
   1.0743707e-02   1.6753095e-03   3.2810260e-02   9.5765763e-04  -2.3419970e-04   2.4440454e-05
   3.8735865e-03   1.9339186e-02   1.6445539e-02   1.7234660e-04   1.9387318e-05   4.4859107e-05
  -5.4377050e-03   1.3753762e-02  -1.0573655e-02   1.4990723e-05   1.5512781e-04   7.7200531e-07
   1.4794665e-02   1.5404672e-03   5.0081883e-02   7.9923534e-04  -7.1429062e-05  -1.2094527e-05
   3.1337298e-03  -5.8875865e-03   2.1290300e-03   1.5754956e-04   4.7092782e-05  -5.0665631e-05
   6.5350947e-03  -8.2289910e-03   1.8675332e-02   5.4674533e-04  -6.9142130e-05   6.8273448e-05
   6.1093994e-03  -1.2414250e-02  -7.7609617e-04   6.4062632e-04  -1.9156663e-04  -1.0767106e-04
   1.2406964e-03  -4.9417360e-03  -3.8019106e-03   6.7267066e-04  -6.1637505e-05   2.7664043e-05
   8.8607337e-03  -2.4333061e-02   2.9616564e-02   1.6437790e-03  -2.9236698e-05  -7.4804885e-05
   4.7631956e-03   5.0958942e-03  -1.7491537e-02   6.6184543e-04  -1.4675526e-04  -7.6335768e-06
   3.6982308e-03   7.2041412e-02   1.3298585e-02  -1.6182470e-04   1.6522622e-04   1.3949526e-04
  -1.7883496e-03  -3.9590693e-02  -1.6918301e-02   1.1734664e-03  -1.5046373e-06  -1.1007160e-04
   1.2237810e-02   6.5102106e-02   2.0850252e-02  -4.1498113e-05  -2.0478064e-04   8.5863240e-05
  -4.5098723e-03   3.3162823e-03  -1.3792796e-02   5.6289519e-04   1.1334107e-04   8.4751489e-06
   5.8123015e-03  -1.0762729e-02   2.4287416e-03   1.1058602e-03  -1.0085265e-04   5.0888832e-05
   1.1698960e-02   8.7836293e-02   1.9106787e-02  -1.3036580e-04  -6.4798327e-05   3.3091542e-04
   4.7247393e-03   1.5589510e-01  -1.4625051e-01   5.1152868e-04   1.1191855e-04   8.2830357e-04
  -1.3687105e-02  -1.4264990e-01  -8.6001564e-02   1.4155167e-03   1.5316362e-04  -1.5181126e-04
  -1.0549862e-02  -2.0693786e-02  -6.3241962e-02   1.0915424e-03   3.4726688e-04  -1.5499127e-04
   5.3717060e-03  -2.7177770e-02  -4.1451561e-02   1.8984900e-03   7.5050397e-05  -1.7578326e-04
   3.8609333e-03  -7.4030484e-03  -4.4792902e-02   1.6885664e-03   2.0161114e-04  -1.1184544e-04
   3.6403470e-03  -3.5696065e-02  -4.0634437e-02   1.7922229e-03   5.5603394e-05  -9.4837554e-05
   1.1020304e-02   1.7925174e-02   2.3611905e-02   5.4714172e-04   1.4588351e-04   1.3531648e-04
   1.9329163e-03  -4.5295089e-02  -1.3694864e-02   7.5934963e-04   2.2890177e-04  -6.1071552e-05
   5.4622745e-03  -1.6837760e-02   3.7722393e-02   8.3532650e-04   2.4048542e-04  -3.5396662e-05
   1.3699581e-04  -3.8368997e-02  -1.3790382e-02   6.1954280e-04   1.9942583e-04   1.9190955e-05
   1.0582547e-02  -1.5402706e-02   3.6535018e-02   1.1410694e-03   1.5332204e-04   3.1431695e-05
   2.2571420e-03  -2.9552454e-02  -1.4816274e-02   8.8589352e-04   1.6177244e-04  -3.9051813e-05
   1.1764220e-02   8.8333822e-03   2.0165414e-02   7.1729396e-04   1.5218044e-04   1.2115874e-04
   3.6453439e-03  -3.6761817e-02  -2.4828032e-02   5.8389901e-04   2.3099009e-04   2.2709625e-05
   1.5912383e-02   3.8168370e-02   2.7807672e-02  -5.3657908e-05   1.9349526e-04   2.1916176e-04
   1.0902989e-02  -6.1649025e-02  -2.6242662e-02   1.4240061e-03   1.9001387e-04   4.5062239e-05
   1.6024035e-02   4.8394595e-02   8.3093161e-03   1.9150661e-04   1.3688480e-04   2.5760042e-04
   9.0695786e-03  -3.2670622e-02  -3.7553686e-02   9.2821228e-04   2.3433639e-04   1.3146602e-04
   2.1394601e-02   6.6686439e-02   1.1817403e-02  -1.5794855e-04  -3.4123625e-05   3.0581168e-04
   5.7246200e-03  -2.2772356e-02  -3.3840324e-02   8.4290857e-04   3.2798397e-04   1.3326672e-04
   1.3887542e-02   3.7316368e-02  -2.2796534e-02   4.3924014e-04  -2.2855342e-05   1.7980860e-04
   1.5690620e-02   4.0228558e-03   3.8113667e-03   1.4753844e-03   3.7592553e-05   1.3886084e-04
   6.0207526e-03   1.4284755e-02  -4.4781108e-02   6.7826297e-04   1.1152574e-04   4.5041179e-05
   1.8181005e-02   1.5075698e-02   1.4028722e-02   1.5744676e-03  -1.0559209e-04   9.1465696e-05
   1.6806709e-02   1.0082536e-02  -3.0401527e-02   8.8237676e-04  -1.6684455e-04  -1.0958572e-05
   1.3201546e-02  -1.2176120e-02  -3.1687079e-02   1.2728024e-03  -3.0507253e-05   1.0278329e-04
   2.0049647e-02   2.8042771e-02   7.5724411e-03   7.4004510e-04  -1.8608276e-04   5.1750508e-05
   1.0457964e-02  -3.5657584e-02  -3.9355914e-02   1.1887420e-03  -1.2985925e-04  -6.7020145e-05
   2.4136456e-02   4.3605472e-02   1.4307700e-02   1.0227647e-04  -3.1680723e-04   1.9381939e-04
   1.0355907e-02  -5.5021466e-03  -2.2888765e-02   8.2697844e-04   7.5120550e-05   1.5919951e-05
   1.7448597e-02   1.6650482e-03  -3.0051788e-02   7.1088522e-04  -1.2644070e-04   1.0974459e-04
   2.9914198e-02   1.9548691e-02   5.9260125e-03   1.0447637e-03  -8.9626589e-05   7.4270355e-05
   2.2249470e-02  -3.7657921e-02  -3.5554061e-02   1.2448535e-03  -5.1842054e-05  -5.9932155e-05
   2.7452313e-02   1.5869200e-02   8.7375638e-03   4.1875082e-04  -4.1642764e-05   1.0108659e-04
   2.4710160e-02  -4.2922805e-02  -1.9165865e-02   1.4986854e-03   1.1047208e-05  -8.9034405e-05
   2.0618967e-02   2.3132371e-02  -1.4636062e-02   7.2848094e-04  -2.0488738e-05   5.3207806e-05
   2.4925229e-02  -2.8288163e-03   3.4551922e-03   1.4855503e-03   4.1626935e-05  -6.9972563e-05
   2.4575662e-02   7.0677835e-03  -3.0633365e-02   7.8341651e-04  -1.3675922e-04   2.7772665e-06
   2.4235336e-02   9.6276942e-03  -2.7129417e-03   1.3944950e-03  -4.5110487e-06   2.5391887e-05
   1.5577873e-02  -2.9520499e-04  -4.5661414e-02   9.4845868e-04  -1.3974171e-04   7.2027124e-06
   2.6880828e-02   5.0530565e-02   1.5223971e-02   2.5583900e-04  -2.3612411e-04   1.3877365e-04
   2.0096076e-02  -3.6493881e-02  -1.9772635e-02   1.3641322e-03  -7.2622126e-05   7.7682849e-05
   1.8841039e-02   3.4077013e-02  -2.9234169e-02   4.5139387e-04  -1.4722960e-04   1.8522638e-04
   1.7569415e-02  -3.8357699e-03  -6.0554050e-03   1.5767546e-03   1.3470885e-05   1.0827489e-04
   1.8153619e-02  -1.5227792e-02  -4.2214965e-02   9.5598251e-04  -2.0257522e-04   7.9551327e-05
   2.0196353e-02   2.0319796e-02   7.4092098e-03   9.2033849e-04  -9.9616517e-05   1.4032596e-04
   1.4648659e-02  -3.7180027e-02  -2.1679361e-02   1.2855059e-03  -6.7076229e-05   7.1811263e-05
   9.6347618e-03  -8.2131030e-03  -3.6388706e-02   9.5599520e-04  -1.1788065e-04   3.6480549e-05
   1.7088705e-02   2.6436060e-03  -3.8952988e-03   1.4349301e-03  -2.7738653e-04   8.2484495e-05
   9.6096767e-03  -3.9503314e-04  -5.9118664e-02   8.4487217e-04  -2.6466334e-04  -4.4635861e-05
   1.5613830e-02   1.5966849e-02  -7.1289399e-03   1.1123671e-03  -2.1228743e-04   1.3605178e-04
   1.6614644e-02  -2.3957941e-02  -3.2632400e-02   1.5375421e-03  -1.4402543e-04   3.5190045e-05
   1.8399642e-02   2.3568934e-02  -3.9426353e-02   3.5240678e-04  -1.3735859e-04   7.0398264e-05
   2.1992314e-02   1.7807388e-02  -1.8651613e-02   8.5999573e-04  -7.8324967e-05   1.2770498e-04
   2.1583374e-02  -4.6531697e-02  -5.3044436e-02   1.8699928e-03  -3.0837374e-04  -8.6596955e-05
   2.3575549e-02   4.0855598e-02  -1.8380677e-02   1.3616815e-03  -1.8799314e-04   8.4991737e-05
   1.9224866e-02   6.7399919e-03  -4.4832789e-02   4.6520014e-04   6.8993990e-05   5.9762260e-05
   2.1872875e-02  -1.9462822e-03  -3.3929672e-02   8.0471624e-04   1.0129008e-05   1.8914634e-04
   2.7507001e-02  -5.2050275e-03  -2.0034065e-02   1.3352584e-03  -8.7269428e-05   3.9025427e-06
   2.5402021e-02  -8.1316703e-03  -6.0772018e-02   1.1598783e-03  -1.4101014e-04   1.2619000e-05
   3.2728178e-02   3.5434959e-02  -1.8556862e-02   5.4250624e-04  -2.0065627e-05   1.5237255e-04
   2.4491104e-02  -2.7019437e-02  -5.6470035e-02   1.0579189e-03   5.8966443e-05   6.7104608e-05
   2.8890146e-02  -1.7526064e-02  -3.8687659e-02   1.0882402e-03  -2.2401390e-04   1.0145717e-04
   2.3992830e-02   2.8510286e-02  -1.6304203e-02   3.6299069e-04  -4.9284118e-05   1.2833939e-04
   1.2878457e-02  -3.1238152e-02  -6.6629560e-02   1.1493562e-03   7.8367487e-05   1.2091053e-04
   2.6109576e-02  -2.3243232e-02  -1.3005411e-02   2.5368029e-03  -2.8331499e-04  -2.0283500e-05
   1.8430442e-02  -9.4961038e-03  -4.9139138e-02   1.2670989e-03  -9.1848874e-05   6.5520987e-05
   1.6573582e-02   1.8847494e-02  -3.3767998e-02   8.2599941e-04   1.2848734e-04   1.1427736e-04
   2.5798623e-02   2.7871536e-03  -2.0403028e-02   1.1158611e-03  -1.1958698e-04   1.2392285e-04
   2.6378613e-02  -5.2488179e-02  -4.2629301e-02   1.7204333e-03  -1.3272010e-04   3.4713992e-05
   3.4431698e-02   3.1927593e-02  -8.7742654e-03   5.0096176e-04  -2.0064953e-04   2.3320659e-04
   2.0470102e-02  -3.4285271e-02  -5.2204592e-02   1.4894894e-03   1.6990650e-04   6.3460973e-05
   3.1212424e-02  -2.0200206e-02  -3.4660914e-02   1.2756082e-03  -7.9685048e-05   2.6196075e-04
   3.0792804e-02  -3.0586371e-02  -4.4741912e-02   1.7520266e-03  -7.4862360e-05   1.2452100e-04
   3.1277856e-02   5.4485897e-03  -3.8741913e-02   5.7224416e-04  -1.1865101e-05   3.2114268e-04
   3.1221690e-02   5.5905575e-03  -2.3080189e-02   8.7261398e-04  -2.7293050e-05   4.3457209e-04
   3.4644909e-02  -5.4883318e-02  -5.3543997e-02   1.5969161e-03  -2.2589664e-04   1.8792073e-04
   4.3574045e-02   2.6290477e-02  -1.8991061e-02   3.5530174e-04  -4.1248655e-04   3.5710444e-04
   3.0621222e-02  -1.4278930e-02  -4.8882923e-02   7.0923785e-04   4.1462430e-05   4.5535590e-04
   3.9056667e-02  -5.0618417e-02  -4.7293890e-02   1.8695401e-03  -1.9769735e-04   3.1245113e-04
   3.7264722e-02   3.5143479e-03  -3.4283952e-02   1.0600551e-03  -1.7237340e-04   3.6093144e-04
   2.8146781e-02  -9.3040579e-03  -5.2921520e-02   9.1425676e-04   1.1590461e-06   3.1734158e-04
   3.4486222e-02   1.2525336e-02  -1.1117862e-02   1.7542123e-04  -6.2429482e-06   4.7382821e-04
   3.0986635e-02  -4.1613145e-02  -5.9098147e-02   1.5861162e-03  -1.8805265e-04   2.2045292e-04
   3.6103958e-02   1.3749383e-02  -3.1457727e-02   3.3608171e-04  -2.5858934e-04   4.9654162e-04
   3.6247290e-02  -5.4134873e-03  -4.8952024e-02   8.3981190e-04  -8.0179487e-05   4.3820266e-04
   2.6469519e-02  -6.1336361e-02  -8.1550194e-02   2.4186982e-03  -5.6943230e-05   2.4488573e-04
   4.1946027e-02   5.8803444e-02  -2.7853356e-02   3.1403716e-04  -2.2687250e-04   5.0250035e-04
   3.0258988e-02  -2.1276504e-02  -7.6511551e-02   7.9058244e-04   5.4456982e-05   5.4127458e-04
   4.1839789e-02  -9.4839271e-03  -3.4023807e-02   1.1696489e-03  -2.6362253e-04   5.6106276e-04
   3.5715113e-02  -4.0929690e-02  -4.5608395e-02   1.7937813e-03  -1.7509406e-04   4.2787829e-04
   3.3302055e-02  -1.9362812e-03  -5.9995854e-02   1.2388042e-03  -2.3734297e-04   4.6050308e-04
   3.0626650e-02   2.3907190e-02  -3.6578579e-02   1.4667784e-03  -9.4384037e-05   4.2144050e-04
   2.9334822e-02  -5.2467632e-02  -7.0805899e-02   1.7584401e-03  -2.4956950e-04   3.9534237e-04
   3.6761642e-02   3.0942520e-02  -1.9863000e-02   6.2695006e-04  -2.0608176e-04   5.5150145e-04
   2.5201200e-02  -3.6184703e-02  -6.6392921e-02   8.6098837e-04   4.6087153e-05   4.8799423e-04
   3.7177770e-02  -3.5462234e-02  -6.0036295e-02   1.3855309e-03  -2.7552044e-04   5.5281985e-04
   2.4647730e-02  -8.1250124e-03  -6.7515010e-02   1.0058582e-03   9.1990467e-05   6.1044455e-04
   1.8461428e-02  -3.7748828e-02  -9.6642247e-02   1.8156859e-03   6.3861165e-05   4.7534001e-04
   2.8140403e-02  -2.1048871e-02  -4.4292675e-02   1.8640859e-03   1.5337189e-05   6.4566715e-04
   1.7078158e-02  -4.6500800e-02  -8.5783930e-02   1.5010250e-03   7.0077138e-05   6.6656317e-04
   2.4054204e-02   4.8434374e-03  -4.8579617e-02   1.1424658e-03   1.0579058e-04   7.5624112e-04
   1.9637210e-02  -6.0805921e-02  -8.2401090e-02   1.7747150e-03   2.2159464e-04   6.1501667e-04
   1.8204056e-02  -1.9199257e-02  -8.0100254e-02   1.5817469e-03   9.8967790e-05   6.5455326e-04
   1.5463940e-02  -1.0549110e-02  -8.3102262e-02   1.1235723e-03   3.2096855e-04   6.7124807e-04
   1.1292552e-02  -7.1981330e-02  -9.6570769e-02   2.0680342e-03   2.9600438e-04   6.6930670e-04
   1.8984398e-03   1.9362161e-02  -7.7948870e-02   1.3569170e-03   5.3463483e-04   9.4136619e-04
  -1.1083699e-01  -7.5661450e-02  -1.4929998e-01   2.0055970e-03   2.5048039e-03   1.9703906e-03
  -6.7290989e-02  -6.6115050e-02  -1.3998515e-01   1.5330690e-03   1.9717841e-03   1.8780681e-03
  -4.7102762e-02  -3.8181377e-03  -1.2482041e-01   7.5494027e-04   1.4436729e-03   1.4093317e-03
  -3.7792701e-02  -7.5859371e-02  -1.5030043e-01   1.7785838e-03   1.1372561e-03   1.2723318e-03
  -3.2056974e-02   1.4848274e-02  -1.1651365e-01   7.7477577e-04   1.0940907e-03   1.5454265e-03
  -4.4669038e-02  -3.6547241e-02  -1.4566837e-01   1.1884362e-03   1.5040722e-03   1.5197601e-03
  -7.0978432e-02  -3.2765197e-02  -1.7937639e-01   9.7325627e-04   1.3044714e-03   1.6363696e-03
  -3.9895404e-02   1.5526498e-02  -1.1376425e-01  -5.0087970e-05   7.8947667e-04   6.8931826e-04
  -4.2261939e-02  -2.7508975e-02  -1.4743748e-01   7.6399851e-04   1.0632010e-03   8.2645567e-04
  -3.0269101e-02   3.1901341e-02  -9.5706751e-02   3.3037046e-04   8.9927806e-04   9.8610433e-04
  -4.1447254e-02  -1.7714532e-02  -1.3610419e-01   4.0862431e-04   1.1308980e-03   8.8102602e-04
  -2.4023930e-02   1.4629252e-02  -8.8829720e-02   6.9404134e-04   7.9020390e-04   9.9636539e-04
  -3.3759629e-02  -1.9864179e-02  -1.2966887e-01   6.7910694e-04   7.4862308e-04   8.8728961e-04
  -3.9155506e-02   3.0984411e-02  -1.1893738e-01   4.5885362e-04   1.0016061e-03   1.0230298e-03
  -3.3383108e-02  -1.2975183e-02  -9.3958512e-02   1.1497493e-03   9.3867426e-04   9.9351218e-04
  -3.6890502e-02   2.2458022e-02  -1.1967354e-01  -1.3555264e-04   1.0525589e-03   1.1300038e-03
  -4.4992765e-02   1.2079862e-01  -6.6297312e-02   2.2691687e-03   1.7163063e-03   1.3769585e-03
   2.8681932e-03   1.1108502e-02  -1.1253450e-01   4.1698005e-03   1.5762027e-03   1.3201837e-03
  -5.2593529e-02  -2.3156734e-01  -2.4028987e-01   3.4223222e-03   1.5676833e-03   6.6644715e-04
  -6.2950703e-02  -2.1243938e-01  -2.6293845e-01   4.4291835e-03   1.6196643e-03   5.9580388e-04
  -5.4751992e-02  -1.5414001e-01  -2.2496126e-01   4.1810221e-03   1.6463746e-03   5.1385513e-04
  -5.7299508e-02  -1.0934048e-01  -1.9546719e-01   3.7695505e-03   1.5882217e-03   6.4973200e-04
  -5.0322076e-02  -6.2132978e-02  -1.9307442e-01   3.0049014e-03   1.5385921e-03   5.2731733e-04
  -3.1159377e-02  -9.6837165e-02  -1.2449166e-01   3.0671782e-03   1.1331711e-03   5.9574774e-04
  -4.1433572e-02  -1.0345357e-01  -1.5266859e-01   2.1873330e-03   1.3927435e-03   7.0175385e-04
  -2.6972269e-02  -5.0715646e-02  -1.0177839e-01   1.7959837e-03   1.4207738e-03   7.7038730e-04
  -4.6023932e-02  -7.9941324e-02  -1.3338053e-01   1.5874609e-03   1.5562085e-03   8.4210077e-04
  -1.6450071e-01  -1.2358226e-01  -2.0447783e-01   3.4070717e-04   2.1767863e-03   2.3898938e-03
  -1.2250949e-01  -4.9945644e-02  -1.4459071e-01   1.1433037e-04   1.0724859e-03   2.5752242e-03
  -1.0570633e-01  -5.3004469e-02  -1.5933282e-01   4.1236141e-04   1.4045798e-03   2.0560695e-03
  -8.0548572e-02   5.7930363e-03  -1.0632838e-01  -1.9239480e-05   1.1984322e-03   1.8520724e-03
  -9.6286502e-02  -9.6741098e-02  -1.6057715e-01   1.4945964e-03   1.4405035e-03   1.6626816e-03
