   0.0000000e+00   0.0000000e+00   0.0000000e+00   0.0000000e+00   1.3877788e-17   0.0000000e+00
   4.2975227e-02   5.0623761e-02   1.2342148e-01  -7.4230575e-04  -5.1613847e-04   2.0746581e-04
   1.0269677e-02   9.4343870e-03   6.7681537e-02  -1.1382285e-03  -1.5827287e-04   1.4819726e-04
   3.3376786e-02   8.8639001e-02   1.4993955e-01  -1.4702462e-03  -2.0507942e-04   3.6209997e-04
   7.4819527e-03  -2.0555102e-02   7.8083873e-02   3.2334006e-05  -6.6306233e-05   1.2446547e-04
   2.9992621e-02   8.6058881e-02   1.4399332e-01  -8.7029559e-04  -2.3494614e-04   3.0319138e-04
   3.5979804e-03   9.1759407e-03   5.2434116e-02  -2.0998282e-07  -2.0262178e-04   9.3382772e-05
   2.9002511e-02   9.2957682e-02   1.3750851e-01  -1.1214941e-03  -5.1096460e-04   3.6390993e-04
   5.3821520e-03   4.9304543e-02   7.9760581e-02  -8.9152005e-04  -8.3608364e-05   2.3020694e-04
   1.9840344e-02   4.0457507e-02   1.1153521e-01  -4.4243395e-04  -3.3849890e-04   3.2191189e-04
  -3.5545853e-02  -5.8114201e-02  -6.4002755e-02   8.4020168e-04   5.1138378e-04   1.2964373e-04
   1.4935406e-02   9.8823099e-02   8.3989093e-02  -1.5308199e-03  -3.3105915e-04   3.2595244e-04
   1.2711553e-03   1.4645154e-02   5.8739804e-02  -2.6564479e-04  -1.1409557e-04   1.4122722e-04
   2.8265011e-02   9.3306802e-02   1.2364367e-01  -1.0284451e-03  -4.9920056e-04   1.6847105e-04
   1.6225320e-03   4.2523899e-02   6.4555581e-02  -6.6678305e-04  -6.6592708e-05   1.3498264e-04
   2.6413244e-02   5.8681585e-02   1.5613502e-01  -1.9357331e-04  -3.6456029e-04   1.5845045e-04
   5.1136064e-03   4.5111891e-02   7.1917034e-02  -1.3899378e-03  -4.7744566e-05   1.6637176e-04
   2.3083251e-02   6.2971914e-02   1.4112549e-01  -8.9204233e-04  -2.6837249e-04   3.1742747e-04
   1.8071764e-02   6.0539894e-02   8.5753637e-02  -1.3321952e-03  -4.1782193e-04   2.7326794e-04
   8.3101894e-03   4.6334198e-02   8.6212537e-02  -9.8402981e-04  -1.7891460e-04   2.8403737e-04
   2.2646435e-02   6.9350620e-02   1.1296749e-01  -6.8206903e-04  -3.6148392e-04   1.2210634e-04
   1.0700046e-02   5.3781652e-02   7.2537038e-02  -9.7919779e-04  -1.0725361e-04   1.8359510e-04
   3.0991772e-02   5.3698041e-02   1.5616857e-01  -4.5428087e-04  -2.4245152e-04   2.8594893e-04
   1.4138124e-02   4.8217258e-02   7.7080211e-02  -1.2938281e-03  -1.8522035e-05   1.8504448e-04
   3.6052293e-02   4.8878448e-02   1.3490481e-01  -7.4927776e-04  -3.4434636e-04   1.9441183e-04
   2.5931391e-02   5.4214004e-02   8.3873229e-02  -1.3396056e-03  -3.4313400e-04   2.2770755e-04
   2.0008204e-02   4.4120531e-02   9.1874775e-02  -8.0612783e-04  -2.2921042e-04   2.6235862e-04
   2.4973894e-02   6.5716425e-02   1.1467093e-01  -1.0164287e-03  -1.7034880e-04   1.7589192e-04
   2.2914023e-02   5.5111416e-02   7.4358098e-02  -1.3310184e-03  -2.8497483e-04   2.2433291e-04
   3.0970646e-02   6.2430451e-02   1.5745445e-01  -7.6617109e-04  -2.0918588e-04   2.7561067e-04
   3.3334319e-02   8.7058251e-02   9.7809115e-02  -1.5330718e-03  -3.2567696e-04   2.8961770e-04
   4.1347530e-02   7.6720139e-03   1.0898884e-01   5.6500962e-05  -3.7159676e-04   3.7558635e-04
   1.4550245e-02   3.8232740e-02   4.0566264e-02  -8.0182654e-04  -1.1334379e-04   1.6129034e-04
   3.1653840e-02   7.7310716e-02   1.2596552e-01  -8.3004744e-04  -1.9132528e-04   2.3718323e-04
  -2.9900043e-03   1.5460137e-02   2.6054599e-02  -5.4116253e-04  -2.8648699e-05   8.0591734e-06
   3.0470039e-02   4.7256798e-02   1.4131975e-01   2.3781333e-04  -3.1784691e-04   1.7709130e-04
   1.1665794e-02   4.9915426e-02   5.6524008e-02  -9.5231109e-04  -1.9650713e-04   8.2606599e-05
   3.3707500e-02   5.8478709e-02   1.3661598e-01  -6.0978463e-04  -5.6117746e-04   2.0071907e-04
   2.1159339e-02   6.6908441e-02   8.1697490e-02  -1.3609591e-03  -3.8516790e-04   1.1497487e-04
   2.3886293e-02   5.9365524e-02   9.8662799e-02  -9.0459443e-04  -3.8493680e-04   2.6033098e-04
   2.9342411e-02   7.3311317e-02   1.0050724e-01  -1.0867119e-03  -3.6213600e-04   1.3884960e-04
   4.3432740e-03   5.7051987e-02   4.8344001e-02  -1.2587468e-03  -2.0803200e-04   9.5292164e-05
   3.1179887e-02   7.0932498e-02   1.4227821e-01  -6.4972957e-04  -3.5789791e-04   1.7184297e-04
   7.9628363e-03   4.5067275e-02   5.6302222e-02  -9.7357249e-04  -1.3425970e-04   6.4862406e-05
   2.5453156e-02   4.2793895e-02   1.1645963e-01  -5.5323315e-04  -4.5836730e-04   1.8548275e-04
   1.1201028e-02   6.0257181e-02   7.3109516e-02  -1.2162561e-03  -2.2332652e-04   1.7309360e-04
   1.4881341e-02   2.5168583e-02   7.8862964e-02  -4.4276831e-04  -3.9575700e-04   1.2449594e-04
   3.0536464e-02   8.9827400e-02   1.2798006e-01  -9.9200964e-04  -4.3107152e-04   1.8204009e-04
   1.6521662e-02   2.5479493e-02   7.0051419e-02  -5.9445827e-04  -3.1143875e-04   1.7691381e-04
   2.4652333e-02   8.1376648e-02   1.1227924e-01  -1.5240967e-03  -4.9490043e-04   2.7005834e-04
   1.4062020e-02   3.5030113e-02   8.9993960e-02  -7.8795430e-04  -2.6939010e-04   1.4033248e-04
   1.6725742e-02   5.9204868e-02   7.8046439e-02  -1.5554685e-03  -4.1528053e-04   2.1435724e-04
   1.8067966e-02   6.0733517e-02   1.3368571e-01  -8.2031117e-04  -2.7067164e-04   2.6116713e-04
   2.0101928e-02   6.3682243e-02   6.9580762e-02  -1.5827827e-03  -3.6283169e-04   1.7599325e-04
   1.7361403e-02   4.0298064e-02   8.1117295e-02  -9.7505566e-04  -1.9973765e-04   2.4219479e-04
   2.8908800e-02   8.1220750e-02   1.0328087e-01  -1.5346478e-03  -3.8018477e-04   2.2969147e-04
   1.6449959e-02   1.8207826e-02   5.4348084e-02  -7.4721291e-04  -1.3171846e-04   1.8908903e-04
   3.3780012e-02   7.5530026e-02   1.1163337e-01  -1.2658395e-03  -5.0073044e-04   2.6021350e-04
   1.2304847e-02   2.5068237e-02   3.4383612e-02  -6.8127947e-04  -1.4778573e-04   5.4945199e-05
   3.5538291e-02   5.8449447e-02   1.1465816e-01  -4.4667542e-04  -4.1856145e-04   1.2810606e-04
   2.4864525e-02   6.3186484e-02   6.6845012e-02  -1.5052160e-03  -2.4430949e-04   1.0551277e-04
   1.3500761e-02   2.7894069e-02   6.8957813e-02  -6.7940163e-04  -2.2288535e-04   9.7145494e-05
   3.1741674e-02   8.1702256e-02   8.0199706e-02  -9.9921848e-04  -5.6956489e-04   9.5872815e-05
   9.0950714e-04   3.4089337e-02   2.2530441e-02  -7.4787793e-04  -1.2518203e-04   6.8465317e-05
   2.2972954e-02   4.2894105e-02   1.2233391e-01  -1.3043735e-05  -3.7688861e-04   1.1908909e-04
   1.4941570e-02   4.7780279e-02   6.2540945e-02  -8.0092588e-04  -5.1144872e-04   1.3454128e-04
   9.2886999e-03   5.6115110e-02   7.6332748e-02  -8.2871176e-04  -2.0350958e-04   1.6082525e-04
   2.0315765e-02   4.2265593e-02   9.7645161e-02   1.2898690e-04  -3.0576921e-04   5.4453540e-06
  -1.1665382e-03   6.8057784e-02   2.4207766e-02  -1.2825824e-03  -1.4883476e-04   1.3454002e-04
   1.5920466e-02   5.6260029e-02   1.0578214e-01  -4.6430690e-04  -2.3581238e-04   4.7589439e-05
   8.0459336e-03   5.6573274e-02   4.4959463e-02  -9.2547798e-04  -3.9109682e-04   4.0721208e-05
   4.7789479e-03   3.1690946e-02   6.0534379e-02  -6.2462212e-04  -2.2627849e-04   1.3590895e-04
   1.9564472e-02   4.5569975e-02   1.0221042e-01   6.2675533e-05  -4.5631752e-04  -4.5586286e-05
   8.7753821e-04   4.8362017e-02   3.3342980e-02  -1.0717670e-03  -2.2108313e-04   1.3586230e-04
   2.5579351e-02   5.5979187e-02   1.2642990e-01  -5.4420465e-04  -4.3001006e-04   2.3405996e-04
   1.0967085e-02   4.9987445e-02   5.3275270e-02  -1.3306734e-03  -1.1287734e-04   1.1369772e-04
   2.2811344e-02   5.7518556e-02   1.0038030e-01  -8.3258833e-04  -2.5188923e-04   2.4213723e-04
   2.6299111e-02   7.6136339e-02   9.8608565e-02  -1.3355140e-03  -3.5016713e-04   1.8013519e-04
   1.4313354e-02   5.4940448e-02   3.1318200e-02  -1.2889321e-03  -2.5387630e-04   1.8392148e-04
   1.8590421e-02   6.9854202e-02   9.0069558e-02  -1.0537936e-03  -2.2802652e-04   1.2991472e-04
   1.0339858e-02   5.8803490e-02   4.0674431e-02  -1.0516071e-03  -1.8228467e-04   9.5149404e-05
   1.3297665e-02   2.3257010e-02   4.9684018e-02  -1.7095539e-04  -2.9028312e-04   7.7572707e-05
   3.0225911e-02   9.1853357e-02   1.0268656e-01  -1.0994112e-03  -3.2623607e-04   1.0600423e-04
   2.0916168e-02   2.5074890e-03   5.7900902e-02   3.3401228e-05  -4.3262236e-04   5.8940335e-05
   2.0439451e-02   6.9309127e-02   7.8603407e-02  -7.8850440e-04  -3.7862477e-04   1.0730169e-04
   2.9638794e-02   4.5516540e-02   1.0215746e-01  -1.3773152e-04  -5.0116087e-04   6.9942822e-05
   2.5046537e-02   5.9884852e-02   4.2142768e-02  -1.0059109e-03  -4.5649700e-04   9.7206330e-05
   2.6955056e-02   5.6703798e-02   9.0011523e-02  -7.3545356e-04  -4.7313344e-04   1.3093333e-04
   2.6810879e-02   5.2597321e-02   6.0948384e-02  -1.0548735e-03  -5.1420061e-04   9.6663482e-05
   1.8330973e-02   3.2082390e-02   3.7944150e-02  -3.8951051e-04  -3.1802964e-04   5.8749516e-05
   2.9293257e-02   7.5947782e-02   9.3117757e-02  -7.4658879e-04  -3.2094257e-04   1.6356772e-04
   2.1096029e-02   5.5000137e-02   3.6389416e-02  -1.2558174e-03  -2.3486060e-04   9.6932711e-05
   2.4437283e-02   3.0962221e-02   5.6448483e-02  -5.8246011e-04  -3.2497863e-04   8.5674540e-05
   3.8151872e-02   8.7406736e-02   7.8200622e-02  -1.0575794e-03  -4.0103508e-04   3.4740675e-05
   2.8973665e-02   1.7861619e-02   3.0625291e-02  -6.7014525e-04  -4.2491165e-04   4.8800916e-05
   3.7570755e-02   8.9038011e-02   8.7250361e-02  -1.4913976e-03  -6.4183318e-04   2.0571571e-04
   2.1188059e-02   4.2711290e-02   3.5752898e-02  -9.5102890e-04  -2.8901694e-04   8.3818241e-05
   1.2810495e-02   2.3566614e-02   1.1540412e-02  -4.2894830e-04  -3.4161928e-04  -1.0039844e-04
   3.0187900e-02   1.0246807e-01   6.6036763e-02  -1.4527907e-03  -5.1523647e-04   1.7544695e-04
   2.0982242e-02   1.3468209e-02   2.9869253e-02  -2.8158943e-04  -4.2214629e-04   1.5009069e-05
   2.4366208e-02   7.3884818e-02   5.0269632e-02  -1.1568248e-03  -5.4220260e-04   1.4696151e-04
   2.3237411e-02   4.4174568e-02   5.9790702e-02  -3.7365324e-04  -5.4215734e-04   6.5167806e-05
   1.8616267e-02   2.8800025e-02   3.2453085e-02  -5.6565267e-04  -5.4162562e-04   1.4997744e-05
   2.7978029e-02   8.3596537e-02   8.4138009e-02  -1.0567854e-03  -4.8112485e-04   1.9571021e-04
   2.4017185e-02   1.9666263e-02   3.3577627e-02  -2.7354703e-04  -5.1108287e-04   5.6953983e-05
   4.0632472e-02   9.4914326e-02   5.8289521e-02  -1.2592454e-03  -7.7132751e-04   1.1707462e-04
   3.1556441e-02   6.2996758e-02   6.2658440e-02  -7.4351673e-04  -3.3914160e-04   1.5354513e-04
   2.8244273e-02   3.1963346e-02   4.0398245e-02  -6.3081288e-04  -3.0063090e-04   2.2300895e-05
   3.9617852e-02   9.2496125e-02   8.6323753e-02  -1.2709838e-03  -5.2852767e-04   1.1953359e-04
   2.5765403e-02   1.2104212e-02   2.8147880e-02  -3.5453274e-04  -3.5385142e-04   8.6223502e-05
   3.9524494e-02   1.0846768e-01   6.9992451e-02  -1.5388960e-03  -5.8298843e-04   1.9358798e-04
   2.4199722e-02   4.5835006e-02   2.4010566e-02  -9.0040405e-04  -2.6589425e-04   7.0469346e-05
   3.2606130e-02   6.3359306e-02   3.2014989e-02  -1.0550925e-03  -5.0750456e-04   1.2640866e-04
   4.0565835e-02   8.4370696e-02   6.8911189e-02  -1.1127219e-03  -4.9145551e-04   1.7580668e-04
   2.9738987e-02   4.8174239e-03   2.0497673e-02  -1.1741074e-04  -4.5716109e-04   6.6100587e-05
   3.4348929e-02   8.6107426e-02   5.7770967e-02  -1.3868559e-03  -4.6087746e-04   2.4683402e-04
   3.5163220e-02   3.6430988e-02   6.5287972e-02   1.6822442e-04  -4.8562806e-04   3.9145391e-05
   3.0495081e-02   3.4588596e-02   2.6963583e-02  -4.9379362e-04  -5.9235078e-04   6.8267908e-05
   4.3284313e-02   8.8494418e-02   8.0520524e-02  -1.3696900e-03  -5.8928768e-04   2.6801336e-04
   3.3988119e-02   1.0423049e-02   2.2097049e-02  -3.8813083e-04  -5.5917539e-04   1.2548541e-04
   3.8525791e-02   5.7243497e-02   4.4104108e-02  -8.8522680e-04  -6.0135462e-04   2.8081952e-04
   5.4452076e-02   6.4893730e-02   5.3458443e-02  -1.1323240e-03  -6.8257061e-04   2.1153441e-05
   4.6226659e-02  -1.8698147e-03   2.3861957e-02   8.2783215e-05  -6.8880621e-04  -1.8728332e-05
   5.7844045e-02   8.9686168e-02   7.5921900e-02  -1.2034284e-03  -7.8171519e-04   1.0758409e-04
   3.6999886e-02   1.3424210e-02   2.7641481e-02  -8.9711050e-04  -4.2633294e-04   1.2170181e-04
   5.6010890e-02   1.9459217e-02   6.6900954e-02  -9.4306795e-05  -8.0565749e-04   1.6101557e-04
   4.1303628e-02   2.7302637e-02   2.1872299e-02  -8.6070640e-04  -5.0654610e-04   1.7635427e-04
   4.7024562e-02   4.7198671e-02   6.5715390e-02  -7.5249579e-04  -4.7717832e-04   1.7778761e-04
   4.2714005e-02   1.2884887e-02   3.0846352e-02  -3.9627838e-04  -4.9056096e-04   1.2759098e-04
   4.8024861e-02   5.2201964e-02   4.0776084e-02  -1.1123135e-03  -6.0614722e-04   2.4092455e-04
   5.4691386e-02   3.0250518e-02   3.0567932e-02  -2.8013894e-04  -7.6352501e-04  -2.2140020e-05
   1.8700646e-02   2.9307108e-02  -2.3556318e-02  -5.3659363e-04  -5.6964767e-04   1.8251243e-05
   3.4068089e-02   1.0069100e-01   4.8856380e-02  -1.1162488e-03  -4.9296952e-04   2.0935415e-04
   1.4941377e-02   7.1478962e-04  -1.4757729e-02   2.0870266e-04  -4.3672110e-04  -8.6090735e-05
   4.5677960e-02   1.1284611e-01   5.8021325e-02  -1.3974343e-03  -7.4497391e-04   1.3655462e-04
   1.6066577e-02   1.7013714e-02  -7.0970625e-03  -2.1843073e-04  -2.8696079e-04  -3.7588919e-05
   3.3806871e-02   7.1648377e-02   3.2466679e-02  -1.0603074e-03  -6.4403472e-04   2.0706120e-04
   2.9474720e-02   5.9175765e-02   4.5313419e-02  -8.3033002e-04  -4.4588698e-04   1.7308352e-04
   2.0235064e-02   8.7897170e-03  -2.1183567e-03  -1.7243608e-04  -4.0979442e-04  -1.2614658e-04
   3.7836582e-02   1.0174735e-01   4.5743094e-02  -1.4398269e-03  -4.1286747e-04   2.1397741e-04
   2.4529074e-02   9.3999167e-03   3.1089951e-04  -6.2076274e-04  -3.7724521e-04   6.5256751e-05
   3.6259400e-02   4.1948589e-02   4.5496327e-02  -2.1903870e-04  -6.6104032e-04   7.8117547e-05
   2.5942305e-02   6.0418268e-02   1.1176718e-02  -8.5808319e-04  -4.7417012e-04   1.9505505e-04
   2.4688185e-02   2.9589064e-02   1.9639822e-02  -3.8263589e-04  -4.9712319e-04  -2.3242101e-06
   2.1287087e-02   7.9566797e-02   1.5066472e-02  -1.2352538e-03  -3.7549162e-04   8.2115406e-05
   1.9728604e-02   1.4452485e-02  -1.3678731e-02  -1.8463097e-04  -5.1830077e-04  -7.0564455e-05
   4.4744656e-02   7.6006005e-02   4.8207290e-02  -8.2028579e-04  -7.0805695e-04   1.7482057e-04
   2.9692587e-02   1.0955195e-02   2.9325767e-04  -4.6837802e-04  -4.7690082e-04   5.9204846e-05
   5.0935401e-02   3.7536563e-02   6.3481521e-02  -2.7396751e-04  -7.4221695e-04   1.6937423e-04
   3.5240515e-02   2.7936379e-02   2.4655519e-03  -5.9544316e-04  -7.1702260e-04   7.0008270e-05
   3.4405495e-02   3.5905040e-02   1.5341678e-02  -6.2151232e-04  -4.3838410e-04   1.5420200e-04
   5.3032216e-02   1.7455531e-02   4.5281178e-02   2.9088374e-04  -7.9448478e-04  -6.3342705e-05
   4.3179880e-02   2.4716084e-02   4.5025653e-03  -2.4776597e-04  -7.1448259e-04   8.1061709e-05
   4.5573135e-02   6.3176581e-02   5.0746034e-02  -8.7485826e-04  -5.1389262e-04   2.3256373e-04
   3.1884665e-02  -1.9554367e-02   1.3173919e-02   5.4745329e-04  -4.0300630e-04  -8.5064099e-05
   3.5895864e-02   5.6515344e-02   2.2471480e-02  -1.0663472e-03  -4.6702516e-04   1.1658308e-04
   3.7409919e-02   3.3303855e-02   2.9229025e-02  -3.0126673e-04  -4.4884104e-04   1.3934894e-04
   2.8360499e-02   2.0225287e-02  -4.1156349e-03  -1.3939193e-04  -5.2606207e-04   3.0794616e-05
   4.6948376e-02   9.2333314e-02   4.6959864e-02  -9.3610505e-04  -7.2995639e-04   8.3850480e-05
   3.5871700e-02  -7.1308960e-05  -7.5830689e-03   4.2182593e-04  -6.3434958e-04  -5.7564178e-05
   3.5962412e-02   5.8133703e-02   4.5156507e-03  -8.4213751e-04  -8.2735272e-04   8.2221729e-06
   4.9141129e-02   4.2550211e-02   2.5899431e-02  -4.5004269e-04  -7.8237059e-04   9.7364562e-06
   4.3880577e-02   1.2904244e-02  -1.1204788e-02  -3.7107979e-04  -8.5327488e-04  -7.3429346e-05
   4.0944094e-02   4.2292298e-02   2.3020273e-02  -5.8529293e-04  -6.9905762e-04   8.1366277e-05
   4.7035825e-02   2.1845987e-02   3.0099062e-02   1.4420768e-04  -6.5698174e-04  -1.1270792e-04
   3.7718944e-02   4.1106563e-02  -1.7780041e-02  -6.5603657e-04  -4.8747760e-04   3.0324557e-06
   5.6176857e-02   3.5461303e-02   2.4997981e-02   1.7235485e-04  -7.6963449e-04  -1.5420375e-05
   5.6394349e-02   5.9245416e-02  -2.3231298e-03  -9.3567148e-04  -8.5516537e-04  -8.5175758e-05
   4.2101893e-02   2.1935499e-02  -1.5793419e-02  -4.4460048e-04  -5.8960730e-04   1.4744404e-04
   5.9609966e-02   5.3292649e-02   3.5999291e-02  -5.4403720e-04  -8.3868375e-04   1.7779277e-05
   3.7283794e-02   1.9088160e-02  -1.6689402e-02  -5.6698168e-04  -5.9809944e-04   4.4221647e-05
   5.0089501e-02   4.4560429e-03   2.8106972e-02   3.6036210e-04  -7.7698889e-04   6.2235155e-06
   4.1380260e-02   3.6963292e-02  -2.1633824e-02  -2.7793187e-04  -6.3271639e-04   5.7743031e-06
   3.5915119e-02   2.7049261e-02  -1.9378686e-02   1.6384825e-04  -7.4019593e-04  -3.1833782e-06
   4.4627521e-02   5.7337696e-02   2.7786068e-04  -7.8653374e-05  -8.8706808e-04  -1.0052698e-04
   2.7071377e-02   2.2309655e-03  -2.3714267e-02   2.9164664e-04  -5.7723607e-04  -3.8704277e-05
   5.5185691e-02   8.2631631e-02   2.4484268e-02  -7.5058723e-04  -9.4033610e-04   3.9356604e-05
   3.6529413e-02   3.6775983e-02  -2.3462755e-02  -5.0055053e-04  -5.9993044e-04   3.0190106e-05
   4.8414100e-02   4.5838505e-02   2.3790532e-02  -3.9029718e-04  -7.8716547e-04   1.2138941e-04
   4.1598907e-02   3.5873053e-02  -1.1691000e-02  -3.3030794e-04  -6.3286384e-04  -1.1785526e-04
   4.5178454e-02  -3.9596789e-03  -1.2557461e-02   4.2720068e-04  -9.1621835e-04  -4.3214354e-05
   5.8943819e-02   7.9990090e-02   2.7623406e-02  -7.9846443e-04  -1.0807260e-03   4.0333664e-05
   2.6507775e-02  -9.6942929e-03  -3.4737465e-02   1.0277615e-04  -7.1473244e-04  -4.7985118e-05
   5.6952369e-02   2.2077935e-02   3.9475400e-02   5.4279776e-04  -8.9771072e-04  -1.0780110e-04
   4.5140093e-02   3.2783512e-02  -1.9491418e-02  -7.8052731e-04  -8.8179933e-04   5.4688796e-05
   5.4565249e-02   8.2657451e-02   3.6944483e-02  -1.2734648e-03  -8.2816218e-04   5.0502538e-05
   4.0621594e-02  -3.5049042e-03  -2.6567663e-02  -4.2070287e-04  -6.6106988e-04   5.7338967e-05
   5.0896105e-02   5.3377735e-02   9.0505145e-03  -5.4333106e-04  -8.0212105e-04   1.2032046e-04
