   0.0000000e+00   0.0000000e+00   0.0000000e+00   0.0000000e+00   0.0000000e+00   0.0000000e+00
  -1.9704705e-02  -2.3373447e-03  -3.0094605e-02  -1.0092697e-03   3.4522161e-04   1.3308644e-04
   9.6704714e-04   1.9238454e-02   5.8163451e-02  -5.3270725e-04   1.4400371e-04   2.9259997e-04
  -1.6911148e-02   3.7245522e-03  -2.0803983e-02  -9.8416420e-04   2.0153994e-04   2.3239871e-04
  -5.1448810e-03   3.4783922e-02   4.7922970e-02  -5.6776281e-04   9.7894787e-05   4.1447538e-04
  -5.8763172e-03   4.5561839e-03   9.1446203e-03  -2.7988431e-04  -3.2464798e-05   2.1500991e-04
  -7.9897551e-03   2.5858843e-02   1.5305761e-02  -6.7945344e-04   1.9660118e-04   3.1631886e-04
  -7.1906868e-03   2.8506114e-02   5.7882440e-02  -4.2790751e-04   8.0773601e-05   2.8363600e-04
  -8.6787456e-03   1.0318556e-02   1.0497162e-02  -7.2078718e-04   2.0137256e-04   3.5697760e-04
   3.7080492e-03   2.3291600e-02   5.9686209e-02  -6.9058314e-06   1.1560084e-05   2.3925296e-04
  -5.4506573e-03  -1.9009227e-04  -2.8728797e-03  -5.2863911e-04   2.4174802e-04   3.6522827e-04
  -9.4920753e-04   8.1986572e-04   5.6887153e-02   5.4834134e-04  -6.5225425e-05   2.6921580e-04
  -2.5157025e-02   1.7816762e-03   1.4676471e-02   3.1890623e-04   4.7429288e-04  -1.3418973e-04
  -1.0341236e-03   4.1883939e-02   5.2151559e-02   1.4476656e-04  -1.6624573e-04   2.4935582e-04
  -2.1429978e-02   4.3793410e-03  -3.4922670e-03  -8.8897990e-04  -1.3414213e-05   1.3828089e-04
  -1.2996454e-02   2.2286747e-02   4.8101984e-02  -2.7370937e-04  -2.1859896e-04   1.3391336e-04
  -1.1054372e-02  -9.1606332e-03   2.5606186e-02  -4.0694719e-04  -1.4917983e-04   1.3335745e-04
  -6.6308885e-03   4.5678466e-02   3.2506203e-02  -1.4186786e-03  -1.2948824e-04   2.1355376e-04
  -1.2458960e-02   5.1663603e-03   1.7179019e-02  -9.9186402e-04   1.1897203e-04   2.8490741e-04
  -2.0959269e-03   5.2383808e-03   6.1175762e-02  -6.9302319e-04  -1.4322949e-04   3.0628888e-04
   4.7245799e-03   3.4534167e-02   3.4467462e-02  -1.1552679e-03  -7.6618715e-05   1.7646832e-04
   2.0491390e-03   8.3677380e-03   2.9126027e-02  -6.6396723e-04  -5.0155687e-05   2.7331971e-04
   1.5790134e-02   3.6221705e-02   5.6339996e-02  -2.2659727e-04  -4.3869455e-04   3.1066906e-05
  -4.6109499e-05   1.2648516e-02   7.9682178e-03  -7.4986595e-04  -4.2451970e-05   2.6606415e-04
   1.4687476e-02   1.5293565e-02   7.7881783e-02  -2.7840780e-04  -2.6100115e-04   2.7864303e-04
   1.6418269e-04   1.6765660e-02   9.7688000e-03  -1.1375354e-03  -7.1572948e-05   2.8250811e-04
   1.1465249e-02   4.2583346e-02   6.9104794e-02  -1.1519097e-03  -2.7298331e-04   3.6142770e-04
   1.4940784e-02   3.7284919e-03   3.4752541e-02  -7.7647567e-04  -4.2998110e-04   2.2642243e-04
   1.4459767e-02   3.0504449e-02   2.6695277e-02  -1.1147222e-03  -2.6766885e-04   1.6862271e-04
   1.7106511e-02   2.0910998e-02   5.4053062e-02  -5.5864316e-04  -3.1527719e-04   1.8518958e-04
   6.5601901e-03   4.0745324e-02   2.2871144e-02  -1.4361137e-03  -1.5915298e-04   1.8116512e-04
   1.7467188e-02   4.3303170e-02   8.4729410e-02  -1.1320855e-03  -3.7836227e-04   2.4456865e-04
   1.8550838e-02   9.5916009e-03   3.3052845e-02  -9.4393339e-04  -4.3926990e-04   1.8187193e-04
   1.3093825e-02   2.2165174e-02   4.1385628e-02  -6.9249899e-04  -4.2039926e-04   1.3291307e-04
   1.2048614e-02   1.1012151e-02   4.0520775e-02  -5.3748106e-04  -5.2479838e-04   2.1755650e-04
   3.4267507e-03   2.0259466e-02  -2.2631193e-03  -6.8574588e-04  -5.8266526e-04   1.3115109e-04
   1.4104059e-02   4.7431691e-02   7.1341331e-02  -9.8951416e-04  -4.7994066e-04   2.2149620e-04
   7.6421706e-03  -1.5875814e-03   2.7509112e-02  -5.5896393e-04  -4.1478959e-04   1.2736973e-04
   4.6546874e-03   2.0601713e-02   1.2821780e-02  -8.3052734e-04  -3.5844424e-04   1.6619074e-04
  -4.4542653e-03   1.7564284e-02   6.8774090e-02   1.4344840e-04   8.7046057e-05  -1.4083697e-04
  -3.1979065e-04   2.7364408e-02  -5.3875819e-04  -9.6418133e-04  -4.5550191e-04   6.0342045e-05
   5.5828219e-03   3.5585496e-02   3.2029615e-02  -3.5236244e-04  -5.9703353e-04   9.2435533e-05
   8.5619953e-03   2.3634165e-02   1.7296771e-02  -4.7981053e-04  -6.3126213e-04   5.7981948e-05
   1.1229802e-02   5.8024211e-02   9.4928648e-03  -1.2803203e-03  -7.3457042e-04   1.1694955e-04
   8.4958705e-03   6.1877585e-02   2.0757892e-02  -1.0425386e-03  -5.0835106e-04   9.6445939e-05
   4.8667506e-03  -4.0855076e-03   3.7079360e-03  -4.0685294e-04  -4.6302834e-04   1.0875584e-04
   1.4126579e-02   8.2873915e-02   4.6689747e-02  -1.1421304e-03  -6.7964919e-04   1.6680881e-04
  -4.4693224e-03   2.1395395e-02   3.6814836e-03  -6.8793239e-04  -3.5334598e-04   2.0557106e-04
   3.7718363e-03   3.1148051e-02   3.2213284e-02  -4.3219593e-04  -5.3160240e-04   1.4495888e-04
   4.0864821e-03   3.8514270e-02   1.3601890e-02  -7.7475145e-04  -4.5423351e-04   1.1254444e-04
  -4.8519709e-04   1.3863217e-02   4.2904039e-03  -2.8692688e-04  -4.1785191e-04   1.7080446e-04
   1.8879976e-02   7.4640250e-02   3.3808488e-02  -1.0898536e-03  -7.8694643e-04   1.9063751e-04
   3.3932497e-03   1.0239993e-02  -5.5975427e-03  -4.2970030e-04  -2.8038467e-04   1.3506150e-04
   2.4124907e-02   7.1924600e-02   4.8179941e-02  -1.2503038e-03  -6.0233414e-04   1.8768094e-04
   9.9999400e-03   3.6628097e-02   8.8842846e-03  -8.3314725e-04  -3.5016258e-04   2.6315347e-04
   1.4858493e-02   1.5741284e-02   6.2391378e-03  -6.5358119e-04  -4.5759160e-04   2.3176105e-04
   1.5701368e-02   5.2867470e-02   2.8394420e-02  -8.8160426e-04  -4.7025052e-04   2.4984261e-04
   7.2642026e-03  -4.5186196e-03   6.7384664e-03  -4.2600380e-04  -5.0146023e-04   2.3442881e-04
   1.2548528e-02   5.3784569e-02   3.3436026e-02  -1.3322247e-03  -5.0321808e-04   2.6302398e-04
   6.5453643e-03   1.3689220e-02   2.6347488e-02  -3.5585028e-04  -1.6306797e-04   1.9222980e-04
   1.0206602e-02   4.2991806e-02  -2.1724575e-03  -6.8626445e-04  -2.5386331e-04   2.7538184e-04
   1.5873134e-02   3.9699121e-02   3.5290623e-02  -2.5717063e-04  -4.3148911e-04   2.5764408e-04
   1.1091251e-02   2.9713057e-02  -1.0244426e-02  -7.0566657e-04  -4.4998009e-04   2.3746519e-04
   1.3606197e-02   5.2428307e-02   3.4567748e-02  -4.1172105e-04  -4.8878457e-04   3.0742273e-04
   1.1765851e-02   3.2881625e-02  -9.2553859e-03  -7.9029454e-04  -5.8589287e-04   2.2095620e-04
   4.2813870e-03   2.5749460e-02  -8.8180176e-03  -4.5714778e-04  -2.8646861e-04   2.6585436e-04
   2.2526902e-02   6.0070502e-02   3.1747096e-02  -9.1429285e-04  -6.1133173e-04   2.4007300e-04
   4.1045182e-03   1.3136253e-02  -8.4071556e-03  -4.9872658e-04  -2.4354751e-04   2.8876485e-04
   1.8174621e-02   4.3787218e-02   2.9080461e-02  -9.2347698e-04  -6.8570203e-04   2.9829746e-04
   1.0732449e-02   1.5375541e-02   1.5358905e-02   2.3453155e-04  -3.9591845e-04   1.0983330e-04
   1.0983680e-02   2.0205714e-02  -5.0630426e-03  -5.9513888e-04  -4.3166920e-04   2.1848860e-04
   1.6656716e-02   4.1160753e-02   4.2443093e-02  -3.7886030e-04  -5.7102322e-04   3.0375387e-04
   1.2849505e-02   2.8654977e-02   7.3902303e-03  -6.4449645e-04  -4.8221142e-04   1.5895475e-04
   1.1599260e-02  -1.3119043e-03  -4.0034719e-03  -1.2296917e-04  -4.8293427e-04   2.1054966e-04
   1.3286715e-02   5.8331921e-02   1.8600979e-02  -7.5780012e-04  -4.0856740e-04   2.8524759e-04
   6.8441021e-03  -4.1398069e-03  -1.3934049e-02   4.9997205e-04  -4.9907395e-04   5.7495367e-05
   4.3785029e-04   1.5542852e-02  -2.4891760e-02   5.6537699e-08  -9.7859264e-05   2.9720312e-04
   1.5129154e-02   6.9308648e-02   1.6011020e-02  -9.4804653e-04  -3.1792418e-04   4.2509207e-04
   8.0770046e-03  -1.0355182e-02  -1.5621993e-02   4.7510141e-05  -3.3870512e-04   3.0864630e-04
   1.9258628e-02   6.1379275e-02   5.1207258e-03  -8.6290716e-04  -4.0486914e-04   3.7223156e-04
   9.7647690e-03   4.6874749e-03  -4.9546993e-03  -1.2315150e-04  -2.3441853e-04   2.8953566e-04
   1.7461571e-02   2.7156728e-02  -6.2955007e-03  -8.3799893e-04  -3.5019298e-04   3.6452297e-04
   1.9548733e-02   3.4906495e-02   2.4037782e-02  -3.6475270e-04  -2.5687821e-04   4.0500963e-04
   1.8119702e-02   1.0303349e-02  -2.2027184e-02  -1.6553081e-04  -2.4475462e-04   2.6055767e-04
   2.0366566e-02   5.2019262e-02   2.0659935e-02  -7.3772933e-04  -1.7415213e-04   5.1909983e-04
   1.1630253e-02  -4.2752820e-03  -7.0286867e-04   1.2388019e-04  -1.4426825e-04   3.3973913e-04
   1.3433804e-02   2.7400961e-02  -4.8138291e-03  -6.4372626e-04  -1.1533729e-04   3.6721170e-04
   1.9260548e-02   3.0326404e-02   2.9150777e-02  -2.6933297e-04  -1.6213072e-04   4.5758574e-04
   2.3525712e-03   3.5802002e-02   3.8468567e-03  -7.9794203e-04   1.2282857e-04   2.0486848e-04
  -2.9804286e-04   4.9063315e-02   6.0649553e-03  -8.5050472e-04  -1.1302705e-04   3.6757726e-04
   7.5076822e-03   8.2358290e-03  -1.2619949e-02  -2.5390399e-04  -4.3933758e-04   1.8870149e-04
  -1.5384489e-02   3.6867710e-03  -4.2183729e-02   3.6098282e-04  -1.7275980e-04   3.9184864e-05
   1.3846344e-02   5.3226169e-02   2.9145058e-02  -3.8435302e-04  -5.3303518e-04   2.2177210e-04
   4.5811808e-03   7.7408513e-03  -6.8031898e-03   6.5647675e-06  -2.2714907e-04   2.3468817e-04
   1.4303730e-02   1.2021159e-02   2.8361985e-02   1.8681139e-04  -4.9363688e-04   2.2688154e-04
   2.0081395e-02   3.3303866e-02   2.4411620e-02  -1.3350552e-04  -4.8758587e-04   1.2632271e-04
   1.2473000e-02  -1.6380682e-02  -5.9379901e-03   3.1462150e-04  -2.6225867e-04   2.0438041e-04
   2.9450729e-02   7.7961851e-02   4.3584057e-02  -9.7135849e-04  -2.7616118e-04   3.4341256e-04
   1.6419990e-02  -1.6975326e-02   5.2666325e-03   1.9531999e-04  -2.8174610e-04   2.7518359e-04
   1.6918749e-02   3.7561633e-02   1.8845743e-02  -4.8239344e-04  -1.8450440e-04   3.5881460e-04
   1.1916816e-02  -6.8294847e-04   3.0280637e-02   4.9212751e-04  -2.0080713e-04   2.9487486e-04
   7.0041264e-03   1.3370642e-02  -1.6305188e-02  -5.5659234e-05  -7.8232153e-05   2.8848986e-04
   1.1501370e-02   1.6098386e-02   7.6535623e-03  -4.8938258e-04  -1.7144935e-04   3.6147140e-04
   1.3151347e-02   3.4536333e-03  -5.5285625e-03  -6.0511744e-05  -4.3650104e-04   1.9267262e-04
   1.3083154e-02   1.6290013e-02  -1.4476872e-02  -1.5244553e-04  -2.5467325e-04   2.9057202e-04
  -3.0791045e-02  -5.0133902e-02  -8.8589415e-02   1.1670281e-03   5.7166856e-04  -1.4020090e-04
   4.5034461e-03   3.0561090e-02   4.7032605e-02  -1.4343219e-04  -2.4968624e-05   1.5347008e-04
  -1.5756623e-02  -3.4721966e-03  -2.8055097e-02  -5.9807153e-04   9.3047321e-06   1.5873376e-04
   9.3182802e-03   1.4597404e-02   6.5734930e-02   5.2656049e-04  -1.7153154e-04   1.3924787e-04
   6.9852562e-03   2.0960933e-02   7.3163283e-03  -7.0977366e-04  -7.3694497e-05   1.0312426e-04
   8.2043394e-03   9.0020499e-03   1.8905869e-02  -1.6372159e-04  -2.4726530e-04   3.2541878e-04
   1.6202254e-02   4.0646838e-02   1.3612802e-02  -3.7591426e-04  -5.1211595e-04   1.6727800e-04
  -7.2249540e-03  -2.5889165e-03  -2.0560843e-02   3.6125319e-04  -4.5361743e-05   1.7395104e-04
   6.5336102e-03   2.3676202e-02   2.7727305e-02   5.7155815e-04  -3.2471482e-04   1.2160810e-04
  -4.8508766e-03   2.2404000e-02  -1.9174823e-02  -5.2884964e-04  -1.1166803e-04   1.4433744e-04
   8.1826972e-03   1.5179259e-02   4.6138325e-04  -5.7772068e-05  -1.6962925e-04   2.7313308e-04
   7.1754199e-03  -1.6164794e-02   3.1110282e-03   7.5606439e-04  -3.1135932e-04   1.0117069e-04
   3.1232900e-03   2.3817039e-02  -1.8370117e-02  -4.2236803e-04  -1.2719792e-04   1.6888069e-04
   1.4840118e-02   3.3488086e-02   3.6889059e-02   9.7024347e-05  -1.7495556e-04   1.9634474e-04
   1.4458144e-02  -1.4241035e-02  -1.1420215e-02   9.8616189e-04  -3.8379451e-04  -1.0874261e-05
   1.0850461e-02   1.2386450e-02  -3.1015737e-03  -2.1303280e-05  -2.2205931e-04   2.0607933e-04
   2.1434834e-02  -4.5229490e-03   3.7320791e-02   9.3849618e-04  -3.7890914e-04   5.1089476e-05
   1.7840805e-02  -9.1111194e-04  -4.3944936e-03   4.5643697e-04  -3.5230364e-04   1.4032322e-04
   2.2206324e-02   3.9078774e-02   3.0051508e-02  -9.5155930e-04  -3.8763657e-04   2.0708741e-04
   1.5437735e-02  -3.9634647e-03   1.2612218e-02   4.5391534e-04  -1.5670967e-04   8.2274844e-05
   2.6670576e-02   2.0764963e-02  -1.8342042e-02   5.5033285e-04  -5.5801323e-04   6.1365672e-05
   3.2555490e-02   1.7470364e-01   3.9765318e-02  -6.5226746e-04  -4.9167032e-04   8.1257508e-04
  -1.7334939e-02  -7.7871023e-02  -8.0112410e-02   2.3425303e-04  -2.8660587e-04  -7.0924921e-06
  -2.0207949e-02   6.3166603e-03  -5.5041451e-02   1.3186336e-04   9.3645025e-05  -3.2626227e-05
   6.9450796e-03   1.2341750e-02  -2.3658877e-02   1.2667755e-03  -1.8999571e-04  -8.5977981e-05
   1.1907456e-02  -1.6852614e-02  -3.8010782e-02   5.9414249e-04  -1.9912371e-04   9.8162950e-05
   3.9873750e-03   3.8546962e-03  -3.5872942e-02   7.3839954e-04   2.5133460e-05   9.4627405e-05
   2.5646765e-02  -7.8492521e-03   3.7822018e-02   1.0473881e-03  -3.3652606e-04   1.0129609e-04
   1.3696227e-02  -3.5041076e-02  -1.0027530e-02   7.4174775e-04   5.0183856e-05  -9.5627293e-06
   3.1129193e-02   2.8701543e-02   4.6717910e-02   3.6562765e-04  -4.6874001e-04   6.7673191e-05
   2.5165774e-02   4.1537451e-03   2.0607116e-03   9.0119872e-05  -3.9766363e-04   7.2881102e-05
   2.7505550e-02   3.2085143e-02   2.0228314e-02  -2.2542450e-04  -3.6394651e-04   8.4836270e-05
   1.6668552e-02  -1.3442540e-02   3.3168276e-03  -5.8699524e-04  -1.6802741e-04   1.1283245e-04
   2.7101823e-02   3.5465962e-02   2.1996443e-02  -1.1504773e-04  -3.1800687e-04   1.1221812e-04
   2.0689239e-02   1.7760316e-02  -1.9872746e-02   1.7950971e-04  -3.0086781e-04   1.9493337e-04
   2.2344586e-02   5.2952273e-02   6.7920704e-03  -9.6249027e-05  -2.9820992e-04   2.1859070e-04
   2.0803907e-02   2.9971399e-03  -2.6753229e-02   2.7448591e-04  -3.5340775e-04   1.2041603e-04
   2.7657523e-02   6.7531106e-02   2.7121666e-02  -2.7224874e-04  -3.0740207e-04   1.9581586e-04
   2.7864757e-02  -4.6557547e-03  -2.2386067e-03   4.7214329e-04  -4.9195639e-04   6.8512485e-05
   2.7561817e-02   2.1697872e-02  -6.2754767e-03   4.9144614e-04  -3.7425169e-04   9.0166550e-05
   3.2308703e-02   5.4106680e-02   3.5209025e-02  -2.0714005e-04  -3.8438556e-04   2.3978053e-04
   2.3981527e-02   8.0086501e-03  -9.5424549e-03  -1.7216942e-04  -2.1399533e-04   2.9004703e-04
   3.7553530e-02   2.9089613e-02   1.2766645e-02  -3.0219129e-04  -5.9248992e-04   3.1043533e-04
   3.4475775e-02   3.4457523e-02   2.8699336e-03   2.9584259e-04  -2.3685100e-04   3.1855615e-05
   3.2300715e-02   1.7346455e-02  -1.3315696e-02  -9.5876202e-05  -3.6303966e-04   5.0414384e-05
   3.6837808e-02   1.6293737e-02   2.6576974e-02   7.2895943e-04  -4.2199064e-04   8.1177646e-05
   2.5906810e-02  -7.0137429e-02  -5.0784498e-02   2.1098922e-03  -4.4136306e-04   1.5442990e-04
   6.2607810e-03  -2.2196940e-02  -1.1578697e-01   1.3623819e-03  -2.6637107e-04  -5.8428541e-05
   3.8444500e-02   1.3533799e-02   1.8299516e-02   8.2000889e-04  -7.0084224e-04   9.4022102e-05
   2.5626594e-02  -1.6342708e-02  -4.1238523e-02   7.2049745e-04  -4.3839285e-04   1.0412953e-04
   3.1913031e-02   7.4817854e-03   8.2790033e-03   9.3870658e-04  -5.1992098e-04   1.4659755e-04
   4.1298355e-02   4.2533411e-02  -1.0607957e-03   4.8041847e-05  -7.9803664e-04   1.0858316e-04
   2.9771353e-02  -4.1342623e-02  -2.6699580e-02   8.0713635e-04  -4.5754274e-04   2.0902072e-04
   5.7299863e-02   6.4261016e-02   2.1019668e-02  -2.7406158e-04  -1.1335486e-03   2.1567582e-04
   1.2896322e-02   7.4531711e-04  -1.5629394e-01   1.1567580e-03  -8.0527076e-04   5.7998415e-04
  -5.9834360e-03  -3.2551674e-01  -3.0933112e-01   6.6059685e-03  -2.2524921e-04   7.6750999e-04
   3.7871983e-02  -1.8707674e-01  -1.5408699e-01   4.6865525e-03  -4.1167277e-04   6.1999759e-04
   3.0681136e-02  -4.0762925e-02  -1.2754745e-01   1.3806018e-03  -4.4729043e-04   2.8456024e-04
   4.3372274e-02  -3.3948467e-02  -3.2384959e-02   1.1552403e-03  -7.8012563e-04   4.2252639e-04
   4.4953119e-02  -9.5637048e-04  -6.3234847e-02   5.7375960e-04  -7.4928103e-04   3.8791432e-04
   4.7279220e-02   1.5813826e-02  -3.0639631e-02   1.0008255e-03  -7.4534360e-04   3.6944366e-04
   4.2124505e-02  -3.5079186e-02  -4.7417722e-02   6.0950902e-04  -5.3250295e-04   4.6832115e-04
   5.8762765e-02   4.4128112e-02  -1.4037986e-02  -4.4309389e-04  -9.5111900e-04   5.5299444e-04
   4.3144404e-02  -4.0144070e-02  -5.4122074e-02   4.6657126e-04  -5.3738370e-04   5.6749074e-04
   4.9927778e-02   3.6224283e-02  -6.7484530e-02   5.5559435e-04  -8.3983088e-04   4.8893979e-04
   5.2261370e-02   2.7671399e-02  -4.3251666e-02   4.0425192e-04  -8.4740610e-04   5.5104604e-04
   4.9591325e-02  -5.1048983e-02  -6.3231778e-02   1.2347753e-03  -7.1566820e-04   4.2714429e-04
   6.5649436e-02   7.9485167e-02  -2.8550152e-02  -3.6962926e-04  -8.2897481e-04   6.0143294e-04
   5.1590621e-02  -2.0477239e-02  -4.9522622e-02   6.0532291e-04  -5.6431668e-04   4.9923148e-04
   5.8068956e-02  -2.1505027e-04  -4.4247434e-02   4.2487397e-04  -9.0209310e-04   4.8352031e-04
   5.1898964e-02   4.5085459e-02  -4.2129625e-02   4.0034835e-04  -5.7353473e-04   4.6428533e-04
   4.5668228e-02  -3.9286548e-02  -4.8093926e-02   1.0630498e-03  -5.7699271e-04   3.9275382e-04
   5.1048474e-02   4.9599174e-02  -2.8442549e-02  -4.0877607e-04  -8.1285644e-04   5.6675788e-04
   3.7424372e-02   5.1794587e-03  -5.4022986e-02   4.4900731e-04  -7.2342038e-04   5.5519899e-04
   4.6210152e-02   8.7259499e-03  -4.9199935e-02   2.6198113e-04  -9.1671579e-04   4.5653340e-04
   4.1997049e-02   1.6946388e-02  -4.3245809e-02   2.8101300e-04  -7.0281404e-04   4.7283424e-04
   3.9991282e-02  -1.3977976e-02  -5.1275115e-02   8.1668175e-04  -7.6949024e-04   4.0996765e-04
   5.2910083e-02   6.5550402e-02  -3.9783507e-02  -4.3298844e-04  -1.0031688e-03   4.9530975e-04
   3.8820587e-02  -4.8618994e-03  -6.7981549e-02   4.4021216e-04  -6.0317033e-04   4.6526606e-04
   4.5106379e-02   1.9945555e-02  -4.0270082e-02   8.5702427e-05  -6.9743032e-04   3.9378852e-04
   5.4565332e-02   2.3925590e-02  -5.8935099e-02  -7.1462600e-05  -9.2014806e-04   4.2297978e-04
   4.7366713e-02  -1.0071452e-02  -6.1823557e-02   7.4025704e-04  -8.2791219e-04   4.9589320e-04
   6.1583975e-02   5.2199215e-02  -4.1158141e-02  -2.5576698e-04  -1.1970695e-03   4.9157450e-04
