   0.0000000e+00   0.0000000e+00   0.0000000e+00   0.0000000e+00   0.0000000e+00   0.0000000e+00
   2.3599604e-02   4.6368664e-02   8.6371766e-02  -2.1384411e-04  -2.2685484e-04   2.8757771e-04
   3.4985701e-03  -4.0116466e-02   5.7553931e-02   7.4935570e-04   1.4928099e-05  -8.3194877e-05
   2.1873601e-02   9.1053563e-02   1.0824161e-01  -7.1392470e-04  -1.6369684e-04   2.4311021e-04
   2.6474467e-03  -2.1370481e-02   6.0442689e-02   4.1317907e-04   9.0770612e-05   8.7247934e-05
   2.7001631e-02   5.6143147e-02   1.0250003e-01   4.0882159e-05  -3.9276452e-04   4.4070145e-04
   2.0257569e-02   7.6842003e-02   8.1425722e-02  -1.1458283e-03  -1.6643101e-04   6.0470674e-04
   1.8572061e-02   7.1581871e-02   9.7943543e-02  -7.8688078e-04  -3.0537069e-05   7.3889085e-04
   2.3510618e-02   6.9288956e-02   1.0467132e-01   4.5991460e-05  -2.2258277e-04   6.2231923e-04
  -6.3296842e-05   9.3456652e-02   5.4436617e-02  -1.2459090e-03   1.9620099e-04   5.6631152e-04
  -1.7880757e-02   2.6196521e-02   8.2634864e-02  -8.2259937e-04   8.8225739e-04   4.9060788e-04
   2.2562966e-02   1.4809034e-01   1.1159655e-01  -9.4325940e-04   1.9015671e-04   7.4161184e-04
  -2.9617569e-03   5.5049440e-02   6.0836854e-02  -2.5682339e-04   4.4064261e-04   6.2040947e-04
   2.5499620e-02   8.7975178e-02   1.3542012e-01   4.4445473e-04   9.9882665e-05   7.0775267e-04
   9.0705818e-03   4.4776302e-02   9.2436697e-02   2.3225772e-04   1.8823372e-04   6.6069278e-04
   2.9910846e-02   1.1367517e-01   1.3296735e-01  -6.2650393e-04   4.6838587e-05   9.0513534e-04
  -3.3552430e-02   1.6835667e-01   3.7708605e-01   1.0738364e-03   6.6991966e-04   1.8358025e-03
   1.0921364e-02   6.2087598e-02   2.4054128e-01   1.4766328e-03  -7.3326265e-04   5.4984299e-04
   9.5379494e-03   6.9891009e-02   2.6761121e-01   1.0770122e-03  -6.7203408e-04   5.3250401e-04
   2.0020106e-02   1.4550600e-01   3.3619165e-01  -1.9184822e-04  -3.8742560e-04   7.5991586e-04
   4.9911520e-03   9.2195623e-02   3.2648987e-01   2.3685175e-04  -3.4244763e-04   7.1860648e-04
   2.8445648e-02   1.1610839e-01   3.7575239e-01   1.0930403e-03  -9.2567147e-04   7.0068388e-04
   1.6198188e-02   1.1130751e-01   3.3270396e-01  -1.3456326e-04  -8.0546967e-04   6.4156527e-04
   1.6755544e-02   1.4725932e-01   3.6433143e-01  -4.8216489e-04  -6.3459871e-04   7.2240285e-04
   2.4320448e-02   1.0581682e-01   3.7192832e-01   1.0196067e-03  -7.1768727e-04   4.0386902e-04
   1.4021803e-02   9.6150348e-02   3.5126516e-01   4.7241076e-04  -5.7830035e-04   5.4648608e-04
   2.9539667e-02   1.5106752e-01   3.9468864e-01   5.0605678e-04  -5.4783730e-04   4.8185342e-04
   6.2921399e-03   9.0290775e-02   3.5138305e-01   3.6681890e-04  -3.2052254e-04   6.0712359e-04
   2.7244237e-02   1.2154527e-01   4.0706906e-01   4.5298462e-04  -6.9632405e-04   6.0163664e-04
   8.3165354e-03   9.7586681e-02   3.6513963e-01   2.3955103e-04  -5.5402017e-04   5.6300958e-04
   2.4894112e-02   1.5871168e-01   4.0709373e-01  -3.9199555e-04  -5.8237602e-04   7.3689621e-04
   1.6892856e-02   8.2002801e-02   3.6474885e-01   4.7844562e-04  -5.4725483e-04   5.6036895e-04
   3.9261445e-02   1.5186730e-01   3.8898395e-01  -2.1284716e-04  -6.4105389e-04   7.0080351e-04
   1.8747918e-02   1.3645939e-01   3.7656648e-01  -2.1864153e-04  -2.8776090e-04   6.8193525e-04
   2.1892576e-02   1.1241697e-01   3.7731470e-01   2.3994799e-05  -3.2673538e-04   7.7968664e-04
   2.6172554e-02   1.1810739e-01   3.9830917e-01   6.0022911e-04  -3.5534707e-04   6.4364903e-04
   2.5977912e-02   1.3033623e-01   3.7061130e-01   7.7269607e-05  -4.5035682e-04   6.7915665e-04
   3.9588027e-02   1.7158730e-01   4.1374467e-01  -3.6238865e-04  -4.9765044e-04   7.1671223e-04
   1.3147527e-02   6.5798807e-02   3.7014403e-01   9.4511278e-04  -4.3593533e-04   4.7671365e-04
   3.5765910e-02   1.7951810e-01   4.1795746e-01  -4.5348398e-04  -5.6671585e-04   7.3244607e-04
   7.3671666e-03   8.8207468e-02   3.6365887e-01   3.3093573e-04  -1.8106884e-04   5.4957772e-04
   3.3652933e-02   1.3722437e-01   4.1630903e-01   5.4114182e-04  -4.8074039e-04   6.3253501e-04
   2.0989802e-02   1.1321897e-01   3.8031748e-01   1.9611900e-04  -3.8967814e-04   5.8597460e-04
   2.8089581e-02   1.6525754e-01   4.1822829e-01  -1.9631348e-04  -3.0129240e-04   7.0098160e-04
   1.9358030e-02   9.0933971e-02   3.9054744e-01   4.1271183e-04  -3.8694760e-04   6.5256513e-04
   2.9374679e-02   1.6579592e-01   4.1112118e-01  -5.7506094e-04  -3.9972611e-04   7.5000090e-04
   1.3204485e-02   1.3166863e-01   3.7775385e-01  -1.2924852e-04  -1.8889003e-04   7.4145931e-04
   3.3101875e-02   1.2140063e-01   4.3124072e-01   8.6819609e-04  -5.3597924e-04   6.8736394e-04
   1.6658553e-02   1.1276071e-01   3.7829169e-01   2.3230791e-04  -3.9734510e-04   5.8622397e-04
   3.4192419e-02   1.8511801e-01   4.3369892e-01  -6.0332617e-04  -3.9803199e-04   8.5619947e-04
   1.4512644e-02   7.9881854e-02   3.7908004e-01   4.9628840e-04  -3.3384344e-04   6.1419929e-04
   3.8748649e-02   1.7779620e-01   4.3128788e-01  -5.5956977e-04  -5.6743487e-04   7.7039503e-04
   1.1777687e-02   1.2324692e-01   3.7252264e-01  -2.5159266e-04  -1.0000661e-04   7.4058638e-04
   3.4425905e-02   1.3654384e-01   4.1596046e-01   1.7470166e-04  -5.4517225e-04   8.5795765e-04
   2.2070212e-02   1.3980968e-01   3.8065126e-01  -1.9075625e-04  -4.1852443e-04   7.1629433e-04
   1.8426866e-02   1.5213154e-01   3.8142718e-01  -2.9238035e-04  -3.2186772e-04   7.2932132e-04
   2.4823493e-02   1.3071332e-01   3.9426793e-01   1.6409010e-04  -5.5002174e-04   7.4516858e-04
   1.7215447e-02   1.1228580e-01   3.6948920e-01   6.0371052e-04  -4.7911629e-04   5.6662432e-04
   3.6940608e-02   1.7447912e-01   4.1983786e-01  -4.6293809e-04  -5.4539803e-04   7.6324063e-04
   1.5871228e-02   8.8875051e-02   3.6548602e-01   1.0580035e-03  -3.5576096e-04   5.3250680e-04
   2.7515438e-02   1.4044548e-01   4.1136044e-01   9.2267631e-04  -4.9469603e-04   6.4855184e-04
   2.5943669e-02   1.3523711e-01   4.0106026e-01  -1.4774797e-04  -4.1751294e-04   6.2834226e-04
   1.4893019e-02   1.1819016e-01   3.7533905e-01   1.2063671e-04  -2.8264823e-04   6.9187188e-04
   3.5563902e-02   1.5467601e-01   4.1719992e-01   1.3854740e-04  -5.8613283e-04   7.2720197e-04
   1.6741726e-02   1.0758832e-01   3.8575337e-01   1.7532740e-04  -1.4478017e-04   6.1132768e-04
   2.8509364e-02   1.5856161e-01   3.8686556e-01  -2.0745760e-04  -3.9279291e-04   6.5009390e-04
   2.2584597e-02   8.8844359e-02   3.7721859e-01   4.6435425e-04  -5.9536117e-04   5.7508161e-04
   3.8064081e-02   1.7283578e-01   4.1590872e-01  -9.2772360e-04  -7.4497704e-04   7.7030648e-04
   1.5814400e-02   1.1097570e-01   3.7493617e-01  -3.9419974e-04  -3.8210029e-04   7.2803202e-04
   2.8109019e-02   1.5065160e-01   4.2015206e-01  -7.1607815e-04  -5.2973656e-04   9.0304578e-04
   2.8621758e-02   1.4968290e-01   3.8628382e-01  -7.0403966e-04  -6.7659302e-04   6.9251179e-04
   2.3194342e-02   1.2492454e-01   3.6756716e-01  -8.3036514e-05  -6.2850422e-04   7.3527930e-04
   3.1452605e-02   1.7908335e-01   4.0386591e-01  -2.9895841e-04  -8.0416368e-04   7.9262042e-04
   1.9563998e-02   1.2752525e-01   3.8133230e-01   1.6671857e-04  -5.0727222e-04   5.4032052e-04
   2.3155238e-02   1.3636700e-01   3.8554269e-01   2.9347542e-04  -6.7718516e-04   5.9105984e-04
   3.0232587e-02   1.4977664e-01   4.1782783e-01   3.2056439e-04  -6.4339793e-04   6.4974856e-04
   1.6388431e-02   1.3534134e-01   3.7099952e-01  -2.6135891e-04  -4.5890010e-04   4.6402000e-04
   2.8180600e-02   1.5503957e-01   4.1261456e-01  -3.6136030e-04  -6.3862527e-04   7.7161952e-04
   3.1980528e-02   1.0834274e-01   3.8568189e-01   6.5715077e-04  -8.0135539e-04   4.2968712e-04
   3.1074964e-02   1.5205210e-01   3.9276820e-01  -4.4014234e-04  -6.7383139e-04   6.1307380e-04
   3.8184237e-02   2.2356710e-01   3.9068307e-01  -6.5330572e-04  -5.0508856e-04   8.9600556e-04
   4.2698639e-02   2.0607075e-01   3.0340456e-01   2.7032587e-04  -1.1306173e-03   1.0838767e-03
   9.7295973e-03   4.9178257e-02   2.6413891e-01  -1.0013695e-03  -4.7229572e-04   7.2137161e-04
  -6.3961911e-03   9.7322215e-02   2.6195149e-01   3.5744721e-04   1.2371733e-04   4.1845612e-04
   3.5414325e-02   2.2381021e-01   3.9478462e-01  -1.6928558e-03  -4.8957741e-04   7.7703987e-04
   8.3042391e-03   8.6642205e-02   3.3183267e-01  -1.1525376e-04  -2.5498713e-04   5.0224190e-04
   4.6167086e-02   1.5658106e-01   3.7020945e-01  -3.7656539e-04  -7.2350893e-04   4.3314477e-04
   4.7353380e-02   1.3494196e-01   3.8474633e-01  -6.0755847e-04  -1.1777647e-03   4.4629535e-04
   2.1085704e-02   7.7815489e-02   3.7823741e-01  -1.6861154e-04  -5.8695487e-04   3.2230281e-04
   3.4271613e-02   1.6177048e-01   3.9364506e-01  -1.4740627e-03  -6.2422742e-04   5.0619617e-04
   3.5268547e-02   1.3529919e-01   3.8409126e-01  -1.1022216e-03  -6.4485902e-04   4.0697167e-04
   2.0892254e-02   1.1313929e-01   3.5979579e-01  -9.4928329e-04  -5.5794011e-04   3.0966167e-04
   4.3798320e-02   2.0479785e-01   4.2264939e-01  -2.2037036e-03  -6.7612008e-04   5.6766281e-04
   1.2885100e-02   1.3446974e-01   3.4835237e-01  -1.4294619e-03  -3.9647475e-04   5.7287224e-04
   4.0708118e-02   1.9062853e-01   3.9802917e-01  -1.3605224e-03  -7.5543156e-04   5.8148353e-04
   2.5183321e-02   1.4506212e-01   3.6969600e-01  -1.1328502e-03  -7.5013995e-04   4.5523884e-04
   2.4823302e-02   1.7325686e-01   3.8251883e-01  -1.4021018e-03  -3.6962074e-04   5.1583478e-04
   1.9285868e-02   1.9004092e-01   3.5360466e-01  -1.5723015e-03  -4.2012424e-04   5.6201684e-04
   1.8861298e-02   1.3577285e-01   3.6360282e-01  -1.1209865e-03  -4.9687550e-04   5.1819598e-04
   2.8506557e-02   1.9666935e-01   3.8052889e-01  -1.5321500e-03  -6.0519772e-04   5.1798903e-04
   1.5653987e-02   1.7954866e-01   3.4089802e-01  -1.6577590e-03  -3.4985399e-04   6.8215284e-04
   4.0336297e-02   2.1059417e-01   4.0686745e-01  -2.1882005e-03  -8.3099208e-04   8.2235831e-04
   1.9337972e-02   1.5743308e-01   3.5102672e-01  -1.9144496e-03  -4.5890695e-04   6.0702803e-04
   2.9667061e-02   2.0438851e-01   4.0558643e-01  -2.0138373e-03  -5.7522729e-04   7.8490050e-04
   2.6471684e-02   1.7739077e-01   3.7438855e-01  -1.8457216e-03  -5.2679665e-04   6.1197491e-04
   2.0899539e-02   1.5788657e-01   3.5670224e-01  -1.5710806e-03  -4.9720604e-04   6.2264813e-04
   3.7615379e-02   2.2185216e-01   4.0114548e-01  -2.1617358e-03  -5.8916068e-04   6.6613760e-04
   1.8506929e-02   1.4824712e-01   3.4891575e-01  -1.5632185e-03  -3.4783772e-04   5.9636990e-04
   4.1279331e-02   1.9875930e-01   4.0477582e-01  -1.3651975e-03  -7.1529256e-04   5.9913552e-04
   1.9998596e-02   1.5651999e-01   3.5701610e-01  -1.9869166e-03  -4.4984452e-04   5.2681982e-04
   3.2730322e-02   1.8047286e-01   3.9445960e-01  -1.6274543e-03  -6.8598561e-04   5.5293075e-04
   2.3962413e-02   1.8400916e-01   3.6557312e-01  -2.1458366e-03  -5.6057358e-04   6.2765312e-04
   2.3802791e-02   1.6520483e-01   3.7445980e-01  -1.7188896e-03  -5.7502449e-04   6.8724322e-04
   3.2038032e-02   1.8129766e-01   3.9081562e-01  -1.8999468e-03  -6.0021262e-04   6.3356732e-04
   2.0419805e-02   1.7223254e-01   3.4884721e-01  -2.1702685e-03  -4.8065813e-04   5.7550286e-04
   2.9622521e-02   1.6247973e-01   4.0674870e-01  -1.7691415e-03  -4.6190630e-04   7.0618572e-04
   1.9466175e-02   1.7694079e-01   3.4783794e-01  -2.2366926e-03  -5.8746716e-04   5.8911811e-04
   2.6136746e-02   1.9580911e-01   3.9513645e-01  -1.8469485e-03  -7.2461225e-04   7.5054731e-04
   2.0146868e-02   1.4626944e-01   3.6809647e-01  -1.2643441e-03  -6.6290376e-04   4.1976094e-04
   1.9464731e-02   1.9078880e-01   3.5616112e-01  -1.9512666e-03  -5.8777590e-04   5.0204099e-04
   3.4593392e-02   1.8838424e-01   3.9527532e-01  -1.7739973e-03  -7.4955524e-04   6.5267637e-04
   2.2558738e-02   1.5844652e-01   3.5413006e-01  -1.7343231e-03  -7.3831475e-04   4.8333679e-04
   2.6320647e-02   1.9884989e-01   3.8859987e-01  -1.7185740e-03  -4.6694950e-04   4.9213972e-04
   2.0465142e-02   1.4748747e-01   3.4879199e-01  -1.4469378e-03  -6.6330361e-04   4.9002919e-04
   3.6041573e-02   2.1978257e-01   4.0478446e-01  -2.2551901e-03  -7.6410949e-04   7.1230888e-04
   1.6079990e-02   1.7580739e-01   3.5477504e-01  -2.0874585e-03  -3.8333699e-04   5.5783790e-04
   3.2807743e-02   1.8700591e-01   3.9681106e-01  -2.0508115e-03  -7.2397396e-04   6.3002549e-04
   2.8500805e-02   1.7893548e-01   3.7187485e-01  -1.9500967e-03  -6.7686752e-04   5.3156741e-04
   3.0309432e-02   1.8339915e-01   3.6899768e-01  -2.1741112e-03  -6.3798062e-04   4.8453501e-04
   2.9352659e-02   1.9127756e-01   3.8475902e-01  -2.2101971e-03  -4.1117787e-04   6.9959110e-04
   2.8833456e-02   1.5966995e-01   3.5138847e-01  -1.5708516e-03  -6.6859150e-04   4.9278553e-04
   4.2009872e-02   2.0917402e-01   4.0455075e-01  -1.8636061e-03  -8.1744601e-04   6.5713971e-04
   2.5487073e-02   1.7393019e-01   3.5578163e-01  -2.3513570e-03  -5.2145711e-04   5.6278734e-04
   3.1909411e-02   2.2380120e-01   3.7845997e-01  -2.5442070e-03  -4.8089919e-04   7.9340834e-04
   2.5214607e-02   1.5055526e-01   3.5233844e-01  -1.1196700e-03  -4.6878572e-04   4.1417965e-04
   3.6309595e-02   2.3264218e-01   3.7311311e-01  -3.4284401e-03  -8.0389090e-04   7.3460199e-04
   1.5556313e-02   1.9148718e-01   3.5776718e-01  -2.0507751e-03  -2.2939632e-04   6.1787910e-04
   2.2584529e-02   1.4911430e-01   3.2722238e-01  -8.9762370e-04  -8.6496472e-04   3.3504558e-04
   4.4653729e-02   2.4462876e-01   3.7027981e-01  -2.5938391e-03  -9.7320567e-04   5.6886956e-04
   1.9203032e-02   1.6252194e-01   3.1645385e-01  -1.8223060e-03  -8.5432853e-04   4.8803816e-04
   3.3114134e-02   1.8510687e-01   3.8865502e-01  -1.4891854e-03  -9.2616871e-04   5.5056965e-04
   3.1170808e-02   1.8302593e-01   3.4253185e-01  -2.0763576e-03  -1.0811645e-03   4.5535520e-04
   2.7356213e-02   1.9607513e-01   3.5253669e-01  -2.3462754e-03  -9.7583124e-04   5.9193526e-04
   3.2852323e-02   1.5732114e-01   3.6131607e-01  -6.9587326e-04  -9.8579802e-04   3.5542563e-04
   2.2437932e-02   1.7415271e-01   3.2514338e-01  -1.9535137e-03  -1.0067209e-03   4.1831728e-04
   2.6986476e-02   2.0335294e-01   3.9002278e-01  -2.2751537e-03  -8.7336056e-04   5.2576174e-04
   1.8400491e-02   1.4619110e-01   3.3074355e-01  -1.5440784e-03  -9.1368512e-04   3.5927618e-04
   3.7611748e-02   2.2011818e-01   3.7733339e-01  -2.4654003e-03  -1.1930458e-03   6.0795832e-04
   2.2121472e-02   1.6323503e-01   3.4577104e-01  -2.1136151e-03  -8.7169835e-04   5.7494246e-04
   2.4715681e-02   1.5691545e-01   3.3944771e-01  -1.4431182e-03  -8.5896730e-04   4.5617472e-04
   3.4360668e-02   2.2126145e-01   3.6926868e-01  -2.5111373e-03  -9.4040191e-04   4.8951780e-04
   1.7741434e-02   1.5441187e-01   3.2733449e-01  -1.8248778e-03  -7.4304384e-04   3.9801794e-04
   3.1559556e-02   1.8630507e-01   3.5951347e-01  -1.8495791e-03  -1.0498097e-03   4.5918542e-04
   2.7138731e-02   1.8212383e-01   3.4212251e-01  -2.1235626e-03  -9.4073263e-04   4.0062487e-04
   2.9198507e-02   1.7093539e-01   3.4192975e-01  -2.1793663e-03  -8.4617825e-04   5.3868279e-04
   3.3897218e-02   1.5843716e-01   3.6387728e-01  -1.2045872e-03  -9.0765917e-04   3.6386803e-04
   2.5150971e-02   1.8671071e-01   3.2738090e-01  -2.6526709e-03  -8.3783437e-04   4.1881632e-04
   3.5524797e-02   2.1444360e-01   3.6400219e-01  -2.3627530e-03  -8.8425951e-04   6.0773562e-04
   2.5856832e-02   1.5289807e-01   3.2575708e-01  -1.6025039e-03  -9.4761097e-04   3.5237213e-04
   3.6183768e-02   2.1564770e-01   3.6081834e-01  -2.5379264e-03  -1.0939742e-03   4.8567096e-04
   2.8934488e-02   1.7218147e-01   3.5575055e-01  -2.0084549e-03  -1.0335000e-03   4.5686661e-04
   2.6099430e-02   1.9285591e-01   3.1702414e-01  -2.3355517e-03  -1.1700494e-03   4.8263129e-04
   2.9976995e-02   2.0627805e-01   3.5623396e-01  -2.2567012e-03  -9.8481421e-04   5.6665293e-04
   2.3770606e-02   1.5484049e-01   3.2011508e-01  -1.7134422e-03  -1.0592024e-03   3.7507795e-04
   3.8722713e-02   2.1793955e-01   3.7179468e-01  -2.2184056e-03  -1.0323720e-03   5.2026049e-04
   3.4403327e-02   1.6234848e-01   3.3406784e-01  -1.6260002e-03  -1.0244238e-03   4.4147707e-04
   4.1510228e-02   2.2704154e-01   3.5138989e-01  -2.4636684e-03  -1.2148735e-03   5.2461638e-04
   3.4868532e-02   1.8626486e-01   3.4921750e-01  -1.7309766e-03  -8.8534367e-04   4.1265245e-04
   3.6642019e-02   1.6581785e-01   3.3510995e-01  -1.9007668e-03  -9.4214657e-04   3.9214362e-04
   5.8967711e-02   2.3413665e-01   3.8042671e-01  -2.8863208e-03  -1.1568675e-03   3.9155547e-04
   3.2743410e-02   1.5613147e-01   3.2158568e-01  -2.0633249e-03  -8.3878803e-04   4.9271935e-04
   4.4051512e-02   1.7561118e-01   3.8098383e-01  -1.3955961e-03  -1.1511838e-03   4.3034960e-04
   3.9390864e-02   1.8171724e-01   3.4124276e-01  -2.4341302e-03  -9.4504544e-04   5.3950776e-04
   4.8993474e-02   2.0106030e-01   3.7658671e-01  -2.5311715e-03  -9.5928920e-04   6.8361689e-04
   4.8635715e-02   1.5015465e-01   3.4676210e-01  -1.8854109e-03  -9.9884798e-04   5.8810152e-04
   5.4444960e-02   2.0982815e-01   3.6896932e-01  -2.7771884e-03  -1.3066822e-03   6.1368299e-04
   4.5589510e-02   1.8621047e-01   3.6838217e-01  -2.5195882e-03  -9.0866295e-04   5.9378860e-04
   4.2511213e-02   1.4944074e-01   3.3259432e-01  -1.8265271e-03  -1.0889878e-03   4.9551274e-04
   5.6763875e-02   2.0693593e-01   3.8257107e-01  -2.3074262e-03  -1.3606399e-03   5.6128224e-04
   4.1754138e-02   1.6761439e-01   3.4612197e-01  -2.3581239e-03  -8.9805683e-04   5.7207225e-04
   4.6005876e-02   1.7611870e-01   3.6883259e-01  -2.3725590e-03  -9.7200341e-04   6.8633228e-04
   4.8371013e-02   1.4492918e-01   3.6017662e-01  -1.7397141e-03  -1.2192313e-03   4.5095617e-04
   4.2203229e-02   1.7206261e-01   3.4341098e-01  -1.8995138e-03  -1.0216777e-03   4.6699761e-04
   4.4668980e-02   2.1079658e-01   3.5557145e-01  -2.7109472e-03  -9.0696130e-04   6.2532129e-04
   4.1219107e-02   1.4194555e-01   3.3501541e-01  -1.9012923e-03  -1.1302743e-03   4.7131345e-04
   5.4238160e-02   2.2266855e-01   3.6848203e-01  -2.7429538e-03  -1.4699256e-03   4.9809658e-04
   2.2349079e-02   1.8104300e-01   3.3604618e-01  -2.3575401e-03  -9.1349125e-04   4.8654229e-04
  -3.8789071e-02   2.9077089e-01   5.7512399e-01  -2.7600784e-05   3.9797084e-04   3.5288878e-05
