   0.0000000e+00   0.0000000e+00   0.0000000e+00   1.3877788e-17   1.9259299e-34   1.3877788e-17
   2.2041339e-02   3.1251822e-02   1.4695266e-02   5.8827165e-03  -4.6897763e-04   8.2316101e-04
   1.6575346e-02   1.9667192e-02  -1.0589182e-01   7.8659150e-03   4.5346482e-04   4.6882830e-04
   2.3508011e-02   8.6341000e-02  -7.8425585e-02   6.4510153e-03  -2.0230039e-04   6.8745674e-04
   7.0123610e-03   4.6674394e-02  -5.0991002e-02   5.5801379e-03  -1.1580590e-04   7.8280254e-04
   1.7079823e-03   8.9986649e-02  -9.2296707e-02   4.9573733e-03   2.8923956e-04   5.6713832e-04
   1.3574680e-02   6.1530348e-02  -2.0964328e-02   5.5984628e-03   1.4574543e-04   4.0753082e-04
   8.4536857e-03   6.0801354e-02  -2.0676222e-02   5.7428699e-03   2.2293622e-04   4.0645468e-04
   8.3290706e-03   8.1110659e-02  -5.9908989e-02   4.5192987e-03   3.8418561e-04   4.1260306e-04
   5.6705744e-03   7.0977244e-02  -2.6531227e-02   4.9285524e-03   9.3138873e-04   2.2694635e-04
   6.5817096e-03   4.0289975e-02  -1.7251441e-02   5.7270268e-03   1.1047364e-03   1.6972430e-04
   3.9043165e-03   5.4025375e-02  -2.7521728e-02   6.5481234e-03   5.9265167e-04   3.2348360e-04
   3.7001943e-03   7.1103008e-02   4.0591603e-02   5.3562011e-03   6.0913623e-04   8.3855430e-05
   6.4338946e-03   4.0680804e-02   2.7346293e-02   5.7433950e-03   6.7966806e-04   2.2408531e-04
   9.8693143e-03   4.8941629e-02   1.2541101e-03   4.2605008e-03   1.0797103e-03   1.4029354e-04
   1.6610237e-02   3.7983367e-02   3.7145960e-02   4.4052874e-03   1.1391241e-03   3.2351441e-04
   2.0230900e-02   2.1688976e-02   5.7894815e-02   4.4038820e-03   8.1806051e-04   1.0264470e-03
   7.6784891e-03   4.8500171e-02   1.9821554e-02   3.4454948e-03   1.4429748e-03   2.9589976e-04
   8.2407256e-03   4.0903855e-02   5.7393055e-02   2.4507876e-03   2.1741784e-03  -1.4244736e-03
   1.5249907e-02   1.6111983e-02   8.6056214e-02   3.8106467e-03   1.8101722e-03   1.1483392e-04
   1.5451724e-02   2.7071788e-02   4.1591111e-02   3.7453578e-03   1.7177829e-03  -1.9237703e-04
   1.4639507e-02   7.6077195e-04   6.7151592e-02   5.1281528e-03   1.7774845e-03  -2.4595267e-04
   2.2101573e-02   5.6777553e-02   3.5108524e-02   5.3378491e-03   2.3715417e-03  -2.7563212e-04
   1.7887413e-02   4.5239907e-02   3.4542476e-03   4.1060296e-03   2.5678757e-03  -6.1291715e-04
   2.2711173e-02   3.5906089e-02   1.8648704e-02   3.1154154e-03   2.4009862e-03  -5.1626774e-04
   1.4857848e-02   3.3382300e-02   7.9385090e-02   3.0625223e-03   2.3585753e-03  -5.0842553e-04
   1.7445939e-02   1.7111907e-02   5.4286829e-02   4.0280844e-03   2.4017805e-03  -4.4356444e-04
   2.5582803e-02   4.2050492e-02   3.9448311e-02   3.5663802e-03   1.9425876e-03  -3.2817815e-04
   2.7278199e-02   3.1499910e-02   7.6307978e-02   2.9561910e-03   2.0679233e-03  -4.0338797e-04
   3.0491543e-02   3.3910193e-02   4.1113805e-02   3.1816509e-03   2.0885802e-03  -3.9911854e-04
   2.6917164e-02   3.3521432e-02   4.6010776e-02   2.1171996e-03   2.0771852e-03  -4.8517437e-04
   2.2341505e-02   3.5200014e-02   7.9145651e-02   3.5238759e-03   2.3141043e-03  -4.9586137e-04
   2.1149963e-02   4.2089554e-02   3.0505995e-02   1.8610529e-03   2.3516330e-03  -5.3615708e-04
   1.5534161e-02   3.5578571e-02   5.3617395e-02   2.6458462e-03   2.6205450e-03  -5.2364398e-04
   1.3973942e-02   1.0422744e-02   7.0399669e-02   2.8526800e-03   2.6708460e-03  -6.3944080e-04
   1.7563515e-02   4.0886165e-02   3.3580735e-02   2.1143821e-03   2.6144832e-03  -6.1183185e-04
   1.5687404e-02   5.5368033e-03   9.5376554e-02   2.5633573e-03   2.6435739e-03  -5.4852038e-04
   2.2434048e-02  -1.7159178e-02   6.9159332e-02   3.3123021e-03   2.4169310e-03  -1.8060161e-04
   2.4296380e-02   1.4896231e-02   2.6130437e-02   2.1535035e-03   2.3132463e-03  -1.0154101e-03
   4.9311442e-02  -2.9156894e-02   3.7344361e-02   2.0952704e-03   2.1427785e-03   7.9225357e-06
   5.2726490e-02   3.6008424e-02   8.2558830e-03   1.8754942e-03   1.5572129e-03  -9.1276998e-05
   5.6030748e-02   6.8667864e-02  -3.0004857e-02   2.1522991e-03   1.1976875e-03   2.6825333e-04
   4.3664106e-02   3.4020007e-02   1.1607250e-02   1.9532824e-03   1.4019266e-03   8.5986739e-05
   4.8988458e-02   4.5465176e-02  -2.6602587e-02   2.8318133e-03   1.5145318e-03   5.6896538e-05
   6.0932065e-02   4.7046357e-02   3.2493998e-02   1.7925558e-03   1.1295262e-03   4.8144298e-04
   9.3532522e-02   4.5677330e-02  -3.7418586e-02   3.2128712e-03   1.0629470e-03   5.8371192e-05
   8.1018483e-02  -7.3813331e-02   3.9695216e-01   6.2168591e-04   1.9645556e-03   1.6479849e-04
   8.2099874e-02  -5.9902090e-02   1.0208976e-01   1.4164361e-03   1.9198560e-03  -2.2508817e-04
   6.4944036e-02  -2.3296343e-02   3.1536100e-03   9.6941537e-04   1.6552988e-03  -3.1476024e-04
   6.2585708e-02   5.5755956e-02  -3.3610911e-02   9.4224231e-05   1.7635519e-03  -1.5588815e-04
   5.8629963e-02  -2.3289920e-03   1.9665885e-02   4.9662562e-05   1.5296693e-03  -4.3939591e-04
   5.2422436e-02   6.6251776e-03   8.3833172e-02   1.7212822e-03   1.6113377e-03  -1.8475232e-04
   7.4232929e-02   8.3288411e-02  -4.3856319e-01   3.2775431e-03   8.7881304e-04  -2.4518184e-04
   4.7677149e-02   2.0788357e-03   1.2629349e-01   3.8330733e-03   1.3572602e-03  -1.5123828e-06
   5.2653018e-02   9.1727052e-03   1.8628551e-01   1.8775576e-03   4.6828012e-04   3.0893159e-04
   2.7007908e-02  -1.4248855e-02   2.4044239e-01   3.0194835e-03   8.2169535e-04   2.0079296e-04
   2.3741091e-02  -4.6157840e-02   2.8040903e-01   2.6657587e-03   7.6114268e-04   1.3992741e-04
   2.6938512e-02  -2.5563776e-02   2.7829971e-01   9.6182392e-04   9.4384445e-05   9.9732508e-05
   1.9334112e-02  -7.0696834e-02   3.3926934e-01   1.2109256e-03   1.1257483e-04   1.6102171e-04
   1.7371150e-02  -3.1480636e-02   2.9889684e-01   1.6352626e-03   1.2148855e-03   1.5124323e-04
   2.7664405e-02  -2.3581768e-02   2.9752083e-01   8.8895949e-04   8.2769212e-04   1.6927683e-05
   1.3183008e-02  -7.5128963e-02   3.3799731e-01   7.3166090e-04   8.0143297e-04  -4.2726891e-05
   1.5217330e-02  -6.0701341e-02   3.1341232e-01   1.3649369e-03   9.1946076e-04  -2.3892089e-05
   1.8188798e-02  -5.2936345e-02   2.9811710e-01   1.0940359e-03   8.8758852e-04   7.2311787e-05
   1.3624484e-02  -8.3637271e-02   3.5376282e-01   1.7156726e-03   8.0090231e-04   1.7188682e-04
   3.1543497e-03  -9.4725584e-02   3.8799419e-01   1.5015019e-03   9.1801525e-04   2.4115559e-04
   1.6716817e-02  -8.9797080e-02   3.6944156e-01   5.1511215e-04   6.7780724e-04   5.9927995e-05
   1.6101631e-02  -1.1479932e-01   3.9965298e-01   8.8300213e-05   6.1231024e-04   4.4455975e-05
   1.7391539e-02  -1.0557739e-01   4.0742198e-01   1.2251535e-03   6.6155128e-04   1.6469864e-04
   1.7688437e-02  -7.1957682e-02   3.5123127e-01   5.7350834e-04   5.1283274e-04   2.2065281e-04
   1.3234686e-02  -9.9317438e-02   4.1255408e-01   9.6676893e-04   1.7155783e-04   1.9244484e-04
   1.0346437e-02  -1.0394718e-01   4.1246505e-01   5.8448711e-04   7.8852603e-04   4.9848162e-05
   8.7299011e-03  -7.0294341e-02   4.0236358e-01   3.1765917e-04   1.2135978e-03  -5.3153257e-04
   6.6144909e-03  -1.0652966e-01   4.2517601e-01  -7.7557672e-04   1.7973560e-03  -1.5239543e-04
   1.3888036e-02  -9.2283505e-02   3.9943740e-01  -8.1395339e-05   1.6422639e-03  -2.0056329e-04
   1.4325177e-02  -7.5529213e-02   4.0256932e-01  -5.0505792e-04   1.0659445e-03  -2.0522040e-04
   1.5417240e-02  -9.0693335e-02   4.3048637e-01  -1.4070262e-04   1.2286742e-03   8.0395275e-05
   1.0752391e-02  -1.0107661e-01   4.0494874e-01   7.5700739e-05   1.2530138e-03   1.0015628e-05
   2.3024362e-02  -9.3765719e-02   4.3105195e-01  -2.8605947e-04   1.2315929e-03   8.6975963e-05
   8.9292876e-03  -1.1314160e-01   4.3587221e-01   7.6451418e-04   1.5356579e-03   1.9882826e-05
   7.3989308e-03  -1.0676583e-01   4.1946609e-01  -2.0680086e-04   1.3913876e-03  -1.1639817e-04
   1.1451869e-02  -1.0570244e-01   4.3758979e-01  -5.5782404e-04   1.2464805e-03   8.0269093e-05
   1.3365362e-02  -9.7429871e-02   4.2096107e-01  -1.1683918e-03   8.9200905e-04  -7.4619379e-05
   1.2256813e-02  -1.0384364e-01   4.2252082e-01  -1.7576668e-03   8.3514485e-04  -1.1680835e-04
   4.4497512e-03  -1.4126853e-01   4.4953200e-01  -2.6460011e-04   1.0584170e-03   7.5679444e-06
   1.1933863e-02  -8.2541344e-02   4.1192464e-01  -1.2157867e-03   9.6307997e-04   6.9462018e-05
   8.2930239e-03  -1.1082335e-01   4.3931870e-01  -5.0637643e-04   1.0835795e-03   1.5002327e-05
   1.0358580e-02  -1.2228584e-01   4.3574888e-01  -2.9735093e-04   1.0007789e-03   5.3570014e-05
   1.8360322e-02  -9.8252847e-02   4.1819021e-01  -1.2502784e-03   7.1127057e-04   4.9453013e-05
   7.9656942e-03  -1.2003341e-01   4.4101347e-01  -3.1031623e-05   5.2675600e-04   2.7084807e-04
   4.8826877e-03  -1.0363746e-01   4.1186493e-01  -1.9400435e-04   1.1566740e-03   1.7779496e-04
   1.3120285e-02  -8.5210250e-02   4.0725226e-01  -9.7272530e-04   1.3892683e-03   7.8574159e-05
   1.0655253e-02  -1.1446006e-01   4.1171690e-01   1.4910890e-04   1.4054631e-03   1.4360055e-04
   6.2882908e-03  -7.7773235e-02   3.7236595e-01  -4.0940232e-04   1.7771070e-03  -9.7560699e-04
   8.7115886e-03  -2.7092434e-02   4.1395975e-01   1.4020277e-03   2.4661799e-03  -6.4545902e-04
  -1.9388659e-04  -1.0720412e-01   4.5108133e-01  -8.2549484e-04   2.6276072e-03  -9.9837102e-04
   2.4174678e-02  -4.0991065e-02   4.0149470e-01   9.6845985e-04   3.3961425e-03  -1.5979520e-03
   2.1467169e-02  -2.9553416e-02   3.6235789e-01   9.4322598e-04   3.8053751e-03  -1.9777812e-03
   2.7875068e-02  -2.7391553e-02   3.8559491e-01   2.2091107e-03   4.3973325e-03  -2.2867933e-03
   3.2521748e-02   1.2152551e-03   2.8583909e-01   3.8362412e-03   4.9404694e-03  -2.7594236e-03
   4.2008137e-02  -1.1036013e-03   3.0386752e-01   2.4333234e-03   5.2374654e-03  -2.7675564e-03
   3.6965307e-02   1.0594676e-02   3.4538455e-01   2.3916337e-03   5.5368002e-03  -4.2092125e-03
   4.5475241e-02   2.3098397e-02   3.0747405e-01   3.4805021e-03   5.6111624e-03  -3.4682143e-03
   3.8944731e-02   3.5179426e-02   2.9447608e-01   2.6891532e-03   5.6965064e-03  -3.6411142e-03
   7.9379828e-02   5.4126861e-02   3.1207129e-01   2.7619997e-03   5.8789666e-03  -5.9797079e-04
   8.0475269e-02  -2.2659276e-02   3.3895846e-01   2.3731108e-03   6.6277329e-03  -9.7325899e-04
   9.1314762e-02  -4.1203116e-02   2.9784323e-01   2.8071342e-03   6.4211044e-03   3.1591954e-04
   8.2992351e-02  -8.5891769e-03   3.4119863e-01   2.5005440e-03   6.4473242e-03  -2.1492627e-04
   4.8164359e-02  -7.4056683e-03   3.3910388e-01   4.1172621e-03   6.2716728e-03  -4.1097390e-03
   5.5994537e-02  -3.2382499e-02   3.0831422e-01   5.0126886e-03   6.5519731e-03  -3.7589039e-03
   3.4822663e-02   1.7587951e-03   3.2118530e-01   3.9407193e-03   8.5473837e-03  -2.1645453e-03
   4.2491201e-02   5.5955404e-02   3.4134110e-01   4.8669854e-03   8.9649536e-03  -2.4202593e-03
   2.3453497e-02  -1.5203273e-02   5.0723543e-01   7.4277701e-03   6.3694185e-03  -7.3566667e-04
   3.8611236e-02  -1.7794475e-01   7.4803055e-01   7.8953087e-03   6.4899726e-03  -1.2184508e-03
   9.4706617e-02  -1.7337830e-01   4.4606317e-01   7.9278287e-03   6.9787934e-03  -1.0235864e-03
   1.1912997e-01  -1.3525070e-01   2.5919070e-01   1.0861563e-02   7.8404643e-03  -1.1782011e-03
   1.3253624e-01  -1.3161864e-01   4.2521061e-01   1.0597620e-02   7.5826860e-03  -1.1616583e-03
   1.0534591e-01  -1.2329217e-01   4.4270665e-01   7.6346069e-03   7.0456435e-03  -2.8878226e-04
   8.1295631e-02  -1.2714093e-01   4.6778302e-01   6.0768470e-03   6.8215769e-03  -9.3188012e-04
   6.9601386e-02  -1.3185208e-01   4.8247771e-01   4.9344105e-03   6.7025219e-03  -7.7902552e-04
   5.6139407e-02  -1.2844684e-01   4.9026715e-01   3.4719242e-03   5.9045631e-03  -1.7331375e-03
   4.6185587e-02  -1.8778476e-01   5.0351228e-01   2.8018469e-03   5.5751519e-03  -1.1897641e-03
   3.4555306e-02  -1.4719638e-01   4.9122641e-01   2.6417865e-03   6.1573810e-03  -7.1207494e-04
   2.5219473e-02  -1.3567217e-01   4.7467866e-01   3.1312304e-03   5.8145044e-03  -7.6040127e-04
   1.2469476e-02  -8.8346661e-02   4.4129070e-01   3.1198007e-03   6.3585896e-03  -8.2982539e-04
   1.4631657e-02  -1.2739946e-01   4.2756970e-01   3.0145516e-03   6.1175588e-03  -7.6035208e-04
   1.6806531e-02  -6.0831633e-02   4.3539347e-01   5.7681406e-04   5.3792037e-03  -7.4849806e-04
   4.5580455e-02  -6.5163966e-02   3.9036951e-01  -4.5091634e-04   7.0045059e-03  -1.6710525e-03
   3.3400462e-02  -8.5308313e-02   3.6512479e-01   7.5747554e-04   5.5729244e-03  -1.3645965e-03
  -4.0878707e-02  -2.4921533e-01   6.0227624e-01  -6.4640584e-04   4.1098465e-03  -3.4209337e-05
   2.5539216e-02  -3.5637692e-02   7.0022388e-01   6.7278410e-05   3.2479656e-03  -3.5593199e-04
  -6.7279541e-03  -1.3550861e-01   5.2845875e-01  -1.1968073e-03   3.9994256e-03   5.8904083e-04
  -4.3095145e-02  -1.4178142e-01   5.2097035e-01  -2.2702050e-03   4.8539455e-03  -2.5883489e-04
  -4.6808564e-02  -1.2468847e-01   5.6313543e-01  -7.5125148e-04   5.1717533e-03  -2.7962636e-04
  -6.3542031e-02  -1.6013311e-01   5.6363289e-01  -2.5321300e-03   5.2175016e-03  -4.6681830e-04
  -5.2165032e-02  -1.6156094e-01   5.9548568e-01  -4.1629959e-03   5.4173035e-03  -8.3024722e-04
  -4.4905112e-02  -1.8802907e-01   6.1277495e-01  -3.7602098e-03   5.2358675e-03  -6.0054621e-04
  -4.5976260e-02  -1.6467159e-01   5.7029209e-01  -3.3277186e-03   5.2216472e-03  -5.5535395e-04
  -6.0582808e-02  -1.6897626e-01   5.9405514e-01  -3.7928205e-03   5.2561796e-03  -7.2159942e-04
  -4.4637042e-02  -2.1715975e-01   5.9923865e-01  -4.5775687e-03   5.5704478e-03  -7.9107269e-04
  -4.1382315e-02  -1.6352937e-01   5.6181699e-01  -4.2778315e-03   5.6923749e-03  -8.5675394e-04
  -3.9516930e-02  -1.7866934e-01   5.9740523e-01  -5.0385588e-03   6.0236215e-03  -1.0828482e-03
  -2.2453114e-02  -2.2417936e-01   5.8357458e-01  -4.9280745e-03   5.8964445e-03  -7.9032139e-04
  -2.0675932e-02  -1.7137892e-01   5.5660477e-01  -4.8736622e-03   5.6202456e-03  -7.4509835e-04
  -1.9734903e-02  -1.7383481e-01   5.7566013e-01  -5.6846497e-03   5.7255690e-03  -9.6161356e-04
  -2.5945954e-02  -2.3128103e-01   5.8052149e-01  -5.0885241e-03   5.8553752e-03  -8.1928921e-04
  -2.8272130e-02  -1.7048129e-01   5.5407367e-01  -5.3327193e-03   6.0721386e-03  -1.1573567e-03
  -3.5581481e-02  -1.7689370e-01   5.6928217e-01  -5.5389644e-03   5.9614415e-03  -1.0051361e-03
  -3.3548689e-02  -2.0238210e-01   5.7222853e-01  -4.2673695e-03   6.0686879e-03  -8.2072431e-04
  -3.6576379e-02  -1.7513533e-01   5.6667097e-01  -3.4991415e-03   6.2537539e-03  -1.0001099e-03
  -1.6822883e-02  -1.5944631e-01   4.4393505e-01  -4.2952282e-03   5.7334328e-03  -5.4146708e-04
   4.4717941e-02  -1.4948256e-01   4.2966572e-01  -3.9160954e-03   6.8573471e-03   7.2648054e-04
  -2.1811456e-03  -2.3778177e-01   7.6076246e-01  -5.4250807e-03   5.2602837e-03   4.4930713e-05
  -2.6795811e-02  -2.5938022e-01   8.1698855e-01  -6.0298069e-03   5.3667095e-03  -5.7219615e-04
   1.3712864e-02  -2.4361227e-01   8.9569767e-01  -5.7290478e-03   6.3485877e-03  -1.9069781e-04
   5.4103625e-03  -2.7104928e-01   8.7503253e-01  -6.4547794e-03   6.2835983e-03  -3.9027860e-04
  -1.4755856e-02  -2.8439755e-01   9.1289090e-01  -7.3191113e-03   6.0487265e-03  -3.1006820e-04
   9.4577035e-03  -2.8595032e-01   9.5672353e-01  -6.4065387e-03   5.8497008e-03  -1.2240902e-04
   7.5062115e-03  -3.1527420e-01   9.3461207e-01  -6.9061213e-03   5.6455768e-03  -1.3743792e-04
   5.3733917e-03  -3.1352804e-01   9.3412355e-01  -8.4516814e-03   5.6648325e-03  -3.7484994e-04
   7.3909949e-04  -3.0288297e-01   9.7365863e-01  -7.6201376e-03   5.6108928e-03  -4.7238175e-04
  -4.4300676e-03  -3.3450866e-01   9.8493575e-01  -7.4634681e-03   5.8119281e-03  -4.2854399e-04
  -1.1366154e-02  -3.1966148e-01   9.6049778e-01  -7.0243568e-03   5.5869038e-03  -5.0291812e-04
   7.7834290e-04  -3.2189191e-01   9.8324497e-01  -6.4549337e-03   6.0750337e-03  -5.8609722e-04
   1.3666599e-02  -3.1910791e-01   8.6302412e-01  -5.0546727e-03   5.4111686e-03  -2.4670272e-04
   3.5897791e-03  -3.0032686e-01   8.9875327e-01  -7.1458123e-03   5.2412531e-03  -2.6639873e-04
   2.7235931e-03  -3.0975874e-01   9.4454682e-01  -6.8780405e-03   5.4192351e-03  -1.3798805e-04
   1.2544619e-03  -2.9671140e-01   9.0027540e-01  -6.7088892e-03   5.5552081e-03  -2.0569269e-04
  -1.6939169e-03  -2.7206372e-01   8.9862198e-01  -6.5607540e-03   5.4729027e-03  -3.5815439e-04
   4.9267368e-04  -2.9288851e-01   9.2822590e-01  -7.2685773e-03   5.4848822e-03  -1.6189085e-04
  -8.5468700e-04  -2.7768837e-01   8.8519032e-01  -7.6699657e-03   5.5396014e-03  -4.2372935e-04
   3.1881146e-03  -2.7462606e-01   9.3121480e-01  -8.5076598e-03   5.3687204e-03  -4.3150007e-04
   3.7836929e-03  -3.0456895e-01   9.5633319e-01  -7.1405535e-03   5.7037206e-03  -3.9589478e-04
   3.3101817e-03  -2.7314346e-01   8.9123156e-01  -7.6010007e-03   5.7081649e-03  -4.5321669e-04
  -1.7944425e-03  -2.9358749e-01   9.3342234e-01  -6.1304679e-03   5.8353142e-03  -5.2572028e-04
  -4.3919007e-03  -3.0554367e-01   9.2904223e-01  -6.1634658e-03   5.9495764e-03  -4.5715921e-04
  -1.0976304e-02  -2.8729974e-01   9.0990243e-01  -7.2326362e-03   5.8461668e-03  -6.7485217e-04
  -1.7100339e-02  -2.9043391e-01   9.4371163e-01  -5.8394846e-03   5.7027426e-03  -9.2535411e-04
  -1.5692936e-02  -2.9981371e-01   9.3657935e-01  -5.1849612e-03   5.8145983e-03  -8.9906564e-04
  -1.2991717e-02  -2.7454005e-01   9.1058166e-01  -6.1091728e-03   5.7927199e-03  -7.2597727e-04
  -1.1359767e-02  -2.8284541e-01   9.4886530e-01  -6.3158284e-03   5.6997772e-03  -5.7176388e-04
  -1.2513899e-02  -3.0840600e-01   9.4968699e-01  -5.9716128e-03   5.7495184e-03  -4.7935672e-04
  -1.4312582e-02  -2.7244340e-01   8.7306215e-01  -7.7377730e-03   5.6610388e-03  -7.8597570e-04
  -2.2319150e-02  -3.0103724e-01   9.2374336e-01  -7.0991032e-03   5.8730300e-03  -7.7990662e-04
  -2.4555204e-02  -2.9963855e-01   9.0499437e-01  -6.1942321e-03   6.0152626e-03  -6.2967180e-04
  -2.0159666e-02  -2.6618662e-01   8.8887040e-01  -6.6123556e-03   5.8779028e-03  -4.7870364e-04
  -1.5895531e-02  -3.0765013e-01   9.4126139e-01  -5.7394126e-03   5.8951975e-03  -4.0625187e-04
  -1.1693711e-03  -2.6853146e-01   8.9743140e-01  -6.6371995e-03   5.8470919e-03  -3.8416058e-04
