   0.0000000e+00   0.0000000e+00   0.0000000e+00   0.0000000e+00   0.0000000e+00   0.0000000e+00
  -8.3204886e-03   1.4905371e-02   2.8423321e-02  -1.9152129e-04  -3.1393694e-04  -2.7527109e-04
  -1.1269317e-02   3.7307736e-03   4.2790237e-02  -1.3401638e-04  -2.6907378e-04  -1.0702723e-04
  -6.5642491e-03  -2.9295495e-02   7.6416319e-02  -2.0244341e-04  -3.8740771e-04   8.4867095e-05
  -1.3347505e-03   2.4734347e-02   9.4128924e-02  -2.1361180e-03  -9.2678809e-04   2.3071530e-05
  -3.4878848e-02   6.7123601e-03   1.1859209e-01  -2.3859730e-03  -1.5197219e-03  -9.4758889e-04
  -5.5955741e-02   1.3377584e-02   7.2663073e-02  -1.8337653e-03  -1.1951350e-03  -1.4530555e-03
  -4.8186226e-02   3.6200772e-02   3.3393605e-02  -1.6210225e-03  -1.7097665e-03  -8.3690143e-04
   1.3799245e-03   3.9995286e-02   1.2623370e-01   5.1280721e-05   2.4038932e-04  -6.5241992e-04
   1.0093867e-02   5.3150976e-03   1.9011447e-01  -1.1615009e-05   7.5680828e-04  -9.9817261e-04
  -1.4959608e-02  -4.3341457e-03   1.8159792e-01  -1.0059719e-04  -1.0626504e-03  -1.0453448e-03
  -3.7202688e-02  -6.0887629e-02   2.3582362e-01  -3.0377181e-03  -1.8755645e-03  -2.5568383e-04
  -4.1505325e-02  -4.4572701e-02   2.4098145e-01  -1.9368372e-03  -1.2047387e-03  -6.0746970e-05
  -2.6223816e-02  -2.7111680e-02   2.3710002e-01  -2.4143441e-03  -9.0416045e-04   1.7002586e-04
  -1.7018667e-02  -1.5511189e-02   2.3342432e-01  -1.9853713e-03  -1.1200885e-03   1.9376303e-05
  -8.7312935e-03  -1.9743240e-02   2.1364541e-01   1.9313468e-03  -1.3327408e-03   4.8761083e-04
  -4.5512079e-03   1.9968764e-02   2.6224915e-01   1.0392388e-03  -1.6834551e-03   5.8893436e-04
  -5.1854621e-02  -2.3253291e-02   2.2743549e-01   1.7218158e-03  -2.9181482e-03   1.0236108e-04
  -3.9364457e-02   2.2260653e-02   2.4111188e-01   8.8705855e-04  -2.3141266e-03  -5.6458859e-04
  -1.3079283e-01  -9.1159603e-02   3.2517730e-01   7.8314300e-04  -3.2416029e-03  -5.6358327e-04
  -1.3644233e-01  -4.7708184e-02   2.5990892e-01   4.9576591e-04  -3.4120667e-03  -5.6487779e-04
  -1.4339702e-01  -5.7573861e-03   2.6765410e-01  -3.8258339e-04  -3.3008357e-03  -6.4701206e-04
  -1.6395546e-01  -1.0575267e-01   3.1476488e-01  -5.1449458e-03  -3.8746777e-03  -2.3308956e-03
  -1.7506108e-01  -4.1721486e-02   2.5564161e-01  -2.5865786e-03  -3.2982764e-03  -2.2030071e-03
  -1.8298886e-01  -4.7824081e-02   2.9899150e-01  -3.0253500e-03  -3.1630201e-03  -2.2849604e-03
  -1.8652056e-01  -1.0852526e-01   3.2147690e-01  -3.9405667e-03  -3.3159064e-03  -2.3321827e-03
  -1.7917493e-01  -6.9277453e-02   3.0964374e-01  -5.6995294e-03  -3.1245837e-03  -2.4744445e-03
  -1.7932348e-01  -7.9859610e-02   3.0901030e-01  -3.5805910e-03  -2.8283745e-03  -2.3784189e-03
  -1.8587148e-01  -7.1395325e-02   2.8779679e-01  -5.9134407e-03  -2.8494773e-03  -2.5504926e-03
  -1.8939162e-01  -8.0815367e-02   3.0781099e-01  -5.3963127e-03  -2.8910837e-03  -2.5358660e-03
  -1.8688961e-01  -5.9180933e-02   2.7497938e-01  -5.7819644e-03  -3.0147616e-03  -2.7365330e-03
  -1.8584104e-01  -6.8030710e-02   2.9763293e-01  -5.6801761e-03  -3.2607887e-03  -2.6086480e-03
  -2.1936151e-01  -5.0758535e-02   2.3136756e-01  -3.3500728e-03  -4.6958486e-03  -2.9918653e-03
  -1.8622470e-01  -1.8559404e-02   1.3549295e-01  -3.5259793e-03  -3.2389235e-03  -2.6068852e-03
  -1.7947870e-01   8.3982838e-02  -2.8629062e-03  -8.9918852e-04  -2.9885030e-03  -2.8720514e-03
  -1.7831401e-01   6.0524140e-03   1.9028233e-01  -4.2962618e-03  -3.8543452e-03  -2.9198694e-03
  -1.6547597e-01   2.0703997e-02   1.6334693e-01  -2.9899374e-03  -3.6720799e-03  -3.0213257e-03
  -1.6462739e-01   9.1619793e-02   1.4228593e-01  -4.1392536e-03  -3.7645420e-03  -3.1396430e-03
  -1.7486042e-01   3.4163000e-02   1.5917449e-01  -5.0129335e-03  -3.6246188e-03  -3.1459608e-03
  -1.7908298e-01   3.1231997e-02   1.2752240e-01  -4.6329976e-03  -3.4949125e-03  -3.2627894e-03
  -1.6315951e-01   1.1240268e-01   1.0334245e-01  -5.4136974e-03  -3.3077308e-03  -3.4295889e-03
  -1.8789703e-01   4.4693539e-02   1.5357596e-01  -4.1577679e-03  -3.7908517e-03  -3.2997416e-03
  -2.0063433e-01   5.1854921e-02   1.2656027e-01  -3.6568685e-03  -4.2045106e-03  -3.2565895e-03
  -1.9343194e-01   8.9011881e-02   1.2706145e-01  -5.6034113e-03  -4.1753396e-03  -3.2210613e-03
  -2.0812076e-01   4.7258397e-02   1.1583100e-01  -4.3775932e-03  -3.8245978e-03  -3.4142894e-03
  -2.2249038e-01   5.2543480e-02   7.6456184e-02  -4.0198272e-03  -3.8145147e-03  -3.4020232e-03
  -1.9170208e-01   6.4788807e-02   1.4578342e-01  -4.3962523e-03  -3.4536219e-03  -3.1952495e-03
  -1.9921754e-01   6.6656062e-02   9.2711142e-02  -2.4368140e-03  -3.3202761e-03  -3.5460450e-03
  -1.6878332e-01   6.5135321e-02   1.2207205e-01  -3.1395858e-03  -2.5651710e-03  -3.8729636e-03
  -1.8503562e-01   1.0796109e-01   1.3244776e-01  -3.9025667e-03  -1.7068313e-03  -6.4066485e-03
  -1.8796760e-01   8.9062988e-02   1.6045794e-01  -3.8523360e-03  -1.6993886e-03  -5.9543303e-03
  -1.2044724e-01   7.2310528e-02   1.5807370e-01  -3.7794932e-03  -1.4016815e-03  -1.2246378e-03
  -1.7039041e-01   4.2617947e-02   1.5839170e-01  -3.9759518e-03  -9.1919667e-04  -6.5195637e-03
  -1.5961237e-01   7.2185026e-02   1.9460196e-01  -4.0146268e-03  -1.3324392e-03  -5.1574832e-03
  -1.5866150e-01   8.0781600e-02   1.3647699e-01  -5.0495300e-03  -1.3072242e-03  -4.5910253e-03
  -1.7146321e-01   3.2473093e-02   1.5459006e-01  -6.1959552e-03  -1.2939981e-03  -4.6485788e-03
  -1.8053486e-01   4.2631109e-02   1.5767747e-01  -5.6915695e-03  -1.4831186e-03  -4.6785404e-03
  -1.6244630e-01   3.3436190e-02   3.2861425e-01  -4.6700596e-03  -2.1324549e-03  -4.3518732e-03
  -7.3258375e-02  -1.8269764e-02   3.2554662e-01  -3.3042537e-03  -1.5372695e-03  -3.0053793e-03
  -7.3965685e-02   9.2539579e-03   3.2780099e-01  -4.4862937e-03  -1.0907166e-03  -2.9148311e-03
  -6.2293016e-02   4.9809026e-02  -6.8938362e-02  -4.9553686e-03  -1.1666992e-03  -3.2635287e-03
  -1.7591304e-01   4.9743857e-02  -2.7652190e-01  -3.7453569e-03  -2.4687972e-03  -4.2341194e-03
  -9.1349481e-02   1.3126986e-01  -2.0260047e-01  -3.3243269e-03  -1.9925176e-03  -3.7539571e-03
  -6.6907833e-02   1.0661582e-01  -1.8557643e-01  -3.5442749e-03  -8.9178873e-04  -3.3929733e-03
  -6.6514416e-02   9.1951288e-02  -1.6700025e-01  -3.9321163e-03  -9.7147377e-04  -3.3212084e-03
  -7.4201955e-02   1.1220507e-01  -1.6182220e-01  -4.8454448e-03  -1.0981567e-03  -3.2577077e-03
  -7.8611613e-02   1.1051159e-01  -1.8765648e-01  -4.2892743e-03  -7.0201871e-04  -3.3989176e-03
  -7.4249881e-02   1.3701942e-01  -2.1801985e-01  -4.3075013e-03  -7.7225240e-04  -3.4402717e-03
  -6.9425471e-02   1.3535183e-01  -1.7627338e-01  -3.3566655e-03  -7.0332742e-04  -3.4526926e-03
  -7.3000600e-02   1.3445055e-01  -1.0732353e-01  -3.1986422e-03  -1.3713587e-03  -3.4177554e-03
  -5.2489370e-02   1.1353744e-01  -3.4936764e-01   2.7864090e-05  -1.3933418e-03  -3.4800397e-03
  -9.6583644e-02   2.4575920e-02  -4.7818243e-01   2.3399336e-03  -2.3831089e-03  -4.3335263e-03
  -3.3446349e-02   5.1576960e-02  -1.8243190e-01   1.4338104e-03  -4.7105821e-03  -1.5020609e-03
  -1.7173823e-02   1.7375812e-01  -2.5326310e-01   1.0183404e-03  -3.2553258e-03  -1.2974196e-03
  -3.1387514e-02   1.4886175e-01  -1.7362110e-01   7.7797079e-04  -1.7664208e-03  -2.9973990e-03
  -3.9444055e-02   1.1096857e-01  -1.4469176e-01   1.6280783e-03  -2.3556012e-03  -2.8134498e-03
  -5.8058175e-03   1.9166238e-01  -1.7257706e-01   1.3570241e-03  -2.3681917e-03  -2.0936359e-03
  -1.2451903e-02   1.0302600e-01  -2.0050547e-01  -3.9959796e-05  -2.0266261e-03  -1.7395706e-03
  -2.2279225e-02   1.0557325e-01  -2.3085826e-01   2.0974828e-04  -2.1931677e-03  -1.9269203e-03
  -2.2829700e-02   1.5965716e-01  -2.3627118e-01  -7.0005188e-04  -2.6974397e-03  -2.2401242e-03
  -1.3085588e-02   1.4682205e-01  -2.1980012e-01  -5.6882727e-04  -2.7574957e-03  -2.0009964e-03
   2.1055140e-03   1.6364866e-01  -2.5985076e-01  -1.5348069e-03  -2.8006395e-03  -1.8959855e-03
   1.6305084e-02   1.5031927e-01  -2.8016390e-01  -1.2672791e-04  -2.3628330e-03  -1.8671159e-03
   1.0211499e-02   1.6755627e-01  -3.3135251e-01   5.3721848e-04  -2.2584416e-03  -2.0315332e-03
   6.2772757e-03   2.1216863e-01  -4.3247115e-01  -5.9794267e-04  -2.7663488e-03  -2.2471971e-03
  -1.4689660e-02   2.1121912e-01  -4.2925845e-01   9.4742921e-05  -2.8947761e-03  -2.5700987e-03
  -1.1572833e-02   2.4476419e-01  -4.6410343e-01   1.2397099e-03  -2.9395267e-03  -2.2987454e-03
  -2.4671196e-02   2.4616140e-01  -4.2026210e-01  -7.1862410e-04  -2.8767928e-03  -2.6694326e-03
  -2.3609304e-02   2.0876034e-01  -4.1501695e-01   5.6739688e-05  -2.8597457e-03  -2.3277669e-03
  -7.5716319e-03   2.2010431e-01  -4.1300650e-01   8.6443860e-04  -2.5844540e-03  -2.2409421e-03
   1.5325072e-02   2.2016170e-01  -3.5307718e-01   5.6360347e-05  -1.9916065e-03  -2.5996688e-03
  -5.4686847e-04   1.9138821e-01  -4.4556284e-01   5.6537262e-04  -2.5577121e-03  -2.5169849e-03
  -1.8696641e-02   2.2850739e-01  -4.6817920e-01   3.0844435e-06  -3.0196434e-03  -2.7174589e-03
  -1.3578490e-02   2.3893372e-01  -4.6549885e-01  -3.2672255e-04  -3.3198134e-03  -2.6613594e-03
  -1.5330818e-02   1.9353744e-01  -4.3324002e-01   8.9509402e-05  -2.8577562e-03  -2.6915643e-03
  -7.0605742e-03   2.2020567e-01  -4.2576120e-01  -3.0540225e-04  -2.8378925e-03  -2.7373573e-03
  -8.8946871e-03   2.2752176e-01  -4.4440654e-01  -8.8125915e-04  -2.8785434e-03  -2.7790253e-03
  -1.2442940e-02   2.1539064e-01  -4.3457290e-01  -1.1933869e-04  -2.5902881e-03  -2.7892943e-03
  -1.2064663e-02   2.3040686e-01  -4.5417749e-01   5.1112558e-04  -2.7993987e-03  -2.7848758e-03
  -2.0971874e-03   2.2823746e-01  -5.0782857e-01   1.2295873e-03  -3.0213863e-03  -2.8892052e-03
  -4.0282201e-03   2.3967989e-01  -4.8451737e-01   1.1095354e-03  -3.1455620e-03  -2.6546140e-03
  -1.4822525e-02   2.2033357e-01  -4.5168731e-01   9.9585158e-04  -3.0961757e-03  -2.5853320e-03
  -5.8000529e-03   2.2854718e-01  -4.7142762e-01   4.7828238e-04  -3.3272672e-03  -2.5588079e-03
  -9.0886852e-03   2.5192819e-01  -4.6681142e-01  -1.0062670e-03  -3.3393820e-03  -2.4522205e-03
  -1.0656896e-02   2.2208219e-01  -4.5388516e-01  -3.6766230e-04  -3.0331980e-03  -2.5271400e-03
  -2.1847270e-02   2.3381739e-01  -4.9057674e-01   5.6116820e-04  -3.1183419e-03  -2.6893832e-03
   7.4802379e-03   2.8585343e-01  -4.6456299e-01   1.0309700e-03  -3.1395368e-03  -1.7965258e-03
  -6.3536787e-03   2.2455928e-01  -4.4389907e-01   5.7844389e-04  -2.8323457e-03  -2.6617784e-03
  -3.6036790e-03   2.4518433e-01  -4.9202648e-01   9.7941652e-04  -3.1453574e-03  -2.6553039e-03
  -1.7335586e-03   2.8197132e-01  -4.6063028e-01   1.1895222e-03  -3.4369363e-03  -2.3709065e-03
  -5.4874367e-03   2.5854506e-01  -4.7965278e-01   1.4269301e-03  -3.2125096e-03  -2.8887031e-03
  -5.0482218e-03   2.8090084e-01  -4.8531527e-01  -4.8398095e-04  -3.2273136e-03  -3.0982769e-03
  -1.3383291e-03   2.9992911e-01  -4.6237298e-01   3.0018540e-04  -2.9608137e-03  -2.6298345e-03
  -8.7971882e-03   2.8319361e-01  -4.5537491e-01   6.1169675e-04  -3.1069183e-03  -2.7167668e-03
  -1.0785565e-02   2.8947821e-01  -4.9278234e-01  -1.7285172e-04  -3.0752498e-03  -2.8160321e-03
  -1.9531846e-02   2.8091228e-01  -4.7916413e-01   1.2496730e-04  -3.0797226e-03  -2.8534364e-03
  -2.3959375e-02   2.6721132e-01  -4.7543160e-01   3.8708231e-04  -3.0104142e-03  -2.8916033e-03
  -2.6551351e-02   2.7906305e-01  -5.1259113e-01   9.2898985e-04  -2.8952911e-03  -2.8186985e-03
  -2.2627838e-02   2.7325274e-01  -5.0059111e-01   1.3687175e-04  -3.0139342e-03  -2.8741911e-03
  -1.9509798e-02   2.8019446e-01  -4.9600184e-01   7.7424319e-05  -2.7991680e-03  -2.9674018e-03
  -2.2710010e-02   2.5112592e-01  -4.9290770e-01   6.2149780e-04  -2.8695433e-03  -3.0214204e-03
  -4.2448931e-02   2.4742826e-01  -5.1434553e-01   1.2289565e-03  -3.8523685e-03  -2.9404948e-03
  -8.5041518e-02   2.6671947e-01  -4.9471892e-01   4.8317299e-04  -4.0270025e-03  -3.2026677e-03
  -7.2054187e-02   2.7597924e-01  -5.3831315e-01   3.2074147e-04  -3.4290119e-03  -3.1756192e-03
  -4.8473403e-02   2.7590339e-01  -5.7223432e-01   3.9740124e-04  -3.0014850e-03  -2.9843573e-03
  -4.6710162e-02   2.7475652e-01  -5.2846077e-01   1.5289322e-04  -2.9595525e-03  -2.9580903e-03
  -5.0461764e-02   2.7895171e-01  -5.2251503e-01   4.9601383e-04  -3.0251846e-03  -3.0468363e-03
  -3.9413724e-02   2.4990785e-01  -5.1232569e-01   1.0868296e-03  -3.2667107e-03  -2.8942722e-03
  -4.5610117e-02   2.7274313e-01  -5.2734179e-01   3.8034233e-04  -3.4858645e-03  -2.9535584e-03
  -5.3952516e-02   2.7968251e-01  -5.2730415e-01   8.5525218e-04  -3.4658113e-03  -2.9957690e-03
  -6.3928087e-02   2.6038200e-01  -5.1708279e-01   8.3298572e-04  -3.3284749e-03  -3.0066418e-03
  -4.4492138e-02   2.6995896e-01  -5.3393070e-01  -1.5701275e-04  -3.3923469e-03  -3.0504139e-03
  -5.2111620e-02   2.7550218e-01  -5.1112258e-01   1.0474476e-03  -3.1823217e-03  -2.8736670e-03
  -5.4642719e-02   2.5376926e-01  -5.0861023e-01   9.7037004e-04  -3.2017103e-03  -2.8174754e-03
  -6.5468356e-02   2.8080335e-01  -5.0579873e-01   1.1017771e-03  -2.9966177e-03  -3.1625720e-03
  -5.6593069e-02   2.8466549e-01  -4.8732228e-01   1.2941656e-03  -2.5828054e-03  -3.3818270e-03
  -6.8624177e-02   2.4294468e-01  -5.8195772e-01   1.3240678e-03  -3.8254449e-03  -3.1440000e-03
  -6.1339754e-02   2.7900017e-01  -5.7306217e-01   1.7693143e-04  -3.8182157e-03  -2.8488989e-03
  -7.6740348e-02   2.8290422e-01  -5.5714077e-01   7.9255801e-04  -3.8213896e-03  -2.8110158e-03
  -7.3641925e-02   3.1051694e-01  -5.6859419e-01   1.6368259e-03  -3.9473940e-03  -2.7590695e-03
  -7.1234266e-02   3.0950457e-01  -5.6757818e-01   3.1118821e-04  -3.6162279e-03  -2.7731836e-03
  -7.3437423e-02   2.8143640e-01  -5.4345980e-01   6.4831088e-04  -3.6062571e-03  -3.0458122e-03
  -7.3682423e-02   2.9307358e-01  -5.5461179e-01   1.5997423e-03  -3.5660374e-03  -2.9654888e-03
  -5.8537099e-02   2.9746664e-01  -5.7129635e-01   2.5819556e-03  -3.4408437e-03  -2.7907534e-03
  -3.4093187e-02   3.2033432e-01  -5.8050906e-01   2.7122658e-03  -3.7835448e-03  -2.5300658e-03
  -1.3371993e-02   2.8048903e-01  -7.5735272e-01   3.7190389e-03  -1.4550928e-03  -1.8360210e-03
  -2.1670750e-02   3.1780376e-01  -6.9713557e-01   3.9162365e-03  -3.4159334e-03  -2.0875166e-03
  -3.0827395e-02   3.2334666e-01  -6.2602897e-01   3.3635404e-03  -3.5450721e-03  -2.2520969e-03
  -2.4800730e-02   3.3536312e-01  -6.2523373e-01   3.6880772e-03  -3.3212125e-03  -2.2139559e-03
  -2.1002007e-02   3.2876678e-01  -6.2422067e-01   2.2822940e-03  -3.6745933e-03  -2.1318898e-03
  -4.0061185e-02   3.1795812e-01  -5.9705609e-01   2.3643477e-03  -3.2864240e-03  -2.3287119e-03
  -4.6629581e-02   3.0579143e-01  -6.1921329e-01   2.9746187e-03  -3.4385237e-03  -2.5218620e-03
  -3.6646216e-02   3.3766532e-01  -6.4144342e-01   2.8958353e-03  -3.9564460e-03  -2.4266551e-03
  -3.8240713e-02   3.5517187e-01  -6.2215943e-01   3.5172994e-03  -3.5275475e-03  -2.4219525e-03
  -4.2905943e-02   3.3208455e-01  -6.3405633e-01   2.8849162e-03  -3.4761226e-03  -2.5218534e-03
  -5.7389370e-02   3.4830272e-01  -6.3450796e-01   1.6451986e-03  -3.5574701e-03  -2.8206360e-03
  -5.7612389e-02   3.1717993e-01  -6.2090265e-01   2.8395639e-03  -3.1900497e-03  -3.0333258e-03
  -4.7131428e-02   3.1417929e-01  -6.3410524e-01   2.9263086e-03  -3.2322886e-03  -2.6704437e-03
  -4.5914239e-02   3.0869530e-01  -6.0230350e-01   2.9600436e-03  -3.3599221e-03  -2.8739752e-03
  -5.1226517e-02   3.0936692e-01  -5.8918033e-01   3.5622211e-03  -3.5882409e-03  -2.7123451e-03
  -4.6567434e-02   3.2803124e-01  -6.2606371e-01   2.0689292e-03  -3.4814245e-03  -2.5870450e-03
  -5.1043412e-02   3.2219843e-01  -5.8706920e-01   2.7963868e-03  -3.6722264e-03  -2.7285630e-03
  -4.0494926e-02   3.2353321e-01  -6.0380684e-01   3.1696314e-03  -3.2859617e-03  -2.8214711e-03
  -2.3524755e-02   3.2235837e-01  -3.5790812e-01   3.1327993e-03  -4.5605529e-03  -1.6279113e-03
   7.6790115e-02   2.1620978e-01  -9.3778791e-02   1.0228299e-03  -3.9649536e-03  -1.2953570e-03
   1.1335372e-01   1.6488351e-01  -3.3107221e-02   1.4790122e-03  -2.3305695e-03  -6.7438409e-04
   5.1730338e-02   1.9273262e-01  -2.1798989e-01   1.0031179e-03  -3.4630704e-03  -1.2722651e-03
  -3.6021088e-02   1.9000435e-01  -1.8203413e-01   1.1243286e-03  -3.9467656e-03  -2.0533804e-03
  -5.0630966e-02   2.3684139e-01  -1.9841542e-01   4.3879116e-04  -3.7413896e-03  -2.2940018e-03
  -5.2975991e-02   2.3269551e-01  -2.3648619e-01   1.8189332e-04  -3.5296717e-03  -2.2407499e-03
  -3.8224108e-02   2.4711166e-01  -2.3828775e-01   1.1903066e-03  -3.7907305e-03  -2.4252625e-03
  -1.4915430e-02   2.6931855e-01  -1.6930758e-01   6.4101783e-04  -2.7522689e-03  -2.0984732e-03
  -2.2172887e-02   2.0026997e-01  -1.8663195e-01   2.4207070e-03  -2.0428882e-03  -1.8590765e-03
  -4.9069472e-02   1.6411899e-01  -2.4680853e-01   3.7204565e-03  -1.7262450e-03  -2.3378500e-03
  -2.9552230e-02   2.6786621e-01  -3.5063192e-01   3.5517266e-03  -2.1687586e-03  -2.6184789e-03
  -4.4369216e-02   2.0786440e-01  -3.7911901e-01   5.4609506e-03  -1.8149976e-03  -2.8583340e-03
  -2.5769575e-02   2.4101698e-01  -3.3403142e-01   5.3207634e-03  -1.2600341e-03  -2.8665848e-03
  -3.8323461e-02   2.4855883e-01  -3.5799570e-01   5.3628639e-03  -1.8294949e-03  -3.0216687e-03
  -3.7164762e-02   2.4207483e-01  -3.6625600e-01   3.6730701e-03  -1.9419617e-03  -3.0197870e-03
  -6.1116555e-02   2.4326097e-01  -3.2404207e-01   4.2588243e-03  -1.5735442e-03  -3.2202868e-03
  -5.3973822e-02   2.6781729e-01  -3.9302365e-01   5.2872316e-03  -1.6534649e-03  -3.0418789e-03
  -4.9315051e-02   2.5493146e-01  -3.9273278e-01   4.5368052e-03  -2.0374061e-03  -3.1566507e-03
  -2.3287395e-02   2.5131396e-01  -4.4628941e-01   4.7012268e-03  -1.3423671e-03  -2.9508858e-03
  -8.4796249e-03   2.6800149e-01  -4.9758633e-01   3.3239484e-03  -1.1660572e-03  -2.8615904e-03
  -1.2206952e-02   2.9313511e-01  -5.1040010e-01   3.3269122e-03  -8.5440287e-04  -2.9762042e-03
  -1.5886081e-02   2.9907716e-01  -6.3374352e-01   3.0940934e-03  -1.1803696e-03  -2.9732215e-03
  -4.2617406e-03   3.3950501e-01  -7.5111963e-01   2.8862313e-03  -1.4016069e-03  -2.8967427e-03
  -2.7250900e-03   3.6144326e-01  -7.2653696e-01   2.5517723e-03  -1.4184367e-03  -2.8867070e-03
