   0.0000000e+00   0.0000000e+00   0.0000000e+00   0.0000000e+00   0.0000000e+00   0.0000000e+00
   5.8310883e-03  -4.4929228e-02   2.4944447e-01  -1.9121123e-03  -2.2018335e-04   2.7185202e-04
  -4.9974927e-03  -6.3060568e-02   2.6499726e-01  -1.4229890e-03   1.3553050e-05   6.1952957e-04
   8.0638639e-03  -2.2302554e-02   2.3494826e-01  -2.0700225e-03  -5.2612135e-04   4.0656478e-04
   3.9750084e-03  -1.5384677e-02   2.5465350e-01  -1.5735917e-03  -3.5325152e-04   2.1612660e-04
  -1.5818489e-02   8.8421638e-03   2.0829081e-01  -4.0394515e-05  -4.4833938e-04  -4.1652499e-04
   1.2069635e-03   8.1983751e-03   1.5525591e-01  -6.0358147e-04  -7.3426093e-04   2.6033693e-04
  -3.4954117e-03   2.7337956e-02   1.7751128e-01  -1.5230397e-03  -5.6890287e-04   2.8410467e-04
  -1.7084899e-02   2.2748218e-03   1.6587497e-01  -1.1755450e-03  -3.1251984e-04   3.3414210e-04
  -1.4882512e-02   3.3231000e-02   1.1651364e-01  -1.2387808e-03  -1.6458462e-04   3.1435613e-04
  -1.6663644e-02   2.6666446e-02   1.5372530e-01  -6.3921184e-04  -3.2715113e-04   3.6287955e-04
  -1.7935848e-02  -1.1044062e-02   1.7992378e-01  -3.6958628e-04  -2.1897710e-04   4.8656184e-04
  -1.2569795e-02   2.8310458e-02   1.2924201e-01   3.2478107e-04  -5.2592060e-04   2.7136382e-04
  -1.1313271e-02   3.1036836e-02   1.7206063e-01  -5.7489983e-04  -6.1221747e-04   2.0577358e-04
  -1.1016065e-02   8.8870885e-03   1.7972464e-01  -2.7328356e-04  -6.7466190e-04   3.2840262e-04
   3.5482466e-03   4.2624605e-02   1.5765504e-01  -1.5257151e-03  -6.8518262e-04   1.0671866e-04
  -1.6459711e-02   6.4131329e-02   1.7497284e-01   1.1594390e-03  -1.4982449e-04  -4.2519768e-05
  -9.2198186e-03  -1.1815067e-02   1.7394514e-01   1.2638114e-03  -2.5237460e-04   1.4410471e-04
  -6.8272793e-03   2.6051407e-02   1.6351422e-01  -8.5195175e-06  -4.7546877e-04   1.9324179e-04
  -2.1316799e-02  -5.4804808e-03   1.6204388e-01   7.4747212e-04   6.4562858e-05   2.8548563e-04
  -7.0682794e-03   3.8602020e-02   9.9293568e-02   1.8978471e-03   1.9616832e-04   3.6308120e-04
  -4.4506421e-03   1.0623077e-02   1.5984396e-01   7.8996095e-04   4.1938389e-04  -1.1390255e-04
  -4.5025038e-03  -2.6845266e-02   1.7224021e-01   1.9491122e-03   6.1392692e-05   7.9779250e-05
  -6.6311316e-03   1.2170049e-02   1.3858234e-01   5.7318694e-04  -8.2783262e-05  -7.8701856e-07
  -1.9168603e-02  -3.7260198e-04   1.8140516e-01   5.7880059e-04   3.8818597e-04  -1.4970357e-05
  -1.5317593e-02  -1.8235062e-02   1.5921191e-01   1.1391566e-03   3.4858699e-04  -1.1976896e-04
  -1.6984187e-02   1.8443630e-02   1.5327473e-01  -3.6734463e-04   1.7329984e-04  -2.7296660e-04
  -1.2754694e-02  -2.7521426e-03   1.9098778e-01   4.9725306e-04   3.1854349e-04  -1.4342120e-04
  -2.0806546e-02   8.5040176e-05   1.3852175e-01   1.0957677e-04   4.1633578e-04  -1.8631176e-04
  -1.8730587e-02   8.8163167e-03   1.7062922e-01   3.3200685e-04   4.7013841e-04  -2.3211250e-04
  -2.0858619e-02  -8.2016668e-03   1.7512396e-01   5.5257206e-04   6.3657137e-04  -2.7769540e-04
  -1.5154683e-02   1.1627104e-02   1.2678199e-01   1.0296324e-03   5.3135120e-04  -2.9195213e-04
  -1.2089666e-02   8.8945245e-03   1.7554639e-01   4.2380272e-04   2.2118087e-04  -2.6137988e-04
  -1.2709257e-02  -8.7194271e-03   1.8479660e-01   6.7347686e-04   1.3259824e-04  -5.5687916e-05
  -3.7041657e-03   2.6289880e-02   1.4721881e-01  -4.0440661e-04   2.1924361e-04  -1.3736036e-04
  -1.8615376e-02   2.4590912e-02   1.7782797e-01   4.3415448e-04   3.1414058e-04  -1.0356405e-04
  -2.0042868e-02   2.2228921e-02   1.6709313e-01   1.1068188e-03   9.8873584e-05  -1.2184525e-05
  -1.7530574e-02   4.3585864e-02   1.3304466e-01   4.1940529e-04   7.6024281e-05  -3.0039198e-04
  -2.7129072e-02   1.9291259e-02   1.8633836e-01   7.6749014e-04   4.2108815e-04  -2.1553683e-04
  -2.1418833e-02   3.0804683e-02   1.4754319e-01   8.1291147e-04   6.7000789e-04  -2.8220935e-04
  -1.9199773e-02   4.3523642e-02   1.4800037e-01   6.0538860e-04   5.2081125e-04  -4.7581626e-04
  -1.7105993e-02  -3.0609660e-03   1.6144827e-01   2.0302198e-03   8.7164500e-05  -3.5603483e-04
  -1.3253147e-02   1.4631053e-02   1.5931705e-01   1.6257990e-03  -3.4849060e-05  -3.5112014e-04
  -1.5464782e-02   2.6286506e-02   1.6709913e-01   1.5964427e-03   1.2977628e-04  -3.0651893e-04
  -1.2340538e-02   1.6896333e-02   1.3680773e-01   2.4563528e-03   5.5217513e-05  -3.1971050e-04
  -2.0193865e-03   1.0670963e-01  -2.2355888e-01   1.3116812e-03  -1.4982635e-04  -5.2333909e-04
  -1.7711714e-02   9.6124909e-03   2.7419761e-01  -1.4803047e-04   6.8409589e-04  -6.4636536e-04
  -2.2762139e-02  -9.3295193e-04   2.9044698e-01   4.2946439e-04   3.8215152e-04  -4.3803578e-04
  -9.6597068e-03   2.9998364e-04   2.5452350e-01   4.8422890e-04   1.9925831e-04  -4.8475387e-04
  -1.1778899e-02  -3.3126596e-03   2.0823667e-01   6.1868816e-04  -2.1218209e-04  -4.8774117e-04
  -2.1927124e-02   2.6376466e-03   1.9133862e-01   8.2847903e-04   3.2130144e-05  -4.8076801e-04
  -2.5326110e-02   5.6231876e-03   2.4893824e-01   6.1085290e-04   2.9775130e-04  -4.2446957e-04
  -3.0620350e-02  -8.9951618e-03   2.1555487e-01   5.1446229e-04   3.7963381e-04  -5.3840634e-04
  -3.3826892e-02  -1.8604935e-02   2.5785483e-01   3.6690817e-05   5.9763133e-04  -6.2979798e-04
  -3.3022728e-02   1.6987919e-02   1.2843224e-01   3.5207392e-04   7.7092776e-04  -5.8131797e-04
  -2.9197884e-02  -2.2352525e-02   2.4098786e-01   1.3021532e-03   5.8323487e-04  -6.3168676e-04
  -2.4887906e-02  -1.8453988e-02   2.6724032e-01   1.3802322e-03   1.8294232e-04  -5.3382531e-04
  -2.9916484e-02  -3.5716813e-03   2.5708664e-01   2.4308145e-04   3.0420729e-04  -6.9163324e-04
  -3.5931492e-02  -2.1248255e-02   2.3994621e-01   6.3482051e-04   7.0837906e-04  -3.9533512e-04
  -2.5309292e-02  -5.2831018e-03   2.3469162e-01   1.2093920e-03   7.2514549e-04  -1.9516181e-04
  -1.9831702e-02  -3.0132525e-04   2.5956352e-01   1.2727152e-03   3.2165151e-04  -2.7073219e-04
  -2.5383892e-02  -1.6630619e-02   3.0178212e-01   9.0694248e-04   4.1832916e-04  -5.3090292e-04
  -2.6050362e-02  -8.4596923e-03   2.6441296e-01   8.6089314e-04   5.3572084e-04  -5.8082011e-04
  -2.9626652e-02  -4.6058969e-03   2.4131696e-01   2.4248086e-04   6.8570918e-04  -6.0045046e-04
  -2.9483122e-02  -3.2286064e-02   2.5600908e-01   1.5761896e-03   6.4995458e-04  -6.3273214e-04
  -2.4217116e-02  -1.5905177e-02   2.5672399e-01   1.9870663e-03   2.7607451e-04  -5.8940863e-04
  -1.6257007e-02  -1.1370706e-02   2.8043522e-01   2.0388359e-04   1.1811583e-04  -6.0286621e-04
  -2.2470202e-02  -2.3131724e-02   2.7271991e-01   9.1051297e-04   4.2960338e-04  -7.6276105e-05
  -2.2156742e-02   9.8868827e-03   2.3021743e-01   4.5874950e-04   9.9944359e-04  -6.6551487e-04
  -1.7589083e-02   6.0564890e-03   2.1864437e-01   2.4148097e-04   4.2083140e-04  -5.3940700e-04
  -2.0471338e-02   2.1951357e-02   2.3763115e-01   1.2416325e-03   4.8233508e-04  -5.1395674e-04
  -2.4960151e-02   2.5826678e-02   1.7652435e-01   8.7504133e-04   4.9982609e-04  -9.7389518e-04
  -3.2039509e-02   1.4674069e-02   2.1893669e-01   7.6662999e-04   5.5951567e-04  -1.1515696e-03
  -3.6441638e-02  -1.0371304e-03   2.2363274e-01   1.7596527e-03   8.6995250e-04  -8.0562509e-04
  -2.4610257e-02   1.7507359e-02   2.0490764e-01   1.4231271e-03   3.1078129e-04  -8.4090044e-04
  -3.0992394e-02   1.0023728e-02   2.5935626e-01   1.3296370e-03   5.2250013e-04  -5.9728118e-04
  -3.2408715e-02   1.1851620e-02   2.3523593e-01   1.0606146e-03   8.1424760e-04  -5.0538130e-04
  -3.1144204e-02   3.1380808e-03   2.3241701e-01   1.2101786e-03   7.7298596e-04  -8.5981128e-04
  -2.2117734e-02   1.8541106e-02   2.5980423e-01   1.3090262e-03   4.0426164e-04  -8.0444094e-04
   6.4897898e-02  -6.9465445e-02   3.7267398e-01   5.7982829e-04   3.7906601e-04   1.5118995e-04
   6.3364131e-02  -4.5155957e-02   6.0316118e-02   5.8592029e-03   1.3034044e-03   2.4614492e-03
   1.0393736e-01  -5.4610340e-02   1.3478214e-01   7.5281466e-03   1.8861356e-03   2.4543894e-03
   9.6943797e-02   2.1969569e-02   1.4607057e-01   4.1431501e-03   1.5947135e-03   2.2706242e-03
   9.7442933e-02   6.0666959e-03   3.2598693e-01   6.3583688e-03   1.6318459e-03   1.5678657e-03
   6.3256356e-02  -5.7273010e-02   6.8228456e-01   5.5523994e-03   2.2829924e-03   1.9842300e-04
   2.9326578e-02  -7.0857964e-02   4.1420127e-01   3.3034414e-03   2.3721431e-03  -7.2659406e-04
   4.0482787e-02  -1.1492186e-01   5.4289061e-01   4.5713798e-03   2.2054317e-03  -4.9224549e-04
   4.6279468e-02  -1.4784104e-01   6.6364002e-01   2.9649670e-03   1.6836164e-03   1.9026070e-04
   7.8617661e-02  -1.0334690e-01   4.1212591e-01   1.3697505e-03   8.6116931e-04   5.4299567e-06
   7.1487812e-02  -8.3076328e-02   3.7638132e-01   2.4345894e-03   1.5692041e-03   2.4600180e-05
   7.2599431e-02   4.4080215e-02   1.9938586e-01   2.2902249e-03   1.3387902e-03  -9.8936544e-04
   3.4115876e-02  -1.5446874e-01   1.8038976e-01   2.9522638e-03   7.4516152e-04  -1.1241373e-03
   6.2221365e-02  -4.8823944e-02   2.7743884e-02   5.3682661e-03   5.9659251e-04   1.3223756e-04
   5.2286733e-02   8.3491763e-03  -2.9590572e-02   6.1466537e-03   7.5263080e-04   1.2072212e-03
   4.2333566e-02  -8.7557414e-02  -1.0208432e-01   1.1709082e-02   2.2084128e-03   1.4002221e-03
   7.3054004e-02   8.6496186e-02  -1.1691725e-01   1.3415273e-02   2.4186857e-03   1.1368923e-03
   7.2380648e-02   7.1693236e-02  -9.6054609e-02   1.0582022e-02   2.3417115e-03   5.5066731e-04
   7.5715121e-02   2.5120661e-02  -9.4115764e-02   8.3210244e-03   1.6502472e-03   2.3347742e-04
   8.0857727e-02   2.3662778e-02  -1.0023686e-01   8.3168581e-03   1.7285613e-03   3.4181298e-04
   7.7577998e-02   8.1129185e-02  -1.9419312e-01   7.2309712e-03   1.4659319e-03   2.4095760e-04
   6.1475828e-02   9.2263947e-02  -2.2040391e-01   8.0104851e-03   1.6958764e-03   1.5793810e-04
   5.7462337e-02   1.4048958e-01  -4.4391495e-01   6.2163277e-03   1.9769478e-03  -2.4410764e-05
   2.9901232e-02   1.0257753e-01  -2.5643050e-01   5.6917115e-03   1.1439187e-03  -2.9785380e-04
   1.0648614e-02   1.2638805e-01  -2.9640718e-01   5.6293734e-03  -1.8162891e-04  -2.4270073e-04
   1.0966548e-02   1.0933718e-01  -2.4987291e-01   6.9321415e-03  -2.1699806e-05  -2.2664200e-04
   9.8622294e-04   1.0755701e-01  -2.9120564e-01   7.8767350e-03   4.0891549e-04  -5.9481220e-05
   2.4613180e-02   1.8309297e-01  -2.7332579e-01   5.4313426e-03   5.2763705e-04   3.5624040e-04
  -1.1188332e-02   1.1213537e-01  -2.8477053e-01   5.6116743e-03   6.5155948e-04   6.3524119e-04
  -1.1342623e-01   1.4054668e-01  -3.2279081e-01   3.6975157e-03   2.6771960e-03  -3.9766092e-03
  -4.9391945e-02   1.8314839e-01  -2.8205209e-01   7.0582917e-03   2.3450744e-03  -2.9237943e-03
  -6.0320902e-02   1.3947455e-01  -2.5370905e-01   2.2853950e-03   1.3202046e-03  -2.9795182e-03
  -5.0177196e-02   1.0785432e-01  -2.7490958e-01   1.3683237e-03   1.6248245e-03  -2.5129869e-03
  -3.6127344e-02   2.0933967e-01  -2.2480517e-01   3.2360052e-03   1.5002000e-03  -1.8510383e-03
   5.3216789e-03   9.1164045e-02  -1.1725025e-01   2.3240806e-03   1.7834693e-03  -1.3648606e-03
   5.2020715e-02   6.5658496e-02  -4.8405956e-04  -1.5260607e-03   1.5892154e-03  -3.5360866e-04
   1.9535684e-02   5.3464021e-02   1.0964946e-01   1.0215981e-03   1.4654191e-03   3.8620445e-05
   4.9141418e-03   3.9276938e-02  -5.5997581e-02   6.4501851e-03   2.3315913e-03  -4.9781915e-05
  -3.2729028e-03   6.0658098e-02  -1.4223930e-02   6.2556002e-03   1.6170268e-03  -3.5288240e-04
  -1.5207608e-02   4.6839934e-02   1.7619845e-02   7.9471575e-03   1.9520797e-03  -6.6853503e-04
  -1.2273845e-02   4.5832328e-02   2.4389425e-02   7.1687765e-03   2.0867205e-03  -7.4338222e-04
  -4.0259490e-03   2.6273539e-02   5.9117178e-02   8.6356427e-03   2.0564675e-03  -2.0957588e-04
  -9.0335335e-03   4.1397145e-02   9.6168571e-02   6.0479076e-03   1.9113952e-03  -3.2455686e-04
  -3.7021936e-02   4.1326312e-02   2.3104982e-01   7.0292334e-03   1.8006934e-03  -3.7419757e-04
  -3.7006146e-02   7.9429702e-02  -6.3044751e-02   3.3913165e-03   9.8955344e-04  -1.4393708e-04
  -3.8673628e-02  -6.8479527e-02   1.0303144e-01   5.0299215e-03   1.5755877e-03  -2.9449268e-04
  -4.8212726e-02   6.6451038e-03   8.8292305e-02   5.1224297e-03   1.4107126e-03  -3.9061002e-04
  -5.6023582e-02  -1.0373653e-02   1.1523593e-01   6.0842223e-03   1.7265813e-03  -3.4831126e-04
  -8.4232849e-02  -7.2587193e-02   8.1636663e-02   6.9365451e-03   1.8833008e-03  -8.7131857e-04
  -6.5738667e-02  -1.4242780e-02   1.6954066e-01   6.3172154e-03   1.5472632e-03  -5.6593286e-04
  -4.5536836e-02   1.2601163e-02   1.1465544e-01   5.0036325e-03   2.0213778e-03  -6.4179596e-04
  -6.6650949e-02  -1.1913120e-01   1.3653218e-01   6.1071829e-03   2.3664075e-03   6.5301036e-05
  -6.8668007e-02   1.8073360e-02   1.1656291e-01   7.2431483e-03   1.1044541e-03  -3.0670888e-04
  -7.0165048e-02   5.4113145e-03   1.1492553e-01   8.8020851e-03   1.3846214e-03  -1.8135734e-04
  -6.5131784e-02  -3.2347838e-02   1.2172494e-01   7.0860720e-03   1.2246779e-03  -4.5428767e-04
  -5.8083371e-02   3.6282739e-03   1.3880840e-01   7.8224862e-03   7.7668893e-04  -2.5856816e-04
  -6.1414575e-02   1.6646953e-02   1.4733398e-01   5.0970970e-03   1.1184695e-03   1.4466693e-04
  -7.1513508e-02  -2.8007617e-02   2.1048378e-01   3.7768961e-03   1.0956102e-03  -8.1796408e-04
  -6.0788249e-02   2.1552994e-02   1.3763963e-01   3.6456929e-03   1.4030871e-03  -1.0686929e-03
  -4.8376671e-02   3.1847366e-02   1.8670088e-01   3.3968575e-03   9.2496193e-04  -1.1758678e-03
  -5.3839180e-02   3.8362792e-02   1.8714585e-01   4.2762803e-03   1.0768807e-03  -1.1636660e-03
  -4.9806026e-02   3.4056173e-02   1.8566188e-01   3.8137683e-03   2.8302282e-04  -1.1752875e-03
  -4.8093031e-02  -3.1228693e-02   2.9086458e-01   4.9306080e-03  -4.2450621e-04  -1.1463602e-03
  -2.9096147e-02   1.2271837e-01   2.0255108e-01   3.4927410e-03  -1.0837125e-04  -3.5373840e-04
  -3.6315702e-02   1.3625548e-02   2.2882364e-01   4.2623863e-03   3.4707996e-04  -2.6024954e-04
  -2.7408091e-02   1.9531472e-02   1.9968080e-01   4.6959668e-03   1.1791280e-03  -1.0846091e-04
  -8.9558430e-03   8.3387538e-02   2.6872334e-01   2.0802138e-03   9.4803422e-05  -2.8437541e-04
  -7.9850603e-03  -3.4435093e-03   2.8893407e-01   2.9668701e-03  -1.7169337e-04   3.4132344e-04
  -1.0908694e-02  -3.9626907e-04   2.6417246e-01   3.4007780e-03   3.9895986e-04   1.0844479e-05
  -9.0923786e-03   1.3956429e-01   1.8125808e-01   2.5219772e-03  -1.4085626e-03   1.5559089e-04
  -1.0086030e-02  -1.1273782e-02   1.8136623e-01   3.1508023e-03   5.6837359e-05  -1.8630254e-04
  -1.2845624e-02   2.9200234e-02   1.7823737e-01   3.0294123e-03  -6.4119913e-04   6.6151983e-05
  -1.3292823e-02   6.6275220e-02   2.1192419e-01   3.4577876e-03   8.5974966e-07   2.8546376e-04
  -1.1790250e-02   2.9059980e-02   1.9139054e-01   2.7902813e-03   1.2401891e-04   1.0471794e-04
  -4.0989590e-02  -2.2613309e-02   1.5370479e-01   3.2948385e-03   1.7452287e-04   2.2746215e-04
  -2.2153076e-02  -3.8756654e-03   1.8435007e-01   2.8271176e-03   3.6726996e-04  -4.1425781e-04
  -2.9689724e-02   1.0665196e-01   3.9302791e-01   3.1691852e-03  -1.5287965e-04  -8.2735710e-04
  -2.0637055e-02  -2.3175604e-02   2.8609209e-01   3.6638267e-03   2.1346747e-04  -4.0061022e-05
  -2.2093170e-03   7.9213980e-02   3.5014057e-01   2.5335930e-03   1.0001326e-03   3.9224356e-04
   2.3370376e-02  -4.4978441e-02   3.0884767e-01   2.8666042e-03   3.8486191e-03  -7.9647347e-04
   5.0634116e-02  -3.7441850e-02   2.3095115e-01   3.6219007e-03   4.1318374e-03  -1.1372134e-03
   4.1574152e-02   1.1553625e-02   3.0323396e-01   2.8023078e-03   4.2799371e-03  -1.4921574e-03
   5.2931117e-02  -2.4206897e-02   2.8543413e-01   1.5252960e-03   3.8495626e-03  -1.5442763e-03
   7.9193441e-02  -1.0392257e-02   3.1573058e-01   6.3691184e-04   3.0892212e-03  -1.2169387e-03
   7.9623092e-02  -1.3464512e-02   3.2828117e-01   2.0889565e-03   2.2510501e-03  -3.6073525e-04
   6.7935007e-02  -3.2345205e-02   3.2798516e-01   4.2470079e-04   2.1381694e-03  -5.4635329e-04
   5.8274418e-02  -2.4413350e-02   3.1149076e-01   1.6061595e-03   2.4252376e-03  -4.7707077e-04
   4.3236373e-02  -4.2425415e-02   2.7915795e-01   1.3067393e-03   3.2691685e-03  -9.9975890e-04
   5.4813646e-02  -1.5465371e-02   2.9632508e-01   4.9188424e-04   3.4008018e-03  -1.0839157e-03
   4.5919908e-02  -3.8575525e-02   3.3748157e-01   9.8603247e-04   2.9872166e-03  -1.0249115e-03
   4.5966066e-02  -2.8435386e-02   3.1931274e-01   5.8689311e-04   2.5472650e-03  -1.1281788e-03
   3.6475036e-02  -1.7081790e-02   3.5787101e-01   1.8420689e-03   2.8993061e-03  -1.3554530e-03
   4.9155009e-02  -2.5643347e-02   2.8198888e-01   1.6424514e-03   3.5167167e-03  -7.9974393e-04
   4.2864374e-02  -3.7146280e-03   3.2506765e-01  -1.3266151e-03   2.7088980e-03  -6.6374080e-04
   3.9849935e-02  -2.0286728e-02   3.2883282e-01   3.5040169e-04   2.4443329e-03  -4.5535938e-04
   4.8634482e-02   8.5490599e-05   3.0638057e-01   8.0268137e-04   2.5898414e-03  -5.4443652e-04
   3.7773810e-02  -2.1985083e-02   3.1763652e-01   4.8940279e-04   3.1412626e-03  -1.3999675e-03
   4.4860024e-02  -2.4489214e-02   3.3915743e-01   6.8881611e-04   3.5647128e-03  -1.3127836e-03
   4.3449100e-02  -1.6031700e-02   3.1930044e-01   3.7068051e-04   3.6140619e-03  -1.8120963e-03
   5.6115680e-02   2.7404621e-02   2.9367914e-01  -1.2605079e-03   3.4684915e-03  -1.5547549e-03
   5.9926289e-02   7.1069891e-03   3.1766378e-01  -8.2449929e-04   4.1942936e-03  -1.5691936e-03
   5.6964125e-02  -8.0596495e-03   3.0278661e-01   2.5154609e-04   4.0468394e-03  -1.2595863e-03
   6.2020774e-02   4.7798213e-02   9.0040915e-02  -1.6587565e-03   2.3591523e-03  -2.5353580e-03
   1.8624555e-02   2.0512430e-02  -6.2686838e-03   2.4179883e-03   1.1450388e-03  -1.1480339e-03
   1.7629757e-02  -1.1920772e-01   4.3437415e-01  -4.0285731e-03   7.6195035e-04  -3.1517275e-04
   4.5711727e-02  -4.7326158e-02   2.8311182e-01   2.6600077e-03   1.7275326e-03  -1.9671699e-03
   9.5302091e-02   1.8289085e-01   6.6112860e-03   1.4655482e-03  -1.6819728e-03  -8.2482165e-04
   7.3921074e-02   2.1320878e-01  -1.6580316e-01   1.3464692e-03  -2.9993231e-04  -2.7169707e-03
   3.9436714e-02  -6.4662313e-02   4.8541937e-01   2.4201379e-03  -1.5055295e-03  -6.7900738e-04
