   0.0000000e+00   0.0000000e+00   0.0000000e+00   1.3877788e-17   8.6736174e-19  -1.2037062e-35
  -5.3199623e-03  -5.6142021e-03   7.0807608e-03   7.6266379e-04   4.8914212e-04   2.3560364e-04
   2.6526925e-03   2.5249115e-02   1.7386431e-02   1.2901607e-04   2.0201927e-04   3.7361427e-04
  -3.5620372e-03   2.1374619e-03   4.9634908e-02   4.5442925e-04   2.3539096e-04   3.3488190e-04
  -3.5967392e-03  -2.4363434e-02   6.2287888e-02   1.4786336e-03   1.0465945e-04   4.7604525e-04
   1.0666116e-02  -5.7903204e-03   3.9130048e-02   4.4594353e-04   5.5432395e-05   7.4543640e-04
   1.6411526e-02  -1.1867251e-02   4.0989926e-02   1.0972126e-03   3.0242197e-04   1.0908574e-03
   2.4790934e-02   3.6012262e-03   4.9020001e-02   6.8393351e-04   2.0152928e-04   1.0326477e-03
   2.3510502e-02   1.3472620e-02   1.4877232e-02   2.6429088e-03   2.2121575e-04   1.1949937e-03
   2.7428234e-02   1.5692482e-02   1.3063288e-02   1.0637695e-03   4.2059853e-04   1.1570747e-03
   3.0699686e-02   2.2617358e-02   5.0578135e-03   1.5833635e-03   6.0351998e-04   1.1570171e-03
   3.5683373e-02   2.1683761e-02   2.4441237e-02   1.0550408e-03   1.7317661e-04   1.0411025e-03
   2.7563185e-02   7.4236777e-03   4.3403839e-02   1.5069316e-03   4.6563908e-04   1.1376554e-03
   3.2432325e-02   1.5534405e-02   1.4224781e-02   2.2279534e-03   2.2115638e-04   1.2577679e-03
   3.1490361e-02   2.2746053e-02   4.1644903e-03   1.5096133e-03   2.4751205e-04   1.2610530e-03
   2.9313014e-02  -2.3618104e-03   2.3688969e-02   1.7262769e-03   4.9930798e-04   1.1837880e-03
   1.0332390e-01   3.4126369e-02   1.0903402e-01   9.3550313e-04   1.2490539e-03   1.1678928e-03
   9.4170896e-02  -2.2182426e-02   2.5149180e-01  -3.6287420e-03  -2.2902368e-03   2.4018176e-03
   5.7998779e-02  -6.9166216e-02   1.4095056e-01  -1.2449062e-03  -1.5720137e-03   2.1915387e-03
   5.6070700e-02   5.7846417e-03   1.1974957e-01  -1.5852096e-03  -6.3164549e-04   1.5480785e-03
   6.0190380e-02  -4.4311097e-02   1.6087935e-01   1.7816720e-04  -2.1007022e-04   1.6320397e-03
   5.7902702e-02  -2.9420085e-02   1.7299150e-01   2.1049330e-04  -3.2323955e-05   1.5260146e-03
   5.7020667e-02  -4.7168681e-02   1.7524422e-01   4.9938838e-04   1.8398227e-05   1.6435811e-03
   5.8691184e-02  -5.7802707e-02   1.8671273e-01  -1.2964377e-03  -2.2032220e-05   1.7173344e-03
   4.9421821e-02  -9.3418329e-02   2.4509864e-01  -7.8314674e-04   1.5958189e-04   1.6304214e-03
   4.5322748e-02  -6.4780604e-02   2.0836290e-01  -3.7861691e-04  -1.6973986e-04   1.5795926e-03
   4.9619011e-02  -7.7941356e-02   1.7047162e-01  -1.5243858e-03  -3.2047906e-04   1.7028596e-03
   4.5745230e-02  -6.3325132e-02   1.7396051e-01  -1.7907167e-03  -1.3144718e-04   1.6544450e-03
   4.6036492e-02  -6.8882430e-02   1.5922088e-01  -1.1088996e-03  -3.8869894e-04   1.3875268e-03
   6.3849909e-02  -5.9662980e-02   1.6542223e-01  -1.4592823e-03  -6.0492245e-05   2.1661898e-03
   3.2188875e-02  -4.0226355e-02   2.9077904e-01  -8.0166139e-04  -1.4398722e-03   2.5083766e-03
   3.2185526e-02   2.2725200e-02   2.1716233e-01   2.0873147e-03  -2.7659449e-04   2.1325174e-03
   3.3226818e-02  -1.6013480e-02   1.9364984e-01   9.5695014e-04   1.9321767e-04   2.0889601e-03
   2.7556065e-02   1.6485463e-02   1.9103436e-01  -6.9486088e-04   5.5546770e-05   1.8343043e-03
   3.4298894e-02   2.3118899e-02   1.9032155e-01  -5.0103281e-06   1.5443788e-04   1.9733238e-03
   3.2335513e-02  -1.3711356e-02   1.7634983e-01  -3.6430230e-04   5.0104455e-04   1.8830087e-03
   3.3880289e-02   2.0113078e-02   1.3683258e-01  -3.7660670e-05   2.6280351e-04   1.9581951e-03
   3.5964746e-02   6.6244513e-02   1.1944237e-01  -9.6064070e-04   1.1850967e-04   1.9670676e-03
   2.7629078e-02   2.4568725e-02   1.3049074e-01  -2.3188864e-04   3.9394794e-04   1.8618640e-03
   2.7007591e-02   7.7699275e-03   1.1227974e-01   5.3397216e-04   3.8860823e-04   1.8398571e-03
   3.5965225e-02   5.1539750e-02   1.1752342e-01   5.6668224e-04   9.7217112e-05   1.8930980e-03
   4.0359013e-02   3.5542456e-02   1.2685484e-01  -7.3931148e-04   2.9871670e-04   1.9434157e-03
   3.5263498e-02   1.8632082e-02   1.5877499e-01  -2.1167052e-04   3.5531789e-04   1.7937442e-03
   3.3795703e-02   5.6391447e-02   1.1636165e-01   8.1351592e-05   7.0879228e-04   1.6547159e-03
   1.9475670e-02   4.9481819e-02   1.3808763e-01   4.8731685e-04   5.4563645e-04   1.5296356e-03
   3.2612945e-02   5.9005383e-02   1.1064738e-01  -3.3112523e-04   2.9068196e-04   1.7449137e-03
   3.4840668e-02   2.5593235e-02   1.2775965e-01  -6.4330903e-04   3.9794365e-04   1.5558083e-03
   2.9305220e-02   4.8668627e-02   7.6973146e-02   8.6703838e-04   7.4692737e-04   1.3920596e-03
   3.4665928e-02   5.4493578e-02   7.1723898e-02   6.3193229e-04   9.7071727e-04   1.3369410e-03
   3.8745654e-02   3.2351686e-02   6.7998542e-02   3.4831395e-04   5.9160253e-04   1.5970637e-03
   3.5801507e-02   5.1656840e-02   9.5476400e-02  -2.0727532e-04   2.1799446e-04   1.4969046e-03
   2.8987141e-02   4.5838636e-02   6.6227316e-02  -6.1539742e-05   5.3368687e-04   1.4914661e-03
   2.4832458e-02   4.3344841e-02  -3.8039711e-03   8.6659095e-04   1.0518752e-03   1.1106739e-03
   2.4455524e-02   6.8778642e-02   2.7842831e-02   7.9693728e-04   1.3079519e-03   1.3469563e-03
   3.4587210e-02   6.9948978e-02   6.1588527e-02   1.3696130e-03   9.7418428e-04   1.3333885e-03
   3.0985412e-02   2.6767009e-02   5.1484944e-02   4.7963393e-04   1.0422912e-03   1.4288844e-03
   2.7489117e-02   4.6932763e-02   1.5075596e-02   6.0835304e-04   1.5529939e-03   1.5755327e-03
   3.4035690e-02   4.6786222e-02   1.7580668e-02   1.5396993e-03   1.6594028e-03   1.6596034e-03
   5.5298028e-02   1.6379971e-02   6.0480262e-02   1.9748870e-03   9.1502624e-04   2.5950454e-03
   6.9364670e-02   8.2216585e-02  -2.8300688e-02   1.0159634e-04   8.7938888e-04   2.4766832e-03
   6.7222374e-02   1.9542174e-02  -1.2115511e-01   4.4310080e-03   1.0990600e-03   1.9514559e-03
   6.0355497e-02   5.1028594e-02  -1.0201922e-01   5.4839226e-03   1.2460155e-03   2.1942439e-03
   7.1803518e-02   9.3763889e-02  -2.1071856e-01   1.5749595e-02   2.1581086e-03   2.0202836e-03
   8.5376839e-02   1.3524269e-01  -1.2688205e-01   1.2229872e-02   1.9043991e-03   1.9782114e-03
   7.9840308e-02   6.5850089e-02  -1.1280674e-01   1.2195186e-02   1.9253170e-03   2.0437982e-03
   9.4059769e-02   1.2834733e-01  -1.6006768e-01   1.1132260e-02   2.3570778e-03   2.1090492e-03
   1.0032786e-01   1.3096570e-01  -1.7247872e-01   1.1096460e-02   2.4527629e-03   2.4491369e-03
   1.0430516e-01   1.0214273e-01  -1.2875438e-01   1.0539658e-02   2.3032553e-03   2.3233500e-03
   1.0302953e-01   1.3764577e-01  -1.3372934e-01   1.1033911e-02   2.7282488e-03   2.0339534e-03
   1.1600750e-01   1.8754100e-01   1.2129379e-01   8.2246143e-03   1.5545190e-03   2.5838047e-03
   1.8190512e-01  -7.6167901e-03   4.1902631e-01   3.2497016e-03   1.3191885e-03   3.6339299e-03
   1.8181168e-01   8.8637692e-03   1.1597237e-01   4.6917496e-03   1.9333729e-03   3.1308478e-03
   1.8764449e-01   5.6760390e-02   1.4698928e-01   5.3088106e-03   2.3456730e-03   2.9205968e-03
   1.7671615e-01   2.6481257e-02   1.1783019e-01   6.8741831e-03   2.7587042e-03   3.0157042e-03
   1.8090299e-01   4.6598875e-02   1.2796006e-01   7.1526619e-03   2.6307266e-03   3.1397413e-03
   1.6642445e-01   1.8335410e-02   1.7076962e-01   6.5210267e-03   2.3112942e-03   2.9838711e-03
   1.6393898e-01  -3.0112478e-03   1.6453503e-01   5.1226576e-03   2.3629137e-03   3.1018491e-03
   1.6237317e-01  -2.6763844e-02   1.7903123e-01   5.5497070e-03   1.9151476e-03   2.9977361e-03
   1.5497351e-01  -7.3159083e-03   1.6597389e-01   5.3555558e-03   2.0504268e-03   2.9543273e-03
   1.7048926e-01   3.8332302e-02   1.3303640e-01   4.6932215e-03   2.0858597e-03   3.0001397e-03
   1.6337375e-01   1.4931964e-02   1.3917812e-01   4.6671465e-03   2.2216811e-03   2.9974855e-03
   1.5894647e-01   2.8782965e-02   1.1473885e-01   6.0775862e-03   2.5040004e-03   3.0011285e-03
   1.6215955e-01   6.7654161e-02   9.9345560e-02   4.9644330e-03   2.4720205e-03   3.0556394e-03
   1.6437041e-01   3.5954282e-02   1.1138517e-01   4.4523889e-03   2.3927664e-03   2.9283493e-03
   1.6357358e-01   4.3067427e-02   6.7252300e-02   5.1124543e-03   2.5266705e-03   3.0630441e-03
   1.6164979e-01   1.0834387e-01   1.5920428e-02   4.8166244e-03   2.3542867e-03   3.0003995e-03
   1.5896250e-01   6.5995063e-02   5.4258208e-02   4.8896585e-03   2.2710710e-03   3.0608993e-03
   1.4962298e-01   5.7400791e-02   5.0501827e-02   5.1480908e-03   2.0493863e-03   3.1093770e-03
   1.6258994e-01   9.5805735e-02   3.3730441e-02   6.1665928e-03   1.7303139e-03   3.2801709e-03
   1.3913723e-01   1.3932742e-01   1.1376944e-02   6.3354129e-03   1.7984243e-03   2.6796376e-03
   1.3271072e-01   7.9582612e-02   2.8483596e-02   5.7864168e-03   2.1193652e-03   2.6647542e-03
   1.4879698e-01   1.0770535e-01  -2.3761771e-06   6.6015822e-03   2.0751837e-03   2.7462145e-03
   1.5400574e-01   1.1682501e-01   1.1617050e-02   5.4541635e-03   2.2534781e-03   2.5601483e-03
   1.4694349e-01   1.1481388e-01  -1.0008304e-02   6.0653364e-03   2.2563109e-03   2.4424865e-03
   1.3315365e-01   9.8668428e-02  -3.7627686e-02   5.9597482e-03   2.6502578e-03   2.4298705e-03
   1.4237025e-01   1.4199213e-01  -5.4306583e-02   5.6571052e-03   2.3661553e-03   2.1763303e-03
   1.2490015e-01   1.3415653e-01  -4.2051232e-02   5.7783315e-03   2.5664536e-03   1.9978448e-03
   1.2076551e-01   1.0421445e-01  -4.2266516e-02   5.8724755e-03   2.5575545e-03   2.0460333e-03
   1.2004263e-01   1.4007980e-01  -9.5077951e-02   6.8403742e-03   2.9540480e-03   2.2622500e-03
   1.2670540e-01   1.3067292e-01  -3.5814471e-02   4.8385628e-03   2.5746612e-03   2.1788946e-03
   1.1102780e-01   9.1315223e-02  -2.7235377e-02   5.7310607e-03   2.6689493e-03   2.0841442e-03
   1.1367004e-01   1.2077605e-01  -4.8537671e-02   5.9182815e-03   2.8766980e-03   2.2657511e-03
   1.0539040e-01   1.4119283e-01  -4.9381393e-02   6.1981975e-03   2.6523458e-03   2.1147335e-03
   1.1123483e-01   1.0025606e-01  -8.3745600e-03   6.3370559e-03   2.8536202e-03   2.1002494e-03
   1.2707885e-01   1.3345425e-01  -8.9445589e-02   5.8353108e-03   1.6701644e-03   2.1038352e-03
   1.1040406e-01   2.5713226e-01  -1.4493728e-01   7.0637489e-03   2.2134674e-03   2.3852828e-03
   9.4186249e-02   1.0842463e-01  -1.0339621e-01   4.7072772e-03   1.5666172e-03   1.8856827e-03
   8.4313208e-02   1.3316477e-01  -7.0093753e-02   4.4342265e-03   1.5248664e-03   1.9767232e-03
   8.3910230e-02   1.2672813e-01  -9.6503145e-03   5.3800674e-03   1.6765252e-03   1.9862087e-03
   8.8542854e-02   8.9084496e-02  -9.5649703e-03   6.2549756e-03   1.5053152e-03   1.9679285e-03
   8.9435683e-02   1.3824898e-01  -3.6506764e-02   4.5225943e-03   1.6360635e-03   1.8368676e-03
   8.5346521e-02   1.1439963e-01  -1.8225189e-03   3.8016488e-03   1.8813665e-03   1.7904202e-03
   8.4590928e-02   1.0358699e-01  -1.0887475e-02   3.9211078e-03   2.2062942e-03   1.7291420e-03
   1.0487767e-01   1.5417053e-01  -7.6759177e-02   3.0489088e-03   2.1614801e-03   1.6449442e-03
   8.9476565e-02   1.0532084e-01  -1.5727897e-02   3.4737628e-03   2.1839059e-03   1.4953516e-03
   8.9118849e-02   1.3345259e-01  -6.4918532e-02   4.1040886e-03   2.3418535e-03   1.4925037e-03
   9.3002367e-02   1.2949275e-01  -3.7907992e-02   4.2555629e-03   2.4552382e-03   1.6615586e-03
   9.3744711e-02   9.5793273e-02   1.2682440e-02   4.7542968e-03   2.5900426e-03   1.7524082e-03
   1.0401190e-01   1.1794956e-01  -1.2763530e-02   5.0403005e-03   2.2777132e-03   1.6709339e-03
   1.0322267e-01   1.2772574e-01  -1.1178779e-02   3.2376717e-03   1.8526054e-03   1.4411469e-03
   9.1111397e-02   1.1521899e-01  -1.9658726e-03   3.6267033e-03   2.1982012e-03   1.3995099e-03
   8.4825287e-02   1.2155540e-01  -3.5944632e-02   4.0628258e-03   2.1205139e-03   1.6640085e-03
   8.7421742e-02   1.2810894e-01  -5.4187562e-02   3.5809939e-03   2.5772321e-03   1.3065091e-03
   8.8669009e-02   1.2020839e-01  -3.6481602e-02   3.9757600e-03   2.5712580e-03   1.2483107e-03
   8.8573825e-02   1.1167011e-01  -1.6205663e-02   3.8852272e-03   2.4877247e-03   1.4712188e-03
   9.5036128e-02   1.2323720e-01  -3.5311536e-02   3.6823939e-03   2.1843334e-03   1.5274887e-03
   8.2311816e-02   1.3367955e-01  -2.9352789e-02   2.8304256e-03   1.8920486e-03   1.4410791e-03
   8.2591475e-02   1.2375032e-01  -3.5812806e-02   3.0696125e-03   2.0830714e-03   1.6617755e-03
   8.4535172e-02   1.3619160e-01  -5.2593566e-02   3.2572879e-03   2.1211315e-03   1.6020347e-03
   9.4783068e-02   1.4518886e-01  -6.4186515e-02   2.1835797e-03   2.0996701e-03   1.6132241e-03
   8.9389523e-02   1.0770072e-01  -2.0257043e-02   2.2615088e-03   2.2260104e-03   1.5339940e-03
   8.5111749e-02   1.1805797e-01  -5.4231504e-02   2.6487597e-03   2.5714118e-03   1.5223988e-03
   7.9369123e-02   1.3187201e-01  -5.1751151e-02   2.5140113e-03   2.1546152e-03   1.5360431e-03
   9.3390429e-02   1.1712602e-01  -3.5091096e-02   2.8234091e-03   2.1604628e-03   1.8641516e-03
   8.6714614e-02   9.8519197e-02  -3.8622251e-02   3.7712253e-03   2.1688006e-03   1.6514001e-03
   9.0145704e-02   1.1557407e-01  -7.0614622e-02   3.0911434e-03   2.1149376e-03   1.5950711e-03
   9.5222002e-02   1.1558934e-01  -4.9117679e-02   2.2708000e-03   2.2175308e-03   1.7604385e-03
   9.3438131e-02   1.2660875e-01  -3.5472519e-02   3.7790952e-03   2.3155155e-03   1.5804129e-03
   8.7250961e-02   1.2811408e-01  -5.1091740e-02   3.7110811e-03   2.3145560e-03   1.5828651e-03
   9.2904087e-02   1.3265642e-01  -3.1821793e-02   3.8945402e-03   2.6091520e-03   9.3403076e-04
   9.4987287e-02   1.3794696e-01   3.3367088e-03   3.9178802e-03   2.7003077e-03   1.2318865e-03
   9.3075351e-02   1.6386451e-01  -3.9387659e-02   3.7724408e-03   2.7054569e-03   1.1328337e-03
   9.4379496e-02   1.4947571e-01  -3.8981826e-02   3.7384027e-03   2.7473087e-03   1.2110155e-03
   9.3131315e-02   1.3605117e-01  -2.2791799e-02   4.2884203e-03   3.0587076e-03   1.2719590e-03
   9.0571860e-02   1.4133525e-01  -4.4843149e-02   4.8900426e-03   2.9114005e-03   1.2490173e-03
   1.0075325e-01   1.7618088e-01  -4.3828727e-02   4.1199185e-03   2.5205853e-03   1.3312879e-03
   1.0001322e-01   1.0446971e-01  -2.5916131e-02   6.9371531e-03   2.7072839e-03   1.5098633e-03
   9.6083139e-02   1.3303164e-01  -3.8508976e-02   5.8210260e-03   3.0487038e-03   1.4226729e-03
   9.8905476e-02   1.2681210e-01  -7.3056678e-02   4.0903505e-03   2.8985567e-03   1.2782584e-03
   9.4985090e-02   1.0683483e-01  -5.3202522e-02   5.7435582e-03   3.6049359e-03   7.3094406e-04
   9.1155099e-02   1.4341612e-01  -9.9569836e-02   6.1554576e-03   3.6971984e-03   8.8126238e-04
   9.5438553e-02   1.4700610e-01  -6.3069341e-02   5.6597684e-03   3.5099520e-03   8.4760233e-04
   9.3148172e-02   1.3998309e-01  -3.9484672e-02   4.9757320e-03   3.2712675e-03   9.6569034e-04
   9.3439709e-02   1.5121649e-01  -9.3323195e-02   4.9658880e-03   3.2466055e-03   1.0225239e-03
   7.7864156e-02   1.5249010e-01  -5.4957642e-02   4.8690264e-03   3.7180043e-03   9.5526633e-04
   8.9013766e-02   1.4860207e-01  -6.3098267e-02   6.7602171e-03   3.3978228e-03   8.9527746e-04
   6.4077131e-02   2.2498212e-01   2.2964865e-01   6.5061938e-03   1.3530392e-03   2.9155805e-04
   1.0424669e-01   5.3595071e-02   5.3947071e-01   5.9177969e-03   6.9966927e-04   7.2076130e-04
   1.5019668e-01   8.5369246e-02  -3.7895826e-02   5.8137118e-03   1.5820315e-03   1.3402996e-03
   1.4287730e-01   1.1841844e-01   2.6746374e-02   4.6801995e-03   1.6882092e-03   1.0662614e-03
   1.3074880e-01   8.8875859e-02   2.7019533e-02   6.9663403e-03   2.0009473e-03   1.0262030e-03
   1.2690138e-01   1.3590238e-01   1.9848015e-02   5.6399635e-03   1.6850861e-03   1.1571350e-03
   1.2048026e-01   1.0663758e-01   6.7576562e-02   5.1502115e-03   1.8234253e-03   1.0975969e-03
   1.1827285e-01   5.9561923e-02   6.9126508e-02   4.3686792e-03   1.8403143e-03   1.2031860e-03
   1.2147422e-01   8.2841814e-02   1.7228261e-01   3.8182766e-03   1.8931952e-03   1.2820036e-03
   9.9170694e-02   6.6894656e-02   1.1504803e-01   3.5006875e-03   1.5709221e-03   1.0075255e-03
   1.0411515e-01   8.3180552e-02   1.1481231e-01   3.5398645e-03   1.8715511e-03   9.7333182e-04
   1.0130242e-01   7.4338294e-02   6.6105911e-02   3.6359116e-03   1.8054059e-03   1.2715212e-03
   1.1759980e-01   1.6726534e-01   9.3202649e-03   4.4946955e-03   3.4864597e-03  -3.2000354e-04
   1.1325851e-01   1.2536951e-01   4.8001949e-02   3.5317868e-03   3.2792443e-03   3.0285230e-04
   1.1027942e-01   1.2607042e-01  -2.5134082e-02   4.8175179e-03   3.3024451e-03   4.5622817e-04
   1.1649522e-01   1.4850277e-01   8.9057158e-03   2.1005989e-03   2.7871314e-03   2.5888558e-04
   1.0355068e-01   1.3891135e-01  -9.4650928e-03   3.1835149e-03   2.9462939e-03   2.9871066e-04
   1.0619041e-01   1.5170283e-01  -5.3306503e-02   2.9685219e-03   3.4905568e-03   3.5283550e-04
   1.0637608e-01   1.5252232e-01  -1.3884149e-02   3.7857693e-03   3.3047780e-03   3.8473390e-04
   1.1096364e-01   1.7098304e-01  -7.7904069e-04   3.7558877e-03   3.0586833e-03   3.1350935e-04
   1.1943561e-01   1.7872687e-01  -4.7319527e-02   2.7895422e-03   3.1752270e-03   3.3988093e-04
   1.1547719e-01   1.5787192e-01  -1.9223995e-02   2.3694933e-03   3.2698444e-03   2.2044822e-04
   1.0863142e-01   1.6292189e-01  -3.8368814e-02   2.6217607e-03   3.3186910e-03   2.3913916e-04
   1.0553466e-01   1.6789424e-01  -7.1179670e-02   3.1467851e-03   3.4908127e-03   4.1816939e-04
   1.1570859e-01   1.7086709e-01  -5.6824694e-02   2.8940942e-03   3.2101898e-03   3.8596963e-04
   1.1230711e-01   1.8837069e-01  -4.4799600e-02   4.1066647e-03   3.2173794e-03   3.3144998e-04
   1.1143737e-01   1.6311472e-01  -4.9643037e-02   3.1224826e-03   3.5286908e-03   3.0663625e-04
   1.1169951e-01   1.6205920e-01  -6.5451128e-02   2.0817609e-03   3.3036072e-03   3.1072942e-04
   1.0459517e-01   1.5180734e-01  -3.7437570e-02   2.5376476e-03   3.5445631e-03   2.0814143e-04
   1.0015798e-01   1.4290684e-01  -1.7418657e-02   3.6069195e-03   3.6532929e-03   4.4865977e-05
   1.1062606e-01   1.7435999e-01  -4.1177045e-02   2.9989856e-03   3.4006946e-03   2.8873113e-04
   1.1167346e-01   1.7528856e-01  -3.7386459e-02   2.6941025e-03   3.4611432e-03   2.1054419e-04
   1.0374330e-01   1.7773437e-01  -4.0836595e-02   2.1273271e-03   3.4954400e-03   1.8953905e-04
   1.2013277e-01   1.8863365e-01   1.9772289e-01   4.4940490e-03   3.3800709e-03   6.3563870e-04
   1.5502508e-01   1.5429653e-01  -8.3016846e-02   2.7550733e-03   2.8045223e-03   1.1536136e-03
   1.2180400e-01   1.5346432e-01  -1.7033838e-01   2.7318163e-03   2.6480800e-03   8.9162692e-04
   1.2967664e-01   1.7233394e-01  -1.8682343e-01   3.7126437e-03   3.7563870e-03   5.7933877e-04
   1.5408692e-01   1.5052961e-01  -1.6222720e-01   4.3600534e-03   3.9420143e-03   6.6808603e-04
   1.3678011e-01   1.4968459e-01  -1.4440137e-01   4.2230877e-03   3.2790987e-03   5.6832050e-04
   1.3048683e-01   1.6771719e-01  -1.8153962e-01   2.7100483e-03   3.3840389e-03   6.2471048e-04
   1.1938741e-01   1.5803089e-01  -1.3859526e-01   2.2803156e-03   2.9983359e-03   5.3103173e-04
   1.1939808e-01   1.6052412e-01  -1.6330139e-01   2.6949394e-03   3.4097445e-03   4.5687456e-04
   1.1804812e-01   1.9033976e-01  -2.2165847e-01   3.1824441e-03   3.7115853e-03   2.3115646e-04
   1.1731283e-01   1.6943635e-01  -1.8332031e-01   3.0945525e-03   3.8987776e-03   4.5840089e-05
   1.1661374e-01   1.8289985e-01  -1.9612289e-01   4.9911082e-03   3.9919673e-03   1.7997875e-04
   1.1914447e-01   2.0371291e-01  -2.1859288e-01   4.6276087e-03   3.6830966e-03   1.8762355e-04
   1.2202134e-01   1.8592582e-01  -1.6669622e-01   2.8339502e-03   3.5305779e-03   1.8974463e-04
   1.2172970e-01   1.9479100e-01  -2.0077735e-01   3.1439704e-03   3.6094990e-03   1.9739624e-04
   1.2153012e-01   2.1793338e-01  -2.2346050e-01   2.2630305e-03   3.6239341e-03   1.8881004e-04
   1.2070745e-01   2.2264473e-01  -2.1062266e-01   2.8831971e-03   3.8252141e-03   2.7053893e-04
   1.1401182e-01   1.9272273e-01  -2.0942840e-01   3.4173003e-03   4.0416010e-03   9.1369323e-05
   1.2008148e-01   2.1129236e-01  -2.4291984e-01   3.6608847e-03   3.5170935e-03   6.4575766e-05
   1.2110703e-01   1.9760214e-01  -2.0368802e-01   2.3033008e-03   3.6724121e-03   2.8023832e-05
   1.2048476e-01   1.9017626e-01  -2.1933669e-01   2.5872152e-03   3.7980854e-03   5.4661093e-05
   1.2071387e-01   1.9447112e-01  -2.1421126e-01   3.6857217e-03   4.0260593e-03   7.6588515e-05
   1.3148497e-01   2.1437801e-01  -2.4435565e-01   3.6417437e-03   3.5879036e-03   1.5209358e-04
   1.3370505e-01   2.0209554e-01  -2.1043198e-01   2.6249681e-03   3.5171385e-03   2.9572912e-04
   1.2165057e-01   1.8441583e-01  -1.9501659e-01   2.8954922e-03   3.6014016e-03   2.6415419e-04
   1.1526628e-01   2.0690835e-01  -2.2859388e-01   3.3075187e-03   3.6946376e-03   4.1129637e-04
   1.1325837e-01   1.9475185e-01  -1.9905193e-01   3.2823157e-03   3.9218739e-03   1.6621940e-04
   1.1418919e-01   1.9591887e-01  -2.1433817e-01   4.7418186e-03   3.7079506e-03   4.3258862e-04
   1.2077117e-01   2.2372372e-01  -2.2856954e-01   2.5856026e-03   3.4577726e-03   3.3175477e-04
   1.1476782e-01   1.9186569e-01  -2.0324470e-01   3.2053413e-03   3.7431507e-03   3.3522200e-04
   1.1825311e-01   1.9409656e-01  -2.5016056e-01   2.5899598e-03   3.9982610e-03   3.1063660e-04
   4.9371076e-02   2.2495992e-01  -1.0359567e-01   1.7122317e-03   2.7197723e-03  -8.3312059e-04
   2.0039032e-02   2.4913299e-01   2.6420394e-01   4.4435583e-03  -1.1027882e-03  -1.2195829e-03
   7.8100692e-02   2.3813148e-01  -2.8146583e-01   6.0331054e-03  -4.4515636e-04   4.1588333e-04
   7.4428997e-02   1.4584046e-01  -1.7946635e-01   6.0560074e-03   1.5639039e-03   3.2763311e-04
   8.1120739e-02   1.9134921e-01  -1.6766426e-01   8.6250982e-03   3.0281408e-03   1.8889868e-04
   7.9895809e-02   2.3713006e-01  -2.1155955e-01   1.0070830e-02   3.0373520e-03   3.7809637e-04
   8.0250738e-02   2.0348055e-01  -2.0371570e-01   8.6454499e-03   2.6282436e-03   4.4806523e-04
   7.2464443e-02   1.5140680e-01  -1.0456775e-01   8.2584974e-03   2.6353054e-03   1.5880324e-04
   7.1154634e-02   1.5362800e-01  -9.2815529e-02   7.7265248e-03   2.5449391e-03   2.8216181e-04
   6.1300628e-02   1.6450324e-01  -9.9959226e-02   8.0734734e-03   2.3015053e-03  -5.7472709e-04
   1.0072456e-01   1.8784803e-01  -1.1036243e-01   6.9552652e-03   2.8907812e-03   1.9839786e-03
   1.0733429e-01   1.8925152e-01  -1.6234987e-01   6.0485767e-03   3.0248088e-03   1.4430330e-03
   9.3322648e-02   1.6703892e-01  -1.4546863e-01   6.2346951e-03   3.0762830e-03   3.6030060e-04
   9.7362147e-02   2.2969704e-01  -2.0980447e-01   6.4041585e-03   2.8693856e-03   1.8337628e-04
   9.5739685e-02   2.3041611e-01  -2.2992977e-01   5.5674544e-03   2.8788195e-03   2.2005533e-04
   9.0259762e-02   2.2169402e-01  -2.0611321e-01   6.0102943e-03   3.2969454e-03   1.4295265e-04
   9.5213198e-02   2.2646768e-01  -2.3595794e-01   6.5988402e-03   2.8139116e-03   2.0872546e-04
   9.9674627e-02   2.4699766e-01  -2.3522694e-01   5.3083999e-03   3.1538298e-03   2.1180120e-04
   9.4668839e-02   2.3164819e-01  -2.1001401e-01   5.9135967e-03   3.0524429e-03   1.4719338e-04
   9.4589613e-02   2.4922300e-01  -2.6973985e-01   5.8553522e-03   3.4142523e-03   1.8117707e-04
   9.5463890e-02   2.4824894e-01  -2.4630071e-01   5.7849041e-03   3.7334439e-03   2.5427390e-04
   1.0000585e-01   2.6793312e-01  -2.4645814e-01   6.1202774e-03   3.0492350e-03   3.4250039e-04
   9.2733841e-02   2.4775870e-01  -2.7290146e-01   5.9150023e-03   3.3893901e-03  -3.5298376e-05
   1.2747422e-01   2.2763006e-01  -2.8486113e-01   5.6983220e-03   3.0190004e-03   6.9363097e-04
   1.6609136e-01   1.7968472e-01  -3.2200715e-01   6.6356069e-03   2.3751618e-03   1.9214798e-03
   8.0342158e-02   1.3940153e-01  -1.5432096e-01   6.0727380e-03   1.7779661e-03   2.7445284e-03
   6.4614101e-02   8.5465678e-02  -7.7076149e-02   5.0319831e-03   2.1556695e-03   3.1196002e-03
   7.5908972e-02   1.3815483e-01  -4.5506946e-02   5.2386200e-03   1.9869748e-03   2.8810861e-03
   6.0425194e-02   1.4887382e-01  -8.0365125e-02   6.0245406e-03   2.2171437e-03   2.5896684e-03
   1.3984213e-01   1.5118590e-01  -4.7293502e-02   5.6162679e-03   1.2141378e-03   2.8247908e-03
   1.6093988e-01   2.3090022e-01  -1.9320672e-01   4.4433331e-03   7.1568781e-04   1.8307445e-03
   1.1679281e-01   2.2807381e-01  -1.2142707e-01   3.2282907e-03   7.1017268e-04   1.1485228e-03
   1.3975674e-01   1.5433407e-01  -4.8638924e-02   4.0208924e-03   1.8699467e-04   1.0495570e-03
   1.5485489e-01  -1.2617396e-03  -3.7201598e-02   4.1669309e-03  -3.9663198e-04   1.2707990e-03
   6.7971236e-02   1.9936647e-01  -2.3151782e-01   2.8830774e-03  -1.2633282e-03   2.0275327e-03
   4.9597547e-02   1.5067760e-01  -1.1989029e-01   4.3544259e-03  -5.3012826e-04   2.1741109e-03
   8.4883896e-02   2.0837067e-01  -3.4056144e-01   6.1118014e-03  -6.3449777e-04   2.7455293e-03
   6.6857917e-02   2.0905270e-01  -1.9112614e-01   1.6328256e-03  -1.5769838e-03   2.9960549e-03
   3.6626667e-02   1.7520947e-01  -2.0904029e-01   2.8653882e-04  -2.4181056e-03   2.7230969e-03
   3.7808519e-02   1.5057093e-01  -2.1649938e-01   3.0696034e-04  -1.8967721e-03   2.7051786e-03
   3.8700845e-02   1.7884536e-01  -1.9283639e-01  -6.3328104e-04  -2.2149864e-03   2.5623453e-03
   3.3738129e-02   1.5126678e-01  -1.8290504e-01  -1.2023294e-03  -1.7995479e-03   2.5210939e-03
   3.8398878e-02   1.7190692e-01  -2.1462683e-01  -1.2509499e-03  -1.8813630e-03   2.3997734e-03
   2.8489252e-02   1.8787440e-01  -2.1435535e-01  -5.9489984e-04  -1.6111898e-03   2.3322299e-03
   3.4984175e-02   1.7855000e-01  -2.3413792e-01  -8.0999297e-04  -1.6463453e-03   2.1662869e-03
   3.9984729e-02   2.1124660e-01  -2.4629614e-01  -2.0495112e-03  -1.9475154e-03   2.2562079e-03
   3.3526331e-02   2.0860725e-01  -2.4273459e-01  -1.1994341e-03  -1.7495163e-03   2.0330176e-03
   3.6508211e-02   2.0304086e-01  -2.2250668e-01  -1.5729093e-03  -1.6349305e-03   2.1559846e-03
   3.8609660e-02   2.2304324e-01  -2.3818636e-01  -1.9380622e-03  -1.9949282e-03   2.4756989e-03
   2.6314530e-02   2.0560157e-01  -2.4426226e-01  -2.0610414e-03  -2.0852971e-03   2.1869945e-03
   1.1813669e-02   1.8726248e-01  -2.0336755e-01  -2.4736514e-03  -1.5946651e-03   1.9343007e-03
   1.6642083e-02   2.0759187e-01  -2.2926750e-01  -2.7016385e-03  -1.5336063e-03   1.9344875e-03
   1.8276291e-02   2.1862098e-01  -2.7606317e-01  -1.8659768e-03  -1.2300792e-03   1.8952765e-03
   7.1602049e-03   1.9615801e-01  -2.2505867e-01  -1.8820178e-03  -1.6160983e-03   1.9383256e-03
   1.8849360e-02   2.1509845e-01  -2.1012071e-01  -2.6882193e-03  -1.5857016e-03   1.9641718e-03
   1.1659669e-02   2.0082950e-01  -2.0957315e-01  -2.0611631e-03  -1.0904463e-03   1.6733120e-03
   4.0717388e-02   2.1788857e-01  -2.1358235e-01  -1.4370724e-03  -1.5209167e-03   1.7331949e-03
   1.7326721e-02   1.8640606e-01  -1.9097075e-01  -3.3292568e-03  -2.7948014e-03   2.1699419e-03
   2.4210684e-02   1.8935019e-01  -2.0900376e-01  -2.6399457e-03  -1.8494713e-03   2.1995179e-03
   1.5312116e-02   2.0200698e-01  -1.8542861e-01  -5.3492389e-03  -3.4893306e-03   1.8214341e-03
  -3.1254881e-04   1.1844121e-01  -1.7451692e-01  -3.3732583e-03  -3.3080442e-03   2.4033304e-03
   2.3455078e-02   1.7279872e-01  -1.4241925e-01  -4.0052653e-03  -3.3430847e-03   2.1613167e-03
   3.8035815e-02   2.4023228e-01  -3.2887355e-01   1.5098281e-03  -5.9023605e-03   1.9736566e-03
   4.8299154e-03   2.5162592e-01  -2.0263000e-02   2.9566361e-03  -3.9207378e-03   1.9085239e-03
   6.0871787e-02   2.8850076e-01  -5.3188507e-01  -2.0999694e-03  -1.5347138e-03   2.6089332e-03
   9.6008201e-02   2.8778373e-01  -5.2350643e-01  -1.6382012e-03  -1.4074055e-03   1.8265034e-03
   9.0201845e-02   3.0391315e-01  -5.5833954e-01  -1.8034504e-03  -1.4812208e-03   1.7505154e-03
   7.6211508e-02   3.1813723e-01  -5.3621915e-01  -1.6786749e-03  -1.4795081e-03   1.7950443e-03
   7.0896772e-02   3.2298758e-01  -5.9186797e-01  -1.3019080e-03  -1.4047614e-03   1.8133308e-03
   7.7679610e-02   3.5576305e-01  -5.8543902e-01  -2.8812871e-03  -1.7945034e-03   1.8057920e-03
   6.3787078e-02   3.4449883e-01  -6.0771567e-01  -2.3713589e-03  -1.5692914e-03   1.5546707e-03
   6.3191013e-02   3.6103711e-01  -6.2627969e-01  -3.5486314e-03  -1.3323677e-03   1.6504237e-03
   6.0651837e-02   3.5319632e-01  -6.0785611e-01  -2.9119337e-03  -9.9565587e-04   1.5985324e-03
   6.5936446e-02   3.4232780e-01  -6.2953053e-01  -2.7857209e-03  -1.2542531e-03   1.6233424e-03
   6.2726671e-02   3.7000316e-01  -6.5300843e-01  -3.9486035e-03  -1.2367617e-03   1.5355921e-03
   5.7548069e-02   3.6251199e-01  -6.2778244e-01  -3.5734310e-03  -8.9022584e-04   1.6603606e-03
   6.6509630e-02   3.4060632e-01  -6.3786547e-01  -2.7132854e-03  -9.9706595e-04   1.8275716e-03
   5.2552894e-02   3.9512023e-01  -7.0618221e-01  -3.7523885e-03  -1.5952867e-03   1.6757827e-03
   5.6947219e-02   4.0035873e-01  -7.3212260e-01  -3.2854898e-03  -9.4226827e-04   1.8981331e-03
   5.3073276e-02   3.6981279e-01  -7.2460485e-01  -2.5927782e-03  -2.8297984e-04   1.7829500e-03
   5.0625938e-02   3.6751180e-01  -6.9522367e-01  -2.0862216e-03  -5.3362920e-04   1.5345565e-03
   6.2195251e-02   3.6101599e-01  -6.5455244e-01  -2.3414567e-03  -8.6091422e-04   1.7979558e-03
   5.6723779e-02   3.5847277e-01  -7.0175826e-01  -3.3831563e-03  -1.0459675e-03   1.9559978e-03
   5.4336353e-02   3.5051347e-01  -6.7188803e-01  -4.3501090e-03  -8.6981136e-04   1.5999172e-03
   5.4741635e-02   3.4971158e-01  -6.9825262e-01  -3.7746070e-03  -4.9494965e-04   1.6013706e-03
   6.4288836e-02   3.7026503e-01  -7.1781136e-01  -3.0169114e-03  -5.0781111e-04   1.8410620e-03
   8.2475599e-02   3.3395802e-01  -7.1012372e-01  -2.9680305e-03  -9.5723593e-04   2.4266085e-03
   6.1068980e-02   4.4909842e-01  -8.6927793e-01  -2.1178123e-04  -1.8898157e-04   1.4557526e-03
   4.7858995e-02   3.8370930e-01  -7.8779605e-01  -2.9663770e-04   5.9321405e-05   1.5236720e-03
   5.4416840e-02   3.7718934e-01  -7.5055624e-01  -2.4347160e-03  -5.4053630e-04   1.4695417e-03
   7.3313203e-02   4.3330969e-01  -7.3700618e-01   1.1803063e-03  -1.9655095e-04   1.6354888e-03
   7.1074032e-02   4.3727327e-01  -8.2547434e-01   1.1156627e-04  -2.2021037e-04   1.6892861e-03
   6.2242107e-02   3.9885210e-01  -7.8325493e-01  -2.1090588e-03  -1.0981819e-04   1.7963413e-03
   5.1231259e-02   3.8618010e-01  -7.6870624e-01  -8.7082663e-04  -6.5926965e-04   1.8509866e-03
   6.3962900e-02   4.3684440e-01  -8.1662746e-01  -1.8142337e-03  -4.1854761e-04   1.7695613e-03
   6.6425179e-02   4.6979814e-01  -7.5874810e-01  -7.0699849e-04  -1.8317246e-03   9.8177057e-04
   1.8928721e-01   3.9380396e-01  -1.0927882e+00   1.0154229e-03  -1.8441738e-03   3.0101006e-03
   1.4449889e-01   7.1790064e-01  -1.3163439e+00   2.1611811e-02  -9.3687216e-03   8.6984270e-03
   1.5161057e-01   4.4372125e-01  -1.3396468e+00   9.0521237e-03  -7.0498508e-03   4.7737399e-03
   1.3933764e-01   5.0037767e-01  -1.2252482e+00   9.6650943e-03  -6.3413653e-03   4.7886291e-03
   1.4316348e-01   5.2624765e-01  -1.2235811e+00   9.4491076e-03  -6.0306422e-03   4.7596817e-03
   1.3555045e-01   5.1505864e-01  -1.1630542e+00   7.7383629e-03  -5.7017021e-03   4.6277346e-03
   1.3409437e-01   4.7640317e-01  -1.1225612e+00   7.5036610e-03  -5.5072281e-03   4.5434884e-03
   1.2339781e-01   4.9162590e-01  -1.1191856e+00   6.6833584e-03  -6.0821220e-03   4.4203774e-03
   1.2995530e-01   4.7527239e-01  -1.1164585e+00   6.4594744e-03  -5.8455866e-03   4.5695738e-03
   1.4131983e-01   5.2244370e-01  -1.1676877e+00   7.0057413e-03  -5.6187364e-03   4.8537895e-03
   1.3462579e-01   4.9405626e-01  -1.1501846e+00   7.8998795e-03  -6.9493737e-03   4.7798031e-03
   1.3575466e-01   5.0608850e-01  -1.1438536e+00   7.3158189e-03  -6.2801079e-03   5.2650441e-03
   1.3203015e-01   5.3493611e-01  -1.1826862e+00   7.8873443e-03  -6.2926938e-03   5.1001257e-03
   1.3842971e-01   5.4744085e-01  -1.1606459e+00   6.4818765e-03  -6.6942825e-03   5.0937687e-03
   1.3066639e-01   5.1831008e-01  -1.1678014e+00   6.6452874e-03  -6.3654405e-03   5.1088808e-03
   1.3663256e-01   5.6989998e-01  -1.2241282e+00   5.7568964e-03  -6.0813709e-03   5.0059041e-03
   1.4330181e-01   5.3118951e-01  -1.1939286e+00   6.0682968e-03  -6.2519189e-03   4.8612351e-03
   1.4097782e-01   5.6384674e-01  -1.2166379e+00   5.9600953e-03  -5.7372721e-03   4.6922472e-03
   1.3617253e-01   5.9200407e-01  -1.2873499e+00   6.4988716e-03  -5.3989876e-03   4.7868915e-03
   1.4197821e-01   5.8652380e-01  -1.2525140e+00   6.4780416e-03  -5.7850905e-03   4.7839374e-03
   1.3874111e-01   5.8612835e-01  -1.2425140e+00   6.5724362e-03  -5.9335057e-03   4.6496955e-03
   1.3872854e-01   5.7651527e-01  -1.2565917e+00   6.7315636e-03  -5.6719102e-03   4.6060560e-03
   1.3207155e-01   5.5685981e-01  -1.2687594e+00   5.3116264e-03  -5.6574434e-03   4.5003547e-03
   1.3510861e-01   5.4572649e-01  -1.2488562e+00   5.8409357e-03  -5.5131698e-03   4.6019266e-03
   1.3483907e-01   5.4076011e-01  -1.2462018e+00   6.4999487e-03  -5.5290847e-03   4.6391399e-03
   1.4222230e-01   5.6027030e-01  -1.2600744e+00   6.2433370e-03  -5.9749446e-03   4.6662555e-03
   1.4476517e-01   5.5949554e-01  -1.2312956e+00   4.9766017e-03  -5.9098981e-03   4.6129400e-03
   1.4828417e-01   5.1391750e-01  -1.2177707e+00   4.3707784e-03  -5.9099292e-03   4.4817973e-03
   1.5606399e-01   5.2999863e-01  -1.2119486e+00   4.9662420e-03  -5.2409864e-03   4.4196732e-03
   1.5650703e-01   5.4499550e-01  -1.2371330e+00   5.2207992e-03  -5.5833299e-03   4.4168435e-03
   1.5271900e-01   5.2710683e-01  -1.2155760e+00   4.1947537e-03  -5.8430270e-03   4.4189247e-03
   1.4764239e-01   5.2907140e-01  -1.1975628e+00   4.0671211e-03  -5.6740347e-03   4.3660636e-03
   1.4256764e-01   5.2973490e-01  -1.2090586e+00   4.4067763e-03  -5.5613640e-03   4.5566508e-03
   1.5467450e-01   5.3532667e-01  -1.2520366e+00   5.6162103e-03  -5.8481139e-03   4.7050448e-03
   1.5400592e-01   5.3620526e-01  -1.2128627e+00   4.6408596e-03  -6.1138314e-03   4.6487422e-03
   1.4710977e-01   5.2871829e-01  -1.2133068e+00   4.3216720e-03  -5.9225258e-03   4.6744621e-03
   1.4786637e-01   5.2005996e-01  -1.2551679e+00   3.6444436e-03  -5.8490451e-03   4.5993397e-03
   1.4923958e-01   5.4636619e-01  -1.2708779e+00   3.3929165e-03  -5.5874554e-03   4.4819943e-03
   1.5031522e-01   5.4069809e-01  -1.2329536e+00   3.7731595e-03  -5.6498013e-03   4.3560286e-03
   1.4137310e-01   5.2871459e-01  -1.2269255e+00   4.6531416e-03  -5.7594673e-03   4.3974907e-03
   1.5763755e-01   5.5456508e-01  -1.2556938e+00   4.9630625e-03  -5.9827548e-03   4.5585570e-03
   1.5401225e-01   5.5606252e-01  -1.2172582e+00   3.2665066e-03  -6.0455652e-03   4.5343513e-03
   1.4412592e-01   5.3556373e-01  -1.2278506e+00   3.3807226e-03  -6.0897358e-03   4.6330369e-03
   1.4789285e-01   5.1758000e-01  -1.2392481e+00   4.0788330e-03  -5.5274334e-03   4.5788446e-03
   1.5560320e-01   6.0606939e-01  -1.2410823e+00   4.0520854e-03  -5.9588665e-03   4.2598948e-03
   1.3386360e-01   5.5708482e-01  -1.2513794e+00   4.4341571e-03  -5.8288027e-03   4.2078899e-03
   1.3341529e-01   5.4565351e-01  -1.2110357e+00   2.3520937e-03  -6.4384655e-03   3.9461799e-03
   1.1407688e-01   5.2976673e-01  -1.2210190e+00   4.3318192e-03  -5.7696416e-03   3.9063343e-03
   1.3490653e-01   5.5684563e-01  -1.2671806e+00   2.7941569e-03  -6.1135956e-03   4.3212730e-03
   1.4172704e-01   5.5464658e-01  -1.1155338e+00   5.9731784e-03  -6.1930343e-03   4.8364266e-03
   2.0878221e-01   4.3063062e-01  -7.7859144e-01   6.3059024e-03  -4.8060424e-03   4.4818151e-03
   1.7492953e-01   4.7646351e-01  -1.0409718e+00   5.1654697e-03  -4.5675671e-03   4.4925866e-03
   1.6951685e-01   5.4114904e-01  -1.3476106e+00   3.4288007e-03  -3.6016563e-03   3.5502901e-03
   1.7023640e-01   5.1096130e-01  -1.1898758e+00   1.9152675e-03  -3.8891757e-03   3.2821675e-03
   1.7243961e-01   5.1030618e-01  -1.2963212e+00   1.6850475e-03  -3.4218736e-03   3.4068121e-03
   1.5301570e-01   4.9826781e-01  -1.1574207e+00   2.4721762e-03  -3.9958247e-03   2.8555456e-03
   1.4811639e-01   5.3164467e-01  -1.1763936e+00   3.0727227e-03  -4.3494695e-03   3.0067920e-03
   1.2519974e-01   5.0234483e-01  -1.1508631e+00   3.0882329e-03  -4.3380799e-03   3.1102609e-03
   1.2464455e-01   5.1239119e-01  -1.1464685e+00   2.5223004e-03  -4.9607887e-03   3.4983450e-03
   1.0897534e-01   4.7088550e-01  -1.0828901e+00   2.1390834e-03  -5.1704681e-03   3.1296435e-03
   1.0765322e-01   5.0802553e-01  -1.1113017e+00   1.3038959e-03  -4.9317710e-03   2.9870420e-03
   9.9337957e-02   4.8839452e-01  -1.0805875e+00   1.9991149e-03  -4.7594403e-03   2.8520256e-03
   9.5094882e-02   4.9199218e-01  -1.1016656e+00   1.7916216e-03  -4.3090971e-03   2.8315996e-03
   1.0797780e-01   4.9518646e-01  -1.0733609e+00   1.8011088e-03  -4.5358440e-03   2.9376655e-03
   1.0548408e-01   5.2312340e-01  -1.0369747e+00   3.1087106e-03  -5.0717710e-03   3.3892310e-03
   8.7914045e-02   4.1535767e-01  -8.8940116e-01   5.9618760e-05  -4.8912692e-03   3.4271912e-03
   9.2829495e-02   4.1778584e-01  -9.1155942e-01   1.6477189e-04  -4.6629566e-03   2.9555530e-03
   8.8447209e-02   4.3856885e-01  -9.0039628e-01   1.1247012e-04  -4.4701421e-03   2.9017962e-03
   8.7046009e-02   4.4990847e-01  -9.3369305e-01   2.0689092e-04  -4.6675515e-03   2.9324115e-03
   8.5031782e-02   4.2790721e-01  -9.3401547e-01   1.7668768e-04  -4.6067581e-03   3.0319290e-03
   8.8490523e-02   4.2740562e-01  -8.9174422e-01   2.5735491e-04  -4.6451506e-03   2.8980644e-03
   9.0796205e-02   4.2361259e-01  -9.1119493e-01   1.4167808e-04  -4.7508977e-03   2.9241655e-03
   8.9652821e-02   4.1304359e-01  -9.5357753e-01  -5.8103216e-04  -4.5857230e-03   2.9212527e-03
   8.6386684e-02   4.1519536e-01  -9.3254652e-01  -1.3702486e-03  -4.2844866e-03   2.7334442e-03
