   0.0000000e+00   0.0000000e+00   0.0000000e+00   0.0000000e+00   0.0000000e+00   0.0000000e+00
   4.6800540e-03   1.3089113e-02   4.8336697e-02  -5.6813153e-04   1.7403200e-05  -3.3318761e-04
  -8.5956204e-03   1.8176282e-02   6.4724159e-02  -3.3891560e-04  -1.3828237e-04  -4.7097129e-04
  -1.9407437e-02   9.0914081e-03   9.0355461e-02  -8.3070046e-04   6.0804571e-04  -8.3061926e-04
  -7.3255989e-03  -6.5394061e-03   9.9657311e-02  -1.4543221e-04  -5.4480232e-04  -6.5477365e-04
  -5.2123640e-03   1.6947746e-02   1.2528407e-01  -5.2564871e-04  -9.6725615e-05  -6.6933471e-04
  -7.8220387e-03   2.6248909e-02   6.7963465e-02  -2.4115566e-04  -3.7034894e-04  -3.3311506e-04
  -1.1403779e-02   3.4474061e-02   7.1515221e-02   2.2650930e-03  -2.5173581e-04  -3.6390630e-04
  -1.8228416e-02   7.5421348e-02   2.3712705e-02   1.3902054e-03   8.2695417e-04  -9.4261532e-04
  -1.3522309e-02   3.2704517e-02   3.2728484e-02  -9.5377065e-05   7.9859485e-04  -8.3902094e-04
   8.0194598e-03   4.2610746e-02   1.9807588e-02   1.4077815e-03   5.5653444e-04  -7.5287558e-04
   9.9894218e-03   3.6888475e-02   4.9495973e-02   3.5539851e-03  -3.7707275e-04  -4.0537821e-04
   1.1024912e-02   1.2253083e-01  -2.2407872e-02   2.9555207e-03  -7.7882470e-04  -6.5846797e-04
  -8.1237498e-03   9.8256900e-03   2.5730672e-02   2.7649933e-03   1.3852266e-04  -1.3541371e-03
  -2.0134125e-02   7.6946063e-02  -3.3709786e-02   2.5622521e-03  -5.2855171e-05  -7.6217062e-04
  -2.4155896e-02   7.4989007e-02  -2.7241953e-02   2.9711363e-03  -6.3532932e-04  -7.9873062e-04
  -2.0219508e-02   9.3247655e-02  -7.3457148e-02   1.9380620e-03  -7.4731040e-04  -5.0252743e-04
  -4.7129791e-02   1.1925418e-01  -1.6291316e-02   4.4418607e-03  -1.0433219e-03   5.6694810e-04
  -4.8750343e-02   4.5353870e-02  -9.5651656e-02   1.1970297e-03  -1.0320307e-03   2.0618272e-04
   6.3032574e-02   1.5091267e-02  -7.5477475e-02   3.4745516e-03   5.4425112e-04  -1.4301337e-03
   5.9655465e-02   3.3696243e-02   2.1765411e-01   3.4119110e-04  -4.5986774e-04  -1.0209676e-05
   7.5006635e-02  -1.1096103e-02   5.4532801e-01   1.6362621e-03   1.4511304e-03   2.0757686e-03
   3.1426303e-02   7.6874314e-02  -4.6243967e-01   6.3860481e-03  -6.9485643e-04   1.8720464e-03
  -1.3365824e-02   1.8519959e-01  -6.6063572e-01   1.1296483e-02  -7.3954481e-04   1.5977777e-03
  -3.0425069e-03   2.2212245e-01  -7.2617747e-01   9.5323380e-03  -1.4510678e-03   9.8478746e-04
   6.6500103e-02   2.6262602e-01  -5.4485497e-01   1.3561587e-02   6.4332118e-04  -1.1158280e-03
   3.6915757e-02  -3.2958674e-02  -5.3416118e-01   1.8623396e-02  -2.7277247e-03  -6.9207799e-04
   1.4245628e-01   8.6735190e-02  -9.1909085e-01   1.1041030e-02  -7.0202741e-03   3.1689285e-03
   6.6879840e-02   1.6563616e-01  -8.6165107e-01   1.3229693e-02  -6.8870786e-03   3.1883065e-03
   1.0477501e-01   2.0157953e-01  -8.2988861e-01   1.4026626e-02  -6.4718793e-03   3.7292704e-03
   1.1067565e-01   2.0725289e-01  -8.0742301e-01   1.2044528e-02  -5.8787650e-03   3.2070637e-03
   1.0697175e-01   1.9907315e-01  -7.8494022e-01   1.1317286e-02  -5.7586757e-03   3.1662681e-03
   1.1452256e-01   1.9457149e-01  -9.0007062e-01   1.3351125e-02  -5.8185195e-03   3.4676887e-03
   1.0805256e-01   1.8083476e-01  -8.0956707e-01   1.2799958e-02  -5.9737274e-03   3.3751164e-03
   1.2218733e-01   2.2483115e-01  -8.1463761e-01   1.2170260e-02  -5.3055597e-03   3.0329305e-03
   1.1737428e-01   2.9050254e-01  -8.5375276e-01   1.3036140e-02  -5.9752157e-03   2.9537197e-03
   9.6712100e-02   2.2822538e-01  -9.7436327e-01   1.2306776e-02  -5.5199639e-03   3.2978769e-03
   7.9062422e-02   3.0728009e-01  -8.8170654e-01   1.2516587e-02  -6.0512174e-03   2.2888551e-03
   1.0494264e-01   2.6716117e-01  -8.1487709e-01   1.2136725e-02  -5.4396552e-03   2.4380570e-03
   6.8842655e-02   2.8773111e-01  -6.2263603e-01   1.2929564e-02  -6.9082297e-03   3.0912387e-03
   6.1033390e-02   2.3950856e-01  -7.1662323e-01   1.1396596e-02  -6.0718015e-03   3.0703464e-03
   7.8668547e-02   2.5809146e-01  -7.3901017e-01   1.0776540e-02  -6.2158173e-03   2.7433095e-03
   8.0522791e-02   2.6550541e-01  -7.4746926e-01   1.1258127e-02  -5.8372758e-03   2.5798193e-03
   8.3084679e-02   2.7214281e-01  -7.7777119e-01   1.1725415e-02  -5.6089672e-03   2.6397493e-03
   5.7596926e-02   2.7031980e-01  -7.0402558e-01   1.0187568e-02  -5.4717647e-03   2.4191979e-03
   2.6867630e-02   2.3494524e-01  -6.8802057e-01   9.5469330e-03  -5.9258545e-03   1.5224036e-03
   3.8549876e-02   1.5696655e-01  -6.5926137e-01   8.2369259e-03  -4.9318391e-03   2.3108075e-03
   4.2460474e-02   2.0674578e-01  -6.3249716e-01   4.3830329e-03  -4.2715979e-03   1.5544465e-03
   5.4359832e-02   1.9116206e-01  -6.7193013e-01   5.0328684e-03  -3.6373409e-03   1.9587800e-03
   4.7001950e-02   1.6722573e-01  -6.4000270e-01   3.9384755e-03  -3.4049141e-03   1.7623901e-03
   5.2683860e-02   2.0503889e-01  -6.8766205e-01   4.3568618e-03  -3.4865281e-03   1.8166131e-03
   4.3802082e-02   2.2108888e-01  -6.8362751e-01   4.9238460e-03  -3.2091118e-03   1.4614003e-03
   4.2716060e-02   2.0152193e-01  -6.9507497e-01   6.3663049e-03  -3.1478324e-03   1.6312013e-03
   1.9971188e-02   2.4290534e-01  -7.0885030e-01   6.8782394e-03  -3.3790636e-03   1.7902062e-03
  -9.4991019e-03   2.3750508e-01  -6.6737245e-01   7.4203199e-03  -3.0959576e-03  -2.3667608e-04
   6.6390705e-02   2.6804035e-01  -7.2075160e-01   5.8367162e-03  -2.7714734e-03   1.3310917e-03
   5.1996914e-02   2.2060097e-01  -6.9238271e-01   3.6378017e-03  -3.4521554e-03   1.3419103e-03
   4.0060546e-02   2.1867193e-01  -6.9856409e-01   5.1905721e-03  -3.3596878e-03   1.6793167e-03
   4.1513159e-02   2.5949995e-01  -7.0624150e-01   4.9584699e-03  -3.3683259e-03   1.4822692e-03
   4.1355015e-02   2.4904101e-01  -6.7820126e-01   5.1673856e-03  -3.9585500e-03   1.1244236e-03
   4.8478657e-02   3.0926894e-01  -6.6618772e-01   8.4189170e-03  -3.8477307e-03   1.1282213e-03
   5.1107827e-02   7.3034004e-01  -1.3388271e-01   1.6819251e-02  -1.5319236e-03   8.8990243e-04
   6.9632924e-02   5.3312835e-02  -6.1638990e-01   1.4176664e-02  -2.1622295e-04   1.7646897e-03
   8.2492916e-02   1.4557650e-01  -3.7988338e-01   1.1676823e-02  -1.4504349e-03   1.6449797e-03
   3.0965812e-02   1.5449985e-01  -1.7039775e-01   1.0537115e-02  -2.0649518e-03   1.5423105e-03
   3.6628823e-02   1.8142433e-01  -1.6457885e-01   1.0300554e-02  -1.5845359e-03   1.2309344e-03
   4.7120947e-02   1.7743843e-01  -1.3288244e-01   8.2539425e-03  -1.2012849e-03   1.1716035e-03
   4.1161804e-02   8.2330085e-02  -1.3808512e-01   1.0074530e-02  -5.8652793e-04   1.0171200e-03
   6.7623358e-02   1.8878024e-01  -1.9294625e-01   8.9685339e-03  -9.4410069e-04   8.6167671e-04
   6.8057117e-02   2.1303798e-01  -2.5120876e-01   8.9082894e-03  -7.3803636e-04   6.9732366e-04
   4.8215918e-02   1.0208615e-01  -2.4736393e-01   8.7288903e-03  -4.4464304e-04   4.5394613e-04
   4.9561439e-02   2.0403488e-01  -2.6062222e-01   7.8268145e-03  -7.7679084e-05   4.2709522e-04
   3.8510833e-02   2.0796022e-01  -2.4373472e-01   8.3019179e-03  -1.2637274e-04   4.2383405e-04
   2.7043925e-02   1.1139812e-01  -2.4208897e-01   9.7052114e-03  -3.5041178e-04   3.9680888e-04
   3.3559607e-02   1.9535182e-01  -2.3483579e-01   8.6356718e-03  -4.5808284e-04   4.1355537e-04
   2.4024496e-02   1.6939735e-01  -2.3652585e-01   8.4759933e-03  -8.0627309e-04   4.1275696e-04
   2.7402969e-02   1.3969905e-01  -2.7400995e-01   8.4457180e-03  -5.9295530e-04   2.9750417e-04
   2.4012550e-02   1.9352149e-01  -2.4382780e-01   8.4908174e-03  -6.6573692e-04   4.0307282e-04
   1.6509087e-02   1.8702410e-01  -2.2309160e-01   8.5479377e-03  -5.5637471e-04   3.2508421e-04
   1.4515991e-02   1.5881049e-01  -2.3748414e-01   8.0015313e-03  -3.4176809e-04   3.8818706e-04
   2.2777905e-02   1.7981149e-01  -2.1566054e-01   7.8327733e-03  -8.2211099e-04   4.7913976e-04
   1.1098603e-02   1.7528813e-01  -1.9592594e-01   7.9846323e-03  -4.9727840e-04   5.6350332e-04
   2.3203536e-02   2.0748390e-01  -2.2389553e-01   7.7212917e-03  -3.8280785e-04   5.5790776e-04
   2.7961700e-02   1.7842639e-01  -2.1427942e-01   7.3009291e-03  -4.2521076e-04   3.9353094e-04
   2.4482618e-02   1.6741700e-01  -1.9798556e-01   7.4823272e-03  -1.9437770e-04   3.1887649e-04
   2.7369216e-02   2.3739601e-01  -2.4520747e-01   7.4298848e-03  -1.2983016e-04   3.6396859e-04
   2.0426259e-02   1.7103974e-01  -2.0771726e-01   8.0827476e-03  -2.8697075e-04   3.5737731e-04
   1.8944473e-02   1.6331027e-01  -2.0174665e-01   9.2638528e-03  -3.2124419e-04   4.0766196e-04
   2.8045292e-02   2.2723807e-01  -2.0934516e-01   7.4196253e-03  -9.7852648e-04   2.6150676e-04
  -5.5139109e-03   1.2849440e-01  -7.9717993e-02   5.6091033e-03  -9.2446942e-04   2.6454632e-04
   5.4227268e-02   1.7472851e-01  -8.4480274e-02   6.6731267e-03   1.7703313e-04   1.9373255e-03
   5.8602067e-02   1.8113027e-01  -1.2769650e-01   8.2560480e-03   2.2081844e-04   4.5765686e-04
   3.0740221e-02   1.4267450e-01  -2.1874069e-01   8.1670211e-03   1.9602231e-04   3.3746740e-04
   2.3566670e-02   2.0386070e-01  -2.7931882e-01   8.2333674e-03   2.0217770e-04  -3.4390503e-04
   3.2832803e-02   2.3463305e-01  -2.8043969e-01   9.4562676e-03   5.4316521e-04  -3.0622605e-04
   3.4254406e-02   2.4719847e-01  -3.1899416e-01   9.3761313e-03   4.8571883e-04  -2.9519911e-04
   3.3647171e-02   2.2853848e-01  -2.6015673e-01   9.6759226e-03   3.7357995e-04   6.4081671e-05
   2.7000382e-02   2.3533921e-01  -2.5180885e-01   9.8167370e-03   7.9169030e-05   3.5392324e-05
   1.5127915e-02   2.1440988e-01  -2.3980594e-01   1.0220619e-02   2.9487358e-04   3.2390541e-06
   1.7526351e-02   2.1491551e-01  -2.7797178e-01   9.5772386e-03   8.0246130e-04   8.2449650e-04
   6.9792940e-03   1.8721275e-01  -2.6925411e-01   1.0525952e-02   7.4538597e-04   8.5739912e-04
   9.1016494e-03   2.2396496e-01  -2.8056217e-01   9.8577977e-03   8.2675398e-04   6.2765810e-04
   1.0394290e-02   2.0142170e-01  -2.4353366e-01   9.3653515e-03   8.7232142e-04   4.2910270e-04
   1.5730037e-03   1.5810788e-01  -2.3271187e-01   9.8348511e-03   3.5772176e-04   3.3671221e-04
   1.0742868e-02   2.1428884e-01  -2.7192405e-01   8.9284929e-03   5.9394288e-04   3.8678972e-04
   3.1098210e-03   1.6184294e-01  -2.2020667e-01   1.0104124e-02   6.5478813e-04   4.0145936e-04
   8.5380848e-03   2.1303974e-01  -2.6366310e-01   9.7061894e-03   1.6581283e-03   5.3661807e-04
   2.1898123e-02   1.8879330e-01  -2.1074481e-01   8.5189993e-03   1.6964149e-03  -3.8230318e-04
  -2.7115904e-03   1.0485224e-01  -1.3131846e-01   7.8773153e-03  -7.0284287e-04   1.1462310e-03
  -3.5150781e-04   4.0315550e-02   1.4782382e-01   7.6233012e-03  -1.9172551e-03   2.3240177e-03
  -4.8978363e-02   9.4371431e-02  -1.0690558e-01   6.8992743e-03   1.9246504e-04   1.5962867e-03
   3.2507515e-03   8.7200725e-02  -5.0347784e-02   5.8074023e-03   1.2655043e-03   9.3086862e-04
  -1.8844597e-02   1.2858351e-01  -1.1825832e-01   6.3877047e-03   1.9577551e-03   1.2938149e-03
  -3.3786309e-02   1.2302448e-01  -1.2980107e-01   5.4799216e-03   2.2607148e-03   1.1085375e-03
  -4.5255721e-02   1.2416960e-01  -1.3769817e-01   6.3115745e-03   2.3623560e-03   1.0260414e-03
  -3.8203337e-02   1.7340420e-01  -1.0832065e-01   4.3903695e-03   2.3551477e-03   1.0511612e-03
  -5.6161702e-02   1.1640823e-01  -9.7251068e-02   5.3926236e-03   2.2013207e-03   8.8103341e-04
  -5.6007167e-02   9.7533837e-02  -9.2590917e-02   4.9124906e-03   2.2977434e-03   1.0026262e-03
  -5.5042755e-02   1.6210207e-01  -9.6267008e-02   4.5461891e-03   2.5765356e-03   1.0931568e-03
  -4.6903965e-02   9.8423528e-02  -1.0120958e-01   5.0253308e-03   2.5312197e-03   1.0316226e-03
  -3.8737526e-02   1.3967066e-01  -1.2567771e-01   4.8543750e-03   2.7679579e-03   9.8476000e-04
  -4.7484172e-02   1.7438678e-01  -1.1848555e-01   4.9352178e-03   2.9042331e-03   1.0062723e-03
  -4.6102719e-02   1.4632503e-01  -1.7510779e-01   3.7817006e-03   3.1005861e-03   8.2552897e-04
  -5.5641759e-02   1.1833199e-01  -1.4464926e-01   4.6339968e-03   2.8648691e-03   8.6681589e-04
  -4.8434833e-02   1.5615056e-01  -1.7646848e-01   4.5947887e-03   2.3804008e-03   1.0481680e-03
  -5.7431589e-02   1.5038289e-01  -1.6150653e-01   4.5573890e-03   2.2045753e-03   1.0995036e-03
  -6.2857028e-02   1.4524321e-01  -1.7025860e-01   5.6509340e-03   2.4281437e-03   1.0378911e-03
  -5.0252144e-03   2.9121015e-01  -3.4199695e-01   6.7573044e-03   2.5497493e-03   1.2695937e-03
  -1.3410355e-02   2.3575063e-01  -3.5244022e-01   6.1836192e-03   1.9526713e-03   1.1034513e-03
  -1.0882965e-02   1.9038007e-01  -3.1872460e-01   4.3212944e-03   2.3467008e-03   1.0958362e-03
  -2.6216374e-02   1.6192588e-01  -2.7103901e-01   3.9409035e-03   2.5293342e-03   8.6427811e-04
  -2.7694144e-02   1.7160475e-01  -2.6216644e-01   4.7730468e-03   2.5513365e-03   8.3846588e-04
  -3.0754146e-02   1.6546369e-01  -2.5789857e-01   5.3198615e-03   2.6074173e-03   9.0939556e-04
  -2.9223736e-02   1.1961398e-01  -2.2178048e-01   3.9345445e-03   2.1939881e-03   8.0909203e-04
  -2.5856205e-02   1.4526945e-01  -1.9279623e-01   4.0590012e-03   2.5550586e-03   8.1258145e-04
  -2.8157200e-02   1.7734491e-01  -2.3624614e-01   3.7456790e-03   2.5320144e-03   7.5654603e-04
  -2.3064783e-02   1.2445991e-01  -1.9835831e-01   3.4005957e-03   1.6578618e-03   6.3894198e-04
  -2.8762890e-02   1.6907795e-01  -2.3107796e-01   3.8921941e-03   1.9154249e-03   8.4852742e-04
  -1.2828849e-02   1.1725315e-01   5.0411845e-02   3.1697347e-03   1.9053058e-03   1.1575586e-03
   4.8411741e-02   1.0601855e-01  -1.8735125e-01   4.1724900e-03   1.9401105e-03   1.5362935e-03
   5.9701858e-03   1.8145410e-01  -5.6955391e-01   4.9503680e-03   2.3312982e-03   1.1865699e-03
  -3.0755229e-03   2.2042571e-01  -5.3866009e-01   4.5303623e-03   2.4937295e-03   9.4406504e-04
  -1.5923480e-02   1.8710110e-01  -5.0737172e-01   4.4150251e-03   2.6178134e-03   8.3980165e-04
  -1.6512071e-02   2.1499918e-01  -4.9173667e-01   5.8143001e-03   2.2926312e-03   8.3668976e-04
  -1.9223297e-02   2.1946593e-01  -5.1477873e-01   3.7380483e-03   2.4721687e-03   8.7985189e-04
   2.0021927e-02   2.0059587e-01  -2.9577331e-01   5.2142158e-03   2.7225417e-03   1.4009223e-03
   1.2379467e-02   1.7765942e-01  -3.2928018e-01   7.5697884e-03   2.6913870e-03   1.2272339e-03
  -1.0572906e-02   1.8618505e-01  -2.2436391e-01   5.6984272e-03   2.4309281e-03   1.1541387e-03
  -4.5559385e-03   1.5881735e-01  -1.2499239e-01   5.9905489e-03   2.4794920e-03   1.1186249e-03
   1.1193529e-02   2.1725353e-01  -4.1563008e-01   6.3473344e-03   1.8643845e-03   1.0915782e-03
  -6.3904221e-03   1.6208687e-01  -2.3460446e-01   6.0765581e-03   1.8204119e-03   1.0164724e-03
   4.8304039e-03   2.2600272e-01  -2.4137245e-01   5.6471746e-03   1.7492437e-03   1.3293816e-03
  -2.7712397e-03   1.5113208e-01  -5.9962741e-02   4.5960815e-03   2.3053300e-03   1.2253271e-03
  -9.6755738e-03   1.3024089e-01  -9.1942507e-02   5.4064911e-03   2.1650612e-03   1.0937468e-03
  -1.4925951e-02   2.0982791e-01  -4.3058892e-02   4.4740822e-03   2.4591696e-03   1.4408949e-03
  -2.9268532e-02   7.5099616e-02  -2.3777449e-02   5.2222268e-03   1.4887315e-03   9.3767400e-04
  -2.7040083e-02   1.3085464e-01  -7.6466166e-03   3.6554236e-03   1.6909312e-03   1.0040784e-03
  -3.1482269e-02   1.3862581e-01   1.5224675e-02   4.6464862e-03   1.8957044e-03   1.0801079e-03
  -2.9841074e-02   1.4530051e-01  -8.4964563e-03   4.2789296e-03   1.5870915e-03   9.9618861e-04
  -2.8471188e-02   1.3301063e-01   5.5664327e-02   5.3400109e-03   1.5715203e-03   9.5909398e-04
  -2.5334811e-02   1.1383038e-01   5.5101162e-02   4.8380883e-03   1.5589038e-03   1.1715117e-03
  -1.5607944e-02   1.1244856e-01   3.6532329e-02   3.6980139e-03   1.5154788e-03   1.0715263e-03
  -3.1045236e-02   8.0776141e-02   6.1224905e-02   3.6855864e-03   1.8305327e-03   8.3726361e-04
  -6.1328478e-02   1.2583308e-01   5.0759622e-02   4.0046352e-03   1.7733384e-03   1.9396827e-04
  -4.3172981e-02   1.0951606e-01   5.0976108e-02   3.4118742e-03   1.5999717e-03   5.1847851e-04
  -5.7192553e-02   1.0293045e-01   7.2477161e-02   4.6009727e-03   1.1625919e-03   6.5034440e-04
  -3.9830182e-02   7.8727267e-02   4.3899108e-02   3.9793782e-03   7.8227560e-04   8.0433794e-04
  -4.4754803e-02   1.0070707e-01   9.6168880e-02   2.9181349e-03   9.4001229e-04   8.5924574e-04
  -4.5604941e-02   8.6645967e-02   8.3876935e-02   3.5999898e-03   9.0670548e-04   7.2076093e-04
  -4.9815787e-02   9.6161778e-02   5.3620324e-02   2.7459152e-03   9.8286651e-04   8.5327018e-04
  -5.4041460e-02   9.7401388e-02   1.1890664e-01   3.2656185e-03   1.4880857e-03   5.6919110e-04
  -5.8545083e-02   9.1978270e-02   1.7171975e-01   3.2684602e-03   9.9238487e-04   7.5840292e-04
  -6.8306226e-02   6.1129053e-02   1.9276853e-01   2.2123201e-03   8.3250573e-04   7.1175118e-04
  -6.3199497e-02   6.0707340e-02   1.4473977e-01   2.9093056e-03   1.0705474e-03   7.7753043e-04
  -6.0126971e-02   8.3575048e-02   1.1715499e-01   2.6135681e-03   7.7453479e-04   7.4829078e-04
  -5.5578234e-02   5.6594794e-02   1.5457849e-01   3.3001458e-03   5.7445058e-04   8.1479078e-04
  -3.1925105e-02   1.0463206e-01   1.4384680e-01   3.5274945e-03   6.3991056e-04   1.6095163e-03
  -3.9250971e-02   8.0037088e-02   1.5722190e-01   2.5791836e-03   8.6210140e-04   1.0068923e-03
  -5.7461832e-02   6.9238616e-02   1.7162626e-01   4.1285481e-03   9.1204571e-04   8.0423750e-04
  -5.2321075e-02   8.6864660e-02   1.4729048e-01   3.9538397e-03   8.3293670e-04   7.5004212e-04
  -5.8197124e-02   7.2578037e-02   1.8087612e-01   3.9211470e-03   8.0182611e-04   7.7816182e-04
  -5.4364945e-02   7.2112608e-02   1.7748057e-01   3.3259789e-03   8.3276691e-04   8.8130853e-04
  -5.6259037e-02   8.7173327e-02   1.6932133e-01   2.6137303e-03   9.5564737e-04   8.2509850e-04
  -6.2951867e-02   5.3208225e-02   1.8841127e-01   3.1575425e-03   8.9423678e-04   8.3381458e-04
  -5.4266508e-02   9.7010215e-02   1.5341951e-01   1.8918154e-03   9.4006006e-04   9.0547097e-04
  -5.7328399e-02   8.5350143e-02   1.6829341e-01   2.2847737e-03   7.8814394e-04   7.8862724e-04
  -5.2785444e-02   9.7387726e-02   1.4246015e-01   3.1041677e-03   5.5445437e-04   9.2067050e-04
  -4.8501237e-02   1.2396637e-01   1.7403303e-01   2.5881958e-03  -8.5375717e-05   1.4457548e-03
