   0.0000000e+00   0.0000000e+00   0.0000000e+00   0.0000000e+00   0.0000000e+00  -6.9388939e-18
  -2.6973145e-03   1.6158013e-02   4.6258046e-02  -8.1276152e-04  -3.1335592e-04  -7.5606704e-05
  -5.6822302e-03  -3.0121381e-03  -3.9457338e-03  -3.8213129e-03  -8.7926681e-04  -8.3587787e-04
  -7.5833039e-02   1.4181986e-01   2.4732250e-01  -1.6723353e-03  -3.0861683e-03   4.2770971e-04
  -1.2826254e-01   1.0782900e-01   2.8066969e-01   1.5008224e-04  -3.5116912e-03   6.5400169e-04
  -8.9614737e-02   1.0162904e-01   1.9925521e-01   1.0186524e-03  -3.2403487e-03   6.3653697e-04
  -8.7924961e-02   1.1923394e-01   2.5533636e-01   9.6720535e-04  -2.8680201e-03   1.0603715e-03
  -5.9308824e-02   1.2602979e-02   2.4497573e-02  -2.3111657e-03  -3.4543220e-03   1.0874692e-04
  -8.0568897e-02   1.0560628e-01  -2.3114899e-01  -7.1951428e-03  -3.1375523e-03   5.7385820e-04
  -7.6278921e-02   2.9525838e-02  -3.4689259e-01  -7.7346953e-03  -3.5191674e-03  -1.8984625e-04
  -5.2632623e-02  -2.0192400e-03  -3.4541402e-01  -6.2496192e-03  -3.3126773e-03  -1.4642102e-04
  -3.4847867e-02   1.2630148e-02  -3.6740173e-01  -6.5613269e-03  -3.1692383e-03  -1.3116419e-04
  -2.8599629e-02  -3.2244058e-02  -4.0080445e-01  -9.3792383e-03  -3.6078335e-03  -1.6546437e-03
  -2.5395215e-02   7.4673654e-02  -2.8001849e-01  -7.5351131e-03  -2.4520465e-03  -1.3044323e-03
  -6.7526491e-02   3.4544013e-02  -2.3606037e-01  -6.5015386e-03  -3.1006007e-03  -1.1817843e-03
  -5.2979381e-02   9.3193326e-02  -2.2118758e-01  -8.1769127e-03  -3.0345761e-03  -1.6016100e-03
  -5.8722675e-02   1.8567250e-01  -2.1509858e-01  -7.6951250e-03  -3.5968148e-03  -9.6038527e-04
  -5.2318818e-02  -1.0821034e-02  -4.9262439e-01  -8.1866235e-03  -3.3176681e-03  -1.4619212e-03
  -6.0198760e-02   3.5762377e-02  -5.9233580e-01  -1.1862353e-02  -3.8640288e-03  -1.2758153e-03
  -6.2486897e-02   6.3553349e-02  -5.1300562e-01  -1.0299232e-02  -3.5677072e-03  -1.0774769e-03
  -4.5274365e-02   1.5318844e-02  -4.7974043e-01  -9.6993269e-03  -3.6785838e-03  -1.4354273e-03
  -3.7801923e-02   6.1237429e-02  -4.9762951e-01  -8.2911999e-03  -3.9098724e-03  -1.6356748e-03
  -3.1209330e-02   8.3194867e-02  -4.9471411e-01  -7.1036885e-03  -3.9414217e-03  -2.1391508e-03
  -5.3090645e-03   1.1885490e-01  -3.5886194e-01  -6.3749969e-03  -4.1450358e-03  -2.2328266e-03
  -2.4927394e-02   1.4346773e-01  -3.5045323e-01  -1.0863913e-02  -4.5475339e-03  -1.9908011e-03
  -3.5133866e-01  -8.0451074e-01  -4.9674271e-01  -4.9720507e-02  -9.4282441e-03  -3.8596613e-03
  -3.2269893e-01  -9.4408885e-01  -7.0557533e-01  -5.3689641e-02  -9.4533172e-03  -2.7459251e-03
  -2.7518304e-01  -9.6954901e-01  -7.4185488e-01  -5.4240724e-02  -9.3480169e-03  -2.3645132e-03
  -2.4769294e-01  -9.9003784e-01  -7.1253365e-01  -5.3581543e-02  -8.9999149e-03  -2.3328172e-03
  -2.6765257e-01  -1.0396919e+00  -6.9818667e-01  -5.4800042e-02  -9.2477851e-03  -2.4792972e-03
  -2.6876956e-01  -1.0598542e+00  -6.5549447e-01  -5.3289671e-02  -8.6738099e-03  -2.0805259e-03
  -3.0702392e-01  -1.0724195e+00  -6.2772602e-01  -5.3913018e-02  -9.2948604e-03  -2.4893171e-03
  -3.0520321e-01  -1.1685410e+00  -6.1465420e-01  -5.3678651e-02  -8.9981345e-03  -2.1423594e-03
  -2.9489831e-01  -1.1666912e+00  -5.8752782e-01  -5.4054270e-02  -8.8218635e-03  -1.6516177e-03
  -2.6592008e-01  -1.1489250e+00  -5.7893450e-01  -5.5052246e-02  -8.3001580e-03  -1.8903473e-03
  -2.8952867e-01  -1.2497380e+00  -5.4570260e-01  -5.2735206e-02  -7.9409421e-03  -2.1485871e-03
  -2.8073869e-01  -1.2285128e+00  -5.0841286e-01  -5.1823074e-02  -7.6666900e-03  -1.4621293e-03
  -2.7586467e-01  -1.0483414e+00  -3.4542464e-01  -4.6892712e-02  -7.2979232e-03   8.2831316e-04
  -2.9875887e-01  -1.3162158e+00   3.7614801e-02  -4.0704521e-02  -9.6530465e-03   1.3015833e-03
  -3.6950050e-01  -1.3251509e+00  -9.0267053e-02  -3.9412845e-02  -7.3577964e-03  -2.7947133e-03
  -3.7152383e-01  -1.2640386e+00  -1.9273884e-01  -3.8597346e-02  -6.7352032e-03  -2.7604044e-03
  -3.2643048e-01  -1.0875645e+00  -9.5638318e-02  -3.6773247e-02  -5.7250024e-03  -2.0584191e-03
  -3.3763505e-01  -1.0955118e+00  -1.5168185e-01  -3.5680197e-02  -5.9585363e-03  -2.3413753e-03
  -2.9313268e-01  -1.0465250e+00  -1.8446107e-01  -3.7345684e-02  -5.5653136e-03  -1.9899302e-03
  -2.5097855e-01  -9.9772134e-01  -9.2019425e-02  -3.3577683e-02  -5.6518119e-03  -1.6386104e-03
  -2.5169712e-01  -1.1530773e+00  -9.2380157e-02  -3.4243974e-02  -4.5761948e-03  -2.1520558e-03
  -2.2254270e-01  -1.0655517e+00  -1.8054455e-02  -3.4048544e-02  -4.1342177e-03  -2.3930840e-03
  -3.2950653e-01  -1.4388072e+00   8.4095626e-02  -3.7866099e-02  -5.0861853e-03  -1.5590895e-03
  -3.3230265e-01  -1.5552749e+00  -5.4733055e-02  -3.9396750e-02  -5.2168250e-03  -2.3260521e-03
  -3.4283355e-01  -1.6491789e+00  -1.0143637e-02  -3.6416607e-02  -4.7606952e-03  -2.6669692e-03
  -3.3008007e-01  -1.4000540e+00   4.2646635e-02  -3.6724127e-02  -4.6362432e-03  -2.0637693e-03
  -3.1672106e-01  -1.1724523e+00   3.2732641e-01  -3.4813585e-02  -5.0377335e-03  -1.6425614e-03
  -2.5676128e-01  -1.3796300e+00   3.2149018e-01  -3.5694275e-02  -4.2404008e-03  -1.2892582e-03
  -2.3827663e-01  -1.3269395e+00   3.3293333e-01  -3.1898054e-02  -3.7812184e-03  -9.6835034e-04
  -2.0521025e-01  -1.2940954e+00   3.5395023e-01  -3.3592392e-02  -3.1187472e-03  -7.5947054e-04
  -2.4666897e-01  -1.3382203e+00   3.5802281e-01  -3.5355356e-02  -2.5260271e-03  -1.7945109e-03
  -2.5524758e-01  -1.1563498e+00   2.0795114e-01  -2.9648109e-02  -2.4016972e-03  -8.9505951e-04
  -2.0882163e-01  -9.0542368e-01   5.5089066e-01  -2.7372011e-02  -3.1007909e-03  -2.9723325e-03
  -1.7934017e-01  -9.2730179e-01   5.6293958e-01  -3.0276514e-02  -4.0317207e-03  -1.0144700e-03
  -1.7641303e-01  -8.4082573e-01   4.4306945e-01  -2.5939321e-02  -3.9480645e-03  -1.7535306e-03
  -1.9462995e-01  -7.3392752e-01   5.8899742e-01  -2.4197865e-02  -5.0052285e-03  -1.8693343e-03
  -2.0050006e-01  -7.6118456e-01   6.3747229e-01  -2.3929450e-02  -4.9756763e-03  -2.0176400e-03
  -1.7720234e-01  -7.2059577e-01   6.1395193e-01  -2.1186921e-02  -5.2907603e-03  -2.0116246e-03
  -1.7610699e-01  -6.9494363e-01   5.7470428e-01  -1.9296899e-02  -4.9263593e-03  -1.9545523e-03
  -1.6831545e-01  -6.2085200e-01   4.8593280e-01  -2.1638341e-02  -3.7056408e-03  -1.1464459e-03
  -2.2176191e-01  -5.5727660e-01   4.0777203e-01  -2.1036593e-02  -3.7853332e-03  -1.4269408e-03
  -2.3341935e-01  -5.3891146e-01   4.1222068e-01  -1.7352104e-02  -3.0830333e-03  -1.6351971e-03
  -2.2317230e-01  -4.5289922e-01   4.5116973e-01  -1.4771206e-02  -2.5033101e-03  -1.5319096e-03
  -2.1480076e-01  -4.2865130e-01   4.5315191e-01  -1.1767159e-02  -3.1923338e-03  -1.3519604e-03
  -2.0713407e-01  -3.1621240e-01   5.5295203e-01  -1.3091489e-02  -3.5100667e-03  -6.8701846e-04
  -2.2542823e-01   1.9884057e-02   6.7379798e-01  -2.8059022e-02  -5.3142882e-03   1.0207730e-03
  -2.4362669e-01   1.2654672e-01   7.5071648e-01  -3.5307625e-02  -5.7454648e-03   2.0522233e-03
  -4.2173901e-01  -3.0441138e-01   1.8178610e-01  -3.2626481e-02  -7.9553971e-03  -6.6149049e-04
  -1.9180269e-01   1.4259602e-02   3.3329302e-01  -9.0340568e-03  -4.1308319e-03  -3.2570419e-03
  -1.7807167e-01  -2.6838774e-02   3.9006496e-01  -8.1528246e-03  -2.9128800e-03  -2.6386736e-03
  -1.4196962e-01  -1.5203010e-01   3.2777164e-01  -7.8318070e-03  -2.9436626e-03  -2.5349146e-03
  -1.2029683e-01  -1.5507861e-01   3.5484344e-01  -7.1512574e-03  -2.4078235e-03  -2.6708834e-03
  -1.3779932e-01  -1.4955473e-01   4.0677531e-01  -7.1715773e-03  -2.8305725e-03  -2.4977418e-03
  -1.5414036e-01  -2.0878015e-01   4.8751111e-01  -4.5504909e-03  -3.3556245e-03  -2.5379786e-03
  -1.6143069e-01  -2.1734130e-01   5.3886481e-01  -3.8538759e-03  -4.3839102e-03  -3.1817540e-03
  -1.6676157e-01  -2.2122839e-01   5.4284815e-01  -2.3634077e-03  -4.7249552e-03  -3.3241740e-03
  -1.9396007e-01  -2.4975158e-01   4.6414718e-01  -3.4420437e-03  -4.5619461e-03  -3.6924597e-03
  -1.9802674e-01  -1.7914669e-01   5.5466003e-01  -1.8098806e-03  -4.4325318e-03  -3.3946955e-03
  -2.0854848e-01  -1.7250441e-01   5.4388055e-01   1.1036162e-03  -4.6066442e-03  -3.1901275e-03
  -2.0615347e-01  -2.0328149e-01   5.1471662e-01   7.0810923e-04  -4.2185030e-03  -3.2854073e-03
  -2.2543909e-01  -1.4217230e-01   5.2874760e-01   1.8455842e-04  -4.4318738e-03  -3.0642096e-03
  -2.2570524e-01  -2.2541445e-01   4.9520037e-01  -6.6513596e-04  -4.0829907e-03  -3.5018404e-03
  -2.0626692e-01  -1.2225863e-01   5.3158184e-01  -6.3162873e-04  -4.0201664e-03  -3.0989225e-03
  -2.2366556e-01  -1.6276233e-01   5.5800457e-01   5.7636470e-04  -4.6271229e-03  -2.8834019e-03
  -2.1233682e-01  -1.1325611e-01   6.7486617e-01   4.7781442e-03  -4.5974940e-03  -3.5000318e-03
  -2.0322489e-01  -5.3933073e-02   7.1840224e-01   3.8238936e-03  -4.5429612e-03  -3.2007270e-03
  -1.7310448e-01  -1.3303163e-01   7.6526489e-01   6.6172836e-03  -4.1887069e-03  -3.2828853e-03
  -1.2061470e-01  -3.1491324e-02   8.4734063e-01   1.0791872e-02  -4.8728639e-03  -3.2065428e-03
  -1.5221838e-01  -2.9438511e-02   7.9659139e-01   7.7763267e-03  -4.8320095e-03  -3.1329437e-03
  -1.6277964e-01  -1.2923952e-01   7.2629380e-01   7.7786245e-03  -5.1647338e-03  -3.2043365e-03
  -1.6038344e-01  -2.7472594e-02   7.5997583e-01   7.7977694e-03  -4.9717199e-03  -3.2422046e-03
  -1.7221175e-01  -5.2709877e-02   7.6569595e-01   8.7109758e-03  -4.9245004e-03  -3.1786055e-03
  -1.5532939e-01  -7.7691586e-02   8.0738687e-01   1.0117682e-02  -5.3772425e-03  -3.4835881e-03
  -1.2856644e-01  -1.4282530e-02   9.5434545e-01   1.1881773e-02  -5.9260567e-03  -3.3586475e-03
  -6.9877361e-02  -2.9793539e-02   9.8668235e-01   1.4014861e-02  -6.3370015e-03  -2.9309903e-03
  -1.1781286e-01  -2.2317131e-02   9.0184442e-01   9.8631812e-03  -6.2569081e-03  -2.5803132e-03
  -1.2319405e-01   6.6677169e-02   5.3870323e-01   4.9741399e-03  -5.8231644e-03  -1.9381801e-03
  -1.1443187e-01   3.7130610e-02  -1.9080268e-01  -1.2337095e-03  -4.3073670e-03  -7.7381426e-04
  -1.0464252e-01   6.1216586e-02  -1.6129150e-01   2.4612939e-03  -3.9850826e-03  -4.5073512e-04
  -1.2005051e-01   6.5633822e-02  -1.2787723e-01   2.0085605e-03  -4.7281610e-03  -9.6475257e-04
  -1.1148508e-01   8.6769549e-02   1.4005981e-02   5.7392665e-03  -4.2412302e-03  -6.1108392e-04
  -1.3942685e-01   1.8565844e-01   3.5403212e-01   1.0125643e-02  -5.1983182e-03  -6.4623970e-04
  -1.5450304e-01   5.9349913e-02   4.5047507e-01   1.1172485e-02  -5.5620064e-03  -1.3918668e-03
  -1.6365337e-01   6.8852717e-02   4.6873751e-01   1.0523138e-02  -5.8130542e-03  -1.4710186e-03
  -1.6086783e-01   8.3879863e-02   5.5034085e-01   1.2080009e-02  -5.9363952e-03  -1.3788080e-03
  -1.5030957e-01   5.9559269e-02   6.3415978e-01   1.3475423e-02  -6.3505209e-03  -1.8571212e-03
  -1.4246524e-01   8.7978698e-02   6.6643541e-01   1.3885053e-02  -6.0569412e-03  -1.1943224e-03
  -1.4193807e-01   5.3986953e-02   6.5481790e-01   1.4465879e-02  -5.7194014e-03  -8.1147768e-04
  -1.6608609e-01   3.1551794e-02   6.0414665e-01   1.2433488e-02  -5.3764438e-03  -1.2574747e-03
  -1.8753574e-01   1.4395821e-01   5.3941236e-01   9.6619014e-03  -5.2398202e-03  -2.4577179e-04
  -2.1110956e-01   1.1981347e-01   5.4200036e-01   1.2558045e-02  -5.5463931e-03  -3.5513961e-04
  -2.2195496e-01   1.5411328e-01   6.1189828e-01   1.4567217e-02  -6.0319313e-03  -4.2086214e-04
  -2.0933668e-01   1.6526518e-01   5.8935320e-01   1.5758748e-02  -5.7007282e-03   1.1164337e-04
  -1.0309614e-01   1.7269124e-01   8.4500005e-01   2.0179362e-02  -5.4817951e-03  -2.0711509e-04
  -1.5139978e-01   1.3527471e-01   7.4681427e-01   1.6820293e-02  -5.5790105e-03  -5.4019702e-04
  -2.0638103e-01   1.4820925e-01   5.6710452e-01   1.3932145e-02  -6.0963614e-03  -4.2824214e-04
  -1.8805259e-01   8.2142245e-02   5.2395192e-01   1.4577735e-02  -5.4893031e-03  -8.4981453e-04
  -1.8585374e-01   1.8525297e-01   5.6338914e-01   1.6176933e-02  -5.6075348e-03   1.8139213e-04
  -1.9595085e-01   9.4097377e-02   5.6310492e-01   1.4658207e-02  -5.2172993e-03  -1.1915574e-03
  -1.9566931e-01   1.3355311e-01   5.7977734e-01   1.5242916e-02  -4.9770886e-03  -5.1783085e-04
  -1.9918971e-01   1.4244020e-01   5.7740957e-01   1.5288609e-02  -5.1778493e-03  -4.7570110e-04
  -1.9153137e-01   1.2631193e-01   6.8901395e-01   1.7139168e-02  -5.1804170e-03  -6.5265519e-04
  -1.8828043e-01   1.0591038e-01   7.9735457e-01   1.6524424e-02  -4.8589374e-03  -7.7223644e-04
  -1.8539032e-01   9.0590364e-02   6.8394791e-01   1.6327002e-02  -5.0425575e-03  -7.2291427e-04
  -1.8530630e-01   1.2206307e-01   7.2731101e-01   1.5011503e-02  -5.3501598e-03  -4.3760778e-04
  -1.7497369e-01   7.1369039e-02   6.1912519e-01   1.6443556e-02  -5.2817570e-03  -1.0317701e-03
  -1.7843204e-01   1.4340321e-01   6.8391348e-01   1.4847976e-02  -5.4560292e-03  -5.6659592e-04
  -1.8279463e-01   8.0684825e-02   6.6607699e-01   1.6219243e-02  -5.4754834e-03  -7.1951470e-04
  -1.7282991e-01   1.1491940e-01   6.9760019e-01   1.5255987e-02  -5.4081232e-03  -4.9230596e-04
  -1.7343362e-01   1.2487316e-01   6.8611181e-01   1.5253158e-02  -5.1113841e-03  -4.7503819e-04
  -1.3366089e-01   6.4288226e-02   7.4857968e-01   1.7804293e-02  -5.6482776e-03  -1.0573780e-03
  -1.1691088e-01   1.6055834e-01   9.4358491e-01   1.9349505e-02  -5.5196093e-03  -9.3267533e-04
  -7.9743573e-02   8.8052222e-02   8.6777556e-01   1.9269993e-02  -5.3922613e-03  -5.6795816e-04
  -1.0445893e-01   5.3605504e-02   8.8272238e-01   2.0354088e-02  -6.5295998e-03  -1.1178899e-03
  -1.4015435e-01   1.2905941e-01   8.1150770e-01   1.6676882e-02  -6.9543768e-03  -9.3895990e-04
  -1.5952046e-01   1.0543356e-01   7.1814709e-01   1.7402186e-02  -6.8334245e-03  -8.7635462e-04
  -1.4203726e-01   5.1734686e-02   7.7012622e-01   1.9458888e-02  -7.3261501e-03  -1.3163117e-03
  -1.5806730e-01   1.6045269e-01   9.1904619e-01   2.0510944e-02  -7.7181140e-03  -1.2074635e-03
  -1.0820399e-01   1.2570327e-01   8.8359329e-01   2.0855691e-02  -7.4075848e-03  -1.2974236e-03
  -1.4710157e-01   1.2737146e-01   8.6340165e-01   2.0381464e-02  -7.3003739e-03  -1.0935799e-03
  -1.5840149e-01   1.8221302e-01   8.9195787e-01   1.9871865e-02  -7.2062542e-03  -9.4666957e-05
  -1.5639347e-01   7.5117314e-02   8.8918985e-01   2.1065573e-02  -5.9916586e-03   9.0756171e-06
  -1.3973444e-01   1.3278213e-01   9.3975957e-01   2.1541866e-02  -6.7570950e-03  -4.6076100e-04
  -1.2342231e-01   1.3885903e-01   9.9390701e-01   2.1582628e-02  -7.0311815e-03  -4.9492950e-04
  -1.1671156e-01   1.1352629e-01   8.9819255e-01   2.0804722e-02  -7.1327751e-03  -1.3465897e-03
  -1.3049881e-01   1.2591110e-01   9.3069181e-01   1.9463577e-02  -7.2142842e-03  -9.5694145e-04
  -1.3858175e-01   1.0895877e-01   8.7436588e-01   1.9485244e-02  -7.5006832e-03  -1.1118828e-03
  -1.4508335e-01   9.6505159e-02   8.7240721e-01   2.0838372e-02  -7.5695597e-03  -1.2161740e-03
  -1.4585651e-01   1.9034676e-01   9.3810154e-01   2.0154259e-02  -7.9095976e-03  -1.1601341e-03
  -1.4906168e-01   9.2660138e-02   9.3490952e-01   2.1581217e-02  -7.8175636e-03  -9.2315564e-04
  -1.6253784e-01   1.3435105e-01   9.8523372e-01   2.2054656e-02  -7.8048466e-03  -6.0839499e-04
  -1.3248058e-01   1.4544844e-01   1.0338384e+00   2.2106659e-02  -7.6742955e-03  -6.9151440e-04
  -7.8313447e-02   4.2840544e-02   9.8769347e-01   2.3057357e-02  -7.6188320e-03  -4.0439926e-04
  -9.8818979e-02   1.0247560e-01   1.0912160e+00   2.3579630e-02  -7.9407096e-03  -2.7376330e-04
  -1.3312826e-01   8.0912553e-02   1.0001459e+00   2.0832548e-02  -8.3000744e-03  -1.0136041e-03
  -1.4932106e-01   3.2142675e-02   8.9007257e-01   2.1113571e-02  -8.1471931e-03  -1.0671428e-03
  -1.4150338e-01   1.6280252e-01   9.2905295e-01   1.9580526e-02  -8.7701080e-03  -1.1278743e-03
  -1.6464892e-01   6.7226550e-02   8.9647492e-01   2.1619567e-02  -8.5891798e-03  -1.2630338e-03
  -1.5927331e-01   1.5880220e-01   9.6617385e-01   2.1720963e-02  -8.8236117e-03  -1.2586386e-03
  -1.7030288e-01   1.5008697e-01   9.8965431e-01   2.2606709e-02  -8.6510858e-03  -9.5367206e-04
  -1.6548725e-01   9.5008321e-02   1.0771900e+00   2.3249692e-02  -8.3382430e-03  -1.2435944e-03
  -1.5442635e-01   1.1026756e-01   1.0586196e+00   2.3187479e-02  -8.6989712e-03  -1.4337932e-03
  -1.6970782e-01   1.8358605e-01   9.5811553e-01   2.0101937e-02  -9.2818947e-03  -1.0964151e-03
  -1.9441623e-01   7.0753975e-02   9.3927315e-01   2.2008001e-02  -9.1036208e-03  -1.0993666e-03
  -1.9066476e-01   1.2767507e-01   9.1350562e-01   2.2100466e-02  -9.2326029e-03  -1.3286214e-03
  -1.8715660e-01   2.0682884e-01   9.4125179e-01   2.0449606e-02  -9.3452158e-03  -1.2670394e-03
  -2.0020013e-01   1.4445838e-01   8.9030617e-01   2.2034532e-02  -9.1812111e-03  -1.2748094e-03
  -1.9881006e-01   1.5262125e-01   9.0960682e-01   2.2486499e-02  -9.1031877e-03  -1.1578467e-03
  -2.2792609e-01   3.4108625e-01   1.0967358e+00   2.2012735e-02  -1.0154552e-02  -1.9282255e-04
  -3.4580114e-01   5.8297280e-01   1.1648340e+00   1.1702103e-02  -1.0388156e-02   1.2129481e-03
  -3.1047232e-01   4.1337453e-01   8.2237304e-01   1.4331998e-02  -1.1154039e-02   9.9117597e-04
  -3.5243910e-01   3.6236367e-01   8.9048459e-01   1.5685655e-02  -8.9563569e-03   3.9795534e-04
  -3.3925032e-01   4.3567617e-01   7.0656837e-01   1.0087095e-02  -7.6673095e-03   1.2367470e-03
  -2.3736880e-01   4.6983746e-01   7.1917878e-01   6.9446672e-03  -7.4829762e-03   1.8399458e-03
  -2.7619688e-01   4.0743271e-01   5.6645573e-01   6.5989779e-03  -5.4277661e-03   1.8664138e-03
  -2.6892356e-01   4.9511994e-01   3.7658287e-01   6.0343022e-03  -4.7006602e-03   1.7761569e-03
  -2.4551122e-01   5.2783261e-01   1.3963999e-01   2.7973391e-03  -3.9679344e-03   2.1936579e-03
  -2.3010399e-01   5.7100051e-01   1.1511007e-01   3.6980340e-03  -3.5641087e-03   2.1298491e-03
  -2.1665797e-01   5.9639401e-01   1.3272669e-01   3.1803297e-03  -3.7165850e-03   1.9813156e-03
  -2.2580189e-01   6.2015626e-01   1.2627284e-01   4.3789136e-03  -4.0879859e-03   2.1303146e-03
  -2.2734797e-01   6.4987326e-01   1.2956330e-01   4.0783046e-03  -3.9673551e-03   2.0412326e-03
  -2.1904050e-01   6.4297545e-01   1.0097686e-01   2.1802974e-03  -4.0642198e-03   2.0227525e-03
  -1.9138512e-01   5.5610603e-01  -2.7318696e-03   7.0550618e-03  -4.6715241e-03   2.4284900e-03
