   0.0000000e+00   0.0000000e+00   0.0000000e+00   0.0000000e+00  -2.1684043e-19   0.0000000e+00
  -1.6557913e-02  -1.1828962e-01  -1.6418207e+00  -1.1769248e-02  -1.4119327e-03   5.9589093e-04
  -1.6573281e-02   2.2089766e-01  -9.2736278e-01  -9.5384645e-03  -1.4543556e-03   1.1447141e-03
  -2.3006580e-02   1.5124660e-01  -7.5214224e-01  -1.1299408e-02  -2.8384591e-04   9.3851214e-04
  -5.3837329e-02   1.3738982e-01  -7.3578470e-01  -9.6598575e-03   1.7918700e-04   1.2460377e-03
  -5.4224683e-02   1.5269613e-01  -7.4310598e-01  -8.5860346e-03   9.1046321e-04   1.7649530e-03
  -4.9345767e-02   2.3465768e-01  -5.2441015e-01  -5.4677051e-03   4.3041071e-04   1.6773552e-03
   1.4448169e-03   1.8276941e-01  -6.0083162e-01  -8.0570755e-03   6.3850003e-04   9.8534249e-04
  -8.1984277e-03   1.7033529e-01  -5.3801013e-01  -7.3650635e-03   3.8428780e-04   8.2295064e-04
  -1.8781929e-02   1.6480428e-01  -5.2559984e-01  -5.5604993e-03  -1.3659202e-04   7.4581642e-04
  -2.4675113e-02   1.6669431e-01  -3.7240988e-01  -3.6842084e-03  -3.3815066e-04   6.7741953e-04
  -1.6297071e-02   1.3669904e-01  -3.3598794e-01  -3.5707208e-03  -9.8392901e-04   5.8439066e-04
  -3.5690423e-02   2.0497222e-01  -3.4942373e-01  -3.0013484e-03  -3.9498010e-04   1.1891896e-03
  -4.0298320e-02   2.7794887e-02  -4.1852120e-01  -4.8540706e-03  -1.1977983e-03   8.2124546e-04
  -2.9824085e-02   1.4461182e-01  -5.1657164e-01  -4.0779305e-03  -1.1715701e-03   1.0141257e-03
  -7.1805160e-02   1.6160687e-01  -3.7674401e-01  -3.1483193e-03  -1.0541206e-03   8.5039772e-04
  -3.5971352e-02   1.0730644e-01  -2.2997334e-01  -7.7800791e-04  -1.6891040e-03   5.0143456e-04
  -2.2818937e-02   1.1443976e-01  -8.8084293e-02   9.5207098e-04  -8.3351276e-04   8.0745856e-04
  -3.4803850e-02   1.6984074e-01  -2.1386369e-01  -3.0915829e-03  -1.2658388e-03   1.1302398e-03
  -5.6689514e-02   2.2107250e-01  -3.4723222e-01  -5.0045050e-03  -9.5904095e-04   1.3414391e-03
  -6.4950467e-02   2.4701540e-01  -4.4046966e-01  -5.2324122e-03  -3.1608776e-04   1.4655464e-03
  -3.4951595e-02   2.0987802e-01  -2.1495500e-01   7.7647423e-04  -1.8990273e-05   1.3430410e-03
  -1.7289269e-02   1.4300475e-01  -2.0343293e-02   1.0573531e-03  -4.7453242e-04   1.1220652e-03
  -3.7050506e-02   1.2248700e-01  -1.1269289e-01   1.4531812e-03  -4.9978516e-04   1.5598822e-03
   9.3629035e-03   1.0009501e-01   8.2146408e-03   2.5421276e-03  -4.5618815e-05   7.1497595e-04
   4.3124881e-02   8.9239941e-02   3.0996419e-01   3.8592976e-03   1.0442872e-03   3.8801874e-04
   3.8510081e-02   6.1814249e-02   2.0340422e-01   2.6560041e-03   3.4497739e-04   5.9409013e-04
   4.7739603e-02   6.7476302e-02   3.5644028e-01   5.0798754e-03   4.6866975e-04   4.0565860e-04
   5.6022800e-02   4.5340331e-02   4.1439834e-01   3.5252209e-03   4.4060134e-04  -9.8498740e-05
   4.3281627e-02   3.8177616e-02   3.8475337e-01   4.2925359e-03   1.8939439e-04   1.2661358e-04
   5.7439534e-02   4.8770993e-02   5.5300424e-01   7.9612401e-03  -7.2717627e-04   4.2109790e-05
   6.5618314e-02   5.1360821e-02   5.4247185e-01   6.9757119e-03  -1.5034003e-03  -3.9955519e-04
   7.7649648e-02   1.3251763e-02   6.0269410e-01   8.3497754e-03  -1.4482231e-03  -2.7833427e-04
   6.4499949e-02  -3.6585604e-02   5.8547619e-01   7.4950093e-03  -1.4030989e-03  -5.9442172e-04
   5.2394737e-02   5.9479090e-02   5.2543838e-01   5.1450934e-03  -1.6431142e-03  -1.2168423e-04
   4.7740470e-02  -1.1142119e-02   3.8899885e-01   5.0861803e-03  -1.9294129e-03  -2.5548147e-04
   4.5311265e-02  -1.0337155e-02   4.5944810e-01   6.1433429e-03  -2.0293564e-03  -2.5651963e-04
   3.8206995e-02   7.7381531e-02   6.0868470e-01   7.1892371e-03  -2.3340701e-03  -6.9656985e-05
   4.3738887e-02  -1.9711266e-02   5.7371478e-01   7.5200646e-03  -2.1280474e-03  -7.8893144e-04
   3.8067944e-02   4.9705997e-02   5.3939085e-01   5.4305146e-03  -2.4227625e-03  -3.7418360e-04
   2.8474076e-02   1.3711642e-02   4.9888791e-01   6.7893227e-03  -2.3255470e-03  -2.1102614e-04
   7.7103265e-02  -1.3954884e-02   6.7751017e-01   9.5084206e-03  -1.5882089e-03  -1.4871761e-04
   8.5720234e-02   5.5009001e-02   6.5993505e-01   6.7633229e-03  -1.7062558e-03   1.9716750e-05
   8.0889964e-02  -1.8026813e-02   4.8766472e-01   6.3917916e-03  -1.8230434e-03   3.7568338e-04
   7.6524309e-02   6.8637028e-02   5.6199798e-01   6.6155981e-03  -1.7681502e-03   5.9538494e-04
   6.7663926e-02   4.9823659e-02   4.8368387e-01   6.7447366e-03  -2.0745214e-03   9.8208611e-04
   6.6166516e-02  -9.6022122e-03   4.9866981e-01   6.6528124e-03  -1.6007915e-03   2.3789485e-04
   6.6545193e-02   6.7458178e-02   5.5260141e-01   5.9247314e-03  -1.8325517e-03   4.4915891e-04
   6.7635086e-02  -7.7887636e-03   5.5951724e-01   7.9023129e-03  -1.5476323e-03   5.7569998e-04
   8.4883817e-02   4.5255369e-03   6.5966673e-01   8.5859523e-03  -2.0320212e-03   7.8813162e-04
   9.2598912e-02  -2.9973921e-03   6.9070986e-01   8.9539640e-03  -1.8421005e-03   8.7041983e-04
   9.9976607e-02  -3.5147263e-02   7.0676670e-01   8.9421420e-03  -2.2784130e-03   4.0560181e-04
   7.5682986e-02  -2.3366888e-02   6.1900283e-01   5.7921566e-03  -1.8059734e-03   4.6809531e-04
   6.6742927e-02   5.4716914e-02   5.4118227e-01   4.2706259e-03  -2.0807901e-03   7.3945766e-04
   5.2138847e-02   2.5164308e-02   5.0777672e-01   5.1870092e-03  -2.0432843e-03   8.4805392e-04
   5.4318134e-02   6.4780880e-02   4.7759292e-01   4.5811901e-03  -2.6010230e-03   6.0581460e-04
   4.4045639e-02   1.2649818e-01   5.3750804e-01   5.0603348e-03  -2.4380497e-03   7.4077459e-04
   2.9665271e-02   1.3769321e-01   4.6500066e-01   3.6397920e-03  -2.6106204e-03   9.4798073e-04
   2.7157677e-02   1.2644544e-01   4.5983179e-01   4.5130133e-03  -2.6376157e-03   1.2764304e-03
   2.3074854e-02   1.3759488e-01   4.5984478e-01   3.7402961e-03  -2.9922712e-03   9.2344049e-04
   1.8367828e-02   1.2204251e-01   4.5635039e-01   4.4319880e-03  -2.6127113e-03   1.0494878e-03
   2.1555403e-02   1.3060878e-01   4.1530480e-01   3.3624519e-03  -3.1398551e-03   9.0111433e-04
   7.9067156e-03   1.2079339e-01   4.2193693e-01   4.1297373e-03  -2.9234145e-03   1.0143613e-03
   3.9618306e-03   1.2747064e-01   3.8356008e-01   5.1705446e-03  -3.2266977e-03   9.5831225e-04
  -1.7009306e-02   2.2913658e-01   3.9925338e-01   2.8262340e-03  -3.3492929e-03   1.3918603e-03
  -3.8461805e-02   1.4248233e-01   3.0181443e-01   2.7151223e-03  -3.2418560e-03   1.4456547e-03
  -3.1884946e-02   2.1724671e-01   2.7849139e-01   1.3638656e-03  -3.6528102e-03   1.3574106e-03
  -5.4164658e-02   2.9477578e-01   8.0344540e-02   4.8713775e-04  -4.9007849e-03   1.5027641e-03
  -1.1547365e-01   1.8951151e-01  -2.9996905e-01  -8.6572714e-04  -4.9572592e-03   2.0540852e-03
  -1.5423183e-01   2.0563441e-01  -7.8247331e-01  -2.6189025e-03  -5.5071488e-03   2.4208851e-03
  -1.2813089e-01   3.1089935e-01  -4.8572561e-01  -2.2016785e-03  -6.2068192e-03   2.3115096e-03
  -1.2859708e-01   3.6438333e-01  -3.6577526e-01  -3.2342304e-03  -5.5705916e-03   2.0670752e-03
  -9.4685637e-02   1.8268907e-01  -4.2972432e-01  -2.5761136e-03  -5.7604681e-03   1.5972920e-03
  -8.6207041e-02   3.3781199e-01  -4.2971217e-01  -3.3937052e-03  -6.6115174e-03   1.4321966e-03
  -8.3827775e-02   1.9501294e-01  -4.5818005e-01  -5.9181487e-04  -6.3584647e-03   1.3514804e-03
  -5.7174286e-02   2.1417909e-01  -3.5775139e-01  -1.6918104e-03  -6.8839210e-03   1.1394674e-03
  -4.6644377e-02   2.8684080e-01  -4.2307872e-01  -5.0693012e-03  -7.0610366e-03   1.3121327e-03
  -6.6376811e-02   1.6501295e-01  -4.8992716e-01  -3.9305053e-03  -6.1225915e-03   1.7425014e-03
  -8.7390094e-02   1.6443253e-01  -4.8494276e-01  -1.6112444e-03  -5.6602805e-03   1.7898210e-03
  -8.7001910e-02   1.9557068e-01  -3.7170212e-01  -1.2016741e-03  -6.2641873e-03   1.6745532e-03
  -6.8101806e-02   1.8123208e-01  -2.9333241e-01   8.4305484e-05  -6.2359744e-03   1.3469982e-03
  -8.9327701e-02   2.4563805e-01  -5.2228745e-01  -3.8098113e-03  -5.5406681e-03   8.9237895e-04
  -4.0918347e-02   1.7397307e-01  -3.2744099e-01  -2.4554870e-03  -4.6212470e-03   5.8362296e-04
  -3.9044214e-02   2.6706206e-01  -2.3611421e-01  -2.2361464e-03  -5.1200699e-03   6.8062322e-04
  -5.8048995e-02   2.2811193e-01  -1.3773310e-01   1.2314770e-03  -4.0339310e-03   1.4938679e-03
  -6.1057587e-02   1.6520335e-01  -7.4459525e-02   6.5402709e-04  -4.4970354e-03   1.4838013e-03
  -8.2450917e-02   1.3942445e-01  -1.1978747e-01  -1.9200640e-04  -3.7424927e-03   1.4237683e-03
  -8.1877580e-02   1.8369144e-01  -2.9582754e-01  -2.0818694e-03  -4.1305470e-03   1.6967278e-03
  -4.1760972e-02   1.1184352e-01  -2.7291442e-01  -1.5008029e-03  -3.2823040e-03   1.9795577e-03
  -3.6293680e-02   2.1734166e-01  -2.6026170e-01  -1.5200420e-03  -3.0286975e-03   2.3709665e-03
  -2.6908628e-02   1.5747410e-01  -2.6378508e-01  -7.7756377e-04  -3.0677770e-03   2.2259664e-03
  -9.9384651e-03   1.5571718e-01  -2.4715377e-01  -8.3306276e-04  -2.8532224e-03   2.3069425e-03
  -2.5161213e-03   1.6289804e-01  -2.0221611e-01   3.9711272e-04  -2.8423003e-03   2.2823232e-03
   3.2721963e-03   2.1826380e-01  -1.4561123e-01  -2.2471043e-03  -2.6770238e-03   2.4242582e-03
  -9.1673958e-03   2.4799325e-01   4.5672224e-03  -1.2319437e-03  -1.6992388e-03   2.9138983e-03
   1.4126433e-02   2.2375828e-01  -2.3090013e-01  -2.7664560e-03  -1.7894884e-03   2.5597457e-03
   2.7873341e-02   2.2905577e-01  -2.9927415e-01  -2.6148768e-03  -1.3445004e-03   2.6473850e-03
   2.9040504e-02   2.4683771e-01  -3.6145387e-01  -2.1303365e-03  -1.8254450e-03   2.9929499e-03
   2.0548691e-02   2.3580058e-01  -4.1421321e-01  -4.3326652e-03  -2.0412727e-03   2.7669968e-03
  -5.4754148e-02   2.3561141e-01  -7.7845245e-01  -1.3061042e-02  -4.5597150e-03   2.6587669e-03
  -1.2330719e-01  -1.2480540e-01  -8.5068070e-01  -4.7319635e-02  -7.8364097e-03   1.5100406e-03
  -1.0309610e-01   1.3204316e-03  -1.1716841e+00  -5.2248431e-02  -7.4021517e-03   3.8003656e-04
  -1.3165593e-01  -6.3559574e-03  -1.1420715e+00  -5.3856264e-02  -6.9757051e-03   3.2680588e-04
  -1.5737366e-01   7.1261129e-02  -1.1300752e+00  -5.4001523e-02  -7.3129029e-03   7.2558333e-04
  -1.6704192e-01   2.8076259e-02  -1.1048690e+00  -5.3222035e-02  -7.1499537e-03   8.2764580e-04
  -1.6621828e-01   1.0560413e-01  -1.0143460e+00  -5.2094506e-02  -6.9273932e-03   1.5986287e-03
  -1.7138574e-01   2.3626639e-01  -9.5954637e-01  -5.0621304e-02  -7.3819087e-03   2.5100303e-03
  -2.0341681e-01   1.2183399e-01  -9.7458977e-01  -5.2431813e-02  -7.2630792e-03   2.5535878e-03
  -2.4609703e-01   1.2858386e-01  -1.0250470e+00  -5.2405643e-02  -7.7692402e-03   2.6584066e-03
  -2.4347757e-01   2.6247341e-01  -1.0839521e+00  -5.3540705e-02  -7.6422538e-03   2.9745198e-03
  -2.7851855e-01   1.2530300e-01  -1.1008358e+00  -5.2598328e-02  -7.2876916e-03   1.4836576e-03
  -2.8421819e-01   1.8964497e-01  -1.1084220e+00  -5.2508547e-02  -7.0466449e-03   2.2313984e-03
  -2.7475410e-01   3.1198671e-01  -1.0294774e+00  -5.2048830e-02  -6.8969798e-03   2.5289853e-03
  -1.6494915e-01   1.7994114e-01  -8.2196493e-01  -3.6209792e-02  -6.0159934e-03  -3.1798598e-04
  -1.3621899e-02   2.2192136e-01  -2.7389841e-01  -3.2497491e-02  -1.6367657e-03   3.2986629e-03
  -1.3992812e-01   1.0741679e-01  -1.5786022e-01  -3.6800297e-02  -2.5883572e-03   2.6210804e-03
  -2.1081014e-01  -5.0956368e-01  -7.2718621e-01  -5.4675240e-02  -4.7363200e-03   1.4438481e-03
  -1.7713568e-01  -7.1678078e-01  -1.1507007e+00  -5.5486146e-02  -4.7327361e-03   9.1673609e-04
  -2.0994470e-01  -1.2437718e+00  -1.3638424e+00  -5.2112738e-02  -1.3334968e-03   1.0613593e-03
  -2.7479005e-01  -1.5169700e+00  -1.0178893e+00  -5.0713648e-02  -2.5569944e-03   3.1869569e-03
  -1.9331488e-01  -1.0494540e+00  -1.0955812e+00  -4.8658685e-02  -2.3520206e-03   2.2269266e-03
  -2.0783899e-01  -1.1454982e+00  -1.0528015e+00  -4.8245751e-02  -2.3945288e-03   2.9290893e-03
  -2.1653168e-01  -7.0669098e-01  -1.0543405e+00  -5.1066059e-02  -3.3056286e-03   3.1362521e-03
  -2.2120202e-01  -7.6874947e-01  -1.0785840e+00  -4.9605403e-02  -2.3560211e-03   3.2889653e-03
  -2.4752409e-01  -1.2440892e+00  -1.2460234e+00  -5.5901188e-02  -2.8026565e-03   3.9761915e-03
  -2.5834243e-01  -1.1262301e+00  -1.3160089e+00  -5.3352300e-02  -3.0730005e-03   3.6725923e-03
  -2.3198175e-01  -1.0592523e+00  -1.3454462e+00  -5.2021589e-02  -3.1566179e-03   3.3696662e-03
  -2.0578179e-01  -1.0730344e+00  -1.3220454e+00  -5.1882928e-02  -2.9851631e-03   3.8976611e-03
  -2.4242874e-01  -1.1490028e+00  -1.3321623e+00  -4.4949474e-02  -3.6586775e-03   2.7169023e-03
  -2.5997604e-01  -1.0816982e+00  -1.2291203e+00  -5.0820552e-02  -2.8912289e-03   2.5669707e-03
  -2.5365800e-01  -1.0238944e+00  -1.2456115e+00  -5.1417308e-02  -3.2785620e-03   2.5736249e-03
  -2.5526767e-01  -1.0440389e+00  -1.2134952e+00  -5.0050420e-02  -2.8278484e-03   2.5202740e-03
  -2.4479377e-01  -9.2615021e-01  -1.1843751e+00  -4.7267904e-02  -3.0475259e-03   3.4238895e-03
  -2.2499662e-01  -8.1478420e-01  -1.1291261e+00  -4.8473097e-02  -3.5701921e-03   4.1952552e-03
  -1.9763333e-01  -9.3374524e-01  -1.2573115e+00  -4.8463648e-02  -2.8187791e-03   3.9609719e-03
  -1.6714963e-01  -8.9213044e-01  -1.3023207e+00  -4.6679493e-02  -1.8900978e-03   3.7406420e-03
  -1.3651230e-01  -7.6552558e-01  -1.1760014e+00  -4.3005047e-02  -1.1039334e-03   3.2909948e-03
  -1.5012653e-01  -8.2258625e-01  -1.1777743e+00  -4.3741864e-02  -1.4222647e-03   3.2379829e-03
  -1.7734077e-01  -8.8091675e-01  -1.2084496e+00  -4.2866774e-02  -1.3694467e-03   3.3103026e-03
  -1.9820252e-01  -7.5959345e-01  -1.2313274e+00  -4.3283844e-02  -1.9067611e-03   2.8144003e-03
  -1.4855373e-01  -8.7934117e-01  -1.3346664e+00  -4.6677086e-02  -7.6862399e-04   2.5024477e-03
  -1.1357634e-01  -7.8291951e-01  -1.2410771e+00  -4.7122427e-02  -5.0414652e-04   2.4284545e-03
  -1.0501345e-01  -7.2336262e-01  -1.4213571e+00  -4.7003520e-02  -8.7031784e-04   1.0151482e-03
  -1.1713038e-01  -7.5661047e-01  -1.4441202e+00  -4.5347525e-02   2.6048841e-04   2.3027330e-03
  -1.4848390e-01  -7.1901522e-01  -1.4034145e+00  -4.3882529e-02  -3.2668889e-05   2.5149019e-03
  -1.6704633e-01  -6.4213463e-01  -1.3491411e+00  -4.5083457e-02  -9.8731181e-04   2.0777813e-03
  -1.5942058e-01  -5.5341766e-01  -1.4198685e+00  -4.5670389e-02  -1.2367598e-03   3.2945915e-03
  -1.7068176e-01  -5.8856963e-01  -1.3716828e+00  -4.3784640e-02  -7.5050574e-04   3.1986177e-03
  -1.5433504e-01  -6.0460324e-01  -1.3809640e+00  -4.4329259e-02  -6.7836324e-04   3.2045342e-03
  -1.6870810e-01  -5.1416044e-01  -1.3833525e+00  -4.0802897e-02  -9.6880878e-04   2.6307604e-03
  -2.1639699e-01  -4.2774427e-01  -1.2416349e+00  -4.3137794e-02  -1.3235675e-03   2.1113537e-03
  -2.3473096e-01  -4.9190237e-01  -1.3456415e+00  -4.3555134e-02  -1.9582742e-03   2.0638538e-03
  -2.3898964e-01  -4.2793271e-01  -1.3663333e+00  -4.2671765e-02  -2.9872419e-03   2.3999199e-03
  -2.6116940e-01  -3.7867950e-01  -1.3940326e+00  -4.2402722e-02  -2.8159982e-03   2.4550138e-03
  -2.4601231e-01  -4.2651984e-01  -1.3350037e+00  -4.0872466e-02  -2.7024849e-03   2.3577589e-03
  -2.6929138e-01  -2.7201286e-01  -1.3441370e+00  -4.1340145e-02  -3.3058441e-03   2.0144700e-03
  -2.3632973e-01  -2.9125146e-01  -1.7806377e+00  -4.4986074e-02  -1.5739266e-03   2.2695999e-03
  -1.4280428e-01  -1.5584487e-01  -1.2530177e+00  -4.2887208e-02  -5.7452611e-04   3.7519666e-03
   2.9039311e-02  -2.2744621e-01  -1.2362807e+00  -4.1517835e-02   2.6095169e-04   1.1026256e-03
   4.1328720e-02  -2.3018341e-01  -1.1666543e+00  -3.8368818e-02   1.3232259e-03   1.7484256e-03
  -6.8843439e-03  -2.6665817e-01  -1.1676319e+00  -3.9725359e-02   1.0527629e-03   2.1159773e-03
  -1.5714177e-01  -3.0786211e-01  -1.4048202e+00  -4.3181311e-02   6.0272753e-04   3.2344973e-03
  -1.5584972e-01  -1.9760781e-01  -1.4956362e+00  -5.0284986e-02   1.6283795e-04   2.3035134e-03
  -1.4263948e-01  -9.0174754e-02  -1.4416536e+00  -4.8774304e-02   3.7114627e-04   3.7960603e-03
  -1.2370022e-01  -7.3459826e-02  -1.4607945e+00  -4.6579950e-02   6.9377118e-04   4.3733199e-03
  -1.2595466e-01  -9.0952501e-03  -1.5151049e+00  -4.6686979e-02   6.0718948e-04   4.5300203e-03
  -1.2735340e-01   2.8040777e-02  -1.5205277e+00  -4.8058879e-02   4.4787161e-04   4.6636027e-03
  -1.1885293e-01  -2.4641846e-02  -1.4892420e+00  -4.7084066e-02   7.0532564e-04   4.8297880e-03
  -1.3890465e-01  -7.2182485e-03  -1.5099325e+00  -4.6343511e-02   4.4388560e-04   5.0080700e-03
  -1.3035941e-01   1.4296055e-01  -1.2797107e+00  -4.4992262e-02  -6.6110695e-04   5.1175333e-03
  -1.0011440e-01   4.7142636e-02  -1.3502404e+00  -4.2384417e-02  -3.6925998e-04   5.5845702e-03
  -7.9090647e-02  -4.4217574e-02  -1.4845730e+00  -4.3145227e-02   1.4438343e-04   4.4760181e-03
  -3.9050195e-03  -2.4641201e-02  -1.4143823e+00  -4.4755929e-02   1.3840259e-04   4.6853217e-03
   5.5210880e-03  -8.2535120e-02  -1.4669996e+00  -4.7424606e-02  -1.9029092e-04   5.1291197e-03
  -1.3408429e-02  -8.7562920e-02  -1.3862011e+00  -4.8591086e-02  -3.8726451e-04   5.2760785e-03
  -1.2710883e-02   3.4381200e-02  -1.4971790e+00  -5.0557714e-02   5.0547894e-04   4.1885799e-03
   8.2421534e-03   7.1255467e-02  -1.4818594e+00  -5.0407576e-02   8.4779550e-04   5.2504459e-03
  -1.0133160e-02   1.1423875e-01  -1.5334404e+00  -5.0794305e-02   7.0079770e-04   4.7101364e-03
   4.6968894e-02   2.6348280e-01  -1.7481571e+00  -4.5619893e-02  -2.7802147e-04   4.9848605e-03
   9.5062398e-03   1.7564984e-01  -1.8978990e+00  -4.8557195e-02   1.9185812e-04   5.3683161e-03
  -6.1432717e-03   5.5914726e-02  -1.9403658e+00  -4.5754993e-02   6.3159050e-05   3.8054120e-03
  -2.7463827e-02   6.3751452e-02  -1.9715122e+00  -4.8332352e-02   5.1249606e-04   4.1036852e-03
  -4.8260474e-02   4.1315797e-02  -2.1655830e+00  -4.8931700e-02   5.2636666e-04   4.2452799e-03
  -4.6981241e-02   5.9328708e-03  -2.1367690e+00  -4.8324106e-02   7.6818183e-04   4.3026941e-03
  -4.3630710e-02   1.4333588e-02  -2.0941327e+00  -4.9339945e-02   5.0962798e-04   4.0119574e-03
  -7.1230053e-02   6.6715412e-02  -2.0678989e+00  -4.7808377e-02  -4.8273014e-05   3.8326393e-03
  -1.0591883e-01   7.9128098e-02  -2.1123964e+00  -4.8717976e-02   2.8815284e-04   2.6281121e-03
  -1.3403384e-01   2.5707100e-02  -2.1516317e+00  -4.8641052e-02  -4.3466971e-04   1.6789126e-03
