   0.0000000e+00   0.0000000e+00   0.0000000e+00   0.0000000e+00   0.0000000e+00   6.9388939e-18
  -2.8282129e-02  -7.7374424e-02  -9.9666175e-02  -3.0335169e-03  -1.5427877e-03  -7.1673610e-04
  -1.8701631e-01  -7.2407469e-01  -9.1124528e-01  -3.0196494e-02  -6.0405519e-03  -2.1607236e-03
  -1.8042109e-01  -6.2523870e-01  -1.0591250e+00  -3.0915828e-02  -4.0966083e-03  -3.5329704e-03
  -1.8188041e-01  -5.5258860e-01  -1.0476596e+00  -2.8748504e-02  -4.1855490e-03  -2.2147881e-03
  -1.8513457e-01  -5.6572607e-01  -9.9140116e-01  -2.7290664e-02  -4.0538701e-03  -3.0108318e-03
  -1.9116997e-01  -5.4926140e-01  -1.0151543e+00  -2.6431921e-02  -3.2799803e-03  -2.9984458e-03
  -1.8532499e-01  -4.5178809e-01  -9.8918518e-01  -2.5312987e-02  -3.3253513e-03  -2.5303515e-03
  -1.5074843e-01  -5.3288707e-01  -9.0042869e-01  -2.2259503e-02  -1.8300241e-03  -2.8869988e-03
  -1.4713471e-01  -3.9832700e-01  -7.7103432e-01  -2.0234625e-02  -2.2173804e-03  -2.7705330e-03
  -1.2829140e-01  -4.4263340e-01  -8.2214155e-01  -1.8183415e-02  -1.6372221e-03  -2.7586193e-03
  -9.6906968e-02  -4.5619677e-01  -8.3361236e-01  -1.9665654e-02  -6.7826599e-04  -2.2829743e-03
  -1.3850883e-01  -3.0365057e-01  -4.8331353e-01  -1.9400580e-02  -1.5539392e-03  -1.2719575e-03
  -2.2551201e-01  -2.9165050e-01  -4.8582605e-01  -1.8473724e-02  -1.5046377e-03  -2.0098927e-03
  -2.2486396e-01  -2.3711070e-01  -3.5188585e-01  -1.6138911e-02  -1.3258675e-03  -2.5688428e-03
  -2.0679556e-01  -2.6971632e-01  -3.6314309e-01  -1.2798910e-02  -1.4901101e-03  -2.4359884e-03
  -1.8249069e-01  -1.8143151e-01  -2.5946532e-01  -7.0307613e-03  -9.3772269e-04  -1.7292153e-03
  -1.8843951e-01  -2.1296481e-01  -2.2249053e-02  -6.9660752e-03  -8.2773982e-04  -2.9225454e-03
  -2.0199731e-01  -2.2059351e-01   8.9997628e-02  -4.8500073e-03  -1.6561136e-03  -3.0831742e-03
  -1.7462413e-01  -2.2853510e-01   1.1786171e-01  -4.3931312e-03  -1.0620823e-03  -3.0663826e-03
  -1.8049213e-01  -2.6259163e-01   1.1203228e-01  -6.4485412e-03  -1.1822158e-03  -3.1752511e-03
  -1.8997791e-01  -2.4747609e-01  -7.4730051e-02  -7.9608272e-03  -1.7916772e-03  -3.1026310e-03
  -1.9154963e-01  -2.8006232e-01  -3.7155223e-01  -1.1547620e-02  -1.2427544e-03  -3.5008444e-03
  -1.7598256e-01  -4.8692388e-02  -2.1626056e-01  -1.0598789e-02  -9.6308064e-04  -2.6723285e-03
  -1.9368241e-01  -5.6614718e-02  -2.8832707e-01  -1.0404476e-02  -1.0444513e-03  -2.5409987e-03
  -2.6745624e-01  -1.8340605e-01  -2.5030111e-01  -8.3653531e-03  -2.1454001e-03  -1.7078833e-03
  -2.3280746e-01  -8.1281747e-02  -1.4167659e-01  -5.5793038e-03  -1.8935171e-03  -1.9916344e-03
  -2.2840553e-01  -7.6655659e-02  -7.8765347e-02  -2.3720870e-03  -1.9704694e-03  -1.8452061e-03
  -2.3040779e-01  -1.6963655e-01  -1.4665946e-01  -5.4589084e-03  -2.8302727e-03  -2.0392066e-03
  -2.0877975e-01  -1.0452215e-01  -2.4017540e-01  -5.3192073e-03  -1.9525090e-03  -1.8235619e-03
  -1.8848610e-01  -6.3381453e-02  -6.4657086e-02  -3.2562338e-03  -2.3139428e-03  -2.2122138e-03
  -1.7676223e-01   1.8141916e-02   2.1158553e-01   4.3218169e-03  -1.9843526e-03  -1.8673247e-03
  -1.6997878e-01   1.9436869e-02   3.2648417e-01   4.9735872e-03  -2.1019673e-03  -2.2129374e-03
  -9.6312720e-02   1.2026412e-02   4.9436343e-01   6.6312498e-03  -1.8201276e-03  -2.5863987e-03
  -9.4042710e-02  -8.2375272e-02   5.1667269e-01   6.5900798e-03  -1.6223434e-03  -3.2200249e-03
  -5.7239537e-02  -8.6375092e-02   5.1359564e-01   7.1933904e-03  -1.2685894e-03  -2.6848621e-03
  -5.9993379e-02  -1.0541504e-01   6.3049685e-01   9.5479200e-03  -1.7932861e-03  -2.4952149e-03
  -5.5350999e-02  -3.3006782e-02   6.7876316e-01   9.5082063e-03  -1.6605144e-03  -2.2838410e-03
  -9.4414897e-02  -1.2780520e-01   7.4382327e-01   1.2291537e-02  -2.7275692e-03  -2.2406793e-03
  -1.2208239e-01  -1.1975259e-01   6.3640268e-01   7.8408727e-03  -3.6508024e-03  -3.1952768e-03
  -1.0608255e-01   1.4245733e-02   4.6578798e-01   5.3475148e-03  -3.4578263e-03  -2.7440809e-03
  -1.1376548e-01  -9.7667573e-02   3.5642892e-01   8.6327373e-03  -3.0313326e-03  -2.2448518e-03
  -1.0277246e-01  -9.7179995e-02   3.7958042e-01   6.5909233e-03  -2.7513554e-03  -2.9797588e-03
  -9.9714332e-02   2.3039890e-02   3.9592169e-01   6.7723091e-03  -2.5981214e-03  -2.5952007e-03
  -1.0372581e-01  -7.0783770e-02   3.4152712e-01   7.6310221e-03  -2.7548418e-03  -2.7617825e-03
  -1.0344690e-01  -5.4328396e-02   3.8896545e-01   7.6421233e-03  -2.6976897e-03  -2.6641851e-03
  -1.0039005e-01   5.8217005e-02   3.6337381e-01   5.8211929e-03  -3.6604766e-03  -2.6502080e-03
  -9.4601766e-02  -1.2283046e-03   2.8022233e-01   5.1793031e-03  -3.5810535e-03  -2.8750075e-03
  -8.8012404e-02   3.3333068e-02   2.6551186e-01   6.6754472e-03  -3.4138450e-03  -2.8955284e-03
  -9.1183276e-02   3.9678310e-02   2.4615206e-01   5.0376724e-03  -3.9637053e-03  -3.0207254e-03
  -8.2555554e-02   3.9597185e-02  -5.5355106e-01   3.1823145e-03  -3.9101860e-03  -2.8544197e-03
  -9.8948833e-02  -1.8552824e-02  -6.8664410e-01   3.3165783e-03  -3.9319993e-03  -1.7164834e-03
  -1.6482137e-01  -1.7424361e-01  -6.9020422e-01  -3.2396023e-03  -2.3480985e-03  -1.0155198e-03
  -1.8779751e-01  -8.0767476e-02  -7.3519838e-01  -2.1617238e-03  -2.8016758e-03  -1.0287121e-03
  -2.2756597e-01  -3.1537278e-02  -6.7094026e-01  -8.8528042e-05  -2.1292539e-03  -8.2324023e-04
  -2.2473333e-01  -4.2746015e-02  -6.6265905e-01  -9.6247741e-04  -2.6124992e-03  -1.1020859e-03
  -2.1046930e-01  -5.8410332e-03  -7.2009560e-01  -2.7886704e-03  -3.2538304e-03  -1.2331116e-03
  -2.3343568e-01  -1.3470802e-02  -7.1629673e-01  -2.2999272e-03  -3.3210850e-03  -1.2956742e-03
  -2.4688875e-01  -2.1073019e-02  -7.2976274e-01  -2.5005904e-03  -3.9881393e-03  -1.4298185e-03
  -2.3661655e-01   2.2256068e-02  -8.0210735e-01  -1.4641587e-03  -4.4518814e-03  -1.0561384e-03
  -2.4312819e-01   2.4891811e-02  -7.3276336e-01  -1.7982130e-03  -4.0468954e-03  -1.1054595e-03
  -2.4520574e-01  -7.0125146e-03  -6.9963891e-01  -2.0101389e-03  -4.1323584e-03  -1.3724454e-03
  -2.0774384e-01   4.8700054e-02  -7.9976260e-01  -3.8792825e-03  -4.3652543e-03  -2.8763681e-03
  -2.4958161e-01   2.2558026e-02  -1.0716755e+00  -7.7223346e-03  -3.5629802e-03  -3.0303118e-03
  -1.2447365e-01   7.4858568e-02  -8.1077850e-01  -1.2925826e-02  -3.8497459e-03  -1.2109142e-03
  -1.5222504e-01   1.8149270e-01  -2.0720321e-02  -2.1271474e-03  -3.0687075e-03  -9.1431801e-04
  -1.7745960e-01   4.2936625e-02  -1.6102254e-02   1.9883832e-03  -5.8149998e-04  -4.7592897e-04
  -1.6200706e-01   6.6737189e-02  -4.5482291e-02   6.7553233e-04  -6.2538776e-04  -4.8563824e-04
  -1.6402747e-01   9.2329560e-03  -2.8999911e-02   2.5596983e-03  -4.2402829e-04  -2.5545737e-04
  -1.6168901e-01  -5.4268081e-03  -8.6027008e-03   2.7362377e-03  -7.6159076e-04  -2.5214687e-04
  -1.4842821e-01   1.0807452e-01  -1.8310770e-03   3.7274943e-03  -1.0279701e-03   9.3197679e-05
  -1.7296939e-01   4.8571553e-02   1.8498451e-02   2.9028200e-03  -2.4874629e-03  -2.6211635e-04
  -1.5802455e-01   9.2703178e-02  -3.9660034e-01  -2.9960944e-03  -3.1957962e-03   5.4566170e-04
  -1.7107649e-01   1.1300244e-01  -3.6567567e-01  -1.3750113e-02  -3.4439344e-03   1.3012636e-03
  -1.8840242e-01   3.9658087e-02  -4.8418226e-01  -1.2809319e-02  -2.8916345e-03   2.2964447e-05
  -1.6906275e-01   4.0253404e-02  -6.0558747e-01  -1.1316792e-02  -2.6325492e-03   1.1853606e-04
  -1.6650127e-01   3.7969383e-02  -5.6612276e-01  -1.0015449e-02  -1.9728511e-03   8.5163691e-04
  -1.5180177e-01   5.9395573e-02  -5.0630213e-01  -1.0558906e-02  -2.0672782e-03   7.5544391e-04
  -1.5168699e-01   5.0803620e-02  -4.9165402e-01  -1.0605955e-02  -2.0353300e-03   4.8733353e-04
  -1.5905431e-01   2.5137987e-02  -4.4876074e-01  -9.2901968e-03  -1.5320939e-03   4.7697857e-04
  -1.3722573e-01   1.9762318e-02  -4.3170568e-01  -1.0714717e-02  -1.2483533e-03  -4.2878004e-04
  -1.1679888e-01   4.5651205e-02  -3.1697160e-01  -1.0571567e-02   7.9939214e-04  -3.3190028e-04
  -7.5282333e-02   2.1253426e-01  -2.9624980e-01  -1.0863570e-02   1.3535349e-03  -8.4746278e-04
  -1.6968781e-02   8.5051429e-02  -5.9271577e-01  -1.3542784e-02   2.0551801e-03  -1.8250256e-03
  -3.1896169e-02   4.8504073e-02  -7.1645971e-01  -1.2705599e-02   2.1090845e-03  -1.9418411e-03
  -2.5251804e-02   7.3419890e-02  -6.8295192e-01  -1.2117166e-02   2.4332292e-03  -9.0176092e-04
  -1.4848428e-01   1.2309334e-01  -4.7555419e-01  -5.6982238e-03   1.2759820e-03   8.4519576e-05
  -1.8834034e-02   5.9221166e-02  -2.2159057e-01  -5.0875763e-03   2.4953601e-03  -1.8961087e-03
  -1.7915770e-02   3.4354337e-02  -1.8324522e-01  -5.4969880e-03   2.9800931e-03  -1.2881062e-03
  -2.1433967e-03   6.6732103e-02  -1.5848635e-01  -5.7038402e-03   3.1270336e-03  -1.1536437e-03
   1.3651365e-02   6.2653310e-02  -1.4275125e-01  -2.8459047e-03   2.9129253e-03  -5.9388987e-04
  -8.1457347e-03   8.1563699e-02  -7.6934785e-02  -1.4680597e-03   2.8741551e-03  -4.8865058e-04
  -5.2611451e-03   5.4865117e-02  -7.1033867e-03   8.7760773e-05   1.9351669e-03  -7.8530911e-04
  -7.1551450e-03   1.2509414e-01  -4.8042410e-03  -7.7198551e-04   2.6987330e-03  -1.2192231e-03
  -3.1714149e-03   2.9778736e-02   4.4243978e-02   6.6496281e-04   2.0400719e-03  -1.1456466e-03
  -2.5489510e-02  -3.4110161e-02   1.9033067e-01   4.0491896e-03   5.3493337e-04  -1.6347489e-03
  -4.9638208e-02   7.2242388e-02   1.8558597e-01   2.2118192e-03  -5.5979426e-04  -2.1928286e-03
  -1.8851770e-02   1.2627035e-01   5.0168203e-02   1.1175630e-03  -1.3184020e-04  -1.6840613e-03
  -8.9247327e-03   6.9344863e-02   2.2592236e-02  -9.8004236e-05   1.7105866e-04  -1.8141163e-03
   2.3576846e-02   1.4678483e-02   1.7281190e-01   3.4128267e-03   1.5278517e-03  -2.3068316e-03
   1.5804466e-02   1.0484618e-01   1.2074935e-01   2.2869046e-03   1.1132898e-03  -2.0404779e-03
  -1.6863718e-02   1.4407426e-01   1.2633181e-02   6.4225354e-03   6.5294034e-04  -1.8634661e-03
   9.5170779e-04   1.5217335e-01   8.0367041e-02   8.1445521e-03   8.0288591e-04  -1.6477898e-03
  -3.8540864e-03   8.6196916e-02   9.5179226e-02   7.7724629e-03   5.7735847e-04  -1.9162973e-03
   2.0773466e-02   1.0996841e-01   9.5656156e-02   9.5054391e-03   1.6854631e-03  -1.0061496e-03
   3.1833587e-02   1.6038270e-01   2.4126256e-01   9.9653734e-03   2.4623224e-03  -3.8556836e-04
   6.4972216e-02   7.0062223e-02   3.3389921e-01   1.1076214e-02   3.0537313e-03  -4.7291361e-04
   5.6864755e-02   4.9182893e-02   3.2499910e-01   9.3972635e-03   2.9786162e-03  -1.4325762e-03
   4.2902923e-02   7.5073346e-02   2.3902292e-01   7.7691073e-03   2.6393628e-03  -1.2044119e-03
   2.2284401e-02   5.5579395e-02   1.0916843e-01   6.7184540e-03   2.4843223e-03  -1.1386275e-03
   1.0253674e-02   2.2838452e-01   9.9599002e-02   4.3687352e-03   1.5568510e-03  -6.6817468e-04
   2.2601967e-03   1.8140875e-01   1.9746297e-02   4.5777501e-03   1.2668444e-03  -9.9348105e-04
   2.8782508e-03   1.7128965e-01   9.7895201e-02   1.0044089e-02   1.7675274e-03  -3.7319463e-04
   1.1175037e-02   1.4907562e-01   1.5777243e-01   8.4872605e-03   1.3710691e-03  -1.3655727e-03
   6.5855177e-03   9.2009395e-02   1.8739923e-01   8.9239375e-03   1.1940608e-03  -1.2368218e-03
   2.1836452e-02   7.3621032e-02   2.1050078e-01   9.3499754e-03   1.0090555e-03  -9.3961982e-04
   1.5115703e-02   9.0522572e-02   2.4098532e-01   9.4557636e-03   1.0887973e-03  -1.1761581e-03
   5.3800866e-03   1.1143032e-01   1.3270415e-01   8.6171419e-03   7.6480633e-04  -7.4988869e-04
   1.7385577e-03   8.5620527e-02   1.2018462e-01   6.1562034e-03   9.1935896e-04  -1.6557249e-03
  -9.6965817e-03   1.3933559e-01   1.2528740e-01   6.5664927e-03   1.2301122e-03  -1.3616059e-03
  -1.2764737e-03   8.5254797e-02   7.7442980e-02   6.3949527e-03   7.8697306e-04  -1.6614027e-03
  -8.9867453e-02   2.0491836e-01   1.7644879e-01  -8.1223169e-03  -2.3921667e-03  -2.2826562e-03
  -1.3222512e-01   1.9753526e-01   2.2993699e-01  -1.6272219e-02  -2.9759713e-03  -1.1660647e-03
  -7.0803124e-02  -2.8283351e-01  -4.1915846e-01  -1.9624014e-02  -1.6537991e-03  -8.0660452e-04
  -7.4169275e-02  -8.0415523e-01  -6.4350183e-01  -2.8827747e-02  -7.7137030e-04  -1.1838017e-03
  -1.4008169e-01  -1.0395238e+00  -7.1208127e-01  -3.5683236e-02  -7.4117017e-04  -2.9030235e-03
  -1.5279344e-01  -1.1590431e+00  -7.2427046e-01  -3.7833830e-02   2.3943932e-04  -2.6789301e-03
  -1.2441885e-01  -1.1732260e+00  -7.1346290e-01  -3.9790691e-02   3.5047289e-05  -2.0472326e-03
  -1.2305851e-01  -1.3334366e+00  -6.6778329e-01  -4.1918972e-02  -1.4010210e-04  -2.0466714e-03
  -1.2386870e-01  -1.3629979e+00  -6.4548508e-01  -4.1047344e-02   2.4210772e-04  -1.9869552e-03
  -1.1556413e-01  -1.3032259e+00  -6.3306866e-01  -4.1521390e-02  -4.4128836e-04  -2.1693936e-03
  -9.9423009e-02  -1.3970852e+00  -6.1311628e-01  -4.1970071e-02  -4.4684476e-04  -2.0152915e-03
  -9.7450248e-02  -1.3709647e+00  -5.9674588e-01  -4.1222258e-02  -9.2744974e-05  -1.6038284e-03
  -1.3246064e-01  -1.3153258e+00  -6.1205436e-01  -4.2475461e-02  -8.2707698e-04  -1.5399734e-03
  -1.3210814e-01  -1.4143009e+00  -6.4051479e-01  -4.3341948e-02  -8.9477416e-04  -1.3140062e-03
  -1.3120250e-01  -1.4292489e+00  -6.4656388e-01  -4.2363977e-02  -4.8657387e-04  -1.4580630e-03
  -7.6128582e-02  -1.3809770e+00  -6.2907960e-01  -4.2003958e-02  -2.2801284e-05  -2.1123484e-03
  -7.1638138e-02  -1.4615001e+00  -5.0878268e-01  -4.1419579e-02   2.9022911e-04  -2.1381710e-03
  -6.5159490e-02  -1.5279524e+00  -3.9557007e-01  -4.1622865e-02   1.0170369e-03  -2.9631380e-03
   1.9201772e-02  -1.3696971e+00  -1.6929896e-01  -4.2691031e-02   1.9153415e-03  -3.8619270e-03
   9.3794793e-02  -1.5402733e+00  -1.4851694e-01  -4.2276581e-02   3.0159779e-03  -5.2040658e-03
   1.3051785e-01  -1.5564757e+00  -1.0221559e-01  -3.9448751e-02   4.4107937e-03  -3.8461939e-03
   2.9118267e-01  -1.4622859e+00   7.4151309e-02  -3.8805949e-02   4.2160735e-03  -4.8907194e-03
   3.7949818e-01  -1.5177785e+00   1.1577261e-01  -3.9182000e-02   5.4664776e-03  -6.5781667e-03
   3.4731342e-01  -1.3743018e+00   1.1324450e-01  -4.0962310e-02   6.2075665e-03  -5.1878176e-03
   2.8769263e-01  -1.3228100e+00   9.1926628e-02  -4.1009971e-02   7.1926130e-03  -3.8284531e-03
   3.0766803e-01  -1.2409180e+00   4.5627999e-02  -3.9441594e-02   7.5550409e-03  -2.8311204e-03
   2.7536343e-01  -1.2002152e+00   1.0205407e-02  -3.9233229e-02   6.5945660e-03  -2.3518185e-03
   2.0025228e-01  -1.1337679e+00  -1.0157327e-01  -3.7863689e-02   6.8933782e-03  -1.8432107e-03
   2.4492055e-01  -1.2095622e+00  -2.5215480e-01  -3.9411930e-02   7.1856794e-03  -3.8282144e-03
   2.0595421e-01  -1.0192972e+00  -3.1573726e-01  -4.0154406e-02   5.8689241e-03  -3.6325284e-03
   1.8937175e-01  -1.0807827e+00  -4.2780438e-01  -3.9936460e-02   5.0447027e-03  -3.4062053e-03
   1.8283853e-01  -9.7419663e-01  -5.7701303e-01  -3.8550605e-02   4.8702395e-03  -2.3985423e-03
   1.5041029e-01  -9.9126479e-01  -5.9603375e-01  -3.7582315e-02   6.2257992e-03  -1.8110027e-03
   1.5434120e-01  -9.0393700e-01  -3.3243532e-01  -3.7203700e-02   7.1643476e-03  -1.7897797e-03
   2.1162676e-01  -8.5731827e-01  -1.8067298e-01  -3.7517187e-02   5.9198320e-03  -1.8377920e-03
   3.1494957e-01  -9.9607027e-01  -2.1285743e-01  -4.0722728e-02   6.2892921e-03  -3.8420982e-03
   2.4914310e-01  -9.0667061e-01  -5.4001089e-01  -4.3484670e-02   6.5871716e-03  -3.0031675e-03
   2.5448284e-01  -8.6121016e-01  -4.2496912e-01  -4.0905919e-02   6.0085395e-03  -3.0379726e-03
   2.3752583e-01  -7.6527638e-01  -6.9701132e-01  -3.2189877e-02   6.8342976e-03  -3.8803994e-03
   1.6670115e-01  -7.4344580e-01  -1.6038296e+00  -2.3099217e-02   7.3939422e-03  -6.7139224e-03
   1.6728036e-01  -9.1654690e-01  -1.9292696e+00  -2.9156371e-02   6.3613708e-03  -6.5921903e-03
   1.4803506e-01  -1.1221824e+00  -1.9089963e+00  -3.0382082e-02   5.6399932e-03  -6.5613778e-03
   1.3099415e-01  -1.1869931e+00  -2.0117396e+00  -3.1694801e-02   5.4343464e-03  -6.5784908e-03
  -7.0926919e-03  -1.3632201e+00  -1.9822857e+00  -2.9549998e-02   4.3467164e-03  -5.4502331e-03
   3.2738019e-02  -1.2072288e+00  -1.7749664e+00  -2.8251454e-02   4.1873800e-03  -5.7473952e-03
   6.1514214e-02  -9.5217226e-01  -1.3886505e+00  -2.5468650e-02   4.8330132e-03  -5.7361806e-03
   6.2026662e-02  -1.0274575e+00  -1.1760093e+00  -2.3168516e-02   4.4650144e-03  -6.1554902e-03
   6.1268488e-02  -1.0820355e+00  -1.1344355e+00  -2.3560472e-02   5.0372479e-03  -6.0537707e-03
   9.5529872e-02  -9.3839762e-01  -1.0807347e+00  -2.1670431e-02   5.6917086e-03  -5.7026516e-03
   1.1438769e-01  -9.5442829e-01  -1.0984534e+00  -2.3983788e-02   6.0140620e-03  -5.8369977e-03
   1.0659036e-01  -9.1315093e-01  -1.1388770e+00  -2.4688851e-02   6.0016672e-03  -5.3468682e-03
   1.1417707e-01  -8.0858163e-01  -1.2345653e+00  -2.5141399e-02   6.0873720e-03  -5.1008413e-03
   8.9020737e-02  -7.9035671e-01  -1.2149321e+00  -2.4550994e-02   5.3467713e-03  -5.0754839e-03
   6.8782762e-02  -8.1395742e-01  -1.3163270e+00  -2.4922119e-02   4.8210326e-03  -4.9896075e-03
   5.0229046e-02  -6.9809757e-01  -1.2665707e+00  -2.3969551e-02   5.0185543e-03  -4.4613698e-03
   5.2665689e-02  -7.3170057e-01  -1.3462924e+00  -2.3859923e-02   4.3802375e-03  -4.4269399e-03
   3.8126603e-02  -7.2469204e-01  -1.3525217e+00  -2.3238453e-02   4.6713046e-03  -4.6057933e-03
   3.4381951e-02  -7.2651715e-01  -1.3492752e+00  -2.3599210e-02   4.8742381e-03  -4.2140832e-03
   3.6025461e-03  -7.1351630e-01  -1.3184750e+00  -2.4643842e-02   4.4497159e-03  -3.8010228e-03
   9.8707000e-04  -6.0041519e-01  -1.2180612e+00  -2.4816973e-02   4.0855342e-03  -3.1457021e-03
  -5.8579341e-03  -7.2091798e-01  -1.2359397e+00  -2.5556101e-02   3.7397606e-03  -3.0989663e-03
  -1.5945716e-02  -7.3714636e-01  -1.3147483e+00  -2.5976101e-02   3.0971276e-03  -3.2017722e-03
  -1.6116292e-02  -7.1113951e-01  -1.3834199e+00  -2.5301023e-02   2.5079044e-03  -3.5990200e-03
  -2.6688170e-02  -7.9176377e-01  -1.3456583e+00  -2.5171114e-02   3.1714859e-03  -3.4051008e-03
  -2.2558779e-02  -7.5158309e-01  -1.3324812e+00  -2.7165816e-02   2.4159159e-03  -3.6196537e-03
  -3.5460561e-02  -7.4590726e-01  -1.3242927e+00  -2.6593236e-02   2.3548623e-03  -3.3875503e-03
  -3.1509004e-02  -8.2365428e-01  -1.3589495e+00  -2.5950131e-02   2.2350016e-03  -3.5988559e-03
