   0.0000000e+00   0.0000000e+00   0.0000000e+00   0.0000000e+00   0.0000000e+00   0.0000000e+00
   1.7002440e-03   1.0867948e-02   2.7761452e-02  -7.3171564e-04  -1.5324712e-04   1.0473052e-04
   8.7923368e-04  -6.9425034e-03   7.4117665e-02   4.4113450e-04   4.5129876e-04   1.3131657e-04
   8.7838910e-03   5.1489144e-02   6.7718801e-02  -3.0435399e-04   6.1742465e-04   3.4952530e-04
   1.1200780e-02  -1.2891156e-02   7.5625496e-02   9.4304717e-05   7.1748526e-04   3.0982354e-04
   2.6942410e-02   4.4389387e-02   8.9135651e-02   6.2314001e-04   1.0361953e-03   5.4737826e-04
   2.3453737e-02   7.5387530e-03   5.6149342e-02   6.9119825e-04   9.5847778e-04   4.7438442e-04
   2.4338232e-02   1.3051832e-02   8.7635585e-02   1.4108146e-03   1.3321225e-03   5.6960717e-04
   2.6537801e-02   5.4836911e-02   8.4495253e-02   1.5293353e-03   8.9959287e-04   4.8834623e-04
   2.6910622e-02  -1.3940954e-02   9.1400228e-02   2.5139840e-03   9.2367446e-04   5.5880617e-04
   2.5034114e-02   6.6077284e-02   1.7744703e-01   2.4839506e-03   7.1519062e-04   8.7379658e-04
   2.0892187e-02  -3.7753203e-02   4.4457519e-02   4.6243144e-03   5.9464964e-04   7.4682476e-04
   4.6529139e-02   3.9032175e-02   7.1566729e-02   4.3520684e-03   2.1292730e-04   2.1661862e-04
   4.3508161e-02   8.8488257e-02   3.2663998e-02   3.6774234e-03   6.0038231e-04  -1.0654912e-04
   3.7719427e-02   2.0043832e-02   1.0889422e-02   3.7964002e-03   4.7933439e-04   5.3582150e-05
   3.0502903e-02   2.7684526e-02   1.0545255e-02   5.5061644e-03   1.1465263e-03   1.7687653e-04
   3.1838155e-02   8.0098739e-03  -9.7347767e-03   5.3684985e-03   1.5454011e-03   2.3257833e-04
   3.8821119e-02   6.9648961e-02   2.6134219e-02   3.3805253e-03   1.5869033e-03   2.4357802e-04
   4.6688921e-02   4.4922696e-02   1.4989562e-02   3.9784981e-03   1.3445057e-03   1.6228591e-04
   5.5320617e-02  -5.2746422e-02  -4.7954424e-01   4.6329808e-03   1.6955927e-03   8.6882631e-05
   4.2342190e-02   6.5281467e-02  -3.5793663e-01   5.3831169e-03   1.3928859e-03   1.8935059e-04
   7.3921508e-02   2.5779780e-01  -8.0803211e-02   3.9405050e-03   8.1184922e-04   7.3799141e-04
   8.5625751e-02   3.2320139e-02   1.3722473e-01   2.4735023e-03   1.8499872e-03   8.3000806e-04
   7.7586633e-02   2.1684825e-01   2.0123581e-01  -1.9286620e-04   1.9155249e-03   6.8074619e-04
   8.2175150e-02   2.4700211e-01   2.2150556e-01  -2.3287859e-04   1.9615303e-03   7.8666208e-04
   8.3697571e-02   2.5167153e-01   2.6751950e-01   1.4379919e-03   2.2017395e-03   8.0331302e-04
   1.0618229e-01   2.7546743e-01   2.7010974e-01   8.5423772e-05   1.7137769e-03   1.3779568e-03
   1.1725454e-01   3.4512336e-01   3.5710721e-01   4.8996224e-04   1.1464509e-03   1.9834005e-03
   1.0327069e-01   2.1663065e-01   1.7927014e-01   2.1213284e-03   2.4252034e-03   2.3092706e-03
   1.0970597e-01   2.3841137e-01   1.8473651e-01   2.9621802e-03   2.9511669e-03   2.9296948e-03
   9.3816123e-02   1.7966649e-01   4.8145957e-02   3.5243317e-03   2.2393537e-03   2.9079698e-03
   6.4487185e-02   2.2506920e-01  -1.2851344e-01   1.2273062e-03   2.5733927e-03   2.9462232e-03
   8.1111448e-02   3.0162774e-01  -9.5245358e-02   2.3360637e-03   2.5694059e-03   2.9506636e-03
   8.8073730e-02   4.2454019e-01  -3.2805644e-01  -5.4435471e-04   3.5714811e-03   2.4566116e-03
   6.7974976e-02   2.8577766e-01  -3.3719027e-01  -1.3574404e-03   4.0996081e-03   2.6239980e-03
   7.6829757e-02   3.2906864e-01  -3.2648157e-01  -1.6386536e-03   4.7460809e-03   3.0321176e-03
   1.1154052e-01   4.3168480e-01  -3.0045898e-01  -5.1195814e-04   6.3676912e-03   3.2292046e-03
   1.6001313e-01   5.1147075e-01  -2.8439047e-01   5.8496753e-06   6.9536434e-03   3.0039772e-03
   1.8939029e-01   5.6806523e-01  -4.2802081e-01  -6.8794691e-04   7.3277437e-03   2.7307146e-03
   1.6184453e-01   4.7355452e-01  -4.0208630e-01  -9.9188820e-04   7.4249482e-03   2.6981157e-03
   1.6090798e-01   5.0695212e-01  -3.7209744e-01  -2.0114752e-03   7.2230609e-03   2.6280802e-03
   1.6636980e-01   5.3248711e-01  -3.1942293e-01  -1.3131696e-03   7.4426660e-03   2.8321432e-03
   1.6813353e-01   5.4957127e-01  -2.4953940e-01  -2.2695650e-03   7.4837489e-03   2.9799080e-03
   1.8294712e-01   5.8736122e-01  -2.1446460e-01  -2.2620806e-03   6.9527581e-03   3.5644488e-03
   1.2616082e-01   6.1659222e-01   6.3222534e-02   1.9329658e-03   5.6345699e-03   3.2306204e-03
   1.3317308e-01   3.3164906e-01  -8.9198534e-02   2.5981995e-03   6.1139274e-03   3.0040282e-03
   1.2709954e-01   3.2434890e-01  -2.6463735e-01   1.5984408e-03   6.3793549e-03   2.3802593e-03
   1.4040136e-01   3.4459791e-01  -2.7878728e-01  -3.4400426e-04   5.8334133e-03   2.4759523e-03
   1.3552191e-01   2.9522880e-01  -1.8273387e-01   1.4753316e-03   6.3403597e-03   3.0002051e-03
   1.4017328e-01   3.3892928e-01  -1.7972707e-01   1.9859035e-03   5.8881230e-03   3.0494279e-03
   1.3569253e-01   3.1272009e-01  -1.3531241e-01   3.0345862e-03   5.7981081e-03   3.1960483e-03
   1.4910634e-01   5.3299915e-01  -6.3406883e-02  -1.9324554e-04   6.2736834e-03   2.8975073e-03
   7.3756570e-02   4.6656818e-01  -1.5534630e-01  -2.5427309e-03   5.9615066e-03   2.8035931e-03
   6.8494386e-02   3.0914816e-01  -1.7204632e-01  -4.0271761e-03   5.3566652e-03   1.9368044e-03
   6.7226159e-02   2.9163744e-01  -1.6486727e-01  -1.7389804e-03   5.7114913e-03   1.6318331e-03
   8.2654931e-02   3.3237149e-01  -7.4898748e-02  -5.1981506e-04   5.7950335e-03   1.9646866e-03
   8.7533851e-02   3.0466175e-01  -1.7217788e-02   1.8789877e-03   5.3770798e-03   1.7684921e-03
   9.4683045e-02   2.8046830e-01  -3.0753757e-02   1.3322477e-03   5.4368721e-03   1.7536740e-03
   1.4011601e-01   3.9696078e-01  -1.9085257e-01  -1.7463240e-03   6.3323619e-03   2.0759341e-03
   1.5826584e-01   4.3913813e-01  -4.1007024e-01  -4.3019517e-03   6.2205917e-03   2.9928642e-03
   1.6771057e-01   3.4803160e-01  -3.3204341e-01  -3.7998257e-03   5.9658615e-03   2.1940686e-03
   1.9192261e-01   4.0661584e-01  -3.0428656e-01  -3.4479992e-03   6.1846264e-03   2.3368938e-03
   2.0022083e-01   3.6885517e-01  -4.7802963e-01  -2.8487613e-03   6.8073335e-03   2.2129683e-03
   2.4591373e-01   3.3686560e-01  -6.8357683e-01  -2.9471869e-03   6.4458317e-03   3.6863667e-04
   1.8025878e-01   3.7894134e-01  -4.3618129e-01  -1.1202551e-03   5.8066901e-03   3.9206820e-05
   1.5139070e-01   3.4846816e-01  -1.1021284e-01   2.1379949e-03   6.2267938e-03   8.4960702e-04
   1.5596858e-01   3.4753189e-01  -8.2575319e-02   1.2027978e-03   6.2005557e-03   1.1595519e-03
   1.4767741e-01   2.3331459e-01  -4.7674070e-02   1.8044345e-03   5.9067927e-03   1.3613009e-03
   1.5112718e-01   3.0293705e-01  -8.8797729e-03   2.3548973e-03   6.0050882e-03   1.1862912e-03
   1.0411495e-01   3.5735748e-01   2.1340675e-01   2.4272739e-03   4.8958104e-03   2.4854397e-03
   1.2323365e-01   2.0617835e-01   3.3119355e-03   1.2774442e-03   5.5333456e-03   2.6176711e-03
   1.3252613e-01   2.6981085e-01  -4.2510424e-02   1.0480191e-03   5.9503086e-03   2.5881487e-03
   1.3115228e-01   3.0997847e-01  -8.3539414e-02   9.4455635e-04   5.6962392e-03   2.5538402e-03
   3.3997785e-02   4.2740912e-01  -1.9943665e-01  -5.5229042e-04   6.2139820e-03   1.6600651e-03
  -4.9476423e-02   1.7495090e-01  -1.3602478e+00  -4.7083538e-03   7.2197774e-03   2.1321505e-03
  -4.6900819e-02   9.6257579e-02  -2.2894917e+00  -4.1152312e-03   7.6923893e-03   1.9657415e-03
  -4.3817792e-02   2.6620477e-01  -2.2117628e+00  -4.6133365e-03   7.6435868e-03   2.6729066e-03
  -7.5365095e-02   5.6988842e-01  -6.6814970e-01   7.4883249e-04   4.2172249e-03   3.7187537e-03
  -4.2469374e-02   5.1308948e-01  -3.2898692e-01  -3.6663434e-03   3.7729063e-03   4.5143179e-03
  -9.2747348e-03   5.8219509e-01  -2.7830241e-01  -8.2415333e-03   4.1484190e-03   4.5140367e-03
  -1.2727979e-02   5.9525171e-01  -2.6209442e-01  -7.6596662e-03   3.4771954e-03   4.7431814e-03
   2.9607258e-02   6.0872191e-01  -2.6343380e-01  -1.0353352e-02   4.3059740e-03   3.8743318e-03
   3.8694579e-02   6.3983890e-01  -1.5492494e-01  -3.8196890e-03   3.1951859e-03   4.0796937e-03
  -6.1738409e-02   5.7412477e-01   5.7781376e-02  -1.6215397e-03   4.0994427e-04   3.6301703e-03
  -3.7823322e-02   4.5258677e-01   1.2700905e-01  -3.1456950e-03   2.4580136e-04   2.7523015e-03
  -4.3794891e-03   5.0875787e-01   1.7737850e-01  -1.0002260e-04   9.3789763e-04   3.0086982e-03
   4.8015346e-03   4.0770727e-01   1.8886847e-01   1.4459839e-03   7.8851237e-04   2.7724035e-03
   7.6252582e-03   4.0192880e-01   2.1013294e-01  -9.5806362e-04   1.7103971e-03   2.7738225e-03
   6.0891413e-02   5.9468695e-01   1.8550186e-01  -2.9761288e-03   2.3925654e-03   2.3413482e-03
   5.5447883e-02   4.0593327e-01   1.9948045e-01  -8.4917565e-04   2.5966588e-03   3.1575122e-03
  -1.5452431e-02   5.2814156e-01   8.3166073e-02   8.8122074e-05   3.9218791e-03   1.0840838e-03
   6.7854894e-02   7.5316231e-01  -1.7763422e-03   1.2006861e-04   5.4519252e-03   1.0935563e-03
   8.1896231e-02   6.0706770e-01   1.4581148e-01   1.6771504e-03   5.1319748e-03   1.9804599e-03
   8.9937284e-02   5.2504767e-01   2.4403462e-01   3.0324427e-03   4.7946108e-03   1.9456690e-03
   9.4157016e-02   3.8307863e-01   2.5600546e-01  -6.3829415e-04   5.7537619e-03   2.6734415e-03
   9.0207014e-02   4.8998368e-01   2.8648708e-01  -9.0890313e-04   4.9589870e-03   2.2147847e-03
   8.2579284e-02   5.6625486e-01   3.1868922e-01  -1.3931799e-03   4.2587816e-03   2.1423795e-03
   1.0119521e-01   5.8315197e-01   3.9466731e-01  -4.0045849e-03   4.2975849e-03   2.8508074e-03
   1.4473047e-01   4.2792400e-01   4.6894301e-01  -2.7737046e-03   4.3929140e-03   2.3252186e-03
   1.5344511e-01   4.4891467e-01   4.8661758e-01  -1.8891791e-03   5.3111874e-03   2.4072864e-03
   1.3782341e-01   3.9702520e-01   4.6680438e-01  -1.0180383e-03   5.3332011e-03   2.2646224e-03
   1.1834902e-01   3.9248075e-01   5.5635971e-01   2.5469879e-03   5.0016015e-03   2.1479603e-03
   1.1289340e-01   5.1364160e-01   4.0169154e-01  -2.5010051e-03   4.5829602e-03   3.1166290e-03
   1.0827604e-01   3.3681202e-01   3.8312255e-01  -2.2105256e-03   3.5857629e-03   2.1875604e-03
   1.1218208e-01   3.6815566e-01   3.7267426e-01  -1.7587861e-03   3.7186892e-03   1.8494487e-03
   1.2526200e-01   3.8892362e-01   3.8314286e-01   3.7735705e-04   4.1581632e-03   1.8071817e-03
   1.4417876e-01   4.5202737e-01   3.8374971e-01  -5.1636697e-04   4.4403557e-03   1.5370388e-03
   1.6254354e-01   5.3481448e-01   2.3987955e-01  -2.7411213e-03   3.6839725e-03   5.8905932e-04
   1.3026935e-01   3.9186835e-01   3.5397841e-01  -1.0040251e-03   4.1615860e-03  -7.9689236e-06
   1.6586598e-01   5.5846543e-01   4.3799767e-01  -2.4907264e-03   5.3552595e-03  -4.5101925e-04
   1.2184020e-01   5.5903209e-01   3.6523338e-02  -4.6706907e-03   5.2920710e-03   7.2190496e-04
   1.3803903e-01   4.9002993e-01   6.4136151e-02  -3.4412780e-03   5.7564408e-03   3.9694197e-04
   2.3120605e-02   5.1382834e-01   5.4762767e-01   5.6729484e-03   1.1518673e-03   1.8443056e-03
   1.2344147e-02   3.5805665e-01   8.2376452e-01   5.7228249e-03   1.0059980e-03   1.3219999e-03
   1.8046002e-02   3.0463264e-01   9.0420222e-01   6.6753947e-03   3.2469699e-04   6.5812187e-04
   8.6457996e-03   2.7520446e-01   9.7016603e-01   7.7954294e-03   9.7150084e-05   7.0865922e-04
   1.8102057e-02   2.7897311e-01   9.6081551e-01   5.4426811e-03  -9.9975036e-05   1.4081825e-04
   5.4283592e-02   3.6741588e-01   6.9166437e-01   1.4138301e-03   5.3040975e-04  -2.9428986e-04
   1.6929932e-02  -3.0120104e-02   5.6299668e-01   1.5447925e-03   2.6067284e-03  -1.3497787e-04
  -1.3895982e-02  -1.0096966e-01   1.0009289e+00  -2.1347665e-03   1.5299768e-03   2.2253419e-04
  -2.4025172e-03   8.0918550e-02   9.8051308e-01  -3.2731046e-03   2.2829981e-03  -1.5156947e-03
   4.7560639e-02   1.3525167e-01   8.4293306e-01  -1.6405782e-03   9.8270106e-04  -7.3190267e-04
   5.5596537e-03   1.5899422e-01   8.9752285e-01  -1.8780279e-03   3.7138740e-04  -1.3106681e-03
   5.7165093e-03   1.8998269e-01   9.9163471e-01  -2.0336203e-03   1.1294380e-03  -1.1004168e-03
  -2.9235937e-02   1.2686694e-01   8.9778434e-01  -1.2111765e-03   3.9305800e-04  -7.7738849e-04
   3.6721825e-02   7.7154664e-02   7.8081506e-01  -1.4001904e-03   1.2304276e-03  -3.0951871e-04
   6.5374636e-02   5.9993989e-02   6.5351104e-01  -1.8053985e-04   6.8679663e-04  -5.3151389e-04
  -1.0111108e-02   3.2770292e-01   1.9680289e-01  -1.2896641e-02   3.9042574e-03  -8.0587741e-04
   2.8172870e-02   4.4804856e-01   1.7065127e-01  -1.2965270e-02   4.5536446e-03  -1.7293162e-04
   5.3096840e-02   5.3398815e-01   2.3004704e-01  -1.2450040e-02   3.1878873e-03  -2.5000697e-04
   4.4565012e-02   5.9143757e-01   5.1258905e-01  -9.6040443e-03   3.5157282e-03   5.4189675e-04
   3.5073665e-02   5.1671762e-01   5.9366457e-01  -7.5565326e-03   2.5578158e-03   1.4642075e-03
   4.2355977e-02   4.3702847e-01   5.8570124e-01  -5.4866309e-03   2.2191783e-03   2.1120049e-03
   4.1966851e-02   4.5047172e-01   6.3764662e-01  -5.6394265e-03   2.0927525e-03   1.7510984e-03
   3.1362411e-02   4.3146271e-01   6.7042514e-01  -5.0624422e-03   2.3935525e-03   1.3319102e-03
  -6.2066904e-03   4.2495243e-01   6.4775677e-01  -4.2052370e-03   2.5370200e-03   8.8741508e-04
  -7.2018778e-03   3.5822582e-01   6.2524357e-01  -5.9659311e-03   2.0156666e-03   8.3455115e-05
  -1.1926073e-02   3.4383166e-01   5.9000037e-01  -2.7074867e-03   1.7603363e-03  -2.5961853e-04
  -1.0952111e-02   3.8898733e-01   5.7807212e-01  -3.0395046e-03   2.2086427e-03   1.8341824e-04
   2.7084472e-02   4.2384603e-01   4.5032703e-01  -2.7233423e-03   1.7601361e-03   9.9257777e-04
   4.4964706e-02   3.0436527e-01   1.6087043e-01  -4.2947184e-04   2.2069711e-03   1.1340618e-03
   4.3821357e-02   3.9896204e-01   4.6663382e-01  -1.7979030e-04   2.9223537e-03   2.0206758e-03
   2.0664081e-02   2.7001248e-01   2.5246911e-01   8.6198907e-04   2.4320884e-03   2.1538453e-03
   4.0870028e-04   2.4973451e-01   1.5779895e-01   6.9302844e-03   2.1101062e-03   1.1495409e-03
   4.4141336e-02   2.0292899e-01   8.5248496e-02   4.3548095e-03   2.6930253e-03   5.5543516e-04
   3.7429376e-02   2.0359692e-01   2.6660508e-01   5.9752736e-03   2.1268697e-03   3.9451019e-04
   2.9139748e-02   2.6806092e-01   3.7820237e-01   6.0652267e-03   1.6649786e-03  -1.4546410e-04
   3.1340432e-02   2.1731837e-01   4.1721153e-01   5.6856134e-03   1.4817615e-03   1.2362688e-04
   2.8102072e-02   2.2405229e-01   4.5333243e-01   7.1482117e-03   1.2721432e-03  -3.2034249e-04
   4.4182872e-02   2.0235003e-01   4.2716689e-01   5.8547660e-03   1.4168048e-03  -1.8992038e-04
   4.5694367e-02   1.8339694e-01   3.2857335e-01   6.1392731e-03   1.7870168e-03  -6.1202510e-05
   1.4307352e-03   3.2348742e-01   5.6528915e-01   9.1074503e-03   1.4166063e-04   1.6462436e-03
  -8.0979927e-02   1.9950105e-01   1.0845004e+00   1.2319670e-02  -2.8170683e-03   1.3786532e-03
  -6.1581379e-02   1.3699988e-01   1.2118523e+00   1.1267636e-02  -3.2196749e-03   4.1808367e-04
  -3.9925991e-02   8.1197360e-02   1.2466772e+00   1.2278837e-02  -2.5097313e-03   9.4933530e-04
  -2.3750415e-02   5.7925064e-02   1.3216170e+00   1.2681744e-02  -2.8346230e-03   9.7663659e-04
  -2.2352462e-02   2.4052943e-02   1.3920561e+00   1.3450365e-02  -2.7099045e-03   8.2742768e-04
  -7.8578910e-02   1.2764831e-02   1.3801979e+00   1.2272430e-02  -3.5306746e-03  -3.1801511e-04
  -1.0121397e-01   7.5776293e-03   1.4052714e+00   1.3118558e-02  -3.8715067e-03  -4.1264418e-04
  -4.7895575e-02   8.1121402e-03   1.5310429e+00   1.4668843e-02  -4.7122468e-03   2.0771826e-05
  -2.9413186e-02   3.3019990e-02   1.4488330e+00   1.1098175e-02  -4.0171732e-03   6.2541641e-04
  -4.4441601e-02   3.2258770e-02   1.1583524e+00   1.1826440e-02  -3.1626552e-03   4.4910784e-04
  -4.8949766e-02  -4.3646416e-02   1.0585933e+00   1.2559117e-02  -2.5803199e-03   4.1025588e-04
  -4.7621722e-02   6.0435836e-02   1.0323688e+00   1.1318753e-02  -3.0483337e-03  -2.0815201e-05
  -4.7440195e-02   1.1523778e-01   1.0034894e+00   1.3790725e-02  -3.6303606e-03   5.3996530e-04
  -3.5501266e-02   1.1355354e-01   1.1896351e+00   1.3259034e-02  -3.0081323e-03   7.0057835e-04
  -6.0025330e-02   6.4472309e-02   1.3396034e+00   1.4827510e-02  -3.7913952e-03   1.7824184e-04
  -4.7573968e-02   3.2006251e-02   1.4819963e+00   1.4936343e-02  -4.0736298e-03  -4.8628260e-04
  -3.7081779e-02   4.6957578e-02   1.3742113e+00   1.2369871e-02  -3.6910360e-03  -2.1048815e-04
  -3.8565176e-02   5.6715105e-03   1.1767172e+00   1.2072380e-02  -2.8059909e-03  -3.7910024e-04
   4.9156594e-02   1.7939004e-01   1.1786840e+00   9.1866589e-03  -1.5624397e-03   3.1234426e-04
   6.5499380e-02   1.4523131e-01   8.8682230e-01   6.5244654e-03  -1.5996907e-03  -1.0598917e-03
   9.3685315e-02  -5.5771326e-02   5.9007833e-01   3.2597338e-03  -1.1023901e-03  -1.7128924e-03
   8.0166434e-02   3.4420321e-02   5.3188636e-01   1.9489032e-03  -6.8179971e-05  -2.0312312e-03
   5.1775484e-03   1.9361219e-01   3.7429348e-01   1.5879899e-04   1.8970109e-03  -2.7017434e-03
   3.9009598e-02   2.0382606e-01   2.5055689e-01   7.1879492e-04   2.7282969e-03  -3.4854147e-03
   6.8345945e-02   2.0840914e-01   6.6367250e-03   3.9522508e-03   3.4743930e-03  -4.1884476e-03
   1.3524299e-01   2.3444937e-01   1.3761667e-01   4.1809863e-03   4.6524111e-03  -4.1777079e-03
   1.6535426e-01   3.5558818e-01   1.9994921e-01   4.6040359e-03   5.5518813e-03  -3.4960064e-03
   5.8232550e-02   3.6479576e-01   1.9561413e-01   6.2622816e-03   5.1499148e-03  -2.3247317e-03
   4.1672811e-02   3.5451746e-01   1.5252832e-01   6.1201948e-03   4.7731706e-03  -1.9758084e-03
   3.3724973e-02   4.2458557e-01   1.4400347e-01   5.3029824e-03   4.5318703e-03  -2.1314192e-03
   3.6016179e-02   3.8566799e-01   1.2623204e-01   5.0676499e-03   4.8906400e-03  -1.7103965e-03
   4.6383783e-02   4.0759915e-01   8.5431377e-02   4.0278575e-03   4.8027793e-03  -1.6506176e-03
   3.3722690e-02   4.3391233e-01   1.0812007e-02   7.1822154e-03   5.0484871e-03  -1.4878928e-03
   3.4916721e-02   4.1810545e-01  -3.0196954e-02   7.3783461e-03   4.3748582e-03  -1.3269117e-03
   3.1935031e-02   4.5319707e-01   5.1432292e-04   8.4875717e-03   4.7175194e-03  -1.0460823e-03
   3.1579115e-02   5.2895063e-01   1.9471180e-02   6.3914600e-03   4.5316316e-03  -1.0242380e-03
