   0.0000000e+00   0.0000000e+00   0.0000000e+00   8.6736174e-19  -6.0185311e-36  -6.9388939e-18
   6.2786767e-03  -6.4914271e-03   2.4334810e-02   1.2352061e-03   4.4079831e-04   5.4113165e-07
  -3.5023676e-02   6.9350219e-02  -2.1962986e-02   4.5763246e-05   5.3813412e-04   6.8792906e-04
  -2.8671721e-01   6.1548278e-01   9.2733971e-03  -1.7981784e-02  -1.0795008e-03  -1.0277303e-03
  -3.8426392e-01   7.3678027e-01  -1.4826262e-02  -2.1086986e-02  -1.8591441e-03  -2.0291553e-04
  -3.7889248e-01   6.7144843e-01  -2.2005190e-01  -1.9604426e-02  -1.2865910e-03   2.0086757e-03
  -2.4286123e-01   7.2662730e-01  -3.9171968e-01  -1.7074907e-02   1.7217085e-03   3.3304561e-03
  -2.7391540e-01   4.7281319e-01  -5.7300371e-01  -1.5001604e-02   2.5202449e-03   3.5378471e-03
  -3.2191552e-01   2.9719374e-01  -5.9838396e-01  -1.3602159e-02   4.0462906e-03   3.4221700e-03
  -3.8937106e-01   2.2309526e-01  -5.2898074e-01  -6.6832879e-03   5.1367350e-03   2.5585953e-03
  -3.2821305e-01   1.5874549e-01  -5.5222381e-01  -8.0774556e-03   5.4633996e-03   2.2591607e-03
  -2.5429851e-01   4.5823779e-02  -5.8474473e-01  -6.4657320e-03   6.4793874e-03   1.7340536e-03
  -2.6508612e-01   1.2316727e-01  -5.7821654e-01  -9.3885282e-03   6.1529359e-03   2.3404953e-03
  -2.2147620e-01   1.3026695e-01  -5.0265748e-01  -7.8777891e-03   5.9435264e-03   2.1462518e-03
  -2.4654038e-01   6.1897596e-02  -5.2046708e-01  -7.8457816e-03   6.7795673e-03   2.5455952e-03
  -3.0281816e-01   4.0440625e-02  -7.0400097e-01  -8.8819668e-03   5.9758988e-03   2.8784683e-03
  -1.8147606e-01   6.5607612e-02  -1.1036776e+00  -3.2088662e-04   4.6627170e-03   1.1337560e-03
  -1.2243193e-01   1.5190664e-01  -7.0824225e-01   4.0011910e-03   4.3203375e-03   1.1892734e-03
  -1.9262379e-01   2.3316137e-01  -5.4371392e-01  -8.3984066e-04   3.2348135e-03   2.6023127e-03
  -2.0821811e-01   2.0500009e-01  -5.1880320e-01  -2.4300996e-03   2.7874356e-03   2.3720497e-03
  -1.9119374e-01   2.9575341e-01  -4.4151046e-01  -2.1928504e-05   3.7108045e-03   3.5478084e-03
  -2.1522643e-01   1.8917817e-01  -4.2835151e-01  -4.4181713e-04   3.2139277e-03   3.6353952e-03
  -2.4896386e-01   1.7458917e-01  -4.2263604e-01  -6.6519155e-04   3.2089452e-03   3.4502535e-03
  -2.3697022e-01   1.7391847e-01  -4.4985033e-01  -9.6578459e-05   3.6531216e-03   3.4562823e-03
  -2.3741358e-01   1.6513791e-01  -4.8075308e-01   1.4602553e-03   3.0611998e-03   3.4528725e-03
  -2.3323509e-01   1.1922645e-01  -4.2026398e-01   1.3956767e-03   3.4008510e-03   2.9850240e-03
  -2.3079011e-01   1.4503871e-01  -3.9327513e-01   2.3674801e-03   2.7112820e-03   2.8039458e-03
  -1.9859041e-01   1.6565467e-01  -4.6421857e-01   6.4705742e-04   2.8234527e-03   2.7875612e-03
  -2.0714448e-01   1.5039890e-01  -5.2117649e-01   8.2409812e-04   2.1871198e-03   2.3152719e-03
  -1.6797856e-01   1.9541879e-01  -4.8378367e-01  -3.4260388e-04   3.0962694e-03   1.8958754e-03
  -1.4255948e-01   2.7176468e-01  -6.6096587e-01  -3.2656293e-03   4.2590280e-03   3.4825629e-03
  -7.4181251e-02   3.7935945e-01  -6.4906406e-01  -1.7344419e-03   6.2657889e-03   3.9819641e-03
  -9.9725078e-02   5.4671542e-01  -4.7250237e-01   1.1754547e-03   5.1144553e-03   4.3762193e-03
  -1.0753674e-01   7.3124040e-01  -2.3298172e-01   3.5376318e-03   3.2406943e-03   5.8498434e-03
  -1.3696826e-01   6.4878383e-01  -3.2173584e-01   7.4366483e-03  -4.4599482e-04   6.3087989e-03
  -5.4016360e-02   3.3792378e-01  -5.7606622e-02   1.2391329e-02   2.9703195e-04   6.2753199e-03
  -1.0408283e-01   2.8423382e-01  -1.5881345e-01   1.3218226e-02   2.9948567e-03   4.6513712e-03
  -2.4168673e-02   3.9255054e-01   2.4755506e-01   1.6016735e-02   2.6359745e-03   3.4982006e-03
   1.8261341e-02   4.0315685e-01   2.3497396e-01   1.6256975e-02   3.0498790e-03   3.6294328e-03
   2.4932446e-02   3.7739742e-01   2.7520889e-01   1.6164015e-02   3.3311727e-03   3.7292003e-03
   1.4627780e-02   3.4550977e-01   3.0809122e-01   1.6932470e-02   3.1206999e-03   3.5984339e-03
   3.3229188e-02   3.5618838e-01   3.3475887e-01   1.7569076e-02   2.8155188e-03   3.5713993e-03
   4.2692822e-02   3.0444709e-01   3.8481106e-01   1.6316615e-02   2.9916873e-03   3.3150760e-03
   4.2631465e-02   3.3044691e-01   3.6806812e-01   1.7374247e-02   2.0396868e-03   3.5747225e-03
   5.7600041e-02   1.8651493e-01   4.6707613e-01   1.9616524e-02   1.9132850e-03   2.9789991e-03
   8.8196466e-02   2.2069244e-01   5.2094544e-01   1.8616602e-02   1.9145465e-03   2.8523053e-03
   7.5338268e-02   4.2087736e-01   4.6386135e-01   1.3959400e-02   1.6328098e-03   3.0669201e-03
   6.9134949e-02   3.1586503e-01   3.9924923e-01   1.7914263e-02   1.3758792e-03   3.2315275e-03
   7.7847933e-02   3.0424351e-01   4.4786834e-01   1.6134028e-02   1.6218421e-03   2.8596581e-03
   8.0078533e-02   3.1788914e-01   4.7962950e-01   1.7524032e-02   1.2917928e-03   2.7833043e-03
   7.7645216e-02   2.8665507e-01   5.2435998e-01   1.9462903e-02   8.7772917e-04   2.2830922e-03
   9.2905308e-02   2.9231410e-01   5.7125548e-01   2.0865573e-02   3.5466080e-04   2.2372613e-03
   1.1501919e-01   2.8172120e-01   6.3782952e-01   2.2044864e-02   8.0405008e-05   2.5061616e-03
   1.0792807e-01   2.7071718e-01   5.7032675e-01   1.9728634e-02   8.6602360e-05   2.1329880e-03
   1.0906606e-01   2.5033092e-01   5.5230654e-01   1.9687052e-02  -1.9261287e-04   1.8346096e-03
   9.9245368e-02   3.0559174e-01   5.2937024e-01   1.7583914e-02  -1.0448792e-03   1.9021439e-03
   8.7231389e-02   2.0926096e-01   5.4154936e-01   2.0407590e-02  -6.3941529e-04   1.7272171e-03
   9.7942403e-02   2.9447554e-01   6.4477966e-01   2.1780795e-02  -1.4321771e-03   1.2624839e-03
   8.4481661e-02   1.8217922e-01   5.6997951e-01   2.0893999e-02  -6.8972118e-04   1.7519909e-03
   6.7909085e-02   1.7323207e-01   4.9653553e-01   2.1519648e-02  -2.2986158e-03   2.1881411e-03
   7.7150218e-02   1.9471548e-01   4.6049877e-01   1.9885183e-02  -1.2624957e-03   1.9254959e-03
   4.3663215e-02   1.5920648e-01   3.6751795e-01   1.7879851e-02  -1.0709001e-03   2.3983604e-03
   6.8199453e-02   7.2661747e-02   1.9268152e-01   9.7262850e-03  -9.1439366e-04   1.1653576e-03
   5.6734052e-02   1.0139169e-01   2.7214780e-01   1.2575448e-02   3.3074537e-04   2.2031566e-03
   9.1037782e-02   1.4504552e-01   2.9587182e-01   1.1431669e-02   8.7130855e-04   1.3468172e-03
  -3.4914479e-02   1.9631760e-01  -1.3536304e-02   4.7564742e-03   1.2838097e-03   3.4260546e-03
  -4.3337987e-02   1.3433116e-01   1.0430685e-01   8.4450797e-03   3.2188019e-04   2.9004743e-03
  -3.6001955e-02   2.5081440e-01   2.2522486e-01   1.0901488e-02   7.2485614e-04   2.6962798e-03
  -1.3233667e-02   2.5474741e-01   1.8960192e-01   1.0259490e-02   7.6419673e-04   2.7535463e-03
  -9.3820024e-03   1.9725199e-01   2.8581775e-01   1.0450433e-02   2.6387999e-04   2.8637605e-03
  -2.3227702e-03   1.2668440e-01   2.9293201e-01   1.0492649e-02   5.0871559e-04   2.4680492e-03
   4.2246017e-04   1.3201286e-01   3.4916250e-01   1.1978416e-02   4.4456967e-04   2.1504050e-03
   2.1629100e-03   1.3910807e-01   3.2628668e-01   1.2872787e-02   1.7164682e-04   2.3445374e-03
   7.5298078e-03   1.2623047e-01   4.1018853e-01   1.3563493e-02  -1.5437297e-04   1.9397419e-03
   2.6905598e-02   1.3058679e-01   4.7920123e-01   1.5041401e-02  -4.4356832e-04   1.5320830e-03
   1.3551494e-02   6.7783479e-02   4.9093108e-01   1.5043809e-02  -5.5046418e-04   1.0552052e-03
   3.0871639e-03   1.8029278e-01   4.3985017e-01   1.1993211e-02  -5.5739631e-04   1.5471588e-03
   5.1046323e-03   1.0895347e-01   3.7346791e-01   1.2855613e-02  -5.5092693e-04   1.5837590e-03
   1.3095291e-02   1.1648517e-01   3.7033702e-01   1.4358935e-02  -7.0183808e-04   1.4540468e-03
   1.8749234e-02   1.4434333e-01   5.0410951e-01   1.7332383e-02  -4.5772816e-04   1.1372340e-03
   2.4382626e-02   1.3345588e-01   5.0348775e-01   1.6062476e-02  -1.1145282e-03   1.7185138e-03
   2.3905884e-04   1.4879269e-01   4.5024590e-01   1.4972512e-02  -6.4597170e-04   9.5598364e-04
  -8.4361073e-03   2.0799027e-01   5.7842181e-01   1.1097044e-02   1.7916647e-05   2.0382701e-03
  -5.3433625e-02   1.1667065e-01   5.5221810e-01   1.2981666e-02   9.9296303e-04   1.9695454e-03
  -4.0964978e-02   1.2463774e-01   5.8489607e-01   1.2873645e-02   8.3658698e-04   1.4864331e-03
  -4.1218782e-02   1.2809585e-01   6.6269718e-01   1.7575214e-02   6.7936596e-04   1.7454985e-03
  -1.6820651e-02   1.6630416e-01   8.3604755e-01   2.0020596e-02  -5.2495217e-05   2.9981890e-04
  -7.5377129e-03   9.7697013e-02   9.5048061e-01   2.2331834e-02  -9.7372778e-04   8.9110431e-05
  -1.3497840e-02   6.6947271e-02   9.4607108e-01   2.1166252e-02  -1.9093015e-03  -4.6267423e-04
  -3.1817794e-02   9.6951783e-02   6.9369198e-01   2.0000564e-02  -1.3068151e-03   1.3238621e-04
  -3.2210523e-02   1.0094780e-01   5.9692522e-01   1.7759026e-02  -1.3364240e-03   1.3715410e-04
  -3.4889104e-02   1.3465066e-01   6.1976340e-01   1.8112996e-02  -7.1105993e-04   4.7857841e-04
   2.0979224e-02   1.3726253e-01   6.5160843e-01   1.9358890e-02   1.0182944e-03   5.0339997e-04
  -6.7247087e-03   1.4321074e-01   6.9830559e-01   2.0255526e-02   2.4112281e-04   4.0486030e-04
  -1.1585507e-02   9.2815149e-02   7.6955527e-01   2.1003248e-02  -1.9347690e-05   3.4281818e-04
   1.6583704e-03   1.2559563e-01   8.7090009e-01   2.2061892e-02  -9.3474941e-04  -1.4488999e-04
  -6.5240798e-04   5.0835666e-02   8.5641258e-01   2.1296264e-02  -4.1349074e-04  -6.6106540e-05
   1.6251754e-02   2.9550646e-02   7.7516665e-01   2.2476762e-02  -2.9302996e-04   6.4928784e-04
   1.1973962e-02   1.3564276e-01   9.0981179e-01   2.1541921e-02  -4.2069029e-04   6.7645661e-04
   9.2899883e-03   5.9782900e-02   8.9086909e-01   2.3244861e-02  -7.8157792e-04   2.5756149e-04
   3.0045603e-02   8.4524392e-02   9.9810850e-01   2.4967658e-02  -1.0468723e-03   1.0445364e-04
   2.0323986e-02   1.3657480e-01   1.0552677e+00   2.3894815e-02  -1.1974714e-03   4.4012232e-04
   3.0904609e-02   2.4681582e-02   8.6597025e-01   2.3844880e-02  -7.5380535e-04   4.9715348e-04
   3.8659358e-02   1.6608995e-01   9.5883103e-01   2.2385822e-02  -9.6269037e-04   6.5022546e-04
  -4.0000360e-03   8.7071765e-02   4.7611717e-01   1.1524445e-02   1.3670171e-03   1.2210109e-03
  -7.6059415e-02   1.0446256e-01   4.0160363e-01   3.7127196e-03   2.2902890e-03   1.2341816e-03
  -9.0897723e-02   1.0860964e-01   3.6223407e-01   9.4909209e-03   8.1181249e-04   1.1923598e-03
  -4.8279733e-02   6.8736701e-02   4.7793848e-01   9.2320112e-03   1.8515104e-03   2.7583636e-03
  -3.3031211e-02   1.1728654e-01   5.2108784e-01   9.5274330e-03   1.4100315e-03   4.2848561e-03
  -8.9913029e-02   1.3255315e-02   4.7014963e-01   8.9451447e-03   2.8480492e-03   3.7791550e-03
  -8.6978229e-02   8.5108030e-02   4.7942998e-01   9.2321118e-03   3.8059792e-03   3.9261565e-03
  -6.4469329e-02   1.1709249e-02   5.3274369e-01   8.4590488e-03   4.1145408e-03   3.9253089e-03
  -8.7717438e-02   4.7614706e-02   4.9421983e-01   9.8829344e-03   3.7650724e-03   3.6670666e-03
  -9.8054267e-02   6.0114714e-02   5.2957073e-01   1.0936685e-02   3.9983602e-03   3.9695406e-03
  -1.4676492e-01   1.3970420e-01   4.8101481e-01   7.3528711e-03   5.2361034e-03   3.6730643e-03
  -1.4476551e-01   4.1193887e-01   4.9907334e-01  -3.9938851e-03   5.9918458e-03   4.6676257e-03
  -9.2284366e-02   5.1028595e-01   3.4197619e-01  -6.1960697e-03   6.1882412e-03   2.6043322e-03
  -1.1605498e-01   4.3061661e-01   2.0321861e-01  -9.0621100e-03   6.4824136e-03   2.4174588e-03
  -1.7203483e-01   3.8425136e-01   1.7203749e-01  -4.7755043e-03   6.9159186e-03   2.3428508e-03
  -1.3661987e-01   3.0728136e-01   2.7560782e-01  -2.6354907e-03   6.7571550e-03   2.4359796e-03
  -9.3999781e-02   2.6383783e-01   4.6198277e-01  -1.1583953e-03   6.5274887e-03   2.5593144e-03
  -4.8526249e-02   9.3990217e-02  -6.3672033e-02   5.4589329e-05   6.9411998e-03   1.5592012e-03
  -4.5194971e-02   2.2912799e-01   4.3913647e-01   1.8944773e-03   6.4492029e-03   3.8190378e-03
  -9.2441108e-02  -6.8623973e-02   5.0913460e-01   5.1204872e-03   3.6629088e-03   6.3054752e-03
  -1.2262039e-01  -3.4924568e-01   4.0112476e-01   5.5340309e-03   5.8082723e-03   5.2387552e-03
  -1.8144937e-02   6.9093252e-02   1.4238912e+00   1.2034046e-02   6.3081795e-03   2.8397816e-03
  -1.5047646e-02   5.5928946e-02   1.2792899e+00   1.4988413e-02   4.8937729e-03   1.9433588e-03
   5.6932328e-03   2.5503867e-02   1.2945267e+00   1.4849048e-02   5.5843112e-03   2.0683589e-03
   2.4246075e-02   1.4511489e-02   1.3342754e+00   1.5958527e-02   6.4220289e-03   1.6984897e-03
  -6.3018124e-03   5.4849012e-02   1.3420341e+00   1.4832448e-02   4.9149537e-03   2.9182674e-03
  -3.0453491e-03   1.5092854e-02   1.3223968e+00   1.5116000e-02   4.2133766e-03   3.1002942e-03
   1.6017111e-02  -4.3147640e-02   1.2613948e+00   1.6535528e-02   4.4013647e-03   2.9761228e-03
  -8.5639014e-03   9.3524071e-02   1.1764790e+00   1.9449402e-02   7.9299395e-03  -3.6800332e-03
   1.9552909e-02  -9.5301568e-02   1.7682145e+00   1.0544957e-02   5.9119030e-03   2.5481418e-03
   5.0922640e-02  -4.6171749e-02   1.6421009e+00   1.3093500e-02   6.1165250e-03   2.0370170e-03
   2.8076015e-02   6.0608690e-02   1.5284998e+00   1.2862032e-02   5.8442385e-03   2.3589108e-03
   3.3356303e-02  -7.4306741e-03   1.4573518e+00   1.3478602e-02   5.2282192e-03   2.3018591e-03
   3.2355394e-02   4.6301096e-02   1.4621965e+00   1.3318525e-02   5.1989526e-03   2.0833089e-03
   2.6602683e-02   3.4121109e-03   1.3587218e+00   1.2859874e-02   4.6223814e-03   1.9487836e-03
   1.3277286e-02  -8.5185152e-02   1.1463134e+00   1.4093061e-02   4.2536350e-03   1.7606345e-03
   1.4868969e-02  -3.3970385e-02   1.0965470e+00   1.3666054e-02   3.7880357e-03   1.3955941e-03
  -4.2514118e-03  -1.3874503e-02   9.9562138e-01   1.4384292e-02   3.0894777e-03   1.3928639e-03
  -6.8919687e-03  -7.3128991e-02   9.6633951e-01   1.6246864e-02   2.2112247e-03   4.1234815e-04
  -2.0734634e-02   3.5902712e-02   9.6271103e-01   1.4533529e-02   1.6691949e-03   4.4022654e-04
  -2.9419992e-02   3.1034944e-02   8.7012508e-01   1.5931279e-02   1.8154332e-03   1.0778713e-03
  -5.4927203e-03   4.8543237e-02   7.9063196e-01   1.6752533e-02   1.9241282e-03   2.5612949e-04
  -1.1762111e-02   2.0510481e-02   7.8842989e-01   1.8342976e-02   1.9672024e-03  -4.0324772e-05
  -6.9656870e-03   1.5160903e-01   9.1773477e-01   1.9145621e-02   1.6657242e-03   3.3207857e-04
   4.1581471e-03   1.2805494e-01   9.2419077e-01   2.0098509e-02   7.0131636e-04  -1.9971785e-04
   5.1686008e-03   1.0234412e-01   1.0150963e+00   2.1803418e-02   6.6369291e-04  -3.9008548e-04
   6.7725981e-03   6.8769819e-02   1.0541114e+00   2.1563416e-02  -1.8979455e-05  -9.3826050e-04
   6.8642891e-03   5.0886866e-02   1.0559960e+00   2.2052986e-02  -9.4008606e-05  -6.7487341e-04
  -1.3886697e-02   1.7164676e-01   1.1905969e+00   2.1708387e-02   3.1202494e-04  -6.8534721e-05
  -3.1670825e-02   1.0548274e-01   1.2391682e+00   2.1692017e-02  -1.9452591e-04  -2.4043485e-05
  -3.9580316e-02   8.4646635e-02   1.1759824e+00   2.1054181e-02   2.4503290e-04  -1.1624839e-04
  -3.7710728e-02   8.8817850e-02   1.1255826e+00   2.2041307e-02   4.4482621e-04   1.4362052e-04
  -1.3488942e-02   9.2202121e-02   1.1741621e+00   2.3021492e-02   2.9229990e-04   2.3063540e-04
   4.4643701e-03   6.0622464e-02   1.2302625e+00   2.4109464e-02   3.2388473e-04   9.8190312e-05
   4.7754685e-03   5.6526407e-02   1.2272989e+00   2.2884837e-02   8.3610270e-08  -1.7678343e-05
   5.9648304e-03   4.4140114e-02   1.2879191e+00   2.3875047e-02  -7.7213499e-05  -1.1808260e-04
   8.6023321e-03   2.1770663e-02   1.3500625e+00   2.4934800e-02  -1.2403398e-03  -7.5638669e-04
   3.4930554e-04   2.2451201e-02   1.3311753e+00   2.4883096e-02  -1.3579967e-03  -1.0758389e-03
  -3.1483002e-02   2.1842030e-02   1.2819154e+00   2.4027544e-02  -1.4503274e-03  -7.4717800e-04
  -2.8121467e-02  -6.1373178e-02   1.1252393e+00   2.3394762e-02  -1.9687904e-03  -1.4533039e-03
  -4.8215569e-02   1.1982667e-01   1.1846674e+00   2.4090742e-02  -2.0080721e-03  -3.6946520e-04
  -5.9639990e-02   1.1110393e-01   1.1824411e+00   2.3843177e-02  -2.2476772e-03  -6.0341618e-04
  -5.3113922e-02   8.6996447e-02   1.2583580e+00   2.5825581e-02  -2.1521739e-03  -8.0586497e-04
  -3.4200850e-02   1.3884972e-01   1.3056014e+00   2.6874547e-02  -2.3581880e-03  -8.3337573e-04
  -5.4183896e-02   7.6933428e-02   1.3214749e+00   2.6133613e-02  -2.3244043e-03  -1.4506513e-03
  -5.5988620e-02   3.6233166e-02   1.2099588e+00   2.5868183e-02  -2.7790594e-03  -8.6443198e-04
  -3.8640696e-02   5.4495644e-02   1.2859373e+00   2.5944482e-02  -2.9172455e-03  -1.4731235e-03
  -3.7213375e-02   9.4404262e-02   1.4241258e+00   2.7974407e-02  -3.6116442e-03  -1.6832695e-03
  -5.0838128e-02   4.4664358e-02   1.3927843e+00   2.6858258e-02  -4.6195669e-03  -2.2438118e-03
  -5.8176015e-02   1.0633481e-01   1.4516867e+00   2.7527595e-02  -3.9198070e-03  -1.6696155e-03
  -4.2217080e-02   5.9937130e-02   1.5041317e+00   2.9796345e-02  -3.7246411e-03  -2.0749843e-03
  -1.5988784e-02   1.1998773e-01   1.5408467e+00   3.2081058e-02  -3.6554939e-03  -2.3185644e-03
  -2.0088477e-02   1.5241922e-01   1.5975741e+00   3.0831858e-02  -3.9375948e-03  -2.2351345e-03
  -4.2635393e-02   1.1224839e-01   1.4645880e+00   2.8917428e-02  -3.4658040e-03  -1.9678301e-03
  -2.9996971e-02   7.3902582e-02   1.2764775e+00   2.9272873e-02  -3.7748520e-03  -2.0632763e-03
  -2.7101320e-02   1.5844810e-01   1.4189395e+00   2.8110335e-02  -3.9184914e-03  -2.1192092e-03
  -4.0799109e-02   9.9836144e-02   1.3780714e+00   3.0496205e-02  -3.5440957e-03  -1.9889484e-03
  -2.7315937e-02   1.5415396e-01   1.4541509e+00   3.1302570e-02  -3.9083987e-03  -2.2471112e-03
  -2.5634973e-02   1.7953264e-01   1.5625080e+00   3.3755853e-02  -3.6607591e-03  -2.1602344e-03
  -1.1333531e-03   1.5631730e-01   1.5643896e+00   3.6561241e-02  -3.9721780e-03  -2.2474282e-03
  -3.4246613e-02   2.0115365e-01   1.5338830e+00   3.3669829e-02  -4.1325144e-03  -2.2484465e-03
  -4.3171312e-02   1.8705277e-01   1.4347623e+00   3.2450189e-02  -4.4053349e-03  -2.1540552e-03
  -5.2557779e-02   1.3885064e-01   1.4162441e+00   3.3208153e-02  -4.2278038e-03  -2.2131837e-03
  -3.7271192e-02   2.1715698e-01   1.4126015e+00   3.5115353e-02  -4.4783688e-03  -1.7856111e-03
