   0.0000000e+00   0.0000000e+00   0.0000000e+00   0.0000000e+00   0.0000000e+00   0.0000000e+00
   8.5637398e-03   1.2182429e-01  -4.3361822e-03  -5.0829642e-03  -8.8812359e-04   4.2139253e-04
  -9.7820977e-02  -1.1987528e-01  -2.9343072e-01  -6.2674348e-03  -1.9521769e-04   7.5141294e-06
  -1.1426298e-01  -1.2270972e-01  -2.7932654e-01  -7.1649308e-03  -9.4706145e-05   3.9440809e-05
  -1.0936957e-01  -9.1000681e-02  -2.6774159e-01  -8.2813196e-03  -8.3206541e-04   5.3833524e-04
  -1.3704035e-01  -5.8805592e-02  -2.4825605e-01  -8.0181734e-03  -9.8524670e-04   1.0225605e-03
  -1.4476793e-01  -5.7968415e-02  -2.6403221e-01  -9.4141768e-03  -1.5555845e-03   8.6173975e-04
  -1.4609076e-01  -6.7315187e-02  -2.6568322e-01  -9.8810663e-03  -1.7435924e-03   1.1599469e-03
  -1.7311395e-01  -8.2421227e-02  -3.4931882e-01  -1.1747634e-02  -1.8143901e-03   9.0916256e-04
  -1.7182811e-01  -1.6220586e-02  -2.6998062e-01  -1.2462726e-02  -1.4327957e-03   5.0683294e-04
  -2.0268693e-01  -7.0541105e-02  -3.0013820e-01  -1.2281578e-02  -9.1103289e-04   7.9318510e-05
  -1.8960522e-01  -3.1218328e-02  -3.2831331e-01  -1.1336629e-02  -1.1477958e-03  -9.6837110e-05
  -1.7825886e-01   4.1609415e-02  -3.0616676e-01  -1.0867225e-02   1.9622777e-04   4.8055984e-04
  -1.2585988e-01   1.1380316e-01  -2.3551380e-01  -1.3252742e-02   1.2723494e-03   3.3042228e-04
  -1.2802109e-01   1.5438839e-02  -2.1927364e-01  -1.0976802e-02   1.2202188e-03  -6.7533341e-04
  -1.0699185e-01  -2.7518780e-02  -2.3744506e-01  -1.1130913e-02   1.7308453e-03  -3.6485107e-04
  -7.3677463e-02  -1.0032285e-02  -2.8297218e-01  -9.6145183e-03   2.8668420e-03  -2.5171028e-04
  -3.6391789e-02  -4.4937244e-02  -6.3867217e-01  -1.0893932e-02   3.7971629e-03  -2.3014575e-04
  -4.9134483e-02  -6.6617699e-02  -5.5576512e-01  -1.1756191e-02   3.6492865e-03  -6.2174338e-04
  -4.9016002e-02  -3.1285699e-02  -4.4596000e-01  -1.4191318e-02   3.7515594e-03  -1.2709927e-03
  -6.4423545e-02  -4.4194005e-02  -4.7614519e-01  -1.4156343e-02   4.4047853e-03  -1.0862053e-03
  -5.1718812e-02  -1.2316364e-02  -4.5996580e-01  -1.4716811e-02   4.7806833e-03  -6.2016968e-04
  -4.3342160e-02  -1.9564589e-02  -4.3646602e-01  -1.4722018e-02   5.5994396e-03  -7.1499539e-04
  -3.7440289e-02  -3.9495683e-02  -4.3429904e-01  -1.4684139e-02   5.6556627e-03  -7.9683230e-04
  -1.0932476e-02   1.2122571e-01  -1.6701260e-01  -1.3671351e-02   5.6497781e-03  -1.5174574e-03
   3.4510206e-03   7.9960801e-02   3.9933910e-02  -1.3953390e-02   5.9346637e-03  -1.8222222e-03
   3.5610717e-02  -4.9595579e-02  -7.8021298e-02  -1.4084581e-02   6.3804373e-03  -1.4269439e-03
  -1.6547603e-02   1.4941938e-02  -1.6117258e-01  -1.2400966e-02   6.8319873e-03  -1.6881937e-03
  -5.8632826e-03   7.7633473e-02  -3.5146735e-01  -1.3829768e-02   7.6664352e-03  -1.6268988e-03
   3.2676856e-02   5.9389345e-02  -4.5494775e-01  -1.5149342e-02   7.6026358e-03  -2.9644871e-03
   1.5879148e-02   7.3057217e-02  -3.4755746e-01  -1.3477564e-02   7.0376784e-03  -2.6751574e-03
  -5.3333321e-03   8.9014616e-02  -3.2801206e-01  -1.2969572e-02   6.5978331e-03  -2.4464819e-03
  -3.2758470e-02   1.0727658e-01  -2.0969458e-01  -1.4338209e-02   6.7712053e-03  -1.9407358e-03
  -1.7123897e-02   1.4134241e-01  -8.0016911e-02  -1.3404885e-02   5.4514595e-03  -1.6273266e-03
   1.3448696e-02  -7.7660288e-03  -9.1763212e-02  -1.2564008e-02   4.5882119e-03  -1.7452511e-03
   2.6925072e-03   3.6992752e-02  -1.4374520e-01  -1.1181944e-02   5.0062795e-03  -1.7187118e-03
  -4.0065010e-02   6.5894358e-02  -2.9270237e-01  -1.3127313e-02   5.1507704e-03  -1.6324125e-03
  -6.7413991e-02   7.4108278e-03  -3.1013896e-01  -1.1656256e-02   5.0448637e-03  -2.0629403e-03
  -4.6622470e-02   4.8120646e-02  -2.9769854e-01  -1.2803250e-02   5.2425640e-03  -2.0341121e-03
  -3.1915363e-02   7.6707507e-02  -3.3192678e-01  -1.2391922e-02   5.5837796e-03  -2.4089753e-03
  -2.2694956e-03   1.9297999e-01  -5.2322886e-01  -1.2724620e-02   4.3974420e-03  -9.7074052e-04
   1.6884528e-02   1.4086675e-01  -8.6259877e-01  -1.2083888e-02   5.8231478e-03  -2.2454818e-03
   4.1525117e-02   1.2745528e-01  -8.8359818e-01  -1.1331276e-02   5.6008308e-03  -1.7098362e-03
   5.4256405e-02   1.9819987e-01  -8.7209578e-01  -9.8243829e-03   5.4625102e-03  -1.4893595e-03
   6.6597236e-02   2.1310875e-01  -8.4428626e-01  -1.0990802e-02   5.4758215e-03  -1.6436477e-03
   8.1675715e-02   2.1549275e-01  -8.5718025e-01  -1.2018041e-02   6.3707751e-03  -1.1675150e-03
   1.0092621e-01   2.3372018e-01  -8.1763878e-01  -1.3273384e-02   6.4301425e-03  -7.2886030e-04
   8.3300542e-02   1.9811159e-01  -7.8947462e-01  -1.2021091e-02   7.5467067e-03  -8.6363051e-04
   7.0072266e-02   2.3433571e-01  -7.2395543e-01  -1.3151829e-02   6.7207561e-03  -2.9909832e-04
   6.0653254e-02   4.5620355e-01  -5.4800473e-01  -1.3260272e-02   6.0637958e-03  -8.2797634e-04
   1.1819274e-01   1.0151760e+00  -6.0356775e-01  -1.7721760e-02   8.5959226e-03  -3.3114947e-03
   1.2752303e-01   8.8227162e-01  -7.3924160e-01  -2.7409435e-02   7.8089743e-03  -2.8175681e-03
   1.4485525e-01   1.0643673e+00  -6.6398728e-01  -2.7144622e-02   7.4318405e-03  -2.5190843e-03
   1.6130295e-01   1.1042700e+00  -5.9429683e-01  -2.6687805e-02   7.6862573e-03  -2.2203969e-03
   1.6996272e-01   1.2840131e+00  -5.7515862e-01  -2.8585870e-02   6.6082773e-03  -1.9926062e-03
   1.6155103e-01   1.3205042e+00  -7.3586538e-01  -2.6962707e-02   6.3344636e-03  -1.7105915e-03
   1.6741458e-01   1.3703675e+00  -8.0957951e-01  -2.3566201e-02   7.3191257e-03  -1.7267546e-03
   1.7325023e-01   1.2777385e+00  -8.5503198e-01  -2.3239983e-02   7.1586563e-03  -1.7094506e-03
   1.8917083e-01   1.1821122e+00  -7.9016733e-01  -2.2887139e-02   7.0067219e-03  -1.8284256e-03
   1.8853596e-01   1.1131805e+00  -7.7312094e-01  -2.4334636e-02   7.4602308e-03  -1.5369520e-03
   1.9317237e-01   1.0414700e+00  -7.9738350e-01  -2.3641844e-02   7.7126778e-03  -1.1970623e-03
   1.8551276e-01   9.8282995e-01  -9.8456176e-01  -2.1729773e-02   7.5768024e-03  -1.2906860e-03
   2.0143538e-01   1.0212439e+00  -7.2436662e-01  -2.1228440e-02   7.0466801e-03  -1.2662683e-03
   1.9961502e-01   9.3765978e-01  -7.3088413e-01  -2.2275966e-02   6.9403693e-03  -1.6865935e-03
   1.9443694e-01   1.0313428e+00  -8.9086386e-01  -2.2539064e-02   8.2034633e-03  -4.9196173e-04
   1.9907611e-01   8.4587533e-01  -1.0298046e+00  -2.2839145e-02   7.1149211e-03   2.2515810e-04
   2.2088207e-01   8.5242849e-01  -1.0737991e+00  -2.1971393e-02   7.4303491e-03  -4.6647153e-04
   2.1644051e-01   8.5695618e-01  -1.0583078e+00  -2.0123441e-02   7.4083296e-03  -2.8235887e-04
   1.5953472e-01   8.5270192e-01  -1.0786264e+00  -2.3283650e-02   7.9180626e-03  -8.4729671e-04
   1.9404365e-01   8.1812832e-01  -1.1503851e+00  -2.3683686e-02   8.2781936e-03  -2.6125888e-04
   1.9791176e-01   8.9278379e-01  -1.0774465e+00  -2.4761610e-02   8.7206929e-03   4.6810505e-04
   1.9939122e-01   8.7308039e-01  -1.1532542e+00  -2.2939946e-02   8.4305984e-03   3.6713782e-04
   2.0516826e-01   8.4416028e-01  -1.1090094e+00  -2.1791017e-02   8.4060585e-03  -6.0194691e-05
   2.0837740e-01   8.3649737e-01  -1.0099545e+00  -2.1687274e-02   8.3011778e-03  -7.6763115e-05
   2.1144607e-01   9.9534384e-01  -7.9839719e-01  -2.1148796e-02   7.0911012e-03   9.7038460e-04
   2.0125614e-01   9.4996919e-01  -6.1305694e-01  -2.0194126e-02   6.0258722e-03   1.1817457e-03
   2.0147184e-01   6.9954253e-01  -9.0492884e-01  -2.2533261e-02   6.3502763e-03   1.7233737e-03
   2.0110328e-01   7.3865030e-01  -8.8012389e-01  -2.3597456e-02   7.4347217e-03   1.1740725e-03
   1.8903679e-01   7.8020458e-01  -9.4752926e-01  -2.3558920e-02   7.7503081e-03   7.9178111e-04
   1.9166117e-01   7.3484552e-01  -9.1761029e-01  -2.2204303e-02   7.8001173e-03   9.5734991e-04
   2.0524722e-01   8.3169915e-01  -8.2939578e-01  -2.2026280e-02   7.0867550e-03   7.8307260e-04
   2.1936933e-01   8.3678146e-01  -8.6634912e-01  -2.3034779e-02   7.7314376e-03   1.0142326e-03
   2.4606093e-01   8.2429093e-01  -9.8831234e-01  -2.3092446e-02   8.1523306e-03   1.0633518e-03
   2.6396939e-01   8.3282658e-01  -9.9269683e-01  -2.1195504e-02   7.8633715e-03   1.2725890e-03
   4.5023888e-01   1.1110716e+00  -9.1791951e-01  -3.0457840e-02   6.9523368e-03   1.8565152e-04
   4.2513383e-01   1.4536783e+00  -8.4413040e-01  -3.3964197e-02   7.2152799e-03  -4.3821369e-04
   3.8116364e-01   1.6219119e+00  -8.0016700e-01  -3.1519396e-02   7.6704837e-03  -6.8559639e-05
   3.6748406e-01   1.6754813e+00  -6.2120005e-01  -2.6966555e-02   6.5255557e-03   6.9383269e-04
   2.4607202e-01   1.4798453e+00  -4.6146892e-01  -2.3196947e-02   5.5724584e-03   2.1409451e-03
   1.5213252e-01   1.0742868e+00  -2.7228743e-01  -1.3829122e-02   1.2740766e-03   3.4765113e-03
   1.6096943e-01   1.0171744e+00  -2.6239313e-01  -1.9423595e-02   3.5399961e-03   2.7406653e-03
   1.0671761e-01   9.5516439e-01  -1.2641657e-01  -2.0372798e-02   2.8256223e-03   3.4840758e-03
   1.4110658e-01   8.7331196e-01  -1.3812057e-01  -2.0864854e-02   2.9509003e-03   3.8296499e-03
   2.6733644e-01   8.5330714e-01  -6.4087407e-01  -2.4486846e-02   3.2386513e-03   2.9862724e-03
   2.2903933e-01   7.0748677e-01  -1.0825165e+00  -2.3911194e-02   2.8904276e-03   2.0738621e-03
   1.9593562e-01   8.3911256e-01  -3.0060725e-01  -2.1903758e-02   3.4448075e-03   2.9823707e-03
   1.9723309e-01   7.7976609e-01  -9.2748446e-02  -2.4653604e-02   4.7645598e-03   2.4585169e-03
   2.0055812e-01   7.2294694e-01   3.9352463e-02  -2.3913572e-02   3.7721412e-03   2.9633555e-03
   2.1029659e-01   7.0847385e-01   1.0022965e-01  -2.4573433e-02   4.0808687e-03   2.9767936e-03
   2.4660767e-01   7.6767855e-01   8.5798186e-02  -2.6737145e-02   3.7304958e-03   2.8670399e-03
   2.5208536e-01   7.9473307e-01   9.3951908e-02  -2.7038543e-02   3.8465297e-03   2.6366584e-03
   2.3685581e-01   8.3514413e-01   1.2364402e-01  -2.6451733e-02   2.9835754e-03   2.4107770e-03
   2.1694140e-01   7.6711251e-01   1.9369813e-01  -2.1752830e-02   2.5799343e-03   1.8335187e-03
   2.1917546e-01   7.3974977e-01   1.6223533e-01  -2.2803172e-02   1.8855463e-03   1.8403882e-03
   2.3641680e-01   8.4746456e-01   8.7782168e-02  -2.5201623e-02   2.1565483e-03   2.0594886e-03
   2.3120090e-01   7.9342876e-01  -3.3892347e-02  -2.5996106e-02   2.7152608e-03   1.7513776e-03
   2.1096836e-01   7.4879347e-01  -9.2430787e-02  -2.4461739e-02   3.4252373e-03   1.9781917e-03
   2.4153063e-01   8.8915536e-01   1.8233338e-02  -2.5982702e-02   2.5968469e-03   1.8343717e-03
   2.3342000e-01   8.3933634e-01  -3.4400643e-02  -2.4194525e-02   3.6397296e-03   2.1544607e-03
   2.3025977e-01   8.0794127e-01  -4.3300294e-02  -2.4164418e-02   4.0016003e-03   2.3857123e-03
   2.1329483e-01   7.8011192e-01  -2.3357114e-01  -2.3378753e-02   3.9755320e-03   2.8004052e-03
   2.2252675e-01   8.3403350e-01  -1.1369223e-01  -2.1894183e-02   4.0699694e-03   2.9668107e-03
   2.3066663e-01   7.7225225e-01  -1.6967676e-01  -2.2426287e-02   3.8691802e-03   2.6315483e-03
   1.7991410e-01   8.3036306e-01  -2.1126371e-01  -2.4538053e-02   5.1171398e-03   1.8624475e-03
   1.6242550e-01   9.9026489e-01  -3.8490587e-01  -2.7014877e-02   5.1710649e-03   1.8335702e-03
   1.6455871e-01   7.0523895e-01  -5.2195680e-01  -2.6039898e-02   5.1178878e-03   1.5501706e-03
   1.8636019e-01   7.5312614e-01  -4.1616277e-01  -2.6506895e-02   5.6151930e-03   2.2099527e-03
   1.8934427e-01   7.8015963e-01  -4.0725816e-01  -2.7464874e-02   5.5875732e-03   2.6269212e-03
   1.7419233e-01   7.1368166e-01  -4.0207968e-01  -2.7178915e-02   5.1952644e-03   2.6515248e-03
   1.7062233e-01   7.9456234e-01  -4.2076277e-01  -2.8516676e-02   4.8410173e-03   2.6210112e-03
   1.5575368e-01   8.1721543e-01  -4.7433057e-01  -3.0685635e-02   5.1447758e-03   2.3639081e-03
   1.6405058e-01   7.7143581e-01  -4.9523668e-01  -3.3089995e-02   5.6519262e-03   2.7702230e-03
   1.7293374e-01   8.1198122e-01  -4.9227541e-01  -3.2566330e-02   6.4915670e-03   3.1767822e-03
   1.7155972e-01   8.2161716e-01  -4.7563002e-01  -3.3091272e-02   6.6875229e-03   2.9557778e-03
   1.7019189e-01   8.6532470e-01  -4.9074556e-01  -3.3909062e-02   6.7002497e-03   2.8565605e-03
   1.7134393e-01   8.4243168e-01  -4.8727709e-01  -3.3872840e-02   6.8117536e-03   2.6525104e-03
   1.5441867e-01   9.9854833e-01  -2.7089099e-01  -2.7084745e-02   6.1451637e-03   2.3785388e-03
   1.4555605e-01   9.4194333e-01  -2.2120244e-01  -2.7613744e-02   5.7003446e-03   2.4850364e-03
   1.7693725e-01   8.3053958e-01  -2.4768870e-01  -2.8915560e-02   6.3886620e-03   2.9101688e-03
   1.8600514e-01   8.4969318e-01  -2.8238552e-01  -3.0083194e-02   6.9339080e-03   3.3449253e-03
   1.7762955e-01   9.0170901e-01  -3.0841528e-01  -2.9140758e-02   6.9306237e-03   3.9596491e-03
   1.7077958e-01   8.0255968e-01  -2.2455777e-01  -2.7757301e-02   7.5468124e-03   3.2192178e-03
   1.8561631e-01   8.0701523e-01  -1.1055779e-01  -2.6319699e-02   7.4508417e-03   1.8244324e-03
   2.2993152e-01   8.8020729e-01  -9.9837471e-02  -2.5793100e-02   6.8912595e-03   1.6637281e-03
   2.3700378e-01   8.8856356e-01  -1.9182787e-01  -2.8375582e-02   7.2268820e-03   3.0605551e-03
   2.6369899e-01   7.9341242e-01  -1.4130655e-01  -2.8718490e-02   8.1269269e-03   3.2454733e-03
   3.0818907e-01   8.4507141e-01  -9.3161121e-02  -2.9291512e-02   8.8310149e-03   3.5515768e-03
   2.8515927e-01   8.3948759e-01  -1.0647105e-01  -2.9418135e-02   8.2662430e-03   3.2782133e-03
   2.8001397e-01   8.2961527e-01  -1.5605777e-01  -2.8703624e-02   8.1378297e-03   2.8015819e-03
   2.8434519e-01   7.9476744e-01  -1.7910233e-01  -2.8578034e-02   8.5145454e-03   3.0285703e-03
   2.7825461e-01   8.4259258e-01  -1.5763385e-01  -2.8526552e-02   9.2162687e-03   3.2471496e-03
   2.9567800e-01   8.6738013e-01  -1.7215070e-01  -2.9016019e-02   8.8427607e-03   3.1365434e-03
   2.8946630e-01   8.9386490e-01  -8.2330934e-02  -2.8262960e-02   8.5134996e-03   3.5543769e-03
   2.8324168e-01   9.8792653e-01   1.5360214e-01  -2.7730855e-02   7.0435316e-03   4.0552841e-03
   2.6977112e-01   8.7622141e-01   7.0533120e-03  -2.8148778e-02   6.8642829e-03   3.3357746e-03
   2.3899813e-01   7.5220849e-01  -1.3449118e-01  -2.7239854e-02   5.9284514e-03   3.6275980e-03
   1.9535215e-01   7.3826682e-01  -4.3588216e-01  -2.8912350e-02   6.2804050e-03   3.0530099e-03
   1.9627395e-01   7.3139205e-01  -5.6711335e-01  -2.9899895e-02   7.7600907e-03   2.0648243e-03
   2.1752474e-01   7.2253754e-01  -5.6458804e-01  -3.1017555e-02   7.9523685e-03   2.4099645e-03
   1.8761750e-01   7.7808219e-01  -5.4358099e-01  -2.3170547e-02   6.7567194e-03   1.5522385e-03
   1.8540818e-01   8.6514194e-01  -4.9969311e-01  -2.3870621e-02   6.8920916e-03   1.8095811e-03
   2.0107145e-01   8.8157216e-01  -2.9392535e-01  -3.1595464e-02   7.1600584e-03   1.6820350e-03
   2.1148895e-01   8.8455932e-01  -3.4333227e-01  -2.9553921e-02   7.0929273e-03   2.8475767e-03
   2.2570617e-01   8.8662373e-01  -2.7567181e-01  -2.7325438e-02   6.8327887e-03   2.4309642e-03
   2.3217203e-01   8.7528377e-01  -2.6307113e-01  -2.7329465e-02   6.9083964e-03   2.2104450e-03
   2.1364872e-01   8.7277194e-01  -2.5700373e-01  -2.7035126e-02   7.3038994e-03   3.0737587e-03
   1.5386633e-01   9.0901028e-01   6.6465923e-02  -2.5446318e-02   6.2842811e-03   3.5290115e-03
   3.1167621e-01   7.1477734e-01  -1.0206201e-01  -3.1109461e-02   8.2267749e-03   8.5942603e-04
   3.4020662e-01   7.3050790e-01  -9.9946675e-02  -3.1771339e-02   8.3297848e-03   6.7116675e-04
   3.5883708e-01   8.2045237e-01  -1.8080864e-01  -3.0812892e-02   9.6207617e-03   3.2235006e-03
   3.6245934e-01   9.2408886e-01  -4.2174867e-01  -2.9719770e-02   8.8069963e-03   3.0267856e-03
   2.9681604e-01   9.2089600e-01  -7.5028595e-01  -3.5661655e-02   1.0902246e-02   3.7747851e-03
   2.6977151e-01   6.9789167e-01  -6.6485177e-01  -3.1793419e-02   9.2755377e-03   5.1452400e-03
  -2.9036805e-02   3.2277729e-01  -1.3584176e+00  -3.0197364e-02   8.1607701e-03   3.8910573e-03
  -2.0319488e-03   4.0956615e-01  -1.3651152e+00  -3.4571497e-02   8.7185046e-03   2.6663425e-03
   3.8830767e-02   4.5579013e-01  -1.4162194e+00  -3.4990219e-02   8.6301293e-03   2.5502110e-03
   7.7756039e-02   5.1035140e-01  -1.6039802e+00  -3.6597959e-02   8.0529030e-03   2.2634206e-03
   1.0826397e-01   6.5538612e-01  -1.2238025e+00  -3.4781095e-02   8.3735768e-03   1.6306793e-03
   1.0414748e-01   5.3792868e-01  -1.1343740e+00  -3.5106721e-02   8.3175594e-03   2.1212672e-03
   1.2952837e-01   6.4524185e-01  -1.0978367e+00  -3.5930450e-02   8.5428152e-03   2.4800788e-03
   1.4462373e-01   6.3022563e-01  -1.0835890e+00  -3.5835679e-02   7.7981362e-03   2.4982906e-03
   1.4476978e-01   6.3200405e-01  -1.0171688e+00  -3.2542746e-02   7.9353006e-03   2.2313037e-03
   1.5274223e-01   6.9770773e-01  -9.8453705e-01  -3.3259420e-02   7.3666193e-03   2.0177970e-03
   1.5674249e-01   7.5760246e-01  -9.4508301e-01  -3.9988629e-02   7.7111126e-03   1.9902200e-03
   1.3785717e-01   7.0671509e-01  -1.0300444e+00  -3.9000915e-02   7.7403704e-03   2.5099017e-03
   7.5484548e-02   1.0007627e+00  -5.9427159e-01  -2.6884132e-02   7.1534086e-03   1.6594804e-03
   8.1842413e-02   7.6873746e-01  -5.8147201e-01  -2.5163761e-02   7.6415171e-03   1.5730657e-03
   9.6251749e-02   7.4083360e-01  -5.7121951e-01  -2.6364732e-02   7.5360544e-03   1.4566691e-03
   1.4420700e-01   6.7767475e-01  -6.2615322e-01  -2.6364191e-02   8.0993320e-03   7.7983170e-04
   1.5036400e-01   6.5971756e-01  -6.1044980e-01  -2.8003057e-02   8.4177817e-03   8.4996590e-04
   1.6989210e-01   6.3795015e-01  -6.4974149e-01  -2.8059460e-02   8.1536401e-03   8.5202817e-04
   1.6345558e-01   5.9802547e-01  -6.1919917e-01  -2.7307831e-02   8.4701409e-03   6.1546884e-04
   1.8083827e-01   6.3641924e-01  -6.1485730e-01  -2.7993367e-02   8.4500839e-03   6.5779632e-04
   1.8248019e-01   6.2715766e-01  -5.9775085e-01  -2.7421616e-02   8.4988093e-03   6.7795851e-04
   2.4494158e-01   7.2272383e-01  -6.4898245e-01  -3.1434139e-02   7.9358761e-03   1.7220936e-04
   1.2469436e-01   1.2380867e+00  -2.2881235e-01  -4.5641027e-02   7.0701395e-03  -4.8392163e-04
   8.0968232e-02   1.5357021e+00  -1.9772228e-02  -4.7934111e-02   7.2480174e-03  -2.6575627e-03
   9.8826302e-02   1.4639846e+00  -1.9854518e-01  -4.5084989e-02   6.9069925e-03  -2.0052673e-03
