   0.0000000e+00   0.0000000e+00   0.0000000e+00   0.0000000e+00   0.0000000e+00   6.9388939e-18
  -5.4026937e-03   8.9394958e-02   7.8386719e-02  -1.8838478e-03  -3.2682029e-04  -3.4291567e-04
  -5.2158176e-03   3.9540413e-02   3.8077381e-02  -4.9639338e-04   2.0719146e-04   2.1944504e-04
  -6.7665203e-03   1.2377962e-01   5.6539349e-02  -2.6175814e-03  -4.7962841e-04  -4.4999680e-06
  -3.1771470e-03   1.0656343e-01   3.6815529e-02  -1.7896034e-03  -2.3073681e-04  -3.1354614e-05
   2.8996506e-04   1.1768970e-01   4.2850521e-02  -2.7598653e-03  -4.0770856e-04   4.6238041e-05
   3.3641461e-04   1.1901273e-01   2.3417951e-02  -1.6850543e-03  -2.7329459e-04   1.6480933e-04
  -8.3979583e-03   7.3999431e-02   3.3006052e-02  -2.0573794e-03  -7.0061519e-04   4.0828191e-05
  -1.6924515e-03   1.4777005e-01   6.1880994e-02  -2.5313015e-03  -8.7137644e-04   4.7254106e-05
  -1.4042859e-02   5.0702996e-02   2.0726537e-02  -2.0134684e-03  -8.1879505e-04  -2.3036998e-05
  -5.5447551e-03   1.2172636e-01   4.5224890e-02  -2.5712670e-03  -1.0767418e-03  -6.9843588e-05
  -1.0953735e-02   1.0686723e-01   2.3080101e-02  -1.5441276e-03  -1.1227651e-03   3.9712775e-05
  -1.0473863e-02   9.8484658e-02   2.3766695e-02  -2.7123645e-03  -1.0330744e-03  -1.4342632e-04
  -6.9944528e-03   1.3201597e-01  -2.7051762e-03  -2.8129599e-03  -1.2971350e-03  -6.2374607e-05
  -8.7547151e-03   6.2512417e-02   7.7886195e-03  -1.2236747e-03  -1.1616890e-03  -7.9749899e-05
   3.0981195e-03   1.5500972e-01  -1.1913020e-02  -2.8488467e-03  -1.3396256e-03  -1.0275585e-04
  -3.5340665e-06   5.7071537e-02  -2.2888031e-02  -7.1056507e-04  -1.1949359e-03   1.4912322e-04
   7.3818825e-03   1.4081644e-01   5.8868887e-03  -2.6817930e-03  -1.3166143e-03  -3.2451605e-04
   2.3708477e-03   1.2017736e-01  -5.5749141e-02  -3.0197813e-03  -1.4042295e-03  -3.4590469e-04
   1.9841315e-02   8.7481598e-02  -8.1270811e-02  -2.3779781e-03  -1.0858629e-03  -6.4365533e-04
   1.7904715e-02   1.8044771e-01  -1.1404478e-01  -3.7171666e-03  -1.0828969e-03  -7.5263827e-04
   5.6626185e-03   1.0246360e-01  -1.1253277e-01  -2.0459528e-03  -1.1919080e-03  -5.3001466e-04
   1.0046523e-02   1.9425021e-01  -7.2010673e-02  -2.5455266e-03  -1.2978771e-03  -4.8751852e-04
   1.0226394e-02   1.5521784e-01  -1.2036150e-01  -2.7399027e-03  -1.4713298e-03  -5.8916679e-04
   9.2344302e-03   1.5275941e-01  -6.4576117e-02  -2.5148413e-03  -1.0884683e-03  -6.4018174e-04
   7.7156480e-03   1.9107691e-01  -1.0409336e-01  -3.0187780e-03  -1.4157435e-03  -5.5215402e-04
   2.3178673e-03   1.1993481e-01  -1.4691382e-01  -3.3913833e-03  -1.5520733e-03  -6.5860698e-04
   6.9121626e-03   2.2666721e-01  -1.0187829e-01  -3.7029255e-03  -1.5878277e-03  -6.4416617e-04
  -9.7116393e-04   1.4605666e-01  -1.2341258e-01  -1.9448805e-03  -1.3585445e-03  -4.7766587e-04
   5.8155990e-03   2.0966332e-01  -9.1235671e-02  -3.1544421e-03  -1.2446813e-03  -5.4280131e-04
  -5.7990858e-03   2.1143235e-01  -1.4824144e-01  -3.2855561e-03  -1.7690194e-03  -4.0511903e-04
  -3.9287882e-03   1.7295912e-01  -1.1293817e-01  -2.2279876e-03  -1.3424380e-03  -3.6012296e-04
   3.4093951e-03   2.3624870e-01  -1.1969331e-01  -2.9550747e-03  -1.4406287e-03  -3.0535931e-04
  -3.2587733e-03   1.6750608e-01  -1.1756128e-01  -3.0709012e-03  -1.3698615e-03  -3.4186884e-04
   2.2373946e-03   2.3770335e-01  -9.2862222e-02  -2.8888823e-03  -1.1344929e-03  -2.3998455e-04
   1.8405738e-03   1.6797132e-01  -1.3099858e-01  -2.4657091e-03  -1.3630113e-03  -3.0239079e-04
   2.1086954e-02   1.6387175e-01  -9.4579469e-02  -2.4516080e-03  -7.4893827e-04  -2.5497463e-04
  -9.0065780e-04   1.7901234e-01  -1.4483524e-01  -9.1301998e-04  -8.6967734e-04  -3.3417698e-04
   6.9026774e-03   1.2826125e-01  -1.2173556e-01  -1.8669136e-03  -9.4015336e-04  -3.9627582e-04
   1.8062902e-02   2.0485992e-01  -7.6269580e-02  -3.9322873e-03  -8.8868636e-04  -5.7692040e-04
   1.6830297e-02   1.1420188e-01  -1.0062411e-01  -1.7984200e-03  -7.3186008e-04  -3.8959647e-04
   2.0161790e-02   2.0491425e-01  -1.0535269e-01  -2.7404544e-03  -9.1578420e-04  -4.4933242e-04
   1.2500998e-02   1.3065226e-01  -1.1353196e-01  -1.6490010e-03  -1.0886061e-03  -4.0557644e-04
   1.1610725e-02   2.0786210e-01  -6.9454292e-02  -1.6720100e-03  -1.3260417e-03  -4.6350250e-04
   4.7589356e-04   1.7397216e-01  -8.8315812e-02  -1.5178689e-03  -1.8078865e-03  -5.3101004e-04
   2.7880322e-03   1.3700704e-01  -3.1734511e-02  -9.4112013e-04  -1.5811646e-03  -6.8045849e-04
   5.9658984e-03   2.0290173e-01  -5.9036643e-02  -1.7741228e-03  -1.6587138e-03  -6.6019349e-04
   6.7624522e-04   1.4106005e-01  -5.0117626e-02  -1.5596365e-03  -1.7157934e-03  -7.2538804e-04
   2.6594505e-05   2.5587102e-01   2.0947263e-02  -7.0601378e-04  -1.8479765e-03  -3.1395377e-04
  -6.7696636e-03   3.5247978e-01   1.3323748e-01  -1.2091457e-03  -2.1243548e-03  -3.4276922e-04
  -2.1139221e-02   2.0666365e-01  -1.0223652e-02  -2.0994945e-03  -1.4412566e-03   1.2495548e-04
  -3.5736874e-02   1.1218646e-01  -6.2605305e-02  -6.5800623e-04  -1.6061780e-03   2.1211055e-04
  -4.3067283e-03   1.3776087e-01  -1.7145852e-01  -2.1452007e-03  -8.1262724e-04   1.3945250e-04
   2.0051779e-02   1.5723395e-01  -1.5385810e-01  -1.4828517e-05   4.2364971e-04   3.9773652e-04
   2.3299773e-02   1.8698661e-01  -1.1345624e-01  -1.5000282e-03  -2.3574046e-05   3.7168383e-04
   2.1826425e-02   1.8677453e-01  -7.1688342e-02  -5.2153888e-04   7.4516760e-05   2.1436953e-04
   2.9348353e-02   2.3766334e-01  -5.5947598e-02  -1.1993163e-03  -2.6626643e-04   1.8816289e-04
   2.8642642e-02   2.3672514e-01   1.6520924e-03   1.6335996e-04  -2.0691789e-04   1.8254135e-04
   3.4433312e-02   2.3547549e-01   1.1637873e-02   2.1385141e-04  -4.0674725e-04   1.4704820e-04
   4.1243559e-02   2.0007848e-01   3.9789305e-04  -4.9447436e-05  -3.2388411e-04   3.1205482e-04
   5.1094336e-02   2.0500409e-01  -7.8419034e-02  -1.2878290e-03   4.1114974e-05   2.6307622e-04
   2.8392886e-02   3.0021295e-01   1.3441831e-02  -2.2360699e-03  -5.0047432e-04   4.3736075e-04
   2.1658869e-02   1.7082056e-01  -4.8578108e-02  -5.1757873e-04  -4.7018961e-04   4.4699049e-04
   3.9138739e-02   2.1568037e-01  -6.3827974e-02  -1.6540534e-03  -3.7049150e-04   3.5814460e-04
   2.8681122e-02   2.7702146e-01  -7.1540005e-02  -1.3549005e-03  -1.0208704e-03   6.6228501e-04
   2.5887093e-02   1.7200509e-01  -1.5473675e-02   2.2654180e-04  -7.2522331e-04   7.0185023e-04
   3.1892176e-02   2.5183309e-01  -3.4990898e-02  -1.3270641e-03  -6.7708827e-04   6.0657599e-04
   3.4484939e-02   2.5804421e-01  -8.5871568e-02  -1.9105667e-03  -9.0673182e-04   8.8074994e-04
   2.0470896e-02   2.1118755e-01  -4.8444396e-02  -3.5347823e-05  -1.8638806e-04   5.4439722e-04
   2.2202313e-02   3.0352442e-01  -5.5199624e-02  -1.4426402e-03  -3.9940597e-04   9.2208090e-04
   2.3447010e-02   2.6695692e-01  -1.0797166e-01  -1.6184846e-03  -5.5524703e-04   8.6929391e-04
   2.8401560e-02   2.8567180e-01  -9.0896992e-02  -2.1386870e-03  -1.1883568e-04   5.2416058e-04
   3.3415262e-03   3.5824296e-01  -6.8158675e-02  -1.5680186e-03   4.5242749e-04   1.3048016e-03
   2.2132892e-03   2.7058399e-01  -8.6608874e-02  -2.5742752e-03   3.4980004e-04   1.2998805e-03
   2.0082478e-04   2.9550136e-01  -4.3210592e-02  -1.5132543e-03   7.0166135e-04   1.4675340e-03
  -5.0081442e-03   3.4094884e-01  -2.3836145e-02  -2.3192833e-03   1.8147599e-04   1.3979624e-03
  -8.8976646e-03   2.4156966e-01  -3.2681085e-02  -9.7727630e-04   8.4792850e-05   1.6329355e-03
  -1.0152242e-02   3.0446680e-01  -2.7934766e-02  -2.0611330e-03  -3.8061689e-05   1.3311315e-03
  -7.3145794e-03   3.2966416e-01   5.0754505e-03  -2.3893292e-03   1.1240959e-04   1.3289829e-03
  -1.7619325e-02   2.6170714e-01  -6.4866554e-02  -1.9553260e-03   9.6749198e-05   1.2321015e-03
  -1.1796401e-02   3.4458323e-01  -4.0895214e-02  -2.3421902e-03   1.9060842e-05   1.2972521e-03
   1.8630737e-02   3.0680604e-01  -3.4810446e-02  -3.0288110e-04   1.6620234e-04   9.0796276e-04
   2.4477334e-02   4.1107470e-01   4.8591554e-02  -3.4849796e-04   3.2203398e-04   1.4587781e-03
   3.9696126e-02   3.4871067e-01   1.8604896e-01  -4.1560655e-03   1.9348094e-03   1.6089669e-03
  -2.6490561e-02   3.9408514e-01   1.5713251e-01   1.7871691e-03   1.5328070e-03   1.3013607e-03
  -4.6783131e-02   4.3266225e-01   1.6504002e-01   4.1986388e-05   8.3973552e-04   1.5773225e-03
  -3.9546346e-02   3.4362514e-01   1.3281188e-01   1.6310855e-03   7.8588402e-04   2.1521276e-03
  -4.7735986e-02   3.7597503e-01   1.0424835e-01  -3.8423974e-05   8.5522127e-04   1.9766088e-03
  -4.5116833e-02   3.4396842e-01   1.1959748e-01   8.6043835e-04   1.0235287e-03   2.0346342e-03
  -2.6999742e-02   4.5685040e-01   1.9109582e-01   3.1404352e-04   1.1826281e-03   1.9735888e-03
  -3.9504937e-02   4.2085131e-01   2.4344704e-01   1.0989253e-03   1.1363632e-03   2.0614460e-03
   1.0192698e-02   3.5408878e-01   2.2840264e-01   3.2817241e-03   1.1466305e-03   2.7582452e-03
   5.9419784e-03   3.4450170e-01   2.3834879e-01   9.2447305e-04   1.0233338e-03   1.9849512e-03
  -8.6333637e-03   2.9394433e-01   1.8042479e-01   3.5110706e-04   6.6859462e-04   1.9136813e-03
  -1.0342261e-02   4.2633382e-01   1.8652029e-01  -2.7036066e-05   9.2298965e-04   2.4790295e-03
  -2.0247509e-02   3.4371325e-01   1.7250177e-01   1.5365926e-03   7.1970474e-04   2.4412712e-03
  -5.8600272e-03   3.3256761e-01   1.5734048e-01   1.6239598e-03   1.2965903e-03   2.3542957e-03
  -1.3291558e-02   3.5252256e-01   1.8623172e-01   7.6944839e-04   1.0658960e-03   2.4810183e-03
  -2.3594442e-02   3.4259148e-01   1.8823566e-01   1.1429359e-03   8.2110526e-04   2.4153647e-03
  -1.6245906e-02   3.0422831e-01   1.7695664e-01   4.9785042e-04   4.1569654e-04   2.1897981e-03
  -3.4962383e-02   4.1729497e-01   1.9687778e-01  -4.5190941e-04   9.3179079e-04   3.1173652e-03
   7.9743667e-04   1.4834129e-01   1.5727262e-01  -1.9409711e-03   7.7753003e-04   4.9349301e-03
  -8.3467188e-02  -8.0478308e-03  -6.5540436e-01  -7.2479186e-03   3.5189203e-03   4.2093117e-03
  -5.8036137e-02   1.5536242e-02  -7.0387387e-01  -7.6144204e-03   3.3116978e-03   3.1943307e-03
  -1.8537390e-02   1.9359165e-02  -7.0831502e-01  -9.3936320e-03   3.9478428e-03   3.0415486e-03
  -1.0667338e-03   4.4666064e-02  -6.1928876e-01  -9.2905337e-03   4.3505954e-03   2.9440660e-03
  -1.0822363e-02   6.7788914e-02  -5.7585215e-01  -7.9580774e-03   4.4232318e-03   2.7904659e-03
  -7.7548657e-04   7.6592082e-02  -5.5921835e-01  -8.3852577e-03   4.8169411e-03   2.6461474e-03
  -5.5554136e-02   4.0406866e-01  -6.2617401e-02  -4.0534690e-03   4.7069929e-03   3.1864209e-03
  -1.1466368e-01   2.5049223e-01  -2.7699332e-02  -4.2002193e-03   2.8827487e-03   3.1198575e-03
  -1.0804464e-01   1.5750607e-01  -9.5922361e-02  -4.0755193e-03   2.8551018e-03   3.1351558e-03
  -7.1799043e-02   2.3576578e-01  -1.0332421e-01  -3.0320942e-03   3.6340384e-03   3.1319466e-03
  -1.0809242e-01   2.7435829e-01  -6.6466797e-02  -3.7573414e-03   2.7582073e-03   3.5858522e-03
  -1.2922122e-01   1.6851859e-01  -3.5358634e-02  -2.7722977e-03   3.3953962e-03   3.7182677e-03
  -9.6108532e-02   2.2403427e-01  -2.2660213e-01  -6.0007045e-03   3.8923218e-03   3.4706673e-03
  -1.3451244e-01   2.5070285e-01  -1.3186009e-01  -4.7728535e-03   4.1711651e-03   4.3162659e-03
  -1.4191801e-01   2.9611304e-01  -8.5784313e-02  -4.8999739e-03   3.7119787e-03   4.9486908e-03
  -1.2217535e-01   2.9613497e-01  -5.2895544e-02  -4.7099485e-03   3.3002624e-03   4.6149278e-03
  -9.9716132e-02   3.6681737e-01   3.1742873e-02  -4.4915467e-03   3.8678076e-03   4.2005289e-03
  -1.4612694e-01   4.0480384e-01   1.2833060e-01  -2.6090604e-03   2.8280541e-03   4.7392037e-03
  -1.0989016e-01   2.5983356e-01   2.0589720e-01  -5.7878020e-04   2.7549231e-03   4.4979129e-03
  -1.9176751e-01   4.9269676e-01   4.4582191e-01  -3.0142424e-03   2.9581284e-03   5.2409904e-03
  -1.8581757e-01   5.1563514e-01   2.0835072e-01   4.9897387e-04   1.5774743e-03   5.0347808e-03
  -1.6066322e-01   4.1597311e-01   2.6606022e-01   1.6674067e-03   2.3263188e-03   5.1201927e-03
  -1.4408296e-01   4.2844749e-01   2.5839561e-01   2.5532767e-04   2.4644985e-03   4.9781741e-03
  -1.5341131e-01   4.4492802e-01   1.0647669e-01  -1.5661432e-03   2.9411101e-03   5.0395117e-03
  -1.2125999e-01   4.5132291e-01   1.2912966e-01  -1.4999105e-03   2.0604595e-03   4.7044598e-03
  -8.6081907e-02   4.4198123e-01   1.0093691e-01  -1.4058032e-03   2.0228198e-03   4.4762176e-03
  -9.4309503e-02   5.4723010e-01   1.5219484e-01  -2.2638179e-03   2.2563664e-03   5.0149454e-03
  -7.1072371e-02   4.7362701e-01   8.9037450e-02  -1.9452643e-03   2.6627694e-03   5.0920180e-03
  -3.6634273e-02   4.3158498e-01   6.3203191e-02  -2.2414284e-03   3.4441931e-03   4.9571522e-03
  -3.4493966e-02   4.3265507e-01   1.5654968e-01   1.2647871e-03   3.0359437e-03   4.5142265e-03
  -7.0616197e-02   4.5136411e-01   1.0022304e-01  -5.6701947e-04   3.4391947e-03   4.4281329e-03
  -1.2184334e-01   4.7135739e-01   2.9563075e-01  -1.2513512e-04   2.0068243e-03   5.0625772e-03
  -4.9571545e-02   3.6204602e-01   2.7362202e-01   2.9624311e-03   2.4529308e-03   4.1213350e-03
  -1.3502460e-02   4.2975359e-01   3.3302133e-01   4.7091489e-03   3.3554008e-03   4.2891033e-03
  -2.1807121e-02   4.4275404e-01   2.9356794e-01   2.9916528e-03   3.0347986e-03   4.4467111e-03
  -1.9846446e-02   4.7090645e-01   3.2442792e-01   2.7640687e-03   2.7715126e-03   4.3319466e-03
  -2.6430745e-02   4.1539323e-01   3.7387496e-01   3.5825193e-03   2.7778413e-03   4.1934914e-03
  -3.1385760e-02   4.0093187e-01   3.9762293e-01   4.3209737e-03   2.2475317e-03   4.1408292e-03
  -3.6633593e-02   4.6379724e-01   4.6448317e-01   3.5150096e-03   1.8784722e-03   4.0885868e-03
  -2.5933368e-02   4.0907508e-01   4.1905233e-01   2.6300142e-03   1.3195096e-03   3.9296232e-03
  -3.0092348e-02   4.2713767e-01   4.6102080e-01   4.0988019e-03   1.1540837e-03   3.8993869e-03
  -1.8204553e-02   4.2114337e-01   4.3174400e-01   3.8051665e-03   7.6796247e-04   4.2831613e-03
  -7.9900121e-03   3.8331811e-01   4.9173686e-01   4.9250452e-03   1.1922381e-03   3.6827399e-03
   5.0045551e-03   4.2936039e-01   4.7910538e-01   3.6206910e-03   1.1922136e-03   3.6165953e-03
  -8.1159155e-03   4.5860794e-01   4.7462400e-01   3.8969692e-03   9.3493238e-04   3.8310364e-03
  -1.8456763e-02   4.0058010e-01   3.6716694e-01   3.4748102e-03   9.0607223e-04   3.7833387e-03
  -5.7927314e-03   4.0464351e-01   4.6696192e-01   6.2718801e-03   8.8140337e-04   3.6868092e-03
  -2.8077927e-02   4.8040270e-01   5.0250062e-01   4.6974590e-03   7.8972609e-04   4.0436078e-03
  -2.5236882e-02   4.1327469e-01   4.7975631e-01   3.6527351e-03   3.1336699e-04   3.9328750e-03
  -4.0075397e-02   4.1903364e-01   4.9571467e-01   3.4587360e-03   4.6536749e-04   3.9650302e-03
  -2.7267643e-02   3.7313503e-01   4.9420918e-01   3.8215694e-03   4.8399571e-04   3.9288601e-03
  -4.3881558e-02   4.8140403e-01   5.9217395e-01   5.0373110e-03   2.9663839e-04   4.2945468e-03
  -3.7524688e-02   3.5014525e-01   5.9260066e-01   5.3546927e-03  -6.2012182e-04   3.6987659e-03
   1.1696552e-04   3.1503410e-01   6.7952131e-01   5.6859097e-03  -1.5591235e-04   3.4881777e-03
  -2.4935059e-02   4.8991655e-01   5.1495495e-01   2.4680446e-03   9.6035098e-05   4.0321340e-03
  -9.1626184e-02   7.9067988e-01   6.8492787e-01   4.4111140e-04  -3.1710027e-05   4.9813676e-03
  -1.4419527e-01   4.7577766e-01   2.7435106e-01  -1.0878896e-03  -7.6606623e-04   4.8765195e-03
  -1.2707602e-01   4.9090878e-01   3.8758318e-01   1.7879647e-03  -2.0974076e-04   5.0630593e-03
  -1.1797863e-01   4.6729610e-01   4.0575361e-01   1.7459217e-03   2.6950419e-04   5.1111417e-03
  -1.2166633e-01   4.7519586e-01   4.1783845e-01   1.9470703e-03  -9.2567351e-05   5.3471264e-03
  -1.0055310e-01   4.5257991e-01   4.3015446e-01   1.9005074e-03  -3.1860090e-04   5.0797730e-03
  -8.8013138e-02   3.8694361e-01   4.5516302e-01   2.2368832e-03  -4.9367731e-04   4.9111721e-03
   6.8035410e-04   5.0661617e-01   4.6549817e-01  -4.6449619e-03  -1.1490217e-03   4.6621013e-03
  -6.0015117e-02   7.3388303e-01   5.1647504e-01  -1.8124675e-02  -2.0109829e-03   6.1953024e-03
  -1.4878259e-01   1.0274884e+00   6.1769649e-01  -1.6785927e-02  -1.5910851e-03   5.1363731e-03
  -2.1727131e-01   1.0145376e+00   5.9525341e-01  -1.6312120e-02  -2.5962066e-03   4.6826602e-03
  -2.3564558e-01   9.0825306e-01   4.8151888e-01  -1.4018086e-02  -3.8941685e-03   5.2139402e-03
  -2.3451606e-01   8.0996811e-01   3.6158134e-01  -1.3814825e-02  -4.1475364e-03   5.0466823e-03
  -2.1846871e-01   7.8917434e-01   3.4142432e-01  -1.3110654e-02  -3.6021031e-03   5.3134972e-03
  -1.5094016e-01   7.7840251e-01   3.8324996e-01  -1.4450156e-02  -1.2279178e-03   6.0990142e-03
  -2.2852300e-01   8.0325865e-01   4.6953048e-01  -1.2481776e-02  -9.5150167e-04   7.0276000e-03
  -2.3999604e-01   6.7308869e-01   3.8183770e-01  -9.8923601e-03  -1.2762872e-04   6.7891986e-03
  -2.2939353e-01   6.6754717e-01   4.1081746e-01  -8.1061817e-03   1.1663466e-03   7.5428783e-03
  -2.0043703e-01   7.0777481e-01   4.3119479e-01  -8.0379611e-03   2.1277328e-03   7.8476329e-03
  -1.8985375e-01   6.6411280e-01   4.6552572e-01  -7.1351425e-03   2.7674395e-03   8.1098857e-03
  -1.8995428e-01   6.4240503e-01   4.2883560e-01  -8.7189866e-03   2.5085826e-03   7.8652754e-03
  -1.9628969e-01   5.8031571e-01   3.9383169e-01  -1.0088982e-02   2.2934896e-03   7.8566234e-03
  -1.6010646e-01   5.4831069e-01   4.7059257e-01  -8.9256481e-03   3.2162128e-03   7.3024802e-03
  -1.5152681e-01   5.8203935e-01   5.4081146e-01  -1.0275557e-02   3.5220157e-03   7.6900469e-03
  -1.3819053e-01   6.2713539e-01   5.9747688e-01  -1.0298275e-02   4.1174997e-03   7.6015584e-03
  -1.3056962e-01   6.9535678e-01   5.9167963e-01  -1.1061660e-02   3.9613586e-03   7.5477809e-03
  -1.2369601e-01   7.1762885e-01   6.0522441e-01  -1.0434276e-02   4.0214626e-03   7.6488733e-03
  -1.3925719e-01   8.2956690e-01   6.0985148e-01  -1.1299587e-02   3.8212691e-03   7.7370284e-03
  -1.7937464e-01   8.6389385e-01   5.7962959e-01  -1.0918829e-02   2.8107967e-03   7.8745681e-03
  -1.9939145e-01   7.9034427e-01   5.4559053e-01  -1.0648359e-02   2.3304678e-03   7.8972722e-03
  -1.0604589e-01   6.7899721e-01   3.6799702e-01  -1.4322038e-02   3.1751105e-03   7.2093494e-03
