   0.0000000e+00   0.0000000e+00   0.0000000e+00   0.0000000e+00   0.0000000e+00   1.3877788e-17
  -2.5397451e-02   2.9871585e-02  -7.1288381e-02  -7.6606200e-03  -6.0804468e-04   4.6027022e-04
  -3.5841149e-02  -1.4921862e-02  -1.6022239e-02  -4.4507714e-03  -4.4609693e-04  -4.8775085e-05
  -7.9454937e-03   1.2677139e-01   1.5767824e-01  -3.0152809e-03   4.2976036e-04  -2.0376209e-04
  -1.8083339e-02   2.7444237e-03   5.5619367e-02  -1.6531669e-03   3.9920903e-04   9.4205982e-05
  -1.2463372e-02   5.0112189e-02   3.9400812e-02  -2.1980656e-03   5.1231467e-04  -6.7675962e-05
   5.9557061e-04   8.4629746e-02   1.8126224e-01  -1.9291371e-03   6.3043050e-04  -2.9270237e-04
  -4.8995298e-03   3.7170986e-02   8.1322890e-02  -1.3383078e-03   6.3875408e-04  -6.8099739e-05
   4.5959921e-03   8.2158934e-02   1.4186485e-01  -6.6499091e-04   4.2026740e-04  -1.9177770e-04
  -1.0239815e-02  -2.6888727e-02  -1.8528368e-02  -1.5124303e-04   1.8892805e-04   1.7231938e-04
  -5.8972780e-03  -1.4712951e-02  -6.2422111e-03  -2.2117478e-04   2.5020435e-04   6.7596868e-05
   5.5454482e-03   6.9239984e-02   1.8713862e-01  -3.2419346e-04   6.2544130e-04  -2.6758496e-04
   1.1824335e-04  -1.9192389e-02   4.6744800e-02   3.3100212e-04   4.6079738e-04  -1.6425273e-04
   3.6102783e-03   5.6178573e-02   7.2931824e-02   1.9411068e-04   6.7012534e-04  -1.1046907e-04
   3.6766975e-03   1.7238418e-02   1.2090541e-01   7.4078575e-04   6.5445277e-04  -2.3929289e-05
  -8.9050300e-04  -2.0793311e-02   5.0537671e-02   1.1597316e-03   6.6496375e-04   1.6768466e-04
   1.9738763e-02   1.0028484e-01   1.7534872e-01   7.1083641e-04   8.5850529e-04  -3.9857530e-06
   1.2952213e-02  -8.6135099e-03   6.7692627e-02   1.7411190e-03   6.2838153e-04   3.5330127e-04
   2.7873992e-02   1.2525480e-01   1.9467910e-01   3.9385107e-04   7.8652254e-04  -6.2655363e-05
   2.1520697e-02  -2.3336212e-02  -2.0881580e-02   1.1850813e-03   8.7729097e-05   2.2163597e-04
   7.9528938e-03   2.2207010e-02   9.3154033e-03   6.6346018e-04   5.9968947e-04   2.9875167e-04
   1.2306859e-02   8.5678191e-02   2.6391473e-01   7.0343381e-04   7.8356651e-04  -7.9555221e-05
  -1.4294535e-02  -5.1214825e-02   5.3282896e-02   2.0313554e-03   1.0520659e-03   5.3684354e-04
  -1.1003981e-02  -2.4276345e-03   3.3897730e-02   2.3825298e-03   1.1247736e-03   5.3854061e-04
  -2.0974096e-03   5.5633678e-02   8.1225823e-02   1.8259965e-03   1.2094514e-03   4.2251859e-04
   7.8558917e-03   9.1558837e-03   1.5065916e-01   2.7820822e-03   1.0724847e-03  -1.8759878e-05
   3.8562968e-03   4.9651294e-02   1.1484721e-01   1.4388927e-03   1.2369927e-03   6.3020557e-05
   6.0610940e-03   4.5097421e-02   1.6550991e-01   1.3115209e-03   1.0896378e-03   4.0841772e-04
  -6.3419590e-03  -4.9887957e-02   4.4388682e-02   2.5002618e-03   1.2095306e-03   6.3625376e-04
  -5.7554577e-03  -3.2290666e-02   3.0962676e-02   3.4409479e-03   1.2587968e-03   6.9414253e-04
  -3.9590668e-03  -1.7289808e-03   5.7782230e-02   2.4659342e-03   1.3574984e-03   7.6836308e-04
   1.2478468e-02   5.8003893e-02   2.4253404e-01   2.0665333e-03   1.5759701e-03   5.7356729e-04
  -1.3660744e-03  -4.7086726e-02   8.2760643e-02   3.4661181e-03   1.6222926e-03   1.1827587e-03
  -3.8200143e-03  -2.1794199e-02   7.1903738e-02   3.8877953e-03   1.6756985e-03   1.1328200e-03
   1.1236048e-02   1.0666024e-01   1.8711730e-01   2.5205568e-03   1.8200779e-03   8.5606093e-04
   3.8771699e-03  -2.1255294e-02   1.2982995e-01   3.5241990e-03   1.6326147e-03   1.2831294e-03
   1.6908051e-02   9.1534482e-02   1.8049911e-01   2.5481347e-03   1.6250680e-03   9.2556258e-04
   1.6754186e-02   2.0448765e-02   1.8247082e-01   3.6551135e-03   1.5645246e-03   1.0325445e-03
   1.2942846e-02  -7.3212069e-03   9.1609485e-02   4.3283488e-03   1.7280676e-03   1.3953224e-03
   2.2842377e-02   1.0763941e-01   2.1422705e-01   3.5625022e-03   1.9981964e-03   1.0711586e-03
   1.8211766e-02  -6.0209740e-03   1.2389562e-01   4.4476711e-03   1.7808429e-03   1.2173070e-03
   1.8470683e-02   4.4239764e-02   1.2835105e-01   4.2057008e-03   1.9637123e-03   1.4002431e-03
   3.5996833e-02   3.8148418e-02   2.0822275e-01   4.3457714e-03   1.9620166e-03   1.3810411e-03
   5.0387352e-02   4.1046092e-02   1.9214290e-01   4.3099578e-03   1.8630620e-03   1.4187805e-03
   5.6114303e-02   4.8065296e-02   2.7620116e-01   4.9039329e-03   1.6990245e-03   1.9602145e-03
   3.2467116e-02  -4.9988480e-02   1.0824100e-01   5.3388575e-03   2.6433047e-03   2.5985038e-03
   4.1098977e-02   4.0310071e-02   1.3071163e-01   4.8046536e-03   3.0243587e-03   2.6543725e-03
   8.2927106e-02   1.0512255e-02   1.9595901e-01   4.6563669e-03   2.1840870e-03   1.7597236e-03
   8.2292352e-02   6.1317111e-02   1.6354721e-01   3.7556242e-03   2.4462913e-03   1.8507434e-03
   5.6764001e-02  -2.9495400e-02   1.1536562e-01   5.3268955e-03   2.7440227e-03   2.9069713e-03
   5.9942536e-02  -1.0126449e-02   9.2675527e-02   4.5256436e-03   3.0305183e-03   3.1455679e-03
   8.3073510e-02   9.7582157e-02   3.3063459e-01   4.0665549e-03   3.1562828e-03   3.0899743e-03
   6.3477609e-02  -5.2782853e-02   1.6864699e-01   5.5341528e-03   3.3237865e-03   3.5494782e-03
   7.3540255e-02  -6.2504384e-03   1.3961422e-01   5.7387054e-03   3.8346296e-03   3.9521469e-03
   9.1801594e-02   9.8158918e-02   3.0622417e-01   4.4384002e-03   3.9424976e-03   3.6311503e-03
   8.5695483e-02  -1.3219108e-02   1.6281565e-01   4.6472074e-03   3.8257000e-03   3.8823428e-03
   1.0000503e-01   1.2124389e-01   3.1083090e-01  -1.9567590e-04   3.0832423e-03   3.3160907e-03
   5.1034409e-02   6.3002420e-02   1.0758526e-01  -5.6530846e-03   1.9432086e-03   2.4123914e-03
   6.2194120e-02   1.2386610e-01   3.1242264e-01   5.8446210e-04   2.9790850e-03   2.5554960e-03
   5.9115551e-02  -1.0852219e-02   1.8115141e-01   2.2893459e-03   3.8203219e-03   3.8371609e-03
   7.1569962e-02   1.0086354e-01   2.2469334e-01   1.4886550e-03   4.1449563e-03   3.6602235e-03
   6.8666441e-02   4.2890170e-02   2.2401928e-01   1.7638891e-03   4.4531820e-03   4.3169696e-03
   6.0541368e-02   1.5443447e-02   1.4347008e-01   2.4561790e-03   4.7818556e-03   4.6473962e-03
   8.1198102e-02   9.3466815e-02   3.2141559e-01   2.3438331e-03   4.6250596e-03   4.3096413e-03
   6.6225327e-02  -5.7796423e-04   1.7497580e-01   2.6379541e-03   4.6567552e-03   4.3456471e-03
   7.2110333e-02   9.3715898e-02   3.2355750e-01   2.6607845e-03   4.1854541e-03   3.7957138e-03
   3.4790699e-02  -9.6965345e-03   1.5819808e-01   2.8276262e-03   4.5797774e-03   4.1492564e-03
   5.4620498e-02   2.1563560e-01   3.2060431e-01  -2.5752104e-03   4.8066012e-03   3.5702186e-03
   7.0040454e-02   2.1708109e-01   6.3695286e-01  -4.8732818e-04   3.4894347e-03   3.4682631e-03
   1.7404933e-02  -1.6937372e-02   2.5120383e-01   2.5443699e-03   5.2996306e-03   5.0318617e-03
   2.9671990e-02   6.4146848e-02   2.2410036e-01   3.0762761e-03   5.6615686e-03   5.1674114e-03
   3.6561776e-02   6.0939573e-02   2.4086226e-01   2.6617880e-03   5.8945868e-03   5.2694597e-03
   4.5525150e-02   1.0558280e-01   3.7485683e-01   2.6238608e-03   6.0015431e-03   5.0816632e-03
   3.5051412e-02   1.8477890e-02   2.1978989e-01   3.8588462e-03   6.2157092e-03   5.3243123e-03
   4.1319305e-02   3.6790053e-02   2.1128218e-01   3.3039707e-03   6.0823177e-03   5.3004618e-03
   4.4249526e-02   1.9182409e-03   2.0674109e-01   3.9466344e-03   6.0762390e-03   5.4288220e-03
   5.8477362e-02   1.3473573e-01   3.2251140e-01   2.2204737e-03   6.0212025e-03   5.2748143e-03
   4.4689218e-02   3.1580884e-02   2.4723625e-01   3.4680491e-03   6.2713763e-03   5.6534000e-03
   3.9513752e-02   2.4377798e-02   1.8981279e-01   3.8544254e-03   6.4488998e-03   5.9459065e-03
   5.0645878e-02   1.1173621e-01   3.4707605e-01   2.9969078e-03   6.6027995e-03   5.7169802e-03
   3.6231212e-02  -1.4884003e-03   1.8437717e-01   4.0861509e-03   6.5417318e-03   5.9505091e-03
   3.8475591e-02   6.1384381e-02   1.9612012e-01   3.6343377e-03   6.7393636e-03   5.9603837e-03
   4.9659518e-02   2.8157343e-02   2.5866870e-01   3.1920057e-03   6.4354286e-03   5.7401099e-03
   3.2534796e-02   3.8223759e-02   1.9878070e-01   3.5998125e-03   6.6947618e-03   5.4437105e-03
   5.6618115e-02   2.4384064e-01   5.6586951e-01   3.5175770e-03   5.7583225e-03   4.8042951e-03
   1.1989850e-02  -5.9232899e-02   1.9000461e-01   5.8076107e-03   7.0322551e-03   5.5030961e-03
   2.1127797e-02   8.0557095e-03   1.7803872e-01   5.7443355e-03   7.4017549e-03   5.8092223e-03
   2.3783356e-02   9.3870969e-03   1.6995949e-01   5.8859166e-03   7.2234566e-03   5.5569940e-03
   2.3688758e-02   1.0600493e-02   1.7486526e-01   5.7769402e-03   7.2286832e-03   5.5890204e-03
   3.9757522e-02   1.2389720e-01   4.0212477e-01   5.0164758e-03   7.0814490e-03   5.5818432e-03
   5.1779379e-03  -2.3601964e-02   2.0416577e-01   6.1125532e-03   7.6808233e-03   5.8530692e-03
   1.0786876e-02  -2.1926638e-02   1.8131080e-01   5.7998768e-03   7.4387636e-03   5.8371395e-03
   1.0405208e-02   2.9537043e-04   1.6758262e-01   5.5406953e-03   7.5861756e-03   5.9136139e-03
   1.3335648e-02   7.1501401e-02   2.0797585e-01   4.9326838e-03   7.8902626e-03   5.5900829e-03
   3.9512199e-02   1.1149474e-01   4.4835067e-01   5.6183314e-03   6.9081887e-03   5.6398266e-03
   4.0886050e-04  -3.8928203e-02   1.5485614e-01   6.2442849e-03   7.8976750e-03   6.0208565e-03
   6.5778677e-04  -9.1986519e-03   1.3731789e-01   6.2320054e-03   7.9322546e-03   5.8084094e-03
   4.4846132e-03   1.6134215e-01   3.3566113e-01   4.0099388e-03   6.8475302e-03   4.7005771e-03
  -7.9449735e-03   4.8550419e-03   2.2889643e-01   5.4635347e-03   7.2265782e-03   5.5284320e-03
  -6.3889900e-03   1.1029110e-02   1.5631078e-01   6.4097292e-03   7.9010433e-03   5.8032664e-03
   4.9689906e-03   1.3883743e-01   2.6867731e-01   4.6874817e-03   7.5334408e-03   5.2063930e-03
  -4.2683709e-03   1.6497356e-02   1.9754908e-01   5.4611674e-03   7.6693992e-03   5.4322402e-03
  -4.1100073e-03  -1.1237904e-03   1.6187524e-01   5.9294606e-03   7.6184659e-03   5.6430343e-03
   1.7108307e-02   1.5989403e-01   3.9654487e-01   4.5433064e-03   7.4831033e-03   5.3317260e-03
  -4.2010279e-03  -1.8399112e-02   2.2768176e-01   5.8628397e-03   7.9189883e-03   5.5083714e-03
  -1.5679483e-03   9.6021198e-03   1.6664529e-01   6.0162497e-03   7.6923396e-03   5.6121113e-03
   3.7638079e-03   3.1389119e-02   1.6237759e-01   6.3839794e-03   7.7927441e-03   5.6595536e-03
   4.3528208e-03   3.1417394e-02   1.7123018e-01   6.1673791e-03   8.0126403e-03   5.5077588e-03
   1.7450007e-02   1.0488300e-01   3.7240261e-01   4.9947325e-03   7.5452313e-03   5.1204796e-03
   1.1158581e-02   5.6513072e-03   2.1976589e-01   6.1511361e-03   7.6866992e-03   5.5011372e-03
   9.1304661e-03   3.5327199e-02   2.0225731e-01   5.4225727e-03   7.9519422e-03   5.4493678e-03
   1.8655228e-02   8.0639677e-02   3.4820216e-01   4.7068881e-03   7.3849635e-03   5.0576648e-03
  -8.1985180e-04  -3.3680534e-02   1.3537449e-01   6.0378049e-03   7.6331149e-03   5.3458018e-03
   1.4159204e-02   1.2085262e-01   3.4219472e-01   5.1429300e-03   7.7302922e-03   5.4619406e-03
  -3.8453256e-03  -2.2111887e-02   1.3050701e-01   6.4062940e-03   7.9626866e-03   5.6904272e-03
  -6.8162837e-04  -1.4863656e-02   1.2131120e-01   6.1026372e-03   8.0633332e-03   5.6238730e-03
   1.7994940e-02   1.1810424e-01   2.8998022e-01   4.9178772e-03   7.7393705e-03   5.2281214e-03
   2.0466434e-03  -2.1740936e-02   1.6475512e-01   6.0343903e-03   7.8669998e-03   5.6621650e-03
  -1.5522070e-03  -1.7658103e-02   1.4642706e-01   6.4745163e-03   8.0519182e-03   5.6385353e-03
  -2.9237525e-04  -2.0807569e-03   1.3692138e-01   6.1170081e-03   8.0697018e-03   5.5973476e-03
   1.2114327e-02   9.5700462e-02   2.9812209e-01   5.1661836e-03   8.0357452e-03   5.2779737e-03
  -4.4008882e-03  -2.8556137e-02   1.4061960e-01   5.7901794e-03   8.1810299e-03   5.6258345e-03
  -5.4191289e-03   1.0988571e-01   2.7344548e-01   5.0356833e-03   7.8705113e-03   4.9813991e-03
  -4.8957138e-02   2.6558278e-02   2.1038773e-01   9.5628754e-03   7.6432016e-03   2.8994924e-03
   1.8894944e-02   7.0645312e-02   4.4311502e-01   3.3611277e-03   6.2272225e-03   3.7333114e-03
  -2.2680658e-02   4.1425620e-02   1.5501810e-01   2.8196833e-03   6.8287862e-03   3.9284079e-03
  -1.7485368e-02   5.2234705e-02   1.3913849e-01   5.0798925e-03   7.7843291e-03   4.9236469e-03
  -1.4274706e-03   1.5869502e-01   2.9299298e-01   4.6757120e-03   8.5389741e-03   5.3093061e-03
  -2.6457601e-03   1.9018802e-02   2.3740035e-01   5.3903827e-03   8.4089664e-03   5.5343729e-03
  -8.4758364e-03   3.2405624e-03   2.0556454e-01   5.7538277e-03   8.7856456e-03   5.8898599e-03
   2.1941602e-02   1.3674702e-01   3.7958857e-01   4.4780829e-03   8.6603413e-03   5.7802190e-03
  -5.5981166e-03  -1.6005998e-02   2.1891886e-01   5.9331510e-03   9.0878419e-03   5.9127391e-03
  -4.2985448e-03   3.7269315e-03   1.8924090e-01   5.8271775e-03   8.9452669e-03   6.0282661e-03
  -5.2051055e-03   6.3662169e-02   2.0555041e-01   5.6120661e-03   9.0264486e-03   5.8478511e-03
   1.0436773e-02   5.1248284e-02   3.2219352e-01   5.3343073e-03   8.6243023e-03   5.9989845e-03
  -1.7102341e-02  -8.1135104e-03   1.9215940e-01   6.2846101e-03   9.2063614e-03   6.1773867e-03
   1.6764710e-02   2.2058173e-01   4.2577033e-01   4.7406053e-03   8.3988851e-03   5.4056294e-03
   3.7659256e-04   7.7711215e-03   2.5957303e-01   6.5007147e-03   8.6822867e-03   6.1215723e-03
  -1.2394373e-02   2.2858202e-02   1.8691913e-01   6.6227576e-03   9.1410724e-03   6.2608194e-03
   9.2291522e-02   3.2199849e-01   6.0896534e-01   4.3915133e-03   4.9643720e-03   6.3261430e-03
   9.7672636e-02   1.4511871e-01   7.1621422e-01   4.7629251e-03   3.8479995e-03   3.9655052e-03
   5.2679487e-02  -5.0353864e-02   2.6868878e-01   8.4577937e-03   6.2972158e-03   5.6313974e-03
   6.1402285e-02   2.6907110e-02   2.3214700e-01   8.8605896e-03   7.0641202e-03   6.0869266e-03
   7.2890437e-02   1.1172037e-02   2.2965186e-01   8.9696067e-03   7.1667701e-03   6.2928542e-03
   8.3117204e-02   9.1231796e-03   2.3121806e-01   8.7610206e-03   7.0766334e-03   6.3073642e-03
   8.7869104e-02   7.1594187e-02   3.1719124e-01   7.0459279e-03   7.2494073e-03   6.1250172e-03
   9.1484653e-02  -1.7418280e-02   3.3586188e-01   7.8984617e-03   7.2552578e-03   6.5536062e-03
   9.4106514e-02   2.3179607e-03   2.6655846e-01   7.6954333e-03   7.3568197e-03   6.4901873e-03
   9.7392355e-02   5.3087013e-02   3.8445067e-01   7.6821608e-03   7.4166030e-03   6.4848969e-03
   8.3375708e-02  -1.0904752e-02   2.3329822e-01   8.3619765e-03   7.6321544e-03   6.7443603e-03
   7.0021152e-02   1.2729097e-01   3.1747684e-01   6.5482868e-03   6.8986448e-03   5.8371711e-03
  -3.3988413e-03  -5.4777944e-03   3.2858551e-01   1.2031695e-02   7.0516703e-03   4.3750691e-03
   2.1641012e-02   3.9347069e-02   2.4439664e-01   8.9979161e-03   5.4181120e-03   5.3461683e-03
   2.7686948e-02   4.7556076e-02   2.9089017e-01   6.5131279e-03   6.3100855e-03   5.3289144e-03
   4.2997716e-02   2.7615384e-02   2.5795587e-01   7.8809752e-03   7.1151870e-03   5.9485526e-03
   5.3716115e-02   4.2683122e-02   3.1448888e-01   8.2119038e-03   7.6146076e-03   6.7290403e-03
   4.0524278e-02  -1.0690521e-02   2.2894418e-01   8.6758298e-03   7.8040065e-03   6.6568787e-03
   4.6506317e-02   3.7749558e-04   2.1381381e-01   8.3678318e-03   7.7134639e-03   6.6299049e-03
   6.4885177e-02   1.0504132e-01   3.2178976e-01   7.3501040e-03   7.9110198e-03   6.6247038e-03
   5.3144605e-02  -1.9269724e-03   2.3832240e-01   8.3828922e-03   8.1631102e-03   6.9622194e-03
   4.6938292e-02  -8.7535866e-03   2.0273976e-01   8.9898412e-03   8.2693010e-03   7.2312544e-03
   5.0459139e-02   1.0707170e-01   3.2598539e-01   7.7855353e-03   8.4447459e-03   7.0427272e-03
   3.6596313e-02  -1.4050561e-02   2.4759060e-01   8.9050150e-03   8.1537370e-03   7.2211293e-03
   3.1986961e-02   3.4392594e-03   2.1424048e-01   9.5053310e-03   8.3772859e-03   7.2104634e-03
   4.6211030e-02   9.1119804e-02   3.7405375e-01   7.7694852e-03   8.2569697e-03   6.8895477e-03
   2.8344945e-02  -2.6766290e-02   1.9372978e-01   9.2821490e-03   8.5717335e-03   7.3671826e-03
   3.5595701e-02   1.2843194e-01   2.8584958e-01   8.4162050e-03   8.7917497e-03   7.1108343e-03
   3.1390183e-02   2.1363840e-02   2.4439402e-01   9.1010682e-03   8.6089385e-03   7.4413851e-03
   2.5371604e-02   9.4219350e-03   1.8956801e-01   9.6755833e-03   8.8505600e-03   7.3855261e-03
   3.1708982e-02   1.0511603e-01   3.4097054e-01   8.8844410e-03   8.4656521e-03   6.6610823e-03
   1.3883758e-03   6.0326473e-03   2.2069981e-01   8.3604944e-03   7.9567935e-03   7.2444800e-03
   2.2760466e-02   6.4933401e-02   3.6772257e-01   8.0672847e-03   7.2955990e-03   6.7011655e-03
   1.2011662e-02  -2.2466076e-02   1.9189319e-01   9.4008648e-03   8.2365455e-03   7.0071944e-03
   4.3093891e-02   1.1279110e-01   3.5186313e-01   8.2759008e-03   8.0887065e-03   6.8348743e-03
   1.6380650e-02  -3.4566545e-02   2.0058066e-01   9.6126440e-03   8.3891014e-03   7.2807939e-03
   1.6186087e-02  -1.7348888e-03   1.9871561e-01   9.8284214e-03   8.7460225e-03   7.5413934e-03
   3.4796113e-02   1.2493379e-01   3.7083329e-01   8.1020470e-03   8.6647342e-03   7.4294820e-03
   2.0324748e-02  -2.2249756e-02   2.2080348e-01   9.7813048e-03   8.8632951e-03   7.8241947e-03
   1.8545247e-02   1.7130849e-02   1.9419768e-01   9.3808490e-03   8.9972145e-03   7.7587627e-03
   4.0158220e-02   1.2263275e-01   3.9506516e-01   8.7177322e-03   8.5837042e-03   7.2205880e-03
   1.2883190e-02  -3.3300138e-02   2.0918877e-01   9.4327561e-03   8.8556793e-03   7.6581539e-03
   1.8886479e-02   2.0400666e-02   1.8639362e-01   9.1570362e-03   9.0641167e-03   7.6291123e-03
   3.2076905e-02   9.0687270e-02   3.5839685e-01   8.4938618e-03   8.5719131e-03   7.1937228e-03
   5.3657964e-03  -3.7790591e-02   1.8133251e-01   9.4376781e-03   8.7781738e-03   7.3934312e-03
   1.1492505e-02   1.4239805e-01   3.7974294e-01   7.0108536e-03   8.1152214e-03   6.4167218e-03
  -1.1369427e-03   1.4691315e-02   3.3264520e-01   8.8998034e-03   7.6387165e-03   6.6198185e-03
  -1.8010424e-02  -3.0678616e-02   2.1278701e-01   9.8294107e-03   8.5643100e-03   7.3583452e-03
  -1.0979160e-02  -1.5516370e-02   2.0481854e-01   1.0391669e-02   8.5760609e-03   7.5764818e-03
