   0.0000000e+00   0.0000000e+00   0.0000000e+00   0.0000000e+00   0.0000000e+00   0.0000000e+00
  -8.9483416e-02  -2.1703794e-01  -1.0781602e+00   8.7317922e-03  -8.7355641e-04  -8.5434368e-04
  -1.4230474e-01  -4.3398569e-01  -1.1623214e+00   1.0696717e-02  -1.8337944e-03  -1.2060234e-03
  -1.6398035e-01  -4.4551258e-01  -1.1317319e+00   1.0122519e-02  -1.2720234e-03  -4.8036658e-04
  -1.7064841e-01  -4.1810671e-01  -9.2350038e-01   1.1249357e-02   2.3698698e-04  -3.8973166e-04
  -1.8162541e-01  -5.7938403e-01  -1.1305291e+00   1.1727147e-02  -2.0720612e-04  -4.8609230e-04
  -1.7998143e-01  -5.5724259e-01  -1.1494566e+00   1.1075941e-02  -2.3000319e-04  -8.9425465e-04
  -1.7587823e-01  -5.9047569e-01  -1.1515905e+00   1.1045525e-02  -4.2995288e-04  -1.0859409e-03
  -1.7259285e-01  -4.4014398e-01  -1.0393270e+00   1.0081875e-02   1.8665960e-04  -6.9469816e-04
  -1.6444187e-01  -4.6798470e-01  -9.1835749e-01   1.2065478e-02   2.8243773e-04  -5.5062169e-04
  -1.8156772e-01  -6.4548488e-01  -1.1418355e+00   1.2908926e-02  -2.6686129e-04  -3.3184878e-04
  -1.8006038e-01  -5.7611664e-01  -1.1783183e+00   1.2036073e-02  -3.2669588e-04  -6.8741642e-04
  -1.7784106e-01  -5.6255489e-01  -1.1634890e+00   1.1836516e-02  -2.4764280e-04  -8.1524940e-04
  -1.7291500e-01  -5.1806875e-01  -9.5754348e-01   1.3074765e-02  -6.1601776e-05  -6.4613125e-04
  -1.6795753e-01  -6.3554773e-01  -1.1179830e+00   1.4111471e-02  -5.1383792e-04  -7.8014748e-04
  -1.6864487e-01  -5.5484913e-01  -1.1063592e+00   1.2648699e-02  -5.1520555e-04  -9.0402773e-04
  -1.7169875e-01  -6.3126017e-01  -1.0924094e+00   1.3907757e-02  -4.8827635e-04  -7.9930199e-04
  -1.8260347e-01  -5.8400407e-01  -1.1779278e+00   8.8487520e-03   1.2246400e-04   7.9517212e-05
  -2.2678503e-01  -2.7027059e-01  -1.0115350e+00  -5.1019330e-03   1.1943120e-03   1.9141155e-03
  -2.4009307e-01  -4.6323342e-01  -1.0935058e+00   3.9180126e-03   1.2040226e-03   1.5834310e-04
  -2.9065226e-01  -3.6827581e-01  -1.1020476e+00   2.0834850e-02   6.5152312e-03  -2.2855643e-03
  -2.7167984e-01  -4.7051198e-01  -1.1286694e+00   3.0827232e-03   2.4819182e-03   4.8835621e-04
  -2.6523491e-01  -4.5799071e-01  -1.1506764e+00   5.0380198e-03   2.4217082e-03  -8.4948818e-05
  -2.5280526e-01  -5.0038153e-01  -1.1640534e+00   6.2942149e-03   2.2508422e-03  -4.4282509e-04
  -2.5191009e-01  -4.0375127e-01  -1.0466126e+00   7.3774087e-03   2.8398680e-03  -7.5641287e-04
  -2.5071760e-01  -4.6413045e-01  -1.0163692e+00   9.7612297e-03   3.1890977e-03  -7.1267344e-04
  -2.6839945e-01  -5.6980769e-01  -1.1494667e+00   9.7469373e-03   3.2251035e-03  -4.9213942e-04
  -2.6021542e-01  -5.5108406e-01  -1.1699838e+00   9.7810219e-03   3.2423196e-03  -9.2671975e-04
  -2.4435312e-01  -4.2147306e-01  -1.0848629e+00   9.6012506e-03   3.5704393e-03  -1.1022196e-03
  -2.5170065e-01  -4.8196966e-01  -9.3482660e-01   1.3354639e-02   4.6026632e-03  -9.5666947e-04
  -2.6817646e-01  -5.9202677e-01  -1.0993649e+00   1.3861521e-02   4.2868957e-03  -8.1457203e-04
  -2.4387581e-01  -1.3918631e-01  -1.1015657e+00  -9.3833197e-03   2.5877698e-03   2.1668633e-03
  -2.5693011e-01  -3.1394575e-01  -1.1160808e+00  -4.6430715e-03   1.8373084e-03   4.4972140e-04
  -2.6819276e-01  -3.5173195e-01  -1.1855241e+00  -2.0115686e-03   2.4363784e-03   6.4314780e-05
  -2.6271561e-01  -3.5292991e-01  -1.2123370e+00  -1.0630947e-03   2.6403409e-03  -1.6565791e-04
  -2.5625158e-01  -3.7879648e-01  -1.2094188e+00  -8.9375511e-04   2.4609653e-03  -2.4651711e-04
  -2.4756222e-01  -2.4272264e-01  -1.0088917e+00  -4.9288274e-04   2.5336940e-03  -4.9263570e-04
  -2.5142364e-01  -4.0041088e-01  -1.1258696e+00   1.4206140e-03   2.1501670e-03  -7.9050542e-04
  -2.5328671e-01  -4.0401226e-01  -1.1824731e+00   1.5215624e-03   2.2916239e-03  -8.8453181e-04
  -2.5144196e-01  -4.1697119e-01  -1.1909133e+00   1.6944906e-03   2.1835380e-03  -8.5566883e-04
  -2.4697438e-01  -3.8249833e-01  -1.1692361e+00   1.4376706e-03   2.1886046e-03  -1.0600269e-03
  -2.5442911e-01  -3.6011350e-01  -1.0504914e+00   2.1819142e-03   2.5966932e-03  -9.2971466e-04
  -2.6153701e-01  -4.2249773e-01  -1.1622793e+00   2.8534963e-03   2.5217451e-03  -9.8550962e-04
  -2.5508148e-01  -4.2770290e-01  -1.1849603e+00   2.9295088e-03   2.4704995e-03  -1.0065971e-03
  -2.4903948e-01  -4.4032572e-01  -1.1923669e+00   2.8851556e-03   2.4118340e-03  -1.1817790e-03
  -2.4289851e-01  -4.4700085e-01  -1.2002833e+00   3.2733346e-03   2.3147834e-03  -1.3293690e-03
  -2.3906211e-01  -3.4811266e-01  -1.1185948e+00   2.4099474e-03   2.1176500e-03  -1.4558105e-03
  -2.4018354e-01  -4.4028760e-01  -1.0955403e+00   9.5105994e-03   2.0682246e-03  -2.2818053e-03
  -2.0121487e-01  -3.0031066e-01  -1.0648121e+00   1.2950105e-03   1.6575147e-03  -5.1131170e-04
  -1.7643708e-01  -9.1561525e-02  -7.7173701e-01  -6.9173739e-03   1.4261597e-03  -5.2115841e-04
  -1.7483696e-01  -3.2649063e-01  -1.0780822e+00  -2.7869685e-03  -2.1065632e-04  -9.2739954e-04
  -1.9619112e-01  -3.3605343e-01  -1.2166691e+00  -1.6845268e-03   1.5031400e-04  -6.6645338e-04
  -2.1017223e-01  -3.2487016e-01  -1.2375024e+00   3.8291860e-05   3.9118096e-04  -8.8199873e-04
  -3.5449668e-01  -3.8650894e-01  -8.5154771e-01   2.8341698e-02   5.1453951e-03  -4.5722194e-03
  -2.7331873e-01  -3.9854095e-01  -1.1898382e+00  -7.4928233e-03   2.1598094e-03   2.8234394e-03
  -2.7435333e-01  -2.8599171e-01  -1.2245662e+00  -6.4211160e-03   1.3926996e-03   1.5639334e-03
  -2.8139331e-01  -3.2052817e-01  -1.2510149e+00  -6.0862137e-03   1.2384587e-03   1.4684352e-03
  -2.8100159e-01  -3.2723600e-01  -1.2560006e+00  -5.5694734e-03   1.5160566e-03   1.1160977e-03
  -2.4065501e-01  -1.7868538e-01  -1.0318089e+00  -3.8739556e-03   1.5975223e-03   5.0950040e-04
  -2.3563840e-01  -3.4433478e-01  -1.1297358e+00  -2.5066208e-03   1.2451267e-03   4.6813770e-04
  -2.3456034e-01  -3.2682865e-01  -1.1897332e+00  -2.0414126e-03   1.2220503e-03   5.2799791e-04
  -2.3584227e-01  -3.2392995e-01  -1.2169015e+00  -1.7903200e-03   1.1911334e-03   2.9190257e-04
  -2.3185034e-01  -3.3996639e-01  -1.2422772e+00  -1.4082142e-03   9.8809596e-04   3.1599713e-04
  -2.2870445e-01  -1.9940656e-01  -1.0472682e+00  -2.5844663e-03   1.6280542e-03   7.1661243e-04
  -2.3460140e-01  -3.3619773e-01  -1.1655966e+00  -1.5777610e-03   1.5984249e-03   7.1786607e-04
  -2.3308692e-01  -3.3260203e-01  -1.2035309e+00  -1.5812964e-03   1.4916164e-03   6.3336708e-04
  -2.3438343e-01  -3.4801922e-01  -1.2232402e+00  -1.7511716e-03   1.3535070e-03   5.7666974e-04
  -2.2955020e-01  -3.1671029e-01  -1.2060517e+00  -2.0470577e-03   1.2092972e-03   5.4740412e-04
  -2.1035959e-01  -2.4866097e-01  -1.0504933e+00  -1.7186434e-03   1.1454131e-03   4.3586494e-04
  -2.2033401e-01  -3.6147992e-01  -1.1843795e+00  -1.1813597e-03   9.4700775e-04   4.7302724e-04
  -2.1351170e-01  -3.4184730e-01  -1.2142809e+00  -8.1347546e-04   9.6921608e-04   2.5647841e-04
  -2.0168675e-01  -2.3186148e-01  -1.0684811e+00  -1.6947468e-03   1.1479486e-03   2.0036792e-04
  -2.0622111e-01  -3.6498945e-01  -1.1971878e+00  -6.3969557e-04   7.8506986e-04   1.9163936e-04
  -2.0225404e-01  -3.5635835e-01  -1.2364695e+00  -2.0564194e-05   7.6730300e-04   1.1984146e-04
  -1.8662323e-01  -2.4962806e-01  -1.0772375e+00  -7.5426777e-04   8.2408022e-04  -3.7771109e-05
  -1.9734013e-01  -3.7266485e-01  -1.1945969e+00  -1.8039911e-04   7.9876025e-04  -6.4953845e-05
  -2.0263148e-01  -3.7354989e-01  -1.2248487e+00   7.7042487e-05   6.2757453e-04  -1.7294194e-04
  -2.0124903e-01  -2.6722563e-01  -1.1166621e+00  -6.6137805e-04   5.4546418e-04  -2.9638315e-04
  -2.0613144e-01  -3.7050365e-01  -1.1729485e+00   4.5571612e-04   5.3451348e-04  -1.5773751e-04
  -2.0475056e-01  -2.8469716e-01  -1.1532488e+00  -1.9691486e-03   5.5392055e-04  -2.5027321e-04
  -2.0919160e-01  -3.1056780e-01  -1.0758581e+00  -2.2531136e-03   7.1270181e-04   2.4642976e-04
  -2.2141998e-01  -3.8271702e-01  -1.2076415e+00  -1.3937864e-03   5.2485801e-04   2.0020470e-04
  -2.1754407e-01  -3.1797377e-01  -1.2022178e+00  -1.9094066e-03   6.0127379e-04   7.8744834e-05
  -2.1402165e-01  -3.3332942e-01  -1.1690559e+00  -1.2830620e-03   7.7246394e-04   1.1202748e-04
  -2.0952481e-01  -3.5834250e-01  -1.2034200e+00  -8.9386471e-04   8.3928236e-04  -6.3902263e-05
  -2.0182558e-01  -3.4759703e-01  -1.2122520e+00  -1.0727199e-03   6.5985969e-04  -2.6610777e-04
  -1.9740135e-01  -3.0113483e-01  -1.0848235e+00  -1.7874459e-03   6.0791309e-04  -1.0531165e-04
  -2.0421194e-01  -4.0056592e-01  -1.2048981e+00  -1.4157486e-03   6.0386460e-04  -1.9215994e-05
  -1.9958428e-01  -3.7414269e-01  -1.2328380e+00  -1.2515752e-03   3.6631512e-04   1.2261219e-05
  -1.9856294e-01  -2.7020551e-01  -1.1561872e+00  -1.1630540e-03   6.8901605e-04  -1.4540289e-04
  -2.1077771e-01  -3.7522203e-01  -1.2026780e+00  -9.6318557e-04   7.6482052e-04   1.0857092e-04
  -2.1265534e-01  -3.0738219e-01  -1.1998197e+00  -1.7755044e-03   8.3607786e-04  -4.1077157e-05
  -2.1813936e-01  -3.1490892e-01  -1.1177269e+00  -1.2256665e-03   7.1074253e-04   2.4508524e-04
  -2.2598085e-01  -3.8154847e-01  -1.2164071e+00  -8.6305316e-04   6.4175636e-04   1.4455202e-04
  -2.1784207e-01  -3.5400694e-01  -1.2344237e+00  -2.5499310e-04   4.4342634e-04   8.6509143e-05
  -2.1412375e-01  -2.2867281e-01  -1.0350518e+00  -1.2037931e-03   8.4587901e-04   7.4461278e-05
  -2.1737161e-01  -3.8614999e-01  -1.1840405e+00   4.4057630e-05   8.8792728e-04   2.3339326e-06
  -2.0673097e-01  -3.5641605e-01  -1.2205896e+00   2.7452493e-05   6.0095677e-04  -1.2485297e-04
  -1.9827494e-01  -3.0271799e-01  -1.1793753e+00  -8.6125243e-04   2.9418741e-04  -3.7512967e-04
  -2.0385443e-01  -3.5457237e-01  -1.1626400e+00  -1.4947300e-04   4.4628534e-04  -4.7587516e-05
  -1.9784939e-01  -3.9938180e-01  -1.2323205e+00   5.8367683e-04   2.5149328e-04  -2.2894194e-04
  -1.9626577e-01  -3.4086202e-01  -1.1992781e+00  -8.3557640e-04   3.6696841e-04  -4.3964070e-04
  -1.9804674e-01  -3.7125034e-01  -1.1392933e+00  -6.5499862e-04   3.4529967e-04  -3.3949965e-04
  -2.0000688e-01  -4.1352579e-01  -1.2188693e+00  -1.8610239e-04   1.8878100e-04  -2.4760703e-04
  -1.9884039e-01  -2.8513343e-01  -1.0627367e+00  -3.4374267e-04   8.2862217e-04  -1.9130467e-04
  -1.9833095e-01  -4.0874728e-01  -1.1608933e+00   9.4897609e-04   5.0920657e-04  -1.5506235e-04
  -2.2083628e-01  -4.7088153e-01  -1.2063159e+00   4.0569611e-03   1.1493305e-03   3.2655036e-04
  -2.5880850e-01  -3.7368428e-01  -1.1578641e+00   4.4359427e-03   2.9328177e-03   1.1063922e-03
  -2.7030057e-01  -2.0451843e-01  -9.1382996e-01  -2.7727509e-03   2.1748970e-03   6.4749292e-04
  -2.7474310e-01  -3.8817328e-01  -1.1026680e+00   1.7373049e-03   2.0529466e-03   5.8183633e-04
  -2.5625556e-01  -3.5891927e-01  -1.1613806e+00   2.3874690e-03   2.2245236e-03   2.6943013e-04
  -2.5239888e-01  -3.7401169e-01  -1.1751207e+00   2.3064379e-03   1.9263451e-03   1.3509162e-04
  -2.3886708e-01  -2.6347393e-01  -1.0422661e+00   1.0126427e-03   1.9402491e-03  -9.0398399e-05
  -2.3649783e-01  -3.5134298e-01  -1.0502368e+00   2.1617194e-03   1.8345490e-03   1.9120813e-04
  -2.2827323e-01  -3.6028576e-01  -1.1178403e+00   2.6986130e-03   1.7867573e-03   7.3775678e-05
  -2.1859099e-01  -3.6544049e-01  -1.1339694e+00   2.4442945e-03   1.7237102e-03  -1.2183060e-04
  -2.1616854e-01  -3.9713735e-01  -1.1345381e+00   2.6992511e-03   1.6066766e-03  -2.3887503e-04
  -2.1548877e-01  -4.1597703e-01  -1.1468521e+00   2.6189605e-03   1.4965490e-03  -3.0694846e-04
  -2.0946564e-01  -3.3059480e-01  -1.0995599e+00   1.8546706e-03   1.4061575e-03  -3.6078981e-04
  -2.1268987e-01  -4.0357188e-01  -1.0805945e+00   2.9087019e-03   1.4599000e-03  -2.6046488e-04
  -2.1181681e-01  -3.4947035e-01  -1.0846011e+00   6.9951786e-04   1.4332994e-03  -1.6539601e-04
  -1.4274966e-01   7.2545481e-02  -5.6514462e-01   1.8328501e-03   2.0424295e-03  -2.6999213e-03
  -1.3687485e-01  -2.3489194e-01  -9.6676817e-01  -2.4176317e-03   3.1638745e-04   4.2749039e-04
  -1.7357228e-01  -3.1444255e-01  -1.1956344e+00  -1.1746624e-03   2.7507463e-06   7.0525107e-05
  -1.7972867e-01  -2.8198790e-01  -1.2237505e+00  -4.2516217e-06   1.2906076e-04  -3.9231413e-05
  -1.7963060e-01  -3.3160671e-01  -1.2243200e+00   1.0717106e-03   2.3511831e-04  -1.8661597e-04
  -1.7188039e-01  -3.2093717e-01  -1.2189802e+00   6.6171969e-04   1.3757633e-04  -4.3358388e-04
  -1.6158616e-01  -3.3212408e-01  -1.1894463e+00   5.7975195e-05  -2.0602990e-05  -6.5113933e-04
  -1.5314005e-01  -2.8863924e-01  -1.1330306e+00  -1.0479327e-03  -1.1480532e-04  -6.8980618e-04
  -1.5744484e-01  -3.2492556e-01  -1.0853854e+00   5.1360736e-05  -1.0099519e-04  -5.0163554e-04
  -1.6277017e-01  -3.4871355e-01  -1.1640605e+00   2.9892027e-04  -1.7765966e-04  -3.9657895e-04
  -1.6059660e-01  -3.5621344e-01  -1.1934726e+00   6.7208936e-04  -3.4485287e-04  -5.2078909e-04
  -1.6330392e-01  -2.8497923e-01  -1.0936762e+00   8.6033864e-04  -9.9844530e-05  -5.7489295e-04
  -1.6769109e-01  -3.6295248e-01  -1.1770414e+00   9.8510531e-04  -7.7608674e-05  -5.2382451e-04
  -1.6516181e-01  -3.5931629e-01  -1.2034183e+00   1.3376472e-03  -5.9444269e-05  -6.5673633e-04
  -1.5842086e-01  -2.8307551e-01  -1.1502858e+00   2.0516923e-04  -1.7124563e-04  -7.3813225e-04
  -2.5585934e-01  -4.4897037e-01  -1.0545446e+00   1.4321445e-02   4.4649709e-03   5.7949002e-04
  -2.6362409e-01  -2.5009003e-01  -1.0586091e+00   1.5523337e-03   4.7927771e-03   2.8144594e-03
  -3.0216879e-01  -3.6719253e-01  -1.0798834e+00   1.0740120e-02   5.5733070e-03   3.2135408e-03
  -2.7289661e-01  -2.4399982e-01  -1.0507656e+00   8.8604093e-04   5.0780679e-03   2.5293977e-03
  -2.6486026e-01  -3.7416111e-01  -1.1403297e+00   3.3482367e-03   4.5309979e-03   1.6458194e-03
  -2.6206682e-01  -3.8798104e-01  -1.1923425e+00   4.1689231e-03   4.8306187e-03   1.4895738e-03
  -2.5919934e-01  -4.2058591e-01  -1.1913548e+00   4.6443223e-03   5.2912548e-03   1.1359188e-03
  -2.5909493e-01  -4.1490185e-01  -1.1933488e+00   5.5228203e-03   5.6211478e-03   1.0102464e-03
  -2.3501810e-01  -2.5406057e-01  -1.0120714e+00   4.7599398e-03   5.9652878e-03   4.4144720e-04
  -2.3607942e-01  -4.2726882e-01  -1.0441009e+00   7.4603799e-03   5.7991716e-03   1.5856751e-04
  -2.2900538e-01  -4.3078699e-01  -1.1188603e+00   7.4581762e-03   5.6083269e-03   1.2341838e-04
  -2.1873005e-01  -3.5579713e-01  -1.0861056e+00   6.6161895e-03   5.3128307e-03  -2.1335458e-04
  -2.5775602e-01  -5.3032384e-01  -1.0237304e+00   1.8155127e-02   7.2944446e-03   6.5142148e-04
  -2.2799828e-01  -3.9930130e-01  -1.0849996e+00   8.5232876e-03   5.7973821e-03   1.6654523e-03
  -1.9275305e-01  -3.0647294e-01  -1.2162664e+00  -6.3718379e-03   3.4950043e-03   2.4131245e-03
  -2.3476705e-01  -3.7508899e-01  -1.2802023e+00  -2.4660041e-03   3.6467009e-03   1.4387380e-03
  -2.3998948e-01  -3.9216354e-01  -1.2992067e+00  -6.9605197e-04   3.9965945e-03   1.1491952e-03
  -2.3499693e-01  -3.7031707e-01  -1.2882913e+00  -1.3962876e-03   4.2013855e-03   8.8381160e-04
  -2.1537712e-01  -2.6789629e-01  -1.0877663e+00  -3.2881850e-04   4.3220098e-03   4.0832747e-04
  -2.1426931e-01  -4.0595636e-01  -1.2077793e+00   1.1330001e-03   4.1196327e-03   1.5328372e-04
  -2.0466568e-01  -3.8760360e-01  -1.2434476e+00   1.0033068e-03   3.9010516e-03   1.8368953e-04
  -2.0133505e-01  -3.5904777e-01  -1.2524887e+00   6.2611570e-04   3.9663514e-03  -2.5491373e-05
  -1.8646226e-01  -3.4069080e-01  -1.1323781e+00   2.2970279e-03   3.9305102e-03  -3.5391573e-04
  -1.8958275e-01  -4.3012237e-01  -1.2426480e+00   2.7503760e-03   3.6978503e-03  -3.5496198e-04
  -1.8033263e-01  -3.5286785e-01  -1.2563030e+00   2.2219814e-03   3.8016526e-03  -4.1557546e-04
  -1.7347712e-01  -3.1333889e-01  -1.0890147e+00   2.1926287e-03   3.8072379e-03  -5.2178295e-04
  -1.8269342e-01  -4.2111719e-01  -1.2114528e+00   3.0934520e-03   3.7849531e-03  -6.6863283e-04
  -1.8334660e-01  -2.6775338e-01  -1.1654224e+00   2.9580610e-03   4.0994245e-03  -3.3162847e-04
  -1.8653630e-01  -3.0572139e-01  -1.0463775e+00   2.9390915e-03   3.9811752e-03   4.8233731e-05
  -1.8447114e-01  -4.0813020e-01  -1.1722130e+00   3.6890582e-03   4.0545097e-03  -2.0832441e-04
  -1.8072279e-01  -2.4551417e-01  -1.0772294e+00   2.9446810e-03   4.3172310e-03  -5.2138272e-04
  -1.8680465e-01  -3.8253555e-01  -1.1244099e+00   3.9020774e-03   4.2141957e-03  -4.3490659e-04
  -1.8662917e-01  -4.0045074e-01  -1.1693993e+00   4.4429618e-03   4.1494681e-03  -4.3792358e-04
  -1.7803383e-01  -3.8802297e-01  -1.1777768e+00   4.1420597e-03   4.0090804e-03  -5.1086429e-04
  -1.7410054e-01  -2.8390703e-01  -9.8895743e-01   3.3488588e-03   4.2708563e-03  -8.8257345e-04
  -1.7733296e-01  -4.1680920e-01  -1.1220156e+00   4.3054633e-03   4.0779478e-03  -9.4499872e-04
  -1.7031396e-01  -4.1420660e-01  -1.1637828e+00   4.6333553e-03   3.8676796e-03  -1.0822205e-03
  -1.6032912e-01  -3.5866614e-01  -1.1485705e+00   4.1599821e-03   3.8262325e-03  -1.1670978e-03
  -1.6505554e-01  -3.8319688e-01  -1.1091896e+00   4.5172097e-03   3.9780594e-03  -1.0307450e-03
  -1.7525217e-01  -4.3915174e-01  -1.1802481e+00   4.1979908e-03   3.9377164e-03  -1.0143246e-03
  -1.7075865e-01  -2.7154709e-01  -9.9990618e-01   3.5640611e-03   4.2799690e-03  -1.0198340e-03
  -1.8086546e-01  -4.3825097e-01  -1.1688024e+00   5.3044877e-03   4.0348019e-03  -9.4990441e-04
  -1.8148379e-01  -3.4779476e-01  -1.1042063e+00   4.3480201e-03   4.3980539e-03  -7.7647946e-04
  -1.8107461e-01  -4.0525652e-01  -1.1286525e+00   5.6930997e-03   4.4900807e-03  -8.2645787e-04
  -1.7861440e-01  -4.1640045e-01  -1.1677660e+00   6.3492495e-03   4.4296756e-03  -8.6863280e-04
  -1.7315997e-01  -4.2117862e-01  -1.1800046e+00   6.2016250e-03   4.5879826e-03  -1.0539449e-03
  -1.6983169e-01  -3.1422075e-01  -1.0110652e+00   5.7953722e-03   4.7052004e-03  -9.5136190e-04
  -2.3354546e-01  -3.1210435e-01  -1.0546436e+00   6.0824093e-03   4.7048512e-03  -7.6767103e-06
  -1.5290136e-01  -1.4932872e-01  -7.0140161e-01  -3.8595152e-03   2.7275603e-03  -1.1764844e-03
  -1.7421481e-01  -2.8247039e-01  -9.2409074e-01   2.2048065e-03   3.2458423e-03  -9.8207005e-04
  -1.8145829e-01  -2.5843641e-01  -9.9983868e-01   3.0079395e-03   3.6686656e-03  -1.4422580e-03
  -1.7622267e-01  -1.8996121e-01  -9.9017646e-01   3.0501954e-03   4.0659719e-03  -1.7568572e-03
