   0.0000000e+00   0.0000000e+00   0.0000000e+00   0.0000000e+00   0.0000000e+00   0.0000000e+00
   7.4397279e-03  -3.5424270e-02   3.2432406e-02   2.1828824e-03  -4.4060778e-04  -4.9184656e-04
   1.0973636e-02   5.5015022e-02   1.4489167e-01   3.4471758e-03   1.6967503e-04  -7.3152425e-04
   2.2632088e-02  -1.0770428e-03   2.3022381e-01   6.4271695e-03   4.1466955e-04  -5.4087936e-04
   1.0839222e-02  -8.4973618e-02   1.1479321e-01   6.5676820e-03   1.2010449e-04  -5.7346469e-04
   1.1906548e-02  -7.1117689e-02   8.2820754e-02   7.6499930e-03   3.1410859e-04  -1.1053292e-03
   2.4031484e-02   5.0880760e-03   1.3412658e-01   7.3838868e-03   8.0510249e-04  -1.2255786e-03
   2.6855754e-02  -3.1019603e-03   2.7216971e-01   9.6055914e-03   1.4754862e-03  -9.3203238e-04
   1.6647173e-02  -1.0531942e-01   1.0447160e-01   1.0070869e-02   1.1527200e-03  -9.3280720e-04
   2.5226075e-02  -9.8364909e-02   9.7294395e-02   1.0038791e-02   9.4674509e-04  -1.1215050e-03
   3.4695674e-02  -1.0936596e-01   1.0098291e-01   9.9795533e-03   7.3661141e-04  -1.4505258e-03
   5.3809601e-02   2.2511101e-02   2.6872502e-01   1.1472846e-02   1.7443146e-03  -1.7386849e-03
   5.6998161e-02  -1.9946756e-02   2.6053932e-01   5.7592996e-03   1.2686435e-04  -8.7610912e-04
   5.9444056e-02  -3.0516296e-02   1.6782211e-01   6.2081323e-03  -2.7867998e-04  -1.1445252e-03
   8.8334517e-02   2.8155332e-01   4.9368754e-01   9.0442505e-03   6.7242618e-04  -2.4109365e-03
   1.6210346e-01   2.7791246e-01   6.5509335e-01   1.3564418e-02  -5.2115346e-04  -2.5807753e-03
   1.1704273e-01  -3.8736081e-02   3.2928736e-01   1.1777779e-02  -1.0843087e-03  -1.4162294e-03
   8.9404829e-02   1.3837939e-03   2.4238191e-01   1.3033261e-02  -5.4912969e-04  -8.2194891e-04
   5.8045433e-02  -6.2853220e-02   1.1317523e-01   1.3115398e-02  -6.4131182e-04  -5.0695828e-04
   6.3200994e-02  -1.0919656e-01   1.3213227e-01   1.3209344e-02  -7.3669553e-04  -1.0699609e-03
   6.7965862e-02  -9.2932840e-02   1.5128559e-01   1.2608977e-02  -8.7652933e-04  -1.3282927e-03
   7.1938888e-02  -1.1269051e-01   1.6647506e-01   1.2233579e-02  -1.0908922e-03  -1.6396422e-03
   7.6386571e-02  -1.0515008e-01   1.6684857e-01   1.1875477e-02  -1.0803388e-03  -1.6483250e-03
   9.3475144e-02  -3.4958701e-03   3.7477208e-01   1.2738755e-02  -6.5762293e-04  -1.1956858e-03
   6.5132759e-02  -1.6157047e-01   1.4695252e-01   1.3401286e-02  -7.7715583e-04  -9.0758119e-04
   7.5317096e-02  -1.1232691e-01   1.2532688e-01   1.2858179e-02  -9.3899140e-04  -1.3674429e-03
   8.6176473e-02  -2.9962313e-02   2.8788787e-01   1.3646244e-02  -8.5638772e-04  -1.2940842e-03
   7.5678568e-02  -1.4824621e-01   1.2351629e-01   1.4692433e-02  -8.6963437e-04  -1.1176423e-03
   8.1843192e-02  -1.2200871e-01   1.1523154e-01   1.4701913e-02  -1.0511748e-03  -1.4680915e-03
   8.2991071e-02  -1.2552156e-01   1.2233737e-01   1.4789829e-02  -1.0618786e-03  -1.5668304e-03
   8.8369552e-02  -2.3292829e-02   2.3283003e-01   1.3668126e-02  -7.2571487e-04  -1.6932595e-03
   8.2186934e-02  -1.0563554e-01   2.4690819e-01   1.5134713e-02  -5.0543928e-04  -1.3756520e-03
   7.4911341e-02  -1.6968662e-01   1.5744665e-01   1.5146619e-02  -7.6189254e-04  -1.2766135e-03
   7.8844806e-02  -1.5102619e-01   1.5532584e-01   1.5282908e-02  -9.7082824e-04  -1.5025783e-03
   9.5086525e-02   2.0308669e-02   3.4668090e-01   1.4152689e-02  -6.1379598e-04  -1.7702971e-03
   6.9709044e-02  -1.3515588e-01   2.3987360e-01   1.5970567e-02  -6.5558024e-04  -8.2462365e-04
   6.8243235e-02  -1.5780016e-01   1.5624700e-01   1.5399599e-02  -8.6720786e-04  -7.2823088e-04
   7.3128961e-02  -4.3464525e-02   2.0831058e-01   1.4240922e-02  -6.4024810e-04  -1.0953573e-03
   7.4490685e-02  -1.1995193e-01   2.4245782e-01   1.4998800e-02  -5.3256255e-04  -1.0739884e-03
   6.9366510e-02  -1.6239859e-01   1.7284622e-01   1.5965707e-02  -6.9981716e-04  -1.0350018e-03
   7.5740319e-02  -1.5524114e-01   1.7460780e-01   1.6065644e-02  -7.5335419e-04  -9.7428034e-04
   8.9601108e-02  -4.8802160e-02   2.8955739e-01   1.5123006e-02  -4.8664786e-04  -1.1683072e-03
   7.5642876e-02  -1.7453012e-01   2.1520830e-01   1.5912947e-02  -6.2229750e-04  -7.9252006e-04
   7.5080021e-02  -1.5582241e-01   1.9958945e-01   1.5734559e-02  -5.8564934e-04  -1.0331237e-03
   8.7894119e-02  -7.9266010e-02   3.8435192e-01   1.3044593e-02  -8.1341397e-04  -1.0840122e-03
   7.5085174e-02  -1.8737191e-01   1.9885002e-01   1.5589623e-02  -9.6047985e-04  -1.0339464e-03
   7.9225806e-02  -1.6755339e-01   1.9204815e-01   1.5796014e-02  -9.6047887e-04  -1.2891931e-03
   8.5159230e-02  -7.5069094e-02   3.2950899e-01   1.4691158e-02  -6.9088796e-04  -1.1429642e-03
   7.9691892e-02  -1.7246582e-01   2.0650283e-01   1.6429841e-02  -8.5236455e-04  -9.4079874e-04
   8.0812664e-02  -1.7803322e-01   2.0414973e-01   1.6364681e-02  -1.0421329e-03  -1.1572210e-03
   8.2240387e-02  -1.5872999e-01   2.2145661e-01   1.6077666e-02  -1.0517659e-03  -1.2180816e-03
   8.8830438e-02  -6.8721493e-02   3.9376710e-01   1.4744444e-02  -6.5661307e-04  -9.9399089e-04
   7.2569647e-02  -2.2522462e-01   2.4361267e-01   1.6299690e-02  -8.1475555e-04  -7.4706361e-04
   7.4037100e-02  -1.5099140e-01   2.2730624e-01   1.6376027e-02  -5.2965920e-04  -7.9561503e-04
   8.1430355e-02  -7.5472438e-02   3.9445263e-01   1.5883849e-02  -3.9754821e-04  -7.2756857e-04
   6.8931785e-02  -2.1613512e-01   2.0169660e-01   1.7259198e-02  -5.1294753e-04  -3.5473902e-04
   8.3854028e-02  -3.9499476e-02   2.9590221e-01   1.5271858e-02  -5.1202226e-04  -6.8938164e-04
   7.5833668e-02  -1.4870370e-01   2.4876801e-01   1.6310642e-02  -6.4397374e-04  -3.9197020e-04
   7.1530965e-02  -1.8791200e-01   2.1831407e-01   1.7405466e-02  -5.5249183e-04  -3.0372459e-04
   8.3546115e-02  -1.7074844e-01   2.2439833e-01   1.7319806e-02  -5.8411772e-04  -5.2467305e-04
   9.9062533e-02  -6.2275446e-02   3.9285337e-01   1.5825720e-02  -2.7615108e-04  -5.9596781e-04
   8.9514483e-02  -1.9360957e-01   2.5668339e-01   1.7408061e-02  -6.3569039e-04  -3.6356782e-04
   9.2507641e-02  -1.7302094e-01   2.3923271e-01   1.7195663e-02  -6.2299309e-04  -5.6677496e-04
   1.0262362e-01  -5.4116370e-02   3.5809693e-01   1.5781296e-02  -4.1167120e-04  -5.6374065e-04
   9.2397948e-02  -1.8708636e-01   2.8475068e-01   1.6994816e-02  -6.4505104e-04  -2.0036885e-04
   8.6927327e-02  -1.8753976e-01   2.3556900e-01   1.8077917e-02  -6.5375704e-04  -3.3552784e-04
   9.6015422e-02  -8.0767015e-02   2.9382538e-01   1.6799488e-02  -5.5275632e-04  -6.6576755e-04
   1.0111844e-01  -3.2092151e-02   5.2785778e-01   1.7669884e-02  -1.0964720e-04  -3.2832663e-04
   8.7148872e-02  -1.8131005e-01   3.0222952e-01   1.8711010e-02  -3.0568896e-04  -9.2061541e-06
   9.6407474e-02  -1.5507002e-01   2.6044729e-01   1.8852393e-02  -4.5717858e-04   2.2487137e-05
   1.0667299e-01  -5.6549922e-02   3.5162478e-01   1.8680989e-02  -2.8022882e-04  -6.0058186e-04
   1.1572411e-01  -1.6032430e-01   3.2480199e-01   1.8706872e-02  -5.3989757e-04  -5.9540331e-04
   1.1231165e-01  -1.8393276e-01   2.8515507e-01   1.9494815e-02  -6.7744406e-04  -4.5781733e-04
   1.1590163e-01  -1.3522405e-01   3.0990940e-01   1.8590524e-02  -7.9923081e-04  -7.2584325e-04
   1.2258694e-01  -1.2472087e-01   4.3549603e-01   1.9078302e-02  -5.8225186e-04  -8.2217530e-04
   1.1933744e-01  -2.0633371e-01   3.1067387e-01   2.0547020e-02  -8.5473725e-04  -9.0206238e-04
   1.1919376e-01  -1.7054660e-01   2.9821809e-01   2.0447599e-02  -8.7383523e-04  -9.1064267e-04
   1.3062299e-01  -4.7665807e-02   4.4371760e-01   1.9282934e-02  -9.5835058e-04  -1.2341238e-03
   1.2979989e-01  -1.7179239e-01   4.0450905e-01   2.0767850e-02  -9.6394425e-04  -1.1397764e-03
   1.2507640e-01  -2.0030444e-01   3.0653129e-01   2.1184141e-02  -1.1847252e-03  -8.3199683e-04
   1.1895609e-01  -1.7415544e-01   3.0591918e-01   2.1031038e-02  -1.0823939e-03  -9.5813663e-04
   1.3930670e-01  -4.3261581e-02   5.5686963e-01   2.0747882e-02  -6.9290661e-04  -1.4640678e-03
   1.3318874e-01  -2.1441646e-01   3.9233205e-01   2.2282972e-02  -9.6484972e-04  -1.4519882e-03
   1.4252442e-01  -1.7754015e-01   3.2364549e-01   2.2679736e-02  -1.1788268e-03  -1.5502746e-03
   1.3988576e-01  -1.8612438e-01   3.1130409e-01   2.2833216e-02  -1.3823491e-03  -1.7040373e-03
   1.2467010e-01  -1.1279103e-01   4.2440057e-01   2.1039760e-02  -8.0477447e-04  -1.6485774e-03
   1.0736115e-01  -1.6712866e-01   3.9967863e-01   2.1897545e-02  -6.9884236e-04  -1.0827716e-03
   1.0021902e-01   2.3126669e-01   3.0747663e-01  -2.5434862e-03  -1.3557505e-03   2.0911787e-03
   7.3456670e-02   9.7514009e-02   4.2675334e-01   2.3180791e-04  -3.4636610e-03  -1.2401835e-04
   7.2503385e-02   7.2440016e-02   3.1320024e-01   1.5544504e-03  -3.0820474e-03  -3.1422846e-04
   8.2575333e-02   8.9048196e-02   2.7858879e-01   3.0065901e-03  -2.8531265e-03  -2.9756392e-04
   9.0549669e-02   9.4598046e-02   2.6457945e-01   3.9169706e-03  -2.7297111e-03  -2.5299998e-04
   9.6888082e-02   2.0215266e-01   4.2549086e-01   3.1416412e-03  -2.3450733e-03  -5.6993541e-04
   9.3381743e-02   4.8592457e-02   3.6602557e-01   4.5789224e-03  -2.4621667e-03  -5.0276987e-04
   1.0793395e-01   6.8684998e-02   3.2010821e-01   5.1563620e-03  -2.5652731e-03  -7.5188241e-04
   1.1159702e-01   9.0491734e-02   3.3867639e-01   4.3570330e-03  -2.6346924e-03  -9.5604816e-04
   1.1631879e-01   3.4810633e-02   3.5912425e-01   5.4714271e-03  -2.8186907e-03  -9.1173883e-04
   1.2571465e-01   5.4028896e-02   2.9943589e-01   6.0112148e-03  -2.9605772e-03  -1.0121827e-03
   1.3062696e-01   1.7286278e-02   2.7360541e-01   6.3953315e-03  -3.0972739e-03  -1.1757378e-03
   1.3327890e-01   1.0461329e-01   3.8062426e-01   6.1795085e-03  -2.7957684e-03  -1.2499478e-03
   1.2917292e-01   2.0649993e-02   2.9666226e-01   7.8430604e-03  -2.8907233e-03  -1.1589219e-03
   1.3148837e-01   2.4268685e-02   2.8018312e-01   7.9175604e-03  -2.9801324e-03  -1.3381946e-03
   1.3411503e-01   6.6900517e-02   4.1083451e-01   8.1843738e-03  -2.4933056e-03  -1.0808367e-03
   1.2123983e-01  -3.3597062e-02   2.8869263e-01   9.3842246e-03  -3.0318776e-03  -1.1671785e-03
   1.1991233e-01   1.0277340e-01   4.1233453e-01   9.6886781e-03  -3.5778937e-03  -1.2412407e-03
   1.1966214e-01  -1.7707760e-02   3.3375767e-01   1.0567262e-02  -2.8291051e-03  -1.3444283e-03
   1.2723841e-01   2.8835730e-02   3.3020960e-01   1.0322983e-02  -2.7403616e-03  -1.6148485e-03
   1.3310405e-01   1.6716894e-03   3.6475070e-01   1.1489603e-02  -2.7534636e-03  -1.4367078e-03
   1.3677516e-01  -5.3415035e-02   3.1326139e-01   1.1583994e-02  -2.9207964e-03  -1.3525459e-03
   1.3914898e-01  -6.1534544e-02   3.0418775e-01   1.2068523e-02  -2.9495514e-03  -1.4689239e-03
   1.5242803e-01   3.8821029e-02   3.9321614e-01   1.0995517e-02  -3.0823789e-03  -1.8550431e-03
   1.5486265e-01  -5.1542854e-02   4.0690603e-01   1.2356072e-02  -3.2489234e-03  -1.6941029e-03
   1.5870495e-01  -6.1372018e-02   3.5651971e-01   1.2253740e-02  -3.2142588e-03  -1.7183467e-03
   1.5756389e-01   4.0166226e-02   4.8146219e-01   1.1323359e-02  -2.7827599e-03  -1.9382939e-03
   1.5043204e-01  -7.5266111e-02   3.3147012e-01   1.3253326e-02  -3.0384937e-03  -1.6644215e-03
   1.5706029e-01  -4.2264972e-02   3.3415786e-01   1.3150282e-02  -3.1622699e-03  -1.9089351e-03
   1.5983232e-01  -4.4452145e-02   4.2611365e-01   1.4885101e-02  -3.2763626e-03  -2.0695741e-03
   1.6002719e-01  -5.4647947e-02   3.7089219e-01   1.4500740e-02  -3.1900140e-03  -1.8176754e-03
   1.6657381e-01   1.3097052e-02   4.8216937e-01   1.4463071e-02  -2.5991314e-03  -1.1817057e-03
   1.6605025e-01  -7.8243347e-02   3.5143229e-01   1.5210947e-02  -2.9950381e-03  -1.2816728e-03
   1.6828603e-01   2.2928294e-02   4.8675818e-01   1.4878788e-02  -2.4817850e-03  -1.2670886e-03
   1.5272811e-01  -1.0429593e-01   3.8214730e-01   1.6196069e-02  -2.5576911e-03  -1.2222005e-03
   1.6515442e-01  -6.7788184e-02   3.5634217e-01   1.6301775e-02  -2.8741426e-03  -1.3910434e-03
   1.7435180e-01   2.5206497e-02   5.0100612e-01   1.5290416e-02  -2.2753600e-03  -2.0068089e-03
   1.7378462e-01  -9.0635046e-02   4.0258575e-01   1.6639826e-02  -2.6816041e-03  -1.5385428e-03
   1.7453311e-01  -5.1234667e-03   4.2380224e-01   1.5686494e-02  -2.7208423e-03  -1.5399159e-03
   1.7253786e-01  -4.2829276e-02   4.7008315e-01   1.6470571e-02  -2.5695593e-03  -1.5443174e-03
   1.6323991e-01  -1.0015851e-01   3.8933303e-01   1.7068358e-02  -2.5227306e-03  -1.4511399e-03
   1.7221092e-01  -1.4444776e-02   4.0642891e-01   1.7015369e-02  -2.4163460e-03  -1.6680149e-03
   1.6233067e-01  -6.5079195e-02   4.5471068e-01   1.7538561e-02  -2.1076867e-03  -1.3609714e-03
   1.5996865e-01  -1.1560874e-01   3.7923260e-01   1.7977047e-02  -1.9595881e-03  -1.2783769e-03
   1.6752066e-01  -5.1174313e-02   3.8480174e-01   1.7828921e-02  -1.8971846e-03  -1.3684952e-03
   1.7301157e-01  -1.9514240e-03   5.8349545e-01   1.8378416e-02  -1.1983015e-03  -1.0596715e-03
   1.5979431e-01  -1.2608240e-01   4.2775407e-01   1.8980220e-02  -1.2695634e-03  -8.6057482e-04
   1.5994436e-01  -8.3605006e-02   3.8625804e-01   1.9238223e-02  -1.2582001e-03  -8.9819141e-04
   1.6833536e-01  -5.5032649e-02   3.9323082e-01   1.8796890e-02  -1.4062801e-03  -1.1528633e-03
   1.7161470e-01  -5.5656837e-02   4.8824239e-01   1.9765610e-02  -9.6009045e-04  -9.6233088e-04
   1.6634664e-01  -1.2037659e-01   3.9172779e-01   2.0334494e-02  -9.5492870e-04  -8.9341785e-04
   1.8188876e-01   1.0897469e-02   4.9896584e-01   1.8946639e-02  -6.7771552e-04  -9.4287788e-04
   1.7957223e-01  -1.1206319e-01   4.5023114e-01   2.0332989e-02  -8.9260803e-04  -9.2544397e-04
   1.7776554e-01  -1.2961940e-01   3.9801304e-01   2.0738734e-02  -9.3927652e-04  -9.9109996e-04
   1.7988146e-01  -6.9285029e-03   4.6963631e-01   1.9270332e-02  -5.6675099e-04  -8.9472118e-04
   1.7159592e-01  -8.7063898e-02   4.5859685e-01   2.0647808e-02  -2.7339267e-04  -5.5926458e-04
   1.6565312e-01  -1.2353155e-01   4.0704432e-01   2.1173714e-02  -4.0670578e-04  -5.7981753e-04
   1.6716187e-01  -1.3365324e-01   3.8995549e-01   2.1864568e-02  -7.1852776e-04  -8.2252329e-04
   1.6975287e-01  -1.2543654e-01   3.9473300e-01   2.1076694e-02  -6.4318609e-04  -9.2207267e-04
   1.8299092e-01  -4.2941772e-02   4.6073025e-01   2.0469050e-02  -5.3574670e-04  -1.0808098e-03
   1.8579705e-01  -9.6032710e-02   5.4566932e-01   2.1653486e-02  -4.4947447e-04  -8.2796985e-04
   1.7845170e-01  -1.5363661e-01   4.5695682e-01   2.2204090e-02  -4.5097208e-04  -8.8222045e-04
   2.0419068e-01   1.0626943e-01   6.6140668e-01   2.0626338e-02   1.6395788e-04  -1.7129247e-03
   2.1905168e-01   2.9294919e-02   6.9929822e-01   2.1476055e-02  -2.6779078e-04  -7.8925482e-04
   1.5832715e-01  -4.8304889e-02   4.0375706e-01   1.3546928e-02   1.0255536e-04   1.4862849e-03
   1.0042118e-01  -6.4812441e-02   2.7821428e-01   1.8705820e-02   7.7030221e-04   2.1985037e-03
   9.8948961e-02  -1.0338917e-01   2.8257828e-01   1.9518826e-02   9.4542426e-04   2.1353543e-03
   1.0053646e-01  -1.4801948e-01   3.0323011e-01   2.0377881e-02   1.0942104e-03   1.8687969e-03
   1.1407617e-01  -1.2641385e-01   3.2679047e-01   1.9475723e-02   1.0884079e-03   1.7710335e-03
   1.3124123e-01  -3.4236135e-02   4.7914262e-01   1.9703747e-02   1.4637705e-03   1.2088566e-03
   1.3385026e-01  -1.4984301e-01   4.4857549e-01   2.0674281e-02   1.5614494e-03   1.2606095e-03
   1.4326499e-01  -1.2012171e-01   3.8620709e-01   2.0379401e-02   1.4485780e-03   1.2218505e-03
   1.5675969e-01  -5.9100815e-02   5.3571228e-01   2.0515526e-02   1.5905740e-03   1.0215643e-03
   1.4880811e-01  -1.9752081e-01   3.7917806e-01   2.1695531e-02   1.2122263e-03   9.3661827e-04
   1.4829308e-01  -1.5415043e-01   3.3183663e-01   2.1787504e-02   1.1215283e-03   1.0491219e-03
   1.6000895e-01  -1.0566869e-01   3.4668857e-01   2.1796498e-02   1.0548387e-03   7.5736588e-04
   1.7692031e-01  -7.5747729e-02   5.0550072e-01   2.1591855e-02   1.2593387e-03   7.3830461e-04
   1.6856754e-01  -1.8234424e-01   3.8654499e-01   2.2094929e-02   9.9298578e-04   6.1811056e-04
   1.6964718e-01  -1.5000427e-01   3.5499095e-01   2.2402444e-02   9.6342772e-04   5.4313317e-04
   1.9127681e-01   2.5039278e-02   5.8918656e-01   2.2553984e-02   9.4050107e-04   2.0291836e-04
   1.8657499e-01  -1.2525149e-01   4.7063953e-01   2.3893755e-02   5.3398527e-04   3.5155539e-04
   1.7236546e-01  -1.1831190e-01   3.8640371e-01   2.1724738e-02  -3.8436676e-04  -6.7183151e-04
   1.4849090e-01  -7.9847768e-02   4.0690885e-01   2.3331025e-02   5.8739277e-04  -1.1860642e-03
   1.3348678e-01  -4.4000573e-02   6.3063871e-01   2.1729167e-02   1.4316619e-03   3.0585060e-04
   1.0108958e-01  -1.4949782e-01   4.1133421e-01   1.9353098e-02   2.2099733e-03   2.2341348e-03
   1.1544117e-01  -1.2863657e-01   3.8886170e-01   2.1189047e-02   1.9609747e-03   1.8110183e-03
   1.4232485e-01  -7.6589634e-02   5.6996506e-01   2.1851440e-02   1.8095676e-03   7.9557861e-04
   1.4755241e-01  -1.4981627e-01   4.0680320e-01   1.8413945e-02   1.0659390e-03   1.5292270e-04
   1.5148938e-01   1.2465178e-02   6.3241616e-01   2.1458566e-02   1.7244280e-03   9.0127833e-04
   1.2135455e-01  -1.8186993e-01   4.1272432e-01   2.2665182e-02   1.7486306e-03   1.5984829e-03
   1.2474288e-01  -1.7433017e-01   4.1124893e-01   2.2478791e-02   1.8220551e-03   1.5985431e-03
   1.5136282e-01  -3.4796126e-02   4.8650258e-01   2.0538804e-02   2.5878174e-03   2.3112626e-03
   1.3229749e-01  -1.3283666e-01   5.1667970e-01   2.2784700e-02   3.2366630e-03   2.8642447e-03
   1.3050057e-01  -1.8775279e-01   3.8817125e-01   2.3097100e-02   3.0516747e-03   3.0562963e-03
   1.3500433e-01  -1.6120286e-01   3.8641663e-01   2.3398240e-02   3.0989250e-03   3.0544263e-03
   1.4603449e-01  -7.9933116e-02   5.4920369e-01   2.2810109e-02   3.3054610e-03   2.4575823e-03
   1.2107733e-01  -1.8929666e-01   3.7696453e-01   2.3859768e-02   2.8312399e-03   2.4707202e-03
   1.2119795e-01  -1.3663869e-01   4.1804270e-01   2.1876135e-02   2.7195341e-03   2.3422913e-03
   1.2170875e-01  -1.4785841e-01   5.2073631e-01   2.2633496e-02   2.5357380e-03   1.8157558e-03
   1.0547645e-01  -2.0419466e-01   3.9618418e-01   2.2172171e-02   2.8804108e-03   2.2700768e-03
   9.7513234e-02  -1.1263438e-01   4.1610746e-01   1.9815965e-02   2.4251723e-03   2.3596333e-03
