   0.0000000e+00   0.0000000e+00   0.0000000e+00   0.0000000e+00   0.0000000e+00   0.0000000e+00
  -2.5065362e-02  -1.0577924e-01  -7.4878840e-02   6.6108434e-04   2.1794349e-04  -3.3667268e-04
  -7.9002527e-02  -8.5131099e-02   6.0047573e-02   1.9063745e-03   3.7098857e-03   1.2132898e-06
  -1.1170799e-01  -9.0278855e-02   1.1458927e-02   1.7899583e-03   4.5257139e-03   6.5919674e-05
  -9.2543785e-02  -4.6384027e-02   7.5823855e-02   2.7770551e-03   4.8872332e-03   2.9847418e-04
  -5.8521710e-03   6.2225475e-03   1.0396366e-01   6.0873404e-03   3.0000004e-03   2.3430049e-03
  -6.7947981e-03  -1.3153550e-01  -6.2784031e-02   4.2838300e-03   2.8203493e-03   2.1349087e-03
  -4.6247267e-03  -1.1472222e-01  -1.1280154e-01   2.8892608e-03   2.1565107e-03   2.3523543e-03
  -5.0809043e-03  -6.7230478e-02  -7.6550526e-02   3.1004312e-03   1.7729729e-03   1.9687533e-03
  -3.8869366e-03  -6.0351339e-02   3.8297220e-02   5.5621613e-03   1.9852362e-03   1.8422206e-03
  -1.3996416e-02  -1.8703721e-01  -8.8313244e-02   6.3893865e-03   1.7397970e-03   1.9134417e-03
  -1.6857422e-02  -1.4013147e-01  -9.6290286e-02   5.5239560e-03   1.7206822e-03   1.8048725e-03
  -8.6458922e-03  -1.5643474e-01  -1.0930013e-01   5.7384485e-03   1.7221071e-03   1.6047929e-03
   4.6616028e-03  -1.5163212e-01  -1.0035121e-01   5.2998622e-03   1.7854115e-03   1.4559863e-03
  -1.4473143e-02  -7.8507499e-02   6.7111658e-02   6.7557569e-03   3.3406191e-03   4.2528825e-04
  -7.2580706e-02  -1.7919001e-01   4.5532273e-02   6.6133571e-03   6.0481192e-03  -1.7135096e-04
  -8.3509046e-02  -1.1039627e-01   4.8947576e-02   6.2010447e-03   6.7334672e-03  -4.5990533e-05
  -6.4697014e-02   2.1159692e-02   1.9286261e-01   6.7325926e-03   7.1042840e-03  -2.8720442e-04
  -9.5392591e-02  -1.3877132e-01   3.3997870e-02   7.8290480e-03   7.5976687e-03  -4.0992241e-04
  -8.7914219e-02  -9.8971777e-02   1.3547345e-02   8.2639245e-03   7.7436542e-03  -1.7611284e-04
  -2.3226248e-02  -1.2615184e-02   8.5251989e-02   8.7367389e-03   4.7231852e-03   1.7356345e-03
  -7.6221833e-02  -6.0742306e-02   1.5757359e-01   3.6767322e-03   9.1728054e-03   1.2478647e-03
  -8.1989933e-02   5.7093786e-02   1.1468295e-01  -4.3331451e-03   7.1689994e-03   1.1026393e-03
  -6.4887103e-02   2.1923683e-01   2.7486651e-01  -2.2622014e-03   7.6188012e-03   8.9365922e-04
  -8.4760526e-02   3.7001502e-02   1.9233771e-01   4.8535515e-04   8.1657647e-03   7.7586017e-04
  -8.3640454e-02   8.6810748e-02   1.8283286e-01   1.0505106e-03   8.6734236e-03   3.8018074e-04
  -8.1608843e-02   6.8304057e-02   1.8437416e-01   1.5601843e-03   8.7882117e-03   2.3234822e-04
  -4.2852828e-02   2.3277047e-01   3.6741727e-01   8.7427584e-04   8.5515088e-03   1.8060976e-04
  -6.2789180e-02   4.9398216e-02   2.3632938e-01   2.6165986e-03   8.9643626e-03  -7.7872013e-05
  -7.0112852e-02   7.0470684e-02   1.9051586e-01   2.5045087e-03   9.4083474e-03  -5.2824568e-05
  -6.8824063e-02   6.8194766e-02   1.7572159e-01   2.7027583e-03   9.3536292e-03  -1.4871297e-04
   2.4062610e-02   1.1167837e-01   2.0647023e-01   4.7868674e-03   6.1252919e-03   9.2378053e-04
  -1.3489865e-02  -9.0567985e-02   3.5312351e-02   5.9643504e-03   7.1866875e-03   1.7706724e-03
  -1.8987326e-02   1.0725911e-01   1.7567482e-01   2.0206658e-03   7.0255843e-03   2.9961007e-03
  -1.4862239e-01  -4.7748360e-02  -1.2101395e-01   1.4586130e-03   8.3216638e-03   5.1840290e-03
  -1.2404444e-01  -1.4395072e-01  -1.6326400e-01   3.3304401e-03   7.9003420e-03   4.6931859e-03
  -1.0955870e-01  -1.4948518e-01  -1.8618038e-01   4.9672782e-03   7.8094168e-03   4.4843523e-03
  -5.5281721e-02  -3.2328272e-02   2.2860399e-02   4.2380833e-03   7.8991889e-03   4.4224491e-03
  -5.9793409e-02  -1.9555886e-01  -1.2773156e-01   5.8089320e-03   7.5356088e-03   4.5729502e-03
  -6.5739693e-02  -1.9971190e-01  -1.5769273e-01   5.4703250e-03   7.3853945e-03   4.8105258e-03
  -5.9034320e-02  -1.1725761e-01  -7.2782937e-02   4.3449849e-03   7.5441172e-03   4.5855295e-03
  -1.4874284e-02  -1.2626661e-01   1.9551055e-02   6.7461234e-03   6.9283366e-03   4.5533872e-03
  -4.3969314e-02  -2.2226566e-01  -1.5687414e-01   6.5021089e-03   6.9157179e-03   4.7495699e-03
  -5.3504991e-02  -2.2106803e-01  -1.8337991e-01   6.7736905e-03   7.0723619e-03   4.8292642e-03
  -3.4877411e-02  -4.7490582e-02  -1.0665646e-02   5.5359947e-03   7.3752271e-03   4.5230683e-03
  -3.5079933e-02  -1.7594800e-01  -4.0968449e-02   6.6694927e-03   7.2901959e-03   4.6371172e-03
  -5.5128394e-02  -2.5492349e-01  -1.6581535e-01   7.0349527e-03   7.3045264e-03   5.1504412e-03
  -5.4527728e-02  -1.5077865e-01  -1.3621229e-01   4.9063020e-03   7.2833617e-03   5.0533497e-03
   1.0854644e-01   2.0451509e-01   2.5474808e-01   4.8104550e-03   6.1110843e-03   2.9587006e-03
   1.6670256e-01  -8.9491083e-03   1.4560979e-02  -9.5910740e-04   6.5020259e-03   8.6926392e-03
   3.8322603e-02  -1.4731120e-01  -2.4354265e-01  -1.0575718e-03   4.8065133e-03   5.7610108e-03
   2.1365496e-02  -1.5309169e-01  -2.4009736e-01   4.9163584e-04   5.3693117e-03   6.1031555e-03
   1.4673666e-02  -2.0781817e-01  -2.3827039e-01   2.1698586e-03   5.7983729e-03   6.3528937e-03
   1.1555501e-02  -1.9310229e-01  -2.3052149e-01   2.4801484e-03   5.9331291e-03   6.1428829e-03
   1.8059644e-02  -1.9026617e-01  -2.0906787e-01   2.0311588e-03   5.7827486e-03   6.0042041e-03
   2.2906771e-02  -2.0645398e-01  -2.0148891e-01   1.7515121e-03   5.6117460e-03   5.9579964e-03
   3.3340855e-02  -1.1271024e-01  -1.0027035e-01   1.1406929e-03   6.0820623e-03   6.2912241e-03
   2.0402130e-02  -1.8194366e-01  -1.0055840e-01   2.5650870e-03   6.2189893e-03   6.6899845e-03
   1.4525165e-03  -2.0762861e-01  -2.1637137e-01   2.0866232e-03   6.1120724e-03   6.9073618e-03
   1.5029131e-03  -1.2530003e-01  -1.7718648e-01   8.2425045e-04   6.6338347e-03   6.9620816e-03
   9.7269356e-03  -1.2011088e-01  -4.3353324e-02   1.9805210e-03   6.9820394e-03   7.0276212e-03
  -2.2089855e-02  -2.0395189e-01  -2.4105255e-01   3.4521232e-03   6.6934794e-03   7.4137720e-03
  -1.5765587e-02  -2.0178552e-01  -2.4531698e-01   3.6124913e-03   6.6385776e-03   7.6618645e-03
  -7.6778720e-03  -1.7768681e-01  -2.1766603e-01   2.7285113e-03   6.8276912e-03   7.4809354e-03
  -1.5075247e-01  -1.1033680e-01  -1.2411462e-01   8.9411972e-03   7.9160375e-03   5.0825174e-03
  -9.1378295e-02  -1.2114910e-01  -8.4675885e-02   3.9876945e-03   7.7078731e-03   6.9648941e-03
  -5.8238502e-02  -8.1666766e-02   1.0764860e-01   7.7666137e-03   9.1054376e-03   8.0423496e-03
  -1.2243797e-01  -2.5675017e-01  -1.2942810e-01   7.6198174e-03   8.6508772e-03   7.7809684e-03
  -1.0734507e-01  -2.3941556e-01  -1.5585443e-01   7.9879950e-03   8.8327262e-03   8.1855067e-03
  -9.3050296e-02  -2.3424834e-01  -1.6027973e-01   8.1478401e-03   8.9102523e-03   8.2893055e-03
  -8.3316417e-02  -2.4464632e-01  -1.5788856e-01   8.2707910e-03   8.8478572e-03   8.2831287e-03
  -7.5137454e-02  -2.0618973e-01  -1.3144054e-01   7.5673502e-03   8.9474455e-03   8.1561202e-03
  -6.0103030e-02  -2.0774871e-01  -4.2010412e-02   8.2503770e-03   9.1975592e-03   8.4314660e-03
  -6.7409613e-02  -3.0815433e-01  -1.6538459e-01   9.0662458e-03   8.7914816e-03   8.5359507e-03
  -5.1169173e-02  -2.2770835e-01  -1.6827435e-01   7.5878324e-03   8.7158550e-03   8.4197307e-03
  -2.7293204e-02  -1.5406982e-01   2.2073931e-02   7.7896382e-03   8.7504105e-03   8.2660226e-03
  -5.5750490e-02  -3.1345587e-01  -1.7531658e-01   8.7333205e-03   8.5834580e-03   8.7231081e-03
  -1.1740325e-01  -2.7220569e-01  -1.8820346e-01   1.1863081e-02   7.6593863e-03   6.9539619e-03
  -3.3405255e-01  -1.2437276e-01   5.5250153e-02   3.1743395e-02   5.2776026e-03  -3.3587335e-03
  -2.3483359e-01  -3.3940083e-01  -1.4706271e-01   2.1393527e-02   8.5483517e-03   4.9528470e-03
  -1.5625643e-01  -2.1822839e-01  -1.2302325e-01   1.8006432e-02   9.2944616e-03   6.6075400e-03
  -1.1177833e-01  -2.5052338e-01  -2.0208050e-02   1.8376562e-02   9.2024670e-03   6.7393025e-03
  -8.6880201e-02  -2.1825752e-01  -2.3067379e-01   1.6814479e-03   9.4394672e-03   1.0673772e-02
  -9.4510980e-02  -2.0379169e-01  -1.9267496e-01   5.0639784e-04   8.5999150e-03   9.1046325e-03
  -6.6370480e-02  -7.3513815e-02  -2.2907763e-02   4.7832593e-03   8.9174734e-03   8.4187864e-03
  -8.7922034e-02  -2.7766681e-01  -1.8246222e-01   6.1456943e-03   8.8046861e-03   8.8199875e-03
  -6.7672913e-02  -1.0869195e-01  -2.2129843e-02   6.0106793e-03   9.3173472e-03   8.6151171e-03
  -7.7575357e-02  -2.3448119e-01  -1.1569223e-01   6.6866452e-03   9.0838540e-03   8.7226654e-03
  -7.5642819e-02  -2.2491345e-01  -1.6608562e-01   7.1227890e-03   9.0641235e-03   8.7621592e-03
  -1.8967277e-02   2.2638851e-02   6.4293954e-02   4.2800588e-03   8.5650454e-03   7.9245632e-03
   1.1982242e-01  -9.4799287e-03   1.4985868e-01  -2.3755965e-03   5.8136856e-03   7.8041138e-03
   7.9875745e-02  -3.1303134e-02   3.2713398e-02  -9.5301614e-04   5.5797164e-03   7.6862954e-03
  -1.9812247e-02  -1.1276176e-01  -2.0668806e-01   1.7211244e-03   6.8372493e-03   8.5248103e-03
  -2.1501948e-02  -1.7641584e-01  -2.2763474e-01   2.5960572e-03   7.3370240e-03   8.7319466e-03
  -1.1131366e-02  -1.3858619e-01  -2.1467363e-01   2.6289320e-03   7.4256609e-03   8.8841814e-03
  -1.4756792e-02  -1.9733936e-01  -1.8787719e-01   2.6402440e-03   7.2553090e-03   8.6639101e-03
  -2.1561385e-03  -8.8583813e-02  -9.3099017e-02   1.4945631e-03   7.4761633e-03   8.5650105e-03
   1.4151310e-02  -8.0625999e-02   2.2082264e-02   4.7491196e-03   7.5239924e-03   8.4562572e-03
  -3.9488194e-02  -2.4197148e-01  -2.0159102e-01   4.9206701e-03   7.5792875e-03   9.0689338e-03
  -3.2167669e-02  -2.1981194e-01  -2.1415484e-01   4.8078621e-03   7.5289784e-03   9.1077419e-03
  -2.7543931e-02  -1.7904279e-01  -2.1802439e-01   5.5164857e-03   7.5689067e-03   9.0486348e-03
   7.9834977e-03  -2.7712462e-02   3.2131534e-02   6.3924501e-03   7.8216057e-03   8.5604362e-03
  -1.0733666e-02  -2.2349354e-01  -1.0395576e-01   7.7249250e-03   7.7161387e-03   8.8293312e-03
  -3.5025884e-02  -2.2371121e-01  -1.9524794e-01   7.6753988e-03   8.0279518e-03   9.4148082e-03
  -3.0077972e-02  -2.4483208e-01  -2.0291823e-01   7.5891674e-03   7.9810364e-03   9.3525714e-03
  -1.0828758e-03  -1.0027657e-01   9.4390722e-03   6.5785471e-03   9.8697440e-03   9.6677941e-03
  -1.0133886e-01  -2.6221613e-01  -1.4169179e-01   7.9495113e-03   8.3327632e-03   8.2425272e-03
  -8.8321491e-02  -2.3827859e-01  -1.5322863e-01   6.8982313e-03   8.5944275e-03   8.6964978e-03
  -4.8595304e-02  -8.3995601e-02   5.3063367e-02   8.1818332e-03   9.1336646e-03   8.4559748e-03
  -8.6194141e-02  -3.5041410e-01  -1.4997183e-01   1.0098678e-02   9.0860664e-03   9.3933091e-03
  -7.1242010e-02  -2.2757852e-01  -1.4173817e-01   9.3272565e-03   9.2568756e-03   9.5464622e-03
  -6.3028171e-02  -2.2289552e-01  -3.1754899e-02   9.8367667e-03   8.7265356e-03   8.9048772e-03
  -9.4616352e-02  -3.4737760e-01  -1.5654499e-01   7.5959202e-03   9.1761147e-03   9.7491446e-03
  -8.3195840e-02  -2.6730246e-01  -1.5835451e-01   8.7194084e-03   9.0041669e-03   9.8750927e-03
  -6.9787636e-02  -1.5497219e-01  -6.9691367e-03   9.7098456e-03   9.3575192e-03   9.9378807e-03
  -9.2703730e-02  -3.4746248e-01  -1.3300914e-01   1.0892399e-02   9.3508152e-03   1.0118195e-02
  -7.2798030e-02  -3.0806468e-01  -1.5564259e-01   1.1448504e-02   9.0074961e-03   1.0167412e-02
  -5.8531659e-02  -2.8675385e-01  -1.5824177e-01   1.0450688e-02   8.9295463e-03   1.0079083e-02
  -3.7405476e-02  -1.9128104e-01   6.7961567e-02   1.0731294e-02   9.6144843e-03   9.9875338e-03
  -5.7973508e-02  -3.4618595e-01  -8.3226282e-02   1.2371491e-02   9.5706994e-03   1.0227717e-02
  -5.7738168e-02  -3.1584229e-01  -1.3583373e-01   1.2265064e-02   9.4051282e-03   1.0536363e-02
  -5.7218676e-02  -3.2113159e-01  -1.4844426e-01   1.2367130e-02   9.3102464e-03   1.0408751e-02
  -3.9961168e-02  -2.0036533e-01  -5.3370789e-02   1.2450507e-02   9.3968428e-03   9.9496317e-03
  -4.4128503e-02  -2.8167586e-01  -1.1892428e-02   1.3452701e-02   9.5437264e-03   1.0367056e-02
  -6.0974180e-02  -3.1126519e-01  -1.2688367e-01   1.4500815e-02   9.5896722e-03   1.0474486e-02
  -5.2172023e-02  -3.3095717e-01  -1.3901401e-01   1.4641611e-02   9.2776233e-03   1.0189439e-02
  -3.8539695e-02  -2.2684419e-01  -4.7181774e-02   1.3169589e-02   9.1007943e-03   9.7172535e-03
  -3.0293843e-02  -2.8078799e-01  -3.5517717e-02   1.4573090e-02   9.1518404e-03   9.8952381e-03
  -4.2455718e-02  -3.4393249e-01  -1.3149392e-01   1.5741123e-02   9.0162315e-03   1.0063371e-02
  -3.2395295e-02  -3.3300029e-01  -1.3822597e-01   1.6040107e-02   8.9288204e-03   9.9069200e-03
  -9.5839937e-03  -1.9766505e-01   4.8622964e-02   1.5413738e-02   9.1840169e-03   9.3323409e-03
  -2.6841697e-02  -3.6148710e-01  -9.0679661e-02   1.6242450e-02   9.2270156e-03   1.0018855e-02
  -1.7674779e-02  -1.9621057e-01   3.6647460e-02   1.4569597e-02   9.2840086e-03   9.4233647e-03
   6.4988932e-02   2.6572022e-02   4.0039894e-01   1.2926072e-02   8.0616047e-03   6.0653458e-03
  -4.7095766e-03  -3.0832207e-01  -1.5893165e-01   1.2902292e-02   8.6595641e-03   9.2858267e-03
  -1.9207071e-03  -3.4204493e-01  -1.7788764e-01   1.4740431e-02   8.3365302e-03   9.4183631e-03
   3.4511071e-03  -3.3375749e-01  -1.7786398e-01   1.6568379e-02   8.3921173e-03   9.4692975e-03
   1.1456308e-02  -3.4735443e-01  -1.7787060e-01   1.6904117e-02   8.5339155e-03   9.2766458e-03
   1.7338890e-02  -3.5423132e-01  -1.5081465e-01   1.6557939e-02   8.4266658e-03   9.0194379e-03
   2.3184490e-02  -3.7813021e-01  -1.3512985e-01   1.6211298e-02   8.1221313e-03   8.8525716e-03
   3.4468990e-02  -2.6830990e-01  -3.4405935e-02   1.4573474e-02   8.1872812e-03   8.7196587e-03
   2.5076973e-02  -3.3952570e-01   1.1953514e-02   1.6198145e-02   8.7155047e-03   9.4147822e-03
   1.9034580e-02  -4.2109416e-01  -1.2095042e-01   1.7137919e-02   8.4562230e-03   9.4520827e-03
   2.5140118e-02  -3.1188825e-01  -9.5261195e-02   1.7364630e-02   8.5556394e-03   9.2404110e-03
   2.8919778e-02  -3.0941722e-01   2.2475859e-02   1.8180350e-02   9.0954046e-03   9.4570521e-03
   1.0807017e-02  -4.0462767e-01  -1.1021818e-01   1.8785983e-02   8.9290142e-03   9.7586232e-03
   1.9248329e-02  -2.4932600e-01  -7.0558228e-02   1.6069154e-02   8.9652032e-03   9.1376038e-03
   1.9101005e-02  -3.0511735e-01   8.6021993e-03   1.4863913e-02   9.1010280e-03   9.3613998e-03
   1.0614910e-02  -4.2428306e-01  -1.1439955e-01   1.7786345e-02   8.9384332e-03   9.9381604e-03
   1.7095322e-02  -3.0093530e-01  -6.2622931e-02   1.7582568e-02   8.8884940e-03   9.7290503e-03
   9.3314885e-03  -3.5879106e-01  -4.7391014e-02   1.8454111e-02   9.0926523e-03   9.7027654e-03
   7.3753496e-03  -4.0881750e-01  -9.6035107e-02   1.8695490e-02   8.7248620e-03   9.6196124e-03
   1.8603538e-02  -3.7086903e-01  -1.0482890e-01   1.9059095e-02   8.7960056e-03   9.6612473e-03
   3.5968906e-02  -2.3837781e-01   1.5495788e-01   1.7527904e-02   9.5103330e-03   9.3867801e-03
  -8.8369593e-05  -4.3260770e-01  -5.5276283e-02   1.9537358e-02   9.4022279e-03   9.8903676e-03
   1.1921830e-02  -3.7880872e-01  -8.5765779e-02   1.9267538e-02   9.3416763e-03   1.0044570e-02
   2.2443130e-02  -3.7766669e-01  -9.6564979e-02   1.9703285e-02   9.1818259e-03   9.9352127e-03
   3.1226385e-02  -2.8626032e-01  -2.3140634e-02   1.8559950e-02   9.3661106e-03   9.6101149e-03
   4.0078924e-02  -2.7700796e-01   1.2779385e-01   1.8973529e-02   9.5751210e-03   9.7333009e-03
   1.5269302e-02  -4.2320679e-01  -6.5051701e-02   2.1351996e-02   9.3904874e-03   1.0166684e-02
   1.8659144e-02  -3.0888400e-01  -4.2695856e-02   1.9515529e-02   9.6199175e-03   9.9909107e-03
   1.1233075e-02  -3.4686062e-01  -9.4370324e-03   1.8715797e-02   9.8935255e-03   9.9412769e-03
   8.5670680e-03  -4.0818309e-01  -1.0530616e-01   2.0013164e-02   9.4930426e-03   1.0066702e-02
   1.5982471e-02  -3.3531741e-01  -9.8045910e-02   1.9706616e-02   9.4960405e-03   9.8966541e-03
   2.7127668e-02  -2.7604071e-01   1.1555309e-01   1.9890881e-02   1.0009864e-02   9.9179945e-03
   9.5626645e-03  -4.2014751e-01  -6.0498876e-02   2.0945549e-02   1.0138647e-02   1.0148965e-02
   2.1667343e-02  -3.6065558e-01  -7.9415360e-02   2.1075533e-02   1.0112350e-02   1.0060812e-02
   3.3590855e-02  -2.5768800e-01   5.1560260e-02   1.9662912e-02   1.0069512e-02   9.5533999e-03
   2.7796648e-02  -3.8582801e-01  -8.6441581e-03   2.0663203e-02   1.0143009e-02   9.8075101e-03
   2.1730277e-02  -3.8163277e-01  -7.4353640e-02   2.1005391e-02   1.0116917e-02   1.0076569e-02
   2.4001559e-02  -3.8671294e-01  -8.0173325e-02   2.1289580e-02   1.0240243e-02   1.0236757e-02
   4.3501791e-02  -2.5361744e-01   9.7714327e-02   2.0164809e-02   1.0720758e-02   1.0219492e-02
   4.8149131e-02  -3.4581093e-01   9.7359005e-02   2.1108058e-02   1.1193455e-02   1.0614222e-02
   3.5544605e-02  -3.9731996e-01  -4.3755563e-02   2.1812274e-02   1.1128236e-02   1.1186089e-02
   3.1038897e-02  -3.8662610e-01  -5.4122667e-02   2.1897589e-02   1.1148832e-02   1.1475172e-02
   2.6458163e-02  -4.1409055e-01  -6.4430334e-02   2.2846421e-02   1.1299770e-02   1.1237012e-02
   4.2644927e-02  -3.1519730e-01   2.7768552e-02   2.1100011e-02   1.1383473e-02   1.1116475e-02
   4.3420130e-02  -3.7835469e-01   3.8460440e-02   2.1929512e-02   1.1503214e-02   1.1246218e-02
   4.6997367e-02  -4.2100137e-01  -1.6358581e-02   2.2230942e-02   1.1460287e-02   1.1404027e-02
   5.5839146e-02  -3.4931572e-01   3.9378579e-03   2.1629578e-02   1.1456192e-02   1.1096308e-02
   7.7874103e-02  -2.9647246e-01   1.8055052e-01   2.1954565e-02   1.1498658e-02   1.0892421e-02
   6.1276508e-02  -4.2930215e-01   4.3653341e-02   2.2961171e-02   1.1598448e-02   1.1237128e-02
   7.2974864e-02  -3.6855154e-01   1.1890153e-02   2.3334922e-02   1.1302791e-02   1.1314203e-02
   7.3077946e-02  -3.8547437e-01   3.6763994e-04   2.3139310e-02   1.1388159e-02   1.1251442e-02
   7.4015454e-02  -4.1426054e-01  -5.6749324e-03   2.3445754e-02   1.1316452e-02   1.1414425e-02
   5.5528753e-02  -1.6493695e-01   1.3528411e-01   1.5266682e-02   1.1734268e-02   1.1219344e-02
  -4.8636863e-02  -3.4341304e-01   1.1141069e-01   1.6100407e-02   1.0747210e-02   8.0970681e-03
   5.4241200e-02  -1.7284768e-01   2.2413241e-01   1.8358967e-02   1.1416009e-02   7.4105023e-03
