   0.0000000e+00   0.0000000e+00   0.0000000e+00   0.0000000e+00   0.0000000e+00   0.0000000e+00
  -8.1784837e-03  -2.6844665e-02   1.0573925e-01  -5.3045670e-04  -7.7326719e-05   5.3360566e-04
  -1.3646481e-02  -9.4846706e-02  -1.5422253e-02   5.5264696e-05   1.7966052e-05   3.7730318e-04
   1.8371046e-02   2.8887634e-02   1.1486272e-01   4.2151661e-04  -3.9528650e-04   6.3682831e-04
   1.8677724e-02  -3.3033231e-02   5.1538540e-03   7.4202955e-04  -3.2952912e-04   5.2914451e-04
   4.6027934e-02   1.3283765e-01   2.6844404e-01   7.9186214e-04  -4.0661647e-04   1.8674402e-03
   9.3950684e-03  -3.9860481e-03  -2.0108961e-02  -9.3262115e-04  -3.6100251e-04   1.1510629e-03
   2.2968975e-02   1.2418319e-01   1.5950910e-01   2.6913015e-04  -2.0540109e-04   1.3469298e-03
   7.1258443e-03   9.6365255e-03   4.8705136e-02   1.8808996e-03   1.3462038e-04   1.6042236e-03
   2.3625422e-02   8.1119828e-02   2.2107697e-01   2.2358320e-03   2.9151306e-04   1.7059892e-03
   7.8460080e-03  -1.8552816e-02   5.8423255e-02   2.0995407e-03   4.4554986e-04   1.6553567e-03
   2.0796026e-02   1.2175805e-01   2.0678906e-01   1.1857677e-03   1.3493621e-04   1.3636735e-03
   2.4915533e-02  -4.5874434e-03   5.5945314e-02   1.1420875e-03  -4.2415451e-06   1.7478412e-03
   1.6913416e-02  -4.0057344e-02   1.6658903e-02   1.7114898e-03   2.7592146e-04   1.6355640e-03
   1.3638476e-02   1.2835391e-01   2.7676868e-01   3.4947707e-04   5.0667908e-04   1.2899917e-03
  -1.8226815e-02  -3.2292737e-02   5.4857899e-02   1.6807315e-03   8.5623037e-04   1.8025346e-03
  -2.0561054e-03   1.2517061e-01   1.9102225e-01   1.1781958e-03   7.2723305e-04   1.4892063e-03
  -9.2469015e-03   2.6524012e-02   8.2126128e-02   1.3747201e-03   7.2470010e-04   1.8761769e-03
  -1.1725678e-02  -1.2841856e-02   1.6913521e-02   1.5652064e-03   9.0425245e-04   1.9148207e-03
  -1.0664155e-02   2.1387594e-02   2.1670145e-02   2.2094701e-03   1.0294132e-03   1.7356372e-03
   6.3145367e-03   1.3267554e-01   2.2861542e-01   6.9120357e-04   7.5127345e-04   1.3493975e-03
  -1.1228863e-02  -3.3376229e-02   9.4426670e-03   1.1646168e-03   9.0770625e-04   1.6407947e-03
  -1.1483203e-02   7.9589042e-02   7.6497600e-02   2.4241770e-04   8.1725053e-04   1.4451996e-03
  -2.1842892e-02   1.4501303e-02   1.2686648e-01   1.1368809e-03   1.2235869e-03   1.7498176e-03
  -2.7115575e-02  -2.5615408e-02   2.6527073e-02   1.5156864e-03   1.3323646e-03   1.8287377e-03
  -1.5658441e-02   3.5951160e-03  -2.9336441e-03   1.3765754e-03   1.1797712e-03   1.6564841e-03
  -1.0536346e-03   1.4649031e-01   2.0241957e-01   3.6792554e-04   1.0055025e-03   1.4374677e-03
  -2.3120002e-02  -2.5182007e-02   5.1786459e-02   5.7423526e-04   1.3810367e-03   2.0193389e-03
  -2.0034369e-02  -1.9930210e-02  -8.3387387e-03   7.1724093e-04   1.4965470e-03   1.8748432e-03
  -1.0370413e-02   1.0744938e-01   1.1109338e-01   1.8693808e-04   1.3548544e-03   1.5254842e-03
  -1.8471142e-02  -2.3699418e-02   3.5570249e-02   5.2959455e-04   1.4333562e-03   1.6404692e-03
  -1.7585897e-02  -2.7260742e-02  -2.4015384e-02   9.4635567e-04   1.3481903e-03   1.7396245e-03
  -1.5661571e-02   5.5466744e-02   1.6254583e-02   7.7956098e-04   1.2291851e-03   1.4203548e-03
  -1.3946968e-02   7.1806692e-02   1.5862187e-01   3.0142800e-04   1.2669762e-03   1.4763915e-03
  -2.5540186e-02  -5.0679962e-02  -3.6204999e-02   9.7849137e-04   1.4413335e-03   1.6867721e-03
  -2.0693609e-02   1.5770612e-03  -4.2425928e-02   1.4248421e-03   1.3126075e-03   1.6870171e-03
  -1.5362245e-02   1.3621254e-01   1.5689590e-01   1.7270671e-04   1.2432863e-03   1.2985122e-03
  -2.3625107e-02  -4.5359728e-02   1.5843984e-03   6.1019947e-04   1.3649359e-03   1.8163951e-03
  -2.6208737e-02  -1.7840209e-02  -6.9320028e-02   8.2910617e-04   1.5108159e-03   1.7456236e-03
  -2.1480769e-02   9.7236635e-02   3.8458644e-02  -3.8555517e-05   1.4414716e-03   1.4420327e-03
  -2.7933133e-02  -2.2351794e-02   5.5090256e-03   6.3489771e-04   1.5088626e-03   1.6873949e-03
  -2.6401995e-02  -1.7906620e-02  -6.2373840e-02  -1.2776523e-04   1.7256621e-03   1.7750424e-03
  -9.4523442e-03   1.2952839e-01   1.7881767e-01  -1.4832731e-04   1.3586675e-03   1.5130753e-03
  -2.1603425e-02  -3.4735502e-02  -7.3395486e-02   1.1201420e-04   1.5156811e-03   1.6765951e-03
  -2.1331150e-02   1.9424523e-02  -5.9759237e-02   4.3385878e-05   1.8711808e-03   1.4782302e-03
  -7.8282695e-03   8.2510882e-02   1.1778135e-01  -4.0720456e-04   1.1706305e-03   1.3554177e-03
  -2.4204472e-02  -5.3097115e-02  -5.0280546e-02   6.5917354e-04   1.6697864e-03   1.6585929e-03
  -9.8969265e-03   6.4106838e-02   1.1919411e-03   3.5112615e-04   1.5237000e-03   1.3394585e-03
  -3.6635702e-03   4.3371585e-02   9.4137614e-02   6.3293989e-04   1.3547929e-03   1.4895004e-03
  -8.2044456e-03  -2.6485159e-02  -3.0042682e-02   7.4550241e-04   1.6580127e-03   1.4646609e-03
  -2.3546265e-03   3.6327834e-02  -4.6618873e-02   3.8446240e-04   1.5050535e-03   1.3740615e-03
  -1.0256846e-02   1.0642378e-01   2.0303481e-01   2.5910277e-04   1.3326635e-03   1.4221581e-03
  -2.0684502e-02  -2.2189052e-02  -1.3889241e-02   1.4646466e-03   1.7998437e-03   1.7089546e-03
  -1.2414219e-02   3.6356960e-03  -3.7633022e-02   1.6962751e-03   1.7235199e-03   1.5962071e-03
  -4.6411331e-03   1.4682282e-01   1.5623890e-01   1.9045610e-04   1.6865060e-03   1.2834202e-03
  -1.9695218e-02  -2.0982561e-03   3.2896457e-02   1.0677489e-03   1.8540557e-03   1.6636401e-03
  -1.6070965e-02  -7.2458201e-03  -2.0648227e-02   1.1275393e-03   1.9596686e-03   1.7464843e-03
  -1.2190661e-02   7.1396641e-02   2.2645794e-02   4.2626179e-04   1.8784657e-03   1.3907135e-03
  -9.9440566e-03   1.0131980e-01   1.9977608e-01   2.0218542e-04   1.5326188e-03   1.3244125e-03
  -2.6680051e-02  -1.0124984e-02  -2.5877801e-02   1.3436798e-03   1.8077604e-03   1.7552829e-03
  -1.8946179e-02   3.2661276e-02  -3.4646579e-02   1.7570013e-03   1.7606342e-03   1.6557904e-03
  -1.6709457e-02   1.2241606e-01   4.8099104e-02   4.2779356e-05   1.6569307e-03   1.2448203e-03
  -1.1455825e-02   1.1121803e-01   2.7471077e-01  -1.5464199e-03   9.0244334e-04   7.8151982e-04
  -3.8563260e-02  -4.6087878e-02  -3.7968235e-02   1.2083447e-03   1.5375182e-03   1.5207628e-03
  -2.4296675e-02   2.5268308e-02  -4.2065371e-02   1.7072575e-03   1.7355245e-03   1.4324569e-03
  -1.8336166e-02   1.9614472e-02  -3.8847174e-02   1.4810929e-03   1.7831944e-03   1.5299231e-03
  -1.8106623e-02   6.0918362e-03  -4.4119089e-02   1.8186859e-03   1.8826492e-03   1.3878837e-03
  -8.4232696e-03   1.1559243e-01   5.2399639e-02   8.2573006e-04   1.7636220e-03   1.2624233e-03
  -1.3151163e-02   2.6148352e-02   4.4911403e-02   1.4402335e-03   1.7195846e-03   1.6641856e-03
  -1.7941748e-02  -8.3340255e-03  -3.7854234e-02   1.7529654e-03   2.0645062e-03   1.6386962e-03
  -1.0081182e-02   1.7627423e-01   2.3255297e-01   8.3974634e-04   1.8639032e-03   1.4050903e-03
  -4.0184986e-02  -3.2744654e-02  -4.5753752e-02   2.2274307e-03   2.2518299e-03   1.8024629e-03
  -3.4983380e-02   2.6989158e-02  -5.7632995e-02   2.6677674e-03   2.2854775e-03   1.7847700e-03
  -3.1074951e-02   1.5449198e-02  -5.7002141e-02   2.9963821e-03   2.2169470e-03   1.7260152e-03
  -2.7221566e-02   2.3179658e-02  -3.3122989e-02   2.6273729e-03   2.1026333e-03   1.5428749e-03
  -2.1851879e-02   1.2900725e-01   2.3900632e-01   7.3579334e-04   1.6552007e-03   1.2191265e-03
  -4.3938016e-02  -7.4141370e-02  -3.5608855e-02   1.6456107e-03   2.1734958e-03   1.5728721e-03
  -3.2104281e-02  -1.0625076e-02  -5.6295061e-02   1.8635615e-03   2.2979773e-03   1.4746414e-03
  -2.3581046e-02  -1.3650695e-02  -6.0272950e-02   1.9457514e-03   2.0168369e-03   1.4420141e-03
  -3.2012668e-02   4.8584890e-02   2.9135523e-02   6.5510384e-04   1.9883184e-03   1.0207431e-03
  -2.7088458e-02   5.7192605e-02   1.6084833e-01   5.5918120e-04   1.0794413e-03   8.5142733e-04
  -4.3367678e-02  -5.5008649e-02  -6.5961328e-02   1.7135333e-03   2.1149470e-03   1.3541738e-03
  -3.0292067e-02  -1.6123356e-02  -8.4155092e-02   1.4515226e-03   2.1254236e-03   1.0996794e-03
  -2.2255505e-02   3.6270597e-02  -4.4444280e-02   1.0747129e-03   1.9156077e-03   8.9455934e-04
  -1.7780668e-02   4.1692005e-02   8.0626992e-02   1.6751856e-03   1.7956778e-03   9.9675837e-04
  -2.1300223e-02  -3.8885766e-02  -5.4050939e-02   1.7814526e-03   2.0841305e-03   1.0472396e-03
  -1.5440276e-02   4.1486938e-03  -5.6298424e-02   2.2502810e-03   2.0123598e-03   9.8354378e-04
  -4.4193726e-03   2.4211612e-01   3.3073452e-01   5.6190338e-04   1.1410726e-03   4.0454014e-04
  -9.6822394e-03   2.6690107e-02   2.5943274e-01   1.8319253e-03   8.8684419e-04   5.6578672e-04
  -2.6580927e-02  -4.2946625e-02  -4.6141707e-02   3.1502951e-03   1.9754265e-03   1.1462879e-03
  -1.2068794e-02   3.3487091e-02  -6.3249107e-02   2.7216062e-03   2.1543713e-03   1.0803090e-03
  -9.0488160e-03   3.6480681e-03  -7.4636752e-02   3.1864842e-03   1.9916613e-03   9.5513085e-04
  -3.2262884e-03   1.3029370e-01   7.8283617e-02   2.5450427e-03   1.8968141e-03   7.9580760e-04
  -4.0138631e-03   1.7315271e-02   4.6156927e-02   2.3408429e-03   1.8444804e-03   1.0861940e-03
  -1.3576325e-02  -1.7272385e-02  -3.8721715e-02   2.5898389e-03   2.1580850e-03   1.1747590e-03
  -7.9354007e-03   1.2244154e-02  -5.1833165e-02   2.0277737e-03   2.1008959e-03   1.0444668e-03
  -9.2068840e-03   1.0254930e-01   1.7805054e-01   1.3367897e-03   1.9418082e-03   9.5571941e-04
  -1.6491767e-02  -3.3826456e-02  -6.4933365e-02   1.9703468e-03   2.0741400e-03   1.2275561e-03
  -1.1999252e-02  -4.1534407e-03  -8.7337231e-02   1.8644791e-03   2.1779306e-03   1.3122942e-03
  -8.4736851e-03   1.8205696e-02  -7.8078489e-02   2.2485587e-03   2.3329067e-03   9.8364490e-04
   2.2881390e-03   1.2044191e-01   1.8691238e-01   1.6205851e-03   1.7634719e-03   8.6091424e-04
  -1.9330069e-02  -3.7722547e-02  -6.1558607e-03   2.0590562e-03   2.1873749e-03   1.2823786e-03
  -1.2305303e-02  -1.1925771e-02  -4.6304728e-02   2.4661919e-03   2.2744144e-03   9.5283078e-04
  -2.2227331e-03   1.2575389e-01   4.9612691e-02   1.1320661e-03   2.0887914e-03   6.6646663e-04
  -1.6776222e-02  -9.8542071e-03   6.5037698e-03   1.6247471e-03   2.0930973e-03   1.0447720e-03
  -7.9417727e-03  -1.4112275e-02  -7.7054994e-02   2.2267280e-03   2.2616065e-03   1.0498314e-03
  -2.7519929e-03   1.5466628e-02  -7.8475428e-02   2.2258105e-03   2.1989226e-03   9.0865062e-04
   7.8411116e-03   1.7062852e-01   1.6695656e-01   8.3082846e-04   1.3440693e-03   4.8398772e-04
   7.7130954e-03   2.3664124e-02   1.2710855e-01   2.2635161e-03   1.3633817e-03   4.2622404e-04
  -3.1985212e-03   2.1506380e-02  -1.2243152e-01   1.5988056e-03   2.2118775e-03   1.2907330e-03
  -7.4488699e-04   6.2049353e-03  -1.1341754e-01   1.9171319e-03   2.2153396e-03   1.3092877e-03
   1.1493589e-03   1.0823445e-02  -9.5918368e-02   1.7726541e-03   2.1220355e-03   1.2037871e-03
   1.2417505e-03   1.7549477e-01   2.3162577e-01   9.7543253e-04   1.8762133e-03   6.5240366e-04
  -2.1335593e-02  -2.6434091e-02  -8.4085474e-02   2.1365049e-03   2.3833590e-03   1.5393587e-03
  -1.8884018e-02   5.4668332e-03  -1.1363995e-01   2.3265117e-03   2.5938982e-03   1.3214488e-03
  -1.5155696e-02   1.1480180e-02  -1.1367277e-01   2.2775077e-03   2.5031341e-03   1.2474966e-03
  -2.6963267e-03   1.7506867e-01   1.7233582e-01   1.9573478e-03   1.8595805e-03   6.4953071e-04
  -2.5261874e-02  -3.2263822e-02  -3.6045934e-02   2.9281202e-03   2.4666963e-03   1.1602622e-03
  -8.5781132e-03  -2.4231927e-03  -8.0200742e-02   2.4793382e-03   2.4696891e-03   1.1550154e-03
   4.7435134e-03   5.4500943e-04  -8.4609518e-02   2.7385179e-03   2.3466409e-03   8.6167149e-04
   7.4356811e-03  -5.2703473e-03  -8.5179229e-02   2.1818117e-03   2.3306199e-03   8.6622368e-04
   9.1101064e-03   9.6007499e-02   3.9298060e-02   1.0161170e-03   2.0119430e-03   7.8577341e-04
   5.7526502e-03   5.9393684e-03   1.2185933e-02   1.5426167e-03   2.0479360e-03   8.3074631e-04
   6.7744808e-03  -1.4785927e-02  -6.8998234e-02   2.0130754e-03   2.2515605e-03   1.0194772e-03
   1.1813760e-02   1.0595088e-01   5.5957145e-02   8.4212924e-04   1.8911080e-03   8.2995826e-04
  -9.8224575e-03  -1.1845263e-02  -6.6424676e-02   2.6779071e-03   2.3082592e-03   1.0809365e-03
  -9.4953141e-03   8.7775406e-03  -1.0373266e-01   3.1953378e-03   2.5502149e-03   1.0924292e-03
  -1.3940751e-03   2.0591376e-01   1.7677533e-01   1.0058729e-03   2.2700147e-03   8.0654822e-04
  -3.1790259e-02  -1.7855165e-02  -3.9919107e-02   2.7400515e-03   2.5741065e-03   1.4905950e-03
  -3.1574743e-02   1.8595274e-02  -8.2570659e-02   2.9668770e-03   2.8908312e-03   1.4058421e-03
  -2.9910629e-02   3.2926055e-02  -8.9361016e-02   3.0724124e-03   3.0684410e-03   1.5212257e-03
  -1.7152295e-02   1.4476411e-01   6.5123664e-02   2.4702472e-03   2.6016207e-03   1.1467217e-03
  -2.6122803e-02   1.7994464e-02  -3.3952608e-02   3.2483962e-03   2.9194646e-03   1.3998688e-03
  -2.2909594e-02   3.0938893e-02  -6.1373246e-02   3.2293218e-03   3.1799540e-03   1.3983076e-03
  -1.7101195e-02   8.6042585e-02   9.3051599e-02   2.4525382e-03   2.8604197e-03   1.6815507e-03
  -3.5974614e-02   6.4349298e-02  -2.8155989e-02  -3.4212437e-03   3.0496857e-03   1.7612825e-03
  -4.0456452e-02   5.5279245e-02  -7.2256103e-02  -2.7216139e-03   2.9380773e-03   1.8900592e-03
  -3.4601737e-02   1.5708380e-01   1.3608688e-01  -1.8634405e-04   3.8164904e-03   2.4968179e-03
  -5.9395857e-02   2.2765432e-03  -8.5814026e-02   9.1377895e-04   3.8564209e-03   2.6599486e-03
  -5.8493560e-02   8.5829664e-02  -3.5125252e-02   4.0980142e-04   3.9485148e-03   2.6129153e-03
  -3.1328472e-02   2.9592691e-01   4.7405108e-01   1.5527581e-04   3.2451762e-03   2.3103056e-03
  -6.9509345e-02  -5.5284637e-02  -6.9939800e-02   3.4444093e-03   4.2128711e-03   3.0457489e-03
  -5.9828695e-02   1.2681733e-02  -1.0190574e-01   3.3888999e-03   4.2250694e-03   2.6302723e-03
  -5.6919877e-02   2.3337845e-02  -1.0097802e-01   3.7099415e-03   4.3734961e-03   2.5517059e-03
  -4.7676821e-02   8.4062484e-03  -9.9614920e-02   4.1079279e-03   4.1255610e-03   2.3266543e-03
  -4.8649704e-02  -1.7472625e-02  -9.6830488e-02   4.1696958e-03   4.0630778e-03   1.9897996e-03
  -4.4884651e-02   2.8451374e-02  -7.0374939e-02   2.1546349e-03   3.9925165e-03   1.8976032e-03
  -4.3502149e-02   7.8948328e-02   1.2730925e-01   1.0092558e-03   4.0697096e-03   1.8452053e-03
  -7.0739385e-02  -7.1205638e-02  -1.0519510e-01   2.1567389e-03   4.4499735e-03   2.2051079e-03
  -7.0175412e-02   1.5666680e-02  -1.0839722e-01   1.8083158e-03   4.5604075e-03   2.3030432e-03
  -4.8883229e-02   1.7286537e-01   2.1403102e-01   1.8039083e-03   3.9661980e-03   1.9285362e-03
  -8.7204121e-02  -7.0212713e-02  -9.2126001e-02   2.9656998e-03   4.8496932e-03   2.6003328e-03
  -7.6692575e-02   1.9861119e-02  -1.1079364e-01   2.7485395e-03   4.8319740e-03   2.4024692e-03
  -7.0474218e-02   1.7601934e-02  -1.1100981e-01   3.5730254e-03   4.6766671e-03   2.2297106e-03
  -6.8615046e-02   1.0247341e-01   3.0513724e-04   2.2663825e-03   4.8906221e-03   2.2530799e-03
  -7.6489201e-02   2.1806421e-02  -5.5990166e-02   3.2536444e-03   4.8580280e-03   2.2009610e-03
  -7.6225845e-02   6.5812696e-03  -9.5005026e-02   2.5861847e-03   4.8666952e-03   2.2668570e-03
  -6.5222409e-02   1.3373479e-01   1.2063101e-02   1.3648373e-03   4.8057551e-03   2.1802976e-03
  -5.7017974e-02   7.6446060e-02   6.3381331e-02   1.9541039e-03   4.2851968e-03   2.5103100e-03
  -6.7652659e-02  -1.0160103e-02  -1.3966792e-01   3.1122792e-03   4.5353068e-03   2.6230177e-03
  -6.9331556e-02   3.3476101e-02  -1.4685235e-01   2.7736250e-03   4.7367292e-03   2.6735014e-03
  -7.1231737e-02   4.7819958e-02  -1.1436017e-01   2.2028031e-03   4.6374754e-03   2.4805000e-03
  -6.4923765e-02   1.0019223e-01   1.0145196e-01   1.7947029e-03   4.4005431e-03   2.3247221e-03
  -6.8963108e-02  -1.7705010e-02  -1.2447587e-01   2.9545615e-03   4.5824677e-03   2.3787323e-03
  -5.4560629e-02   1.2226401e-02  -1.2935862e-01   3.1534603e-03   4.6039084e-03   2.3357184e-03
  -4.6077142e-02   2.1697299e-01   1.7026059e-01   1.1005083e-03   4.0065623e-03   1.8999035e-03
  -4.8026223e-02   2.1718059e-02   9.8282286e-02   2.4320621e-03   3.8923847e-03   2.1289205e-03
  -7.0388937e-02  -8.9990094e-03  -1.2588531e-01   2.8555653e-03   4.5307029e-03   2.5661685e-03
  -6.4886707e-02   1.5014618e-02  -1.4219340e-01   3.0748621e-03   4.6465990e-03   2.5535294e-03
  -5.7886081e-02   2.6013725e-02  -1.6257107e-01   4.5689364e-03   4.7583198e-03   2.1986836e-03
  -3.9387128e-02   1.1278916e-01   5.5243456e-02   1.8090737e-03   4.7728312e-03   2.3547786e-03
  -6.4512058e-02  -1.7151409e-02  -9.6103330e-02   2.2319127e-03   4.6902462e-03   2.2141781e-03
  -6.2266451e-02  -1.4122274e-03  -1.2316982e-01   2.1577907e-03   4.4388249e-03   2.3457486e-03
  -5.1498051e-02   1.5470444e-01   5.7841292e-02   5.5276370e-04   4.2915700e-03   2.0145372e-03
  -5.7435507e-02  -6.1672694e-03  -4.2305535e-02   1.6863335e-03   4.3675061e-03   2.2830583e-03
  -6.2213594e-02  -1.8251271e-02  -1.6073608e-01   2.6367942e-03   4.6924202e-03   2.4215591e-03
  -5.5935402e-02   1.0720593e-02  -1.5693989e-01   2.6558634e-03   4.8499436e-03   2.3919873e-03
  -5.0353509e-02   1.4553839e-01   9.1653303e-02   1.4444246e-03   4.7916840e-03   2.2782078e-03
  -5.5791424e-02  -1.7718991e-02  -8.3775110e-02   2.8383776e-03   4.5663042e-03   2.3345385e-03
  -5.1530720e-02   2.9572599e-02  -1.3233718e-01   2.6708361e-03   4.7453074e-03   2.3714434e-03
  -4.8284415e-02   1.8683153e-02  -1.5200675e-01   2.4823668e-03   4.5617120e-03   2.2087814e-03
  -5.0159299e-02   5.0184794e-02  -8.9415567e-02   3.2944471e-03   4.7052371e-03   2.2001439e-03
  -5.0652441e-02   5.3611540e-02  -1.2276423e-01   1.6155876e-03   4.6652701e-03   2.2279681e-03
  -4.6059468e-02   1.4806840e-01   1.5031194e-01   1.6236426e-03   4.2099177e-03   2.1334472e-03
  -8.0959559e-02  -4.3075353e-02  -1.5145681e-01   2.3628574e-03   4.7875848e-03   2.4232387e-03
  -7.4307537e-02  -2.1908385e-03  -1.7638974e-01   2.6979805e-03   4.8827840e-03   2.4547972e-03
  -6.4929335e-02   1.0720788e-01  -6.4709152e-02   2.1051216e-03   4.9367450e-03   2.0587391e-03
  -1.3620564e-02   2.8875180e-01   4.4015472e-01   2.3716949e-03   3.0435118e-03   1.3099247e-03
  -4.6327609e-02  -6.1428559e-02  -1.3691917e-01   4.2428204e-03   4.5299349e-03   2.1419555e-03
  -4.4137672e-02  -6.6412720e-03  -1.7303163e-01   5.3655507e-03   4.7765172e-03   2.0132564e-03
  -3.7086979e-02   4.5048721e-03  -1.7694921e-01   4.3734696e-03   4.7523430e-03   2.0304013e-03
  -3.7195856e-02   5.0845872e-02  -1.2770007e-01   4.3368741e-03   4.8625349e-03   1.8629902e-03
  -3.1278073e-02   3.2256227e-02  -5.8813655e-02   2.9661153e-03   4.6421016e-03   2.3599668e-03
  -4.0418771e-02  -3.0829633e-02  -1.7069935e-01   4.8418510e-03   4.7838557e-03   2.1347579e-03
  -3.9850221e-02   4.8996623e-03  -1.7271506e-01   3.8661270e-03   4.7222026e-03   1.9878753e-03
  -4.0080493e-02   3.9719977e-02  -2.0585569e-03   3.0447238e-03   4.6526849e-03   2.1048264e-03
  -5.9618994e-02  -4.9934742e-02  -1.5804770e-01   3.7116837e-03   4.8929801e-03   2.3238156e-03
  -5.3451992e-02  -7.4371800e-03  -1.8268989e-01   3.8310304e-03   4.9809430e-03   2.2039087e-03
  -4.7553010e-02   7.7275989e-02  -1.5235830e-02   3.0028370e-03   4.7454994e-03   2.1082243e-03
  -5.6289645e-02  -4.5085358e-02  -1.7957835e-01   3.3071584e-03   4.8273031e-03   2.2307664e-03
  -4.9543769e-02   1.1334279e-02  -1.7252569e-01   3.4081277e-03   4.8616585e-03   2.0175827e-03
  -3.5042146e-02   1.3506759e-01   8.4659135e-02   2.4644544e-03   4.6733995e-03   2.2304120e-03
  -5.9145701e-02  -5.0296879e-02  -1.8500022e-01   3.8174003e-03   4.9924626e-03   2.3778387e-03
  -5.7469688e-02   1.5998818e-02  -2.1666765e-01   3.2764441e-03   5.2991088e-03   2.1551499e-03
  -5.7275717e-02   6.4529999e-02  -1.7462556e-01   2.9630229e-03   5.1479956e-03   2.0547750e-03
  -5.5363081e-02  -1.9286287e-03  -1.6890568e-01   4.4010602e-03   5.2256625e-03   2.3933062e-03
  -5.6740076e-02   2.2115798e-02  -1.8522711e-01   3.5421559e-03   5.4225303e-03   2.1454719e-03
  -4.7471743e-02   3.6347337e-02  -6.5155533e-02   3.2985352e-03   4.7214817e-03   2.0583799e-03
  -6.1486821e-02  -6.6734625e-02  -2.2766268e-01   3.2854344e-03   5.0676867e-03   2.2196271e-03
  -5.8778085e-02   7.5075608e-02  -1.2167805e-01   2.8626582e-03   5.1002920e-03   1.7863989e-03
  -5.7528898e-02   1.4155963e-03  -8.5856344e-02   3.2088411e-03   4.7868252e-03   1.9045303e-03
  -6.4226793e-02  -4.3742690e-02  -2.0586172e-01   3.6114219e-03   5.4640588e-03   2.1318612e-03
  -4.4621635e-02   1.2749420e-01   1.5879118e-02   2.9287721e-03   5.3268768e-03   2.0011446e-03
  -5.8973367e-02  -2.7513147e-02  -1.6008358e-01   3.8677627e-03   5.4170377e-03   2.3331776e-03
  -5.7863112e-02  -1.4711164e-02  -1.9784576e-01   4.2999479e-03   5.5415074e-03   2.2043548e-03
  -3.8667897e-02   8.1253837e-02  -4.0413288e-02   3.9028278e-03   5.1747452e-03   2.1581434e-03
  -4.7454535e-02  -4.2220530e-02  -1.7700565e-01   3.9435070e-03   5.4453986e-03   2.0742301e-03
  -4.6892121e-02  -1.2560622e-02  -2.0858964e-01   3.4532836e-03   5.5725075e-03   2.0824947e-03
  -2.7549956e-02   1.1625046e-01   4.5493338e-02   2.3932168e-03   4.9400469e-03   1.7767770e-03
  -5.9334879e-02  -6.9467672e-02  -1.8338294e-01   3.3149645e-03   5.5793115e-03   2.1303902e-03
  -5.2289105e-02  -2.0151351e-02  -1.8579770e-01   3.6755319e-03   5.4635382e-03   2.0213635e-03
  -5.2697402e-02  -1.0310458e-02  -1.6709236e-01   3.1518888e-03   5.5047911e-03   2.0669283e-03
  -4.0816287e-02   4.7832262e-02   1.3427671e-02   2.8079789e-03   4.8621840e-03   1.9730783e-03
  -4.2054597e-02  -4.1490073e-02  -1.3975952e-01   4.1517877e-03   5.0949689e-03   2.0236652e-03
  -4.3217416e-02  -2.4984348e-02  -1.6574397e-01   4.0589392e-03   5.1956857e-03   1.9891707e-03
  -4.4149055e-02   2.6248231e-02  -1.4123631e-01   3.3080131e-03   5.3896348e-03   1.8788710e-03
  -4.0389729e-02   5.5049025e-02   3.7464923e-02   3.2315764e-03   4.8931382e-03   1.9585580e-03
  -6.4732910e-02  -4.9622816e-02  -1.6271104e-01   4.1693919e-03   5.5322350e-03   2.0288362e-03
  -5.7609929e-02  -1.8472221e-02  -1.8888206e-01   4.2589108e-03   5.4807877e-03   1.9917243e-03
  -5.2434044e-02   5.5812118e-02  -6.7864705e-02   3.5204035e-03   5.4856506e-03   2.0901200e-03
  -5.1420554e-02  -3.8078599e-02  -1.7516862e-01   4.4086040e-03   5.5940909e-03   2.0987892e-03
  -4.9065601e-02  -1.4483087e-02  -1.8852698e-01   4.0058128e-03   5.7460799e-03   2.0456947e-03
  -2.6721804e-02   1.8489689e-01   2.0296871e-01   2.4669939e-03   4.6257477e-03   1.7663510e-03
  -6.4472512e-02  -7.2478495e-02  -1.1102018e-01   4.0842416e-03   5.6070400e-03   2.3337936e-03
  -6.1379516e-02  -3.1986376e-02  -1.6976966e-01   4.4669596e-03   5.9238648e-03   2.3462310e-03
  -5.3833661e-02  -2.5514959e-02  -1.8209377e-01   4.6442206e-03   5.7423413e-03   2.1757539e-03
  -5.1771448e-02   6.2123563e-02  -8.6530940e-02   3.6442304e-03   5.9341924e-03   1.8870526e-03
  -5.8036303e-02  -5.1036299e-03  -7.0835025e-02   3.8485133e-03   5.7836348e-03   2.1388123e-03
  -6.0288493e-02  -2.8695540e-02  -1.5549715e-01   4.2852892e-03   5.9354303e-03   2.2670954e-03
  -6.0177359e-02   3.5592829e-02  -1.5091716e-01   3.7131704e-03   6.0639569e-03   2.1340239e-03
  -5.7567994e-02   1.4989882e-02  -6.7765576e-02   3.3847169e-03   5.8976177e-03   2.2067798e-03
  -6.1536491e-02  -6.1078756e-02  -1.8627855e-01   4.2923261e-03   6.1600409e-03   2.0522108e-03
  -5.3435376e-02  -1.0976669e-02  -1.8266936e-01   4.2567868e-03   5.9765178e-03   1.9340663e-03
  -4.6532791e-02   3.3762735e-02  -4.0325407e-03   2.8934602e-03   5.2856400e-03   2.1550009e-03
  -6.9011503e-02  -9.5405205e-02  -2.1883288e-01   3.4924626e-03   5.8264453e-03   2.2313481e-03
  -6.0519798e-02   5.9188567e-03  -2.0455855e-01   3.4098959e-03   5.7976704e-03   1.8960630e-03
  -6.2175055e-02  -1.9057497e-03  -1.4449689e-01   3.5329851e-03   5.8941056e-03   2.0052234e-03
  -4.9133985e-02   9.3473745e-02  -6.4320123e-02   1.9656609e-03   5.5278422e-03   1.6490857e-03
  -6.1164607e-02  -1.8559500e-02  -2.0428382e-01   3.0359083e-03   5.4807351e-03   1.8853732e-03
  -6.8397131e-02  -3.1599348e-02  -2.5488668e-01   4.1515942e-03   5.5591971e-03   1.8254974e-03
  -6.2371168e-02   4.6559720e-02  -1.7562197e-01   3.3899602e-03   5.6171485e-03   1.6658315e-03
  -6.6713528e-02  -8.2811522e-03  -1.4396568e-01   3.4239713e-03   5.6959594e-03   1.8039820e-03
  -6.1441496e-02  -2.6041941e-02  -2.3057831e-01   3.8232235e-03   5.5957800e-03   1.7517365e-03
  -4.9717131e-02   1.1308590e-01  -3.6202114e-02   3.6927407e-03   5.5938428e-03   1.7428295e-03
  -6.2716929e-02  -3.4692307e-02  -1.9602388e-01   3.9495022e-03   5.8509060e-03   2.0436748e-03
  -5.5771326e-02   3.7728318e-02  -9.5934219e-03   3.2741755e-03   5.4252494e-03   1.6083889e-03
  -7.7939931e-02  -6.5665179e-02  -2.4482929e-01   3.6281893e-03   6.0147449e-03   1.6931221e-03
  -6.8347967e-02   1.1452677e-02  -2.1193256e-01   3.3106014e-03   5.9323815e-03   1.4822238e-03
  -6.5063216e-02   4.6516751e-02  -3.4881331e-02   2.9346000e-03   5.4997458e-03   1.3471481e-03
  -6.9691699e-02  -7.8331481e-02  -2.2167109e-01   4.1265195e-03   5.7555867e-03   1.4181962e-03
  -6.5329643e-02  -6.2893174e-02  -2.3139518e-01   3.9818039e-03   5.7380933e-03   1.2821255e-03
  -4.8783702e-02   3.2740170e-02  -9.4888418e-02   3.3298096e-03   5.7315396e-03   1.4301449e-03
  -5.4097657e-02  -6.6725469e-02  -2.1219211e-01   3.8779907e-03   5.6822340e-03   1.3744215e-03
  -4.9269005e-02  -1.0853547e-02  -2.1202253e-01   3.2580730e-03   5.6350560e-03   1.3538196e-03
  -2.4877647e-02   2.6054480e-01   2.7576518e-01   2.8563723e-03   4.1652936e-03   7.7681654e-04
  -4.3770039e-02  -7.5150536e-02  -8.0678988e-02   4.3285740e-03   4.7624474e-03   1.2776996e-03
  -4.7647703e-02  -3.9055763e-02  -2.3441459e-01   3.9896639e-03   5.2029328e-03   1.3653015e-03
  -4.6790661e-02  -2.5547437e-02  -2.5324499e-01   4.1185241e-03   5.2548664e-03   1.4240428e-03
  -4.5493044e-02  -5.3720017e-02  -2.5799040e-01   5.1466349e-03   5.3636419e-03   1.3134379e-03
  -3.5477043e-02  -2.4864149e-02  -2.3854213e-01   4.0525937e-03   5.4400374e-03   1.4188674e-03
  -2.8203395e-02   9.7827331e-02   3.5133525e-02   3.0409011e-03   5.0775706e-03   1.2919063e-03
  -4.8646662e-02  -9.1437424e-02  -1.8638759e-01   3.6277522e-03   5.4508153e-03   1.4714083e-03
  -4.0673073e-02  -4.5782986e-02  -2.2584433e-01   3.4046409e-03   5.5186045e-03   1.5374237e-03
  -4.1456884e-02   1.2263343e-01  -1.7790163e-02   1.8867208e-03   5.2368314e-03   1.1386579e-03
  -6.7508487e-02  -5.5681308e-02  -1.4488945e-01   3.7086116e-03   5.3141198e-03   1.5446443e-03
  -6.3199887e-02  -4.1141714e-02  -2.1882611e-01   4.1099889e-03   5.5308300e-03   1.6493884e-03
  -5.1096892e-02  -3.0732546e-02  -2.2907150e-01   4.3528871e-03   5.4287720e-03   1.4053898e-03
  -5.0158805e-02  -1.4256181e-02  -2.2206387e-01   4.9553087e-03   5.4919545e-03   1.0626549e-03
  -3.6427975e-02   4.8495560e-02  -3.0289635e-02   2.2237879e-03   4.9538381e-03   1.3152158e-03
  -5.0581333e-02  -7.2427441e-02  -2.1940422e-01   3.5217286e-03   5.2847082e-03   1.3530943e-03
  -4.0920078e-02   8.3055330e-02  -1.1966187e-01   2.6249130e-03   5.1404365e-03   9.8776284e-04
  -4.0113159e-02  -2.7274969e-03  -7.1147850e-02   3.6887182e-03   4.9075161e-03   1.0997691e-03
  -4.7839232e-02  -3.1663109e-02  -2.1095162e-01   4.0179902e-03   5.2639942e-03   1.3201223e-03
  -4.0167579e-02   9.9136338e-02  -5.6142891e-02   3.1144714e-03   5.1516297e-03   1.2420591e-03
  -4.9056143e-02  -2.7367533e-02  -2.2979028e-01   4.4300490e-03   5.5135135e-03   1.4197966e-03
  -4.2178957e-02   2.1178245e-02  -2.0229253e-01   4.2176728e-03   5.4796322e-03   1.1344285e-03
  -9.7218910e-03   3.2936571e-01   3.3838328e-01   2.6485386e-03   3.7167680e-03   2.3294809e-04
  -1.6241690e-02   2.3158857e-02   9.9245357e-02   4.6972205e-03   3.9752832e-03   1.0270045e-04
  -4.4036339e-02  -2.6502636e-02  -1.9988856e-01   4.4630306e-03   5.1303673e-03   1.2097528e-03
  -3.8386821e-02   1.0886604e-02  -2.1879729e-01   4.5975470e-03   5.3272016e-03   1.3850196e-03
  -4.0822377e-02  -8.8671983e-03  -2.1496421e-01   4.7624176e-03   5.4485719e-03   1.2115765e-03
  -4.0988823e-02  -2.4664183e-02  -2.0791849e-01   4.7494999e-03   5.2934408e-03   1.0213640e-03
  -2.2900051e-02   1.0256072e-01  -1.1548968e-02   3.3539283e-03   5.0349317e-03   9.1341406e-04
  -3.5101003e-02  -6.7118930e-02  -1.6862180e-01   4.0322328e-03   5.4257394e-03   1.1823339e-03
  -3.7925897e-02  -2.6650515e-02  -2.0855447e-01   3.7162955e-03   5.5494005e-03   1.1185305e-03
  -2.1843695e-02   1.3075235e-01   5.3960417e-02   2.5592007e-03   4.7506535e-03   7.3855093e-04
  -3.4471457e-02  -7.3998334e-02  -1.7533361e-01   4.0264613e-03   5.2266931e-03   1.2424732e-03
  -2.8926854e-02  -4.1882065e-02  -2.1761081e-01   4.3603143e-03   5.3600717e-03   1.2489345e-03
  -2.7065330e-02  -3.4563263e-02  -2.3160039e-01   4.3577312e-03   5.4273926e-03   1.1757746e-03
  -2.2965949e-02  -3.2352590e-02  -2.3209059e-01   4.5859517e-03   5.3161796e-03   7.6853744e-04
  -1.7480259e-02  -3.2699353e-02  -2.3311546e-01   3.6081278e-03   5.1482325e-03   8.1480924e-04
  -2.8774826e-02   8.9809072e-02  -4.4509056e-02   2.6814037e-03   5.5761374e-03   1.0474724e-03
  -4.4375494e-02  -4.6579612e-02  -1.6065941e-01   3.4927138e-03   5.7588922e-03   1.4021487e-03
  -5.3611908e-02  -3.4006125e-02  -2.2135940e-01   3.4009848e-03   5.7998515e-03   1.4315769e-03
  -5.1396560e-02  -1.0403768e-02  -2.1477431e-01   3.1219763e-03   5.8478797e-03   1.2885824e-03
  -3.2335002e-02   5.2231190e-02  -3.7863733e-02   2.5697106e-03   5.2370120e-03   1.3927966e-03
  -4.7948284e-02  -5.6434238e-02  -2.1994207e-01   4.2267721e-03   5.8478180e-03   1.3654633e-03
  -4.2172368e-02  -2.5667368e-02  -2.4974675e-01   3.9987664e-03   5.6995114e-03   1.4070145e-03
  -2.5419228e-02   1.5311921e-01  -3.5121104e-02   2.7866079e-03   5.0541272e-03   1.1543260e-03
  -3.6560374e-02  -1.3761347e-02  -1.2933722e-01   3.8383752e-03   5.1517969e-03   1.3768004e-03
  -4.7741161e-02  -2.8228812e-02  -2.2421944e-01   4.6611585e-03   5.6839223e-03   1.5137219e-03
  -4.7864372e-02   6.1770412e-02  -1.6851970e-01   3.7572650e-03   6.0111165e-03   1.4887155e-03
  -5.5413593e-02  -2.9512844e-02  -2.1276560e-01   3.5079232e-03   6.1016034e-03   1.5386853e-03
  -4.3764944e-02  -4.2631220e-02  -2.4370922e-01   4.6309226e-03   5.6209880e-03   1.4834921e-03
  -3.4606466e-02   1.4421117e-01  -9.2917401e-03  -2.9182588e-03   5.0183204e-03   1.4902054e-03
  -5.8139159e-02  -1.7432642e-05  -1.4112041e-01   6.7969146e-04   5.2398428e-03   1.5936104e-03
  -6.0415559e-02  -1.7821815e-02  -2.7100439e-01   1.1358529e-03   5.3594883e-03   1.8750475e-03
  -5.3071056e-02   3.3261633e-03  -2.6964951e-01   1.4492076e-03   5.4718872e-03   1.9450704e-03
  -3.4415088e-02   1.0415675e-01  -4.6415672e-02   1.1099023e-03   5.2972744e-03   1.5922226e-03
  -5.5029399e-02  -1.9787655e-02  -2.3013749e-01   1.9381303e-03   5.6496829e-03   1.6656526e-03
  -4.9139845e-02   9.9361091e-03  -2.4843441e-01   1.6944986e-03   5.8102540e-03   1.5599282e-03
  -3.4919137e-02   1.0841685e-01  -5.7198919e-02   1.3724021e-03   5.3987520e-03   1.6456418e-03
  -5.7162166e-02  -4.0449399e-02  -2.6319420e-01   1.7955033e-03   5.8439689e-03   1.6511558e-03
  -4.9202483e-02   8.0455194e-02  -1.9787976e-01   6.9990975e-04   5.7594052e-03   1.5023137e-03
  -4.0225742e-02   7.4869646e-02  -6.3928429e-02   8.6640067e-04   4.7659912e-03   1.1297452e-03
  -5.4149554e-02  -5.3708841e-02  -2.7413255e-01   1.6373750e-03   5.6215636e-03   1.6463084e-03
  -4.9806553e-02   8.8349469e-03  -2.7980313e-01   1.2600005e-03   5.7148428e-03   1.5233437e-03
  -3.9229482e-02   1.6950025e-01   3.4717433e-02   1.4002590e-04   4.7450769e-03   8.2644383e-04
  -6.3793051e-02  -7.1590774e-02  -2.4830845e-01   1.6533885e-03   5.1833998e-03   1.4087209e-03
  -5.2396035e-02  -2.7655677e-02  -2.8133316e-01   1.9119252e-03   5.5756446e-03   1.3780023e-03
  -4.2161339e-02  -1.4969552e-02  -2.7408100e-01   1.0586775e-03   5.5380083e-03   1.2626771e-03
  -1.6277023e-02   2.4377264e-01   1.2506699e-01  -2.0678880e-03   5.2053006e-03   6.3734815e-04
  -1.1057157e-02  -2.6167374e-02  -1.4691974e-01   1.0737992e-03   4.4275026e-03  -1.3391511e-04
  -2.6025715e-02  -1.9116654e-02  -3.3817265e-01   1.5140102e-04   5.1475424e-03   9.2530113e-04
  -1.8986530e-02   5.5147930e-04  -3.6132873e-01  -1.0354227e-04   5.0803911e-03   9.2790386e-04
  -2.2815604e-02   9.7111072e-02  -2.2679307e-01  -1.2453958e-03   5.1363554e-03   4.7208576e-04
  -2.5992977e-02   1.0465091e-02  -2.0754187e-01  -3.4380413e-04   4.7019047e-03   2.7549364e-04
  -2.8727789e-02  -3.9904795e-02  -3.3270764e-01   6.8777905e-05   5.1329738e-03   6.5215384e-04
  -2.8660117e-02  -3.7216730e-02  -3.2982059e-01  -4.9172185e-04   5.1520446e-03   6.4749088e-04
  -3.1772135e-02  -5.5797985e-02  -3.4651535e-01  -9.2819912e-04   5.0471741e-03   5.5686608e-04
  -4.0805572e-02   1.1266847e-01  -1.3892504e-01  -1.7393584e-03   5.7403000e-03   4.4024484e-04
  -7.6223334e-02  -3.6528851e-02  -2.0880361e-01  -6.5479539e-04   6.2854320e-03   1.0022621e-03
  -7.8838360e-02  -5.4231192e-02  -3.4954554e-01  -3.4193523e-04   6.4863537e-03   1.1128640e-03
  -7.5503642e-02   1.2597490e-01  -2.1994049e-01  -4.1647716e-03   6.6702732e-03   1.0473477e-03
  -8.4978109e-02  -2.7366603e-02  -2.0661895e-01  -1.7627267e-03   6.4817170e-03   1.3852194e-03
  -9.5574297e-02  -5.4313784e-02  -3.9095438e-01   4.1230101e-05   6.7503790e-03   1.4162294e-03
  -8.6205375e-02  -1.0838169e-02  -3.9803261e-01  -1.5476002e-04   6.7110852e-03   1.1629964e-03
  -8.3275885e-02  -2.8546283e-02  -3.8080010e-01  -1.1485459e-05   6.6028469e-03   1.1362359e-03
  -7.3940181e-02   1.1712887e-01  -1.7469575e-01  -1.4304010e-03   6.7528244e-03   8.2639854e-04
  -7.0135489e-02   1.2251757e-02  -1.6097392e-01  -3.9450362e-04   6.4422845e-03   8.1145908e-04
  -7.8585459e-02  -5.6002017e-02  -3.6960575e-01   9.9646061e-05   6.8866463e-03   1.2204965e-03
  -7.7750675e-02  -2.1887773e-02  -3.7689012e-01  -2.9999144e-04   6.9018559e-03   1.0056721e-03
  -7.3926543e-02  -5.2633043e-02  -3.8162933e-01  -1.0585866e-04   6.8711266e-03   9.2642684e-04
  -7.0545967e-02  -3.0416954e-02  -3.8066810e-01   1.2274963e-05   6.7151703e-03   7.7591194e-04
  -6.0659393e-02   1.1482176e-01  -8.9696232e-02  -6.3804752e-04   6.4288101e-03   5.7760110e-04
  -1.0077996e-01  -8.7434142e-02  -3.4532205e-01   8.9443061e-05   7.1993129e-03   1.0385524e-03
  -9.0495969e-02  -2.6083321e-02  -3.8023451e-01  -3.8990856e-05   7.0093501e-03   1.0224297e-03
  -7.7204831e-02   1.1135804e-01  -2.2053808e-01  -8.4909933e-04   6.7328407e-03   8.4478076e-04
  -1.0035386e-01  -4.2797300e-03  -2.1169048e-01  -2.8653145e-05   6.9391169e-03   1.1208671e-03
  -1.0927579e-01  -2.8867625e-02  -3.6843050e-01   5.1000763e-04   7.4527015e-03   1.1524011e-03
  -1.0041996e-01  -5.5756750e-03  -3.8352293e-01   7.5825625e-04   7.1808166e-03   1.0494809e-03
  -9.7218013e-02  -3.4333599e-02  -4.0141922e-01   1.3964447e-05   7.0408363e-03   9.9961107e-04
  -7.4689607e-02   1.0697474e-01  -1.2467920e-01  -7.5512573e-04   6.1809603e-03   3.0936167e-04
  -8.7070832e-02  -7.9875904e-02  -3.4532329e-01   6.3386172e-04   6.3804158e-03   5.2156124e-04
  -8.7131614e-02  -4.2968104e-02  -3.8642854e-01   8.1999547e-04   6.6459767e-03   5.0790843e-04
  -8.6110188e-02  -4.5763230e-02  -3.9353883e-01   5.9358485e-04   6.7931714e-03   4.0491291e-04
  -7.1131624e-02  -3.7888352e-03  -3.7144626e-01  -1.5555031e-04   6.4731012e-03   3.2153499e-04
  -5.6672461e-02   2.2647721e-02  -2.2735208e-01  -5.4457081e-04   6.2072966e-03   1.6363601e-04
  -6.2582435e-02  -6.3006396e-02  -3.6157152e-01   3.1629506e-04   6.4196856e-03   1.1874311e-05
  -5.2278697e-02  -1.7794633e-02  -3.7305466e-01  -2.5687108e-04   5.9429543e-03  -7.7428631e-05
  -5.9496436e-02   4.4592136e-03  -2.5354125e-01  -6.0330731e-04   5.7565575e-03  -2.0519016e-04
  -6.4789289e-02  -6.4382493e-02  -3.8976622e-01   7.6218661e-04   5.7991712e-03  -3.4698137e-04
  -5.7286710e-02   1.9828913e-03  -3.7997450e-01   2.6384515e-04   5.8183370e-03  -2.9020004e-04
  -6.2942775e-02   1.5194471e-02  -3.2658581e-01   7.2918682e-04   5.9115446e-03  -2.8242997e-04
  -7.2149723e-02   3.4800195e-02  -3.7776133e-01  -4.5159487e-03   5.9804211e-03   1.0918673e-05
  -7.6285891e-02  -1.5253032e-02  -3.4012006e-01  -1.7790722e-03   5.6253423e-03  -4.3430731e-05
  -8.4410108e-02   3.8940442e-02  -3.7331379e-01  -1.7135954e-03   5.7199348e-03  -1.7147942e-04
  -8.3905852e-02   5.9033226e-02  -1.9720370e-01  -1.4417023e-03   5.7799504e-03  -1.1625757e-04
  -1.0339935e-01  -6.2061845e-02  -4.1937664e-01  -5.1056494e-04   6.2283437e-03   8.1918010e-06
  -9.6485652e-02   4.7719651e-03  -4.2436019e-01  -3.9347014e-05   5.9928423e-03  -1.2631353e-04
  -8.7794658e-02   6.5130805e-02  -2.2224692e-01  -8.3181781e-04   5.8536699e-03  -1.2294124e-04
  -9.5320417e-02  -4.4071689e-02  -3.9607773e-01   1.2132975e-04   5.9875107e-03  -4.3735263e-05
  -7.3949135e-02   1.6745585e-01  -1.6757286e-01  -1.8169310e-03   5.7293371e-03  -5.6223332e-04
  -5.3931825e-02   9.4000350e-02  -9.2081794e-03  -1.2707690e-03   4.8815721e-03  -6.2533523e-04
  -9.8065459e-02  -7.0155881e-02  -3.7813689e-01  -4.3382686e-05   5.8045270e-03   1.6266294e-04
  -8.8009268e-02  -4.2702995e-02  -4.0296894e-01   6.1615755e-04   5.9397361e-03   1.1019051e-04
  -8.4857841e-02  -2.0743285e-02  -4.1065172e-01   6.2838896e-05   6.0656861e-03   7.1918274e-05
  -8.6489272e-02   2.0118397e-02  -3.8457388e-01  -2.0254749e-03   5.9195408e-03  -1.1379467e-05
  -8.8398738e-02   2.0372385e-02  -2.4180685e-01  -5.7134225e-03   5.8087731e-03   2.6283507e-04
  -1.0406331e-01  -5.8948867e-02  -4.1835811e-01  -2.8264993e-03   5.8489031e-03   2.0701941e-04
