   0.0000000e+00   0.0000000e+00   0.0000000e+00   0.0000000e+00   0.0000000e+00   0.0000000e+00
  -6.0878344e-03  -9.8377816e-02  -1.5795320e-01  -1.0447014e-03  -5.0528135e-04   3.4181265e-04
  -8.1161164e-04  -9.4045641e-02  -1.5910811e-01  -7.0936846e-04  -7.2630151e-04   2.7753392e-05
   2.7893605e-02   7.0338942e-02   9.8035315e-02   1.4213969e-03  -1.1201808e-04  -7.2442395e-04
   1.6508559e-02  -1.0057767e-01  -6.0081239e-02   2.1927986e-03  -6.5973197e-04   2.5274163e-05
   1.8530740e-02  -1.1141379e-01  -1.7391277e-01   1.7818059e-03  -7.6817877e-04   2.2292289e-04
   4.2818653e-02  -1.2251094e-02   1.6042429e-02   2.3526169e-03  -4.3757196e-04  -3.4122302e-04
   2.9732021e-02  -9.1126936e-02  -1.6486953e-01   2.7171290e-03  -6.6367008e-04   9.5672396e-05
   4.4378679e-02   2.6783104e-02  -5.9227542e-02   2.3050372e-03  -4.5208910e-04  -3.0389840e-04
   5.4326026e-02  -3.4666748e-02  -2.5190605e-02   3.4619558e-03  -8.1180807e-04  -9.7552457e-05
   3.5468943e-02  -1.3198738e-01  -1.6912179e-01   4.1518754e-03  -9.3130225e-04   6.4093088e-05
   4.2603159e-02  -1.9402378e-02  -1.0064556e-01   2.7910477e-03  -5.9390749e-04  -2.0874560e-04
   4.7097523e-02  -7.7069420e-02  -6.1717334e-02   3.8901948e-03  -6.6596286e-04  -2.0512390e-04
   2.8310754e-02  -1.4014405e-01  -1.5747595e-01   4.2796049e-03  -7.1767207e-04  -2.2070752e-05
   3.6727836e-02  -1.0950555e-01  -1.6239443e-01   4.3235940e-03  -7.8303193e-04  -1.6613014e-04
   4.7083693e-02  -1.7497783e-02  -8.1079122e-02   3.6405823e-03  -3.2799990e-04  -6.6817173e-04
   7.9381677e-02  -3.5668284e-03   1.2588253e-01   5.3160493e-03  -6.0702532e-04  -1.1430166e-03
   4.3617147e-02  -1.2441842e-01  -1.2964462e-01   4.0780457e-03  -6.0770235e-04   6.5679087e-05
   4.6299002e-02  -9.3929991e-02  -1.4085429e-01   5.1547151e-03  -4.3502204e-04  -2.0558054e-05
   6.2906987e-02  -2.0177851e-02   6.1951389e-02   5.1025094e-03   1.4431942e-04  -2.1630187e-04
   3.1961950e-02  -1.3657222e-01  -1.2218610e-01   5.1719753e-03  -4.4741220e-05   8.0360680e-05
   4.1716126e-02  -1.2668879e-01  -1.4403696e-01   5.1760868e-03  -3.4085861e-04   2.9314302e-04
   2.7545322e-02  -2.0134406e-02   8.8798362e-02   9.4674544e-03   9.3139346e-04  -8.5193857e-05
  -1.0968931e-02  -3.0044836e-02  -6.0452067e-02   5.1370938e-03   1.5480460e-03   1.1262592e-03
   2.7464033e-02   8.8019326e-02   1.0952569e-01   1.1009691e-04   7.7381317e-04   4.4066580e-04
   3.1631854e-02  -6.0031778e-03  -2.3349645e-02   1.8548059e-03   1.8595646e-04   5.8120365e-04
   2.9122255e-02  -6.3143530e-02  -1.1303986e-01   2.5616437e-03   1.5939470e-04   7.0103844e-04
   3.0799300e-02  -6.5054770e-02  -1.1962325e-01   3.0036126e-03   6.9328412e-05   6.9880691e-04
   3.2474265e-02   2.1569026e-02  -4.0688022e-02   2.0855461e-03   3.0482896e-04   3.5570798e-04
   4.4745635e-02  -1.1643802e-02   5.7245802e-02   3.7795401e-03   3.9397453e-04   2.3786122e-04
   3.4632881e-02  -8.7393228e-02  -9.5102593e-02   4.6870807e-03   1.4676538e-04   3.0035968e-04
   3.5145611e-02  -6.1117067e-02  -1.2996596e-01   4.7183605e-03   2.5502147e-04   4.7933237e-04
   5.1184405e-02   4.6537393e-02   3.4738497e-02   3.6733651e-03   7.9313507e-04   5.9543139e-05
   4.5655376e-02  -6.2878153e-02  -6.5121251e-02   4.5356001e-03   3.4257886e-04   7.5557414e-05
   5.0054103e-02   2.2401110e-02  -2.5459410e-02   3.9499651e-03   4.1552725e-04  -8.5507057e-05
   4.9138958e-02  -5.0373501e-02  -8.5361805e-02   5.2756232e-03   3.7579009e-04   6.3600557e-05
   4.6088436e-02  -7.7799587e-03  -9.0554368e-02   4.4297229e-03   6.1718225e-04   2.5983874e-04
   3.6792440e-02  -5.3450760e-02  -5.5699097e-02   5.1403641e-03   6.8900593e-04   4.7420412e-04
   3.2216435e-02  -9.6111223e-02  -1.4528552e-01   5.5171964e-03   5.9878282e-04   7.3234656e-04
   4.5772496e-02  -2.0182254e-02  -7.5253172e-02   5.2448482e-03   8.7317188e-04   5.5531762e-04
   4.3108535e-02  -9.1063720e-02  -3.2269349e-02   6.3633955e-03   1.1620245e-03   9.4275097e-04
   2.9348906e-02  -9.4271194e-02  -1.1577692e-01   6.4061061e-03   1.2820998e-03   1.1900029e-03
   5.7920471e-02   2.6440276e-02   1.3489537e-01   6.3084159e-03   1.3571087e-03   7.3215493e-04
   3.6859546e-02  -1.3243504e-01  -7.9743011e-02   7.2951471e-03   1.3408554e-03   9.4789503e-04
   4.4778432e-02  -1.0049055e-01  -1.1911418e-01   7.8601945e-03   1.3830356e-03   1.1280172e-03
   3.7080719e-02  -1.1490018e-01  -1.2087585e-01   7.8078801e-03   1.3402052e-03   1.0917615e-03
   4.0941950e-02  -9.0205953e-02  -8.1507603e-02   7.5097839e-03   1.3515003e-03   8.4629824e-04
   7.4105676e-02   4.3379632e-02   2.0557508e-01   9.3376570e-03   1.7759737e-03   3.9683804e-04
   5.8903673e-02  -1.4036706e-01  -1.2378394e-02   9.4172551e-03   1.5460162e-03   8.0218022e-04
   5.5899480e-02  -1.1440518e-01  -6.5944913e-02   9.8932245e-03   1.6278146e-03   8.7461936e-04
   6.1062340e-02   8.7322309e-02   1.2906955e-01   7.7059354e-03   1.6000587e-03   2.3211224e-04
   1.1421842e-01   2.2426244e-01   4.8844325e-01   9.0628043e-03   6.3749005e-04  -5.5817340e-04
   7.7002395e-03  -9.1590442e-02  -1.0246782e-01   3.0326491e-03   8.6162640e-04   1.4544387e-03
   2.2349987e-02  -6.6636804e-02  -1.4164012e-01   6.0368474e-03   1.2860612e-03   1.7562877e-03
   2.7744808e-02  -8.9733635e-02  -1.4936029e-01   7.0299552e-03   1.3321862e-03   1.6422998e-03
   2.8914297e-02  -1.1798774e-01  -1.4037461e-01   7.1618224e-03   1.3594118e-03   1.6724591e-03
   3.9460881e-02  -6.0722110e-02  -1.1504039e-01   6.8398605e-03   1.5360166e-03   1.5602499e-03
   5.4718712e-02  -4.7086677e-02   2.2152765e-02   7.1862073e-03   1.8117815e-03   1.6127621e-03
   3.8515735e-02  -1.5630759e-01  -1.2442985e-01   7.5450749e-03   1.5680984e-03   1.8896445e-03
   4.3928956e-02  -1.2292869e-01  -1.6222781e-01   7.3969436e-03   1.5793568e-03   1.8580074e-03
   4.7047494e-02  -8.5198552e-02  -1.4902961e-01   7.0596657e-03   1.7135231e-03   1.6742923e-03
   6.7050997e-02   8.4215904e-02   1.9969428e-01   8.7095652e-03   2.9675323e-03   1.5881705e-03
   3.6349292e-02  -1.2428981e-01  -8.3624133e-02   8.8251397e-03   2.1770731e-03   2.1565609e-03
   2.6212292e-02  -9.6602393e-02  -1.7006290e-01   8.7499177e-03   2.1639649e-03   2.2852116e-03
   3.7865634e-02  -9.1278736e-02  -1.8780283e-01   8.8506072e-03   1.8898091e-03   2.3120152e-03
   3.5544364e-02  -6.3782422e-02  -1.7151651e-01   9.1576950e-03   2.0383967e-03   1.9624384e-03
   7.9769724e-02   8.3954385e-02   2.1159256e-01   1.1816517e-02   2.2060391e-03   1.2249343e-03
   4.7469587e-02  -1.1822324e-01  -9.5596553e-02   1.0707649e-02   2.1994410e-03   2.0030516e-03
   3.6918996e-02  -1.3172819e-01  -1.7461498e-01   1.0577118e-02   2.1068219e-03   2.1957777e-03
   3.9087307e-02  -1.3030762e-01  -1.8423146e-01   1.0416562e-02   2.1477700e-03   2.1320538e-03
   6.8179489e-02   1.8709744e-02   6.5976051e-02   1.0916970e-02   2.5484521e-03   1.3608883e-03
   5.9506151e-02  -1.3461933e-01  -8.9780072e-02   1.1135306e-02   2.2690748e-03   1.7061651e-03
   5.9622066e-02  -1.2739298e-01  -1.3926398e-01   1.1272854e-02   2.2509023e-03   1.8500466e-03
   6.7578755e-02  -1.4761121e-02  -2.8887676e-02   1.0748377e-02   2.4031520e-03   1.3369167e-03
   4.5775684e-02  -1.3414074e-01  -1.4852439e-01   1.0302295e-02   2.0972018e-03   2.1806787e-03
   4.3221337e-02  -9.4676073e-02  -1.6611402e-01   1.0229160e-02   1.9326304e-03   2.0271094e-03
   5.8361827e-02  -2.5217562e-02   5.5689801e-02   1.0547642e-02   2.3840062e-03   1.7194050e-03
   3.2343467e-02  -1.6447949e-01  -1.3893229e-01   1.1315114e-02   2.6284888e-03   2.1913284e-03
   3.1029940e-02  -1.4815055e-01  -1.7127820e-01   1.1645003e-02   2.4393309e-03   2.2463931e-03
   3.5907848e-02  -1.0864404e-01  -1.3478652e-01   1.1348316e-02   2.4390123e-03   1.9063837e-03
   4.9869620e-02  -8.4651496e-02  -1.5104905e-03   1.2146648e-02   2.6466920e-03   1.6824240e-03
   4.0694034e-02  -1.4400437e-01  -1.2044811e-01   1.2118954e-02   2.7717633e-03   1.8018518e-03
   5.5287393e-02  -2.7443379e-02   4.0695443e-02   1.1065705e-02   2.9024521e-03   1.4412223e-03
   5.1396756e-02  -1.3998215e-01  -6.8730988e-02   1.2044809e-02   2.5905395e-03   1.5111407e-03
   4.9592613e-02  -1.3770685e-01  -1.1032022e-01   1.2204397e-02   2.7008302e-03   1.6052523e-03
   6.1819380e-02  -6.8881375e-02  -4.3705988e-02   1.1675274e-02   1.2599739e-03   8.9052003e-04
   1.1062364e-01   9.2271752e-03   2.7208379e-01   1.0413770e-02   3.4450290e-03   2.7088927e-03
   6.2796926e-02  -3.8285137e-02  -1.0371289e-02   1.0938936e-02   3.0288568e-03   2.2156514e-03
   5.8647002e-02  -6.4532976e-02   9.0105602e-02   1.2522745e-02   3.2146349e-03   2.1503106e-03
   4.4768735e-02  -1.0728391e-01  -2.2302219e-02   1.3004131e-02   3.4877777e-03   2.4309088e-03
   4.3743038e-02  -1.1419384e-01  -5.1266865e-02   1.3613361e-02   3.6042307e-03   2.4467594e-03
   6.6655688e-02  -1.2127630e-02   6.4959616e-02   1.3113467e-02   3.4013033e-03   2.0720075e-03
   7.9003098e-02  -8.9634392e-02   8.9271143e-02   1.4123014e-02   3.1594321e-03   2.0079245e-03
   8.3976428e-02  -6.2532585e-02   3.6658951e-02   1.4483272e-02   3.4019252e-03   1.8918096e-03
   7.6138104e-02  -6.7487579e-02   6.4805068e-02   1.3535634e-02   3.7214190e-03   2.5853697e-03
   6.7140310e-02  -1.3935664e-01  -3.9468096e-02   1.4343586e-02   3.9137366e-03   3.0430764e-03
   6.9008658e-02  -1.2366994e-01  -6.2468950e-02   1.4920163e-02   4.1701088e-03   3.3779739e-03
   1.0430418e-01  -1.9149833e-02   1.5959651e-01   1.4435756e-02   3.7020180e-03   3.0200133e-03
   8.5366249e-02  -1.1279783e-01   1.4170225e-02   1.4245079e-02   3.3458222e-03   2.9977338e-03
   8.6813029e-02  -8.5489440e-02   1.0594911e-01   1.4552047e-02   3.6681704e-03   3.2735629e-03
   6.5345491e-02  -1.4061760e-01  -5.8784527e-02   1.5075132e-02   4.2453243e-03   3.6913946e-03
   7.4818713e-02  -1.0530936e-01  -4.9242642e-02   1.4518302e-02   4.3229866e-03   3.8807998e-03
   9.3823426e-02  -4.6542365e-02   1.4554237e-01   1.4513708e-02   3.9223610e-03   3.5537283e-03
   7.4010470e-02  -1.6544533e-01  -4.3310909e-02   1.5388897e-02   4.1075433e-03   4.1511747e-03
   7.8220064e-02  -6.2728773e-02  -8.7168095e-03   1.4646948e-02   4.2582755e-03   3.9695794e-03
   1.0108553e-01  -2.4805018e-02   2.1909800e-01   1.4866455e-02   3.8731755e-03   3.9195586e-03
   6.9749955e-02  -1.7650291e-01  -3.9943290e-02   1.5881807e-02   4.4197673e-03   4.4333408e-03
   8.0664295e-02  -1.3812388e-01  -6.1557666e-02   1.6240368e-02   4.5064501e-03   4.5124014e-03
   8.9672353e-02  -1.4888166e-02   9.5064589e-02   1.5391877e-02   4.5712879e-03   4.2046957e-03
   8.8409724e-02  -1.3423918e-01   4.2958712e-02   1.6394341e-02   4.5412928e-03   4.2025061e-03
   9.8515739e-02  -7.5908150e-02   2.9518374e-02   1.5814628e-02   4.3582693e-03   4.0850134e-03
   1.1285324e-01  -5.2915608e-02   1.7116403e-01   1.6097940e-02   4.1583128e-03   3.9934167e-03
   1.0052294e-01  -1.6398997e-01  -1.6043309e-04   1.6802461e-02   4.4000804e-03   4.2888583e-03
   1.0285898e-01  -1.3053547e-01  -3.4802976e-02   1.6845559e-02   4.4422908e-03   4.1986211e-03
   1.1274312e-01   1.2836498e-02   1.6098114e-01   1.5416985e-02   4.1963449e-03   3.6238127e-03
   1.0077174e-01  -1.4005166e-01   5.1177383e-02   1.6630406e-02   4.3547861e-03   3.9999301e-03
   9.6995556e-02  -1.4046214e-01  -2.0982904e-02   1.6704669e-02   4.5281526e-03   4.1503192e-03
   9.9672901e-02  -1.4922822e-01  -3.0306391e-02   1.6974783e-02   4.4000539e-03   4.1069103e-03
   1.1397190e-01  -2.3824476e-02   1.0678814e-01   1.6502268e-02   4.3304320e-03   3.8366330e-03
   1.0934085e-01  -1.4962151e-01   3.7465085e-02   1.7490067e-02   4.3594838e-03   3.8759072e-03
   1.0537896e-01  -1.4850048e-01  -6.6172924e-03   1.7383895e-02   4.3502710e-03   4.0380503e-03
   1.2158590e-01  -3.9932086e-02   9.2452043e-02   1.7402662e-02   3.8338589e-03   3.2456687e-03
   1.1257698e-01  -1.1818121e-01   4.0680930e-03   1.6714947e-02   3.8609408e-03   4.2975557e-03
   1.0670207e-01   4.7933782e-03   1.6118381e-01   1.4289924e-02   3.9245290e-03   3.2566468e-03
   1.0151629e-01  -1.2481506e-01  -2.1654765e-02   1.6134705e-02   3.8514011e-03   4.1201419e-03
   9.3782814e-02  -1.4855163e-01  -7.3670338e-02   1.6827671e-02   4.2229280e-03   4.5659933e-03
   1.0254785e-01  -6.2737793e-02   2.5290325e-02   1.6356182e-02   4.3699925e-03   4.1738373e-03
   9.5014919e-02  -1.3603175e-01  -1.6247329e-02   1.7679881e-02   4.0163129e-03   4.2752904e-03
   1.0314317e-01   8.6062203e-02   1.2847569e-01   8.7381963e-03   4.1110748e-03   3.8629829e-03
   6.2049759e-02  -1.0490533e-01   4.0877533e-02   8.9004011e-03   3.7076700e-03   3.6653577e-03
   7.6827369e-02  -8.6824221e-03  -3.5303508e-03   2.0928512e-03   2.6311720e-03   3.3448033e-03
   7.4387713e-02  -1.4921786e-02  -8.1630071e-03   4.2758963e-03   3.3253018e-03   3.8918506e-03
   1.3444694e-01   1.8934110e-01   3.9073294e-01   8.3291510e-03   3.3723528e-03   3.2542214e-03
   3.9273450e-02  -1.0907499e-01   1.6117046e-02   1.1509671e-02   3.7721740e-03   3.5833263e-03
   1.4883336e-02  -2.8298315e-02  -3.2648945e-03   1.2290350e-02   3.2219984e-03   2.0334578e-03
   4.8250163e-02   4.5533552e-02   2.6081429e-01   6.7289513e-03   2.9589660e-03   2.3048003e-03
   3.0856931e-02  -5.8715761e-02   9.6748733e-03   7.5815018e-03   2.9177551e-03   2.8004808e-03
   4.5094474e-02  -4.6716343e-02  -2.0659590e-02   8.4095141e-03   2.9275806e-03   2.9053178e-03
   8.7204954e-02   1.0556060e-01   2.4174851e-01   8.1136432e-03   3.0449786e-03   2.2649664e-03
   8.5731997e-02  -5.5331141e-02   1.4049149e-01   9.2985000e-03   2.8175822e-03   2.3275071e-03
   8.7367801e-02  -4.5935649e-02   4.2232643e-02   9.0831320e-03   3.1640627e-03   2.7884147e-03
   9.3689202e-02  -2.1792937e-02   1.2448872e-02   9.2682478e-03   3.1183326e-03   2.8300636e-03
   1.1259844e-01   6.4748095e-02   2.5514086e-01   9.0107095e-03   3.1218351e-03   2.5769717e-03
   9.3627935e-02  -7.8125062e-02   4.8609704e-02   9.9505022e-03   3.1312356e-03   2.9678009e-03
   9.7044449e-02  -5.8062043e-02   1.1646437e-02   1.0174576e-02   3.1998252e-03   2.8602470e-03
   1.1031352e-01   1.6362173e-02   6.6843527e-02   9.5042745e-03   3.1939604e-03   2.4122341e-03
   1.2055179e-01  -1.6294068e-02   1.1284827e-01   1.0216975e-02   2.9830192e-03   2.3944936e-03
   1.1682775e-01  -2.6403664e-03   6.5173005e-02   9.7983927e-03   2.9158238e-03   2.4000433e-03
   1.5770043e-01   1.0560469e-01   3.4939842e-01   1.0914878e-02   2.0152663e-03   2.1559396e-03
   9.3766328e-02  -1.0261943e-01  -5.9777175e-02   1.0726655e-02   2.7088260e-03   3.2891184e-03
   9.2075310e-02  -7.3711611e-02  -8.0628026e-02   1.0739831e-02   2.6939580e-03   3.3043451e-03
   8.7456864e-02  -6.6651198e-02  -9.3310421e-02   1.1039499e-02   2.6563071e-03   3.2574514e-03
   8.2006439e-02  -9.7798244e-02  -8.6326730e-02   1.1022933e-02   2.6675379e-03   3.3173924e-03
   7.7774242e-02  -1.0918481e-01  -8.1607812e-02   1.1202827e-02   2.6984098e-03   3.1172771e-03
   1.0653530e-01   6.8037132e-02   1.4467098e-01   1.0209038e-02   3.1519791e-03   2.6287082e-03
   1.1332294e-01  -4.9962524e-02   2.1205456e-01   1.1641828e-02   2.7836725e-03   2.6683786e-03
   8.3786698e-02  -1.1331933e-01  -5.8358904e-02   1.1122090e-02   3.2094084e-03   3.4916124e-03
   8.7287308e-02  -1.3470201e-02  -3.0984231e-02   1.0249810e-02   3.4594917e-03   3.2218857e-03
   1.1120358e-01  -9.6923756e-03   1.0226584e-01   1.0572693e-02   2.8838124e-03   3.0090755e-03
   9.9138656e-02  -2.5625516e-02   1.8397259e-02   1.1052434e-02   2.6750517e-03   2.5571175e-03
   1.0402446e-01  -4.9354773e-03   6.4823762e-02   9.9805620e-03   2.9895653e-03   2.7109799e-03
   9.4832009e-02   2.7579709e-02  -2.8873523e-03   1.7283662e-03   3.0584005e-03   3.7542054e-03
   9.5278186e-02   2.3021880e-02  -5.4626294e-03   5.2725254e-03   2.8672750e-03   3.1245238e-03
   1.1445462e-01   8.7279342e-02   2.0675463e-01   8.4715768e-03   2.7078757e-03   2.6490932e-03
   1.0351666e-01  -7.3760731e-02   3.0220871e-02   8.8451117e-03   2.8214403e-03   3.0363413e-03
   1.1060712e-01  -4.0420695e-02  -8.2105751e-03   9.2065422e-03   2.9527249e-03   2.8853261e-03
   1.1973482e-01  -4.8980997e-02  -2.2305740e-02   8.7907201e-03   2.7140330e-03   2.7346536e-03
   1.2470235e-01   7.5331138e-02   1.0896582e-01   7.8029892e-03   2.8320115e-03   2.4393516e-03
   1.1937521e-01  -3.1146249e-02   8.5957458e-02   9.1884895e-03   2.7249883e-03   2.5505000e-03
   1.2077599e-01  -5.1621489e-02  -1.4188877e-02   9.3408651e-03   2.7411676e-03   2.5688713e-03
   1.2064456e-01   8.8984837e-02   9.7703492e-02   8.9159025e-03   2.8018572e-03   2.2901214e-03
   1.0940895e-01  -2.9770085e-02   3.5629607e-02   9.6779161e-03   2.7403382e-03   2.6182272e-03
   8.4315686e-02  -6.7483586e-02  -1.1667843e-01   9.8644052e-03   2.8313652e-03   3.2363434e-03
   8.3952101e-02  -2.8627995e-03  -6.7259616e-02   9.6042708e-03   3.1396813e-03   2.9631717e-03
   1.0468466e-01   4.2836473e-02   1.5145980e-01   9.5602666e-03   2.9752700e-03   2.6455181e-03
   9.4360136e-02  -3.0928293e-02   7.8414629e-02   9.9856216e-03   3.2275812e-03   2.5521746e-03
   1.0420222e-01   6.6591651e-02   1.0441983e-01   5.6562316e-03   2.8495795e-03   2.7755193e-03
   9.3891159e-02   1.0029604e-02   4.0353422e-02   4.7732224e-03   2.5144169e-03   2.6289879e-03
   1.2311793e-01   2.6164240e-01   3.4861457e-01   9.2379572e-03   3.0003394e-03   1.2543283e-03
   1.6404771e-01   1.1838576e-01   3.4998606e-01   1.1114899e-02   1.5464106e-03   6.3414119e-04
   6.8864656e-02  -1.1617051e-01  -6.0094454e-02   1.1459882e-02   2.8771001e-03   2.6249230e-03
   7.6809522e-02  -5.6620858e-02  -8.0057748e-02   1.1718596e-02   3.2227925e-03   2.8228036e-03
   8.2006174e-02  -6.5941516e-02  -7.8732975e-02   1.1730939e-02   3.3098949e-03   2.8926080e-03
   8.6469562e-02  -2.3365913e-02  -3.1799319e-02   1.1792032e-02   3.2328204e-03   2.5062844e-03
   7.8895854e-02  -2.7873406e-02   5.6338821e-02   1.1163711e-02   3.2156506e-03   3.0057963e-03
   5.8375018e-02  -1.1552660e-01  -4.0039324e-02   1.1600184e-02   3.5306472e-03   2.6545981e-03
   6.7346679e-02  -8.9779871e-02  -6.1250730e-02   1.1353874e-02   3.6207301e-03   2.4760964e-03
   7.2333212e-02  -9.3543891e-02  -8.3819068e-02   1.0952045e-02   3.4671507e-03   2.9342007e-03
