   0.0000000e+00   0.0000000e+00   0.0000000e+00   0.0000000e+00   0.0000000e+00   0.0000000e+00
  -4.7075130e-02   3.7018802e-02  -2.5320710e-01  -3.1810855e-03   2.7933046e-03   5.8070178e-03
  -3.2731549e-02  -3.9565428e-02  -2.5683956e-01  -9.2303162e-03  -1.8676025e-04   2.8418871e-03
  -2.8468660e-02   6.9160514e-02  -1.6691309e-01  -8.5135045e-03   4.2429806e-04   1.9290789e-03
  -6.3160062e-03   9.5963213e-04  -8.7035781e-02  -6.6711266e-03   1.1758947e-04   1.2399588e-03
  -4.7816996e-03  -4.8505141e-02  -1.6983706e-01  -5.9791122e-03  -1.6545969e-04   9.9371914e-04
   9.7378030e-03   7.2544964e-02  -1.3059714e-01  -6.8485483e-03  -4.2804245e-04   8.9230104e-04
   1.4418134e-02   1.5546614e-02  -1.1622408e-01  -6.1442680e-03  -7.6868023e-04   9.4000562e-04
   8.1157164e-03   7.9932869e-02  -3.1460065e-01  -1.1716996e-02  -1.4412248e-03   2.6959303e-03
  -2.0290925e-03   1.2987717e-01  -3.4953810e-01  -1.4082435e-02  -1.7233687e-03   2.3539362e-03
   1.1810159e-02   8.7551246e-02  -2.7360986e-01  -1.1600313e-02  -2.1258779e-03   1.4811650e-03
   1.1959632e-02   4.6705960e-02  -3.0348247e-01  -1.1394977e-02  -2.0793774e-03   8.5174298e-04
   1.4822050e-02   4.9498679e-02  -3.2719878e-01  -1.1423221e-02  -2.1342409e-03   5.1596376e-04
   2.1679411e-02   1.5640369e-01  -2.5401339e-01  -1.2551506e-02  -1.9573705e-03   2.1127927e-04
   3.4107644e-02   1.0157512e-01  -1.7985478e-01  -1.1633452e-02  -2.1426717e-03   2.3802371e-04
   3.3728007e-02   2.5317292e-02  -2.6745229e-01  -1.1345931e-02  -3.7223677e-03   1.5532961e-04
   4.5325166e-02   6.5471815e-02  -2.9782537e-01  -1.0580586e-02  -3.0777648e-03   2.0102063e-04
   5.4242034e-02   1.3181237e-01  -1.6775444e-01  -1.1334040e-02  -2.7981459e-03   1.3740511e-04
   5.0974330e-02  -1.1534617e-02  -2.9036902e-01  -1.0571383e-02  -3.0418706e-03   1.4349560e-05
   5.2503106e-02   4.2771405e-02  -3.1910926e-01  -1.0369428e-02  -3.0768168e-03  -1.8470210e-05
   5.0035279e-02   2.3921926e-02  -3.1719365e-01  -1.0195772e-02  -3.0933762e-03  -1.6788170e-04
   5.0152115e-02   1.8787737e-02  -3.1430413e-01  -9.4374318e-03  -3.0436623e-03  -3.8050475e-04
   6.7678810e-02   1.3662991e-01  -1.3306362e-01  -1.1713998e-02  -2.8511368e-03  -3.8184538e-04
   5.6137154e-02   9.0435193e-04  -2.5954976e-01  -1.0341179e-02  -3.0502792e-03  -3.8218859e-04
   6.7365389e-02   1.6445658e-01  -2.0325287e-01  -1.1149845e-02  -2.6428378e-03  -4.8994923e-04
   6.6836480e-02   9.6698974e-02  -1.7165492e-01  -1.0373118e-02  -2.7207239e-03  -3.1842504e-04
   5.7878439e-02   5.1083652e-02  -2.6610829e-01  -1.0135702e-02  -2.6388194e-03  -8.4882569e-05
   5.9434469e-02   6.1411764e-02  -2.9537413e-01  -9.5556526e-03  -2.8647222e-03  -2.9584710e-04
   5.6304309e-02   1.5614131e-02  -3.0101098e-01  -9.3805072e-03  -2.8795618e-03  -3.0381885e-04
   6.0342936e-02   1.1893757e-01  -2.2850391e-01  -1.0661438e-02  -2.7381411e-03  -4.4814381e-04
   6.6578647e-02   7.2690338e-02  -1.7101982e-01  -1.0047686e-02  -3.0932205e-03  -4.5785262e-04
   6.4457660e-02   1.5004813e-02  -2.3807650e-01  -1.0438209e-02  -3.0920463e-03  -5.9271278e-04
   7.1633867e-02   1.3038369e-01  -1.9937278e-01  -1.1870912e-02  -2.7939997e-03  -5.1142325e-04
   6.9406913e-02   6.9537618e-02  -2.1423107e-01  -1.0549021e-02  -2.7644531e-03  -4.4738594e-04
   6.2243350e-02   4.0906083e-02  -2.6631326e-01  -9.9716394e-03  -2.7986713e-03  -3.4864679e-04
   8.3976946e-02   2.6631636e-01   4.3727015e-02  -9.8578076e-03  -2.4767212e-03  -1.7453043e-04
   7.7823659e-02   6.9631447e-02  -1.4129513e-01  -8.7965130e-03  -3.0275066e-03  -3.7493458e-04
   5.5431530e-02   9.4505628e-04  -3.4434317e-01  -8.4248928e-03  -3.1282983e-03   4.7482964e-04
   7.4017960e-02   1.8700079e-01  -1.0562987e-01  -1.0164827e-02  -2.6502967e-03  -1.4221423e-04
   6.6043637e-02   2.3754336e-02  -2.1359810e-01  -9.0474679e-03  -2.7811386e-03  -2.7345078e-04
   6.2590413e-02   3.1234235e-02  -2.6378431e-01  -8.8316738e-03  -2.6751729e-03  -2.6631036e-04
   6.6585628e-02   4.1122635e-02  -2.6231121e-01  -9.2277200e-03  -2.6876578e-03  -3.3448717e-04
   7.8406686e-02   6.9512833e-02  -2.4365398e-01  -9.8315003e-03  -2.8540766e-03  -6.8562941e-04
   8.8659490e-02   7.8801687e-02  -1.9460145e-01  -9.5466911e-03  -2.8139830e-03  -4.7040730e-04
   7.5798596e-02   7.1703174e-02  -2.8238667e-01  -1.0028536e-02  -2.9643497e-03  -3.6431795e-04
   9.5539281e-02   2.7241313e-01   6.3290280e-02  -1.2947097e-02  -1.9448395e-03  -8.9703724e-05
   8.0923642e-02   7.9433008e-02  -1.1949694e-01  -1.1312487e-02  -2.8543742e-03  -4.5460381e-04
   8.2866862e-02   1.0723445e-01  -1.8486867e-01  -1.1061368e-02  -3.0266900e-03  -3.8555269e-04
   8.3525665e-02   1.1756292e-01  -2.1318519e-01  -1.0244440e-02  -2.8000838e-03  -3.5630020e-04
   9.7085195e-02   2.2234427e-01  -1.3953798e-01  -1.1246892e-02  -2.6339678e-03  -5.7543957e-04
   1.0396875e-01   1.5038873e-01  -7.9048584e-02  -1.1126932e-02  -2.7429699e-03  -3.7878751e-04
   9.2139532e-02   8.0680852e-02  -1.5809519e-01  -1.1083851e-02  -2.6566168e-03  -4.0604289e-04
   9.4172621e-02   1.0358126e-01  -1.9556011e-01  -1.0229143e-02  -2.7606994e-03  -4.2394884e-04
   9.7253752e-02   9.1164644e-02  -1.9960997e-01  -1.0987248e-02  -2.7935865e-03  -4.5864697e-04
   1.1442638e-01   2.0753144e-01  -7.7317953e-02  -1.1660427e-02  -2.7995011e-03  -4.3111905e-04
   1.0262603e-01   9.5747914e-02  -1.3830905e-01  -1.1160635e-02  -2.7341344e-03  -3.8168191e-04
   1.0472557e-01   1.0072397e-01  -1.9134404e-01  -1.0693288e-02  -2.9090716e-03  -5.6686808e-04
   1.0777460e-01   1.0689582e-01  -2.1112567e-01  -1.0799790e-02  -2.9894738e-03  -7.5136426e-04
   1.1685050e-01   2.2062290e-01  -1.0383323e-01  -1.1314240e-02  -3.0379689e-03  -8.2460906e-04
   1.0748462e-01   8.1813626e-02  -1.7581455e-01  -9.8400764e-03  -3.2326261e-03  -8.6873266e-04
   1.1267408e-01   1.8975598e-01  -1.4762822e-01  -1.0328841e-02  -2.9915238e-03  -7.9167780e-04
   1.0651665e-01   8.6448637e-02  -2.2221977e-01  -9.6656905e-03  -2.9142069e-03  -8.1953361e-04
   1.0357110e-01   7.4222802e-02  -2.4880474e-01  -9.4481672e-03  -2.8660818e-03  -8.1063624e-04
   1.0606084e-01   7.5692089e-02  -2.5925998e-01  -9.6069179e-03  -2.9769653e-03  -8.5662720e-04
   1.1835137e-01   2.1755340e-01  -7.3519878e-02  -1.0786850e-02  -2.8351208e-03  -9.1661720e-04
   1.0593593e-01   8.0183605e-02  -1.5597016e-01  -9.6907413e-03  -3.0593746e-03  -7.7482031e-04
   1.0223010e-01   9.2919026e-02  -2.1130498e-01  -9.7561020e-03  -2.9302149e-03  -6.6612318e-04
   1.0557081e-01   1.4530071e-01  -1.9371419e-01  -1.0205780e-02  -2.7479369e-03  -8.1783520e-04
   1.1356154e-01   1.5513956e-01  -1.1592278e-01  -9.6565436e-03  -2.7208838e-03  -7.5240110e-04
   1.0407194e-01   8.6704716e-02  -1.9791546e-01  -9.7409911e-03  -2.9693072e-03  -8.8914947e-04
   1.0666832e-01   9.2303903e-02  -2.2820476e-01  -9.3100082e-03  -2.9239970e-03  -7.5593141e-04
   1.0376976e-01   1.6066157e-01  -1.0072132e-01  -9.8928838e-03  -2.4666003e-03  -6.9509109e-04
   1.0178322e-01  -5.0150384e-02  -2.0615880e-01   1.1772685e-03  -2.1978670e-03  -1.2498739e-03
   1.1085821e-01   2.0847914e-01  -1.6031082e-01  -1.1558410e-02  -2.2706624e-03   1.0260624e-03
   1.0596001e-01   1.0046250e-01  -1.3505259e-01  -1.0562195e-02  -2.8500589e-03   3.0124435e-04
   1.0680322e-01   1.0991149e-01  -2.2332614e-01  -9.8355397e-03  -2.5927291e-03   1.0885590e-04
   1.1049157e-01   9.0752271e-02  -2.4685319e-01  -9.6206299e-03  -2.6265420e-03  -2.0237736e-04
   1.2409080e-01   2.0389987e-01  -1.0540925e-01  -9.9316067e-03  -2.3493407e-03  -2.1108587e-04
   1.1254755e-01   9.0902934e-02  -2.0409150e-01  -9.2379507e-03  -2.4874736e-03  -3.4104498e-04
   1.2096303e-01   2.4374889e-01  -8.0355047e-02  -1.0484962e-02  -2.2542309e-03  -3.6024375e-04
   1.2037492e-01   9.4582381e-02  -1.4661619e-01  -9.6658009e-03  -2.5136531e-03  -5.1199887e-04
   1.0568577e-01   8.8611167e-02  -1.8941747e-01  -9.5167760e-03  -2.3820802e-03  -4.6585601e-04
   1.0584085e-01   9.4492583e-02  -2.1771339e-01  -8.9133675e-03  -2.3554663e-03  -4.6481688e-04
   1.1649510e-01   2.2108050e-01  -1.2572311e-01  -1.0012176e-02  -2.1064740e-03  -4.1729139e-04
   1.0440787e-01   7.5341557e-02  -1.5259486e-01  -8.3197537e-03  -2.0710351e-03  -3.9530604e-05
   6.2171284e-02  -3.9303781e-02  -3.8221321e-01  -6.0451888e-03  -1.3561627e-03   7.7008986e-04
   6.7305015e-02  -4.6337619e-02  -3.8886828e-01  -6.1264533e-03  -1.4587440e-03   3.6863336e-04
   1.1212824e-01   2.9972858e-01  -4.7112915e-02  -1.2381571e-02  -1.2634304e-03  -1.6503770e-04
   1.3865389e-01   2.4644842e-01   7.3329794e-02  -1.2877629e-02  -1.9300418e-03   3.1989938e-04
   1.2346878e-01   1.8141162e-01  -7.6669083e-02  -1.1668729e-02  -1.8821893e-03   4.5135929e-04
   1.2841116e-01   2.5342512e-01  -1.0795846e-01  -1.1093566e-02  -1.9962925e-03   2.7682546e-04
   1.2191403e-01   2.3258410e-01  -1.2221889e-01  -1.0374756e-02  -1.8337773e-03   2.2489522e-04
   1.2544888e-01   1.9604298e-01  -1.4397798e-01  -9.5503222e-03  -1.8713002e-03   1.8007950e-04
   1.2620804e-01   1.9287497e-01  -1.3549721e-01  -9.9654832e-03  -1.7977566e-03  -9.3081416e-06
   1.3432934e-01   2.8858032e-01  -6.1044801e-02  -1.1551126e-02  -1.7334801e-03  -2.0969748e-04
   1.2906598e-01   1.8369077e-01  -5.7541942e-02  -1.0897749e-02  -1.7535267e-03  -8.6328751e-06
   1.3102044e-01   1.7489530e-01  -1.1849710e-01  -1.0845563e-02  -1.9625323e-03  -7.8310721e-05
   1.4443068e-01   3.3212932e-01  -2.6798892e-02  -1.1637398e-02  -1.8635060e-03  -5.4092038e-05
   1.3245499e-01   1.5707434e-01  -1.1629570e-01  -9.6499121e-03  -2.2647899e-03  -1.1190029e-04
   1.2985443e-01   1.8470905e-01  -1.5181602e-01  -1.0476852e-02  -1.9432840e-03  -8.3519018e-05
   1.4522816e-01   3.8051457e-01   2.1797420e-02  -1.0383180e-02  -1.4840143e-03   1.0372611e-04
   1.2800719e-01   1.9283699e-01  -5.8723988e-02  -9.9316095e-03  -1.7539907e-03   2.6212775e-04
   1.2624099e-01   2.2612250e-01  -1.0713300e-01  -9.5520465e-03  -1.5092029e-03   1.1875470e-04
   1.5101369e-01   3.0013583e-01   1.3660617e-02  -9.6355994e-03  -1.6224922e-03   2.9614961e-05
   1.3746468e-01   1.8603341e-01  -7.5019457e-02  -9.0519114e-03  -1.5027960e-03  -1.8054221e-06
   1.4015565e-01   1.8573627e-01  -9.9285795e-02  -8.2766636e-03  -1.4547419e-03   1.1187018e-05
   1.4622310e-01   2.4754869e-01  -7.2644354e-02  -9.6238838e-03  -1.6223926e-03  -6.5175225e-05
   1.4535979e-01   2.1701589e-01  -2.3344498e-02  -9.1053002e-03  -1.6160604e-03  -4.1293175e-05
   1.3569055e-01   1.5310388e-01  -9.9394491e-02  -9.1482285e-03  -1.5075093e-03  -3.6222340e-07
   1.3865149e-01   1.7256398e-01  -1.2167697e-01  -9.4972348e-03  -1.6039893e-03  -6.2585900e-06
   1.6276083e-01   3.4892650e-01   9.6914487e-02  -9.1077503e-03  -1.5692790e-03  -4.0053727e-04
   1.4807513e-01   1.4627452e-01  -2.8173164e-02  -8.6371875e-03  -1.6744697e-03  -7.5889469e-05
   1.5345106e-01   1.8155185e-01  -8.9481318e-02  -8.8404704e-03  -1.7732544e-03  -5.4850408e-05
   1.5423902e-01   1.9065328e-01  -1.2905199e-01  -8.8983754e-03  -1.8366866e-03  -8.7612092e-05
   1.5534024e-01   2.6407813e-01  -1.9122017e-02  -8.9932942e-03  -1.6603941e-03  -2.4134813e-05
   1.4752780e-01   1.6027848e-01  -9.0335577e-02  -8.5286237e-03  -1.7059023e-03  -4.7619605e-05
   1.5787183e-01   1.8759559e-01  -1.2665473e-01  -8.3525775e-03  -1.7934838e-03  -1.8303285e-04
   1.5753595e-01   1.6380502e-01  -1.4209493e-01  -8.2483254e-03  -1.8203796e-03  -2.3527587e-04
   1.5986917e-01   1.3867498e-01  -1.5600153e-01  -8.1017516e-03  -1.7089021e-03  -3.1742870e-04
   1.6599355e-01   2.4099632e-01  -3.3713949e-02  -8.8873077e-03  -1.5151522e-03  -1.4017975e-04
   1.5594392e-01   1.3391330e-01  -1.3520149e-01  -8.2205340e-03  -1.6566393e-03  -1.5659397e-04
   1.5523263e-01   1.5259880e-01  -1.5986721e-01  -8.3853940e-03  -1.6877367e-03  -2.3653758e-04
   1.6105156e-01   3.0142897e-01   1.6173509e-03  -9.5645803e-03  -1.4992752e-03   1.1693650e-04
   1.4028388e-01   1.1545016e-01  -1.4248875e-01  -7.5172870e-03  -1.3070671e-03   2.7837223e-04
   1.3514667e-01   1.3972166e-01  -1.9655913e-01  -6.7808110e-03  -9.8629465e-04   2.0814070e-04
   1.3871634e-01   2.4760478e-01  -1.1684799e-01  -8.0208619e-03  -8.9489500e-04   2.8293690e-04
   1.2721013e-01   1.3107650e-01  -1.5865683e-01  -6.4236310e-03  -9.2582896e-04   2.7272814e-04
   1.2578988e-01   1.3178749e-01  -1.9645957e-01  -6.5398742e-03  -8.8873989e-04   4.0306953e-04
   1.3262019e-01   1.4101110e-01  -2.0417431e-01  -6.7855444e-03  -9.5313301e-04   2.6313480e-04
   1.4920948e-01   2.0821514e-01  -6.0625035e-02  -6.7996125e-03  -1.1992017e-03   1.9160271e-04
   1.2937372e-01   8.8334275e-02  -1.9084008e-01  -6.4673392e-03  -9.0123021e-04   5.0817666e-04
   1.3976505e-01   2.3023558e-01  -1.4197687e-01  -7.2270178e-03  -7.6220711e-04   2.7541701e-04
   1.3185924e-01   1.3937959e-01  -1.1757789e-01  -6.7705414e-03  -6.2920261e-04   6.6355676e-04
   1.2369167e-01   8.7546479e-02  -1.9941527e-01  -6.2545381e-03  -4.7960162e-04   7.3106575e-04
   1.2495573e-01   1.2492478e-01  -2.2425541e-01  -6.2156917e-03  -4.1061014e-04   6.4968744e-04
   1.3207840e-01   1.5746500e-01  -1.2680928e-01  -6.7882080e-03  -4.9232588e-04   5.2524258e-04
   1.2177591e-01   8.5402066e-02  -2.2837110e-01  -5.9102310e-03  -4.2870951e-04   6.3784257e-04
   1.2568271e-01   1.2164220e-01  -2.4794839e-01  -5.9831656e-03  -4.0054490e-04   7.5300503e-04
   1.3963780e-01   1.9321188e-01  -1.0712131e-01  -6.3483704e-03  -2.1996358e-04   9.0059239e-04
   1.2316143e-01   6.9585088e-02  -2.1384527e-01  -6.0237613e-03  -1.9497952e-04   9.0548256e-04
   1.3358418e-01   1.3897964e-01  -2.1656712e-01  -6.5604799e-03  -1.2117072e-04   5.7817109e-04
   1.4205133e-01   1.9327458e-01  -8.1681535e-02  -6.2405267e-03  -1.9371334e-04   8.0679549e-04
   1.2645078e-01   4.9082536e-02  -2.0362044e-01  -6.2617696e-03  -4.7652762e-05   8.6458125e-04
   1.3714789e-01   2.1467537e-01  -1.3885682e-01  -6.7358100e-03  -3.4388080e-05   8.9638968e-04
   1.2466890e-01   1.0383591e-01  -1.9383006e-01  -5.3982561e-03  -5.8137750e-05   1.1077280e-03
   1.1557532e-01   7.5676854e-02  -2.5666735e-01  -4.5952882e-03   4.3889400e-05   1.0630423e-03
   1.2526403e-01   1.2930876e-01  -2.4920455e-01  -5.3415770e-03   9.7921522e-05   7.9153533e-04
   1.3187089e-01   1.2288813e-01  -1.6243727e-01  -5.7444842e-03   3.7768111e-05   1.0205352e-03
   1.2067824e-01   2.5478235e-02  -2.5507515e-01  -4.8218805e-03   2.1214730e-04   9.7251528e-04
   1.2265065e-01   7.6326776e-02  -2.5578586e-01  -5.0753520e-03   2.0249121e-04   9.1229749e-04
   1.2548259e-01   1.2996267e-01  -1.3649156e-01  -5.4751429e-03   3.3834219e-04   1.1994025e-03
   1.1667609e-01   1.6627071e-02  -2.3890983e-01  -4.7805288e-03   2.5079321e-04   1.0335219e-03
   1.1799112e-01   8.5740141e-02  -2.5104443e-01  -4.9152161e-03   4.0186689e-04   8.9217110e-04
   1.2708941e-01   2.7643966e-01   4.0211424e-02  -1.8073466e-03   2.0195243e-03   4.1975261e-04
   1.0168059e-01  -7.0273900e-03  -1.8210033e-01  -3.8594016e-04   1.9618956e-03   1.2306284e-03
   9.8496232e-02   1.0204522e-01  -2.3809168e-01  -2.5503464e-04   2.1878124e-03   1.1142703e-03
   1.0513396e-01   6.5421802e-02  -2.1928247e-01   2.1776053e-05   2.0748484e-03   1.2497644e-03
   1.0640791e-01  -7.9527568e-03  -2.7906370e-01   5.1862915e-04   2.1759850e-03   1.2651412e-03
   1.0457065e-01  -4.0582918e-03  -2.9497937e-01   9.0789538e-04   2.5013514e-03   1.3289777e-03
   1.1439893e-01   1.1286363e-01  -2.0872860e-01  -5.4576520e-04   2.4996902e-03   1.0906048e-03
   1.0523589e-01   1.5861941e-02  -1.5156312e-01   3.5453589e-04   2.4584780e-03   1.3933829e-03
   1.0482897e-01  -3.5957854e-02  -2.5885235e-01   3.8863293e-04   2.3035316e-03   1.3730829e-03
   1.0319790e-01  -1.6677588e-02  -2.9494051e-01   3.3573988e-04   2.3651945e-03   1.2881598e-03
   1.0911060e-01   1.2397891e-01  -1.7256400e-01  -8.1377689e-04   2.6997313e-03   1.2262556e-03
   1.0036814e-01   6.2197662e-03  -1.6282486e-01   8.0687074e-04   2.8220349e-03   1.5600512e-03
   9.7451235e-02  -3.0830605e-02  -2.8121773e-01   9.4687132e-04   2.8300350e-03   1.5670249e-03
   1.0752254e-01  -2.0385993e-03  -3.1560711e-01   1.1253560e-03   2.8317297e-03   1.4234672e-03
   1.2039541e-01   6.4015828e-02  -1.9226688e-01   6.9627749e-04   2.8887676e-03   1.4430405e-03
   1.0736696e-01  -5.9218625e-02  -3.0264259e-01   1.4358933e-03   2.8832837e-03   1.4907952e-03
   1.0444034e-01  -2.1355747e-02  -3.1393297e-01   1.4853648e-03   3.0269959e-03   1.4494326e-03
   1.1568998e-01   1.5535329e-01  -1.0171238e-01   3.8423597e-04   2.9644210e-03   1.3458672e-03
   1.0024136e-01  -6.3080357e-02  -2.1430779e-01   1.9587578e-03   2.9452193e-03   1.7336458e-03
   1.0324200e-01  -3.0293826e-02  -2.6246639e-01   1.5066144e-03   2.8439775e-03   1.5436087e-03
   1.0649397e-01  -2.9483438e-02  -2.7428055e-01   1.3161016e-03   3.0015058e-03   1.2690765e-03
   1.3811545e-01   2.5229422e-01   5.2125088e-02   1.1711723e-03   3.1238716e-03   8.9564749e-04
   1.3536120e-01  -1.9995775e-02  -9.3397627e-02   3.8350136e-03   3.2114111e-03   1.4495952e-03
   1.3117421e-01  -1.5986505e-02  -2.0214518e-01   3.8783245e-03   3.1857381e-03   1.3035222e-03
   1.3580962e-01   1.8865053e-04  -2.3469316e-01   4.1891274e-03   3.1200400e-03   1.2632080e-03
   1.2596687e-01   6.6335623e-02  -6.0317475e-02   4.2423470e-03   2.0230426e-03   1.1781356e-03
   7.1417823e-02  -4.3390081e-02  -3.3833167e-01  -1.0403223e-03   2.1658626e-03   3.2627977e-03
   9.4233690e-02   4.0992861e-02  -1.8596043e-01   9.0985328e-04   2.6482073e-03   2.5580204e-03
   8.2283523e-02  -1.0040783e-01  -2.3886897e-01   2.2417257e-03   2.5965757e-03   3.1780430e-03
   6.9558239e-02  -1.4053017e-01  -3.6569924e-01   3.1053615e-03   2.6046480e-03   3.1819963e-03
   8.1422327e-02  -1.8913382e-02  -2.4117455e-01   3.0236009e-03   2.9136321e-03   2.6779804e-03
   9.0113245e-02  -9.1538981e-02  -1.8520648e-01   6.0047318e-03   2.1400667e-03   2.2708089e-03
   9.1883625e-02  -1.0178435e-01  -1.4539511e-01   3.5003876e-03   1.8685182e-03   2.5053751e-03
   9.4385203e-02  -8.5520127e-02  -1.8099571e-01   6.9113039e-03   2.2478779e-03   2.1829411e-03
   1.1272187e-01   5.1239584e-02  -3.4892809e-02   6.3600279e-03   4.2059195e-03   3.2841485e-03
