   0.0000000e+00   0.0000000e+00   0.0000000e+00   6.9388939e-18   0.0000000e+00   0.0000000e+00
   2.0800891e-01   1.4672189e-01   3.7811211e-01   8.8178644e-04  -1.9904224e-03   1.3815654e-03
   9.1398476e-02   2.7205671e-02   1.2286589e-01  -1.0567091e-03  -2.4651608e-03  -9.7613279e-04
   4.6190070e-02   1.1334667e-01   4.1227246e-03   3.7623199e-04  -1.6691345e-03  -1.5486476e-03
   7.9016099e-02   1.2933728e-01  -2.6467742e-02  -2.5433307e-03  -1.4054921e-03  -1.3167336e-03
   1.0471896e-01   3.3131608e-02  -3.8748414e-01   5.3307716e-03  -2.5833495e-04   2.0564810e-04
   3.0968015e-02   8.5998626e-02  -2.6423334e-01   8.9610885e-03  -5.7410620e-04  -1.3472133e-03
  -2.5977388e-02   1.3845674e-01  -2.1474344e-01   9.1543926e-03  -1.5811938e-03  -1.9729475e-03
  -8.8287631e-03  -1.1392955e-02  -1.9454315e-01   4.8676510e-03  -5.6382781e-05  -1.8622077e-03
   5.2613063e-02   1.2338097e-01  -5.4853323e-02   3.1345529e-03  -2.3829207e-04  -1.2781862e-03
   9.0474401e-02  -1.5341024e-01  -7.4597972e-02   1.5995224e-02   1.8362130e-03   7.6766484e-04
   1.0806764e-01  -1.7201795e-01   2.2223319e-01   1.5202618e-02   2.1197180e-03   2.2829421e-03
   7.5566802e-02  -1.2114812e-01   9.8188319e-02   1.1936211e-02   3.2814900e-04   1.2910103e-03
   5.7531300e-02  -9.3804123e-02   9.7481416e-02   1.2047664e-02  -1.6247010e-04   1.2525050e-03
   7.0260864e-02  -9.6546718e-02   1.0129560e-01   1.6788706e-02  -1.7612517e-04   1.4054459e-03
   1.0405291e-01  -1.3507930e-01  -1.7649388e-01   6.2985961e-03  -1.1392134e-03   3.9279736e-03
   1.3607234e-01   1.3834537e-02  -1.5920894e-01   9.4005520e-03   1.1002246e-03   1.9363047e-03
   1.1164557e-01  -1.1647970e-01  -7.2823893e-02   8.9781193e-03   4.1506103e-04   1.9101426e-03
   6.2270200e-02  -6.4314455e-02  -9.4727577e-02   7.2808511e-03   1.0618024e-03   1.6425224e-03
   9.8745239e-02   6.6922797e-02  -2.4922405e-03   4.3143013e-03  -3.1969077e-04   2.2087291e-03
   1.0542784e-01  -4.1448281e-02  -3.5574834e-02   4.6553465e-03   2.1052167e-04   2.4650106e-03
   1.2838873e-01   4.5099722e-02  -1.0926384e-02   6.6532120e-03   2.4241949e-04   3.0593464e-03
   3.1997352e-01  -2.2894250e-01  -2.2429659e-01   1.5688034e-02   8.3468383e-04   5.3203072e-03
   1.0278455e+00  -3.3079560e-01  -1.8361409e+00   2.9710084e-02   1.1846798e-03   6.0066150e-03
   4.5568685e-01  -1.9931253e-01  -2.6234940e+00   2.7228142e-02   2.3573883e-03   1.8921337e-03
   2.2840609e-01   2.6317681e-01  -2.0047996e+00   2.1106958e-02   3.0387760e-04   7.5519713e-04
   1.7657039e-01   3.2550801e-02  -1.9170722e+00   2.0005620e-02  -3.4645064e-04  -5.1941856e-04
   1.0458241e-01  -2.0166248e-01  -1.6722182e+00   1.5460852e-02   1.4341989e-03  -3.2590986e-04
   6.5922387e-02  -9.4889726e-02  -1.5263460e+00   1.5462110e-02   3.2119323e-03  -2.9462793e-04
  -7.0263249e-02   3.1849961e-02  -1.0959051e+00   1.3037758e-02   3.9726786e-03  -2.1008660e-03
  -1.4133963e-01  -5.6595612e-02  -1.6263571e+00   1.0390681e-02   3.3559464e-03  -1.9258718e-03
  -1.9794971e-01  -1.9053947e-02  -2.4582871e+00   1.2711653e-02   4.6660807e-03  -1.8864369e-03
  -2.5994404e-01  -1.2175622e-01  -2.2272144e+00   6.7347009e-03   5.1395855e-03  -2.2179670e-03
  -2.0536162e-01   9.9222834e-02  -1.6877786e+00   8.3327168e-04   4.2870424e-03  -1.1738930e-03
  -2.9170396e-01   3.9548240e-01  -1.0588508e+00  -5.4201532e-03   3.5985388e-03  -1.6320669e-03
  -2.7616184e-01   2.8541469e-01  -8.3354252e-01  -4.3294902e-03   3.0593347e-03  -2.1652642e-03
  -2.1616540e-01   1.7194366e-01  -8.4080370e-01   6.2889114e-03   2.8261946e-03  -1.2344930e-03
  -2.0223715e-01   3.3504591e-01  -1.1320294e+00   1.2738494e-02   9.1768825e-04  -1.6280700e-03
  -3.1562593e-01  -7.7668441e-02  -1.0341059e+00   1.9128592e-02   1.3094699e-03  -5.0825247e-03
  -4.0742666e-01  -1.9406070e-01  -1.0359668e+00   1.6487788e-02   4.7645164e-03  -5.3891345e-03
  -4.1966381e-01  -1.6079710e-01  -7.0461746e-01   1.1819644e-02   3.4918927e-03  -4.4129706e-03
  -4.0178887e-01   8.7656120e-02  -5.3764152e-01   7.8503499e-03   9.6895983e-04  -4.4364400e-03
  -3.9862387e-01   2.2605961e-01  -2.8651392e-01   2.3153837e-03   7.9603071e-04  -5.0730628e-03
  -4.0576809e-01   1.3153111e-01  -5.4645005e-01   4.0814201e-03   1.3576489e-03  -4.6770814e-03
  -4.3322355e-01   1.1849931e-01  -5.3253142e-01   3.2479774e-03   1.7917949e-03  -4.0754157e-03
  -4.0138389e-01   1.6055456e-01  -5.1169150e-01   3.1084984e-03   1.1036544e-03  -3.9204037e-03
  -3.9932477e-01   1.3406150e-01  -4.8701885e-01   3.0367930e-03   7.2157187e-04  -3.7950574e-03
  -3.9993190e-01   1.7760612e-01  -4.9072358e-01   3.0166803e-03   4.9034212e-04  -3.6881080e-03
  -4.0755975e-01   2.0415981e-01  -4.7244435e-01   2.7743520e-03  -2.3797326e-04  -4.2590805e-03
  -4.0697214e-01   1.9055554e-01  -4.1528470e-01   1.5552874e-03  -1.2333890e-03  -4.5869776e-03
  -3.6436898e-01   1.7798550e-01  -3.1102424e-01   7.3629999e-03  -2.1661642e-04  -3.6436817e-03
  -3.6618011e-02   2.6603779e-02   7.7513570e-01   1.6009455e-02   7.3832963e-03  -2.7778188e-03
  -1.3210806e-01  -1.4286912e-01   8.5122244e-01   9.3437653e-03   4.7677859e-03  -2.9265759e-03
  -1.6226763e-01   1.8063873e-01   5.6281816e-01   1.0156161e-02   1.1563599e-03  -4.0138823e-03
  -3.1399245e-01   1.4516757e-01   2.5645142e-01   7.2854957e-03   1.0286455e-03  -5.3094157e-03
  -4.9722769e-01  -1.2754370e-01  -4.3750786e-01   1.2771711e-02  -1.0615816e-03  -8.8324045e-03
  -4.7227461e-01  -2.3520825e-01  -4.2925037e-01   2.2223881e-02  -1.1863246e-03  -6.3392776e-03
  -4.0387486e-01  -2.6679602e-01  -3.6664121e-01   2.2408795e-02  -3.5474447e-03  -5.3147808e-03
  -3.8923118e-01   2.6954961e-02   1.0651216e-01   1.6975507e-02  -5.0420564e-03  -5.9323937e-03
  -3.9191133e-01   2.5128489e-02  -1.8391476e-01   1.2992376e-02  -3.4732005e-03  -6.4562982e-03
  -3.6317126e-01   1.3438520e-01  -2.4924133e-01   7.0509967e-03  -4.0548139e-03  -6.3856797e-03
  -3.3673068e-01   1.0822295e-01  -2.1432349e-01   6.2675616e-03  -4.1639471e-03  -6.0954956e-03
  -3.3240709e-01   1.9249224e-01  -1.1139168e-01   4.3014307e-03  -4.6507441e-03  -5.8509299e-03
  -2.9848480e-01   1.4246758e-01  -1.4479512e-01   7.1631736e-03  -4.1844547e-03  -5.6868392e-03
  -2.5672988e-01   1.8341057e-01  -1.5224864e-01   8.8066109e-03  -3.4482297e-03  -4.6328997e-03
  -2.5683188e-01   1.4381689e-01  -1.1427523e-01   8.6668340e-03  -2.7435000e-03  -4.4233749e-03
  -2.5811012e-01   8.1501516e-02  -6.5471370e-02   1.0590488e-02  -3.1715656e-03  -4.0708074e-03
  -3.0227600e-01   2.5342941e-01  -4.2141178e-01   4.5008314e-03  -4.0587364e-03  -4.4554867e-03
  -2.7568996e-01   2.4392269e-01   1.0085285e-01  -4.4080422e-03  -4.9520177e-03  -5.0009249e-03
  -2.4522789e-01   3.8629123e-01   1.5004783e-01  -2.8112391e-03  -4.6955780e-03  -4.9248955e-03
  -2.5173418e-01   3.1500130e-01   7.8534527e-02   3.5371559e-04  -4.2694285e-03  -4.8802942e-03
  -2.4424291e-01   3.0649729e-01   8.1329534e-02   1.8989777e-03  -3.9787789e-03  -4.1501533e-03
  -1.0705584e-01   3.4460227e-01   1.0695758e-01   4.0660913e-03   1.7113785e-03  -2.9196101e-03
  -1.1517374e-01   1.1986573e-01  -6.8187149e-01   8.2336893e-03   2.4257596e-03  -9.3840397e-04
  -7.1163472e-02  -1.5809242e-01  -2.1016268e+00   2.4159190e-02   1.9270820e-03  -2.3270652e-06
   2.0394341e-02  -1.1558493e-01   1.0403738e-01   1.8311724e-02  -2.9984563e-03   3.4648937e-05
  -2.1299672e-01  -1.4379340e-01  -6.1229856e-01   1.5154711e-02  -1.6920918e-03   2.4773932e-03
  -3.0707728e-01  -2.1013975e-01  -6.1882859e-01   1.9447691e-02  -2.1641075e-03   3.8180263e-05
  -2.0535086e-01  -6.3496076e-02  -8.8097480e-01   2.8438375e-02  -2.0101622e-03  -2.2278533e-03
  -2.4016949e-01  -2.2514481e-01  -5.6087965e-01   3.2088631e-02   1.7957798e-03  -3.2564288e-03
  -3.5828111e-01  -1.7585615e-01  -1.5767186e-01   2.4318533e-02   2.0937592e-03  -4.4320423e-03
  -3.7054247e-01   1.0815001e-02  -2.9830659e-01   1.5772946e-02   9.5719365e-04  -3.7380607e-03
  -3.5885779e-01  -3.3245882e-02  -3.8645750e-01   1.4080115e-02   1.4335529e-03  -3.9008268e-03
  -3.2509111e-01   5.1240116e-02  -4.1873206e-01   1.4337704e-02   1.7014859e-03  -3.5645692e-03
  -3.2556376e-01  -1.3309144e-01  -4.5480496e-01   1.9629104e-02   1.7350884e-03  -5.0021370e-03
  -3.0472259e-01  -8.9863835e-02  -2.9794270e-01   1.5450475e-02   4.5283311e-04  -3.7666685e-03
  -2.7788649e-01   1.3486341e-02  -3.1687058e-01   1.5770641e-02   1.0220191e-03  -3.0609983e-03
  -2.6310216e-01   1.2138343e-01  -2.9593519e-01   1.9698752e-02   3.6694114e-04  -4.0833252e-03
  -2.7069892e-01  -9.0892731e-02  -2.5970572e-01   1.8262827e-02   1.1651794e-03  -3.6976345e-03
  -2.9322286e-01  -7.1237298e-03  -4.0591102e-01   1.6046989e-02  -3.0219329e-04  -3.7332582e-03
  -3.5701550e-01   1.7587194e-01  -9.2396534e-01   1.6182859e-02  -3.2986311e-03  -5.2889781e-03
  -4.6852499e-01  -2.4691178e-01  -9.4500328e-01   1.8374245e-02  -2.0845646e-03  -9.9893150e-03
  -4.6742096e-01  -4.5473598e-01  -1.0769015e+00   2.8312633e-02   1.8827620e-03  -9.1969906e-03
  -4.8782564e-01  -4.0954751e-01  -1.2064522e+00   2.7140352e-02   6.0169771e-03  -6.1814665e-03
  -4.7907478e-01  -2.1263750e-01  -1.3324039e+00   2.7941896e-02   5.5628933e-03  -5.6081029e-03
  -4.5218812e-01  -1.9608230e-01  -7.2620835e-01   1.8497342e-02   4.0761963e-03  -5.6423292e-03
  -4.1172128e-01  -9.4370276e-02  -6.6641137e-01   1.7056157e-02   5.7484979e-03  -5.6886521e-03
  -4.1887848e-01   1.5421959e-01  -2.1922440e-01   1.6724376e-02   4.4284390e-03  -5.2611285e-03
  -4.1645974e-01  -3.7220616e-02  -4.8297490e-01   1.5375712e-02   4.9262433e-03  -5.7301871e-03
  -4.0520172e-01  -1.4977856e-02  -4.8174527e-01   1.2729669e-02   4.8447935e-03  -5.8058159e-03
  -3.6092632e-01   1.3895651e-01  -4.2014286e-01   1.1716400e-02   4.4654437e-03  -5.7041138e-03
  -3.4772611e-01   1.3661895e-01  -3.5402124e-01   1.2717450e-02   4.2494787e-03  -5.3916561e-03
  -3.7799232e-01   3.9769295e-02  -4.3032570e-01   1.1685838e-02   4.1995490e-03  -5.6537621e-03
  -2.9951919e-01   2.5714493e-01  -3.3864973e-01   1.3109361e-02   3.7322014e-03  -5.6805995e-03
  -3.3738279e-01   9.4217608e-03  -8.2604548e-01   1.3814760e-02   5.1246173e-03  -5.9646059e-03
  -3.0801923e-01   2.7629824e-01  -2.3825749e-01   4.9289228e-03   2.3484045e-03  -5.1324104e-03
  -3.2729903e-01   3.4331298e-01  -2.6249441e-01   5.9431536e-03   2.9302268e-03  -5.2738338e-03
  -3.7117546e-01   2.2868358e-01  -3.8498035e-01   6.7920076e-03   2.6784456e-03  -5.6162797e-03
  -4.1664716e-01   2.0727415e-01  -4.7724170e-01   8.9150859e-03   2.2482978e-03  -6.5125678e-03
  -4.4265678e-01   3.3410922e-01  -5.5103236e-01   8.6885992e-03   2.1440427e-03  -6.4885458e-03
  -6.8526929e-01  -1.9185220e-01  -1.1354511e+00   1.6986857e-02   4.2200516e-03  -9.1285526e-03
  -7.5485979e-01  -6.7632278e-01  -1.3059012e+00   3.7035758e-02   7.7254594e-03  -1.0159117e-02
  -5.8939813e-01  -5.3611314e-01  -1.5593551e+00   3.4126223e-02   8.6410999e-03  -3.9935372e-03
  -5.4254264e-01  -5.2942563e-02  -5.9542134e-01   2.6051665e-02   5.3622228e-03  -4.7008142e-03
  -5.1468090e-01  -2.3675933e-02  -6.2680991e-01   1.7586189e-02   4.7325474e-03  -4.0510824e-03
  -5.1091714e-01  -9.6014568e-02  -5.8648031e-01   1.4862892e-02   4.5680620e-03  -4.2711980e-03
  -5.3253639e-01   6.7214569e-02  -5.2245854e-01   1.2446340e-02   5.0648013e-03  -5.3968969e-03
  -5.5429756e-01   4.1782000e-02  -4.7282475e-01   1.0533195e-02   5.9426949e-03  -6.0556743e-03
  -5.3334439e-01  -4.7495374e-02  -5.1457013e-01   1.2828190e-02   5.8389540e-03  -5.4079989e-03
  -4.9172950e-01   1.2134929e-01  -4.8725225e-01   1.1836647e-02   5.8258410e-03  -5.6188753e-03
  -5.0252932e-01   8.8233768e-02  -4.8264958e-01   1.1179992e-02   6.0306244e-03  -5.6330771e-03
  -4.9515387e-01   9.0105396e-02  -4.4976301e-01   1.1658702e-02   5.3673294e-03  -5.3665259e-03
  -4.9109335e-01   1.1335329e-01  -4.5242259e-01   1.1630525e-02   5.0028805e-03  -5.3624778e-03
  -4.8576909e-01   9.2660613e-02  -4.8629904e-01   1.2415216e-02   4.4125163e-03  -5.5068495e-03
  -4.8339932e-01   9.9087060e-02  -4.7900543e-01   1.2689011e-02   4.6664876e-03  -5.4999475e-03
  -4.6946479e-01   1.5711524e-01  -4.6487877e-01   1.2127090e-02   4.6886512e-03  -5.3130404e-03
  -4.4603847e-01   1.7567412e-01  -3.8109446e-01   1.5521266e-02   4.8319875e-03  -4.8871808e-03
  -4.5564689e-01   2.1660075e-01  -1.7902634e-01   1.7443933e-02   3.9636588e-03  -5.5207212e-03
  -4.4130048e-01   1.0241303e-01  -2.1202742e-01   1.8762315e-02   3.1145549e-03  -5.4383849e-03
  -4.1034478e-01  -9.5351575e-02  -1.8963740e-01   1.7987959e-02   2.5102894e-03  -5.1564064e-03
  -4.4388756e-01   7.0784223e-02  -2.1396848e-01   1.7777779e-02   2.5164664e-03  -5.6691217e-03
  -4.6167189e-01  -1.0450389e-02  -1.9276557e-01   1.7912852e-02   2.9346626e-03  -5.8181310e-03
  -4.7429940e-01  -9.3521685e-03  -1.7847511e-01   1.7913531e-02   2.9765965e-03  -5.9591670e-03
  -4.6691595e-01   5.9810100e-02  -1.7204583e-01   1.7198297e-02   2.9605542e-03  -5.8691645e-03
  -4.6356227e-01  -1.7504348e-02  -1.5631116e-01   1.7341875e-02   2.5953911e-03  -5.7324785e-03
  -4.6323401e-01   3.7230042e-02  -1.6323993e-01   1.5885246e-02   3.2011336e-03  -5.7149894e-03
  -4.2191656e-01  -2.8710844e-01  -4.4703827e-01   2.6080852e-02   6.0510625e-04  -4.7707747e-03
  -4.2080204e-01  -5.8872630e-02  -2.0558522e-01   2.2644771e-02   8.0816403e-04  -4.4234214e-03
  -4.2419429e-01  -4.2950984e-02  -1.6378801e-01   1.8260910e-02   1.7524082e-03  -4.9061771e-03
  -4.2949984e-01   4.8036248e-02  -1.2641992e-01   1.5980093e-02   1.7585109e-03  -5.2515177e-03
  -4.2411205e-01   8.5446515e-03  -1.1432375e-01   1.6413222e-02   1.8586281e-03  -5.3329773e-03
  -3.8619386e-01   2.3403890e-02  -1.0221808e-01   2.0132604e-02   2.0445566e-03  -4.5030054e-03
  -2.1874279e-01  -2.5029309e-01  -4.2976343e-01   2.9850980e-02   3.3911290e-03  -7.0970483e-04
  -2.7177676e-01   4.9579484e-03  -3.6028904e-01   2.3402310e-02   6.5527794e-04  -3.1193597e-03
  -3.5550597e-01  -7.4279922e-02  -3.8524242e-01   2.4791404e-02   2.6738219e-04  -4.2866966e-03
  -4.3948444e-01  -2.8678264e-01  -5.7131531e-01   2.7688262e-02   4.1166999e-04  -5.4738615e-03
  -4.7696521e-01  -3.6409589e-01  -9.8093837e-01   3.7252491e-02   3.9573428e-03  -5.9280135e-03
  -4.3932011e-01  -1.3150401e-01  -7.7903946e-01   3.6920375e-02   3.4484630e-03  -5.5200864e-03
  -4.7311786e-01  -1.1206265e-01  -1.4908264e-01   2.2965062e-02   2.3020723e-03  -5.7797998e-03
  -5.2328690e-01  -1.9098874e-01  -9.1127084e-01   2.0956492e-02   3.3297706e-03  -5.8548812e-03
  -4.5258207e-01  -1.1921619e-01  -1.3159325e+00   2.3910001e-02   3.8658267e-03  -6.6229700e-03
  -4.3109688e-01  -2.3516772e-01  -1.2439261e+00   2.4981269e-02   3.8707118e-03  -6.5116361e-03
  -3.7886230e-01  -7.5010432e-02  -1.2024870e+00   2.5357968e-02   3.4254044e-03  -6.1243112e-03
  -3.4977801e-01  -1.2399968e-01  -1.3339914e+00   3.0229860e-02   3.6119361e-03  -4.5384220e-03
  -3.8080705e-01  -2.7018152e-01  -1.3076722e+00   2.9614823e-02   3.6850478e-03  -5.0486169e-03
  -3.6303413e-01  -1.8201628e-01  -1.2673291e+00   2.8563325e-02   3.4380583e-03  -5.0847693e-03
  -3.6993090e-01  -9.4078885e-02  -1.3291035e+00   2.7861767e-02   3.5036097e-03  -4.9113434e-03
  -3.7028807e-01  -1.5383359e-01  -1.3388128e+00   2.9453562e-02   4.0804398e-03  -4.7684293e-03
  -3.6515719e-01  -5.5522475e-02  -1.2891426e+00   2.6916327e-02   3.2859856e-03  -4.7146717e-03
  -3.7368484e-01  -1.0127472e-01  -1.2508708e+00   2.7823706e-02   3.2514056e-03  -4.5551345e-03
  -3.2418221e-01   5.6643278e-02  -1.1003700e+00   2.7523637e-02   2.8713955e-03  -4.4640940e-03
  -3.1787949e-01  -3.8623708e-01  -2.6613314e+00   3.3503638e-02   2.8497566e-03  -2.6224436e-03
  -3.9339332e-01  -4.6595610e-01  -2.7946195e+00   3.8716460e-02   5.7855892e-03  -3.8204623e-03
  -4.4992001e-01  -3.6662616e-01  -2.2534923e+00   3.7252838e-02   6.2268091e-03  -5.4579129e-03
  -4.6438987e-01  -4.2530362e-01  -2.0698154e+00   3.4575530e-02   6.0134628e-03  -5.5133490e-03
  -4.6361947e-01  -4.0015527e-01  -2.0224920e+00   3.5863854e-02   6.0815152e-03  -5.3535137e-03
  -4.5634910e-01  -2.4813268e-01  -1.9198701e+00   3.5822864e-02   6.3684983e-03  -4.7798581e-03
  -4.1757854e-01  -2.0544860e-01  -1.1885699e+00   3.5276750e-02   4.2317818e-03  -5.1235358e-03
  -3.3422446e-01  -2.2372279e-01  -1.0676994e+00   3.2020865e-02   1.7428255e-03  -3.9666883e-03
  -3.4935655e-01  -2.2984326e-01  -1.3763282e+00   3.1369483e-02   1.0046717e-03  -4.3832148e-03
  -2.9939809e-01  -1.6645065e-01  -1.3100282e+00   3.1320113e-02  -3.0802766e-03  -5.1370223e-03
  -4.3051317e-01  -4.4146578e-01  -1.4666280e+00   3.3035488e-02  -3.0468442e-03  -8.1477952e-03
  -5.0448278e-01  -4.9467431e-01  -1.3995670e+00   3.7177633e-02   6.7247964e-04  -7.3337863e-03
  -5.4112870e-01  -4.0814542e-01  -1.4084252e+00   3.6461621e-02   2.3322958e-03  -7.2801848e-03
  -5.2386229e-01  -2.8294423e-01  -1.3370315e+00   3.5057139e-02   1.9338508e-03  -6.6014243e-03
  -5.1899136e-01  -3.9933949e-01  -1.3326593e+00   3.4141270e-02   2.0401169e-03  -6.2460061e-03
  -5.0327579e-01  -1.5404546e-01  -1.1645812e+00   3.3123349e-02   1.7365618e-03  -6.0602370e-03
  -4.8678574e-01  -3.6174478e-01  -1.2507403e+00   3.6928652e-02   1.6410435e-03  -6.1872902e-03
  -5.2105664e-01  -5.1465733e-01  -1.2227965e+00   3.1241952e-02   1.7548207e-03  -5.6032062e-03
  -4.7406527e-01  -2.2892193e-01  -1.2423355e+00   3.1051498e-02   2.3490303e-03  -5.5263378e-03
  -4.3933466e-01  -2.8104672e-01  -1.2735596e+00   3.3294990e-02   3.0795707e-03  -5.4967177e-03
  -4.6035639e-01  -4.0464779e-01  -1.2732757e+00   3.2867396e-02   3.1154184e-03  -5.7860636e-03
  -4.5287405e-01  -2.7466121e-01  -1.2722355e+00   3.2078028e-02   3.1563002e-03  -5.8064768e-03
  -4.6323332e-01  -2.6873094e-01  -1.2511550e+00   3.1566688e-02   2.9789407e-03  -5.8277652e-03
  -4.6371980e-01  -2.1592498e-01  -1.1029981e+00   3.1111550e-02   2.6903061e-03  -5.5616696e-03
  -4.5418412e-01  -3.0495534e-01  -1.2207193e+00   3.1788701e-02   2.8552129e-03  -5.5881191e-03
  -4.4624771e-01  -1.4805573e-01  -1.0401712e+00   3.0590177e-02   2.9151317e-03  -5.5855714e-03
  -4.7451314e-01  -2.3404536e-01  -1.1527841e+00   2.9479403e-02   2.9120484e-03  -6.0009314e-03
