   0.0000000e+00   0.0000000e+00  -7.1054274e-15   6.9388939e-18   0.0000000e+00   0.0000000e+00
   3.6081528e-02   1.0178320e-01   1.8368468e-01  -4.7070956e-03  -9.0111340e-04   8.7819914e-04
  -1.3312814e-02  -2.3900056e-02   1.2173397e-01  -1.1459615e-03  -1.2411149e-03   3.3871909e-05
  -2.6767122e-02   3.2725457e-02   7.4693532e-02  -7.8366951e-04  -9.8974621e-04   1.1090044e-04
  -2.5474004e-02   1.1307290e-02   7.0557936e-02  -5.4987139e-05  -9.6275928e-04  -1.9727458e-04
  -1.3281816e-02   7.4515151e-02   1.4683470e-01   1.0818208e-03  -1.6138629e-03   6.9251106e-05
  -3.8408820e-02  -5.8126414e-02   5.4033440e-02   2.9839938e-03  -8.9043139e-04  -3.0457820e-04
  -4.8460359e-02   4.9801552e-02   1.3321549e-01   1.9712028e-05  -1.1343898e-03  -1.6117168e-04
  -2.1140633e-02   2.3063535e-02   9.9678832e-02  -4.4263178e-04  -1.3498576e-03  -6.5826188e-05
   8.6470658e-02   1.8280906e-01   2.3793786e-01  -8.2145946e-05  -4.0036729e-03   7.0435614e-04
   3.5537145e-02  -4.6375347e-02  -2.8498346e-01  -7.3458190e-04  -4.0870829e-03  -6.0910445e-05
   9.9144161e-03  -5.2315435e-02  -3.6690855e-01   2.1468399e-03  -3.6729289e-03  -9.1329314e-05
   4.8321545e-02   1.1741416e-01  -2.3117331e-01   8.2589637e-04  -4.5764368e-03   2.5198488e-04
   1.9545198e-01  -3.8612356e-02  -4.5019450e-01   1.8249081e-03  -5.6493768e-03   3.5292622e-03
   1.6450287e-03   1.7708116e-01  -4.3737437e-02  -1.0012455e-03  -4.1673120e-03  -1.1693430e-03
  -1.0968418e-02  -9.3724683e-02  -3.7285186e-01   2.9252892e-03  -3.9964253e-03  -2.5521105e-04
  -2.6863560e-02  -5.9694570e-03  -2.5910625e-01  -1.9710649e-04  -3.8335682e-03   8.4061969e-07
  -5.0864649e-02  -5.6734958e-02  -7.5881300e-01   2.4765514e-03  -3.2199359e-03  -2.7461876e-04
   7.2441571e-02   1.3760202e-01  -1.2502511e-01  -1.9814490e-03  -5.3471498e-03  -8.7017142e-04
   4.9392105e-02   4.8642693e-02  -2.3008013e-01  -4.1944557e-03  -4.0951097e-03  -1.4343092e-03
   5.6353505e-02   2.0124115e-01  -1.6782066e-02  -6.0440710e-03  -4.7667643e-03  -5.9571306e-04
   2.2614494e-02   1.2030487e-01  -2.9972955e-02  -5.0816559e-03  -4.6074038e-03  -7.2768819e-04
   1.3864611e-02   2.0951050e-01   2.1725059e-02  -5.0076538e-03  -5.1697648e-03  -5.8600170e-04
   3.0945635e-03   1.5686080e-01   9.6323340e-02  -5.1526013e-03  -5.3336371e-03  -5.7713831e-04
   9.9996473e-03   1.1726643e-01   1.0887517e-01  -4.0522781e-03  -5.3357748e-03  -5.1395238e-04
   1.6617757e-02   1.7589084e-01   1.0109278e-01  -4.8487501e-03  -5.6375136e-03  -5.4283086e-04
   3.5392162e-02   1.9784022e-01   1.7562107e-01  -4.4281833e-03  -6.1662650e-03  -5.4718283e-04
   1.6943455e-03   1.3815306e-01   1.2440823e-01  -4.6536935e-03  -5.9638498e-03  -5.9520995e-04
   1.8821959e-02   2.1007845e-01   2.0362627e-01  -4.5872586e-03  -6.2003866e-03  -3.1642220e-04
   1.1463661e-02   9.9307478e-02   1.7933791e-01  -4.5744053e-03  -6.3156681e-03  -5.1232004e-04
   4.9160487e-02   1.8304636e-01   1.8341122e-01  -5.1688070e-03  -6.7256161e-03  -5.2300057e-04
   4.5654355e-02   1.4804700e-01   2.0421715e-01  -4.8719810e-03  -6.5183849e-03  -4.2267646e-04
   4.4792142e-02   1.6610447e-01   1.4459630e-01  -4.4868860e-03  -6.6396280e-03  -4.1200425e-04
   4.0288168e-02   1.8289008e-01   1.8677277e-01  -4.9836035e-03  -6.5168624e-03  -4.8100268e-04
   3.4855898e-02   1.6281001e-01   2.1879120e-01  -5.2786602e-03  -6.7529403e-03  -3.6109089e-04
   3.8048108e-02   1.7305808e-01   2.1250590e-01  -4.5465127e-03  -6.6131917e-03  -3.3758483e-04
   6.8223085e-02   1.5721082e-01   7.9134813e-02  -3.7296525e-03  -6.5300165e-03  -9.2311055e-04
   3.1516360e-02  -1.5364706e-01  -4.5902243e-01  -8.6825294e-04  -5.2104276e-03  -1.0337903e-03
   3.5788654e-02   8.1551048e-02  -1.8985240e-01  -2.7582332e-03  -4.2001458e-03  -6.4933561e-04
   6.8635983e-02   1.5813086e-01  -1.4026490e-02  -4.7760899e-03  -4.8092301e-03  -5.0896493e-04
   7.7028699e-02   1.0526543e-01   1.0055987e-01  -4.8387154e-03  -5.0338479e-03  -4.2583429e-04
   7.0986018e-02   1.1136027e-01   9.7111847e-02  -4.5575571e-03  -5.1524298e-03  -5.1113771e-04
   6.3599355e-02   1.4171838e-01   1.3293024e-01  -4.5691044e-03  -5.0742992e-03  -3.6951920e-04
   4.9596660e-02   9.1948802e-02   1.3271566e-01  -3.4225097e-03  -5.1169843e-03  -3.6389636e-04
   5.3845336e-02   1.4103923e-01   1.7868693e-01  -4.9565317e-03  -5.1143895e-03  -3.6994768e-04
   6.5575765e-02   1.3421472e-01   2.0668961e-01  -4.8076703e-03  -5.2514524e-03  -3.2149318e-04
   6.4528923e-02   1.1578576e-01   2.1705807e-01  -4.7604430e-03  -5.2245150e-03  -3.3324771e-04
   5.3969533e-02   1.2129996e-01   1.8270752e-01  -4.7233337e-03  -4.9996152e-03  -3.3220627e-04
   6.0802504e-02   1.2707199e-01   1.4147958e-01  -3.6275252e-03  -4.8755040e-03  -4.0788102e-04
   6.2460186e-02   1.9186115e-01   2.1499514e-01  -5.3777177e-03  -4.7992444e-03  -2.3499900e-04
   6.2049361e-02   1.5017446e-01   2.4688829e-01  -4.9646448e-03  -4.7362116e-03  -3.5939615e-04
   5.8490395e-02   1.0149124e-01   2.0157853e-01  -4.4952696e-03  -4.5884656e-03  -4.2371825e-04
   5.9974297e-02   1.7226050e-01   1.8651358e-01  -5.0802453e-03  -4.3440549e-03  -4.1827078e-04
   6.4280775e-02   1.5398924e-01   2.2026491e-01  -4.4140465e-03  -4.3572321e-03  -3.4184612e-04
   6.2637053e-02   1.2120436e-01   2.4062420e-01  -4.4943178e-03  -4.5583142e-03  -4.9078727e-04
   6.3750772e-02   1.5513786e-01   1.9671174e-01  -3.8235343e-03  -4.2110499e-03  -3.6152900e-04
   4.4710786e-02   1.3968731e-01   2.8325913e-01  -4.4335070e-03  -3.6634847e-03  -3.5746053e-04
   1.4282285e-01   2.2640121e-01   4.6969515e-01  -6.2622445e-04  -4.6527817e-03   9.4643824e-04
   8.2390923e-02   1.0500051e-01   3.6219111e-01  -6.2412741e-03  -4.1158405e-03   3.3172854e-04
   4.2132359e-02   1.1635726e-01   4.8217396e-01  -8.0577076e-03  -3.5920428e-03  -3.3577635e-04
   5.6633168e-02   2.0841733e-01   4.7393056e-01  -5.8690565e-03  -3.1971288e-03   3.1952654e-04
   1.5234759e-02   6.4448290e-02   4.7363574e-01  -5.5317737e-03  -3.1644060e-03   1.4213342e-04
   1.6695141e-02   1.3467606e-01   5.1683755e-01  -6.8523471e-03  -3.6275439e-03  -7.0623923e-05
   4.4542134e-02   1.9863062e-01   5.2331086e-01  -6.0272049e-03  -3.5174145e-03   7.9953221e-05
   2.9900955e-02   1.0992483e-01   4.9101655e-01  -6.0724039e-03  -2.9752403e-03   7.5728693e-05
   2.0978312e-02   1.4209085e-01   4.6107104e-01  -5.2055075e-03  -2.5594397e-03   7.8879805e-06
   2.3857166e-02   1.3001345e-01   4.7988820e-01  -4.1536943e-03  -2.5987214e-03   2.2552069e-04
   1.5646548e-02   1.2309181e-01   5.1115854e-01  -4.7759693e-03  -2.3252314e-03   9.1721788e-05
   1.0837642e-01   1.0392984e-01   3.4919214e-01  -7.9416733e-03  -3.8112977e-03   6.9752018e-04
   5.2372865e-02   2.0118551e-01   3.9678627e-01  -1.0192476e-02  -4.1844708e-03   5.6204343e-05
   4.8144501e-02   2.3325538e-01   3.7459285e-01  -8.5668696e-03  -3.4727808e-03   2.8307585e-04
   3.9852129e-02   2.3148539e-01   3.6525936e-01  -8.4621994e-03  -3.6158727e-03   4.8754245e-04
   3.6614223e-02   2.0835069e-01  -5.1024198e-01  -6.8820597e-03  -3.8075945e-03  -4.6590811e-04
  -1.2718436e-02   1.8831770e-01  -1.1959902e+00  -2.8015439e-03  -1.8259569e-03  -1.0861393e-03
  -3.2547752e-02   1.8178254e-01  -1.0229954e+00  -1.3034459e-03   3.6860569e-04  -8.0824954e-04
  -6.8150035e-02   1.9326980e-01  -1.0466269e+00  -8.5205721e-04   7.0490557e-04  -7.5495747e-04
  -4.4813427e-02   3.0556838e-01  -9.6595717e-01  -1.0161207e-03  -2.6670878e-04  -4.0679842e-04
  -4.4711314e-02   1.4163812e-01  -8.8487259e-01  -3.4980412e-03  -9.0559593e-05  -3.7052588e-04
  -4.1576574e-02   2.4417621e-01  -7.4802299e-01  -4.4341384e-03  -3.9232082e-05  -5.9170258e-04
  -6.5085546e-02   2.2039002e-01  -7.6031495e-01  -3.0234503e-03   4.7131238e-04  -8.1654390e-04
  -8.4014717e-02   2.1321139e-01  -5.9315886e-01  -3.6499302e-03   1.0872706e-03  -8.4512722e-04
  -7.5663441e-02   2.9039254e-01  -3.5918224e-01  -8.9509706e-03  -7.7129331e-04  -1.1853215e-03
  -1.2027252e-01   4.1717358e-01  -2.7297436e-01  -1.3082081e-02  -1.1878832e-03  -2.0062920e-03
  -1.3468697e-01   3.6059784e-01  -1.1926766e-01  -1.3908223e-02  -6.5159379e-04  -1.9037999e-03
  -1.2641766e-01   4.0950291e-01   4.9199916e-02  -1.5552754e-02  -1.1139373e-03  -1.6291199e-03
  -1.3646189e-01   4.0478378e-01   1.2104904e-01  -1.4866096e-02  -9.7874227e-04  -1.7662150e-03
  -1.3615239e-01   3.6919420e-01   1.3727321e-01  -1.5217000e-02  -5.8471241e-04  -1.8558368e-03
  -1.3573849e-01   4.0857551e-01   1.8425270e-01  -1.5489708e-02  -2.4524496e-04  -1.6503419e-03
  -1.2002092e-01   4.8232971e-01   2.7338031e-01  -1.6297286e-02  -3.9628274e-04  -1.6340003e-03
  -1.2624333e-01   3.9733732e-01   2.4147777e-01  -1.4581533e-02   2.8009912e-05  -1.5970786e-03
  -1.1700543e-01   4.9073805e-01   3.0434940e-01  -1.4913859e-02   1.8866235e-04  -1.4621144e-03
  -1.1494511e-01   3.4728645e-01   3.7670435e-01  -1.5099893e-02  -5.6749775e-04  -1.5421785e-03
  -1.1679301e-01   3.7982304e-01   3.3816678e-01  -1.4323800e-02  -7.2475767e-05  -1.4171232e-03
  -1.1298566e-01   3.9481005e-01   3.9033234e-01  -1.4495309e-02  -1.4705809e-04  -1.4999167e-03
  -1.2407214e-01   2.6414308e-01   3.3543800e-01  -1.3370643e-02  -2.0937916e-04  -1.5782992e-03
  -1.2724753e-01   3.5730153e-01   3.2886508e-01  -1.2713318e-02   2.8991402e-04  -1.4917218e-03
  -1.3496829e-01   3.4531778e-01   3.4822561e-01  -1.2836588e-02   3.4894637e-05  -1.6526821e-03
  -1.4308926e-01   3.0180217e-01   4.1785297e-01  -1.3907698e-02  -1.7397518e-04  -1.7660924e-03
  -1.4024627e-01   3.5046669e-01   3.6200824e-01  -1.3272292e-02  -5.1697002e-05  -1.6108532e-03
  -3.5882778e-02   3.9659525e-01   2.5859714e-01  -7.8897258e-03  -2.2732414e-03   7.9618864e-04
  -1.3025891e-01   1.9915645e-01   4.2424539e-01  -1.2147623e-02  -6.0569482e-04  -1.1295398e-03
  -1.2928461e-01   3.4788570e-01   4.2676174e-01  -1.2827842e-02  -5.1746947e-04  -1.0462547e-03
  -1.4175921e-01   3.4021810e-01   4.2130549e-01  -1.3081282e-02  -2.5342889e-04  -1.0296341e-03
  -1.5643767e-01   3.5900327e-01   4.3573281e-01  -1.3986074e-02  -1.7429558e-04  -1.0127106e-03
  -1.6509437e-01   3.9300527e-01   4.2907847e-01  -1.3732522e-02  -2.6535258e-05  -9.7382198e-04
  -1.5737282e-01   3.9749175e-01   3.8429002e-01  -1.3795029e-02  -2.0070174e-04  -9.0835899e-04
  -1.3486241e-01   4.2634842e-01   2.8030784e-01  -1.3686336e-02  -4.2158229e-04  -6.3386660e-04
  -1.5417062e-01   4.3197047e-01   2.2804639e-01  -1.3982559e-02   6.1034401e-05  -6.6888939e-04
  -1.6506118e-01   3.8973586e-01   2.9586562e-01  -1.4795219e-02   5.5877011e-04  -9.5527399e-04
  -1.5972588e-01   4.2519125e-01   2.1928947e-01  -1.3056953e-02   4.7863206e-04  -6.4471185e-04
  -1.2998311e-01   4.0213067e-01   5.2699687e-01  -8.8693913e-03   3.9419123e-04  -3.6684454e-04
  -2.2903770e-01   2.7922293e-01  -3.0749345e-01  -1.7506086e-02   1.0645676e-03  -5.4623035e-04
  -2.7581295e-01   4.2917795e-01  -5.5418946e-01  -1.1568655e-02   2.3873254e-03  -1.0534667e-03
  -2.7188016e-01   3.8333748e-01  -5.1321589e-01  -9.4732189e-03   2.5437959e-03  -5.3246359e-04
  -2.6156855e-01   2.8334829e-01  -4.5136722e-01  -1.0062459e-02   2.1741139e-03  -5.5317812e-04
  -2.3058423e-01   3.9926976e-01  -4.5581012e-01  -9.4133715e-03   1.9100515e-03  -4.6298396e-04
  -2.4340862e-01   3.1505460e-01  -4.3021680e-01  -9.4517528e-03   1.9959082e-03  -5.5162124e-04
  -2.5313327e-01   2.9123821e-01  -4.1471549e-01  -1.0414880e-02   1.9854527e-03  -5.3178519e-04
  -2.2930769e-01   4.4690740e-01  -3.8789054e-01  -1.1100479e-02   1.8825027e-03  -2.9564605e-04
  -2.1022843e-01   3.5832646e-01  -4.0358897e-01  -9.4169938e-03   2.2466527e-03   3.7247919e-04
  -2.3726149e-01   2.9110805e-01  -4.4807898e-01  -9.0520390e-03   2.3871250e-03  -1.5932952e-04
  -2.2281767e-01   3.6802361e-01  -4.4708817e-01  -9.7389862e-03   2.2423180e-03  -1.2852942e-04
  -2.1619317e-01   3.5537976e-01  -3.1840365e-01  -1.0095106e-02   2.1230562e-03   1.5671717e-05
  -2.3474175e-01   2.7809875e-01  -3.5218367e-01  -9.5121201e-03   2.3792316e-03   2.4908794e-05
  -2.3707563e-01   3.5128936e-01  -3.4316453e-01  -1.1326944e-02   2.1904085e-03   2.6603774e-04
  -2.2330853e-01   3.2503800e-01  -3.3247304e-01  -1.0336694e-02   1.8062753e-03   8.3083233e-04
  -1.9535927e-01   2.8220976e-01  -4.6187391e-01  -6.6805102e-03   1.9800143e-03   1.1540564e-03
  -2.3831775e-01   1.7999568e-01  -4.3549037e-01  -7.2838268e-03   2.1038055e-03   5.8698303e-04
  -1.8433617e-01   3.0448391e-01  -3.4836212e-01  -5.9785331e-03   1.8730686e-03   1.1144055e-03
  -1.8426004e-01   3.2159176e-01  -2.5579952e-01  -6.5920047e-03   2.3753389e-03   4.4525719e-04
  -2.1898104e-01   1.7615011e-01  -1.5334695e-01  -8.3131389e-03   2.5073657e-03   2.8249784e-05
  -1.9744135e-01   3.0419996e-01  -1.1242125e-01  -8.2370294e-03   2.0915715e-03   2.8482696e-04
  -1.9972252e-01   2.8698074e-01  -1.1781489e-01  -7.9043128e-03   2.1734011e-03   1.9344413e-04
  -2.5636408e-01   2.0643761e-01  -1.0767125e-01  -9.0004387e-03   1.9840878e-03  -1.3595237e-04
  -2.2347074e-01   3.8230097e-01  -5.6241866e-02  -1.0213968e-02   1.9077897e-03  -2.4481665e-04
  -1.9783429e-01   3.1135479e-01  -6.9253627e-02  -7.3803365e-03   2.0224485e-03   3.4377239e-04
  -2.2643803e-01   2.1003699e-01  -8.2901941e-02  -7.3201542e-03   2.2996339e-03   1.2490372e-04
   3.1289405e-02  -2.2007853e-01  -6.8148965e-01   8.8608847e-03   2.8999160e-03   6.8584297e-03
   4.1726587e-02   4.8263194e-02  -5.3906533e-01   6.3361491e-03   3.1196438e-03   7.2391214e-03
  -1.5253043e-02  -4.4401886e-02  -4.3428341e-01  -6.3371928e-04   1.9285606e-03   5.9263450e-03
  -3.0142468e-02   1.9077272e-01  -4.0248273e-01  -1.5247433e-03   2.4715029e-03   5.2112275e-03
  -1.5324000e-02   2.2377259e-01  -3.2966410e-01  -2.0535713e-03   2.6125694e-03   5.2733889e-03
  -2.4200934e-02   1.8755464e-01  -2.2011154e-01  -2.1978560e-03   2.4819418e-03   5.2768809e-03
  -2.9791867e-02   2.1120008e-01  -2.1712086e-01  -2.3346639e-03   2.4181161e-03   5.1837333e-03
  -4.0056460e-02   1.8696326e-01  -2.3648090e-01  -2.7657796e-03   2.6839168e-03   5.1044417e-03
  -1.1498350e-02   2.0418876e-01  -2.8211301e-01  -3.3560075e-03   6.0617732e-03   5.6282004e-03
   1.2405031e-01   1.8293473e-01  -4.1839582e-01  -1.0111839e-03   1.3800986e-03   6.3760666e-03
  -1.7679753e-02  -3.1880370e-02  -1.8893752e+00   3.6710119e-03   2.0096430e-03   4.0577307e-03
   8.2289400e-03   2.6330708e-01  -1.3956285e+00   1.1663414e-03   3.6529939e-03   3.6692112e-03
   1.0293679e-02   1.3801662e-01  -1.3180934e+00   9.9594006e-04   3.2202388e-03   4.2880877e-03
   7.2906285e-03   2.2455556e-01  -8.1909506e-01   4.0670175e-03   3.8700561e-03   4.2056209e-03
   2.3063639e-03   3.3632989e-01  -1.9594350e-01  -3.3879018e-03   3.0216984e-03   3.8593049e-03
  -9.6225911e-03   2.3784846e-01  -1.0425430e-01  -3.5734051e-03   2.9471117e-03   3.8467396e-03
   5.8860485e-03   2.5310697e-01  -2.1030404e-01  -3.9011700e-03   1.8674056e-03   3.7676475e-03
   1.1330581e-02   2.7547614e-01  -1.6076022e-01  -3.4529443e-03   2.1450190e-03   3.9181987e-03
  -9.7422774e-03   1.9779492e-01  -1.4209804e-01  -3.1643044e-03   1.8915808e-03   4.0251120e-03
  -9.0139982e-04   1.8523300e-01  -1.7663966e-01   8.6381356e-04   1.7655318e-03   4.6477592e-03
  -4.7795341e-02   1.3955649e-01  -1.6622596e-01  -1.5277392e-03   2.0605762e-03   3.9371105e-03
  -2.7894605e-02   2.6222790e-01  -1.0998046e-01  -2.9002430e-03   1.4729142e-03   3.7267391e-03
  -1.3701262e-02   1.6537951e-01  -1.6753083e-01  -1.2217187e-03   1.3785317e-03   4.0543462e-03
  -4.0793148e-02   1.3908571e-01  -1.8912762e-01  -1.8925363e-03   1.7924721e-03   3.8275631e-03
  -3.2567817e-02   1.7562213e-01  -1.6529348e-01  -7.1912150e-06   1.8222977e-03   3.9924140e-03
  -1.5603366e-02   2.4308395e-01   7.2947166e-02   8.5902467e-04   6.9107345e-04   3.9470027e-03
   3.2597858e-02   3.2173675e-03  -4.2306902e-01  -2.1357512e-03   3.1352024e-04   5.8492074e-03
   2.5029224e-01   3.3521344e-01  -1.1220892e+00  -4.6945673e-03  -2.3624812e-03   5.8318766e-03
   1.9031576e-01   1.7104641e-01  -1.1753672e+00  -5.4495377e-03  -3.2744138e-03   5.8043403e-03
   1.2354205e-01   6.1364751e-02  -1.1801900e+00  -4.6723327e-03  -3.9109282e-03   6.0146628e-03
   8.5343479e-02   1.6828176e-01  -1.1492240e+00  -4.4583671e-03  -2.9753613e-03   6.4394626e-03
   2.1237869e-02   1.5455512e-01  -1.1316706e+00  -4.2928747e-03  -1.8843814e-03   6.5289039e-03
   9.1473765e-02   1.3614480e-01  -1.0207075e+00  -4.7952546e-03  -2.8385212e-03   6.7989247e-03
   7.5012333e-02   1.7831097e-01  -8.0769423e-01  -3.8337455e-03  -3.1716801e-03   5.9468213e-03
   6.1627985e-02   2.7219589e-01  -5.7329094e-01  -8.1528500e-03  -1.0849286e-03   3.4436600e-03
   3.3760270e-02   1.5433077e-01  -5.2424266e-01  -6.1459426e-03  -8.3853296e-04   3.2383969e-03
   1.9301412e-02   2.7454671e-01  -7.0833244e-01  -7.5964362e-03  -9.8531084e-04   2.9848380e-03
   3.7319448e-02   3.3524550e-01  -3.8038458e-01  -9.1931062e-03  -2.0707079e-03   2.7104510e-03
  -2.0804980e-03   4.0291028e-01  -3.0008179e-01  -1.0760911e-02  -3.0473783e-04   3.0458193e-03
   9.1850860e-02   4.7423168e-01   4.9916455e-02  -7.8288768e-03  -1.6401388e-03   3.8464428e-03
   4.5219405e-02   3.3047774e-01   7.8928734e-02  -1.1227690e-02  -1.2935932e-03   2.8027315e-03
   9.0884073e-02   3.9656206e-01   3.4537754e-02  -1.0307852e-02  -1.7078947e-03   3.1871016e-03
   1.7491289e-01   4.0636888e-01   4.1349052e-02  -1.0106564e-02  -3.9434143e-03   3.6586167e-03
   1.0119218e-01   2.5872846e-01  -6.5939900e-02  -7.6665363e-03  -2.4965453e-03   3.4044260e-03
   9.9250600e-02   3.5129477e-01  -1.5373880e-01  -6.4154621e-03  -2.5069625e-03   3.5036702e-03
   8.9898823e-02   2.7161324e-01  -1.1682448e-01  -7.2131825e-03  -2.3212154e-03   3.4932623e-03
   2.0558854e-01   3.6475756e-01  -4.5156140e-02  -9.6621342e-03  -2.4535706e-03   3.4028664e-03
   1.7114451e-01   4.5809593e-01  -1.8993444e-01  -1.2917267e-02  -2.2414252e-03   3.8623045e-03
   1.3884293e-01   3.8131398e-01  -1.7850836e-01  -1.2086901e-02  -2.1489275e-03   3.8451918e-03
   1.3327012e-01   3.8730816e-01  -1.2793903e-01  -1.2069946e-02  -2.1349530e-03   4.0742344e-03
   1.2325028e-01   4.0410383e-01  -1.7291075e-01  -1.1679843e-02  -2.4361566e-03   3.8989171e-03
