   0.0000000e+00   0.0000000e+00   0.0000000e+00   0.0000000e+00   0.0000000e+00   0.0000000e+00
  -1.5918835e-02  -2.0956782e-01  -3.1552884e-01   4.0691359e-03   7.1037987e-04  -2.2529111e-04
   8.0546287e-04  -1.4083820e-01  -3.5370226e-01   3.1357713e-03   6.9007995e-04   8.9495237e-05
   3.3809123e-02  -5.1229484e-02  -3.7163077e-01   5.5606919e-03   5.6019121e-04   1.2158445e-03
   1.0927537e-02  -1.4544038e-01  -4.5443518e-01   8.1487562e-03   7.5590049e-04   6.4387659e-04
  -1.5267600e-02  -2.6489572e-01  -4.2602357e-01   8.8501671e-03  -1.2631544e-04   1.0721700e-05
  -1.2009882e-01  -4.5522888e-01  -5.9938202e-01   1.0750155e-02   1.2543599e-03  -1.1319563e-03
  -4.3825577e-02  -2.6507696e-01  -5.0003172e-01   8.6358919e-03   8.6139231e-04   9.6590141e-05
   2.5927839e-02  -3.8033712e-01  -6.5643630e-01   1.2204466e-02   1.5795392e-04   1.0427780e-03
   6.5409707e-02  -2.5902322e-01  -4.8885097e-01   8.9424758e-03  -7.9214106e-04   1.6856950e-03
   1.1154512e-01  -2.4235056e-01  -5.1724169e-01   9.1101391e-03  -7.4058606e-04   1.8233866e-03
   1.2322181e-01  -2.5481706e-01  -5.2772595e-01   9.7634829e-03  -8.4775209e-04   2.0366067e-03
   1.2320934e-01  -2.7907086e-01  -5.4052320e-01   9.2215974e-03  -8.5522630e-04   2.1669525e-03
   1.5835538e-01  -2.2810745e-01  -5.7636134e-01   1.0601656e-02  -9.4068293e-04   2.4379540e-03
   1.8265563e-01  -2.1983267e-01  -5.3660577e-01   1.0982567e-02  -1.1203779e-03   2.5735808e-03
   1.8400281e-01  -2.6166005e-01  -1.6354912e-01   1.7633111e-02  -2.8912681e-03   2.9779734e-03
   1.8157071e-01  -2.4594026e-01  -6.3260741e-02   1.0141815e-02  -3.9413956e-03   2.1133880e-03
   1.7958134e-01  -2.7306321e-01  -1.2789357e-01   1.1173517e-02  -3.1843425e-03   2.1716340e-03
   1.4561778e-01  -3.2481249e-01  -2.1591651e-01   1.5194664e-02  -1.7908561e-03   2.3851662e-03
   1.3947774e-01  -6.1682933e-01  -5.1140489e-01   1.4384937e-02  -1.7439776e-03   1.5300185e-03
  -3.4632697e-02  -8.2702145e-01  -1.0368588e+00   1.4546989e-02  -1.8107491e-03   6.7078859e-04
  -3.1008546e-02  -6.5630503e-01  -1.3344068e+00   1.7138404e-02  -1.9762925e-03  -3.4237966e-04
  -5.6423989e-02  -7.0265118e-01  -1.4270228e+00   1.8339975e-02  -1.7041725e-04   1.0269639e-03
   3.1447482e-02  -5.3880997e-01  -1.4207388e+00   2.0892056e-02  -3.7446663e-04   2.1891330e-03
   7.6794931e-02  -4.9624748e-01  -1.2607869e+00   2.0033454e-02  -1.2771149e-03   2.2915921e-03
   8.3666693e-02  -6.0834722e-01  -1.2143355e+00   2.0322330e-02  -9.9528817e-04   2.3760659e-03
   1.4234630e-01  -5.1315738e-01  -1.1765782e+00   2.1461355e-02  -1.4306194e-03   2.9314195e-03
   1.7441072e-01  -4.8243787e-01  -1.2182998e+00   1.7667586e-02  -2.5129084e-03   3.1090666e-03
   1.1800096e-01  -4.6165070e-01  -1.0869879e+00   1.8838131e-02  -2.1971455e-03   2.6035969e-03
   1.3635283e-01  -6.0554475e-01  -1.0792018e+00   2.8702766e-02  -5.0065670e-04   3.4007964e-03
   1.2065103e-01  -6.0738166e-01  -1.0906779e+00   2.5907860e-02  -1.0333838e-03   3.1919114e-03
   1.2560240e-01  -4.7850483e-01  -1.0788265e+00   2.3180009e-02  -9.1307555e-04   3.2197990e-03
   2.5304231e-01  -2.9650319e-01  -1.1971291e+00   1.5559312e-02   1.6112103e-03   4.6286094e-03
   4.1504235e-01  -1.3584945e-01  -2.8991267e+00   7.3456692e-03   4.0211862e-03   6.7643890e-03
   3.8895345e-01  -7.1169818e-03  -2.0290721e+00   1.7050327e-02   2.6057700e-03   7.6955433e-03
   3.4187638e-01  -3.1879309e-01  -2.1242781e+00   1.8971086e-02   3.0192905e-03   4.9409793e-03
   2.1934228e-01  -5.7633934e-01  -2.3006450e+00   2.7212403e-02   2.8411509e-03   3.0803972e-03
   2.4844569e-01  -5.6021276e-01  -2.0494097e+00   2.8220013e-02   3.7789497e-03   2.4286366e-03
   2.1575262e-01  -7.6034694e-01  -1.8464330e+00   2.5499979e-02   1.4715036e-03   3.4888885e-03
   2.0120124e-01  -6.9160876e-01  -2.0828678e+00   2.4983208e-02   1.3345006e-03   3.7889056e-03
   2.5365488e-01  -3.4863868e-01  -1.7717700e+00   2.4565909e-02   8.3564500e-05   3.5150722e-03
   2.5241352e-01  -3.5520694e-01  -1.8360167e+00   2.4363414e-02   1.2761183e-03   3.4566535e-03
   2.0356756e-01  -7.1164438e-01  -1.8220269e+00   2.3243250e-02   2.7802895e-03   3.3580112e-03
   2.0153037e-01  -5.9447558e-01  -1.9881146e+00   2.4132070e-02   3.0508292e-03   3.5754858e-03
   2.3341689e-01  -4.7383924e-01  -1.9962052e+00   2.4343071e-02   2.6816034e-03   4.0448805e-03
   2.3117170e-01  -5.1976194e-01  -1.9925925e+00   2.4156953e-02   2.6899189e-03   3.8627271e-03
   2.3085820e-01  -4.6083054e-01  -2.0188813e+00   2.4564420e-02   2.9781590e-03   3.8423403e-03
   2.2037703e-01  -4.2167566e-01  -1.9341861e+00   2.1948693e-02   2.4268280e-03   3.7670074e-03
   2.1471919e-01  -4.7979471e-01  -1.8620732e+00   2.4048923e-02   2.7057707e-03   3.5013430e-03
   2.7800478e-01  -3.3473609e-01  -1.7948268e+00   2.4087284e-02   1.8834775e-04   3.7536756e-03
   1.8794866e-01  -8.1306337e-01  -2.2495123e+00   2.8432254e-02  -3.1228563e-03   9.0350714e-04
  -2.5411885e-03  -8.0757805e-01  -2.6277435e+00   3.1379186e-02  -3.5352399e-03  -5.2083353e-04
   6.5172797e-02  -8.7409579e-01  -2.5643427e+00   3.4103040e-02  -1.0458291e-03   3.9544903e-04
   8.4063582e-02  -9.1910292e-01  -2.6917845e+00   3.5338232e-02   3.3540491e-04   1.6503162e-03
   1.0436672e-01  -8.6912041e-01  -2.6725598e+00   3.6133992e-02   4.3760547e-04   1.7904635e-03
   1.1645363e-01  -6.5998631e-01  -2.1203352e+00   3.2304764e-02  -6.9654985e-04   2.9887917e-03
   1.6442402e-01  -5.8206416e-01  -1.7419592e+00   2.6047218e-02  -6.7955263e-04   3.3589250e-03
   2.0907840e-01  -6.0487890e-01  -1.8247439e+00   2.8356950e-02   4.2912924e-04   3.5968981e-03
   2.3061679e-01  -5.7002599e-01  -1.8390764e+00   2.7905290e-02   8.4528854e-04   3.4496657e-03
   1.9586615e-01  -5.5793977e-01  -1.8917114e+00   2.4291181e-02   7.0826279e-04   2.9525752e-03
   2.5872597e-01  -4.9515614e-01  -1.7746440e+00   2.7519666e-02   8.0513344e-04   3.2642996e-03
   2.6353559e-01  -4.2674334e-01  -1.3315972e+00   2.3242267e-02  -1.0085983e-03   2.4880286e-03
   2.7048477e-01  -3.1470324e-01  -1.0661432e+00   2.2619440e-02  -1.8171743e-03   2.3547694e-03
   3.0482918e-01  -3.7260391e-01  -1.2006144e+00   2.0813852e-02  -1.6464290e-03   3.3382941e-03
   3.9200173e-01  -3.9277886e-01  -1.1996735e+00   2.3502827e-02  -3.2008530e-03   4.8309454e-03
   3.5446544e-01  -3.5220479e-01  -1.2807870e+00   2.3470194e-02  -3.5784746e-03   3.4798860e-03
   2.1786636e-01  -5.5278712e-01  -1.4372421e+00   2.1383764e-02  -4.4878207e-03   1.3087473e-03
   1.7961073e-01  -4.3299552e-01  -1.3972027e+00   2.3652041e-02  -4.3519051e-03  -5.5936372e-04
   1.8093902e-01  -6.0011853e-01  -1.3653913e+00   2.2389827e-02  -6.2812006e-04   1.9134133e-03
   2.4174212e-01  -4.2813764e-01  -1.3595547e+00   1.7322672e-02  -9.8304420e-04   2.4156561e-03
   2.0540982e-01  -1.2810231e-01  -7.2618350e-01   1.5452284e-02  -2.2209651e-04   7.9304439e-04
   1.8173877e-01  -5.2306937e-01  -1.6626711e+00   1.8213841e-02  -1.7948990e-04   1.6950374e-03
   2.1994943e-01  -4.4295801e-01  -1.7181961e+00   1.8534658e-02   5.7861365e-04   1.2011281e-03
   1.7297644e-01  -4.9153778e-01  -2.4300974e+00   1.6399278e-02   1.4188455e-03   1.4629917e-03
   1.8396257e-01  -4.3300823e-01  -2.2631963e+00   1.6833667e-02   1.4184789e-03   1.6063667e-03
   2.1060121e-01  -2.4880470e-01  -1.5149088e+00   1.9516155e-02   3.9174516e-05   1.1200185e-03
   2.2761020e-01  -3.0212620e-01  -1.5226449e+00   1.9773587e-02   3.7544031e-04   1.1948724e-03
   2.5354835e-01  -3.6284555e-01  -1.4993699e+00   1.9542772e-02   9.0218911e-04   1.5520776e-03
   2.8366551e-01  -3.6674205e-01  -1.4895328e+00   2.0150057e-02   5.7801221e-04   1.5891525e-03
   3.1390988e-01  -3.2929043e-01  -1.4934847e+00   2.0266133e-02   3.6239840e-04   1.6468429e-03
   4.6988023e-01  -3.0216544e-01  -1.3183958e+00   1.4596341e-02  -9.7542011e-04   3.4519508e-03
   4.0270407e-01  -2.8330973e-01  -1.5189624e+00   1.4608603e-02  -1.1142810e-03   2.4337108e-03
   3.9758085e-01  -1.7528848e-01  -1.5256055e+00   2.0213723e-02  -1.5436578e-03   2.5866278e-03
   3.0861385e-01  -3.4138440e-01  -1.4532067e+00   1.9624902e-02  -2.6549753e-03   1.0265381e-03
   2.0761983e-01  -3.3148429e-01  -1.7173992e+00   2.5368207e-02  -1.9564126e-03  -1.4904663e-03
   6.3144435e-02  -3.7157199e-01  -1.5507683e+00   1.6321611e-02   2.6858283e-03  -2.3337322e-03
   1.0275854e-01  -3.2676606e-01  -1.7280151e+00   1.4275750e-02   4.2273784e-03  -9.3075308e-04
   4.8353198e-02  -4.3015787e-01  -2.8774788e+00   2.1570475e-02   4.8495800e-03   4.7822146e-04
   8.3497503e-02  -4.0615053e-01  -2.0666607e+00   2.0328842e-02   5.6792017e-03  -1.2368944e-03
   1.1031707e-01  -4.0535341e-01  -2.0135723e+00   2.0543050e-02   4.7000754e-03  -1.1491479e-03
   4.9199117e-02  -3.7208199e-01  -1.8545027e+00   2.0108162e-02   3.3494080e-03  -1.7260803e-03
   7.7756951e-02  -3.2179490e-01  -1.6927094e+00   1.9381766e-02   1.5397574e-03  -1.4583679e-03
   9.9718111e-02  -3.4168656e-01  -1.6783891e+00   1.7063279e-02   1.6084139e-03  -1.6055816e-03
   7.9765841e-02  -2.8859192e-01  -1.6749088e+00   1.7372737e-02   1.1670970e-03  -1.4693747e-03
   9.1560384e-02  -3.3101793e-01  -1.7029698e+00   1.7549595e-02   1.3494191e-03  -1.5107554e-03
   1.3440247e-01  -2.5049469e-01  -1.7368472e+00   1.5792747e-02   6.9630023e-05  -2.1081666e-03
   1.1169367e-01  -2.6644167e-01  -1.7289303e+00   1.3694303e-02  -1.3343984e-03  -3.7889874e-03
  -2.9477909e-02  -3.0602157e-01  -1.9157802e+00   2.0438082e-02  -1.5906906e-03  -6.9585664e-03
  -1.2236075e-01  -3.2751371e-01  -1.9182764e+00   1.7427965e-02   9.7542090e-04  -5.6328963e-03
  -1.6007972e-01  -4.4193648e-01  -1.7747167e+00   1.4852742e-02   2.0435290e-03  -5.0579430e-03
  -1.2523998e-01  -1.3921124e-01  -1.4755560e+00   1.2111307e-02   5.5528387e-04  -4.1897763e-03
  -1.1901738e-01  -2.5395614e-01  -1.6209573e+00   1.0830549e-02   1.6787221e-03  -4.4370322e-03
  -6.7969797e-02  -1.8918554e-01  -1.6626950e+00   1.0150186e-02   1.7866411e-03  -3.8344163e-03
  -1.7207032e-02  -1.4884311e-01  -1.6467193e+00   9.8282567e-03   1.6742886e-03  -3.8034182e-03
   1.3004407e-02  -1.8559881e-01  -1.6247009e+00   9.6039422e-03   1.5771190e-03  -3.5225158e-03
   4.0795204e-02  -1.4619594e-01  -1.6268641e+00   1.0870919e-02   1.0953819e-03  -2.9788452e-03
   4.3543841e-02  -1.4407994e-01  -1.4817821e+00   1.4323267e-02   1.9382489e-05  -2.0419244e-03
   1.3973244e-02  -3.0983287e-01  -1.5592338e+00   1.4812686e-02   2.7638455e-04  -1.8930837e-03
   2.5939030e-02  -2.6560886e-01  -1.5852821e+00   1.4790593e-02   5.6167226e-04  -2.0450419e-03
   7.9178910e-02  -2.2391657e-01  -1.5200052e+00   1.8779190e-02  -2.7944803e-04  -1.1672019e-03
   2.3724054e-01  -2.3250642e-01  -9.1508566e-01   2.2089563e-02  -2.4848284e-03  -7.5048717e-04
   1.7912391e-01  -3.3506070e-01  -9.7807701e-01   1.6631554e-02  -1.6331748e-03  -8.8342540e-04
   1.4494774e-01  -2.7866810e-01  -1.0539147e+00   1.6165963e-02  -1.1026473e-03  -9.0514023e-04
   1.7028385e-01  -2.5265799e-01  -1.1029162e+00   1.6624660e-02  -1.5318337e-03  -7.8854039e-04
   1.7745678e-01  -2.4988531e-01  -1.0978163e+00   1.6321536e-02  -1.8224455e-03  -6.9152218e-04
   1.7881571e-01  -3.1554761e-01  -1.1215293e+00   1.6271912e-02  -1.8512848e-03  -7.5284753e-04
   2.0505237e-01  -1.7300912e-01  -1.0532482e+00   1.7059555e-02  -2.1973962e-03  -6.2831803e-04
   1.7994974e-01  -3.0651932e-01  -1.1197004e+00   1.7739764e-02  -1.8925452e-03  -8.7702897e-04
   1.8819265e-01  -3.4697159e-01  -1.1159941e+00   1.7896514e-02  -2.1708986e-03  -7.8515215e-04
   2.0187357e-01  -2.8347448e-01  -1.1322449e+00   1.7645025e-02  -2.3328224e-03  -7.7971392e-04
   1.9486865e-01  -2.8298273e-01  -1.1222756e+00   1.7573956e-02  -2.2288137e-03  -7.9618946e-04
   1.9931048e-01  -3.3151808e-01  -1.1146282e+00   1.8047762e-02  -2.2218223e-03  -7.3497307e-04
   1.8411714e-01  -3.5192389e-01  -1.1283239e+00   1.9525913e-02  -1.6926633e-03   2.5683326e-04
   2.0802582e-01  -5.3443898e-01  -1.2383429e+00   2.1303179e-02  -3.5691137e-03   7.2359920e-04
   6.2123369e-02  -5.6745554e-01  -1.9428875e+00   2.4249923e-02  -3.0328515e-03  -2.0044573e-03
   7.4297293e-02  -2.2952575e-01  -1.9232321e+00   2.4641883e-02  -4.2833010e-03  -4.5547999e-03
  -4.4408354e-02  -5.2112995e-01  -2.2290983e+00   2.6771502e-02  -3.2414558e-03  -8.4563462e-03
  -1.0023213e-01  -7.5766980e-01  -2.4346347e+00   2.0431798e-02  -7.5761861e-04  -6.7872544e-03
  -1.2783721e-01  -5.2879773e-01  -2.2016339e+00   1.9454426e-02   5.5803868e-05  -5.7385393e-03
  -8.3459527e-02  -2.1374842e-01  -1.5636358e+00   1.3955054e-02  -1.9289442e-03  -5.3666946e-03
  -1.1839367e-01  -3.1007892e-01  -1.3929450e+00   1.4339054e-02  -1.8717430e-03  -5.2221263e-03
  -4.7803625e-02  -1.5450987e-01  -1.1769093e+00   1.1186686e-02  -1.8051640e-03  -4.7782081e-03
   3.4713885e-03  -2.3314033e-01  -1.1043487e+00   1.1767123e-02  -1.7501121e-03  -3.7852221e-03
  -4.8526336e-03  -1.8577388e-01  -1.1321117e+00   1.1169302e-02  -1.7020939e-03  -4.0545207e-03
   1.2574463e-02  -1.8544992e-01  -1.1168867e+00   1.0284973e-02  -2.1590696e-03  -3.5548660e-03
   1.9736709e-02  -1.5895717e-01  -1.0546316e+00   1.0378845e-02  -2.4790081e-03  -3.5320559e-03
   3.5556818e-02  -1.2596916e-01  -1.0816263e+00   1.0367611e-02  -2.4736717e-03  -3.5100469e-03
   4.5532932e-02  -1.5333089e-01  -1.0722993e+00   1.1437780e-02  -2.2350533e-03  -3.3468783e-03
   3.8211531e-02  -1.5689591e-01  -1.1207075e+00   1.2553177e-02  -1.6971967e-03  -3.0573656e-03
   6.4562443e-02  -4.2029932e-02  -8.4627506e-01   1.4617571e-02  -2.2057093e-03  -2.2245559e-03
   6.9231178e-02  -1.1115789e-01  -4.6267754e-01   6.4264089e-03  -3.1594375e-03  -3.3715388e-03
   8.9453288e-02  -6.5374103e-02  -5.8148082e-01   1.0263938e-02  -3.7046687e-03  -3.2944332e-03
   9.1123436e-02  -6.9617819e-02  -6.9760853e-01   1.0207071e-02  -3.4403878e-03  -3.3211113e-03
   9.6633608e-02  -7.0165480e-02  -7.2312678e-01   9.3814766e-03  -4.1407833e-03  -3.1879985e-03
   7.3381126e-02  -1.0363229e-01  -7.4226408e-01   1.1384720e-02  -3.7366868e-03  -3.3757591e-03
   6.6174459e-02  -3.2449471e-02  -7.0832290e-01   1.0642882e-02  -3.9571149e-03  -2.9534423e-03
   9.7117883e-02  -6.8973774e-02  -6.7224476e-01   1.3690115e-02  -4.4597439e-03  -1.8831634e-03
   1.5016701e-01  -2.4797028e-01  -5.7189877e-01   1.5833591e-02  -4.0043972e-03  -1.0524380e-03
   2.2602104e-01  -1.0126616e-01  -1.8542453e-01   9.4597341e-03  -4.6956196e-03  -8.5258588e-04
   1.4085087e-01  -1.5482942e-01  -3.6630883e-01   1.3959525e-02  -4.7468293e-03  -2.1822697e-03
   1.1739980e-01  -2.3018273e-01  -5.0453833e-01   1.3642751e-02  -4.5278409e-03  -2.8627270e-03
   1.0411031e-01  -2.7304050e-01  -7.6343030e-01   1.1739060e-02  -4.0990210e-03  -3.7432066e-03
   1.4652923e-01   1.3274111e-01  -4.8355962e-01   8.0470209e-03  -8.1179020e-03  -3.4419748e-03
   1.0128772e-01   1.9996700e-02  -5.7926403e-01   9.5628403e-03  -9.0672394e-03  -3.0541004e-03
   1.1778234e-01   2.8147668e-02  -4.6206939e-01   7.4238406e-03  -7.2580962e-03  -4.0190746e-03
   1.5322098e-01  -1.3565005e-03  -4.7207966e-01   6.9079362e-03  -6.0388881e-03  -3.6930667e-03
   2.2831243e-01   1.6281024e-02  -4.7677144e-01   5.8425196e-03  -6.3230753e-03  -2.8709198e-03
   1.2753979e-01  -5.8402246e-02  -1.2868778e+00   4.9429862e-03  -4.8246392e-03   2.0819029e-04
   2.5546922e-01  -6.1903650e-02  -1.1301516e+00   6.9159685e-03  -5.7678903e-03  -8.4597519e-04
   6.6610151e-02  -2.9239622e-01  -1.3096758e+00   9.6180718e-03  -4.3062769e-03  -1.8497495e-03
   1.0307985e-02  -4.7661906e-01  -1.4227162e+00   1.4830047e-02  -4.5624952e-03  -2.7352983e-03
  -1.2252776e-01  -3.1520403e-01  -1.3462272e+00   1.3427699e-02  -2.5005781e-03  -3.0820007e-03
  -1.8971820e-01  -3.2095280e-01  -1.3817265e+00   1.1469102e-02  -2.7623276e-03  -2.9507791e-03
  -1.1006160e-01  -2.6758898e-01  -1.4072974e+00   1.4722695e-02  -5.3656590e-03  -1.8091114e-03
  -5.8051533e-02  -3.3516395e-01  -1.5132754e+00   1.5099958e-02  -5.5394417e-03  -1.3096337e-03
   1.2325451e-01  -2.7484243e-01  -1.0990673e+00   2.3200312e-02  -6.5438687e-03  -6.3604344e-04
   1.3482762e-01  -1.7510454e-01  -8.4249049e-01   1.5575078e-02  -6.5184638e-03  -1.2470182e-03
   1.0425582e-01  -3.2157776e-01  -9.1770572e-01   1.7589334e-02  -5.0909235e-03  -7.4963464e-05
   1.4906662e-01  -3.1201642e-01  -9.6943694e-01   2.1402901e-02  -4.3639589e-03   1.3162584e-03
   9.7967897e-02  -2.4850225e-01  -8.9415823e-01   1.6571081e-02  -3.8989112e-03   2.5242266e-04
   1.0266838e-01  -1.9364703e-01  -8.0334691e-01   1.7090460e-02  -4.5212889e-03   7.0434086e-06
   1.3478433e-01  -2.7165315e-01  -8.7449207e-01   1.7061511e-02  -4.5835649e-03   1.4665506e-04
   2.0655618e-01  -2.3543103e-01  -1.0069402e+00   2.0445522e-02  -3.2532078e-03   1.4221266e-03
   2.9058810e-01  -4.1876725e-01  -1.0515741e+00   2.4450575e-02  -3.2057964e-03   2.5078099e-03
   1.5458710e-01  -3.3359644e-01  -9.4764683e-01   2.5380545e-02  -1.6109716e-03   7.8026477e-04
   1.9435479e-01  -3.3049916e-01  -6.1847883e-01   1.6064707e-02  -3.9965444e-03   3.4391325e-03
   2.2002827e-01  -3.1561068e-01  -1.1357229e+00   1.3086411e-02  -6.3076359e-04   2.7569301e-03
   2.2801596e-01   9.7817023e-03  -4.3434677e-01   1.1949890e-02  -2.0963955e-03   2.4848071e-03
   1.8833558e-01  -2.4335710e-01  -4.8626216e-01   1.1898979e-02  -2.9591964e-03   2.0133331e-03
   2.2968773e-01  -1.3769919e-01  -4.6040248e-01   1.1959387e-02  -3.6578867e-03   2.4902000e-03
   2.6645122e-01  -1.3549959e-01  -4.4566430e-01   1.2239116e-02  -3.9872369e-03   2.6533268e-03
   2.8999381e-01  -1.9076556e-01  -4.4204980e-01   1.1778480e-02  -4.1954022e-03   2.6482250e-03
   3.1266611e-01  -1.4232631e-01  -4.5218504e-01   1.0923515e-02  -4.6236067e-03   2.7170954e-03
   3.0200264e-01  -9.9504586e-02  -4.1973950e-01   1.0747439e-02  -4.8608410e-03   2.9000601e-03
   3.2445958e-01  -1.3062034e-01  -4.1308196e-01   1.1556896e-02  -5.1596243e-03   2.8613313e-03
   3.3201829e-01  -1.3776376e-01  -4.3301598e-01   1.1896531e-02  -5.5053603e-03   2.6690214e-03
   3.6144098e-01  -1.0507174e-01  -4.3676356e-01   1.1478174e-02  -4.9173451e-03   2.6193665e-03
   3.5800546e-01  -1.2295230e-01  -5.4420593e-01   9.8056553e-03  -2.8828602e-03   2.1814403e-03
