   0.0000000e+00   0.0000000e+00   0.0000000e+00   6.9388939e-18   1.7347235e-18  -1.2037062e-35
  -4.4598855e-02   1.8562989e-01   8.8160503e-02  -3.7553738e-03   1.0453223e-03  -1.2671599e-04
  -7.4208373e-02   1.6140927e-01   1.5287074e-01  -1.8601847e-03   9.6439193e-04  -2.7301691e-04
  -1.1532906e-01  -5.0846593e-02   3.2781288e-02   6.6119357e-06   2.2399588e-03  -8.5950299e-04
  -9.6433414e-02   1.3592430e-01   1.1547581e-01  -2.6198111e-03   1.4360473e-03  -4.4017192e-04
  -8.2889251e-02   1.1982955e-01   1.0191168e-01  -2.6046694e-03   1.0336553e-03  -4.7387324e-04
  -8.1561046e-02   9.7449774e-02   6.9133619e-02  -2.7031542e-03   9.6400068e-04  -5.0896609e-04
  -9.2363245e-02   1.1158728e-01   4.8703535e-02  -2.0812486e-03   1.1042271e-03  -3.7584767e-04
  -8.1595175e-02   1.3262350e-01   9.4110333e-02  -1.6331338e-03   1.0705515e-03  -1.9998563e-04
  -9.7755220e-02   7.1116475e-02   5.0682225e-02  -1.8673901e-03   9.3085953e-04  -3.2378123e-04
  -7.5217374e-02   1.3378630e-01   1.0117493e-01  -2.4904748e-03   6.8188251e-04  -2.7393618e-04
  -7.0635205e-02   1.7128316e-01   9.9128637e-02  -2.1748748e-03   7.6487446e-04  -3.7051765e-04
  -8.9157960e-02   1.4496926e-01   1.1738586e-01  -3.4624366e-03   8.9074416e-04  -5.9928748e-04
  -7.5627201e-02   1.3713463e-01   1.5889761e-01  -2.8117049e-03   7.2316111e-04  -5.7828387e-04
  -1.1902308e-01   8.6125325e-02   6.3915995e-02  -3.6187669e-03   1.1298838e-03  -9.5325703e-04
  -1.0387930e-01   1.7101136e-01   7.0119523e-02  -4.7550263e-03   7.7897065e-04  -7.9620179e-04
  -1.0624378e-01   1.4436473e-01   4.2613064e-02  -3.7612350e-03   7.2260655e-04  -5.7365981e-04
  -1.2088364e-01   1.4165035e-01  -8.5101587e-03  -3.4723202e-03   8.0055308e-04  -7.4896292e-04
  -1.5530750e-01   1.9338476e-01   5.6324315e-03  -4.6556461e-03   1.2088438e-03  -7.0333755e-04
  -1.7180765e-01   2.2011148e-01   6.3722224e-02  -6.0162665e-03   1.3690630e-03  -6.6835039e-04
  -1.8068307e-01   1.6674698e-01   7.6389376e-03  -6.1973560e-03   1.6007441e-03  -4.6708594e-04
  -1.7024255e-01   2.0378524e-01   2.9290942e-02  -5.9155057e-03   1.5873734e-03  -1.3962748e-04
  -1.6381749e-01   2.2200523e-01   1.0269811e-01  -6.6348004e-03   1.5977221e-03  -7.1526716e-05
  -1.8256246e-01   1.4970838e-01   2.6755875e-02  -6.0150477e-03   1.7782760e-03  -9.2210517e-05
  -1.7190733e-01   1.9230749e-01   2.1586643e-02  -5.8311531e-03   1.5799429e-03   1.0751207e-04
  -1.6197002e-01   2.2469598e-01   7.5164953e-02  -5.8386196e-03   1.4859866e-03  -6.6587953e-06
  -1.4389400e-01   2.6580342e-01   1.1221894e-01  -4.9144967e-03   1.5295554e-03   1.2573770e-04
  -1.7154536e-01   1.3369685e-01   2.6312491e-02  -6.2347228e-03   1.0410213e-03   1.3279606e-04
  -1.6904617e-01   2.0683869e-01   5.2315121e-02  -6.4748085e-03   8.9045215e-04   1.0901611e-04
  -1.7312308e-01   2.0168025e-01   4.4424882e-02  -6.2836750e-03   9.9597170e-04   1.0672661e-05
  -1.6788520e-01   1.9704708e-01   3.9609082e-02  -5.6685027e-03   1.1902481e-03   2.1594915e-04
  -1.5840582e-01   1.8036715e-01  -2.0560841e-02  -5.2384241e-03   1.0929849e-03   2.1866192e-04
  -1.5705664e-01   1.9730149e-01  -5.3024496e-03  -5.5351263e-03   1.1882324e-03   3.7334968e-04
  -1.1831707e-01   3.0600155e-01   9.9613403e-02  -3.1520249e-03   1.6335964e-03   9.8419277e-04
  -6.0782261e-02   5.6501004e-01   1.1436316e+00  -7.6087916e-03  -5.8196215e-05  -1.0089615e-03
  -4.6106113e-02   5.0945961e-01   1.8315348e+00  -1.4091361e-02  -4.2175164e-04  -2.8542000e-03
  -4.9371305e-02   2.9971812e-01   1.8439394e+00  -1.4927440e-02  -3.5418012e-04  -1.6889494e-03
  -3.7849980e-02  -4.0145631e-02   1.1491225e+00  -1.0882212e-02  -5.7146168e-04  -9.8820428e-04
  -4.7705457e-02   8.0156201e-02  -1.0344379e-01  -6.5227995e-03   8.8595299e-04  -2.3529290e-03
  -9.4584870e-02   2.2261070e-01   1.9954038e-01  -7.1601045e-03  -5.3427586e-04  -2.9238023e-03
  -1.2320509e-01   1.3394798e-01   3.0068459e-01  -6.8708011e-03  -1.0415475e-03  -2.3124871e-03
  -7.8144336e-02   3.1412247e-01   3.2194207e-01  -5.2314007e-03  -9.9037931e-04  -1.6715128e-03
  -1.0477001e-01   2.0906851e-01   2.9402630e-01  -6.7947467e-03  -1.0715514e-03  -1.8045464e-03
  -1.0078660e-01   1.6812677e-01   2.7036161e-01  -7.8360158e-03  -1.1951952e-03  -1.6783311e-03
  -6.6416437e-02   2.8685132e-01   2.6520247e-01  -7.3159311e-03  -1.1197852e-03  -1.4353126e-03
   1.0561917e-02   3.6585256e-01   2.9937629e-01  -5.2567350e-03  -1.2489761e-03  -7.2547557e-04
  -2.3177641e-02   2.1745844e-01   2.0514987e-01  -5.8662673e-03  -9.4649741e-04  -1.1144363e-03
  -3.7026193e-02   2.3542804e-01   1.5591300e-01  -7.1859339e-03  -1.2960808e-03  -1.1646751e-03
  -5.8443315e-02   3.0617336e-01   1.9039389e-01  -6.9946382e-03  -1.0254228e-03  -1.0295064e-03
  -5.3999981e-02   3.4694126e-01   1.8607435e-01  -5.5210355e-03  -1.3354720e-03  -1.1590772e-03
  -8.7354074e-02   2.3657727e-01   1.2800802e-01  -5.4438876e-03  -1.0938197e-03  -1.1243276e-03
  -7.5652691e-02   2.6293862e-01   1.3637037e-01  -5.1325831e-03  -1.2298990e-03  -9.2771401e-04
  -5.9290726e-02   3.8918761e-01   1.5329095e-01  -4.4822966e-03  -9.0900212e-04  -6.8332306e-04
  -1.4517981e-02   4.4898053e-01   4.3613940e-01  -6.1823764e-03  -6.5786070e-04  -1.3185559e-04
  -4.2685113e-02   1.6962778e-01   3.6158848e-01  -5.9957204e-03  -1.2275478e-04  -1.5818290e-04
  -1.9550111e-02   2.6625704e-01   2.1494843e-01  -4.9839475e-03   3.6358379e-05  -6.1952888e-05
   5.6507604e-03   2.6068358e-01   2.0911128e-01  -4.5291942e-03  -3.2627069e-04   5.4537606e-05
   4.5765537e-02   3.2107511e-01   2.6690581e-01  -4.8275586e-03  -1.0044547e-03   6.1830344e-05
   1.7533325e-02   2.8059231e-01   2.0358828e-01  -5.3898982e-03  -1.0787005e-03  -3.4287502e-04
   1.5798562e-02   2.9695556e-01   1.9096687e-01  -5.1618771e-03  -1.0153202e-03  -3.5090918e-04
   8.7804404e-03   2.3427948e-01   1.8751804e-01  -4.7816082e-03  -1.2180635e-03  -5.3744869e-04
   1.6038463e-02   2.9537204e-01   1.9213868e-01  -4.5815111e-03  -1.0269555e-03  -1.5854689e-04
  -1.4859201e-02   2.3441384e-01   1.6533331e-01  -4.9818960e-03  -1.0332569e-03  -4.9908859e-04
  -4.4901935e-04   2.8241421e-01   1.8409075e-01  -5.1017898e-03  -1.0119147e-03  -2.7371530e-04
   1.9445548e-02   4.1309370e-01   3.4156287e-01  -5.8163176e-03  -1.1197331e-03  -3.4331739e-05
   1.3994259e-02   4.6024436e-01   6.4337457e-01  -9.7186563e-03  -1.6674205e-03  -5.0252860e-04
  -2.3112384e-02   2.0455619e-01   3.5905154e-01  -6.7262393e-03  -7.6562363e-04  -6.1305996e-04
   5.2368739e-02   5.3692513e-01   5.1711620e-01  -7.6725256e-03  -1.5866642e-03  -6.3967046e-05
   9.3878424e-03   8.5677657e-02   2.9329921e-01  -5.0211023e-03  -5.3814276e-04  -8.4086361e-05
   4.9107132e-02   2.9380178e-01   2.3544542e-01  -4.0788787e-03  -6.9521823e-04   5.5426279e-04
   4.6237414e-02   3.1040500e-01   3.5484660e-01  -4.2963571e-03  -7.2506071e-04   6.9578880e-04
   2.5063845e-02   2.4699645e-01   2.6671945e-01  -4.1943317e-03  -5.6625127e-04   8.4232689e-04
   2.5081628e-02   3.4778384e-01   2.9607251e-01  -6.3240530e-03  -1.1975979e-03   7.0059745e-04
   4.2342928e-03   2.2494561e-01   3.0352425e-01  -6.8057865e-03  -1.0050546e-03   4.3949871e-04
   8.1044331e-03   3.1079394e-01   2.8863987e-01  -6.3748259e-03  -4.8061837e-04   6.0896869e-04
   2.4871215e-02   2.9743899e-01   2.7894171e-01  -6.3313280e-03  -5.9884642e-04   6.9303500e-04
   3.5390929e-02   2.6339019e-01   2.7819467e-01  -6.8487275e-03  -6.7338213e-04   6.3062158e-04
   4.0183653e-02   3.3105692e-01   2.5080568e-01  -6.4078181e-03  -6.6636585e-04   8.1407034e-04
   4.8303968e-02   3.3004519e-01   2.6579053e-01  -6.3379939e-03  -2.6211952e-04   1.0957690e-03
   1.5750996e-01   2.7982035e-01   3.6308379e-01  -5.9153253e-03  -9.2761310e-04   1.1058403e-03
   5.2322902e-02   2.0820443e-01   3.8435319e-01  -9.0700326e-03  -2.1878957e-04  -6.6195871e-05
   5.0589193e-02   3.4042571e-01   4.8193969e-01  -8.8966176e-03   9.1357005e-04  -1.5812256e-03
   3.8481587e-02   2.9825956e-01   1.7660399e-02  -6.2917321e-03   1.7812189e-03  -1.1859996e-03
  -3.6215561e-02   1.3860203e-01  -4.0808803e-01  -7.4539570e-04   2.2810292e-03  -4.8230305e-04
  -1.9394376e-01   1.0624818e-01  -5.0996226e-01   2.2814243e-03   2.3850053e-03  -3.1842020e-04
  -1.7514023e-01   3.1580036e-01  -1.0618790e-01  -4.5028591e-04   1.7961646e-03  -1.3370745e-03
  -1.4421124e-01   1.2263865e-01  -1.4796686e-01  -1.8352691e-03   2.5922615e-03  -6.9893558e-04
  -1.1556969e-01   2.2018187e-01  -5.2054850e-02  -2.3742720e-03   2.0377092e-03  -2.2718917e-04
  -1.1882184e-01   2.9231293e-01   3.8128642e-02  -1.6042976e-03   2.6016246e-03  -2.3091516e-04
  -1.1739210e-01   1.9042671e-01   3.0935553e-02  -1.9857316e-03   2.6484952e-03   1.5713004e-04
  -1.0103921e-01   1.6591610e-01  -5.2582185e-02  -9.8199656e-04   2.7045966e-03  -3.8888052e-05
  -5.1788782e-02   3.3728610e-01   7.1019928e-02   3.6096705e-06   2.7156254e-03   8.8127625e-04
  -4.8545804e-02   8.2619808e-02  -7.1942076e-02   2.1089519e-03   3.1150665e-03   6.1578385e-04
  -3.5297265e-02   2.1066955e-01  -6.5937877e-03   5.6976228e-04   2.8677334e-03   1.0852683e-03
  -5.4033754e-03   2.5654523e-01   2.7606051e-02  -2.3060738e-04   3.0443057e-03   1.4545386e-03
  -2.2273300e-02   1.7375369e-01   1.2091545e-03  -2.3869624e-04   3.4116473e-03   1.3561430e-03
  -3.9556110e-02   2.2838119e-01   2.6484748e-02  -9.3300905e-04   3.0300833e-03   1.3313542e-03
   5.0410950e-02   3.2228496e-01   3.4265238e-01  -1.8976792e-03   3.9861267e-03   1.9147583e-03
   8.2712970e-02   4.8857083e-01   7.5321482e-01  -9.9427115e-03   3.3052123e-03   2.3893718e-04
   3.0955672e-02   1.9266662e-01   4.4238735e-01  -1.0732639e-02   4.8224087e-03   6.9966768e-04
  -2.1406537e-02   2.3401974e-01   3.3045886e-01  -8.4632973e-03   5.2233857e-03  -1.5293980e-04
  -7.3189303e-02   3.1498349e-01   2.1894687e-01  -6.1643507e-03   5.6286209e-03   1.2108485e-05
  -6.7544189e-02   2.9747035e-01   1.7157394e-01  -4.6841771e-03   5.3028810e-03   3.7619655e-04
  -4.6020680e-02   3.5660803e-01   2.8891180e-01  -4.4263399e-03   4.5132673e-03   8.7776206e-04
  -3.9387137e-02   5.2474050e-01   7.1937975e-01  -5.9238627e-03   4.4784916e-03   7.0122096e-04
  -1.1008701e-01   9.9609263e-02   4.2062690e-01  -4.6071221e-03   5.9450424e-03   9.4762698e-04
  -6.5618182e-02   3.2327935e-01   4.7298796e-01  -2.8450348e-03   6.2525259e-03   2.0761997e-03
  -6.1552830e-02   3.4566277e-01   6.6112849e-01  -4.2409671e-03   6.1995793e-03   2.0559657e-03
  -7.8849161e-02   7.1537522e-02   4.2734098e-01  -1.7811146e-03   6.1920565e-03   1.5042389e-03
  -9.7231078e-02   1.8851976e-01   4.0129275e-01  -1.0858380e-03   6.4910802e-03   1.6706676e-03
  -8.1933195e-02   2.7718471e-01   4.5488257e-01  -2.7195181e-03   5.8718272e-03   1.6791669e-03
  -9.8353438e-02   3.7928195e-01   7.3066417e-01  -6.4750687e-03   5.5145983e-03   1.8450009e-03
  -1.1371441e-01   9.2749435e-02   4.5377679e-01  -3.4652753e-03   6.3507486e-03   1.8766174e-03
  -1.0565146e-01   2.5244780e-01   3.5328131e-01  -3.0865258e-03   6.5119037e-03   1.8378591e-03
  -8.3027986e-02   2.7916815e-01   3.6115572e-01  -2.9726879e-03   5.8404603e-03   1.8558288e-03
  -3.0041804e-02   2.0575770e-01   1.4327752e-01  -4.9278738e-04   5.9215041e-03   2.7540686e-03
  -8.8772745e-02   1.8542524e-01  -5.1990194e-01  -1.8482444e-03   6.6577950e-03   3.6805875e-03
  -1.6481752e-01   1.2042357e-01  -1.4313722e-01  -7.1728386e-03   4.9522918e-03   3.3037728e-03
  -2.1727786e-01   2.8376671e-01   4.7821911e-02  -1.1056815e-02   5.4635144e-03   2.7634468e-03
  -2.3287722e-01   1.7781492e-03  -5.0104016e-01  -7.4149285e-03   6.1982982e-03   2.9090210e-03
  -3.0914579e-01  -2.3646876e-01  -5.5190952e-01  -1.7393647e-03   5.1193158e-03   2.4784298e-04
  -2.9444879e-01   1.0219893e-01  -5.5743475e-01   1.1228022e-03   5.3604766e-03  -1.7235275e-03
  -2.5267550e-01   3.3666194e-01  -1.3619642e-01  -1.6582607e-02   6.5219518e-03  -8.8093341e-04
  -2.3942386e-01   2.5496985e-01  -3.5785226e-01  -1.5545758e-02   6.4618402e-03   5.3003202e-04
  -2.1272372e-01   3.9786338e-01  -2.6306238e-01  -1.3509466e-02   7.0185653e-03   9.8333672e-04
  -1.9046552e-01   4.2398702e-01  -6.0875890e-02  -1.2167634e-02   7.3772075e-03   1.9310797e-03
  -1.6358328e-01   5.8615107e-01   3.5210746e-01  -1.5332262e-02   7.8720876e-03   2.0665027e-03
  -1.1319305e-01   2.7352903e-01   1.5169782e-01  -1.6078340e-02   7.1827997e-03   1.5429407e-03
  -9.3743329e-02   5.0069603e-01   3.9935884e-01  -1.3704141e-02   6.4089666e-03   2.5037950e-03
  -9.5819908e-02   4.6592081e-01   5.0399218e-01  -1.6319037e-02   6.2206478e-03   2.8386366e-03
  -8.7270748e-02   3.9258451e-01   3.6792685e-01  -1.6982753e-02   6.8774366e-03   3.2111591e-03
  -7.5194087e-02   4.9380644e-01   4.2116423e-01  -1.6320529e-02   6.2536652e-03   3.4975944e-03
  -5.3283957e-02   2.9760318e-01   2.1625511e-01  -1.2721828e-02   6.5740569e-03   3.5552286e-03
  -7.1800774e-02   3.9944315e-01   2.0682658e-01  -1.1114536e-02   6.9215422e-03   3.1269427e-03
  -1.2587846e-01   3.8264207e-01   2.1827694e-01  -1.1027784e-02   7.6074621e-03   2.8495462e-03
  -1.4159644e-01   4.0056672e-01   2.7132080e-01  -1.3903716e-02   6.9364807e-03   3.0759130e-03
  -1.2625292e-01   4.1607526e-01   2.1607325e-01  -1.1442283e-02   6.2285800e-03   2.6822989e-03
  -1.2412809e-01   3.5708424e-01   1.5394889e-01  -1.0399348e-02   6.4268855e-03   2.5110287e-03
  -1.1047336e-01   3.9295670e-01   1.2558103e-01  -1.1483465e-02   7.0298793e-03   2.3324935e-03
  -8.0234474e-02   4.6825070e-01   2.0838398e-01  -1.2415515e-02   6.1178974e-03   3.1431217e-03
  -6.1049399e-02   1.5278581e-01   1.9415277e-01  -7.2049523e-03   7.2175453e-03   4.4495830e-03
  -7.9251693e-02  -1.0548066e-01  -6.8074939e-02  -1.0080180e-02   7.6313031e-03   4.2320600e-03
  -1.8606299e-01   1.1887180e-01  -8.7467795e-02  -8.4220335e-03   7.9692874e-03   1.8657818e-03
  -2.0679453e-01   1.7664997e-01  -2.4214002e-01  -1.1153104e-02   4.5078359e-03  -5.0850256e-04
  -4.5821928e-01  -1.3765599e-01  -8.3381892e-01  -1.4206552e-03   7.4233765e-03  -7.2574738e-03
  -2.5428055e-01   8.5578137e-02  -9.6589643e-01  -6.0760643e-03   1.1616476e-02   2.2028451e-03
  -2.4492969e-01   1.8549852e-01  -9.0861842e-01  -7.9309366e-03   1.1786912e-02   2.8395111e-03
  -1.7564884e-01   2.5820675e-01  -7.4889052e-01  -6.5764954e-03   1.0204998e-02   3.9368050e-03
  -1.7563324e-01   1.5373869e-01  -7.3838564e-01   6.4551313e-05   9.3863187e-03   2.9225512e-03
  -2.9778696e-01  -8.7211127e-03  -8.3040274e-01  -1.1471312e-03   7.6779082e-03   9.0553888e-04
  -2.7053293e-01   2.7315135e-01  -9.0422897e-01  -6.2665018e-03   7.9642572e-03   1.6177859e-03
  -2.1834968e-01   3.3463704e-01  -6.9183661e-01  -6.9829106e-03   9.2655183e-03   2.6299779e-03
  -1.5198529e-01   2.4293744e-01  -6.8417943e-01  -4.1639176e-04   9.3030962e-03   3.8652344e-03
  -1.8136605e-01   9.2399024e-02  -6.9212866e-01  -4.5730761e-03   9.1862061e-03   3.8479041e-03
  -1.3740103e-01   2.5287352e-01  -6.8908354e-01  -6.2488482e-03   8.6359119e-03   4.0948349e-03
  -1.2668777e-01   2.0169095e-01  -7.4048899e-01  -6.1850692e-03   8.9172864e-03   4.3993199e-03
  -1.4166980e-01   2.2219663e-01  -7.5537815e-01  -6.0715457e-03   8.7836906e-03   4.4388697e-03
  -1.3114259e-01   3.1373308e-01  -7.1860517e-01  -4.7184889e-03   8.4779740e-03   4.6372801e-03
  -1.1001448e-01   2.1670244e-01  -7.5767779e-01  -5.6225898e-03   9.0002122e-03   4.7507623e-03
  -1.1100934e-01   3.0178378e-01  -6.2743434e-01  -6.2896483e-03   8.9967569e-03   5.1099608e-03
  -1.1674028e-01   3.4051203e-01  -5.3128766e-01  -8.2823476e-03   9.2688139e-03   5.2702421e-03
  -2.0439334e-01  -7.1116157e-03  -1.9530603e+00  -5.8638246e-03   1.0704828e-02   4.4829587e-03
  -1.1245151e-01   3.1333388e-01  -6.6673037e-01   3.0175813e-03   9.2909382e-03   3.5373795e-03
  -9.7933739e-02   2.4679478e-01  -4.3343890e-01  -1.5041297e-03   8.4715289e-03   4.0545754e-03
  -8.9840920e-02   2.0386810e-01  -4.0101881e-01  -2.4040110e-03   7.8274971e-03   4.1832952e-03
  -8.0641955e-02   2.4785240e-01  -4.2087645e-01  -2.0600195e-03   7.5249285e-03   4.1520172e-03
  -1.1302332e-01   1.9482130e-01  -4.2011354e-01  -2.9811582e-03   7.9027245e-03   4.1510919e-03
  -8.3208521e-02   2.9955273e-01   4.0358732e-03   1.8889667e-03   8.6860793e-03   4.4872126e-03
  -9.9622467e-02   1.7921975e-01   6.6206189e-03  -3.1393272e-04   9.3211186e-03   4.6227393e-03
  -1.2834439e-01   8.4006999e-02  -7.5859500e-02  -4.4159930e-04   1.0033247e-02   4.5148899e-03
  -1.1113946e-01   2.1119988e-01  -9.2677527e-02  -2.9749815e-03   9.6080263e-03   4.4569744e-03
  -9.7978216e-02   2.4418364e-01  -1.5792374e-01  -2.5589753e-03   9.4379219e-03   4.5361934e-03
  -2.1243632e-01   1.6761662e-01  -1.8002245e-01  -2.0183222e-03   1.0655030e-02   4.1776441e-03
  -1.9496475e-01   1.5953543e-01   1.8837093e-02   1.8519750e-03   9.5524705e-03   4.3886741e-03
  -8.4385927e-02   4.1082275e-01   6.7808063e-01  -5.5033894e-03   9.3311991e-03   4.8213568e-03
  -1.3182817e-01   6.6245171e-02   4.8805615e-01  -5.1480293e-03   9.9424500e-03   4.3971930e-03
  -1.3211804e-01   1.8098781e-01   1.8473346e-01  -2.0591269e-03   9.4444030e-03   4.3148948e-03
  -1.6694306e-01   5.8806293e-02  -1.6140978e-01   5.2016502e-03   9.5181192e-03   3.9335440e-03
  -2.2994822e-01  -1.2402227e-01  -3.0531551e-01   7.0048634e-03   7.5263450e-03   3.5876814e-03
  -2.9369368e-01  -2.2121805e-02  -4.6747911e-01   8.9631738e-03   8.5640726e-03   2.6701590e-03
  -1.9464401e-01   1.9732144e-01  -2.4674128e-01   7.4451767e-03   8.0379192e-03   2.8173757e-03
  -1.9125868e-01   1.1923997e-01  -5.6370920e-01  -2.7967635e-03   8.4013717e-03   3.1773371e-03
  -1.0984833e-01   1.8874555e-01  -5.1938915e-01  -2.3766759e-03   7.6378592e-03   4.9269737e-03
  -8.4278375e-02   9.1558909e-02  -5.7457914e-01  -2.0782324e-03   7.8167142e-03   5.2106999e-03
  -7.3135886e-02   2.0821815e-01  -5.0462213e-01  -2.1134722e-03   7.5363946e-03   5.7185245e-03
  -7.3214042e-02   1.1709572e-01  -5.2868975e-01  -2.1964563e-03   7.5027665e-03   5.7241738e-03
  -7.2253169e-02   1.8636472e-01  -5.4892818e-01  -1.2720834e-03   7.9471450e-03   5.8415909e-03
  -3.7150252e-02   3.1086915e-01  -5.4311979e-01  -5.9863061e-03   6.9258485e-03   5.2363291e-03
