   0.0000000e+00   0.0000000e+00   0.0000000e+00   0.0000000e+00   0.0000000e+00   0.0000000e+00
   9.5575135e-02   3.6318190e-02   2.3407961e-02  -8.3372364e-04   3.6258867e-05   4.7627988e-04
   1.9075557e-02   7.0662102e-02   1.4652612e-02  -2.9847498e-04   8.8430364e-04   2.2728792e-04
  -1.4860897e-05   2.6584099e-02   1.5932098e-01  -1.2642466e-03   2.9224765e-04   3.5918055e-04
   9.9168099e-04   1.7496183e-02   1.1737308e-01  -3.6418248e-05   1.0108388e-04   3.1606730e-04
   7.6762152e-03   6.0058275e-02   1.3095887e-01   9.2653899e-04   6.4342580e-04   3.6594601e-04
   5.7981357e-03   2.4703621e-02   1.0667756e-01   9.9507174e-04   1.1418467e-03   5.5114953e-04
  -3.1887180e-02  -8.7369365e-02   5.4667018e-02   3.3390078e-03   2.2671946e-03   8.5440099e-04
   1.4864436e-02  -1.6321875e-01  -1.2599327e-01   6.2044142e-03   7.6872859e-04   4.8965467e-04
  -1.8345636e-01  -2.0522529e-01  -2.1061145e-01   4.3625194e-03   2.5258150e-03  -1.8897993e-03
  -1.2338227e-01   9.4843114e-02   4.3634275e-02   1.8987645e-03   1.3911300e-03  -1.5683168e-03
  -1.1656126e-01  -4.3225150e-02   9.4670983e-02   1.5310052e-03   1.9947251e-03  -1.4581415e-03
  -5.7393859e-02  -2.2122203e-02   8.5474174e-02   2.9936413e-03   1.3556416e-03  -6.2755670e-04
  -4.3591910e-02  -1.6997791e-04   1.4024094e-01   3.2960728e-03   1.1124550e-03  -5.0958319e-04
  -2.2614747e-02  -1.3317235e-02   1.7435468e-01   4.1145559e-03   1.0464888e-03  -3.1235660e-04
  -1.5283332e-02  -6.5897182e-02   2.2990852e-01   6.1312626e-03   1.3857733e-03  -2.9193441e-04
   2.9108352e-02   3.1167280e-01   7.0018063e-01   5.1164925e-03   4.4531009e-04  -8.0945794e-04
  -1.3097863e-01  -1.1896157e-01   5.9304045e-01   1.1848099e-03   3.0303274e-03  -1.9994062e-03
  -9.3009711e-02  -1.8901632e-01   2.6701028e-01   5.0359339e-03   2.9466489e-03  -1.0607380e-03
  -9.5421714e-02  -3.2809398e-02   3.8219712e-01   9.3722777e-03   3.8283589e-03  -6.5339448e-04
  -1.5362581e-01  -1.6661677e-01   9.5451316e-02   5.4436645e-03   3.2419514e-03  -1.4016515e-03
  -1.9367231e-01  -1.2238629e-01  -2.9042280e-01   5.8911168e-03   3.4421235e-03  -1.8149462e-03
  -1.5435887e-01  -1.1375409e-02  -2.4142975e-01   6.2545411e-03   3.6350591e-03  -1.7265523e-03
  -1.0300020e-01  -1.4887359e-02  -1.3928553e-01   8.3732959e-03   1.9696477e-03  -1.4954556e-03
  -1.3389062e-01   3.9246701e-02  -6.7560421e-02   1.0872876e-02   2.9473182e-03  -1.4970299e-03
  -1.6793733e-01  -2.0787041e-01  -1.0344148e-01   8.5715982e-03   3.6289083e-03  -1.5714878e-03
  -1.5379094e-01  -1.0789757e-01  -1.5648097e-01   8.8487479e-03   3.6006978e-03  -1.3333715e-03
  -1.4914967e-01  -8.7579325e-02  -1.5749183e-01   9.1058555e-03   3.6053786e-03  -1.2488574e-03
  -1.4188594e-01  -1.0934568e-01  -1.3391519e-01   8.5464424e-03   3.2943577e-03  -1.2887814e-03
  -1.5111095e-01  -1.4232309e-02   7.1863366e-03   4.6528919e-03   3.1369721e-03  -1.2464704e-03
  -1.6387873e-01  -8.6244907e-02  -3.8032486e-02   2.0691589e-03   2.8096466e-03  -1.4758836e-03
  -1.7199192e-01  -4.2402696e-02  -6.6968296e-02   3.1845618e-03   3.1483432e-03  -1.7836589e-03
  -1.5024023e-01   2.5162523e-02  -1.4913415e-02   4.3385292e-03   2.7963042e-03  -1.6916462e-03
  -1.5477383e-01  -1.0022792e-01  -1.0874403e-01   5.8913623e-03   2.9659073e-03  -1.5177378e-03
  -1.5979878e-01  -3.2363973e-02  -1.1297404e-01   4.5427450e-03   2.8150427e-03  -1.2036836e-03
  -1.5446507e-01  -5.2408425e-02  -1.1943835e-01   6.7917883e-03   3.4320068e-03  -1.3310701e-03
  -1.7665173e-01  -7.6403830e-02  -8.6854515e-02   9.9358744e-03   5.7208821e-03  -5.7382973e-04
  -6.2918536e-02   6.2934232e-03  -2.1946692e-01   1.2648516e-02   6.5933011e-03   3.4299917e-04
  -1.7095773e-01  -1.8240115e-01  -1.0431220e-01   4.6179024e-03   4.6324685e-03  -1.8114182e-03
  -1.8479809e-01  -5.8639915e-02  -2.1526224e-02   4.9220703e-03   4.3074890e-03  -1.4636154e-03
  -1.9764141e-01  -6.7161362e-02  -1.9534958e-02   5.9683398e-03   5.0219152e-03  -1.5951700e-03
  -2.0837472e-01  -6.6253277e-02  -2.6295507e-02   7.8452634e-03   5.3362767e-03  -1.5710852e-03
  -2.0178925e-01  -5.5441899e-02  -1.3159668e-02   8.1882551e-03   5.1324434e-03  -1.5082665e-03
  -1.7919364e-01  -1.5430114e-02  -1.6208805e-02   8.7462088e-03   5.1479803e-03  -9.9928399e-04
  -1.7443761e-01  -6.6806770e-02   6.8186058e-02   6.8366594e-03   5.4459708e-03  -1.0560983e-03
  -2.2045495e-01  -9.5138922e-02  -3.7330950e-02   7.6444037e-03   5.6976500e-03  -9.1847937e-04
  -2.0897270e-01   2.4046584e-02   1.2984539e-01   5.5628653e-03   4.7555050e-03  -1.2172965e-03
  -1.2807075e-01  -1.4448494e-01   1.4766725e-01   8.6507717e-03   5.1120732e-03   4.6928901e-04
  -1.7366170e-01  -4.3738421e-01  -9.7182433e-02   1.1373162e-02   6.5211819e-03  -1.3119231e-03
  -2.1825826e-01  -3.3619049e-01  -1.4732151e-01   9.6154606e-03   4.2346423e-03  -7.1948156e-04
  -1.5249276e-01  -8.2977535e-02   4.1358320e-01   7.0621467e-03   3.0371397e-03   1.2697060e-03
  -7.0399544e-02   5.7526806e-02  -5.3798075e-03   1.4216094e-03   1.6615419e-03   4.6765431e-04
  -8.8808840e-02   5.6670844e-02   8.8265918e-02   8.6498497e-04  -1.4853846e-04  -9.5701282e-05
  -8.5950235e-02   1.9642171e-02   1.0554931e-01   1.2489377e-05  -2.7707000e-04  -1.1920472e-04
  -6.7335912e-02   4.3354204e-02   1.6056570e-01   1.2462545e-03  -8.4797713e-04   6.9539942e-05
  -4.3600900e-02  -7.0789208e-02   1.9652737e-01   9.9041655e-04  -9.0263098e-04   3.1707233e-04
  -3.3231776e-02  -3.5862135e-02   1.9795842e-01   1.1332334e-03  -6.1514922e-04   4.8783152e-04
  -3.2474178e-03   4.8414521e-03   2.1612401e-01   2.2900176e-03  -8.8602848e-05   8.3240200e-04
   1.9994466e-02  -7.9946633e-03   2.0316553e-01   3.1214029e-03   6.2883912e-04   1.2062065e-03
   5.3062998e-02   7.4889398e-03   2.8830968e-01   2.4913214e-03   7.0423125e-04   1.6706870e-03
   6.6184079e-02   7.1091499e-02   5.4267434e-01  -5.2606806e-04  -3.2626802e-04   1.7301376e-03
   8.3346123e-02  -5.2166464e-02   4.3453085e-01   6.5791697e-04  -1.5510309e-04   1.8879026e-03
   1.0827568e-01   1.1277511e-01   5.9398934e-01   6.1557124e-04   1.1320868e-04   1.9146500e-03
   6.2296547e-02  -1.6496740e-01   3.6362956e-01   3.7287092e-03   6.2399726e-04   1.7441665e-03
   7.8523946e-02  -7.4783623e-02   3.3274127e-01   3.9038469e-03   5.0355192e-04   1.8698036e-03
   1.0038802e-01  -7.0290829e-02   2.8208186e-01   4.3520506e-03  -1.2022224e-04   2.3938478e-03
   8.7159699e-02  -5.5494687e-02   4.5410043e-02   8.8318096e-03   5.1502130e-04   3.0391747e-03
   1.1007886e-01  -5.1293133e-02  -4.1636170e-02   5.1751279e-03   5.4250485e-05   3.4959495e-03
   1.2736870e-01  -1.0477215e-02  -9.5549913e-02   2.5828704e-03  -9.9680638e-05   3.8446396e-03
   9.3594345e-02  -1.4724288e-01   5.1140688e-02   9.7367259e-03   8.1604353e-04   3.0822647e-03
   5.2692478e-02  -1.2805137e-01   1.4817322e-01   7.6819457e-03   1.5968764e-03   2.2459719e-03
   7.3921954e-02  -7.6861566e-02   1.6427323e-01   5.6267117e-03   1.9767067e-03   2.6752055e-03
   9.7335559e-02  -8.6881723e-02   1.8211472e-01   6.3909280e-03   2.1679042e-03   3.0632022e-03
   6.1267529e-02  -1.2465420e-01   1.8522440e-01   7.5517424e-03   2.7428914e-03   2.8948156e-03
   5.6021545e-02  -6.5410153e-02   2.3935040e-01   5.9982118e-03   2.1835201e-03   2.5882189e-03
   1.0408699e-01  -8.3832446e-02   2.6495454e-01   7.4217692e-03   9.2721921e-04   3.1360392e-03
   1.1737809e-01  -1.9330250e-01  -1.5554869e-01   1.2358464e-02   1.9442302e-03   2.8721862e-03
   7.2464108e-02  -1.9756177e-01   1.1684319e-02   1.1524498e-02   1.8765675e-03   2.7315209e-03
   1.0000887e-01  -1.1830882e-01   9.1014449e-02   1.0733556e-02   1.6673725e-03   3.1339291e-03
  -6.7620778e-03  -1.3409219e-01   4.9812488e-02   9.8758314e-03   3.0827128e-03   2.5724415e-03
  -7.2514523e-02  -5.4434295e-02   1.0868920e-01   7.1608879e-03   3.5990888e-03   1.6488561e-03
  -1.3791314e-02  -3.6477012e-02   2.0503480e-01   6.0281911e-03   2.4920575e-03   2.2429177e-03
   2.6464722e-02   6.9033504e-03   2.7005953e-01   6.5610132e-03   2.2469832e-03   2.8223437e-03
  -3.7988806e-02  -9.3780363e-02   1.4507773e-01   7.6818113e-03   3.2232629e-03   1.8834660e-03
  -5.4795634e-02  -5.9613315e-02   1.6781379e-01   7.8488324e-03   3.0133385e-03   1.5819210e-03
  -4.3913815e-02  -2.8521784e-02   2.1592341e-01   7.0042827e-03   3.3698149e-03   1.3870559e-03
   8.8526813e-02   1.7418383e-01   5.6420310e-01  -2.2200072e-03   2.1916055e-04   2.9459869e-03
  -2.7908795e-02   3.9080037e-02   5.4902571e-01  -2.7287095e-03   2.3509349e-03   1.9108955e-03
  -2.6579471e-02   5.6030010e-02   6.9345770e-01  -2.9578889e-03   1.7130741e-03   1.6965902e-03
  -1.0459282e-02   2.9737820e-02   6.1866124e-01  -6.3232097e-04   2.0190430e-03   2.0737536e-03
  -2.6597509e-02   1.3579485e-02   6.0792762e-01  -8.4489551e-05   1.9857204e-03   1.9435236e-03
  -1.1543797e-02   3.0505224e-02   6.3703613e-01   5.8009048e-04   1.8403079e-03   2.2471641e-03
   7.6673250e-03   7.6453240e-02   6.8144281e-01   9.5221095e-04   1.6262844e-03   2.3974770e-03
   3.4478822e-04   1.9629608e-02   6.8446536e-01   2.0174331e-03   2.1335779e-03   2.4681699e-03
   1.4012791e-02   4.2075281e-02   6.5804268e-01   1.7210116e-03   1.8662918e-03   2.3018506e-03
   4.7331741e-03   1.4372953e-02   6.1513737e-01   2.6570325e-03   2.0843284e-03   2.1563250e-03
  -8.9348282e-03  -5.3097792e-03   6.1109091e-01   3.4606237e-03   2.3565685e-03   1.9880854e-03
  -4.7786598e-03  -1.1840409e-03   7.2105491e-01   5.6755698e-04   1.7016604e-03   2.0273394e-03
   7.5868801e-02  -2.5238498e-01   1.8026786e-01   1.6693732e-02   4.0079848e-03   3.7929440e-03
   6.2275012e-02  -4.4194626e-01  -6.2174464e-01   2.2305586e-02   4.9780537e-03   3.7332588e-03
   1.2265183e-02  -3.8365486e-01   1.8408803e-02   1.5242044e-02   4.7885204e-03   2.8701698e-03
  -9.5614599e-02  -3.7578319e-01  -2.0848952e-01   1.6153437e-02   6.3151620e-03   3.2682863e-03
  -2.0945650e-01  -4.7745734e-01  -1.1162383e+00   2.0482605e-02   7.6802266e-03   3.7585824e-03
  -1.8045829e-01  -2.1633175e-01  -4.1665205e-01   1.5254431e-02   8.1407468e-03   2.5279806e-03
  -2.3046993e-01  -2.7610550e-01  -4.9575391e-01   1.5412419e-02   9.3054979e-03   2.1506954e-03
  -2.2300640e-01  -1.9453330e-01  -3.4047495e-01   1.3588997e-02   9.2481423e-03   2.1806718e-03
  -2.2724278e-01  -2.2188948e-01  -2.2754843e-01   1.5354208e-02   8.7107461e-03   2.0859157e-03
  -2.6797682e-01  -3.8198966e-01  -8.8984032e-01   1.6533223e-02   9.3236330e-03   1.5228390e-03
  -3.2281793e-01  -3.4740267e-01  -1.1973576e+00   1.1827229e-02   1.0964200e-02   7.2630507e-04
  -3.2381944e-01  -1.6514829e-01  -1.1607660e+00   9.8313298e-03   1.1694485e-02   3.4077629e-04
  -3.2136882e-01  -1.5190160e-01  -8.3895494e-01   1.0158874e-02   9.5399755e-03  -1.5804643e-04
  -2.9986437e-01  -2.2688705e-01  -8.8209947e-01   1.1413382e-02   8.8941899e-03  -2.7656887e-04
  -3.0296920e-01  -1.9639733e-01  -8.9805370e-01   1.2218709e-02   9.0750692e-03  -2.2128564e-04
  -3.0980468e-01  -2.2060749e-01  -8.7585212e-01   1.1491343e-02   9.6090779e-03  -3.9994250e-04
  -2.8768787e-01  -1.6951529e-01  -8.1869977e-01   1.1872812e-02   9.7050437e-03  -2.5486810e-04
  -2.5192765e-01  -1.2265322e-01  -8.2693697e-01   1.0827965e-02   1.0202315e-02   6.7094010e-05
  -2.5755446e-01  -1.8515541e-01  -7.4235656e-01   9.4901739e-03   1.0079870e-02   6.7769871e-05
  -2.6567270e-01  -8.8839467e-02  -6.9372198e-01   8.7269763e-03   9.8266149e-03   6.0180180e-04
  -2.2601828e-01  -4.7903071e-02  -6.1283691e-01   1.0014770e-02   9.1854474e-03   1.0281623e-03
  -2.6117030e-01  -2.3337460e-01  -6.7993908e-01   1.1545132e-02   9.3276673e-03   4.3041541e-04
  -2.6652733e-01  -2.0281322e-01  -5.4567729e-01   9.6875511e-03   9.1302739e-03   2.9368137e-04
  -4.7809834e-02  -1.5989086e-01   3.4115966e-01   8.7841238e-03   9.1980732e-03   1.5046084e-03
  -6.8472442e-03  -2.9911016e-01   4.8065833e-01   1.8501629e-03   6.5504122e-03   9.0046635e-04
  -8.0019240e-02  -2.3381416e-01   1.6575823e-01   1.9906472e-03   7.1197148e-03   7.0460149e-04
  -7.9592835e-02  -5.7909871e-02   4.5367935e-01   6.0222233e-03   6.2863405e-03  -8.5737524e-04
  -1.1993030e-01  -4.5817163e-02   3.3684775e-01   1.4257331e-03   4.2834140e-03  -1.0386404e-03
  -1.1745743e-01  -4.8696069e-02   2.8551289e-01   2.2109368e-03   4.1003928e-03  -9.1592199e-04
  -9.5065145e-02  -5.6293650e-02   4.0618627e-01   2.9000567e-03   3.9189196e-03  -8.9059962e-04
  -1.0168237e-01  -7.8721002e-02   4.2734296e-01   3.0971943e-03   4.1631859e-03  -8.5430812e-04
  -9.7789556e-02  -5.1329355e-02   4.1203270e-01   3.5419903e-03   4.1517861e-03  -7.0125967e-04
  -1.0210949e-01  -1.1119493e-01   4.6084228e-01   2.5035388e-03   4.1640886e-03  -7.2770418e-04
  -1.1308646e-01  -5.7807587e-02   4.1884920e-01   2.8163143e-03   4.5274012e-03  -6.8557666e-04
  -1.3107213e-01  -2.7954157e-02   3.7945112e-01   3.0166411e-03   4.8281818e-03  -4.5429816e-04
  -1.2973020e-01  -4.5346005e-02   3.9180714e-01   2.9980360e-03   5.1732571e-03  -3.8243586e-04
  -8.5086915e-02  -1.3743842e-02   4.3745914e-01   3.2590995e-03   4.9116208e-03  -1.1482149e-04
  -3.7148566e-02   1.0252623e-01   5.5621996e-01   1.1752267e-03   4.0553733e-03   3.1835272e-04
  -1.1165028e-01  -2.3122570e-01  -1.5012680e-01   3.8676431e-03   4.8739078e-03  -7.7307314e-04
  -8.3157077e-02   1.0688225e-01   7.3768897e-01   3.7069987e-03   4.5639576e-03  -8.9955391e-05
   3.1642158e-02   4.0266898e-01   1.5295056e+00  -1.4180461e-02   2.7973178e-03   1.5651673e-03
  -1.5152751e-01  -3.9268756e-01  -2.3803095e+00   1.2934219e-02   8.9411809e-03   1.7932575e-03
  -9.0127933e-02  -7.7183984e-02  -1.7423588e+00   1.3673230e-02   9.3399825e-03   1.9709660e-03
  -8.9524539e-02  -1.5705272e-01  -1.6337643e+00   1.1859987e-02   8.6948459e-03   1.7743341e-03
  -8.3778167e-02  -1.6798903e-01  -1.5281942e+00   1.0549373e-02   8.7249455e-03   1.7394595e-03
  -7.5213823e-02  -1.2166998e-01  -1.4327509e+00   9.3360889e-03   8.5362619e-03   1.7059662e-03
  -7.6526991e-02  -1.2453292e-01  -1.3909230e+00   9.2992867e-03   8.7898506e-03   1.5881511e-03
  -6.8178575e-02  -7.5254958e-02  -1.3564283e+00   8.6763171e-03   8.7682116e-03   1.5786862e-03
   8.4037031e-02   7.0815145e-02  -5.7454614e-01   1.3458086e-02   7.3827866e-03   1.7450238e-03
   5.8864608e-02   5.5343573e-03  -2.0470112e-02   3.4534523e-03   6.7496978e-03   1.0686884e-03
  -3.5162655e-02  -2.6144273e-01  -2.3128040e-01   6.1996989e-03   6.7844006e-03   4.2371529e-04
  -8.8838323e-03  -1.1725055e-01  -2.1985573e-01   5.7856440e-03   6.9839392e-03   9.6889021e-04
  -1.1704567e-02  -8.2443008e-02  -3.1649633e-01   7.6515847e-03   7.8853713e-03   1.2928589e-03
  -1.6676753e-02  -3.7807982e-02  -2.9690011e-01   9.5628175e-03   8.3509058e-03   1.4801907e-03
  -1.8950749e-02  -1.2407326e-01  -2.8283124e-01   9.3307977e-03   7.9780016e-03   1.5415301e-03
  -1.8839740e-02  -1.1775223e-01  -2.7332282e-01   9.4298999e-03   8.0123964e-03   1.4283474e-03
  -1.0931639e-03  -8.0134535e-02  -2.6257523e-01   9.6627004e-03   8.0234034e-03   1.4499316e-03
   6.8889406e-03  -1.1744894e-01  -2.3222886e-01   9.1547632e-03   8.0742869e-03   1.6569497e-03
  -4.0922377e-02  -1.0965024e-01  -2.4838304e-01   7.6934644e-03   8.5216619e-03   1.2932655e-03
  -1.6951528e-02   1.0889044e-01  -1.1960399e-01   5.2607193e-03   7.8231561e-03   1.5242325e-03
  -7.9229208e-02  -2.0780062e-01  -2.2002814e-01   6.2914263e-03   8.7172265e-03   1.2473489e-03
  -4.9854151e-02  -3.4276558e-02  -1.8209653e-01   6.3707376e-03   8.4704495e-03   1.5261815e-03
  -6.5856976e-02  -1.8218434e-01  -2.4908336e-01   7.9056867e-03   8.9287173e-03   1.4777483e-03
  -3.9337735e-02  -7.4074870e-02  -2.1422244e-01   8.8705173e-03   8.8019867e-03   1.4963360e-03
  -3.6328259e-02  -1.1194408e-01  -1.8792643e-01   9.5509440e-03   8.5722730e-03   1.6004194e-03
  -6.1141847e-02  -1.4647021e-01  -2.0325088e-01   9.0926714e-03   8.7235348e-03   1.3238533e-03
  -7.4703601e-02  -9.3375357e-02  -1.5528687e-01   6.9921625e-03   8.6533876e-03   1.2274036e-03
  -6.7496343e-02  -1.1672273e-01  -1.4982230e-01   7.9252835e-03   8.6616354e-03   1.3031506e-03
  -6.5926983e-02  -1.6833226e-01  -1.9342628e-01   8.1730695e-03   8.4391895e-03   1.3245151e-03
  -5.9725883e-02  -8.5539679e-02  -1.4789783e-01   8.1501907e-03   8.5012921e-03   1.2154980e-03
  -8.7618512e-02  -9.6147817e-02  -1.5906162e-01   8.0083382e-03   8.6746009e-03   1.1506478e-03
  -4.8596074e-02  -2.4136604e-03  -3.1001978e-02   5.9324234e-03   7.9983223e-03   1.3402532e-03
   3.5048065e-02  -2.6946539e-01   2.1293519e-02   1.5283762e-02   6.7495641e-03   3.3102777e-03
   3.0494966e-02  -1.8789052e-01   6.7059753e-02   1.2449142e-02   7.4953951e-03   2.7356226e-03
  -5.9532187e-03  -2.1990417e-01   5.4683660e-02   1.0302058e-02   7.5284306e-03   2.1112893e-03
  -2.7508427e-02  -2.2422706e-01   1.5695636e-02   1.0959172e-02   7.9752644e-03   2.0880055e-03
  -4.7631353e-02  -1.5442756e-01  -7.4423242e-03   1.1035840e-02   7.6660478e-03   1.7628192e-03
  -7.1411886e-02  -1.8308598e-01   2.5500728e-02   1.1063239e-02   8.0123854e-03   1.7518440e-03
  -6.0548945e-02  -1.3295045e-01   7.4166696e-02   1.0928994e-02   8.3964902e-03   1.9625139e-03
  -8.5566562e-02  -1.7929688e-01   9.9199520e-03   1.0791582e-02   8.8243127e-03   1.9017461e-03
  -6.2456378e-02  -1.2253807e-01   8.5127777e-02   1.1068217e-02   8.0157378e-03   1.8773776e-03
   7.9304147e-02  -5.8223494e-01  -1.4610591e+00   3.4031944e-02   1.4554691e-02   5.1592056e-03
   6.7461558e-03  -6.7958046e-01  -7.1918417e-01   2.9536966e-02   1.2166847e-02   4.3384454e-03
  -5.5848771e-02  -5.3880640e-01  -7.2677396e-01   2.6013016e-02   1.1859952e-02   3.5075322e-03
  -6.1254076e-02  -4.0455962e-01  -5.3384968e-01   2.2288636e-02   1.0983675e-02   3.4932876e-03
  -8.6116972e-02  -3.9830508e-01  -4.7933150e-01   2.1882983e-02   1.0665926e-02   3.0991646e-03
  -9.1354867e-02  -3.3945719e-01  -4.3363187e-01   2.1077310e-02   1.0808577e-02   3.1824709e-03
  -7.7735646e-02  -3.3283782e-01  -3.2043206e-01   1.9092731e-02   1.0158197e-02   3.2649806e-03
  -7.4046936e-02  -3.6012891e-01  -2.8839121e-01   1.9146831e-02   1.0091155e-02   3.3162328e-03
  -9.5795059e-02  -2.6281932e-01  -3.1397506e-01   1.6288048e-02   9.8304686e-03   3.1515426e-03
