   0.0000000e+00   0.0000000e+00   0.0000000e+00   6.9388939e-18   0.0000000e+00   0.0000000e+00
  -4.3055796e-02  -7.1597896e-03   1.3871790e-02  -1.8780808e-03   4.5092982e-04  -1.9843740e-04
  -2.4545223e-02   1.6505677e-01   4.4783096e-02  -1.4605617e-03   2.2267239e-05  -2.2575160e-04
  -6.7311732e-02  -1.5804464e-01   1.3082678e-02  -7.9366467e-05   8.5780747e-04  -1.6682247e-04
   4.2304841e-03   1.1654858e-01   5.8578426e-02   5.2188484e-04   2.5168541e-04   1.7822938e-04
  -3.5237809e-02   4.3572875e-02   8.0331965e-02   3.7549536e-04   3.1369654e-04  -4.5775694e-05
  -5.6837952e-02  -8.8711569e-02  -9.6085783e-03   1.5261716e-03   6.2554665e-04   1.0391050e-05
  -1.7577617e-02   1.1621858e-01   5.9790841e-02   8.4407168e-04   3.1526253e-04   1.3799834e-04
  -6.8410135e-02  -4.0435805e-02   1.0618159e-02   2.4753670e-04   9.2887026e-04  -9.3935502e-05
  -2.3362610e-02   1.0656790e-01   6.1043005e-02   1.5149585e-03   8.1121338e-04   3.1649555e-04
  -4.4457519e-02  -7.7114681e-02   4.2321764e-02   2.1471595e-03   1.1799580e-03   8.3502532e-05
  -1.2578414e-02  -1.4601609e-02   2.9854937e-02   7.3366517e-04   8.0735832e-04   5.1004422e-04
  -9.5294058e-03  -3.7884112e-03   4.6505486e-03   1.3560386e-03   6.7628846e-04   3.6084196e-04
   2.5977818e-03   6.8908924e-02   5.4893534e-03   6.3797786e-05   4.3583177e-04   2.7996125e-05
   1.7019461e-02   3.2966116e-02   3.0612880e-02   1.4122868e-03   5.0993942e-04   2.2773075e-04
  -2.9992012e-02  -5.9404797e-02  -8.2940368e-03   2.5838480e-03   5.9643546e-04   1.6853880e-04
  -2.1605939e-02  -1.7425355e-03  -4.4052941e-02   3.3207550e-03   7.6103416e-04   2.0667387e-04
  -4.9655030e-04   5.2077184e-02   6.6418547e-02   2.7309108e-03   5.3207562e-04   2.6028732e-04
   4.0893725e-02   6.1633504e-02   6.1015074e-02   2.4247334e-03   3.8806813e-05   8.1353553e-04
  -3.2436223e-02  -8.4960636e-02   8.0375274e-03   1.3211070e-03   7.8000330e-04   6.7557566e-05
  -2.0030170e-02  -2.6407059e-02  -4.1370470e-03   2.8854102e-03   1.1466742e-03   1.2602754e-05
  -1.2658135e-02   3.1200401e-02   5.4280838e-02   2.9217833e-03   1.0810840e-03   1.5635815e-04
  -4.0335614e-02  -1.8410169e-01  -7.0306630e-02   4.4165308e-03   1.6018704e-03   5.4846616e-04
  -3.8600704e-02  -2.3180789e-01  -3.6731210e-01   8.1725719e-03   3.7556462e-03   4.5947467e-04
   2.1011409e-02  -2.2504950e-01  -6.1880812e-01   1.2252119e-02   1.4968536e-03   1.3307886e-03
  -3.9824288e-02  -2.0359248e-01  -5.8058477e-01   6.4942424e-03   2.4173492e-03   6.8022471e-04
  -2.1306327e-02  -9.5655037e-02  -5.0579766e-01   6.9472920e-03   2.2540399e-03   6.9767297e-04
  -3.9815849e-02  -5.3053444e-02  -4.1581608e-01   7.0611309e-03   2.2281217e-03   7.4730404e-04
  -4.7879618e-02  -1.3209398e-01  -4.6033806e-01   7.0880962e-03   1.9961990e-03   3.5409725e-04
  -1.3525321e-02  -1.1313477e-01  -4.2232644e-01   7.9053749e-03   1.7143904e-03   6.6940997e-04
   2.0461336e-02  -2.6860733e-01  -1.3019215e+00   1.6503439e-02   3.8887003e-03   1.2061150e-04
  -4.1902350e-02  -6.4621920e-01  -2.9773964e+00   1.0430139e-02   4.4096592e-03  -1.0506390e-03
  -5.3473123e-02  -2.9726879e-01  -2.4543164e+00   1.2244402e-02   4.4051432e-03  -2.1505915e-03
  -1.3757936e-01  -1.2928680e-01  -2.4493522e+00   8.8581717e-03   5.3929145e-03  -2.7391134e-03
  -1.2156866e-01   3.1278382e-01  -1.1402367e+00   5.7320005e-03   3.8263183e-03  -3.3887006e-03
  -2.1647741e-01  -1.4583230e-01  -8.6236936e-01   2.3115939e-03   5.3825613e-03  -3.9921092e-03
  -2.1703276e-01   6.8131349e-02  -7.3791858e-01   1.2282185e-03   5.3992660e-03  -3.6261933e-03
  -1.7745051e-01   1.5658431e-01  -6.2295824e-01   1.8854622e-03   4.4298240e-03  -2.8752657e-03
  -7.5808144e-02  -1.3167086e-01  -3.2142322e-01   1.2490037e-02   1.9363706e-03  -2.0052272e-03
  -3.8645519e-02  -8.7674423e-03  -3.3010298e-02   2.6826778e-03   7.9961176e-05  -2.4882457e-03
  -3.7990702e-02   7.9354650e-02  -1.2554751e-01   6.4980072e-03   7.6424345e-04  -2.1470783e-03
  -6.5582726e-02  -5.8277816e-01  -9.8009597e-01   1.7249273e-02   4.2562216e-03  -1.9138004e-03
  -1.4103475e-01  -1.8688523e-01  -1.0820072e+00   7.1002309e-03   8.0261771e-03  -8.5163772e-04
  -5.3051611e-02  -3.1078059e-02  -7.2833462e-01   2.9969572e-03   6.6899056e-03  -5.0885383e-04
   3.6179948e-02   2.3081687e-02  -6.8121503e-01   5.7799012e-03   5.2296300e-03   8.7227166e-04
   1.0352083e-01  -3.7487444e-02  -5.3420964e-01   6.8820796e-03   4.6036633e-03   9.2650571e-04
   1.4594404e-01  -6.9091699e-02  -5.6525881e-01   8.3753791e-03   4.3748846e-03   1.3031998e-03
   1.7930658e-01  -8.2770236e-02  -4.8176828e-01   8.6081840e-03   4.0725644e-03   1.3543717e-03
   2.3844652e-01   8.3035883e-02   5.1700036e-02   5.3091204e-03   3.6997794e-03   1.0788403e-03
   1.6802160e-01  -2.7616313e-01  -1.9707762e-01   7.7286039e-03   5.1763992e-03   1.3832398e-03
   2.0142920e-01   2.0558751e-02  -4.8754793e-02   5.6571021e-03   5.1318946e-03   1.9245585e-03
   2.1639178e-01   9.3143816e-02   4.6443770e-01   1.1127218e-03   4.9861515e-03   2.3579975e-03
   2.1112296e-01  -1.5887655e-01   2.8693379e-01   4.8544867e-03   5.5107200e-03   2.6264174e-03
   2.4189098e-01  -3.5004735e-02   1.3789755e-01   7.5657674e-03   5.8131001e-03   2.8253215e-03
   3.1525011e-01   5.3066161e-02   2.5949939e-01   3.7308756e-03   4.1705802e-03   2.5490630e-03
   2.5107911e-01  -3.2523890e-02   2.9254202e-01   3.3147160e-03   4.5618206e-03   1.5166498e-03
   2.7326263e-01   4.6788822e-02   3.0513457e-01   4.2283140e-03   4.5808664e-03   2.3501159e-03
   2.4823330e-01   1.8647564e-01   3.7759540e-01   4.0939982e-03   4.5919050e-03   1.6098718e-03
   2.3749735e-01  -1.5672830e-01   3.6457464e-01   5.3494512e-03   4.9058274e-03   2.2132270e-03
   2.5996818e-01  -1.0064702e-01   2.3410081e-01   6.3896577e-03   5.3247166e-03   2.4940062e-03
   2.8898239e-01  -2.4026122e-02   2.0538452e-01   6.7404172e-03   5.4046889e-03   2.6949709e-03
   2.4301441e-01  -1.7974083e-01  -6.9875251e-02   6.2672226e-03   5.5681118e-03   1.6182377e-03
   2.2019461e-01  -2.8069384e-02   1.6300815e-01   5.1335841e-03   5.3679867e-03   1.6185700e-03
   2.0089668e-01  -1.9845047e-01  -1.2845611e-01   7.6114763e-03   6.7709872e-03   1.8288271e-03
   2.7262464e-01   2.0452899e-02  -2.5026865e-03   6.8710303e-03   5.5080204e-03   2.0177616e-03
   2.6520386e-01  -3.7779088e-03   4.9418077e-02   6.9148670e-03   5.7359876e-03   1.8075156e-03
   2.7972758e-01  -1.6843208e-01  -7.4654027e-03   8.8727877e-03   6.8470560e-03   2.5674878e-03
   1.5149184e-01  -2.9950846e-01  -6.3881927e-01   1.2182159e-02   7.0952450e-03   2.0309002e-03
   2.7414081e-01  -1.0064726e-01  -3.0209148e-01   1.1975748e-02   6.1209397e-03   1.8252655e-03
   1.9520099e-01  -2.2939502e-01  -8.0282682e-01   9.6430242e-03   9.0512747e-03   2.1337363e-03
   2.1754529e-01  -9.6476871e-02  -1.6280714e+00   1.1369458e-02   8.2708541e-03   2.2480730e-03
   3.0759437e-01   1.6938493e-02  -1.3359768e+00   9.3043026e-03   5.0418174e-03   3.2792581e-03
   3.0089757e-01  -3.0147611e-01  -1.4688508e+00   1.1638678e-02   6.4231190e-03   4.0464721e-03
   3.7039220e-01  -3.9439688e-02  -1.4202057e+00   1.1830859e-02   6.3343958e-03   4.4178865e-03
   2.2015870e-01  -2.2289604e-01  -1.6464583e+00   1.3668789e-02   7.0723025e-03   3.0608888e-03
   1.4919604e-01  -2.3370802e-01  -1.7373802e+00   1.3130005e-02   8.4803135e-03   3.0467236e-03
   1.5973455e-01  -1.3389839e-01  -1.7444778e+00   1.3623410e-02   8.0254723e-03   3.1216780e-03
   1.4899182e-01  -2.0151747e-01  -1.6558877e+00   1.2899538e-02   7.6036041e-03   2.8776092e-03
   1.5524114e-01  -4.5590106e-02  -1.5537709e+00   1.1832917e-02   4.8290209e-03   2.3757249e-03
   1.6636293e-01  -1.1672630e-02  -1.6293807e+00   1.1371150e-02   3.0949183e-03   1.4953647e-03
   5.4144791e-02  -4.5106790e-01  -1.7023195e+00   1.1853688e-02   8.6697014e-03   3.4098589e-04
   4.7710650e-02  -2.2386528e-01  -1.0928263e+00   5.3710356e-03   8.3337375e-03   1.5689630e-03
   7.0468478e-02   1.2580869e-02  -8.2904943e-01   3.3593242e-03   8.0962539e-03   1.4420886e-03
   1.0292472e-01  -4.3747560e-02  -8.0294606e-01   4.1637057e-03   8.6075015e-03   1.9709477e-03
   1.3999797e-01  -1.4130354e-02  -7.9216572e-01   4.1171911e-03   8.5665327e-03   2.8026502e-03
   2.3289079e-01  -1.8766133e-01  -6.2778444e-01   1.5165535e-02   7.6818572e-03   2.0169189e-03
   2.3045476e-01  -5.4060477e-02  -4.6348012e-01   4.1724478e-03   5.3285540e-03   1.4612676e-03
   2.3297325e-01   2.3328850e-02  -5.0522354e-01   4.2721884e-03   6.0950319e-03   1.7504714e-03
   2.5635725e-01  -9.9598290e-02  -5.1952477e-01   7.1075582e-03   5.6531127e-03   2.2114974e-03
   3.3785487e-01  -2.4059930e-02  -5.4689002e-01   7.0540222e-03   5.1252792e-03   2.4486477e-03
   3.8000225e-01   7.2881844e-02  -3.7925180e-01   4.5697063e-03   3.8016570e-03   3.3283248e-03
   3.6605347e-01  -1.8923063e-01  -4.8943099e-01   8.0429137e-03   3.9747919e-03   2.7844108e-03
   3.8951658e-01  -1.3238978e-02  -4.6657000e-01   7.3490723e-03   4.3082401e-03   2.7763835e-03
   3.8090100e-01   4.9600180e-02  -4.3127609e-01   5.3737540e-03   4.0671707e-03   2.8817178e-03
   3.3653702e-01  -1.6377952e-01  -4.7221286e-01   6.0010435e-03   4.0210361e-03   2.7428392e-03
   3.8726563e-01   4.1804377e-02  -4.7243003e-01   6.2125847e-03   3.7684022e-03   2.8990931e-03
   4.0185463e-01   7.7687874e-03  -5.0378215e-01   6.7779327e-03   4.0939299e-03   2.9353016e-03
   3.9260379e-01  -4.9565796e-02  -4.6348131e-01   7.0242623e-03   4.0040908e-03   2.8369316e-03
   3.9812244e-01  -2.3214449e-02  -4.5568679e-01   7.7501943e-03   3.7732254e-03   3.0009016e-03
   4.1369604e-01   8.4977474e-02  -5.3722556e-02   9.7851417e-03   2.7484757e-03   2.7527302e-03
   3.3680058e-01  -1.6334536e-01  -1.0996853e-01   6.4004482e-03   3.6569445e-03   2.1030525e-03
   4.0892496e-01  -2.9096245e-01  -6.4126106e-01   1.3882607e-02   3.2388776e-03   2.5453209e-03
   2.8091505e-01  -9.0656806e-02  -3.6658547e-01   1.2249547e-02   2.1525427e-03   1.2650583e-03
   1.4025890e-01  -1.4341241e-01  -9.6325141e-01   1.7229065e-02   1.6740887e-03  -1.4616448e-04
   8.0446399e-02  -2.5078700e-01  -9.2444643e-01   1.6023598e-02   3.9328412e-03  -3.1900645e-04
   8.3554784e-02  -2.2642356e-01  -6.0308250e-01   1.0657562e-02   5.8213618e-03   9.6483518e-05
   1.2102589e-01   7.0736862e-02  -6.6391443e-01   7.2528883e-03   5.1535528e-03   1.0847797e-03
   1.4368477e-01  -2.0916998e-02  -5.5189311e-01   6.7255151e-03   5.3151865e-03   1.5242046e-03
   1.9321973e-01   1.0145913e-02  -5.1289512e-01   4.8691075e-03   5.2329613e-03   2.1778062e-03
   2.0714293e-01   1.2152994e-01  -5.1972027e-01   4.5009004e-03   5.2660150e-03   2.4171661e-03
   2.4549591e-01   1.3977819e-01  -3.7800445e-01   4.7442162e-03   4.6003653e-03   2.5823760e-03
   2.6196133e-01   3.9262142e-02  -4.5079753e-01   5.8337848e-03   4.6431724e-03   2.7633985e-03
   2.6525961e-01   9.4065895e-02  -4.0970666e-01   6.7791506e-03   4.8475028e-03   3.0771893e-03
   1.7782610e-01  -1.5371103e-01  -7.0650739e-02   1.8955358e-03   5.9585739e-03   3.1766385e-03
   1.8652455e-01  -1.5879082e-02  -9.6665144e-02   3.7871291e-03   5.5616157e-03   2.7508032e-03
   2.0150846e-01   4.7332987e-02  -1.8951917e-01   6.9104025e-03   4.6691297e-03   2.2511530e-03
   1.8180849e-01  -6.9234605e-02  -1.5550222e-01   7.9877814e-03   3.5278577e-03   2.0972071e-03
   1.3026680e-01   6.6423231e-02  -8.2578733e-01   5.4262506e-03   3.1970699e-03   1.3483842e-03
   6.1214690e-02   1.9553844e-02  -1.1932312e+00   5.1673146e-03   1.4041699e-03   1.9726257e-03
   3.4022345e-02  -1.5659384e-01  -1.2184420e+00   5.0068024e-03   1.1877119e-03   2.8539332e-03
   4.5485202e-02  -2.0666283e-02  -1.1032178e+00   2.0719423e-03   5.0667543e-04   3.0158812e-03
   1.0972509e-01  -3.0795804e-02  -1.1658085e+00   5.7627671e-03  -2.9793477e-05   2.9732466e-03
   1.3504844e-01  -6.2036500e-02  -1.1813816e+00   6.4482087e-03  -1.5046216e-04   2.5353266e-03
   1.0950327e-01  -1.2816114e-02  -1.1279727e+00   6.1225557e-03   2.3026023e-04   2.5896074e-03
   8.6744506e-02  -8.7064830e-02  -1.1745622e+00   7.0086003e-03   8.8866776e-05   2.7818859e-03
   5.4936903e-02  -2.8639161e-02  -1.2862686e+00   7.2701369e-03   3.5539879e-04   1.8878553e-03
   4.5592049e-02  -3.3261300e-02  -1.2128691e+00   8.0692480e-03  -1.4508247e-04   2.8944212e-03
   1.4017628e-01  -5.3135803e-02  -1.3859952e+00   6.8982923e-03  -1.4386174e-03   1.8687974e-03
   1.4475757e-01   1.0459056e-02  -1.4873712e+00   5.5320456e-03  -1.4384301e-03   1.4013613e-03
   1.3403066e-01   5.2694733e-02  -1.4002397e+00   5.1040446e-03  -1.1518250e-03   1.8397841e-03
   1.5420038e-01   5.0923116e-02  -1.3509933e+00   5.5761073e-03  -2.1033349e-03   1.8147122e-03
   1.2904316e-01  -1.3027652e-02  -1.4543705e+00   6.2159489e-03  -1.1444788e-03   1.5116505e-03
   1.5398763e-01   4.3731770e-03  -1.4643814e+00   6.7898485e-03  -1.1306185e-03   1.8428818e-03
   1.4333515e-01  -3.1202459e-02  -1.3966915e+00   8.4039179e-03  -5.5808249e-04   1.7706176e-03
   2.3922525e-01   1.1864604e-01  -1.0273744e+00   8.3221942e-03  -2.9595847e-04  -1.6353627e-03
   1.2285726e-01   1.6455084e-01  -3.4856316e-01   4.0399943e-03   4.1251007e-04  -2.1096739e-03
   1.2714498e-01   3.7970070e-01  -5.1685930e-01   2.7397818e-03  -1.7653616e-03  -1.3861231e-03
   6.5065930e-02   9.5122572e-02  -6.6066290e-01   5.8472607e-03   3.1620827e-04  -1.8417931e-03
  -4.6802699e-03  -4.6410651e-02  -6.3678563e-01   3.7048861e-03   2.6777800e-03  -1.0241592e-03
  -1.8494228e-02   1.9546884e-02  -7.2849287e-01   3.8305988e-03   3.3662032e-03  -5.5414706e-04
   2.9303940e-03   5.9703685e-03  -7.2588652e-01   3.3141596e-03   2.9178202e-03   4.0521277e-04
   1.8561770e-02   2.3775721e-02  -7.0582544e-01   3.2683225e-03   3.0215083e-03   5.4228910e-04
   9.2288569e-02   6.3070605e-02  -7.6741754e-01   8.8964368e-03   2.7883691e-03   6.6431080e-04
   1.2352407e-01  -1.6466448e-02  -6.5590637e-01   9.0497691e-03   2.4357550e-03   8.9102982e-04
   1.6779440e-01   2.3230011e-02  -3.8695812e-01   7.1318226e-03   8.1885439e-04   9.7032337e-04
   1.4930620e-01  -3.5246933e-02  -5.2021952e-01   7.5320828e-03   7.9305328e-04   9.7346145e-04
   1.7687021e-01   8.6557299e-02  -4.3057787e-02   5.0385251e-03   1.7525507e-03   3.3911588e-04
   1.5757163e-01  -8.3884849e-02  -2.5419716e-01   3.1740758e-03   1.5389206e-03   8.5856196e-04
   1.2735423e-01   1.0790958e-01  -4.4360490e-01  -5.1219775e-03   1.9269481e-03   6.6777675e-04
   1.7442627e-01   1.9893486e-01  -4.6459293e-01  -4.0508830e-04   1.4425692e-03   8.5834632e-04
   1.9140424e-01   1.0607760e-01  -5.0055924e-01   3.3912281e-03   9.1919786e-04   1.2291101e-03
   2.0241967e-01   1.3631482e-01  -4.8542930e-01   3.4269804e-03   1.0525893e-03   1.8155086e-03
   1.8067950e-01   1.0662608e-01  -4.8467775e-01   3.7032529e-03   4.2288170e-04   7.9554696e-04
   1.8254982e-01   1.3219064e-01  -4.2096995e-01   3.5266886e-03   2.8311058e-04   6.7828226e-04
   1.9405726e-01   1.7755950e-01  -3.8495811e-01   2.1276711e-03  -5.3456155e-04   8.1225673e-04
   1.7083136e-01   5.1830063e-02  -2.5216059e-01   2.3496332e-03   1.5516274e-03   7.7605419e-04
   2.0333482e-01   1.9709312e-01   3.7443087e-01  -5.3410320e-03   2.0737277e-03   1.2269362e-03
   1.1683389e-01   1.9134351e-01  -3.9063926e-01  -3.2044776e-03   1.4189382e-04  -7.0196727e-04
   9.4905552e-02  -4.8152872e-01  -1.8863628e+00   1.6035285e-02   1.7521747e-03  -4.7228094e-03
   3.5513162e-01  -9.4234394e-02  -1.1107167e+00   2.4474096e-02   3.7174363e-03   2.7804015e-03
   3.8576257e-01  -1.9939595e-01  -4.9633240e-01   9.1802456e-03   5.2446268e-03   2.3891615e-03
   4.4896499e-01   5.1176494e-02  -3.7667557e-01   5.3554486e-03   3.2919898e-03   3.1774382e-03
   4.7945298e-01  -1.8368708e-01  -6.2280522e-01   1.2191241e-02   4.4852827e-03   4.3342571e-03
   3.3367610e-01  -2.7287534e-01  -6.3463251e-01   1.8340980e-02   4.8472867e-03   2.4118947e-03
   3.3001840e-01  -8.7139625e-02  -1.0252713e-01   6.2916413e-03   3.7457107e-03   2.6827104e-03
   3.4362668e-01   4.0808505e-02   1.5786287e-01   2.5046966e-03   2.3035582e-03   2.5610683e-03
   3.6141611e-01   7.6512295e-03   1.6994270e-01   4.3774322e-03   2.4529390e-03   2.5533011e-03
   3.7021035e-01   4.5247229e-02   1.7112020e-01   4.0308248e-03   2.6268567e-03   2.6975263e-03
   3.6294818e-01   6.6015704e-02   1.9103071e-01   4.9238944e-03   1.8840821e-03   2.5611557e-03
   3.7597374e-01   2.2303151e-02   1.8385092e-01   5.5318071e-03   2.0091591e-03   2.6441014e-03
   4.0371942e-01   1.1660863e-01   2.7123952e-01   5.7286826e-03   1.6475956e-03   2.7015957e-03
   4.1237466e-01   4.9199734e-02   2.3465897e-01   5.4489485e-03   1.9596258e-03   2.7845569e-03
   4.2371607e-01   1.1268969e-01   2.5108310e-01   4.9930323e-03   2.3957684e-03   2.8778178e-03
   4.3172459e-01   1.2596795e-01   2.6030866e-01   4.5903500e-03   2.0168520e-03   2.9509647e-03
   4.1552078e-01   5.6322149e-02   2.4073628e-01   4.6853451e-03   2.3298539e-03   3.0888654e-03
   4.1417063e-01   1.4800955e-01   2.7585565e-01   4.6108311e-03   2.7032458e-03   3.4713237e-03
   4.1159097e-01   6.4229139e-02   2.7449642e-01   5.4837281e-03   2.8440694e-03   3.1172531e-03
   4.5156382e-01   1.3096336e-01   4.3753716e-01   5.7005780e-03   2.1972221e-03   3.5099040e-03
   4.9744077e-01   1.0746832e-01   4.5653575e-01   5.5770877e-03   2.2121816e-03   3.7886482e-03
   5.0076450e-01  -2.8756818e-02   3.0810423e-01   8.0367927e-03   2.5311451e-03   3.8094561e-03
   4.5728551e-01  -3.2160322e-01  -6.1680503e-03   9.6518524e-03   4.9752798e-03   3.3625018e-03
   3.7590909e-01   3.6797836e-02   3.5628242e-01  -2.8696959e-03   4.2146709e-03   1.7579803e-03
   4.3008412e-01   1.8656223e-01   5.0646949e-01   3.0988768e-03   2.3709227e-03   2.3262819e-03
   2.8570144e-01   6.5622479e-02   5.0483258e-01   3.2457514e-03   1.3028838e-03   1.7370875e-03
   1.4525433e-01   9.9117786e-02   2.0558792e-02  -6.5813005e-05   1.9962139e-03   1.0181568e-03
   1.3270517e-01   2.0999950e-01  -3.7537552e-02  -2.6648795e-03   3.3987662e-03   7.2977269e-04
   1.3028428e-01   1.6813525e-01  -1.0527290e-01  -2.6836831e-03   4.9319192e-03   1.0544754e-03
   9.1334658e-02   3.5958492e-01  -5.2837159e-02  -4.3999033e-03   4.5414386e-03   7.5182330e-04
