   0.0000000e+00   0.0000000e+00   0.0000000e+00  -1.3877788e-17  -1.9259299e-34   1.3877788e-17
   1.8052247e-03   5.3539666e-02  -9.8283968e-02  -2.6954404e-03   1.5534298e-04   2.3291138e-04
   7.6120275e-02   1.3924976e-01   3.0294136e-02  -1.6062596e-04  -2.3633929e-04   1.1077335e-03
   5.7667893e-02  -5.9833279e-02   1.5855427e-01  -2.8117098e-03  -1.6730172e-04   1.5910306e-03
   9.4203614e-02   2.3462246e-01   3.9638340e-01  -2.7190208e-03  -1.1082524e-03   8.3071566e-04
   9.1511468e-02  -8.7265592e-02   3.3891172e-01  -4.3526554e-03  -1.0819533e-03   1.4842521e-03
   7.7769696e-02   1.5611408e-01   4.2022232e-01  -3.7252167e-03  -1.8955102e-03   4.0000722e-04
   1.1246868e-01  -3.2563140e-03   3.3976278e-01  -2.8291723e-03  -2.4927446e-03   8.9673147e-04
   1.8625577e-01   1.9785295e-01   4.4700180e-01  -3.8527495e-03  -3.4011828e-03   1.7868977e-03
   1.4224061e-01  -4.3373276e-02   4.2064933e-01  -4.4590650e-03  -2.7901895e-03   1.3554080e-03
   1.7617142e-01   1.8194351e-01   4.3906599e-01  -5.3139575e-03  -3.1050118e-03   1.5713588e-03
   1.7430179e-01   1.4434119e-02   4.0518064e-01  -3.7202226e-03  -2.6365559e-03   1.4530934e-03
   2.2758160e-01   1.4560678e-01   4.2219220e-01  -2.0559788e-03  -3.2695875e-03   1.3781159e-03
   1.6691519e-01  -1.6938396e-01  -2.0543968e-01   2.7791321e-03  -1.7318563e-03   3.6964686e-04
   1.7926061e-01  -4.2391300e-02  -4.0788126e-02   6.4099798e-04  -1.8821750e-03   6.9886735e-04
   6.8204382e-02  -2.2739966e-01  -8.7743101e-01   2.7843762e-03   2.7945687e-04   8.4416781e-04
   3.8701948e-02   2.2852780e-02  -7.8604324e-01   3.1857764e-03  -8.5607575e-04   9.3798266e-04
  -3.4187892e-03  -1.5171449e-02  -7.2066347e-01   4.2838532e-03  -2.0601877e-03   1.0875093e-03
  -1.5776888e-02   4.8721467e-02  -1.4534152e+00   4.3134109e-03  -3.7710160e-03  -2.6730748e-03
  -8.0082286e-02  -3.1235178e-01  -1.5041188e+00   1.0084221e-02  -4.3245887e-03  -4.7023008e-03
  -1.5247010e-01  -3.5102725e-01  -1.4401228e+00   7.3915521e-03  -3.5118412e-03  -4.7789379e-03
  -2.5207398e-02   3.3543157e-01  -2.4070826e-01   2.2852055e-03  -5.1950227e-03  -4.2604947e-03
  -8.2209424e-02  -6.6751244e-03  -2.9848020e-01  -1.1065980e-03  -5.6914113e-03  -4.4739697e-03
  -9.3412497e-02   1.2222333e-01  -1.5503053e-01  -6.5245008e-04  -5.2407159e-03  -4.6716883e-03
  -9.6433051e-02   1.8340530e-01   6.6493700e-03  -5.0823789e-03  -5.3896526e-03  -4.0581977e-03
  -8.5300124e-02   1.6759828e-01  -7.7536749e-05  -5.3940017e-03  -5.2868114e-03  -3.7795819e-03
  -8.9814881e-02   2.7034396e-01   4.0364594e-02  -6.0103307e-03  -4.8953462e-03  -3.5543132e-03
  -5.9057861e-02   2.4676411e-01   7.1544809e-02  -5.5761163e-03  -4.4749131e-03  -3.0294027e-03
   2.8652555e-02   4.4766368e-01   3.6051256e-01  -5.5575770e-03  -4.6073113e-03  -2.0999634e-03
  -1.9999034e-02   1.0457748e-01   3.1010966e-01  -7.3675156e-03  -3.6474069e-03  -2.1135774e-03
   3.3152630e-03   2.2427393e-01   2.4400123e-01  -6.7264431e-03  -3.7004992e-03  -1.4134219e-03
   3.6847062e-02   2.8257069e-01   2.3424995e-01  -4.6832605e-03  -3.6209610e-03  -9.4675047e-04
   5.4124063e-02   2.6813897e-01   2.6892998e-01  -4.4624891e-03  -3.7097233e-03  -3.6043976e-04
   5.7708450e-02   2.5323469e-01   2.9566465e-01  -3.5073524e-03  -4.0253610e-03  -1.4522307e-04
   1.4430505e-01   4.0713526e-01   3.3314200e-01   7.5960617e-04  -4.3100370e-03  -8.6277197e-05
   9.8819923e-02   3.3123139e-01   6.2385389e-01  -8.8582153e-03  -3.4625078e-03   1.0642226e-03
   4.0355492e-02   5.0683791e-01   1.0277133e+00  -8.9990026e-03  -4.2057738e-03  -9.1351887e-04
   1.8773493e-02   2.4159328e-01   6.9740877e-01  -2.3400799e-03  -5.3298611e-03  -9.3426645e-04
   3.4588510e-02   3.2469795e-01   8.0844377e-01  -4.3157928e-03  -4.5839090e-03  -1.3369625e-03
   7.9823191e-03   1.3311806e-01   5.8331160e-01  -5.4504517e-03  -4.0023199e-03  -3.8932298e-04
   4.2840630e-02   2.7141928e-01   6.4153302e-01  -4.7215390e-03  -4.1169279e-03   3.0994800e-04
   5.5492156e-02   2.8790011e-01   6.3736447e-01  -4.9324592e-03  -3.7850358e-03   4.9513217e-04
   6.2184614e-02   3.4847116e-01   7.2957201e-01  -4.7294307e-03  -3.6153189e-03   7.0942849e-04
   9.5229152e-02   2.7470679e-01   6.8554315e-01  -5.3886885e-03  -4.5725383e-03   5.2423790e-04
   1.0859061e-01   3.6833848e-01   8.2268743e-01  -4.6989278e-03  -4.9044434e-03   5.5860194e-04
   6.9641821e-02   5.6723799e-01   1.1237287e+00  -7.7874880e-03  -4.9856666e-03  -8.3627868e-04
  -1.0303471e-02   2.5348551e-01   6.8273893e-01  -5.8643326e-03  -4.0298452e-03  -8.8504863e-04
  -7.0644946e-02   1.7290859e-01   2.0365672e-01  -3.3291032e-03  -3.3434297e-03  -1.7679508e-03
  -1.2791076e-01   1.7471194e-01   2.0213689e-01  -7.8858594e-04  -4.9592029e-03  -2.0133560e-03
  -2.1601490e-01  -2.7680072e-02  -1.1874814e-01   7.5797213e-04  -5.3056669e-03  -3.5899676e-03
  -2.8625850e-01   1.2773199e-01  -1.8084901e-02   3.0575225e-03  -2.8302495e-03  -5.5036345e-03
  -2.6168061e-01  -2.1130672e-02   1.7230300e-01   3.5340374e-03  -2.5794236e-03  -4.7197168e-03
  -2.2141990e-01   2.4273337e-01   4.5835066e-01  -4.3831246e-03  -3.6023979e-03  -4.5698520e-03
   2.2831628e-02   3.9717980e-01   2.0497986e-01  -5.1848984e-03  -7.6219506e-03  -2.4308463e-03
   7.0625525e-02   2.0923141e-01   2.7677432e-01  -3.4640661e-03  -8.3632453e-03  -9.2202268e-04
   7.2437401e-02   2.6958169e-01   2.5724551e-01  -4.8298335e-03  -7.7352291e-03  -6.6515676e-04
   1.0188625e-01   3.1439151e-01   3.2611245e-01  -2.3041715e-03  -7.6398080e-03  -5.0417624e-04
   1.1752570e-01   2.9944980e-01   3.3967794e-01  -2.1424435e-03  -7.7776771e-03  -6.7184871e-04
   3.8668158e-02   5.9147430e-02  -1.0585736e-01   2.3766422e-03  -5.4180194e-03  -1.2455529e-03
  -3.4271905e-03  -1.7383693e-01  -1.0630470e+00   8.1776874e-03  -3.5646143e-03  -1.7440916e-03
   8.5016449e-02   5.8752026e-02  -5.3978809e-01   1.0445685e-02  -5.2837478e-03  -2.1731542e-03
   5.4533224e-02   1.8287293e-01  -8.0425870e-01  -2.2978040e-03  -7.3490886e-03  -2.0534654e-03
  -7.9808795e-02   2.1454408e-01  -2.5097792e-01  -8.3294932e-03  -2.7698162e-03  -2.6962645e-03
  -1.9624029e-01   4.9751092e-01  -3.6342692e-01  -1.5934911e-02  -1.2246038e-03  -3.2148807e-03
  -1.6178952e-01   6.6172347e-01  -1.8705643e-01  -1.7054665e-02  -9.7737167e-04  -3.7108619e-03
  -1.6462739e-01   5.3981977e-01  -3.0270988e-01  -1.6099640e-02  -8.4020334e-04  -3.7029113e-03
  -1.1300343e-01   5.9856214e-01  -4.4207114e-01  -1.5380962e-02  -1.3283667e-03  -2.8729111e-03
  -1.9327471e-01   2.8019201e-01  -4.2788761e-01  -1.2741512e-02   9.7942869e-05  -2.9957011e-03
  -1.4720273e-01   4.4435824e-01  -3.3474608e-01  -1.4474882e-02  -1.3528145e-03  -2.9249688e-03
  -1.0375391e-01   5.9292036e-01  -2.8457799e-01  -1.5404884e-02  -2.0554375e-03  -2.3241781e-03
  -1.8983961e-01   1.9728219e-01  -3.3501078e-01  -1.1481405e-02  -1.6290108e-04  -2.7130918e-03
  -1.5397974e-01   4.1841013e-01  -2.7406066e-01  -1.0635144e-02  -9.6943356e-04  -2.3033781e-03
  -1.3018029e-01   4.8727454e-01  -2.1510747e-01  -1.0283622e-02  -1.2525581e-03  -1.7903087e-03
  -1.5951100e-01   1.5586262e-01  -3.1362633e-01  -8.3581756e-03  -4.9716935e-04  -2.9862620e-03
  -1.6716100e-01   5.3144146e-01   2.8436609e-01  -9.3198439e-03  -1.3989676e-03  -3.9891236e-03
  -1.8055332e-01   4.3224032e-01   4.5242023e-01  -9.9929520e-03  -1.8344290e-03  -3.3917464e-03
  -2.4212680e-01   2.3198169e-01   4.4164068e-01  -9.7203206e-03  -1.3254802e-03  -3.1926302e-03
  -2.0844670e-01   3.7921265e-01   7.9676851e-01  -3.6781266e-03  -4.6343167e-03  -9.7501374e-04
  -2.3757880e-01   2.5809755e-01   7.1092026e-01  -8.4910676e-03  -2.9852497e-03  -2.4680445e-03
  -2.4455486e-01   2.9571129e-01   6.5498253e-01  -9.7364368e-03  -3.0040442e-03  -2.0347799e-03
  -1.5001822e-01   4.0981003e-01   6.4924578e-01  -5.9483984e-03  -2.9096601e-03  -8.8703593e-04
  -1.3553719e-01   3.5989090e-01   7.2401282e-01  -7.6288251e-03  -2.2580626e-03  -9.1736718e-04
  -1.3478309e-01   3.8117060e-01   7.8329643e-01  -7.9300241e-03  -2.3975358e-03  -5.6007395e-04
  -1.5140431e-01   4.8344096e-01   1.0424086e+00  -9.1286579e-03  -3.3368645e-03  -8.4722844e-04
  -1.6396079e-01   3.3382329e-01   8.8432864e-01  -6.1214115e-03  -2.1413932e-03  -6.7529798e-04
  -1.3371979e-01   4.2600931e-01   9.3615754e-01  -6.9803390e-03  -2.4162774e-03  -5.3548794e-04
  -1.4168583e-01   2.9209141e-01   8.8126297e-01  -5.9454688e-03  -2.2561901e-03  -5.0284795e-04
  -1.3097868e-01   3.9967241e-01   8.7993115e-01  -5.3903361e-03  -2.3943482e-03   2.7100278e-04
  -1.2485297e-01   4.3157641e-01   9.6388754e-01  -4.5905951e-03  -2.3136637e-03   2.0137116e-04
  -1.2958838e-01   3.0235080e-01   8.5364725e-01  -1.0359555e-03  -2.2209462e-03   2.2756694e-05
  -1.0537872e-01   3.5146242e-01   9.4725535e-01  -1.0860896e-03  -2.8344208e-03   2.7650121e-04
  -1.0263868e-01   2.0334772e-01   8.9850830e-01  -3.7123072e-04  -2.5428996e-03   6.2654784e-04
  -7.4466664e-02   3.6230359e-01   1.4826669e+00  -1.0346829e-02  -3.7641643e-03  -2.1416261e-04
  -8.1721318e-02   2.5803194e-01   1.3950090e+00  -1.2340090e-02  -3.8973268e-03  -9.1721918e-04
  -7.2066598e-02   4.7999329e-01   1.2951536e+00  -1.1279618e-02  -4.7240119e-03  -7.9455596e-04
   1.0060420e-02   2.3636986e-01   1.1154387e+00  -1.1115507e-04  -5.6355891e-03   6.8047862e-04
   6.2615793e-02   2.5289829e-01   1.5438433e+00  -1.1900034e-03  -3.8384629e-03   1.9883400e-03
  -1.8238962e-02   3.6623270e-01   1.1795040e+00  -8.4563134e-03  -4.1739850e-03   1.8514754e-03
  -1.7077234e-01   1.1787546e-01   2.0910970e-02  -2.0373759e-03  -4.4485773e-03  -1.4931588e-03
  -1.6829453e-01  -3.7653842e-01  -5.6946587e-01   1.4078870e-02  -1.5141394e-03  -5.5464090e-03
  -1.4858986e-01  -1.7529058e-01  -5.6550152e-01   9.6242638e-03   3.1042508e-03  -2.4993541e-03
  -1.4427926e-01  -1.4179727e-01  -3.2909886e-01   5.8544877e-03   2.2280264e-03  -2.1697023e-03
  -8.4942566e-02   1.0161403e-01  -1.0890291e-01   1.0664018e-03  -1.3938714e-03  -6.9130944e-04
  -2.9172255e-02   1.0238621e-01   5.4919442e-02  -2.0055904e-03  -2.0774509e-03  -5.8416436e-04
  -2.2274421e-02   2.0578132e-01   7.9359411e-02  -2.3343515e-03  -2.5557856e-03  -5.3628427e-04
  -1.7370567e-02   2.6881886e-01   1.8650382e-01  -2.5234647e-03  -2.5386282e-03  -1.7929597e-04
  -3.6291391e-02   1.9506695e-01   1.2640585e-01  -2.6792425e-03  -1.9119048e-03  -1.1227275e-04
  -3.6019109e-02   2.4779011e-01   2.2814010e-01  -3.4768230e-03  -2.0059210e-03  -1.5882101e-04
  -4.8014795e-02   2.2973039e-01   2.6026482e-01  -4.2099218e-03  -2.7842795e-03  -3.9559765e-04
  -3.3380085e-02   2.8446702e-01   2.2604446e-01  -3.1404093e-03  -2.3560218e-03  -2.4778240e-04
  -4.0865610e-02   2.9327745e-01   2.8466543e-01  -4.4523767e-03  -2.7170020e-03  -2.5730425e-04
  -4.0466205e-02   2.8986217e-01   3.4491046e-01  -7.0321613e-03  -2.8170671e-03   4.4575720e-04
  -3.2185570e-02   3.9571277e-01   4.1359017e-01  -7.1389387e-03  -2.8305249e-03   3.1691772e-04
  -4.9986758e-02   3.2110484e-01   3.7299254e-01  -6.0015322e-03  -2.3932080e-03   3.5407982e-04
  -4.7993711e-02   3.4263746e-01   3.7537817e-01  -4.5768173e-03  -2.6158442e-03   5.0304614e-04
  -8.1339331e-02   3.2354187e-01   3.2441330e-01  -2.5503419e-03  -2.1855069e-03   2.5274162e-04
  -1.1787425e-01   2.9621197e-01   3.4989526e-01  -2.1067564e-03  -1.5907432e-03   3.4482879e-04
  -1.3542704e-01   2.9421691e-01   3.7357002e-01  -1.9124939e-03  -1.0666980e-03   1.2594208e-04
  -1.2706814e-01   3.1982477e-01   3.9984503e-01  -2.4559054e-03  -1.0777497e-03   5.2495899e-04
  -1.4921665e-01   2.3388024e-01   3.9145611e-01  -1.9318183e-03  -8.9024146e-04   2.4344911e-04
  -1.4758964e-01   2.3824678e-01   3.7913532e-01  -2.4407447e-03  -1.3872222e-03   1.3742344e-04
  -5.6873274e-02   4.0638842e-01   8.5635600e-01   4.0303765e-03  -1.9641426e-03   5.9790029e-04
  -1.1242800e-01   2.5421271e-01   8.3496681e-01  -4.2918606e-03  -1.2945248e-03  -1.9659719e-04
  -1.3773056e-01   3.4812430e-01   1.2956255e+00  -1.0990630e-02  -1.7295097e-03  -9.4147692e-04
  -1.4230913e-01   4.0682024e-01   1.3144131e+00  -1.1035482e-02  -1.7432646e-03  -5.9383602e-04
  -1.2634751e-01   4.0121664e-01   1.2563741e+00  -8.0593939e-03  -2.3372652e-03  -3.9889671e-04
  -1.5760580e-01   3.8330327e-01   1.2088013e+00  -6.8975744e-03  -1.8941261e-03  -1.3059789e-04
  -1.0147032e-01   3.9317494e-01   1.3473124e+00  -7.5747986e-03  -1.8686458e-03   5.0047417e-04
   1.0867423e-01   4.0073870e-01   1.6554260e+00   4.8214652e-04  -1.7386683e-03  -4.7956793e-04
  -4.2292655e-02   3.3447115e-01   1.6747980e+00  -1.0598777e-02  -4.3916516e-03  -1.7194662e-03
  -7.8315367e-02   2.6207758e-01   1.7251936e+00  -8.8289305e-03  -3.0026750e-03  -1.2499151e-03
  -4.6090028e-02   3.4853392e-01   1.6565655e+00  -6.5277043e-03  -2.2995211e-03  -4.1512894e-04
  -4.0028610e-02   3.6509472e-01   1.6938236e+00  -6.9717263e-03  -2.5036708e-03  -2.0621904e-04
   6.4369630e-02   1.5480903e-01   1.6715540e+00  -2.2659954e-03  -7.9415295e-05   2.1300630e-03
   1.2954146e-01   1.6817754e-01   1.6467964e+00  -1.1755092e-03   3.8329053e-03   3.1426613e-03
   5.2356362e-02   2.4559903e-01   1.6623046e+00  -2.8779371e-03   1.5825284e-03   2.3001334e-03
   4.3345509e-02   2.9826022e-01   1.4569824e+00  -2.8700468e-03  -2.8949862e-03   8.8129261e-04
   8.6150292e-02   3.1339585e-01   1.0585921e+00   2.1367403e-03  -3.1352764e-03  -3.7830940e-04
   1.5475410e-02  -3.0937896e-02   1.2476656e+00   1.4326722e-03  -1.0350262e-03   1.0197880e-03
   3.8272300e-02   1.4291198e-01   1.2008289e+00  -7.4405943e-04  -9.4885270e-04   1.2305396e-03
   2.6352644e-02   2.8150489e-01   1.3202921e+00  -4.0814056e-03  -1.0840748e-03   1.7343719e-03
   4.0407611e-02   2.7709636e-01   1.2778585e+00  -2.8211184e-03  -1.3697546e-03   2.0997414e-03
   6.0817626e-02   3.3359339e-01   1.2022132e+00  -2.4147627e-03  -1.3691529e-03   2.4284494e-03
   7.0956377e-02   3.1321530e-01   1.2352368e+00  -4.0733589e-03  -1.5569498e-03   2.5872195e-03
   6.2616662e-02   3.5205854e-01   1.3334172e+00  -5.2871487e-03  -1.9697266e-03   2.6319910e-03
   6.3383245e-02   4.3809910e-01   1.3791008e+00  -7.2449092e-03  -2.0431702e-03   2.6812872e-03
   2.7253411e-02   2.8219700e-01   1.2847013e+00  -4.4088842e-03  -1.2710971e-03   3.2628892e-03
   1.4240996e-02   3.4363797e-01   1.3688500e+00  -5.0820691e-03  -1.1408634e-03   2.9934560e-03
   1.3227655e-01   3.6076832e-01   1.6357509e+00  -2.1335851e-03  -2.0773358e-03   3.5512536e-03
   1.7183985e-01   2.8441008e-01   2.0744338e+00  -7.6610727e-03  -2.6820590e-03   2.5893248e-03
   1.1677261e-01   3.7935876e-01   1.8936793e+00  -1.1165530e-02  -2.9470471e-03   1.5803764e-03
   8.1304485e-02   4.5758897e-01   1.8698119e+00  -1.0452118e-02  -2.1460349e-03   1.9441437e-03
   4.5246025e-02   3.9443253e-01   1.8431966e+00  -9.7704294e-03  -1.7669339e-03   2.2161519e-03
   8.2138628e-03   4.1122274e-01   1.8107254e+00  -7.4353131e-03  -8.5832435e-04   2.3562138e-03
  -5.0101209e-02   4.0925114e-01   1.8901541e+00  -8.6280366e-03   1.5120694e-04   1.5634096e-03
  -1.3853801e-02   4.6499385e-01   1.9902440e+00  -9.5968563e-03  -6.3252058e-04   2.1635917e-03
  -2.1134887e-02   3.4645046e-01   1.8700001e+00  -8.1233128e-03  -5.7868730e-04   2.2001880e-03
  -4.1313956e-03   3.7027633e-01   1.8383059e+00  -7.5626713e-03  -9.6448589e-04   2.1482735e-03
   1.4084446e-02   3.8537649e-01   1.8745064e+00  -8.1646709e-03  -1.7797510e-03   2.1462177e-03
   3.5073142e-02   4.0784985e-01   1.9635454e+00  -6.7139295e-03  -2.0954516e-03   2.4537142e-03
   5.2373771e-02   3.3011095e-01   1.8621697e+00  -3.7223396e-03  -2.6141451e-03   1.8041333e-03
   5.3663806e-02   2.1605987e-01   1.8333476e+00  -5.4923758e-03  -2.9063365e-03   2.1027912e-03
   7.0286509e-02   3.4802855e-01   1.8144402e+00  -6.1802181e-03  -2.9726972e-03   2.2053108e-03
   5.3493155e-02   2.9580889e-01   1.7629154e+00  -6.1185762e-03  -2.8028177e-03   2.2888943e-03
   1.1940220e-01   1.2882383e-01   1.3511066e+00   4.5282656e-04  -2.5167764e-03   3.6084499e-03
   1.4987474e-01   2.4311894e-01   7.5339917e-01   5.3501042e-03  -3.5873003e-03   3.5535502e-03
   1.5902167e-01   3.0632828e-01   1.4267566e+00  -5.5115776e-03  -3.5381303e-03   3.7303241e-03
   1.5561234e-01   3.7747077e-01   1.4002670e+00  -3.8088628e-03  -1.9553955e-03   4.1973230e-03
   1.3003199e-01   3.8174230e-01   1.4613958e+00  -4.3077514e-03  -1.1900244e-03   3.9495633e-03
   1.1357968e-01   3.7832834e-01   1.5566731e+00  -5.3534858e-03  -2.0536513e-03   4.2253818e-03
   1.1809517e-01   3.9105527e-01   1.6412624e+00  -3.0017110e-03  -1.7544121e-03   4.1661257e-03
   7.9612733e-02   3.6583801e-01   1.7148419e+00  -4.1876619e-03  -1.5888812e-03   4.2418689e-03
   8.4318792e-02   2.8550219e-01   1.6016872e+00  -2.7596304e-03  -7.5168491e-04   4.2497194e-03
   4.2010406e-02   3.2596675e-01   1.5841793e+00  -3.4976142e-03  -7.8411821e-04   3.4724545e-03
   9.2393859e-02   4.1540100e-01   1.7197956e+00  -6.0105443e-03  -1.7523686e-03   5.0000892e-03
   1.4166250e-01   3.0997866e-01   8.8653174e-01  -8.0239975e-03  -2.2125263e-03   6.2093122e-03
   5.2814059e-02   3.9101511e-01   1.7634722e+00  -4.2238905e-03  -1.4048543e-03   3.6573661e-03
  -3.4181839e-04   2.6750776e-01   1.8602359e+00  -7.2995423e-03  -7.7238591e-04   3.2561613e-03
   2.4134712e-02   3.6926103e-01   1.8609320e+00  -6.9174605e-03  -5.8409827e-04   3.7575606e-03
   2.9691364e-02   3.7702820e-01   1.8581186e+00  -5.5594384e-03  -5.7397571e-05   4.1238926e-03
   1.6112816e-01   2.8422928e-01   1.8571879e+00  -3.2461311e-03  -1.7815732e-03   4.2001224e-03
   2.7146733e-01   1.7310213e-01   2.0648761e+00  -1.0681118e-02  -6.9443100e-04   7.1779571e-03
   2.8135464e-01   4.7810097e-01   2.1517058e+00  -1.3668130e-02  -2.7795345e-03   4.9181197e-03
   3.1896853e-01   6.3258029e-01   2.2990394e+00  -1.9878368e-02  -3.3194496e-03   4.3665210e-03
   2.5199119e-01   5.3627611e-01   2.2621237e+00  -1.8079257e-02  -2.8915210e-03   3.5411342e-03
   2.4926929e-01   5.3064518e-01   2.2119275e+00  -1.5450635e-02  -2.8720816e-03   3.9286568e-03
   2.3953099e-01   5.3464637e-01   2.2199396e+00  -1.4813081e-02  -2.9128278e-03   3.9570541e-03
   1.5587645e-01   5.5336702e-01   1.8636091e+00  -1.1981542e-02  -2.9433162e-03   2.8519379e-03
