   0.0000000e+00   0.0000000e+00   0.0000000e+00  -6.9388939e-18  -3.4694470e-18  -1.3877788e-17
   5.4973414e-02   5.6239319e-03   1.6550457e-01   1.8619224e-03  -7.0250277e-04   2.5945780e-04
   7.8534185e-02  -8.6862593e-02   1.4705730e-01   3.3619816e-03  -3.2402476e-04   1.3520697e-03
   7.7841465e-02  -1.0374294e-01   1.2949414e-01   5.3629347e-03  -6.2510170e-04   1.3675226e-03
   1.0850871e-01  -8.8724796e-02   9.9691608e-02   6.2094143e-03  -9.2110103e-04   1.5291424e-03
   1.1012451e-01  -1.4381439e-01   7.5266561e-02   6.7768531e-03  -4.6461420e-04   1.3253294e-03
   1.2229696e-01  -8.2534830e-02   1.9890186e-01   7.3133423e-03  -6.1429096e-04   1.4697814e-03
   1.2470857e-01  -1.2101248e-01   2.2390873e-01   5.8256786e-03  -1.2776480e-03   1.4941441e-03
   1.0867051e-01  -1.2537414e-01   1.9691409e-01   5.2896091e-03  -1.0016105e-03   1.8757030e-03
   1.1701368e-01  -7.3534841e-02   2.2224798e-01   4.8445250e-03  -1.4109727e-03   1.9933698e-03
   1.3247814e-01   2.5194264e-02   2.5172611e-01   6.3128020e-03  -9.6336805e-04   2.2329641e-03
   2.6026593e-01  -1.8111920e-01   3.9600809e-01   1.1821228e-02  -4.6082649e-03   4.2458190e-03
   2.9722906e-01  -1.3251146e-01   3.8852173e-01   5.9995739e-03  -5.1547133e-03   3.1657590e-03
   3.4534571e-01  -3.5490226e-01  -6.2457517e-01   5.9354408e-03  -4.2368104e-03   2.0970870e-03
   3.5009739e-01  -4.3726936e-01  -2.1215833e+00   7.9196217e-03  -3.3811130e-03   2.5147571e-03
   2.1804338e-01  -2.9798067e-01  -1.4378156e+00   8.4627662e-03  -1.9295699e-03   2.2139780e-03
   7.7800773e-02  -9.3640029e-02  -5.5836748e-01   4.8837872e-03  -1.8808867e-03   1.9412472e-03
   1.5095383e-01   2.8869957e-02  -1.1631477e-01   4.0116885e-03  -5.3741245e-03   1.9901989e-03
   2.0586623e-01   6.6640494e-02   1.5179656e-01  -2.4529227e-03  -7.7300493e-03   2.0813985e-03
   1.9111635e-01   7.1990358e-02   2.6857251e-01  -1.6166502e-03  -7.6340148e-03   2.0808730e-03
   2.0829307e-01   6.2168953e-02   3.3234657e-01  -2.2793590e-03  -7.9265157e-03   2.1553001e-03
   2.0265168e-01   2.8300958e-02   3.4750792e-01  -1.4931998e-03  -7.8503046e-03   2.2670964e-03
   2.1121239e-01   9.4107567e-02   3.5441370e-01  -1.4011281e-03  -8.1063830e-03   2.3396352e-03
   2.0888576e-01   1.3559944e-01   4.1403406e-01  -1.5213386e-03  -8.2213801e-03   2.4412146e-03
   2.0833885e-01   1.0850052e-01   4.3052368e-01  -2.9011124e-04  -8.3697727e-03   2.3796104e-03
   1.8660600e-01   1.2612646e-03   3.6870228e-01   3.8470546e-04  -7.7129150e-03   2.4806861e-03
   1.8826809e-01   9.9812091e-02   4.0062802e-01  -3.4113424e-04  -7.5900264e-03   2.4661694e-03
   1.9195236e-01   1.0274664e-02   3.1436812e-01  -1.1309828e-04  -6.8970784e-03   3.1099581e-03
   2.1574499e-01   4.4270912e-02   3.3171704e-01   1.2941664e-06  -7.0353302e-03   3.0651961e-03
   2.2690994e-01   2.0033189e-01   4.7125832e-01  -1.4074777e-03  -7.2111556e-03   3.3288005e-03
   2.7831144e-01   3.5385980e-01   8.8002896e-01  -2.5537366e-03  -6.4217842e-03   3.7936210e-03
   2.2111171e-01   5.9540047e-02   9.6177655e-01  -3.9344819e-03  -6.1598031e-03   3.2041244e-03
   1.2192759e-01  -1.1450916e-01   5.1699234e-01  -9.9634100e-04  -6.1150275e-03   3.3140998e-03
   1.4341091e-01   1.1429661e-01   5.2952965e-01  -9.5310213e-04  -6.3298269e-03   3.2294130e-03
   1.5597960e-01   2.8820522e-02   4.9666927e-01   2.0058349e-03  -6.0175310e-03   3.7246526e-03
   1.6869079e-01   1.6385100e-01   4.9385438e-01   1.7512094e-03  -6.8387511e-03   3.4729377e-03
   1.5828781e-01   1.3164124e-01   6.9224719e-01   6.8285218e-04  -9.0805046e-03   2.6620644e-03
   2.0092898e-01   1.0074373e-01   7.0378644e-01  -1.5527583e-03  -1.0595569e-02   1.9146041e-03
   3.3312985e-01   1.4782093e-01   6.6855836e-01  -2.8780034e-03  -1.1985907e-02   1.1053646e-03
   3.3473264e-01   2.3186087e-01   7.0358543e-01  -3.6739850e-03  -9.4977559e-03   9.8563851e-04
   3.0525495e-01   2.6924652e-01   8.4583148e-01  -7.4059037e-03  -1.1086032e-02   1.4934850e-03
   2.4496836e-01   1.8817643e-01   6.0109409e-01  -8.4728451e-03  -1.0236051e-02   1.5424923e-03
   2.1214495e-01   2.3310841e-01   7.5302337e-01  -6.5226577e-03  -8.1942623e-03   1.8190315e-03
   3.1977130e-01   2.2558563e-01   8.9924185e-01  -6.1001398e-03  -9.3806626e-03   2.3549868e-03
   3.6445215e-01   2.1719795e-01   9.6731789e-01  -6.0119402e-03  -1.0717880e-02   2.6487608e-03
   3.9520246e-01   2.8499616e-01   1.0198825e+00  -6.6223983e-03  -1.0826232e-02   2.6511786e-03
   4.2570662e-01   2.9884151e-01   1.1040679e+00  -5.0104580e-03  -1.0316251e-02   2.8718743e-03
   3.7393849e-01   5.5910775e-02   1.1515765e+00  -6.9742666e-03  -1.0409027e-02   1.6295464e-03
   3.8811056e-01   1.8106115e-01   1.1482464e+00  -7.6135363e-03  -1.0749854e-02   1.8427591e-03
   4.2611490e-01   3.0018291e-01   1.0800749e+00  -5.3207254e-03  -1.0394708e-02   2.7674160e-03
   4.5406352e-01   2.4342073e-01   1.0030546e+00  -2.9308342e-03  -1.0642739e-02   3.2593105e-03
   4.1696319e-01   9.0224380e-02   1.0531112e+00  -3.6556200e-03  -1.0415585e-02   2.8194732e-03
   4.5353018e-01   2.6209307e-01   1.1430092e+00  -4.9836861e-03  -1.0930196e-02   2.8099241e-03
   4.3309192e-01   1.4968297e-01   1.1445406e+00  -4.8003269e-03  -1.0937820e-02   2.7585142e-03
   4.3782738e-01   2.2045057e-01   1.1342851e+00  -5.1885503e-03  -1.1210981e-02   2.8794841e-03
   4.4843003e-01   2.2034391e-01   1.1455201e+00  -5.6602328e-03  -1.1450981e-02   2.7095114e-03
   4.6607586e-01   2.3050644e-01   1.1616991e+00  -4.4707136e-03  -1.1129115e-02   2.8620587e-03
   4.7298032e-01   2.8321802e-01   1.3127376e+00  -8.0515611e-03  -1.2475442e-02   3.1660221e-03
   4.6711379e-01   1.7120122e-01   1.2224333e+00  -7.3045061e-03  -1.2192970e-02   2.9644072e-03
   4.6115361e-01   2.1910599e-01   1.1678653e+00  -6.9254338e-03  -1.1946027e-02   2.7125348e-03
   4.6488215e-01   2.0198492e-01   1.1781434e+00  -6.1242661e-03  -1.1921089e-02   2.9050096e-03
   4.9503713e-01   1.7946685e-01   1.1771203e+00  -5.7713127e-03  -1.1938852e-02   3.1473793e-03
   4.9665209e-01   2.2059652e-01   1.1710094e+00  -5.8087149e-03  -1.1565481e-02   3.3470614e-03
   5.0372862e-01   2.1933739e-01   1.1657592e+00  -5.6975414e-03  -1.1765977e-02   3.3360630e-03
   4.3457910e-01   2.7416845e-01   1.2725673e+00  -3.8498635e-03  -9.0763075e-03   4.2250255e-03
   4.2318703e-01   1.6846056e-01   1.3253223e+00  -7.5785842e-03  -1.1095976e-02   3.6802907e-03
   3.7449733e-01   1.8087131e-01   1.2639415e+00  -5.1564121e-03  -8.3025336e-03   3.2646192e-03
   3.8335733e-01   1.1025058e-01   1.3375142e+00  -6.2727227e-03  -8.9697844e-03   4.2371809e-03
   3.7496721e-01   1.9356207e-01   1.3501707e+00  -6.4268515e-03  -9.0713957e-03   3.8384141e-03
   4.1417722e-01   1.8930173e-01   1.3402445e+00  -4.9122480e-03  -9.5640154e-03   4.2849969e-03
   4.2841001e-01   1.8783257e-01   1.3570529e+00  -4.0886185e-03  -9.3722968e-03   4.5554084e-03
   4.4516673e-01   1.6700130e-01   1.3873082e+00  -4.1244852e-03  -9.1658143e-03   4.4699659e-03
   4.8207524e-01   1.9231182e-01   1.3224808e+00  -3.5831242e-03  -9.2060286e-03   4.8878191e-03
   4.6031369e-01   1.1065370e-01   1.4737136e+00  -6.7160117e-03  -9.6252084e-03   4.3669726e-03
   4.1642970e-01   2.2018985e-01   1.3975293e+00  -5.1127244e-03  -8.5484920e-03   4.3708970e-03
   4.1587419e-01   2.2877230e-01   1.5152617e+00  -6.5963219e-03  -8.3405020e-03   3.9125599e-03
   4.0883109e-01   2.2465954e-01   1.5171389e+00  -8.8008656e-03  -9.5512093e-03   4.2105067e-03
   4.0733859e-01   2.2079631e-01   1.4815651e+00  -8.4789091e-03  -9.2791319e-03   4.3571573e-03
   4.2994268e-01   2.2354029e-01   1.4245299e+00  -6.4344617e-03  -9.3076940e-03   4.4087658e-03
   3.9221691e-01   2.2791741e-01   1.4583659e+00  -5.5488198e-03  -8.0172156e-03   4.6811400e-03
   3.7200918e-01   2.5377024e-01   1.5022566e+00  -7.0232381e-03  -7.9374038e-03   4.4730373e-03
   3.8251311e-01   2.4455612e-01   1.4694038e+00  -5.6021469e-03  -8.2494417e-03   4.6668986e-03
   4.2306311e-01  -3.1219657e-02   3.2318292e-01   7.5063355e-03  -5.5006072e-03   6.6572432e-03
   2.5081838e-01  -4.2482158e-01  -9.2649957e-01   1.2354941e-02  -7.0661721e-04   5.8233732e-03
   2.3766630e-01  -1.9289790e-01  -6.6104954e-01   1.3865499e-02  -1.7043757e-03   4.4557988e-03
   2.3733695e-01  -6.8004028e-04  -4.1420041e-01   1.0158207e-02  -3.1194286e-03   4.2246392e-03
   2.0280582e-01  -7.3066219e-02   1.7628669e-01   9.4269059e-03  -3.3002906e-03   4.0333700e-03
   2.0152669e-01  -1.0668124e-01  -5.7584983e-02   8.9727054e-03  -3.5448545e-03   4.0863940e-03
   2.3090822e-01  -1.0457165e-01  -1.3330368e-01   1.1283587e-02  -3.6996682e-03   4.5125872e-03
   2.3190736e-01  -1.9088853e-01  -1.4777303e-01   1.1574669e-02  -3.6626918e-03   4.4064308e-03
   2.5095209e-01  -1.4527386e-01  -3.3288143e-02   1.0500430e-02  -4.0742725e-03   4.2894535e-03
   2.7296554e-01  -5.9048694e-02   1.5750560e-03   1.0527065e-02  -4.3213170e-03   4.3947205e-03
   3.5036982e-01  -1.8830765e-01   2.0828854e-02   1.0893289e-02  -5.5005092e-03   4.6924584e-03
   2.7421293e-01   3.6471647e-02   4.2891070e-01   6.5591209e-03  -6.3147796e-03   3.8546745e-03
   2.4982064e-01   1.5747721e-02   1.1724182e+00  -1.5199733e-03  -6.7756558e-03   3.7027080e-03
   3.0066470e-01   1.5621774e-01   1.2606500e+00  -1.6161465e-03  -6.5706977e-03   4.1725401e-03
   2.8686956e-01   1.4518226e-01   1.3131555e+00  -1.0167829e-04  -6.1863068e-03   4.1192206e-03
   2.5529516e-01   8.0739763e-02   1.3924533e+00  -3.4149739e-04  -6.0082256e-03   3.6434064e-03
   2.6438299e-01   1.6032413e-01   1.4116844e+00  -9.9630513e-04  -6.4570397e-03   3.8672922e-03
   2.7191555e-01   1.2697344e-01   1.3878830e+00  -1.0096135e-03  -6.3448019e-03   3.8350166e-03
   2.6495386e-01   8.4540697e-02   1.4016358e+00  -9.7171244e-04  -6.3429387e-03   3.8979125e-03
   2.7172411e-01   1.3377514e-01   1.3943223e+00  -9.2575866e-04  -6.1494605e-03   3.9615306e-03
   3.0035718e-01   2.8348977e-01   1.5650434e+00  -2.4047295e-03  -7.0121196e-03   3.7594080e-03
   2.2426538e-01  -5.1935473e-02   1.5305430e+00  -4.4313080e-03  -6.4968689e-03   3.2910626e-03
   2.5082729e-01   1.6007390e-01   1.5673891e+00  -5.6551751e-03  -7.3300923e-03   3.2285787e-03
   2.3795483e-01   7.1402471e-02   1.4930995e+00  -3.7815055e-03  -6.7404223e-03   3.2257329e-03
   2.3449029e-01   7.3217253e-02   1.5171121e+00  -2.9072517e-03  -6.6694554e-03   3.2939090e-03
   2.6460705e-01   2.3489939e-01   1.6337657e+00  -8.7640986e-04  -6.8849414e-03   3.9494544e-03
   2.6573690e-01   3.1771136e-02   1.5541735e+00   5.7686684e-04  -7.9387416e-03   4.2255883e-03
   3.5413649e-01  -6.8318630e-02   1.3644113e+00   9.5200843e-03  -9.6710477e-03   5.7240408e-03
   2.5701063e-01  -2.4046783e-01   1.6058240e+00   2.4135127e-03  -9.0503056e-03   4.8643967e-03
   3.0076997e-01   5.6708070e-02   1.6832337e+00   1.8560405e-03  -9.0947182e-03   4.9314893e-03
   2.3912128e-01   3.1124953e-02   1.9839421e+00   6.3750838e-04  -8.1620120e-03   3.6368647e-03
   2.3751030e-01   1.0750308e-01   1.3247750e+00  -2.6762215e-03  -8.7934715e-03   3.2552002e-03
   2.2280297e-01   5.8039591e-02   1.2286728e+00  -2.3714068e-03  -7.6476618e-03   3.5884527e-03
   2.3932532e-01   1.4067382e-01   1.2466177e+00  -1.8095408e-03  -7.3669342e-03   3.7286493e-03
   2.6465712e-01   9.0438249e-02   1.2822678e+00  -1.4704479e-03  -7.5440240e-03   3.9700123e-03
   2.7934184e-01   1.2567907e-01   1.2591677e+00  -1.1020565e-03  -7.2744085e-03   4.0563568e-03
   2.5362934e-01   1.7931880e-01   1.2723661e+00   5.7916175e-06  -5.5983314e-03   4.3113809e-03
   1.9749064e-01   7.6613599e-02   1.3800654e+00  -7.2341770e-04  -5.0802360e-03   3.8405513e-03
   2.0557069e-01   7.6043474e-02   1.3860328e+00  -1.1163107e-03  -5.3634157e-03   3.8143260e-03
   2.8634981e-01   3.5021702e-01   1.5394188e+00  -6.0773417e-03  -7.5039394e-03   4.6629448e-03
   2.2139065e-01   2.6059306e-02   1.3538561e+00  -7.0703106e-03  -6.4806438e-03   3.8977855e-03
   2.5077372e-01   2.0156975e-01   1.4003239e+00  -4.3424533e-03  -7.7140251e-03   4.1022289e-03
   2.6553617e-01   7.1175931e-02   1.2829333e+00  -2.3795173e-03  -7.1959056e-03   4.0770933e-03
   2.7615168e-01   1.3742675e-01   1.2648809e+00  -1.1551904e-03  -7.2116800e-03   4.1468730e-03
   2.7867535e-01   1.2858253e-01   1.2856226e+00  -1.1096154e-04  -7.3540826e-03   4.1082499e-03
   2.9135201e-01   7.7607251e-02   1.2751060e+00   3.2695935e-05  -7.5147961e-03   4.2393302e-03
   3.7387872e-01  -2.5109146e-02   1.0442653e+00   4.3629644e-03  -8.0465823e-03   4.6264567e-03
   3.7807449e-01   2.8410134e-01   1.2380394e+00   2.9070827e-03  -7.1471351e-03   3.4413149e-03
   2.6733414e-01  -2.2292487e-01   1.1503446e+00   3.3549802e-03  -4.7138074e-03   4.0548170e-03
   3.2841016e-01  -3.9334520e-02   1.1487155e+00   4.3810596e-03  -5.2449753e-03   4.3562382e-03
   3.3243248e-01  -2.4599229e-02   1.0663808e+00   4.8328769e-03  -4.7144490e-03   4.5737754e-03
   3.3620022e-01  -6.5985992e-02   1.1101097e+00   4.9054005e-03  -4.6204272e-03   4.6450611e-03
   4.1672418e-01   2.8683510e-02   1.1216768e+00   5.6305477e-03  -4.5873916e-03   5.1886353e-03
   3.8688068e-01  -3.6622244e-02   1.1272633e+00   3.5742669e-03  -4.6901524e-03   5.0223682e-03
   1.9899953e-01   2.3778958e-02   1.0576007e+00   3.3776349e-04  -1.3608585e-03   1.0615972e-03
   3.0395079e-01   4.3144977e-02   1.0757538e+00   8.2570233e-04  -3.9916663e-03   3.9828055e-03
   3.9060321e-01   1.6994360e-01   1.1649168e+00   5.4882322e-03  -5.4083075e-03   4.3200974e-03
   2.8119689e-01  -7.0764250e-02   1.2731301e+00   3.8166891e-03  -5.1542047e-03   3.3211672e-03
   2.5136369e-01  -7.2356091e-03   1.3428488e+00   2.5593374e-03  -5.0876432e-03   3.2612724e-03
   2.3608593e-01   8.3975523e-02   1.3870342e+00   2.4271775e-03  -4.9320300e-03   3.3097596e-03
   2.6351641e-01   7.4938127e-02   1.4136733e+00   2.9458095e-03  -4.4254682e-03   3.5950226e-03
   3.0110197e-01   6.8011307e-02   1.4121562e+00   3.5417477e-03  -4.1546398e-03   4.1373330e-03
   2.9946726e-01   7.5629354e-02   1.4363530e+00   1.7071081e-03  -4.3147066e-03   3.9249246e-03
   2.9926417e-01   7.0134682e-02   1.4140656e+00   2.4591835e-03  -3.6385714e-03   4.1703115e-03
   2.5520694e-01   5.5787774e-02   1.5004748e+00   2.1009995e-03  -2.4089362e-03   3.8795246e-03
   2.7406382e-01   1.5174119e-01   1.6204986e+00  -1.1616039e-03  -4.0484403e-03   4.1939557e-03
   3.4046575e-01  -2.1590027e-02   1.6319776e+00   2.7689469e-03  -4.8022939e-03   4.8444531e-03
   2.1361550e-01  -3.0438306e-01   1.9470458e+00   8.6436069e-03  -2.7956090e-03   6.3737388e-03
   2.2311984e-01  -4.0766751e-01   1.5242726e+00   8.3421410e-03  -2.2200700e-03   5.1496767e-03
   3.2159582e-01  -9.9472183e-02   1.5504929e+00   1.0534340e-02  -2.8854483e-03   5.7416087e-03
   1.9654398e-01  -3.0894270e-01   8.4943254e-01   1.1176811e-02   2.9071211e-03   4.5850498e-03
   1.4388091e-01  -2.7998070e-01  -1.3715931e-01   1.5562859e-02   3.2025190e-03   4.3693997e-03
   3.0918540e-01  -4.3783388e-02   1.0389306e+00   8.9919660e-03  -3.8671212e-03   5.3076430e-03
   3.5983179e-01  -6.1077200e-04   1.1484780e+00   4.9591773e-05  -5.2119515e-03   3.9647334e-03
   4.7001465e-01  -8.5665838e-02   6.3744564e-01   8.2500590e-04  -4.6301169e-03   1.6059329e-03
   4.2038958e-01  -6.3361921e-02   5.1442264e-01   9.7441169e-04  -3.1443483e-03   1.2846980e-03
   4.0382490e-01   2.5327492e-02   1.2287750e+00  -2.8384837e-03  -4.4927726e-03   2.0669997e-03
   3.9678558e-01   2.7980883e-02   1.2745499e+00  -2.1420667e-03  -4.3064135e-03   1.8191957e-03
   3.6607669e-01  -2.4267541e-02   1.2908141e+00  -1.4421657e-04  -3.0936087e-03   2.6995431e-03
   3.8763889e-01  -4.5216284e-02   1.3112105e+00  -8.9537994e-04  -2.6540005e-03   3.3258753e-03
   4.0149758e-01   9.6542267e-04   1.3747372e+00  -1.4856627e-03  -3.1502273e-03   3.5917297e-03
   4.2812974e-01  -2.9366847e-02   1.3780122e+00  -1.6830401e-03  -3.5394779e-03   3.6160576e-03
   4.3314323e-01  -1.0213086e-02   1.3880005e+00  -1.6934572e-03  -3.5076377e-03   3.6627618e-03
   4.5793967e-01   8.4935554e-02   1.5176960e+00  -1.7944338e-03  -4.3879885e-03   3.4764801e-03
   4.5183000e-01  -6.7049915e-02   1.4804096e+00  -2.2033347e-03  -4.4097706e-03   3.4228480e-03
   4.7540770e-01   1.2652713e-01   1.5091638e+00  -2.0829720e-03  -4.6681655e-03   3.9161958e-03
   4.4973678e-01   8.4840545e-02   1.8080275e+00  -2.4345623e-03  -5.3867892e-03   3.9986851e-03
   3.0384534e-01  -6.2027420e-02   1.6483479e+00  -8.9067522e-03  -2.2856817e-03   3.8416848e-03
   2.6080398e-01  -1.2424336e-01   1.3275699e+00  -5.8244402e-03  -9.3067952e-04   3.0865873e-03
   2.6275186e-01   7.7744326e-03   1.2903141e+00  -4.6836996e-03  -1.2256260e-03   2.7949671e-03
   2.4980623e-01  -1.0115733e-02   1.2921304e+00  -6.0091017e-03  -2.1674142e-03   2.9378803e-03
   2.7012326e-01   1.5148435e-01   1.3075384e+00  -1.0485954e-02  -3.1753035e-03   3.9763454e-03
   2.6588734e-01   1.1580110e-01   1.3084742e+00  -8.9112652e-03  -3.3203179e-03   3.4668538e-03
   2.6858217e-01   4.4152472e-02   1.3369031e+00  -9.1693999e-03  -3.3005376e-03   3.4170979e-03
   2.7414525e-01   1.0385513e-01   1.3422709e+00  -9.3256421e-03  -3.7404079e-03   3.2897013e-03
   2.5784739e-01   1.3734020e-01   1.3564617e+00  -1.0523340e-02  -3.7139213e-03   3.5518331e-03
   2.7118215e-01   1.3902656e-01   1.4284179e+00  -9.6133237e-03  -4.1310328e-03   3.7416494e-03
   2.7727799e-01   8.5002605e-02   1.3292602e+00  -7.4436861e-03  -4.2700958e-03   3.9539456e-03
   2.8176046e-01   1.4170057e-01   1.4285393e+00  -5.9421288e-03  -5.4090158e-03   3.9986437e-03
   2.6870312e-01  -1.7261566e-02   1.2909138e+00  -5.5132448e-03  -5.5140986e-03   3.6357358e-03
   2.8097603e-01   6.1819538e-02   1.2895035e+00  -6.1467066e-03  -5.7190173e-03   3.8442372e-03
   2.6562138e-01   6.3680808e-02   1.2798445e+00  -6.4926316e-03  -5.3599540e-03   3.9281267e-03
   2.8715394e-01   1.2978829e-01   1.3247996e+00  -6.2644482e-03  -5.8025308e-03   4.0193862e-03
   2.7870561e-01   3.7535725e-02   1.3484634e+00  -6.2018673e-03  -5.9162803e-03   3.9814495e-03
   2.9728207e-01   1.1452524e-01   1.4493661e+00  -7.3602380e-03  -6.5110733e-03   4.0474203e-03
   4.2160984e-01   2.2314953e-01   1.7772253e+00  -6.9569906e-03  -1.0727354e-02   2.4654397e-03
