   0.0000000e+00   0.0000000e+00   0.0000000e+00   0.0000000e+00   0.0000000e+00   0.0000000e+00
  -1.7916390e-03   1.2429006e-01   2.7850260e-01  -2.1752177e-03   5.7248429e-04   2.2489230e-05
  -1.9827892e-02  -1.4330211e-02   1.9468688e-01  -1.5887587e-03   6.2744525e-04   3.7163711e-04
  -2.1383672e-02   9.8818934e-02   2.4040824e-01  -2.1367164e-03   7.8082288e-04   4.0036717e-04
  -1.4185850e-02   2.8168818e-02   1.9888827e-01  -1.7157690e-03   4.3431043e-04   6.4153329e-04
  -2.6631796e-02   4.8178647e-02   1.4451414e-01  -1.1746603e-03   6.5038537e-04   7.0754924e-04
  -2.8673103e-02   6.2742596e-02   1.6801609e-01  -1.1421770e-03   7.2539574e-04   6.9924780e-04
  -2.1782608e-02   1.1493171e-01   2.4081358e-01  -2.0656130e-03   7.2354052e-04   1.0024000e-03
  -2.1060589e-02   8.0519064e-02   1.9346341e-01  -3.9954264e-03   7.5525430e-04   7.8576201e-04
  -2.3165962e-02   1.2181759e-01   2.5584088e-01  -3.8767161e-03   3.6210311e-04   8.9218663e-04
  -1.8680831e-02   9.4041479e-02   2.4240538e-01  -3.1281321e-03   3.8659522e-04   7.0759307e-04
  -4.0375912e-02   6.8257045e-02   1.5006064e-01  -3.0658778e-03   9.8072038e-05   5.1731968e-04
  -1.4688651e-02   1.3026922e-01   2.8185639e-01  -2.8966221e-03  -7.0038434e-05   8.6350204e-04
  -1.4470195e-02   1.0571751e-01   2.7776196e-01  -2.3615402e-03  -5.4126710e-05   1.0709330e-03
  -4.8673570e-02   8.2470839e-02   2.2971965e-01  -2.6908055e-03   2.3587971e-04   1.0790651e-03
  -7.1944984e-02   9.7141871e-02   2.3418694e-01  -3.2445896e-03   3.9407819e-04   9.6133546e-04
  -7.6496306e-02   1.2826773e-01   2.9121427e-01  -2.7206337e-03  -1.5151674e-04   1.0594984e-03
  -8.9184675e-02   1.1530303e-01   2.9662866e-01  -2.8287637e-03  -3.8772837e-04   9.5116936e-04
  -9.3812599e-02   1.2787670e-01   2.8239213e-01  -3.5717045e-03  -9.8676103e-05   6.6483216e-04
  -1.1003454e-01   1.2245387e-01   2.3842062e-01  -3.5032585e-03   1.1547608e-04   7.7581273e-04
  -1.0924221e-01   1.6485332e-01   3.6425836e-01  -4.1459018e-03  -1.2284271e-04   4.9048889e-04
  -1.1244619e-01   1.2875040e-01   3.6324367e-01  -3.5602290e-03  -5.1983552e-05   5.7633208e-04
  -1.3174377e-01   8.0772877e-02   2.9531102e-01  -4.1864827e-03   2.4336804e-05   6.1882198e-04
  -9.2084397e-02   1.6407925e-01   3.9303275e-01  -3.9157609e-03  -3.3277160e-04   7.2810496e-04
  -9.5672638e-02   1.5888579e-01   4.6578957e-01  -4.3702521e-03  -3.0240733e-04   6.0235815e-04
  -1.1173421e-01   1.1558897e-01   3.2106565e-01  -4.3303944e-03   2.0847277e-04   5.4249837e-04
  -1.0314544e-01   2.0656266e-01   4.1541252e-01  -4.8607260e-03  -1.2008170e-04   6.3677858e-04
  -1.0673998e-01   1.1201497e-01   3.6379516e-01  -4.4059420e-03  -1.7880780e-04   8.0358241e-04
  -1.2660923e-01   9.3572591e-02   2.7575498e-01  -4.6921436e-03  -3.4869547e-05   8.3738067e-04
  -1.1975098e-01   1.7495215e-01   3.8218328e-01  -4.9341061e-03  -3.3395023e-04   8.9707988e-04
  -1.2692650e-01   1.0513637e-01   3.0868264e-01  -3.9497167e-03  -2.5844492e-04   9.7079532e-04
  -1.2887666e-01   1.2229967e-01   3.1709322e-01  -4.4503513e-03  -1.9945295e-04   9.9261442e-04
  -1.0867539e-01   1.6106316e-01   3.7172998e-01  -3.8086943e-03  -5.3015276e-04   1.0113442e-03
  -1.0320427e-01   1.1156850e-01   3.4425814e-01  -3.9516849e-03  -3.4980375e-04   1.1141299e-03
  -1.2100380e-01   1.1436399e-01   3.2675214e-01  -4.3828088e-03  -4.0771894e-05   1.0423150e-03
  -1.2879596e-01   1.9619124e-01   4.1221235e-01  -4.7029359e-03   1.6042694e-04   1.1897420e-03
  -1.3686606e-01   1.0166441e-01   3.4896677e-01  -4.4450424e-03   2.4031608e-04   1.2338069e-03
  -1.3525544e-01   1.4985666e-01   3.2415603e-01  -4.5104124e-03   2.1815473e-04   1.3442186e-03
  -1.0014808e-01   1.6546610e-01   3.7199397e-01  -4.7281966e-03  -1.7773229e-04   1.3181124e-03
  -1.0704948e-01   1.6282857e-01   3.9308083e-01  -4.8146485e-03  -9.2469332e-05   1.2295919e-03
  -1.1070910e-01   1.3430813e-01   3.3147900e-01  -4.6096574e-03  -5.2761489e-05   1.2314760e-03
  -1.2606179e-01   1.7878209e-01   3.9029249e-01  -5.1546909e-03   4.7747713e-04   1.3397350e-03
  -1.2419935e-01   1.9503529e-01   4.2826678e-01  -3.5035161e-03   5.7428003e-05   1.3582786e-03
  -1.3531360e-01   2.5788177e-01   5.4385895e-01   2.6794913e-03   8.4522254e-04   1.5100565e-03
  -1.7884660e-01   9.6668932e-02   5.4169434e-01  -2.8689794e-03   3.0983942e-04   9.8177672e-04
  -1.7084886e-01   1.5739967e-01   6.0404029e-01  -3.9602418e-03   3.4082147e-04   1.1500863e-03
  -1.7086298e-01   2.7458990e-01   8.8098564e-01   2.4284754e-03  -1.2795510e-03   1.9588023e-03
  -1.0518508e-01   3.3596783e-01   1.2957727e+00  -3.2400965e-04  -2.5435223e-03   1.3608745e-03
  -1.5111045e-01  -8.7603392e-02   6.1159942e-01   1.4579840e-03  -1.8839304e-03  -5.0949473e-04
  -1.3573134e-01   2.3408578e-02   6.7943138e-01   1.7892245e-03  -1.0194188e-03   1.4704119e-04
  -1.1712899e-01   6.1525077e-02   6.7610941e-01   1.4472141e-03  -1.2421215e-03   2.2490029e-04
  -1.2726121e-01   1.2030952e-01   7.0665587e-01   2.1086414e-03  -8.7225603e-04   5.2256151e-04
  -1.3836602e-01  -9.8543837e-03   5.8467019e-01   2.8919682e-03  -1.2978049e-03   5.3251329e-04
  -1.3195602e-01   1.3819100e-01   7.1732121e-01   9.3192267e-05  -8.9798595e-04   5.7120739e-04
  -1.3467975e-01   1.0549274e-01   7.5323752e-01   3.5264537e-04  -5.6481845e-05   8.4646645e-04
  -1.3820707e-01   6.2806086e-02   6.9427984e-01   1.5884211e-03  -2.6493780e-04   8.3697285e-04
  -1.3984726e-01   8.4366652e-02   7.0231911e-01   3.5360305e-03  -3.5963243e-05   1.2970749e-03
  -5.0842239e-02   1.1852739e-01   8.2963845e-01   3.9486131e-03  -7.4581119e-04   1.4750417e-03
  -8.7617442e-02   3.1271038e-02   7.9921144e-01   4.8808861e-04  -5.8092642e-04   9.1833676e-04
  -8.5287974e-02   8.2039874e-02   7.3418547e-01   2.1747568e-03  -7.0622987e-04   1.0327145e-03
  -1.2199728e-01   9.8386216e-02   7.5408140e-01   2.9632164e-03  -1.1765853e-04   1.1166067e-03
  -1.2883056e-01   7.0104538e-02   7.7434214e-01   2.7063064e-03  -2.2679056e-04   1.2566103e-03
  -1.1541029e-01   9.7883010e-02   7.7743707e-01   2.5090844e-03  -3.1708793e-04   1.4141644e-03
  -1.0868366e-01   1.3361485e-01   8.2912778e-01   2.0719132e-03  -6.5969598e-04   1.3201414e-03
  -1.0867346e-01   9.4878882e-02   7.9893689e-01   2.2583909e-03  -6.6689251e-04   1.3024987e-03
  -8.4306266e-02   1.3075546e-01   7.7763810e-01   3.5959388e-03  -7.2548874e-04   1.3619455e-03
  -7.5339662e-02   1.0255540e-01   8.6503735e-01   4.8250879e-03  -8.5844731e-04   1.1019719e-03
  -8.4648082e-02   1.3474562e-01   8.5699390e-01   1.8099804e-03  -1.0376572e-03   1.0273380e-03
  -9.8621097e-02   1.5032008e-01   8.7175677e-01   2.4093477e-03  -5.1971885e-04   1.2419487e-03
  -9.5010503e-02   9.6946259e-02   8.2781834e-01   2.8089443e-03  -8.4267612e-04   1.2114672e-03
  -8.4459796e-02   1.1776718e-01   7.9426761e-01   2.2376978e-03  -9.8020976e-04   1.3437928e-03
  -7.3827861e-02   1.0750447e-01   7.8769957e-01   3.0410596e-03  -9.3365310e-04   1.4886924e-03
  -3.1399299e-03   4.1557740e-01   1.4314188e+00   1.8125076e-03  -2.2358132e-03   1.4636944e-03
  -8.5517814e-02   1.8740809e-01   1.4378885e+00  -2.9308794e-03  -2.3938953e-03   6.1186752e-04
  -1.0907667e-01   7.2834324e-02   1.2359484e+00  -1.7704589e-03  -1.7997756e-03   1.1111355e-03
  -9.4000443e-02   2.1654203e-01   1.0949610e+00  -6.2383010e-04  -2.0301864e-03   1.2580334e-03
  -5.4274152e-02   3.6552913e-01   1.0618969e+00   5.8569374e-04  -2.6765475e-03   1.3068543e-03
  -1.3118959e-01   7.8594107e-03   1.0718645e+00   2.0287094e-03  -1.6245432e-03   1.0372615e-03
  -1.2044073e-01   1.6477928e-01   1.0458548e+00   2.5933672e-03  -1.5811981e-03   1.2254840e-03
  -8.3859215e-02   3.2529868e-01   1.2083995e+00   1.5365333e-03  -1.8335060e-03   1.3695587e-03
  -1.2393712e-01   2.1979861e-02   1.0915982e+00   2.7570794e-03  -1.4477637e-03   1.3953702e-03
  -1.1847281e-01   1.2331933e-01   1.0692333e+00   1.8040038e-03  -1.3870148e-03   1.2847765e-03
  -9.2009963e-02   2.5373755e-01   1.1956180e+00   3.9354829e-03  -1.9906735e-03   1.7501231e-03
  -2.5047251e-02   5.0805997e-01   2.0061433e+00  -1.5879490e-04  -3.4733754e-03   7.1205682e-04
  -1.0811240e-01   1.6892640e-02   1.6458838e+00  -8.2752270e-04  -1.9545583e-03   9.1857631e-04
  -1.4439481e-01   3.2116379e-02   1.3255599e+00  -7.4035287e-05  -8.6032294e-04   1.1114420e-03
  -1.2846529e-01   1.6960109e-01   1.1872399e+00   2.2728974e-04  -1.0641052e-03   1.3726013e-03
  -1.2218280e-01   2.0172192e-01   1.2299063e+00   1.2668930e-03  -1.1923487e-03   1.6295378e-03
  -8.2409785e-02   4.0383978e-01   1.4480455e+00   1.7171559e-04  -2.1424865e-03   1.8093824e-03
  -7.5075836e-02   4.7090824e-01   1.7329632e+00  -2.0201985e-03  -2.7421002e-03   1.4952593e-03
  -1.3471714e-01   7.0464478e-02   1.6577185e+00  -3.4274995e-04  -1.6456059e-03   2.0703126e-03
  -1.2136285e-01   1.0255789e-01   1.4277006e+00   2.6696172e-04  -1.3730512e-03   2.4371922e-03
  -9.1803097e-02   2.2993780e-01   1.4512074e+00   5.2039026e-03  -2.2012255e-03   2.4952289e-03
  -9.4361280e-02   1.8719688e-02   1.3340930e+00   9.8571600e-03  -2.1103226e-03   2.7657057e-03
  -1.3884367e-01  -2.3302573e-01   1.1947799e+00   1.5264606e-02  -1.3047767e-03   1.2199017e-03
  -1.4351700e-01   5.8708700e-02   9.7343051e-01   1.1131723e-02  -2.1639480e-03   3.1224822e-04
  -8.4334420e-02   3.1575471e-02   1.1328660e+00   1.1050046e-02  -4.4547243e-03   2.1795081e-03
   4.5299991e-02   6.5140469e-02   1.3434483e+00   1.6385628e-02  -5.1032625e-03   5.7897732e-03
   1.2076151e-01   2.2552479e-02   1.4994886e+00   7.4009211e-03  -5.2785649e-03   7.2189981e-03
   1.9586576e-01   5.4616578e-02   1.3313356e+00   4.1176000e-03  -6.3614239e-03   5.2839756e-03
   2.0717030e-01   1.7245154e-01   1.2719163e+00   5.4666709e-03  -6.5750232e-03   4.8792113e-03
   2.0369528e-01   1.6868180e-01   1.0115997e+00   2.7135329e-03  -3.0942291e-03   5.9604827e-03
   1.0056156e-01  -2.3745881e-03   9.6723415e-01   6.6879939e-03  -2.4483025e-03   5.4683891e-03
   7.5867773e-02   7.8164199e-02   1.0409835e+00   6.7132003e-03  -3.1587987e-03   5.6181859e-03
   6.4868549e-02   6.9371250e-02   1.1153945e+00   6.9281951e-03  -3.4548164e-03   5.6670297e-03
   4.4576930e-02   6.0576241e-02   1.1838373e+00   7.2978890e-03  -3.5716690e-03   5.8553584e-03
   6.8437214e-02   3.5234838e-02   1.1880883e+00   9.7864497e-03  -3.5508478e-03   6.4888105e-03
   1.1335457e-01   3.5519757e-02   1.2642451e+00   1.4046736e-02  -3.2047086e-03   7.2947961e-03
   6.6539277e-02  -1.5705221e-01   1.2000450e+00   1.3250339e-02  -3.3607084e-03   7.1937839e-03
   7.8940737e-02  -4.9445453e-02   1.1812838e+00   1.3325352e-02  -3.5766914e-03   7.1233905e-03
   9.6589317e-02  -5.2199171e-02   1.1971776e+00   1.3045516e-02  -3.5284876e-03   7.2252761e-03
   9.9267480e-02   1.3440674e-02   1.2718603e+00   1.0883631e-02  -3.9658154e-03   7.0745295e-03
   1.0539852e-01  -1.0557647e-04   1.2908409e+00   1.2767655e-02  -3.4865469e-03   6.6836065e-03
   8.3129722e-02  -3.7218265e-02   1.3341034e+00   1.2290697e-02  -3.3979935e-03   6.7493534e-03
   6.0045943e-03   1.0715532e-01   1.3437390e+00   8.9894957e-03  -2.3069122e-03   6.2858602e-03
  -3.3068566e-02  -6.0761412e-02   1.2864481e+00   8.0414672e-03  -1.8950258e-03   6.6546315e-03
  -3.1842965e-02  -2.2735945e-02   1.1645840e+00   8.1755224e-03  -1.6648993e-03   7.1145397e-03
   3.6709047e-03   2.7194264e-02   1.1232126e+00   9.8637580e-03  -1.6649402e-03   7.4233721e-03
  -1.0206116e-02  -5.1102673e-02   1.1148003e+00   9.6143280e-03  -1.5583596e-03   7.4531907e-03
  -8.1067658e-03   2.4060112e-02   1.0921375e+00   1.0562109e-02  -1.6072621e-03   7.3705965e-03
  -5.2953220e-03   1.4271304e-02   1.1107473e+00   8.9290913e-03  -1.9518276e-03   7.3554925e-03
   8.6576151e-03   4.1800897e-02   1.1353510e+00   9.1019871e-03  -1.5558217e-03   7.6646700e-03
   2.4539725e-02   6.9928486e-02   1.2441871e+00   7.7786884e-03  -1.7120112e-03   7.7975178e-03
  -2.3328884e-02   1.9623732e-02   1.2591926e+00   8.1532241e-03  -6.3122465e-04   6.5852555e-03
  -3.0395645e-03   1.3956562e-01   1.3163135e+00   9.9932304e-03  -1.5467881e-03   7.1899247e-03
  -1.8008295e-02  -1.9346569e-01   1.3790405e+00   1.9148838e-02   4.5729152e-03   1.2142783e-02
   3.7875894e-03  -1.0674997e-02   1.4917875e+00   1.5793754e-02   2.4158471e-03   1.2184918e-02
  -4.0537375e-02  -9.5643462e-02   1.4183923e+00   1.6288913e-02   2.3710660e-03   1.1903547e-02
  -1.3015536e-02  -8.7151459e-03   1.5088628e+00   1.5719224e-02   1.8201559e-03   1.1919622e-02
  -4.4601230e-02  -9.0610135e-02   1.4696736e+00   1.5465759e-02   1.8970198e-03   1.1817824e-02
  -9.8917551e-03  -1.8987819e-02   1.5342453e+00   1.5439612e-02   1.6706681e-03   1.2106849e-02
  -2.2747167e-02  -7.2420143e-02   1.5507685e+00   1.4918834e-02   1.7780810e-03   1.1785547e-02
  -1.4869281e-02  -1.2175549e-01   1.5029294e+00   1.4656823e-02   1.5672396e-03   1.2051023e-02
  -1.6327336e-02  -6.3708827e-02   1.4809706e+00   1.5008491e-02   1.5891424e-03   1.2126746e-02
  -6.9447224e-02  -6.3499661e-02   1.4481212e+00   1.5491103e-02   1.1348527e-03   1.1455891e-02
  -1.1226893e-02  -1.2432013e-02   1.5153317e+00   1.3537659e-02   1.1169998e-03   1.2137032e-02
  -2.5167714e-02  -5.9886599e-02   1.4612612e+00   1.2871825e-02   1.5646765e-03   1.2510126e-02
   4.7571211e-02   3.6513471e-01   1.6782907e+00   7.0291600e-03   4.7380702e-04   1.2284619e-02
  -5.3484504e-02  -1.0742394e-01   1.5842949e+00   6.9708973e-03   3.3273524e-03   1.2680275e-02
  -8.6041732e-02   1.1142416e-01   1.4790342e+00   8.3570145e-03   2.9618418e-03   1.1932538e-02
  -3.5118757e-02   2.3880294e-01   1.6013453e+00   9.0300292e-03   1.3758094e-03   1.1539210e-02
  -8.6476823e-02  -4.0293983e-02   1.5621225e+00   9.7558601e-03   1.4130579e-03   1.1673554e-02
  -1.3570535e-02   1.5810362e-01   1.5675259e+00   9.7141847e-03   9.6432177e-04   1.2189284e-02
  -4.4622424e-02  -1.0506416e-01   1.5439610e+00   1.1299302e-02   1.0618912e-03   1.2173148e-02
   2.0244466e-02   5.1445800e-02   1.5869468e+00   1.1084280e-02   1.0334963e-03   1.2550899e-02
   7.2414617e-04  -1.3009527e-01   1.5481116e+00   1.1306225e-02   1.1723433e-03   1.2754533e-02
   5.1050177e-03  -1.3783812e-02   1.5430516e+00   1.1134359e-02   7.3329729e-04   1.2406553e-02
   7.8459995e-03   5.6872256e-03   1.5355982e+00   1.0845342e-02   5.9880125e-04   1.2464720e-02
   2.2346617e-03  -2.2866439e-02   1.5249918e+00   9.6899271e-03   7.9821741e-04   1.2169407e-02
  -1.2097621e-02   1.1971196e-02   1.4632283e+00   1.1269921e-02   1.3455918e-03   1.2014781e-02
   6.7917226e-02   6.7624580e-02   1.5251538e+00   6.7076342e-03  -1.0601622e-05   1.1021055e-02
   5.2722785e-02   2.2558793e-02   1.5371708e+00   9.0369634e-03   1.3903059e-04   1.1605656e-02
   9.1448488e-03   4.5124728e-02   1.5385426e+00   9.1081451e-03   1.2487833e-04   1.1036338e-02
  -4.6235787e-03   6.2023522e-02   1.5599623e+00   9.8348576e-03   1.0301455e-04   1.1468255e-02
   4.3732813e-02   1.3510961e-01   1.6073180e+00   9.4501841e-03  -1.3120701e-04   1.1997192e-02
   8.3800467e-04  -6.4930010e-03   1.5149310e+00   1.0071957e-02   4.1528805e-04   1.2092517e-02
   1.9340690e-02   6.5874447e-02   1.4955695e+00   1.0440582e-02   2.7606209e-04   1.2306971e-02
   4.3486525e-02   1.2943949e-01   1.5002707e+00   1.0950696e-02  -1.2468575e-04   1.2380766e-02
   2.9565274e-02   4.8978857e-02   1.5132390e+00   1.0708572e-02  -1.0383640e-04   1.2388599e-02
   3.4846246e-02   4.7164011e-02   1.5124697e+00   1.0773483e-02   5.1838622e-05   1.2425592e-02
   1.0551428e-02   1.9335280e-01   1.7816686e+00   8.4235479e-03   2.2043055e-03   1.1638036e-02
  -9.3717250e-02   3.5276175e-02   1.6305215e+00   5.9028520e-03   2.8604279e-03   1.0461573e-02
  -8.1110817e-02   1.5394440e-01   1.5808083e+00   7.8321401e-03   1.8739096e-03   1.1163791e-02
  -1.1762352e-01   1.1185479e-01   1.6111080e+00   9.9496302e-03   1.3851969e-03   1.1301146e-02
  -1.1839351e-01   7.5609154e-02   1.5910114e+00   1.0070098e-02   1.0865452e-03   1.1642665e-02
  -1.0563698e-01   5.5736345e-02   1.5941465e+00   1.0471861e-02   1.3739539e-03   1.2049302e-02
  -7.7265515e-02   4.7531099e-02   1.5616847e+00   1.1991956e-02   1.7465868e-03   1.2419020e-02
  -1.0542744e-01  -3.5174392e-02   1.5477471e+00   1.3310219e-02   2.4907448e-03   1.2130725e-02
  -1.5190352e-01   1.2183443e-02   1.4788615e+00   1.0132451e-02   3.0041949e-03   1.1253621e-02
  -1.7775932e-01  -3.9503010e-02   1.3804066e+00   1.0537030e-02   2.8146357e-03   1.1099093e-02
  -5.6088394e-02  -1.2074706e-01   1.0834266e+00   1.5678622e-02   3.2342383e-03   1.0715904e-02
  -1.3241457e-01  -1.1521169e-01   4.9552461e-01   1.4044330e-02   4.9212699e-03   8.8387457e-03
  -8.3023345e-02   9.6014276e-02   8.7729509e-01   1.5460739e-02   1.8763996e-03   9.6089210e-03
  -1.1526373e-01   6.5207965e-03   9.4100193e-01   1.8305563e-02   2.7433395e-03   8.3443274e-03
  -3.2262352e-01  -2.4021236e-01  -3.2592530e-01   1.1271123e-02   6.1595583e-03   6.9803599e-03
  -3.2233941e-01  -1.0883203e-01  -7.0838475e-01   1.2731956e-02   5.7413755e-03   6.7135050e-03
  -3.4252722e-01  -1.7372602e-01  -7.1277061e-01   1.4473559e-02   5.8042554e-03   6.4651996e-03
  -3.2754634e-01  -1.4139185e-01  -6.4670463e-01   1.5589931e-02   5.0742194e-03   6.9449817e-03
  -2.6459412e-01   5.1215589e-02   3.6750857e-01   1.9698494e-02   1.5769702e-03   6.1836488e-03
  -3.5234108e-01   2.3847526e-01   2.2427997e+00   8.4968879e-03  -3.3732180e-05   3.3638517e-03
  -4.8433016e-01   2.0766487e-01   2.4379170e+00   2.4905162e-03  -4.5038221e-04   1.4549562e-03
  -3.5687984e-01   3.2066895e-01   2.4540320e+00   7.2206124e-03  -3.2127281e-03   3.0972254e-03
  -3.4536349e-01   1.7027851e-01   2.4150474e+00   8.0451164e-03  -3.2814755e-03   3.2028348e-03
  -3.2743340e-01   1.9415685e-01   2.3995016e+00   7.6897458e-03  -3.2455418e-03   3.4481473e-03
  -3.1792918e-01   1.8998446e-01   2.4137529e+00   7.0872733e-03  -3.2904868e-03   3.6279470e-03
  -3.0465173e-01   2.3503880e-01   2.4504363e+00   6.4485353e-03  -3.2014091e-03   3.8933159e-03
  -2.7902222e-01   2.7883283e-01   2.5206030e+00   6.3236232e-03  -3.3811069e-03   4.3862288e-03
  -2.2803591e-01   8.1987247e-02   2.3466323e+00   7.4299410e-03  -2.4507460e-03   5.4371297e-03
