   0.0000000e+00   0.0000000e+00   0.0000000e+00   0.0000000e+00   0.0000000e+00   0.0000000e+00
   7.2053765e-02   1.4718443e-01   5.0794031e-01  -9.5703745e-03   2.4243903e-04   1.6398270e-03
  -2.6785687e-03   2.9094846e-01   2.2851737e-01  -1.4090080e-02   6.9962338e-04   7.2947462e-04
   6.7143049e-03   2.9484861e-01  -2.6043583e-01  -7.8351451e-03   2.0346013e-04  -5.2348770e-04
   3.1777552e-02   2.8126814e-01  -2.3544274e-01  -3.5756208e-03   7.4094913e-04  -7.2629375e-04
  -3.4650367e-02   2.1483578e-01  -2.4226815e-01  -1.2952368e-03   1.7814527e-03  -9.2681617e-04
  -1.6085642e-01   4.5937811e-02  -5.8769165e-01   3.4802810e-03   3.8265270e-04  -1.9660051e-03
  -1.7771524e-01   1.2835651e-01  -8.3639426e-01   7.5550444e-03  -1.5968017e-03  -4.5634275e-03
  -1.4730988e-01   1.0047210e-01  -6.4832787e-01   5.8824374e-03  -2.0285420e-03  -4.0735070e-03
  -1.9457074e-01  -7.4810112e-02  -6.9763890e-01   1.2577727e-03  -8.1722492e-04  -3.1419945e-03
  -1.7449579e-01   1.8519553e-01  -6.8922979e-01  -4.6564216e-03  -2.5325695e-04  -3.1585529e-03
  -1.1554554e-01   1.8499803e-01  -7.0509035e-01  -4.0402116e-03   2.1342246e-04  -2.1262387e-03
  -2.6776820e-02   2.1655653e-01  -6.7484776e-01  -4.5322476e-03   2.5404057e-04  -1.0115540e-03
   3.2413745e-02   2.6017811e-01  -6.8408901e-01  -5.7273167e-04  -9.9236271e-04   4.6968525e-04
   3.0754756e-02   5.5915909e-02  -7.4414418e-01  -2.4936293e-03  -6.8665500e-04   5.0091088e-04
   7.2819247e-02   2.1386119e-01  -6.3614837e-01  -4.2264944e-04  -1.5674376e-03   4.0790176e-05
   6.6088130e-02  -5.1172531e-02  -8.9540268e-01   2.3443864e-03  -1.6691091e-03   2.3108225e-04
   8.9634155e-02   3.1942799e-02  -9.7163357e-01   1.2833534e-03  -2.1075061e-03   1.1931418e-03
   1.1660330e-01   1.1182507e-01  -1.0086258e+00   1.5426939e-03  -1.8687005e-03   1.6618382e-03
   2.8239453e-01   1.0936321e-01  -1.0872019e+00   1.3163671e-03  -3.8577208e-03   2.3279379e-03
   3.2913248e-01   1.7041012e-01  -1.2379146e+00  -4.4634256e-03  -3.9563218e-03   2.0178387e-03
   2.3283073e-01  -1.1662356e-01  -1.5001588e+00   3.1202943e-04  -3.2831948e-03   2.7389865e-03
   2.6141782e-01   7.3553511e-02  -1.4968454e+00   3.0407501e-03  -3.7076812e-03   2.6731595e-03
   2.7922756e-01   5.7439378e-02  -1.4996273e+00   3.6717758e-03  -3.8657621e-03   3.1525749e-03
   2.6856945e-01   4.6765652e-02  -1.5494357e+00   3.6414206e-03  -3.5434374e-03   3.3120198e-03
   2.6334794e-01   5.9104718e-02  -1.5465487e+00   2.8947813e-03  -3.2365163e-03   3.4004430e-03
   2.7770580e-01   5.7032087e-02  -1.5733440e+00   2.1204128e-03  -3.5928136e-03   3.7077439e-03
   2.8696297e-01   1.2070072e-01  -1.5201497e+00   3.4478859e-03  -3.3178599e-03   3.4311208e-03
   2.3361385e-01  -3.4740517e-01  -2.8451559e+00   1.1433922e-02  -1.1120184e-03   3.0288508e-03
   1.2951321e-01  -2.4384838e-01  -3.1617674e+00   8.1548884e-03  -2.1578806e-04   9.1514722e-04
   4.7076124e-02  -1.5515868e-01  -2.9291131e+00   2.3891896e-03  -7.6639231e-05   9.3969387e-05
  -2.2781252e-03   9.7799452e-02  -2.4696162e+00  -1.8763419e-03   6.7750640e-04  -5.6249613e-04
  -3.1749978e-02   3.5248891e-01  -1.8307438e+00  -6.8362377e-03   8.9295987e-04  -1.3811649e-03
   1.2976841e-01   3.2750195e-01  -1.7173732e+00  -8.6900389e-03  -7.3464642e-04  -9.3424333e-05
   1.7062643e-01   3.0867596e-01  -1.6436903e+00  -9.0854119e-03  -2.0098853e-03  -3.9880231e-05
   1.4799626e-01   4.0175407e-01  -1.4787884e+00  -1.1442673e-02  -3.7948922e-03  -8.5720234e-04
   1.8508627e-01   3.0669145e-01  -1.5018549e+00  -1.0528489e-02  -3.0911207e-03  -3.4282949e-04
   2.3291146e-01   3.8695747e-01  -1.4858859e+00  -1.2059241e-02  -2.9883037e-03  -1.1174721e-04
   2.2075235e-01   4.3235123e-01  -1.4386305e+00  -1.3128538e-02  -3.3193609e-03  -2.2350033e-04
   1.9247170e-01   4.9862562e-01  -1.2566499e+00  -1.4365086e-02  -3.6190017e-03  -5.6660171e-04
   2.3933773e-01   4.3211954e-01  -1.2006219e+00  -1.3713334e-02  -3.9916828e-03  -5.0710534e-04
   2.6073913e-01   4.4759955e-01  -1.1624518e+00  -1.2089764e-02  -4.1638967e-03  -5.3570142e-06
   2.9621272e-01   7.1507649e-01  -5.2438268e-01  -1.0904017e-02  -5.8651099e-03  -1.3840867e-04
   1.3868888e-01   5.5205160e-01  -3.0691014e-01  -1.8040587e-02  -4.4766435e-03  -1.6880309e-03
   2.5915303e-02   3.9540443e-01  -4.7771711e-01  -1.7285103e-02  -2.9760680e-03  -2.7496157e-03
   1.3394084e-01   6.8560556e-01  -2.3690156e-01  -1.2633978e-02  -4.0318062e-03  -1.5210339e-03
   1.1673847e-01   2.9462673e-01  -8.7175389e-02  -1.9412623e-02  -3.7866531e-03  -9.2442658e-04
   1.5370733e-01   4.7080603e-01  -3.6333245e-01  -1.8837616e-02  -2.9104972e-03  -2.7526114e-04
   2.0046723e-01   4.7025876e-01  -5.9093387e-01  -1.6731523e-02  -3.0504580e-03   3.1014458e-04
   1.9673684e-01   3.8753297e-01  -7.1197066e-01  -1.9580877e-02  -3.5193750e-03   1.5397019e-03
   2.1770115e-01   5.0711630e-01  -6.6867762e-01  -2.2167586e-02  -3.4181772e-03   1.3111890e-03
   2.8451935e-01   5.8443709e-01  -6.3534268e-01  -1.9709954e-02  -3.7985047e-03   1.3537160e-03
   2.6567710e-01   4.5584085e-01  -6.3277228e-01  -2.0522509e-02  -4.2135493e-03   1.0343521e-03
   3.2365163e-01   5.5355972e-01  -7.5965012e-01  -2.1029000e-02  -4.5260431e-03   4.1013072e-04
   2.5934794e-01   3.7483719e-01  -9.9877931e-01  -1.8604970e-02  -4.9804801e-03  -1.2094445e-04
   5.8701859e-01   4.1563412e-01   4.3906146e-01  -2.8176141e-02  -1.1860273e-02   3.5675319e-03
   6.5747308e-01   5.4174092e-01   6.7350781e-01  -3.7936158e-02  -1.4936800e-02   2.8512331e-03
   3.7581850e-01   8.5350516e-01  -1.7949554e-01  -3.0447368e-02  -9.5618179e-03  -3.0527960e-03
   3.7373340e-01   6.7568342e-01  -1.3070575e-01  -2.7911831e-02  -9.5967341e-03  -2.3983294e-03
   4.2374863e-01   6.3517017e-01  -2.7502312e-01  -2.6326669e-02  -9.0876163e-03   4.9137733e-04
   3.7455039e-01   5.9280575e-01  -1.7010152e-01  -2.7869675e-02  -7.8798243e-03  -1.0978885e-03
   3.8016864e-01   8.3887124e-01  -3.0331296e-02  -2.6012165e-02  -6.7327348e-03  -5.6397833e-04
   3.1795255e-01   6.5301942e-01  -3.8126741e-02  -2.4372808e-02  -5.3089784e-03  -3.9325650e-04
   3.1697976e-01   5.2282927e-01  -5.1415153e-02  -2.5944194e-02  -4.7649376e-03  -2.9286060e-04
   3.7950663e-01   7.2223741e-01  -1.1338983e-02  -2.2659371e-02  -5.4387050e-03  -2.8923529e-05
   3.4144211e-01   5.7314982e-01  -4.8706376e-02  -2.0178415e-02  -4.7516615e-03   4.0691633e-04
   3.2929900e-01   5.2818197e-01  -7.8092995e-02  -2.2470226e-02  -3.8938227e-03   5.6206695e-04
   3.4870795e-01   7.1203350e-01   6.3664281e-02  -1.9507997e-02  -4.2334162e-03   1.2427952e-03
   3.0837063e-01   4.1576217e-01  -1.4051153e-01  -2.0116328e-02  -4.0294404e-03   1.2399987e-03
   3.4266433e-01   5.6035837e-01  -1.2792692e-01  -2.1110027e-02  -3.6207946e-03   1.4785343e-03
   3.3929238e-01   4.5304578e-01  -1.1423738e-01  -1.6057026e-02  -3.1187894e-03   2.1599153e-03
   2.9451646e-01   4.2207985e-01  -4.0857111e-02  -1.2700885e-02  -2.0076435e-03   1.2085843e-03
   2.4440907e-01   4.2707652e-01  -7.3893263e-02  -2.2037011e-02  -1.8004520e-03   1.2924302e-03
   2.6723646e-01   4.9594067e-01  -1.0010544e-01  -2.1614670e-02  -1.5529639e-03   1.5649993e-03
   2.9837269e-01   5.6443927e-01  -6.0215711e-02  -2.0964785e-02  -1.8555737e-03   1.4368949e-03
   4.3072020e-01   4.1333999e-01  -2.4663353e-01  -1.9450157e-02  -2.9832953e-03   4.7510256e-03
   3.9485801e-01   2.8814885e-01  -4.8880469e-01  -1.8959570e-02  -3.4032501e-03   5.4188859e-03
   3.0050730e-01   5.1222861e-01  -1.7581637e-01  -2.2318226e-02  -2.2734551e-03   1.9134104e-03
   3.1371427e-01   5.5492137e-01  -2.0302454e-01  -2.1442922e-02  -2.2429191e-03   1.9186068e-03
   2.6759763e-01   4.5860389e-01  -1.6958189e-01  -2.1118007e-02  -2.4114217e-03   1.3447460e-03
   3.1621474e-01   5.2767707e-01  -1.7498808e-01  -2.1439429e-02  -2.5437214e-03   1.8493354e-03
   3.0424135e-01   4.6824694e-01  -1.7097219e-01  -1.8051691e-02  -2.2538841e-03   1.9175956e-03
   2.4562581e-01   5.0746903e-01  -1.5299490e-02  -1.0057398e-02  -1.0545425e-03   1.9325660e-03
   2.0505019e-01   3.4065884e-01  -2.3106003e-02  -1.5629686e-02  -1.4408117e-03   1.5898592e-03
   1.6248705e-01   4.7313160e-01  -8.5974665e-02  -1.7590956e-02  -1.3447089e-03   9.9993417e-04
   1.9925175e-01   4.7860456e-01  -3.2897231e-02  -1.7605287e-02  -1.3249916e-03   1.5220691e-03
   3.9261385e-02   4.4977819e-01  -1.4338792e-01  -1.6442871e-02   3.9685751e-05   8.9114193e-04
   3.4920115e-02   5.2948734e-01  -1.3770783e-01  -1.8843998e-02  -3.1420534e-04   7.8857415e-04
   7.3944426e-02   5.1424137e-01  -1.2192468e-01  -1.8877322e-02  -4.2035936e-04   1.1052666e-03
   8.1721369e-02   5.0070795e-01  -1.2365858e-01  -1.8158672e-02  -2.4781594e-04   1.3142484e-03
   8.9656638e-02   5.0766710e-01  -1.0820410e-01  -1.7099722e-02  -5.4637626e-04   1.1062862e-03
   8.3235985e-02   5.2013122e-01  -7.9306578e-02  -1.6886737e-02  -6.8306938e-04   6.6987113e-04
   9.5094828e-02   4.8549777e-01  -1.1522316e-01  -1.6142970e-02  -7.1271292e-04   7.2169739e-04
   9.2374401e-02   5.0330660e-01  -8.2185264e-02  -1.5624544e-02  -4.4908824e-04   5.1636832e-04
   6.9911539e-02   5.0568155e-01  -1.2108747e-01  -1.5808849e-02   3.4975266e-04   5.2719029e-04
   2.0931942e-01   2.5789431e-01  -1.3326343e-01  -5.7520167e-03  -7.3695896e-04   1.7394773e-03
   2.2769652e-02  -2.5807474e-02  -1.4079017e+00   1.7514357e-03   4.1102620e-03   1.2445225e-03
  -3.4136940e-02   4.2856910e-01   1.8430809e-01  -9.3665088e-03   1.4060776e-03  -4.6843678e-04
   2.2609157e-02   4.0493806e-01   5.0940680e-01  -1.3949396e-02   1.6704020e-03   1.6226945e-04
   3.2337135e-02   3.9450339e-01   5.4401754e-01  -1.4987446e-02   2.3430533e-03   7.9479281e-04
   9.1916402e-02   5.0876067e-01   4.8822561e-01  -1.3947213e-02   1.0502406e-03   2.1290597e-03
   7.9479980e-02   5.3274317e-01   5.0440782e-01  -1.5189401e-02   7.9843046e-04   1.5883594e-03
   9.0021605e-02   4.2177410e-01   6.2113839e-01  -1.7484405e-02   1.6084948e-03   1.8148404e-03
   1.0393918e-01   4.6255003e-01   6.0801643e-01  -1.5496051e-02   2.0104440e-03   1.8587494e-03
   8.5821370e-02   3.9782697e-01   6.1888688e-01  -1.6462497e-02   1.8773327e-03   1.9682865e-03
   1.9883419e-01   3.4974351e-01   5.7112621e-01  -1.1076471e-02   8.7806900e-04   2.4277965e-03
   4.1132207e-01   2.6110722e-01   6.1345723e-01  -8.8826835e-03   2.2601971e-03   5.1562144e-03
   1.9589303e-01   3.2373296e-01   8.0095319e-01  -1.3057693e-02   1.4858823e-03   2.2538361e-03
   1.9214613e-01   3.7447067e-01   8.2658369e-01  -1.1417176e-02   1.5966103e-03   2.2212381e-03
   4.1883663e-01   4.0080094e-01   1.5069701e+00  -1.1293572e-02   1.7492096e-03   2.7319172e-03
   2.6759105e-01   1.8866985e-01   9.7160698e-01  -7.6416552e-03   4.9983862e-03   2.4199281e-03
   1.8931771e-01   2.8662222e-01   1.2743626e+00  -1.1240819e-02   4.2173795e-03   1.0194185e-03
   1.0113608e-01   2.4287520e-01   1.0225440e+00  -1.0362997e-02   3.7666301e-03   5.7041025e-05
   1.5166415e-02   2.9418731e-01   7.3553804e-01  -9.9536655e-03   1.0106212e-03  -1.8095104e-03
   2.8408358e-02   5.3521488e-01   4.1852131e-01  -7.3132971e-03  -3.1703243e-03  -3.5769833e-03
  -9.1251734e-02   1.1342885e-01   2.4706563e-01  -9.3170893e-03   1.8186564e-03  -1.8682505e-03
  -5.6045349e-02   1.7098349e-01  -8.2407631e-03  -9.9625807e-03   2.6457475e-03  -1.4151572e-03
   2.7218932e-02   3.6978208e-01   5.5611292e-02  -1.3699008e-02   2.1051423e-03   3.1658782e-04
   5.6565801e-02   3.7739979e-01  -6.8117255e-03  -9.9868719e-03   3.0285002e-03   1.7898690e-03
   7.9345118e-02   3.8521174e-01   2.7118257e-01  -7.6049023e-03   1.4539575e-03   2.1149238e-03
   1.0092455e-01   1.9204724e-01   1.2026818e-01  -8.2901382e-03   1.4695684e-03   2.0357431e-03
   1.5900119e-01   3.0977236e-01   3.4817261e-06  -7.7384997e-03   1.6426787e-03   2.2731365e-03
   4.3159291e-02  -1.9330615e-01  -2.1975943e+00   9.1994313e-03   4.7434002e-03   2.5936615e-03
  -2.5078365e-02   5.7646218e-02  -1.1492671e+00   9.1795776e-03   5.5301849e-03   1.9859927e-03
  -3.4502021e-02   1.3384429e-01  -9.9805809e-01   4.7735642e-03   4.9370552e-03   1.9887844e-03
   1.7494527e-02  -1.3589904e-01  -9.0004589e-01   6.1914988e-03   4.3387047e-03   2.7257164e-03
   7.1686100e-02   5.2908227e-02  -7.1568050e-01   1.7575905e-05   6.2859247e-03   3.2591368e-03
   5.9369570e-02   2.8414406e-01  -1.1119042e+00   1.8068330e-03   5.7814857e-03   3.3879313e-03
   3.2646277e-02   3.1386004e-01  -1.1688383e+00   8.9460499e-04   1.8518422e-03   2.3123429e-03
  -1.1801114e-01   4.4060571e-02  -1.6265890e+00   6.5120986e-03   1.2297617e-03  -1.5735651e-03
  -1.4819969e-01   1.2610593e-01  -1.6439259e+00   7.9505391e-03   6.0748639e-05  -3.2504323e-03
  -2.7732259e-01   1.1312952e-01  -9.1717137e-01   2.1877975e-03   3.0167964e-03  -3.1552689e-03
  -1.6933674e-01   4.0205067e-01  -7.3656127e-01  -1.4910560e-03   1.0496313e-03  -1.5832248e-03
  -1.3557284e-01   2.5758690e-01  -7.3972465e-01  -4.7793180e-03   1.6990400e-03  -1.4570821e-04
  -9.9717273e-02   2.9344596e-01  -6.7386298e-01  -4.6220949e-03   1.8714519e-03   7.0771642e-04
  -5.6984461e-02   2.7742307e-01  -6.5600993e-01  -4.2671225e-03   2.0020330e-03   1.4383509e-03
  -4.1689275e-02   2.3016761e-01  -6.2417028e-01  -2.4175101e-03  -2.0623882e-05   2.1445562e-03
  -5.2505066e-02   6.8340513e-03  -8.4279490e-01   1.9145467e-03   1.1010828e-04   1.3224325e-03
  -2.1760394e-02   2.4080575e-01  -7.3401592e-01  -9.3972739e-04  -8.3812696e-05   2.2946661e-03
  -1.3753113e-03   1.5889780e-01  -7.2418475e-01   9.6798680e-04   1.5460202e-03   2.7894562e-03
   3.0456644e-03   2.1842752e-01  -5.5696364e-01   1.9918200e-03   2.2909223e-03   2.8536915e-03
   1.8958718e-02   1.7968064e-01  -4.0968383e-01   7.5884890e-04   2.1560590e-03   3.5633051e-03
   2.2899789e-01  -3.3236730e-02  -3.9756223e-01  -3.6749746e-03   2.8282056e-03   4.7272100e-03
   1.7810946e-01   3.4902578e-01   4.6748516e-02  -1.0322153e-02   1.3112382e-03   3.5941622e-03
   1.3437520e-01   2.7761086e-01  -8.1999284e-02  -6.7366298e-03   1.8748491e-03   3.6553505e-03
   8.1417939e-02   2.3148677e-01  -1.6880420e-01  -4.6439266e-03   2.6061588e-03   4.3907881e-03
   5.5400196e-02   3.3202233e-01  -1.5688578e-01  -5.9299991e-03   2.0934961e-03   5.0694899e-03
   4.9136159e-02   2.6729824e-01  -2.2539179e-01  -2.5936710e-03   1.7718905e-03   4.5454779e-03
  -1.1531712e-01   2.8241128e-01  -3.0675516e-01  -5.4576169e-03   2.6480609e-03   2.4986469e-03
  -2.5496962e-01   4.4478684e-01  -2.1465273e-01  -1.0971404e-02   2.9407646e-03   6.1121871e-04
  -2.1995524e-01   4.4138326e-01  -1.7541552e-01  -1.4045174e-02   2.8191624e-03   7.4994962e-04
  -1.5011447e-01   4.5434279e-01  -1.5737611e-01  -1.0961654e-02   1.4483272e-03   2.3322897e-03
  -1.0897472e-01   3.1100034e-01  -5.6324184e-01  -1.1410119e-03   1.6898292e-04   2.2459965e-03
  -1.3036456e-01   2.4253602e-01   1.0539936e-01  -5.9989515e-03   1.0365727e-03   1.3166907e-03
  -1.3802457e-01   3.3486810e-01   1.3515146e-01  -8.1650787e-03   1.4529695e-03   1.5357029e-03
  -1.0573339e-01   3.9615405e-01   7.8992974e-02  -7.6347068e-03   1.9853737e-03   1.8407623e-03
  -1.2966166e-01   3.8170678e-01   7.7529443e-02  -5.1746250e-03   2.4639463e-03   1.8952134e-03
  -1.6514395e-01   3.9591854e-01   8.7821207e-02  -7.5347933e-03   2.7128957e-03   1.1091278e-03
  -8.4998843e-02   3.3178296e-01   2.8561134e-01  -3.6431755e-03   1.1081612e-03   2.4506638e-03
  -2.4571061e-02   2.3717354e-01  -8.5485993e-02  -3.4361435e-03   1.3942021e-03   4.6052981e-03
  -3.3066287e-02   6.1785226e-01   5.8391887e-01  -1.1214562e-02   6.5757781e-04   2.9333682e-03
  -1.1394484e-01   2.2099294e-01   4.0789366e-01  -1.1981686e-02   1.9267461e-03   2.7859529e-03
  -1.3962825e-01   3.8046599e-01   2.5623920e-01  -1.1230183e-02   2.0736191e-03   2.8820325e-03
  -1.5448157e-01   4.4650724e-01   1.6341815e-01  -9.3068966e-03   2.8128494e-03   2.8684495e-03
  -8.9993870e-02   2.6568989e-01   1.1780512e-01  -1.8018638e-04   3.5706487e-03   2.9173515e-03
  -9.3451093e-02   2.7823073e-01   3.6663193e-01  -6.0496919e-03   3.3683852e-03   3.0515732e-03
  -1.1992513e-01   3.6632610e-01   3.3182183e-01  -6.9458170e-03   3.5810858e-03   2.6521279e-03
  -2.2524507e-01   4.0318994e-01   2.4645990e-01  -9.2550290e-03   4.1672083e-03   1.1862601e-03
  -1.4139337e-01   4.2980113e-01   4.3158926e-01  -7.8472641e-03   2.0572262e-03   2.5727217e-03
  -9.9849045e-02  -1.6741564e-01  -1.9645886e+00   6.4050850e-03   4.4544637e-03   2.9684826e-03
  -1.9394832e-01  -2.0160514e-03  -1.7220580e+00   1.1904101e-02   5.9883299e-03   2.2094982e-03
  -2.3992909e-01   4.6553069e-01   3.2745295e-01  -1.9304339e-03   5.8217116e-03   3.1035320e-04
  -2.3246035e-01   2.4381418e-01  -1.4583345e-01  -1.4349408e-03   4.2933355e-03  -7.1358281e-04
  -2.1335734e-01   3.5520797e-01  -1.0788754e+00  -1.2247819e-03   2.1118308e-03  -8.3797785e-04
  -3.3151448e-01   9.1971994e-02  -1.5839278e+00  -2.0074757e-03   4.7032446e-03  -4.8334019e-03
  -4.7481224e-01  -1.2967657e-01  -1.6970615e+00   1.8878429e-04   1.0978928e-02  -3.2269196e-03
  -4.5000089e-01   1.0971981e-01  -1.3479689e+00  -3.8834505e-03   9.4470581e-03  -2.7836483e-03
  -4.2781350e-01   2.3002549e-01  -1.2394589e+00  -4.9758861e-03   8.0527051e-03  -1.7919182e-03
  -4.0723885e-01   1.6791703e-01  -1.1919730e+00  -5.1150219e-03   7.9114588e-03  -1.4338635e-03
  -3.8138709e-01   2.0549934e-01  -1.1747086e+00  -6.3349176e-03   7.9245514e-03  -9.9349310e-04
  -3.7325538e-01   2.2989329e-01  -1.1743194e+00  -7.2682558e-03   8.0022747e-03  -4.9521532e-04
  -3.7724993e-01   2.0569997e-01  -1.1747859e+00  -7.4020514e-03   7.9889335e-03  -6.2928250e-05
  -3.7043517e-01   2.2837705e-01  -1.1711488e+00  -7.9825794e-03   7.9569386e-03   8.2483384e-05
  -3.7478091e-01   2.7335824e-01  -1.0785864e+00  -8.4443337e-03   7.8040076e-03   4.0568133e-04
  -4.0574378e-01   2.6745081e-01  -1.1490472e+00  -7.5287763e-03   8.2490479e-03   6.5977304e-04
  -4.0485395e-01   2.4227176e-01  -1.1317229e+00  -7.2242682e-03   8.3749407e-03   1.0212482e-03
  -4.0555666e-01   2.0140397e-01  -1.1442198e+00  -7.1485105e-03   8.1697894e-03   1.0252990e-03
  -3.9442375e-01   3.2928499e-01  -1.2009166e+00  -7.5172962e-03   7.8810640e-03   8.8225659e-04
