   0.0000000e+00   0.0000000e+00   0.0000000e+00   0.0000000e+00   0.0000000e+00   6.9388939e-18
   1.0662467e-04   2.4405950e-02   5.7837803e-02  -7.3233519e-04  -1.9197684e-05  -1.6646275e-04
  -1.9872028e-02   1.5714181e-02   1.6733697e-02  -5.3777529e-05   1.6259669e-04  -5.6650759e-05
  -1.9686337e-02   2.7089955e-02   2.0908311e-02   1.3824728e-04  -9.4124097e-05  -2.2700480e-05
  -2.1470838e-02   6.2063171e-03   1.7516490e-02   6.8580915e-04  -1.6198560e-04   4.1212903e-05
  -2.6484882e-02   2.2721129e-02   7.4750211e-03   5.3070245e-04  -1.2215619e-04   1.2681894e-04
  -2.7837535e-02   6.3670480e-02   3.1750614e-02  -2.8872019e-04  -1.3113907e-04   7.1164773e-05
  -2.2589768e-02   2.1294320e-02  -1.2026841e-02   4.0454352e-04  -3.2845730e-04   1.3212367e-05
  -1.2854756e-02   5.0077191e-02  -9.1619095e-03   4.5995168e-04  -4.5447810e-04  -1.7388356e-05
  -5.4780907e-03   1.2350151e-02  -4.1042700e-02   1.3158664e-03  -6.6803693e-04  -8.2940288e-05
  -3.1870886e-03   5.6953306e-02  -7.9000636e-04   1.7273092e-04  -7.1833312e-04   7.5017409e-05
  -1.3019068e-02   2.6929018e-02  -3.4589402e-02   5.7231198e-04  -4.9249170e-04   1.3328613e-04
   6.2587674e-05   4.7536022e-02  -7.0565153e-03   1.6338179e-04  -6.1653745e-04  -2.0572650e-04
   1.1068078e-02   3.7467921e-02  -2.3661915e-02   7.2008613e-04  -7.0851833e-04  -3.7332535e-04
   4.1693121e-02   7.2224698e-02   4.6308088e-02   1.1807275e-04  -1.0932628e-03  -1.1864076e-03
   4.3940823e-02   9.9897519e-02   7.4077989e-02  -5.1025400e-04  -1.2565925e-03  -5.4135925e-04
   3.8677423e-02   3.0107077e-02   1.2009427e-02   4.0210340e-04  -1.4114147e-03  -5.1254773e-04
   3.6020645e-02   4.9980709e-02   2.5326273e-02   5.4334420e-04  -1.4435892e-03  -2.1903076e-04
   3.9148348e-02   2.6207366e-02  -1.8056500e-02   9.4640125e-04  -1.4710074e-03  -1.7354388e-04
   4.3428678e-02   3.2736413e-02   3.3987773e-02   7.1830159e-04  -1.4400242e-03  -2.7473909e-04
   5.6653950e-02   2.1324194e-02   5.2115017e-03   1.1329308e-03  -1.7619240e-03  -3.4993440e-04
   6.3624070e-02   3.2487605e-02  -5.3110229e-03   8.7512441e-04  -1.8535066e-03  -2.7472274e-04
   5.8268235e-02   5.2676026e-02   3.4991131e-02   3.0766494e-04  -1.6026688e-03  -3.7955294e-04
   5.3461758e-02   4.5552862e-02  -1.1598124e-02   4.9176870e-04  -1.3502556e-03  -5.7326659e-04
   4.4439036e-02   5.7395282e-02   4.0869766e-02   6.8541176e-05  -1.3514284e-03  -5.0505306e-04
   6.1678305e-02   3.7990884e-02   7.0398633e-02   2.5183180e-04  -1.5477235e-03  -4.2328643e-04
   7.3623040e-02   2.6794205e-02   9.2191967e-02   3.7993055e-04  -1.7309096e-03  -2.9140926e-04
   7.7758826e-02   7.4915948e-02   1.0977916e-01  -4.1541103e-04  -1.9507665e-03  -5.2126672e-04
   7.2437988e-02   1.3736899e-02   6.0797863e-02   7.4349547e-04  -1.9547646e-03  -2.9851115e-04
   7.2388756e-02   5.4600910e-02   6.8644581e-02  -1.7329801e-04  -1.8320937e-03  -3.6882870e-04
   7.3297865e-02   2.7808013e-02   1.8878611e-02   9.4807176e-04  -1.8838172e-03  -3.0037599e-04
   7.9945341e-02   5.8445558e-02   5.8358116e-02   3.8455606e-04  -1.9454904e-03  -5.9607326e-04
   9.0416386e-02   6.1623234e-02   4.8264625e-02   5.9463576e-04  -2.1110218e-03  -6.1133634e-04
   9.0498731e-02   6.7956488e-02   6.4351499e-02   5.7946012e-06  -1.9991131e-03  -7.8567337e-04
   9.1052432e-02   8.7326214e-02   6.9935790e-02  -6.7596286e-04  -1.9879821e-03  -7.4735171e-04
   8.8515537e-02   5.6496619e-02   3.9721796e-02   6.2235601e-04  -1.7057898e-03  -1.3773084e-03
   9.1306078e-02   8.0366368e-02   8.6836765e-02  -9.8219026e-05  -1.9037537e-03  -1.0573992e-03
   8.6547063e-02   7.2305141e-02   8.5601040e-02   3.5897342e-04  -1.8753897e-03  -8.6328324e-04
   8.0872288e-02   6.7259379e-02   9.9468211e-02   5.2329425e-05  -1.7412551e-03  -7.6986047e-04
   7.8320195e-02   6.2021732e-02   1.4019764e-01  -7.4937015e-05  -1.7508289e-03  -9.5903061e-04
   8.2027418e-02   5.6574113e-02   1.2676625e-01   6.8053040e-05  -2.0010894e-03  -1.0122426e-03
   7.5087918e-02   7.4892333e-02   1.5996845e-01  -5.4392157e-04  -1.8772069e-03  -1.0744978e-03
   5.7110841e-02   6.2030631e-02   1.4081725e-01  -2.5302654e-04  -1.4950778e-03  -1.5553257e-03
   7.5259045e-02   9.1474551e-02   1.7878119e-01  -1.1264065e-03  -1.6368501e-03  -1.3521398e-03
   8.7842554e-02   7.8934410e-02   1.6644071e-01  -7.6773043e-04  -1.8630167e-03  -1.3554998e-03
   9.7808436e-02   5.6564569e-02   1.2210478e-01  -4.3203333e-04  -2.0440281e-03  -1.4297297e-03
   9.1910518e-02   1.0423880e-01   1.4722327e-01  -1.4553936e-03  -2.0988255e-03  -1.5427867e-03
   8.1152662e-02   6.4467626e-02   1.1374809e-01  -5.7852169e-04  -2.0201090e-03  -1.5360973e-03
   7.5891311e-02   9.0688447e-02   1.3045921e-01  -9.0510288e-04  -1.9967949e-03  -1.3974824e-03
   7.8309654e-02   8.7255629e-02   1.3176216e-01  -7.1891194e-04  -2.0000280e-03  -1.4399539e-03
   6.7689603e-02   8.9778534e-02   1.2716977e-01  -3.4259060e-04  -1.9884245e-03  -1.9065895e-03
   6.9788846e-02   8.2871300e-02   1.5045385e-01   1.1042527e-03  -2.0074904e-03  -2.0174302e-03
   7.3740488e-02   3.7848316e-02   1.2191348e-01   1.1569161e-03  -1.8535122e-03  -1.6075849e-03
   6.8980601e-02   4.4883923e-02   1.1800160e-01   1.1266741e-03  -1.7444555e-03  -1.5049075e-03
   7.0601016e-02   7.9880764e-02   1.4517505e-01  -1.8457686e-04  -1.7808529e-03  -1.7943964e-03
   6.5430109e-02   3.5126950e-02   9.3891943e-02   5.9950275e-04  -1.8018492e-03  -1.5637797e-03
   7.2879661e-02   5.4087951e-02   1.1737528e-01   3.8775765e-04  -1.8437489e-03  -1.4881164e-03
   7.4388191e-02   3.4484132e-02   1.1762705e-01   1.1978487e-03  -1.9303684e-03  -1.7966883e-03
   7.3888580e-02   2.7025143e-02   1.2380186e-01   1.0990325e-03  -1.9325872e-03  -1.9259611e-03
   6.4262330e-02   1.1532626e-01   1.6892832e-01  -8.7180708e-04  -1.7712020e-03  -2.4568700e-03
   7.1181240e-02   2.6888947e-02   1.2049934e-01   7.2887395e-04  -1.8028230e-03  -2.0263968e-03
   7.4597680e-02   4.6339392e-02   1.5314816e-01   3.7216285e-04  -1.9804738e-03  -1.9683084e-03
   8.5238130e-02   1.5772692e-02   1.4278449e-01   1.5190304e-03  -2.1682164e-03  -2.1178853e-03
   9.2421535e-02   3.3845771e-02   1.6439093e-01   1.0515115e-03  -2.3787331e-03  -2.1854293e-03
   9.9365763e-02   5.4543689e-02   1.7886232e-01   4.8512747e-04  -2.4572599e-03  -2.4616489e-03
   1.0616648e-01   1.0116127e-02   1.3981576e-01   1.7602100e-03  -2.6461746e-03  -2.4621586e-03
   1.0639391e-01   4.8902684e-02   1.6511064e-01   5.9880873e-04  -2.7141312e-03  -2.6844637e-03
   1.0636919e-01   2.2576866e-02   1.3626075e-01   1.1093675e-03  -2.8521359e-03  -2.6290057e-03
   1.0518514e-01   8.2250916e-02   1.5732679e-01  -4.0836361e-06  -2.8802510e-03  -2.7802776e-03
   9.6565185e-02   4.4753761e-02   7.9819719e-02   1.2661119e-03  -2.7578548e-03  -2.7715867e-03
   1.0270750e-01   5.8310765e-02   1.2230706e-01   5.9673717e-04  -2.8616114e-03  -2.9157163e-03
   1.0813164e-01   6.1034286e-02   1.3990369e-01   5.5912360e-04  -3.0257358e-03  -2.9609478e-03
   8.8723701e-02   6.7859614e-02   9.6886592e-02   2.7496959e-04  -2.5814747e-03  -3.1924384e-03
   9.0950459e-02   8.3557756e-02   1.5958953e-01   3.6474863e-04  -2.2921024e-03  -3.1539553e-03
   1.0031551e-01   5.9095219e-02   1.3605817e-01   7.4120822e-04  -2.6136855e-03  -2.9119738e-03
   1.0605130e-01   6.8126429e-02   1.5336497e-01   5.0467573e-04  -2.7461998e-03  -3.0295389e-03
   1.1223987e-01   6.5355575e-02   1.5513033e-01   5.4682879e-04  -2.7859151e-03  -3.0872208e-03
   1.0844816e-01   6.8032887e-02   1.4117881e-01   3.4708445e-04  -2.6317863e-03  -2.8337281e-03
   1.2178423e-01   9.4632936e-02   1.6940952e-01  -9.1766313e-05  -2.8725002e-03  -2.9550607e-03
   1.2528187e-01   5.3326097e-02   1.4902717e-01   9.4762378e-04  -2.9664656e-03  -3.0986742e-03
   1.2207117e-01   6.5129751e-02   1.3992141e-01   1.0763076e-03  -2.9502740e-03  -3.1403369e-03
   1.1613148e-01   8.4933935e-02   1.6124470e-01   2.5645144e-04  -2.8339392e-03  -3.0532068e-03
   1.1412843e-01   3.2910257e-02   1.1190548e-01   1.5419903e-03  -2.8983165e-03  -3.1290936e-03
   1.2245684e-01   6.1072639e-02   1.5086607e-01   1.0249651e-03  -3.1570754e-03  -3.1892404e-03
   1.1854103e-01   7.1936357e-02   1.7217940e-01   9.9756533e-04  -2.9992914e-03  -3.2421566e-03
   1.1448824e-01   4.5211618e-02   1.5119492e-01   1.4334772e-03  -2.9735561e-03  -3.3846890e-03
   1.0577336e-01   1.1779451e-01   1.9605747e-01  -4.0856794e-04  -2.7531323e-03  -3.5126372e-03
   1.1928693e-01   6.6170344e-02   1.4923657e-01   5.6501184e-04  -2.9523457e-03  -3.5415073e-03
   1.1669805e-01   9.5186104e-02   1.6242755e-01  -3.9423357e-04  -2.8359133e-03  -3.4553066e-03
   1.1645850e-01   7.5897982e-02   1.3169665e-01   2.8176829e-04  -2.8032160e-03  -3.3729746e-03
   1.2662113e-01   4.4903401e-02   1.1845411e-01   9.9605531e-04  -3.0107079e-03  -3.4321975e-03
   1.3181439e-01   7.2302355e-02   1.7150030e-01   1.9089423e-04  -3.0848958e-03  -3.6534291e-03
   1.4124447e-01   7.0918610e-02   1.5485669e-01   2.0178281e-04  -3.3552976e-03  -3.6062479e-03
   1.3288357e-01   4.7100875e-02   1.6563598e-01   3.9342262e-04  -3.1639359e-03  -3.3880887e-03
   1.2557882e-01   7.6447435e-02   1.8584582e-01  -6.9653618e-04  -3.0342072e-03  -3.5179087e-03
   1.3034629e-01   4.0936670e-02   1.2120307e-01   7.8087123e-04  -3.1094092e-03  -3.4636395e-03
   1.3094378e-01   6.7513256e-02   1.6686419e-01  -2.8428389e-05  -3.2271973e-03  -3.6133519e-03
   1.4286645e-01   1.1406497e-01   2.1430729e-01  -1.0463330e-03  -2.9205526e-03  -4.0148250e-03
   1.3548872e-01   9.5824584e-02   2.8245669e-01  -1.3031764e-03  -2.8417113e-03  -4.1308409e-03
   1.2783733e-01   8.2210921e-02   2.8415646e-01  -8.4638578e-04  -2.9110078e-03  -4.0597124e-03
   1.2711624e-01   6.9705031e-02   2.7471532e-01   2.8245830e-05  -3.1077654e-03  -3.8170501e-03
   1.2939655e-01   8.7119668e-02   3.1960669e-01  -7.4575793e-04  -3.2478355e-03  -4.0510267e-03
   1.4591489e-01   5.2864551e-02   2.8828476e-01   2.9106836e-05  -3.4713662e-03  -4.0274100e-03
   1.5339229e-01   7.3857413e-02   3.2864910e-01  -5.4369911e-04  -3.6632237e-03  -4.2445385e-03
   1.3800053e-01   5.4029798e-02   2.9132734e-01   1.2059205e-04  -3.4772989e-03  -4.1038722e-03
   1.3812758e-01   3.8935362e-02   2.7708961e-01   2.8804001e-04  -3.4383007e-03  -4.2775750e-03
   1.1849721e-01   8.9956800e-02   2.7803939e-01  -8.7999246e-04  -3.1520284e-03  -4.2648557e-03
   1.2446726e-01   6.8409768e-02   2.1448252e-01  -1.8503132e-04  -3.2553228e-03  -4.2233903e-03
   1.1632953e-01   9.4916234e-02   2.3034573e-01  -9.0388857e-04  -3.0092295e-03  -4.0755541e-03
   1.1581721e-01   6.0881005e-02   1.6544382e-01   5.4309570e-04  -3.0776855e-03  -4.1142994e-03
   1.1308036e-01   6.6392116e-02   2.2416109e-01   3.5467078e-04  -3.1264392e-03  -4.2473564e-03
   1.1646743e-01   1.2665145e-01   2.6621808e-01  -9.0803566e-04  -3.2074112e-03  -4.2414284e-03
   1.1748444e-01   8.8207613e-02   2.5037579e-01  -3.7331388e-04  -3.1944620e-03  -4.1152259e-03
   1.1498217e-01   1.4149340e-01   2.1217639e-01  -1.4199851e-03  -3.1842702e-03  -3.7702584e-03
   1.2042321e-01   4.2918426e-02   2.6196583e-01  -1.1710225e-03  -3.2682805e-03  -3.3706994e-03
   1.1382357e-01   1.3247437e-01   3.0756729e-01  -2.5103663e-03  -3.0378222e-03  -3.5151829e-03
   1.0789183e-01   1.0255164e-01   2.7891409e-01  -1.6941799e-03  -3.2502994e-03  -3.2686157e-03
   1.0699404e-01   1.2602686e-01   2.9981024e-01  -1.4434975e-03  -3.4068512e-03  -3.4498525e-03
   1.1141310e-01   8.7391812e-02   3.1471353e-01  -1.1850846e-03  -3.5655358e-03  -3.2386960e-03
   1.1100995e-01   1.2700963e-01   3.2965972e-01  -1.6703366e-03  -3.4773830e-03  -3.4977117e-03
   9.9809059e-02   1.3721525e-01   3.5160519e-01  -1.8840153e-03  -3.1876596e-03  -3.3568815e-03
   1.0513463e-01   1.1477734e-01   3.3447918e-01  -1.7795733e-03  -3.2640374e-03  -3.4444942e-03
   1.1380406e-01   1.3240663e-01   3.4444647e-01  -2.1159134e-03  -3.3012440e-03  -3.4119628e-03
   1.2134283e-01   1.2089999e-01   3.1876376e-01  -1.9841627e-03  -3.5306975e-03  -3.5782979e-03
   1.0699437e-01   1.2569976e-01   2.8305979e-01  -1.9004316e-03  -3.4785329e-03  -3.5390312e-03
   1.2756533e-01   1.4060089e-01   3.1771108e-01  -2.2196255e-03  -3.5349523e-03  -3.4870711e-03
   1.2895640e-01   9.9894789e-02   2.7874781e-01  -1.1147235e-03  -3.6403642e-03  -3.4690892e-03
   1.2435078e-01   1.3723091e-01   3.1999742e-01  -1.5618834e-03  -3.6536836e-03  -3.5211986e-03
   1.1600710e-01   1.4136662e-01   3.1904999e-01  -2.2405719e-03  -3.4950330e-03  -3.4448932e-03
   1.0110740e-01   1.1580707e-01   2.9580778e-01  -1.6623471e-03  -3.3966312e-03  -3.7675418e-03
   1.0163518e-01   1.4339789e-01   2.9924173e-01  -2.4670774e-03  -3.4222780e-03  -3.4411302e-03
   9.7819490e-02   1.3213087e-01   2.5652574e-01  -1.9291965e-03  -3.2585048e-03  -3.6138359e-03
   1.1005434e-01   8.1029101e-02   1.9378849e-01  -2.5811871e-04  -3.4667741e-03  -3.8344195e-03
   1.1101744e-01   1.5275193e-01   2.6953066e-01  -2.1252640e-03  -3.4644333e-03  -3.5612043e-03
   1.0695225e-01   1.3268503e-01   2.6281608e-01  -1.9321866e-03  -3.2906323e-03  -3.5119967e-03
   1.0154981e-01   9.5600240e-02   2.4841415e-01  -1.0365386e-03  -3.1999055e-03  -3.5382819e-03
   1.1356519e-01   1.5696766e-01   2.9893894e-01  -2.1202372e-03  -3.5857145e-03  -3.7434382e-03
   1.0530637e-01   1.1494188e-01   2.4231020e-01  -1.4257900e-03  -3.5542352e-03  -3.5068137e-03
   9.6166248e-02   1.2419390e-01   2.4732152e-01  -1.5941434e-03  -3.5411999e-03  -3.4080735e-03
   9.3676049e-02   1.2918825e-01   2.7770695e-01  -1.5671429e-03  -3.3970179e-03  -3.4505039e-03
   1.0144968e-01   1.0145176e-01   2.4483661e-01  -1.4193192e-03  -3.6500617e-03  -3.4524735e-03
   1.0414056e-01   1.2581510e-01   2.6646142e-01  -1.9788767e-03  -3.7424189e-03  -3.5016596e-03
   9.8960402e-02   1.2386825e-01   2.6256323e-01  -1.8738270e-03  -3.6092353e-03  -3.5351265e-03
   9.0388343e-02   1.0358456e-01   2.1353575e-01  -6.8709272e-04  -3.5379629e-03  -3.3361122e-03
   1.0273234e-01   1.1315225e-01   2.5655511e-01  -1.0740820e-03  -3.6960191e-03  -3.5849810e-03
   9.9984640e-02   1.0042921e-01   2.2495782e-01  -7.1963232e-04  -3.8163600e-03  -3.3803925e-03
   8.9479325e-02   1.5720888e-01   2.5174645e-01  -2.3252834e-03  -3.6397068e-03  -3.7417085e-03
   8.5351843e-02   1.6737390e-01   2.5828711e-01  -2.7207968e-03  -3.4050095e-03  -3.1842981e-03
   8.0493253e-02   1.1642789e-01   2.2658324e-01  -1.9155552e-03  -3.3366293e-03  -3.3709882e-03
   8.4224420e-02   1.5253911e-01   2.4778106e-01  -2.1094183e-03  -3.3936560e-03  -3.5924984e-03
   7.7055258e-02   1.2919259e-01   2.5690669e-01  -1.9997671e-03  -3.3158384e-03  -3.5531681e-03
   8.1743914e-02   1.0369554e-01   2.5695022e-01  -1.4864176e-03  -3.4748656e-03  -3.4725197e-03
   9.0258261e-02   1.2921201e-01   2.8824385e-01  -1.6297052e-03  -3.5700623e-03  -3.7747931e-03
   1.0137319e-01   9.9927271e-02   2.4273001e-01  -9.4660340e-04  -3.7267421e-03  -3.9482761e-03
   9.4355857e-02   8.3126116e-02   2.6321075e-01  -5.1130127e-04  -3.6257654e-03  -3.7723731e-03
   1.1029249e-01   1.3150487e-01   3.0550517e-01  -1.7613530e-03  -3.8582201e-03  -3.8653623e-03
   1.1433759e-01   9.9041990e-02   2.5232190e-01  -1.1141068e-03  -3.8654578e-03  -3.8794064e-03
   1.1272149e-01   1.1627573e-01   2.7812859e-01  -1.9340112e-03  -3.7509652e-03  -3.7866277e-03
   1.2426072e-01   1.2398113e-01   2.6237220e-01  -1.9057152e-03  -3.9344743e-03  -3.4968782e-03
   1.0831527e-01   8.5506699e-02   2.1825615e-01  -4.4076507e-04  -3.7890828e-03  -4.1436295e-03
   1.2055115e-01   1.1497608e-01   2.6605145e-01  -1.2528785e-03  -4.0091880e-03  -4.2291994e-03
   1.1016854e-01   1.1853607e-01   2.4680137e-01  -1.0259202e-03  -3.7830028e-03  -4.5718636e-03
   1.1927225e-01   9.1387935e-02   2.6694298e-01  -1.0056433e-03  -3.8156812e-03  -3.9327583e-03
   1.0806868e-01   1.1026005e-01   2.7916185e-01  -1.2443583e-03  -3.7755971e-03  -4.2180826e-03
   1.1353089e-01   9.0079967e-02   2.4531307e-01  -9.3978414e-04  -3.7687375e-03  -4.1714239e-03
   1.0934297e-01   9.0297395e-02   2.4153348e-01  -9.6089414e-04  -3.6494133e-03  -4.1912698e-03
   1.0234656e-01   9.6574115e-02   2.7000161e-01  -1.1798782e-03  -3.5572556e-03  -4.0645306e-03
   1.0163440e-01   5.2817800e-02   2.0491146e-01   5.4692958e-05  -3.6298518e-03  -4.0774943e-03
   1.0644623e-01   6.9296829e-02   2.5775116e-01  -2.7769532e-04  -3.8614457e-03  -4.3870361e-03
   1.2029011e-01   4.8181187e-02   2.4285276e-01   2.0474553e-04  -4.1397981e-03  -4.2164411e-03
   1.3092918e-01   4.8975069e-02   2.3389845e-01   4.6906520e-05  -4.2555580e-03  -4.2611680e-03
   1.2369825e-01   9.7730108e-02   2.5503937e-01  -7.8628353e-04  -4.0925254e-03  -4.1947486e-03
   1.2283790e-01   7.7058907e-02   2.3698157e-01  -7.7754952e-04  -4.0643509e-03  -4.1721926e-03
   1.2453188e-01   9.3484712e-02   2.2542311e-01  -8.2088115e-04  -4.0765175e-03  -4.2030958e-03
   1.1914855e-01   9.5481626e-02   2.2724848e-01  -5.3130461e-04  -4.0243695e-03  -4.3410042e-03
   1.1914751e-01   5.4999909e-02   2.0663354e-01   5.1638793e-04  -4.1783717e-03  -4.4375883e-03
   1.2441285e-01   1.2688968e-01   2.6296777e-01  -1.2895530e-03  -4.0594969e-03  -4.1708407e-03
   1.2110534e-01   7.6003460e-02   2.2551271e-01  -6.0846950e-04  -3.9335218e-03  -4.0437215e-03
   1.1762891e-01   6.7213540e-02   2.4288213e-01  -4.6127702e-04  -3.8930820e-03  -4.0973300e-03
   1.2798616e-01   1.1447639e-01   2.4189545e-01  -9.7203843e-04  -4.1800482e-03  -4.0244248e-03
   1.2400986e-01   7.4561507e-02   1.8493256e-01   2.0554724e-04  -4.1291419e-03  -3.9484131e-03
   1.1780435e-01   1.0111416e-01   2.3432502e-01  -1.0196613e-03  -3.9149450e-03  -4.1222756e-03
   1.1551121e-01   8.0897891e-02   2.3309836e-01  -3.0229171e-04  -3.8838412e-03  -4.1370016e-03
   1.2831790e-01   9.0362787e-02   2.4420373e-01  -4.9927894e-04  -4.1196558e-03  -4.2390007e-03
   1.3581412e-01   1.2857494e-01   2.5372843e-01  -1.3749753e-03  -4.2189672e-03  -4.2382070e-03
   1.3077037e-01   8.5208923e-02   2.2909078e-01  -7.0267719e-04  -4.0836542e-03  -4.1753117e-03
   1.2416233e-01   1.1908529e-01   2.4612806e-01  -1.3925435e-03  -3.8725057e-03  -3.9848443e-03
   1.2206385e-01   1.1021182e-01   2.2492463e-01  -1.0374161e-03  -3.6501060e-03  -4.1281673e-03
