   0.0000000e+00   0.0000000e+00   0.0000000e+00   0.0000000e+00   0.0000000e+00   0.0000000e+00
   1.2787606e-02  -1.7072586e-02   1.7221223e-02  -2.0703840e-05  -3.4961043e-04  -8.7522597e-05
   4.2052925e-03   1.2885420e-02   5.2741447e-02  -1.4898295e-04  -2.4219189e-04  -9.5386362e-05
   9.1778082e-03   6.4355723e-04   3.7012770e-02  -1.7762290e-04  -3.8820477e-04  -2.7483845e-05
   5.5828917e-03   3.3105611e-02   8.0338222e-02  -6.6021537e-04  -3.9110174e-04  -1.0477401e-04
   5.1797701e-03   1.0867701e-02   6.3382833e-02   5.3657283e-05  -3.8497915e-04  -3.4017931e-05
  -5.5559517e-03   1.8720708e-02   4.4788330e-02   1.1985282e-04  -3.2482695e-04   2.9368002e-05
  -3.0305610e-03   5.7052716e-02   7.6009202e-02  -2.4230538e-04  -2.7262045e-04  -1.4383475e-04
  -1.9613019e-03   5.7368986e-02   6.4306357e-02  -7.7548269e-04  -1.9245334e-04  -3.9750046e-04
   1.9302275e-02   4.1683529e-02   8.0850615e-02  -6.7482421e-04  -4.6271608e-04  -6.0770587e-04
   1.8967988e-02   9.4856993e-02   1.1296821e-01  -1.5188781e-03  -5.8480839e-04  -4.3873874e-04
   3.8423203e-03   3.6432635e-02   8.5210336e-02  -8.9625112e-04  -1.7373982e-04  -3.6109203e-04
  -3.3877478e-03   6.3396797e-02   1.1144926e-01  -9.3017368e-04  -4.5283022e-05  -2.9944586e-04
  -2.9387927e-03   5.4660394e-02   1.1586860e-01  -1.3799674e-03  -2.5461077e-06  -5.6020057e-04
  -9.1979078e-03   4.1352006e-02   1.0508199e-01  -7.3315692e-04   2.3666106e-05  -5.6100826e-04
  -1.2125699e-02   5.9631282e-02   1.3548538e-01  -1.2467504e-03   6.6063394e-05  -6.3979376e-04
  -1.5105812e-02   3.1661868e-02   1.0096263e-01  -3.0377963e-04   3.9440657e-05  -6.3905949e-04
  -7.3472168e-03   7.0629000e-02   1.5014128e-01  -1.7504795e-03  -9.6686193e-05  -3.6931563e-04
  -1.4334332e-02   5.7350957e-02   1.1723121e-01  -1.5271398e-03   8.7769121e-05  -2.9382175e-04
  -1.3385281e-02   6.1032061e-02   1.3714899e-01  -1.7619767e-03   2.9759124e-05  -2.0565857e-04
  -6.8678706e-03   8.0307260e-02   1.4502443e-01  -2.0103513e-03  -1.4922590e-04  -3.8512115e-04
  -3.6539090e-03   6.2602000e-02   1.1227781e-01  -1.5298537e-03  -1.4007081e-04  -3.9386281e-04
  -2.2078919e-03   8.9237411e-02   1.4156208e-01  -1.9466273e-03  -8.4103202e-05  -5.3301947e-04
  -1.1704939e-02   8.6039604e-02   1.5068129e-01  -2.0374288e-03   1.6475959e-04  -9.1224927e-04
   1.6780523e-02   6.8260786e-02   1.6059032e-01  -1.9947809e-03  -3.3619354e-04  -7.6958471e-04
   2.1820140e-02   6.8931387e-02   2.0175796e-01  -2.3436208e-03  -4.0537791e-04  -8.3776628e-04
   2.1133790e-02   6.1810754e-02   1.5679265e-01  -2.0432069e-03  -2.7976139e-04  -8.3749488e-04
   1.4430170e-02   8.7797442e-02   2.0059361e-01  -2.9477972e-03  -8.8167191e-05  -9.2430144e-04
   7.8059538e-03   8.9250470e-02   1.9911569e-01  -2.9607343e-03  -4.4593522e-05  -9.0915538e-04
  -2.8863865e-03   8.9391208e-02   1.8540011e-01  -2.9907508e-03   7.7174487e-05  -6.6679730e-04
  -1.3926284e-03   1.0714387e-01   2.1835173e-01  -3.1593294e-03   1.6228424e-04  -1.1700616e-03
   1.2872179e-02   8.9880317e-02   2.2163038e-01  -3.7886237e-03   1.7169242e-06  -1.0275930e-03
   1.3547720e-02   1.0763276e-01   2.1179283e-01  -3.6338473e-03  -4.8938208e-05  -8.8429764e-04
   1.1281367e-02   1.2391101e-01   2.0395428e-01  -3.3577909e-03  -1.2802563e-04  -9.4942137e-04
   8.3824819e-03   9.1170930e-02   1.9900648e-01  -3.1663961e-03  -1.5109369e-04  -7.5361986e-04
  -6.1460638e-04   1.2439398e-01   2.3873650e-01  -3.4637106e-03   8.1639063e-06  -8.7819567e-04
  -1.0624194e-02   9.5083200e-02   2.1121413e-01  -2.6719011e-03  -2.6201879e-05  -8.1743894e-04
   6.8161478e-03   1.1282394e-01   2.2730471e-01  -3.4865606e-03  -1.4865209e-04  -8.3476383e-04
   1.9714509e-02   1.0335472e-01   2.3982683e-01  -2.9709514e-03  -3.5627309e-04  -1.0257067e-03
   1.7490993e-02   8.0031391e-02   2.1357028e-01  -2.6304284e-03  -3.0523631e-04  -9.0821606e-04
   1.9556168e-02   1.1599215e-01   2.3834057e-01  -3.5132760e-03  -2.5812852e-04  -9.7752621e-04
   1.5482369e-02   1.0224825e-01   2.1111662e-01  -3.2500919e-03  -2.5826034e-04  -1.0022207e-03
   1.2312107e-02   8.0437801e-02   1.7963951e-01  -2.4844258e-03  -4.1901006e-04  -8.9624901e-04
   1.6146562e-03   1.7169398e-01   2.2286981e-01  -3.9124386e-03  -8.9823953e-05  -1.6171036e-03
   3.2450550e-02   8.1794430e-02   2.2118200e-01  -3.2880182e-03  -5.3890130e-04  -1.0952068e-03
   2.7223137e-02   1.3115550e-01   2.4896612e-01  -4.2589668e-03  -5.0928471e-04  -1.0582167e-03
   1.1569143e-02   1.0812322e-01   1.9875980e-01  -3.7414684e-03  -1.4982151e-04  -1.0236320e-03
   2.2928204e-02   1.0930259e-01   2.1213693e-01  -3.8152519e-03  -3.2156987e-04  -1.0307848e-03
   3.0722193e-02   1.2967916e-01   2.4006385e-01  -4.2188350e-03  -2.9089683e-04  -1.1443347e-03
   2.5349807e-02   1.1877760e-01   2.1646765e-01  -4.0615969e-03  -9.3883994e-05  -1.1626048e-03
   2.9356475e-02   1.4330337e-01   2.9214514e-01  -4.8848703e-03  -8.8694217e-05  -1.2960884e-03
   4.1615211e-02   1.3196037e-01   2.9750703e-01  -5.0649370e-03  -2.4490271e-04  -1.4681381e-03
   3.5735014e-02   1.6350989e-01   3.1536647e-01  -6.1090935e-03  -1.3996626e-04  -1.6673667e-03
   4.7251550e-02   1.8926091e-01   3.1713216e-01  -6.3863472e-03  -2.5712791e-04  -1.4830151e-03
   4.3797416e-02   1.7518163e-01   2.6325315e-01  -6.2414845e-03  -2.3307568e-04  -1.5568813e-03
   4.8185064e-02   2.1957414e-01   3.2556359e-01  -7.7902546e-03  -1.4443990e-04  -1.8508875e-03
   3.7458531e-02   2.0537753e-01   2.9764127e-01  -7.0574274e-03   1.0865305e-05  -1.7901253e-03
   4.7767140e-02   2.2032162e-01   3.2702166e-01  -7.2204669e-03  -1.6975629e-04  -2.3695578e-03
   4.3112321e-02   2.2095925e-01   3.3206560e-01  -7.5649219e-03  -9.0656739e-05  -1.7957315e-03
   4.3532138e-02   2.1144538e-01   2.9733262e-01  -7.1118924e-03  -1.7454322e-04  -1.7399538e-03
   4.5307021e-02   2.2575644e-01   2.9644303e-01  -7.4693856e-03  -2.7421656e-04  -1.7735455e-03
   4.4730169e-02   2.3317534e-01   3.0480828e-01  -7.5125089e-03  -1.4625528e-04  -1.8545330e-03
   5.0888930e-02   1.9550232e-01   2.9345329e-01  -6.7153302e-03  -2.9030606e-04  -1.7034692e-03
   4.9099184e-02   2.3384360e-01   3.3196792e-01  -7.8169136e-03  -4.7610116e-04  -2.0277713e-03
   4.4505330e-02   2.2380791e-01   2.9615666e-01  -7.2407616e-03  -3.5076421e-04  -2.0432784e-03
   5.6280066e-02   2.0926047e-01   2.7931384e-01  -6.9606768e-03  -6.0591119e-04  -2.0091331e-03
   3.8701834e-02   2.3755916e-01   3.1303820e-01  -7.1423266e-03  -2.9625637e-04  -1.8494958e-03
   2.7689759e-02   2.1081429e-01   3.0527772e-01  -6.8585101e-03  -1.8233697e-04  -1.8190882e-03
   1.9581654e-02   2.3183499e-01   3.3757852e-01  -7.2890381e-03  -4.1994972e-05  -1.6572870e-03
   2.1692756e-02   2.0125927e-01   2.9343343e-01  -6.9582947e-03   1.0568937e-04  -1.7273378e-03
   2.1431229e-02   2.1417666e-01   2.8988597e-01  -6.9770645e-03   5.4284506e-05  -1.7004598e-03
   2.2005220e-02   2.4436007e-01   3.5701668e-01  -7.7853246e-03   8.6468091e-05  -1.6484625e-03
   3.4770832e-02   2.0601244e-01   3.2618304e-01  -7.0515936e-03  -1.8887978e-05  -1.7845696e-03
   4.0234186e-02   2.1347168e-01   3.4772635e-01  -7.2455076e-03  -1.3452486e-04  -2.0801429e-03
   3.6930389e-02   1.9840897e-01   3.3859799e-01  -6.8333907e-03  -2.2031185e-04  -2.0249684e-03
   4.2766656e-02   1.8312430e-01   3.1394238e-01  -6.3440392e-03  -3.7266549e-04  -1.8692960e-03
   3.8059854e-02   2.1844821e-01   3.4190396e-01  -6.9220523e-03  -4.9830827e-04  -1.8810638e-03
   4.0154473e-02   1.8513987e-01   3.1443512e-01  -6.2446706e-03  -4.3130712e-04  -1.8796496e-03
   2.9332267e-02   1.8463282e-01   3.1137117e-01  -6.1515854e-03  -2.8386110e-04  -1.7411855e-03
   2.0836542e-02   2.1810823e-01   3.3838664e-01  -6.8095195e-03  -1.7844231e-04  -1.9571162e-03
   2.8185162e-02   1.8043257e-01   2.9026483e-01  -6.0968027e-03  -3.9295353e-04  -1.5664827e-03
   3.2265807e-02   2.2018323e-01   3.1785084e-01  -7.0623276e-03  -4.1447257e-04  -1.7559193e-03
   2.5537261e-02   2.0996965e-01   3.0320749e-01  -6.8856123e-03  -2.5649124e-04  -1.6249594e-03
   2.8065751e-02   1.9945176e-01   2.9955147e-01  -6.8454334e-03  -3.1009293e-04  -1.5665473e-03
   2.6731018e-02   2.2786714e-01   3.2807504e-01  -7.5050546e-03  -2.4879392e-04  -1.6239738e-03
   1.2542741e-02   1.5501141e-01   2.9221664e-01  -5.6280153e-03  -1.6550920e-04  -1.7178117e-03
   1.9653434e-02   1.9815743e-01   3.4577006e-01  -7.1678702e-03  -2.2688911e-04  -1.5671056e-03
   1.0587522e-02   2.1434790e-01   3.3026851e-01  -7.2314239e-03  -4.9222232e-05  -1.8679840e-03
   2.7926991e-02   2.0741120e-01   3.3351938e-01  -7.2095383e-03  -4.0471391e-04  -1.1051588e-03
   3.7861777e-02   2.1788770e-01   3.4541573e-01  -6.8694272e-03  -6.1727057e-04  -1.7512150e-03
   4.2491061e-02   1.7517614e-01   3.1577845e-01  -6.1262957e-03  -8.6983347e-04  -1.5029277e-03
   3.8291405e-02   1.9379727e-01   3.3910887e-01  -6.2820123e-03  -8.5152804e-04  -1.5451534e-03
   3.8960049e-02   1.9435862e-01   3.5496137e-01  -6.4702499e-03  -9.0648425e-04  -1.5810694e-03
   4.4964890e-02   1.7596490e-01   3.2995732e-01  -6.0205657e-03  -1.1719481e-03  -1.4878540e-03
   4.4424189e-02   2.1840513e-01   3.3304322e-01  -7.0274399e-03  -1.2530040e-03  -1.5211611e-03
   3.4684206e-02   2.1443293e-01   3.0664349e-01  -6.9735625e-03  -1.0862830e-03  -1.6258777e-03
   3.2352645e-02   2.0962059e-01   2.8887337e-01  -6.7643972e-03  -1.1705427e-03  -1.2851421e-03
   2.5505491e-02   2.2458928e-01   3.1234332e-01  -7.1005577e-03  -1.0527482e-03  -1.2469846e-03
   3.3812050e-02   2.0823138e-01   2.9202185e-01  -6.9499155e-03  -1.1832998e-03  -1.2463360e-03
   1.7827562e-02   2.4922751e-01   3.3492482e-01  -7.3726757e-03  -8.6771041e-04  -1.3735820e-03
   2.9642357e-02   2.1058746e-01   2.7194877e-01  -6.5923100e-03  -1.3078974e-03  -1.4338675e-03
   4.0657951e-02   1.9377138e-01   2.5726918e-01  -6.2887662e-03  -1.6961495e-03  -1.4676863e-03
   4.1044341e-02   2.2052498e-01   2.7889698e-01  -6.6163531e-03  -1.5692700e-03  -1.5404675e-03
   4.2480002e-02   2.2302954e-01   2.9013529e-01  -6.6387481e-03  -1.2964753e-03  -2.0241894e-03
   4.6045153e-02   2.0230915e-01   3.1992259e-01  -6.2951560e-03  -1.3754140e-03  -2.0498141e-03
   4.5149112e-02   2.0151702e-01   3.4337164e-01  -6.4188752e-03  -1.2482036e-03  -2.0198507e-03
   5.6443087e-02   1.5330247e-01   3.2230086e-01  -5.4913470e-03  -1.3946686e-03  -1.8218128e-03
   6.0049901e-02   1.9300732e-01   3.4719839e-01  -6.3385551e-03  -1.6450134e-03  -1.7006242e-03
   5.1343741e-02   1.9092919e-01   3.0810122e-01  -6.3681301e-03  -1.4733713e-03  -1.7370312e-03
   4.2117803e-02   1.7362289e-01   3.0095652e-01  -6.1947936e-03  -1.4780394e-03  -1.5040069e-03
   4.0211685e-02   2.2103067e-01   3.4877901e-01  -6.8022451e-03  -1.3469160e-03  -1.6231191e-03
   3.5971919e-02   1.9162499e-01   3.2022085e-01  -5.9294548e-03  -1.3672983e-03  -1.7854698e-03
   3.9666981e-02   1.8907005e-01   3.2161316e-01  -6.0531905e-03  -1.5005993e-03  -1.5813716e-03
   4.3461830e-02   2.1760516e-01   3.3430991e-01  -6.6376887e-03  -1.4918191e-03  -1.6597879e-03
   3.7126088e-02   1.8698240e-01   3.1055165e-01  -6.2584000e-03  -1.3847067e-03  -1.5098481e-03
   4.6836814e-02   1.9929827e-01   3.2869139e-01  -6.5930933e-03  -1.6318759e-03  -1.6426778e-03
   4.2728614e-02   1.8947665e-01   3.1961046e-01  -6.0614297e-03  -1.6134278e-03  -1.7124543e-03
   5.7269318e-02   1.8127457e-01   3.2960303e-01  -6.2338436e-03  -1.7868722e-03  -1.6890870e-03
   5.1788442e-02   1.9948917e-01   3.4793628e-01  -6.5375380e-03  -1.6827522e-03  -1.8872954e-03
   4.7350273e-02   1.9975046e-01   3.4443553e-01  -6.8877949e-03  -1.3701795e-03  -1.9819247e-03
   3.6776675e-02   2.1346273e-01   3.7193454e-01  -7.4528111e-03  -1.3217559e-03  -1.8528468e-03
   3.7019175e-02   2.1358989e-01   3.6759594e-01  -7.3238659e-03  -1.4284599e-03  -1.7150407e-03
   4.6377135e-02   1.9033048e-01   3.3308607e-01  -6.6208870e-03  -1.7675871e-03  -1.8576468e-03
   4.2561872e-02   2.1286970e-01   3.7672217e-01  -7.0785843e-03  -1.7418735e-03  -1.7857397e-03
   4.4591709e-02   2.1300866e-01   3.6090242e-01  -6.7630834e-03  -1.8135496e-03  -1.1100470e-03
   3.4780929e-02   2.0763105e-01   3.4719759e-01  -6.7034087e-03  -1.6721462e-03  -1.9099069e-03
   4.6542774e-02   2.1669094e-01   3.7711440e-01  -7.2126022e-03  -1.7589248e-03  -1.9044913e-03
   4.9966645e-02   1.9027545e-01   3.4738880e-01  -6.5583819e-03  -1.6973481e-03  -1.9294279e-03
   5.4972619e-02   1.9019353e-01   3.3977290e-01  -6.3023558e-03  -1.9164310e-03  -1.7714431e-03
   5.2847364e-02   2.2700250e-01   4.0357270e-01  -7.5158559e-03  -1.8942715e-03  -1.9078912e-03
   3.6308518e-02   2.0357362e-01   3.6367776e-01  -7.1118112e-03  -1.7183567e-03  -1.9686009e-03
   4.5015319e-02   1.9791496e-01   3.4218765e-01  -7.1308418e-03  -1.8731103e-03  -1.6825870e-03
   3.5401875e-02   2.1484155e-01   3.6856426e-01  -7.2844190e-03  -1.6479451e-03  -1.7497266e-03
   3.6999661e-02   2.0308822e-01   3.3054608e-01  -6.8550796e-03  -1.6243163e-03  -1.7979330e-03
   3.5528528e-02   1.9633914e-01   3.2987631e-01  -6.6577865e-03  -1.5170005e-03  -1.8996132e-03
   4.0581830e-02   1.9792474e-01   4.0375544e-01  -7.1099092e-03  -1.6643355e-03  -2.2011771e-03
   5.0989273e-02   1.9370400e-01   3.7287700e-01  -6.9509121e-03  -1.9483721e-03  -2.0829811e-03
   5.0545703e-02   1.8906356e-01   3.5762941e-01  -7.2184891e-03  -2.0945585e-03  -2.1384807e-03
   4.2106636e-02   2.2312169e-01   3.8832267e-01  -8.0303047e-03  -1.8360601e-03  -2.0918995e-03
   2.9073023e-02   1.9505084e-01   3.3522056e-01  -7.0571127e-03  -1.7394642e-03  -2.1002817e-03
   3.8528650e-02   2.0388190e-01   3.6414619e-01  -7.2215476e-03  -1.8871094e-03  -2.2473312e-03
   4.5705707e-02   2.1831869e-01   3.9571805e-01  -7.6635202e-03  -2.0009559e-03  -2.4454628e-03
   5.1302976e-02   2.0506418e-01   3.6833614e-01  -7.7127029e-03  -2.0736532e-03  -2.4172911e-03
   4.4807433e-02   2.3556325e-01   3.9447956e-01  -8.8695583e-03  -1.8650073e-03  -2.4394627e-03
   3.3877542e-02   2.2616088e-01   3.7847922e-01  -8.5455348e-03  -1.6304117e-03  -2.3752858e-03
   3.8635489e-02   2.2636128e-01   3.9023740e-01  -8.2319368e-03  -1.8115053e-03  -2.3521848e-03
   3.5206883e-02   2.6646792e-01   4.3978475e-01  -9.9335880e-03  -1.5797076e-03  -2.2161144e-03
   3.6890990e-02   2.2113418e-01   3.9987759e-01  -8.8243004e-03  -1.6504625e-03  -2.1663398e-03
   3.3961077e-02   2.3240309e-01   4.1601678e-01  -8.9956421e-03  -1.6954082e-03  -2.3878120e-03
   3.9653776e-02   2.6066237e-01   4.1814379e-01  -9.0081045e-03  -1.7069781e-03  -2.4116191e-03
   4.1511804e-02   2.2916853e-01   3.9187391e-01  -8.3929300e-03  -1.7712152e-03  -2.4603111e-03
   4.5836164e-02   2.5969445e-01   4.6211747e-01  -9.4462978e-03  -1.6858149e-03  -2.5696910e-03
   3.4646086e-02   2.3465451e-01   4.2138043e-01  -8.9593955e-03  -1.5579263e-03  -2.4325347e-03
   4.5812622e-02   2.6570763e-01   4.5656685e-01  -9.9273221e-03  -1.7116527e-03  -2.4345277e-03
   4.2422095e-02   2.8964567e-01   4.5370682e-01  -1.0338364e-02  -1.5249295e-03  -2.6378302e-03
   4.2249161e-02   2.6688880e-01   4.2553439e-01  -9.8992326e-03  -1.5865126e-03  -2.4295746e-03
   4.0900303e-02   3.0194260e-01   4.4790405e-01  -1.0754952e-02  -1.4041350e-03  -2.7645753e-03
   4.9623117e-02   3.1921906e-01   4.4893104e-01  -1.0974104e-02  -1.3618291e-03  -2.7360005e-03
   5.1606013e-02   3.8064639e-01   5.1743157e-01  -1.2618333e-02  -1.4365567e-03  -3.0660854e-03
   3.6319662e-02   2.6508401e-01   4.8294107e-01  -1.0344507e-02  -1.2724033e-03  -3.0379713e-03
   3.1955172e-02   3.4111877e-01   5.1348947e-01  -1.1623822e-02  -1.1989532e-03  -3.2348680e-03
   3.4794410e-02   2.9950303e-01   5.0674507e-01  -1.0324567e-02  -1.3413707e-03  -3.2384059e-03
   3.3805895e-02   2.9773523e-01   5.3619965e-01  -1.0878010e-02  -1.3961776e-03  -3.1119074e-03
   2.4210819e-02   3.1078184e-01   5.6795415e-01  -1.1160142e-02  -1.3344783e-03  -3.2068063e-03
   3.0919461e-02   2.8609293e-01   5.4799202e-01  -1.0553275e-02  -1.4039645e-03  -3.1882235e-03
   3.7638568e-02   3.1045972e-01   5.7933853e-01  -1.1358783e-02  -1.4379359e-03  -2.8763515e-03
   3.5200227e-02   2.8018096e-01   5.4537528e-01  -1.0718588e-02  -1.3017762e-03  -3.3439720e-03
   3.3454825e-02   2.9239401e-01   5.4358949e-01  -1.1140165e-02  -1.3940657e-03  -3.1107993e-03
   2.7681329e-02   3.2895760e-01   5.5829299e-01  -1.1654345e-02  -1.2529748e-03  -3.1303652e-03
   2.0777956e-02   2.8396690e-01   5.3425654e-01  -1.0623158e-02  -1.1749983e-03  -3.1636028e-03
   2.2329003e-02   3.0236738e-01   5.4692633e-01  -1.0344194e-02  -1.4469828e-03  -3.6100334e-03
   2.2977017e-02   3.2159481e-01   5.3652068e-01  -1.1353868e-02  -1.4563166e-03  -3.2186663e-03
   8.2264855e-03   3.0040801e-01   5.3514021e-01  -1.1246638e-02  -1.1309448e-03  -3.1959295e-03
   7.8656060e-03   3.6055067e-01   5.7171987e-01  -1.2609992e-02  -9.3697989e-04  -3.7842490e-03
   1.5376384e-02   2.8572569e-01   5.6153048e-01  -1.0938382e-02  -9.6445866e-04  -3.5394656e-03
   1.7347916e-02   3.0704495e-01   5.8717450e-01  -1.1714690e-02  -1.0315598e-03  -3.6561587e-03
   1.6922703e-02   2.8042473e-01   5.6648567e-01  -1.0219957e-02  -1.0144002e-03  -3.6546380e-03
   2.0934619e-02   2.5225478e-01   5.7707874e-01  -1.0348740e-02  -1.1488441e-03  -3.6247869e-03
   2.8199662e-02   2.9849822e-01   6.1005943e-01  -1.1485169e-02  -1.1855947e-03  -3.6876128e-03
   2.4514797e-02   2.9705862e-01   5.9204534e-01  -1.1394231e-02  -1.2409442e-03  -3.6246214e-03
   1.4542015e-02   2.7874442e-01   5.7968164e-01  -1.1360028e-02  -1.1968001e-03  -3.6673142e-03
   9.7041950e-03   3.4491153e-01   6.2721612e-01  -1.3024115e-02  -1.1972078e-03  -3.6299487e-03
   1.9104983e-03   3.0802235e-01   5.9850165e-01  -1.2148849e-02  -1.1296532e-03  -3.6170275e-03
  -2.9900756e-03   3.1745132e-01   6.0861388e-01  -1.2021349e-02  -1.1295797e-03  -3.5997346e-03
   3.9777661e-03   3.3363605e-01   6.4252532e-01  -1.2493012e-02  -1.4436123e-03  -3.7547809e-03
  -6.8067449e-04   2.7616041e-01   6.2629969e-01  -1.1387135e-02  -1.3342593e-03  -3.5916897e-03
   1.7976646e-02   3.1123848e-01   6.1604232e-01  -1.2125632e-02  -1.6514757e-03  -3.7962742e-03
   7.6982862e-02   5.2563325e-02   1.6802269e-01   1.2204201e-03  -4.8399911e-03  -9.7328675e-04
