   0.0000000e+00   0.0000000e+00   0.0000000e+00   0.0000000e+00   0.0000000e+00   0.0000000e+00
  -2.1134328e-03   2.1393308e-02   7.4365618e-02  -4.5753963e-04  -1.5387575e-04   1.4220381e-04
  -7.0210793e-03  -2.5305576e-04   7.0529301e-02   1.5368103e-04  -1.2234235e-05   5.5268285e-04
  -1.5851432e-02  -5.0599274e-03   7.6619929e-02   2.8604437e-04  -4.2350056e-05   6.4866362e-04
  -2.3649202e-02   2.3424880e-02   9.7087951e-02  -3.6051182e-05  -1.6085523e-04   7.5369186e-04
  -2.8333617e-02   6.7298296e-03   5.5857539e-02   2.7555929e-04  -2.5200768e-04   8.9980878e-04
  -1.5764425e-02  -8.8212573e-04   6.8500785e-02   2.3107257e-04  -6.1107822e-04   6.2323647e-04
   4.7154182e-03   2.0170060e-02   1.0683739e-01  -3.7641223e-04  -1.3401329e-03   6.1741592e-04
   3.5336903e-02   2.6924719e-03   7.5901603e-02   1.1206866e-04  -2.1677317e-03  -2.5474532e-04
   2.8019672e-02  -1.1975295e-03   7.2394360e-02   4.0140561e-04  -2.2673790e-03  -2.0183827e-04
   1.0541194e-02   2.1858274e-02   1.0604961e-01  -3.1422427e-04  -1.8586573e-03   1.2942165e-04
   9.3102246e-04   5.5814377e-03   1.0130520e-01  -5.3966269e-05  -1.6997998e-03   4.5906369e-04
   6.0479738e-03  -1.1479064e-02   1.0801414e-01   2.8900826e-04  -2.0123099e-03   4.9254946e-04
  -5.0010906e-03   6.4641202e-03   1.4346265e-01   2.8332465e-04  -2.1094132e-03   5.6372853e-04
  -1.3153031e-02  -5.2408465e-03   1.3695333e-01   5.0420032e-04  -2.0208940e-03   5.7410976e-04
  -6.6298718e-04  -2.6539390e-02   1.5532424e-01   1.0802269e-03  -2.3556825e-03   5.6955878e-04
  -5.4426782e-03   9.0937883e-03   1.7590497e-01   3.8640663e-04  -2.3721442e-03   7.9506570e-04
  -2.3829989e-02   2.1628202e-03   1.6802031e-01   6.2392197e-04  -2.1734834e-03   8.9285870e-04
  -1.2856695e-03  -1.0100631e-02   1.6693564e-01   4.6524872e-04  -2.6174398e-03   6.3490133e-04
  -1.2729067e-02   1.0111258e-02   2.2430806e-01   1.8407255e-04  -2.2305691e-03   5.8472043e-04
  -1.6528721e-02   2.6851873e-03   2.2435301e-01   2.8305925e-04  -1.9555037e-03   8.4011301e-04
  -1.6274756e-02  -1.5803578e-02   2.0237534e-01   6.4220101e-04  -2.0619894e-03   8.7003801e-04
  -2.2917890e-02  -7.6285227e-03   2.3489347e-01   2.9254231e-04  -2.0756361e-03   7.0304311e-04
  -3.5169147e-02   3.1834259e-03   2.4914477e-01  -8.5478497e-06  -1.9300582e-03   9.3823082e-04
  -3.8298914e-02  -1.8149600e-02   2.4161927e-01   4.4565615e-04  -2.0025387e-03   1.0996971e-03
  -1.7172953e-02  -8.7302535e-03   2.0155944e-01   5.2361215e-04  -2.3275453e-03   5.9966106e-04
  -1.4876829e-02   1.4725913e-02   2.3259656e-01  -1.0467712e-04  -2.3898352e-03   4.1653858e-04
  -1.0866125e-02  -1.3928551e-02   2.0613334e-01   3.9229728e-04  -2.3878344e-03   5.7770498e-04
  -2.8807609e-02  -1.8973623e-02   2.1030507e-01   5.4697641e-04  -2.3081673e-03   6.9780154e-04
  -3.5617169e-02  -4.3049510e-03   2.2171862e-01   4.5681633e-04  -1.9923713e-03   9.9926639e-04
  -3.4546449e-02  -3.2879654e-02   1.9766249e-01   1.0018280e-03  -2.0529816e-03   1.1851295e-03
  -2.9345759e-02  -1.1275902e-03   2.3034622e-01   3.2557198e-04  -2.0638840e-03   8.3415691e-04
  -3.4802397e-02   2.4625750e-02   2.3272954e-01  -4.8011542e-05  -2.0533344e-03   1.0082773e-03
  -3.9420500e-02  -2.8170049e-03   1.9840643e-01   3.0009980e-05  -2.0158484e-03   8.3930699e-04
  -4.3634283e-02  -1.4723753e-04   2.0191658e-01  -1.9100177e-04  -1.9452608e-03   8.2740557e-04
  -4.9160167e-02   3.3430171e-02   2.1569028e-01  -8.9976708e-04  -1.8808372e-03   8.6019015e-04
  -5.4176447e-02   2.0601107e-02   1.9295197e-01  -3.7557855e-04  -1.6227930e-03   8.1213948e-04
  -5.8831382e-02  -7.4655065e-03   2.0896880e-01   2.3401585e-04  -1.6756508e-03   8.2689136e-04
  -5.0932678e-02   2.8467628e-02   2.3257957e-01  -4.9084321e-04  -1.8102887e-03   8.9209371e-04
  -4.4239299e-02   2.0564945e-02   2.0866896e-01  -5.1158586e-04  -1.8741360e-03   7.9499222e-04
  -4.6083938e-02   1.9807362e-03   2.2499883e-01  -3.9407430e-04  -1.8481568e-03   8.2427173e-04
  -4.4883281e-02   3.6711103e-02   2.2843264e-01  -9.8343909e-04  -1.8447855e-03   7.8593299e-04
  -4.7554258e-02   6.5488046e-03   2.2790263e-01  -5.7054423e-04  -1.8520592e-03   8.7832752e-04
   1.0758267e-02   5.2228620e-02   1.9995563e-01  -1.6078419e-03  -3.0369753e-03   4.5846345e-05
   3.7859396e-02   8.8287460e-02   2.2595902e-01  -2.3678785e-03  -3.9043481e-03  -4.8746587e-04
   2.1587414e-02   6.3233651e-02   1.9448459e-01  -1.7572764e-03  -3.3314987e-03  -5.1391878e-04
  -4.5311472e-04   7.4720989e-02   2.3766542e-01  -1.6905333e-03  -3.0100455e-03   8.1582682e-05
  -1.1909433e-03   8.4122951e-02   2.5005234e-01  -1.7067687e-03  -3.1414875e-03   3.6769203e-04
  -6.2297740e-03   6.7638759e-02   2.3804559e-01  -1.4904136e-03  -3.0203751e-03   1.3383264e-04
  -1.0710458e-02   5.9909977e-02   2.4354509e-01  -1.5899445e-03  -3.0964837e-03   1.3423172e-04
  -2.1066040e-02   1.0625306e-01   2.6408099e-01  -2.6483128e-03  -2.8509207e-03   3.6391807e-05
  -2.1701227e-02   1.0535265e-01   2.4127009e-01  -2.4070438e-03  -2.8444235e-03   3.5733235e-04
  -2.4904379e-02   6.8937685e-02   2.1705748e-01  -1.8539017e-03  -2.8324936e-03   6.2158990e-04
  -2.4287146e-02   8.8127446e-02   2.2606724e-01  -2.1394769e-03  -2.8250756e-03   6.2793233e-04
  -3.9426929e-02   7.6356517e-02   2.0053709e-01  -1.7358739e-03  -2.4750903e-03   9.7618774e-04
  -1.8986728e-02   7.8272807e-02   1.6741852e-01  -1.3666886e-03  -3.0740400e-03   5.1628723e-04
  -2.9379757e-02   1.0020615e-01   1.8890110e-01  -2.0925787e-03  -2.9216492e-03   4.3602166e-04
  -3.7377641e-02   9.7643829e-02   1.9224468e-01  -1.9082097e-03  -2.5941656e-03   5.5422852e-04
  -3.1044523e-02   7.5784823e-02   1.6592093e-01  -1.5874345e-03  -2.8631553e-03   6.6693119e-04
  -2.9604977e-02   8.3970476e-02   1.8099528e-01  -1.8399033e-03  -2.8410247e-03   5.5278133e-04
  -3.7415823e-02   8.7039320e-02   1.6740589e-01  -1.6879894e-03  -2.6732186e-03   4.7941754e-04
  -3.4716253e-02   8.0607426e-02   1.6442033e-01  -1.4801055e-03  -2.7423056e-03   6.2469360e-04
  -4.3433190e-02   9.1567388e-02   1.7846442e-01  -1.4735889e-03  -2.9482023e-03   4.5701593e-04
  -5.1676286e-02   9.4993305e-02   1.6650785e-01  -1.7724007e-03  -2.9610016e-03   4.9498091e-04
  -5.0862382e-02   7.2881641e-02   1.5968681e-01  -1.7252904e-03  -3.0327027e-03   4.4121391e-04
  -1.3779688e-02   1.0532465e-01   1.1979338e-01  -2.1752054e-03  -3.7214428e-03  -9.9244081e-05
  -1.6509348e-02   1.1794862e-01   1.0381430e-01  -2.3955350e-03  -3.9315075e-03  -5.5350761e-04
  -2.7560636e-02   9.4232748e-02   1.1218205e-01  -1.5404080e-03  -3.4367047e-03  -1.7799705e-04
  -3.7413261e-02   1.0306620e-01   1.1201998e-01  -1.7645509e-03  -3.4368100e-03  -2.1137942e-04
  -5.0827773e-02   1.2077754e-01   1.5807724e-01  -2.4838122e-03  -3.3205483e-03  -3.3842941e-04
  -6.4241119e-02   6.8598554e-02   1.6497366e-01  -1.2049689e-03  -3.1905223e-03  -1.2616088e-04
  -5.7055980e-02   6.6222918e-02   2.1443948e-01  -1.1449406e-03  -3.2506508e-03  -1.1974421e-04
  -6.3687302e-02   1.0278675e-01   2.2455376e-01  -1.7384530e-03  -3.1541269e-03  -1.8537904e-04
  -5.8615736e-02   6.8923302e-02   1.5921683e-01  -1.1746141e-03  -3.3445008e-03  -1.6409176e-04
  -5.8563684e-02   1.0597570e-01   1.8335297e-01  -1.6406602e-03  -3.2415511e-03  -1.7524608e-04
  -6.2614984e-02   1.2846143e-01   1.9255264e-01  -2.0442259e-03  -2.8954148e-03  -4.0981979e-05
  -6.6433222e-02   9.0870233e-02   2.0219246e-01  -1.3252753e-03  -3.0328099e-03   1.3727647e-04
  -6.6234797e-02   1.2427991e-01   2.0528530e-01  -2.0331465e-03  -3.1218859e-03   1.6767248e-04
  -6.2258184e-02   1.0406578e-01   1.7186227e-01  -1.6813952e-03  -3.2789719e-03   1.8294489e-04
  -4.5424100e-02   1.0126113e-01   1.5813923e-01  -1.2736933e-03  -3.6859750e-03   4.3547581e-04
  -7.0195488e-02   1.4616488e-01   1.9749363e-01  -2.1560394e-03  -3.0546883e-03   1.5369183e-04
  -7.5488007e-02   1.1091204e-01   1.7027078e-01  -1.4234926e-03  -2.8857248e-03   2.5004018e-04
  -4.5820858e-02   1.0301777e-01   1.1653119e-01  -1.4144513e-03  -3.4030135e-03  -2.4140361e-04
  -3.9190138e-02   1.4559934e-01   1.5230661e-01  -2.4290126e-03  -3.5791720e-03  -3.1316167e-04
  -3.9752524e-02   1.1428847e-01   1.4375391e-01  -2.0117727e-03  -3.4891055e-03  -4.4618329e-04
  -4.4346701e-02   1.1284591e-01   1.5205896e-01  -1.7423178e-03  -3.5680666e-03  -3.2620460e-04
  -5.4540647e-02   1.1860972e-01   1.7552169e-01  -1.7632897e-03  -3.3530849e-03  -1.5924014e-04
  -6.5192887e-02   9.0378192e-02   1.2801138e-01  -1.2310841e-03  -3.5088319e-03  -1.4149990e-04
  -6.4063931e-02   1.2284429e-01   1.6318214e-01  -1.4756086e-03  -3.6916018e-03  -5.1666300e-05
  -6.5646549e-02   1.3225698e-01   1.5405680e-01  -1.6278517e-03  -3.7771763e-03  -9.7753230e-05
  -6.9824840e-02   1.2127983e-01   1.4989703e-01  -1.5776470e-03  -3.6730889e-03  -1.4887677e-04
  -7.1729912e-02   1.5490747e-01   1.6437971e-01  -2.0546862e-03  -3.7970132e-03  -2.1103227e-04
  -7.0170024e-02   1.2159223e-01   1.3162429e-01  -1.6264788e-03  -3.6078231e-03  -8.8648800e-05
  -4.7501643e-02   1.2819272e-01   1.0054928e-01  -1.6556999e-03  -3.9617511e-03  -2.8199983e-04
  -3.8892834e-02   1.6909074e-01   8.5283967e-02  -2.7665570e-03  -4.1621623e-03  -5.2847545e-04
  -3.7904919e-02   1.2413600e-01   8.2760650e-02  -2.0879535e-03  -4.1382928e-03  -4.2068728e-04
  -3.6997762e-02   1.3285207e-01   7.3229262e-02  -2.1211192e-03  -4.0855732e-03  -4.2638329e-04
  -3.7591669e-02   1.4917683e-01   9.4845885e-02  -2.3705722e-03  -4.0718784e-03  -3.7134907e-04
  -4.2288405e-02   1.2428345e-01   5.6213807e-02  -1.8766200e-03  -4.1458115e-03  -2.6496916e-04
  -3.9289970e-02   1.2490374e-01   4.8112051e-02  -1.8561046e-03  -4.3033691e-03  -3.0225643e-04
  -2.5384950e-02   1.6518313e-01   5.2346560e-02  -2.5441797e-03  -4.4829132e-03  -2.7959616e-04
  -3.2248595e-02   1.2078031e-01   8.8841741e-03  -1.7323350e-03  -4.3392046e-03  -4.7387897e-04
  -4.3809011e-02   1.0890267e-01   4.8964399e-02  -1.3534887e-03  -4.0732477e-03  -3.1824372e-04
  -4.3014280e-02   1.3171646e-01   8.1447204e-02  -1.8150104e-03  -4.0696213e-03  -4.6736058e-04
  -4.1564819e-02   1.1277832e-01   6.9205432e-02  -1.5790033e-03  -4.0452057e-03  -4.5204016e-04
  -3.6852728e-02   1.2216192e-01   6.4869005e-02  -1.8976135e-03  -4.1888908e-03  -5.5979116e-04
  -4.9799368e-02   1.4047910e-01   8.1980425e-02  -2.3989457e-03  -4.0163653e-03  -3.8117049e-04
  -4.3848252e-02   1.2021874e-01   4.6779672e-02  -1.7587616e-03  -4.3244981e-03  -4.3059721e-04
  -4.2431140e-02   1.4305672e-01   5.5635004e-02  -2.0340613e-03  -4.3409537e-03  -4.2573616e-04
  -4.2887064e-02   1.3048753e-01   3.5080202e-02  -1.6918568e-03  -4.3240108e-03  -4.4615902e-04
  -4.2972736e-02   1.1624206e-01   3.1150559e-02  -1.3303144e-03  -4.3532500e-03  -5.2269670e-04
  -4.9357586e-02   1.4492491e-01   4.1718971e-02  -1.5629363e-03  -4.1777254e-03  -4.7351871e-04
  -8.9995076e-03   1.4582002e-01   2.7597819e-03  -1.7522054e-03  -5.0453810e-03  -8.9827674e-04
   1.8054486e-02   1.4185247e-01   8.4906127e-02  -2.3001663e-03  -5.5943828e-03  -4.8175549e-04
   7.3392705e-03   1.4040866e-01   7.5832961e-02  -2.2046504e-03  -5.2111986e-03  -5.0401268e-04
   6.3154540e-03   1.3489799e-01   4.8397991e-02  -2.2985001e-03  -5.3502832e-03  -3.6661293e-04
  -6.0863278e-03   1.7234832e-01   5.5662203e-02  -2.5998808e-03  -5.0991439e-03  -4.8664288e-04
   1.4248218e-03   1.4691832e-01   6.5033969e-03  -2.2081453e-03  -5.1809468e-03  -5.7346530e-04
  -3.0292112e-03   1.3823723e-01   1.8289054e-02  -2.4012402e-03  -5.1687810e-03  -6.1729752e-04
  -8.2391390e-03   1.8282502e-01   3.7523479e-02  -2.9376720e-03  -4.9339684e-03  -6.5839524e-04
  -1.0072587e-02   1.5122170e-01   3.4997536e-03  -2.3161527e-03  -4.9810157e-03  -6.6441975e-04
  -6.7432321e-03   1.6273608e-01   1.1765136e-03  -2.3786657e-03  -5.1545178e-03  -7.8207501e-04
   6.9093667e-04   1.9695334e-01   2.3030862e-02  -2.8344411e-03  -5.2909930e-03  -7.1378853e-04
   1.1818736e-02   1.7371047e-01   1.4672643e-02  -2.3304362e-03  -5.6845320e-03  -1.0278247e-03
   2.9640088e-03   1.8649226e-01   3.6057034e-02  -3.0846256e-03  -5.3953956e-03  -1.2699294e-03
  -1.4490806e-02   1.7819017e-01   4.9892130e-02  -3.0097311e-03  -5.0857044e-03  -1.1295002e-03
  -1.9945297e-02   1.6681979e-01   2.7223912e-02  -3.2374610e-03  -4.7357983e-03  -1.1121944e-03
  -7.7142653e-03   1.7976022e-01   4.3762336e-02  -3.1360633e-03  -5.0776914e-03  -1.2270219e-03
   1.6252618e-03   1.8618557e-01   3.3727838e-02  -3.3002046e-03  -5.1399495e-03  -1.2450414e-03
   7.4909260e-03   1.6520028e-01   1.4758959e-02  -2.9929267e-03  -5.3285412e-03  -1.3170588e-03
   7.3121145e-03   1.9775575e-01   4.0627471e-02  -3.4159224e-03  -5.4223495e-03  -1.3694677e-03
   6.0977056e-03   1.8160245e-01   4.2321390e-02  -3.1367861e-03  -5.4425714e-03  -1.4240621e-03
   7.0510836e-03   1.6624663e-01   4.6265495e-02  -2.9881035e-03  -5.4833092e-03  -1.5261031e-03
   1.5201719e-02   2.0465700e-01   4.8341386e-02  -3.5883491e-03  -5.4932349e-03  -1.4585344e-03
   1.9682781e-02   1.9438323e-01  -3.2039704e-04  -3.3944422e-03  -5.7297622e-03  -1.5233552e-03
   1.4827017e-02   1.5660276e-01   3.3375591e-02  -2.5392861e-03  -6.0179959e-03  -1.5462223e-03
   8.3266167e-04   1.9712795e-01   8.1111124e-02  -3.1026030e-03  -5.5570875e-03  -1.2990656e-03
   5.7488106e-03   1.7274484e-01   5.0251353e-02  -2.7914989e-03  -5.8988094e-03  -1.4875175e-03
   3.2382021e-02   2.0026169e-01   5.7431401e-02  -3.3914468e-03  -6.4459750e-03  -1.7955888e-03
   4.1474797e-02   2.2545701e-01   1.2760252e-01  -3.5808610e-03  -6.4633289e-03  -2.2018815e-03
   4.8831317e-02   2.1232107e-01   1.5615193e-01  -3.5326893e-03  -6.4809479e-03  -2.5095147e-03
   3.4798600e-02   2.7038640e-01   1.6343776e-01  -4.6351436e-03  -5.9909500e-03  -2.2378963e-03
   3.4987196e-02   1.9697812e-01   1.4228527e-01  -2.9693940e-03  -6.2086474e-03  -2.2284746e-03
   2.9980956e-02   2.4739282e-01   1.5424780e-01  -4.2066384e-03  -6.1886237e-03  -2.0660424e-03
   1.8853845e-02   2.6653963e-01   1.6056278e-01  -4.3775940e-03  -6.1374833e-03  -1.9696249e-03
   2.0415890e-02   2.4491410e-01   1.5318709e-01  -4.1098711e-03  -6.3511066e-03  -1.9275108e-03
  -6.1581526e-04   2.6427423e-01   1.3430711e-01  -4.2752459e-03  -6.1668042e-03  -1.8515913e-03
  -7.4982733e-03   2.7219662e-01   9.5428057e-02  -4.5399598e-03  -5.9290255e-03  -1.8655111e-03
   3.1954165e-03   2.5744913e-01   9.1311662e-02  -4.5631237e-03  -6.1387901e-03  -2.0990338e-03
   1.1982919e-03   2.8799931e-01   1.1396320e-01  -5.0099292e-03  -5.8973610e-03  -2.1102444e-03
   5.9500526e-03   2.7389844e-01   9.8851307e-02  -4.9039039e-03  -6.0244171e-03  -2.1151264e-03
  -4.3942090e-03   2.7911448e-01   1.0290457e-01  -4.8892531e-03  -5.9699251e-03  -2.2266235e-03
   1.6176807e-03   2.8339667e-01   9.9493854e-02  -4.9358201e-03  -6.1049382e-03  -2.2849027e-03
   4.1443820e-02   2.6820180e-01   9.6089636e-02  -5.1536169e-03  -7.1521162e-03  -3.2675927e-03
   4.5205338e-02   2.7335986e-01   1.5280145e-01  -5.2728768e-03  -6.9868916e-03  -2.9236813e-03
   2.6381961e-02   2.7848161e-01   1.3918763e-01  -5.5516388e-03  -6.5861396e-03  -2.6359292e-03
   1.4110615e-02   2.3822976e-01   1.4077498e-01  -4.9803109e-03  -6.3387905e-03  -2.3554940e-03
   7.2718249e-03   2.7261141e-01   1.5352550e-01  -5.3227277e-03  -6.1434216e-03  -2.1346491e-03
   8.2195044e-03   2.6450451e-01   1.2308765e-01  -4.9084422e-03  -6.2152281e-03  -2.3899826e-03
   1.4277978e-02   2.5866134e-01   8.0046074e-02  -4.8978353e-03  -6.4666932e-03  -2.4250510e-03
   1.1723381e-02   2.8145617e-01   1.0305934e-01  -5.0438841e-03  -6.4108532e-03  -2.6021446e-03
   1.8943390e-03   2.7563009e-01   8.7905969e-02  -4.9216829e-03  -5.9361660e-03  -2.3957304e-03
   6.3766127e-03   2.5481413e-01   1.1544181e-01  -4.3020664e-03  -6.0800358e-03  -2.4300932e-03
  -4.2492846e-03   3.0817614e-01   1.3096092e-01  -5.4509324e-03  -5.9062788e-03  -2.4765342e-03
  -9.3628034e-03   2.7805746e-01   1.1349608e-01  -5.0632634e-03  -5.8812590e-03  -2.4913568e-03
  -5.9363654e-03   3.0018763e-01   1.3670309e-01  -5.5389851e-03  -5.8307673e-03  -2.4246294e-03
   1.1322348e-02   3.0062366e-01   1.2029900e-01  -5.5863698e-03  -6.0180608e-03  -2.4962932e-03
   1.6152760e-02   2.6239323e-01   1.0114538e-01  -5.7092199e-03  -6.1581408e-03  -2.6577284e-03
   1.8935429e-02   2.8908516e-01   1.2287941e-01  -6.1407192e-03  -6.4280463e-03  -2.6245384e-03
   6.4510133e-03   2.6077245e-01   7.8627893e-02  -4.3901998e-03  -6.3516382e-03  -3.1621404e-03
   3.3561238e-02   2.4322142e-01   1.0650026e-01  -4.4834855e-03  -6.7204686e-03  -2.7421180e-03
   2.0773972e-02   2.9629395e-01   1.3452062e-01  -5.5034002e-03  -6.4624889e-03  -3.0424000e-03
   1.7505024e-02   2.6407261e-01   1.2600729e-01  -4.9538797e-03  -6.3707153e-03  -2.9059063e-03
   1.6431541e-02   2.9134137e-01   1.1028025e-01  -5.4639299e-03  -6.3973318e-03  -2.7738239e-03
   3.6201113e-02   3.0187748e-01   1.2421104e-01  -6.1920467e-03  -6.7352102e-03  -2.7560412e-03
   3.8394993e-02   2.6741358e-01   9.0905006e-02  -5.8640967e-03  -6.6743707e-03  -2.6613452e-03
   4.5564717e-02   2.6245131e-01   7.8746184e-02  -5.3052150e-03  -6.8820092e-03  -2.5207912e-03
   4.5245670e-02   2.7105832e-01   8.9129428e-02  -5.4757905e-03  -6.8477064e-03  -2.4214099e-03
   3.1286556e-02   2.5419085e-01   6.9549307e-02  -5.2592622e-03  -6.4583061e-03  -2.3488273e-03
   4.7498418e-02   2.4965157e-01   6.9063887e-02  -5.1595606e-03  -6.6164109e-03  -2.4199511e-03
   5.1913369e-02   2.8568617e-01   8.8943455e-02  -5.6650145e-03  -6.6944108e-03  -2.5385689e-03
   4.1818157e-02   2.7218131e-01   6.6927341e-02  -5.6359008e-03  -6.4752744e-03  -2.3766524e-03
   4.6421666e-02   2.6883629e-01   5.4926465e-02  -5.3729245e-03  -6.6663584e-03  -2.4091585e-03
   4.0772477e-02   3.0947589e-01   8.0489710e-02  -6.0569669e-03  -6.5705855e-03  -2.3883105e-03
   3.8846982e-02   2.5873601e-01   6.8043408e-02  -5.6481837e-03  -6.7246458e-03  -2.4499005e-03
   3.6964276e-02   2.6047637e-01   8.6113108e-02  -5.4402823e-03  -6.8936329e-03  -2.2949731e-03
   2.2921530e-02   2.6862467e-01   9.9152186e-02  -5.5104760e-03  -6.6731239e-03  -2.3449299e-03
   5.7693702e-02   1.8157182e-01   8.9364537e-03  -1.8603489e-03  -8.4884920e-03  -2.7196361e-03
