   0.0000000e+00   0.0000000e+00   0.0000000e+00   0.0000000e+00   1.7347235e-18   0.0000000e+00
  -7.1545784e-03  -1.5313032e-02   3.7801576e-02   3.7997458e-05   1.7797367e-04   5.5591918e-05
  -1.6358171e-02  -2.1897151e-03   5.3196868e-02   3.5995978e-04   5.6317978e-04   7.0854217e-05
  -9.0420777e-03  -5.9569378e-03   5.1983138e-02   9.2757275e-04   4.2283435e-04   2.4109244e-04
  -2.1549825e-02   2.5436654e-02   1.0102552e-01   5.3719394e-04   4.6296737e-04   2.1481893e-04
  -2.9574121e-02  -9.9307686e-03   7.7804743e-02   1.0987044e-03   4.2606641e-04   2.5541389e-04
  -3.4056981e-02   1.9569697e-02   8.2256071e-02   1.0203475e-03   2.2247228e-04   1.1079860e-04
  -3.1541065e-02  -6.5607796e-03   4.1229867e-02   1.9036935e-03   1.0955515e-04   6.8920224e-05
  -3.1988558e-02   5.5944602e-04   4.9800807e-02   1.6324793e-03   5.3275522e-05   2.2096296e-04
  -3.6558216e-02   1.2634606e-03   7.0016636e-02   1.4220568e-03   2.1126985e-04   1.8350303e-04
  -4.5736562e-02  -2.0423382e-02   4.0492899e-02   1.9013238e-03   1.6731285e-04   4.8973736e-04
  -4.8752269e-02  -7.9272170e-03   5.2881259e-02   2.0387861e-03   2.8345058e-04   4.0476962e-04
  -4.3194613e-02  -1.6397766e-02   2.6607718e-02   1.7747211e-03   4.0002414e-05   4.8076706e-04
  -4.5419909e-02  -2.2471368e-03   3.2054080e-02   1.4872511e-03   6.6631711e-05   4.1559884e-04
  -4.7605845e-02  -5.3889353e-03   1.0907954e-02   1.6799722e-03   3.0002768e-04   3.7397611e-04
  -5.2166187e-02  -9.7844382e-03   2.7470095e-02   2.1805980e-03   4.8600935e-04   3.1516725e-04
  -2.6531460e-02   4.7670437e-02   7.5721660e-02   2.9955084e-04   3.3631639e-05   5.8736902e-04
  -3.9503627e-02  -2.5666811e-02   9.8864658e-03   1.7642424e-03   1.0810912e-04   8.0183233e-04
  -4.8296598e-02   5.0731071e-03   2.7999655e-02   1.9693308e-03   1.6399534e-04   5.9588117e-04
  -5.9730180e-02  -2.0663880e-02   1.8931399e-02   2.6635343e-03   2.1013433e-04   7.1641209e-04
  -5.7365277e-02   1.0044751e-03   4.8261736e-02   2.5384769e-03   1.4330384e-04   1.5534170e-03
  -7.2882080e-02   2.7670100e-02   6.8993976e-02   1.7185474e-03   4.8883352e-04   8.0395727e-04
  -6.2771779e-02  -2.6047562e-02   5.6385176e-02   2.6932043e-03   3.6067840e-04   9.2340023e-04
  -6.2927500e-02  -1.2494433e-02   6.5888098e-02   2.8578656e-03   3.8389459e-04   6.6876880e-04
  -5.8691868e-02  -5.9707428e-03   5.6476516e-02   2.6871119e-03   3.3987054e-04   9.0541009e-04
  -4.0806227e-02  -1.0811557e-02   7.7404217e-02   2.1090776e-03   5.7932509e-05   6.3614758e-04
  -3.4255766e-02  -6.9477541e-02  -2.8831207e-03   4.6447378e-03  -3.1722652e-04   3.3458380e-04
  -6.6699399e-02  -2.0459721e-03   1.0982678e-01   2.4982163e-03   5.9939823e-04   4.9427485e-04
  -7.0691122e-02  -7.0701740e-02   1.0237806e-01   3.3153807e-03   4.1372567e-04   7.6075565e-04
  -8.2081947e-02  -5.8637107e-03   1.0678932e-01   2.9782370e-03   5.8571550e-04   8.4995735e-04
  -9.7583697e-02  -5.5213512e-02   7.6750399e-02   4.2766322e-03   8.7178384e-04   1.2287350e-03
  -9.0545031e-02  -3.8341722e-02   8.4375945e-02   3.7910560e-03   8.6296326e-04   1.2881028e-03
  -8.4545975e-02  -6.3652860e-02   7.6190789e-02   4.7786050e-03   8.7991133e-04   1.2132216e-03
  -8.5820120e-02  -7.0003841e-02   1.0506225e-01   4.8710803e-03   1.0077557e-03   1.2457366e-03
  -8.7895067e-02  -7.5642875e-02   1.1006898e-01   5.2485876e-03   1.1073270e-03   1.1872668e-03
  -9.6732969e-02  -8.8356032e-02   8.9286066e-02   5.6809908e-03   1.0699033e-03   1.5793341e-03
  -1.0191935e-01  -7.8446412e-02   1.2671673e-01   5.5524027e-03   1.2373874e-03   1.4709920e-03
  -1.0387563e-01  -1.2093623e-01   1.0955367e-01   6.5174096e-03   1.2464046e-03   1.5975792e-03
  -9.4154566e-02  -9.7308039e-02   1.3310650e-01   6.0587961e-03   1.1307880e-03   1.4244435e-03
  -1.0494523e-01  -1.1108668e-01   1.4355846e-01   6.2004107e-03   1.3063189e-03   1.5421856e-03
  -1.0943786e-01  -1.1708767e-01   1.1909404e-01   6.2791376e-03   1.2859470e-03   1.5644646e-03
  -1.1432007e-01  -9.2403556e-02   1.1812890e-01   5.9429854e-03   1.2706053e-03   1.7170863e-03
  -1.2355968e-01  -1.0182587e-01   1.2458503e-01   5.9763322e-03   1.5477853e-03   1.6035023e-03
  -1.3144449e-01  -9.0856449e-02   1.4529051e-01   5.8091770e-03   1.7497359e-03   1.4811277e-03
  -1.2612893e-01  -1.0978904e-01   1.2386653e-01   6.1726594e-03   1.6549265e-03   1.6309073e-03
  -1.2532738e-01  -8.4248388e-02   1.3426439e-01   5.3559019e-03   1.7322342e-03   1.5136971e-03
  -1.2683088e-01  -9.3336415e-02   1.2497587e-01   5.5927791e-03   1.7593415e-03   1.6066814e-03
  -1.2931531e-01  -1.1098864e-01   1.4045335e-01   6.1500480e-03   1.8057685e-03   1.7970656e-03
  -1.2120155e-01  -4.9688256e-02   1.4757786e-01   4.7074182e-03   1.8535922e-03   1.2599234e-03
  -1.1896690e-01  -8.4361608e-02   1.1336662e-01   5.2073441e-03   1.7949561e-03   1.5371023e-03
  -1.1291582e-01  -9.1331143e-02   1.2288725e-01   5.1673956e-03   1.7773517e-03   1.5160225e-03
  -1.0544835e-01  -8.6440325e-02   1.3025883e-01   5.3211251e-03   1.7358966e-03   1.2964465e-03
  -1.0736868e-01  -1.1062238e-01   1.2100750e-01   5.7184458e-03   1.7286304e-03   1.3588182e-03
  -1.0254164e-01  -8.4854075e-02   1.2181242e-01   5.5657247e-03   1.7153379e-03   1.3724956e-03
  -1.0490568e-01  -7.3159937e-02   1.1423567e-01   4.9612026e-03   1.8073308e-03   1.4058133e-03
  -1.0841426e-01  -1.0948066e-01   7.6690134e-02   5.6640185e-03   1.7666802e-03   1.4819979e-03
  -1.1699145e-01  -7.9906630e-02   1.3251902e-01   4.8706958e-03   2.1172174e-03   1.1499938e-03
  -1.1344974e-01  -1.0596982e-01   1.2892593e-01   5.3963638e-03   1.9159444e-03   1.0779329e-03
  -1.0375418e-01  -9.5917410e-02   1.2986811e-01   5.2138364e-03   1.8318102e-03   1.0571276e-03
  -1.0713257e-01  -7.1840217e-02   1.2851630e-01   4.3495577e-03   2.0949438e-03   1.0552917e-03
  -9.8720286e-02  -9.9469092e-02   8.3750734e-02   4.7728782e-03   1.9875243e-03   1.1146056e-03
  -1.0115372e-01  -8.2988858e-02   9.7681472e-02   4.7559763e-03   2.1832085e-03   1.1726897e-03
  -1.0676997e-01  -7.4139581e-02   1.3280971e-01   4.6319946e-03   2.4113774e-03   1.0318884e-03
  -9.6764723e-02  -9.7041100e-02   1.2850983e-01   4.6340809e-03   2.2624340e-03   1.0043314e-03
  -1.0081211e-01  -8.4556740e-02   1.7856706e-01   4.7432303e-03   2.3328829e-03   7.7012077e-04
  -1.0573247e-01  -1.2147690e-01   1.4987758e-01   6.0859203e-03   2.3238040e-03   8.5709049e-04
  -1.1266456e-01  -9.2379101e-02   1.7940076e-01   5.4349611e-03   2.1954441e-03   9.1250917e-04
  -1.0573244e-01  -1.1765542e-01   1.7075736e-01   5.9963697e-03   2.1298688e-03   1.0783482e-03
  -1.0035017e-01  -1.1861137e-01   1.8199318e-01   5.7560988e-03   2.1300049e-03   7.6537819e-04
  -1.0133711e-01  -9.0869454e-02   2.0257378e-01   5.3269379e-03   2.2263697e-03   7.5552838e-04
  -9.0637208e-02  -1.3188060e-01   1.6777464e-01   6.4941620e-03   2.0630094e-03   5.0756654e-04
  -1.0368241e-01  -9.6830361e-02   1.8151280e-01   5.8390920e-03   2.0974312e-03   4.9402328e-04
  -1.0046785e-01  -1.1915169e-01   1.6344460e-01   6.0870244e-03   2.3028436e-03   4.7851614e-04
  -8.1080460e-02  -1.5793396e-01   1.6176809e-01   6.7742881e-03   2.4455327e-03   5.4669970e-04
  -1.0413548e-01  -1.3661853e-01   2.0211651e-01   6.5937876e-03   2.6450205e-03   4.5287874e-04
  -1.0585728e-01  -1.6123991e-01   1.8509096e-01   7.0763101e-03   2.5558299e-03   6.1188564e-04
  -1.1025144e-01  -1.1908503e-01   2.2029881e-01   6.0071394e-03   2.5633336e-03   4.6517117e-04
  -1.1400929e-01  -1.2479894e-01   1.9578001e-01   5.9909385e-03   2.6275286e-03   7.5284200e-04
  -5.6867967e-02  -1.1195317e-01   2.4310670e-01   6.8082116e-03   2.5520977e-03  -8.8753033e-04
  -6.6934900e-02  -1.0950957e-01   5.0239178e-01   6.9322961e-03   4.7664816e-03  -1.9988721e-03
  -8.9840162e-02  -1.8707230e-01   4.3725825e-01   8.7691174e-03   4.4175980e-03  -1.4859220e-03
  -1.0739572e-01  -1.5576919e-01   4.4660550e-01   8.1371965e-03   4.6758893e-03  -1.1141793e-03
  -1.0501178e-01  -2.1397617e-01   4.4413598e-01   8.9166736e-03   4.6213392e-03  -7.5612007e-04
  -1.0223230e-01  -1.7795755e-01   4.7118128e-01   8.1857229e-03   4.4362685e-03  -6.6593123e-04
  -8.8640983e-02  -1.7840152e-01   4.5708739e-01   7.9228745e-03   4.1711899e-03   1.9492702e-04
  -9.5485609e-02  -1.8720613e-01   4.4893448e-01   7.5685672e-03   4.3983145e-03  -3.9649069e-04
  -9.8963976e-02  -1.6437193e-01   4.3110584e-01   7.7513805e-03   4.4354834e-03  -3.1922555e-04
  -1.0180104e-01  -2.1878068e-01   4.0149984e-01   8.8505047e-03   4.4016812e-03  -1.5460202e-04
  -9.7575940e-02  -1.8415774e-01   4.4260259e-01   8.1865762e-03   4.3199584e-03  -2.5658127e-04
  -1.0746244e-01  -2.1798329e-01   4.3846628e-01   8.8875332e-03   4.4286329e-03  -1.1970641e-04
  -1.0085380e-01  -1.7546282e-01   4.5697885e-01   7.6189645e-03   4.4373114e-03  -9.6310612e-05
  -1.1248369e-01  -1.9267576e-01   4.4584426e-01   7.9086489e-03   4.7529714e-03  -3.0336272e-04
  -1.0160908e-01  -2.1771158e-01   4.2126369e-01   8.5649474e-03   4.7702779e-03   1.4303897e-05
  -1.1832228e-01  -1.9001709e-01   4.3238910e-01   8.0608258e-03   5.0456701e-03   1.2145570e-04
  -1.3109582e-01  -2.1600098e-01   3.9921175e-01   9.0381561e-03   5.0241108e-03   2.3474634e-04
  -1.2346268e-01  -2.1801687e-01   4.1814872e-01   8.9862149e-03   4.7072488e-03   2.4966678e-04
  -1.3078952e-01  -1.8579893e-01   4.5125179e-01   8.4525789e-03   5.0034143e-03   2.5580701e-04
  -1.3386962e-01  -2.2219298e-01   4.2492187e-01   8.9068927e-03   4.6670354e-03   1.0943898e-04
  -1.3215330e-01  -1.7808087e-01   4.4154086e-01   7.7388904e-03   4.5146010e-03   7.1946560e-06
  -1.4044424e-01  -2.1601096e-01   4.0005082e-01   8.5019130e-03   4.6514606e-03   2.2504340e-04
  -1.3636819e-01  -1.8541982e-01   3.9041571e-01   8.4751988e-03   4.4745699e-03   2.9486804e-05
  -1.4039407e-01  -1.9127220e-01   3.9874674e-01   8.5091060e-03   4.5889711e-03   1.2026039e-04
  -1.3209125e-01  -1.7480744e-01   4.2139318e-01   7.8559348e-03   4.4128416e-03   7.6789755e-04
  -1.2697995e-01  -1.5534625e-01   4.2140329e-01   8.1817450e-03   4.1738165e-03  -1.0718443e-04
  -1.2020991e-01  -1.8125527e-01   3.9989998e-01   8.2145198e-03   4.0996544e-03   1.8426508e-04
  -1.3105383e-01  -1.7486911e-01   4.0114336e-01   7.8494145e-03   4.3737129e-03   3.7348346e-05
  -1.3323653e-01  -1.5688639e-01   4.1289503e-01   7.8071420e-03   4.6423436e-03   1.0856475e-04
  -1.2844835e-01  -1.7684451e-01   4.0596357e-01   7.9105451e-03   4.4859348e-03   3.9378489e-04
  -1.2454368e-01  -1.7792717e-01   4.1971546e-01   8.0691328e-03   4.3994615e-03  -1.9785576e-04
  -1.3165223e-01  -1.5625792e-01   4.0180299e-01   7.8858813e-03   4.3540659e-03  -2.1396421e-04
  -1.5056399e-01  -1.8848193e-01   3.8545631e-01   8.5420928e-03   4.3990122e-03   1.3696839e-04
  -1.4607455e-01  -1.6204203e-01   4.0847221e-01   8.1320932e-03   4.2089422e-03  -2.2053281e-04
  -1.4387710e-01  -2.0389650e-01   3.9262167e-01   9.0689431e-03   4.0524239e-03  -1.1330537e-04
  -1.3415881e-01  -1.8295701e-01   4.0636926e-01   8.4137265e-03   3.9974212e-03  -2.8762594e-04
  -1.3956741e-01  -1.7605021e-01   4.2054181e-01   8.4655023e-03   4.0644311e-03  -2.0286977e-04
  -1.3899763e-01  -1.9879898e-01   4.1003088e-01   8.6306157e-03   3.9477000e-03  -1.8877483e-04
  -1.3391907e-01  -1.3427290e-01   4.2224030e-01   7.8126005e-03   3.9246232e-03  -4.1107619e-04
  -1.3991883e-01  -1.8158282e-01   3.6064609e-01   8.6300487e-03   3.8551290e-03  -3.1650689e-04
  -1.2580352e-01  -1.8123046e-01   3.7639717e-01   8.5566607e-03   3.7348013e-03  -4.2121182e-04
  -1.2586479e-01  -1.4441873e-01   3.9663604e-01   8.0030530e-03   3.7727745e-03  -3.1905186e-04
  -8.8587802e-02  -1.8995852e-01   3.6867300e-01   9.8560971e-03   3.4237684e-03  -2.1061010e-03
  -5.1860911e-02  -1.5131698e-01   6.8272044e-01   9.2357688e-03   3.2081704e-03  -2.2232284e-03
  -5.7504908e-02  -1.8831603e-01   7.2545899e-01   9.7477721e-03   2.8090465e-03  -2.8540933e-03
  -6.4867425e-02  -1.3809036e-01   6.9202406e-01   7.5394805e-03   2.6441125e-03  -2.7348374e-03
  -7.7101207e-02  -1.9914417e-01   5.7089372e-01   8.0072667e-03   2.7089443e-03  -2.4918814e-03
  -6.2703623e-02  -1.4956450e-01   6.0675477e-01   7.8053118e-03   2.2850932e-03  -2.6238512e-03
  -5.2539762e-02  -1.7442341e-01   5.8659268e-01   8.7435128e-03   2.0886353e-03  -2.7812943e-03
  -6.4557107e-02  -1.6838362e-01   6.0614422e-01   8.4335459e-03   2.1908665e-03  -2.6965289e-03
  -6.3190188e-02  -1.6230605e-01   6.1663123e-01   8.1076232e-03   2.3490946e-03  -2.6899451e-03
  -6.0275804e-02  -1.9084594e-01   5.9712128e-01   8.4103814e-03   2.4909565e-03  -2.6807462e-03
  -4.6990896e-02  -1.5425539e-01   6.1352585e-01   7.7872137e-03   2.1734468e-03  -2.7926804e-03
  -5.7632547e-02  -1.8708078e-01   5.6168984e-01   8.6929607e-03   2.2395926e-03  -2.7501628e-03
  -4.7339748e-02  -1.5111667e-01   5.7304593e-01   7.9372842e-03   2.1484012e-03  -2.9205398e-03
  -4.4577516e-02  -1.7816152e-01   5.6488107e-01   8.9217269e-03   2.3535949e-03  -2.9425253e-03
  -4.5686041e-02  -1.8230562e-01   5.5963799e-01   8.7276174e-03   2.2818457e-03  -2.7615156e-03
  -4.9758710e-02  -1.3442530e-01   5.5602815e-01   7.4357474e-03   2.6774991e-03  -2.7823019e-03
  -6.5112535e-02  -1.6660563e-01   5.3299089e-01   8.1770463e-03   2.9490336e-03  -2.7804423e-03
  -5.0805632e-02  -1.1731025e-01   5.4145127e-01   7.1646549e-03   3.0672104e-03  -2.9363036e-03
  -5.0273840e-02  -1.4197835e-01   5.0182550e-01   7.7465837e-03   3.4472343e-03  -2.5684239e-03
  -5.2491203e-02  -1.5628213e-01   4.9605811e-01   8.1482530e-03   3.6133207e-03  -2.5958639e-03
  -3.4553613e-02  -1.2573703e-01   4.9801238e-01   7.6867186e-03   3.0502575e-03  -2.5979967e-03
  -5.5288048e-02  -1.6358198e-01   4.6328520e-01   8.2834797e-03   3.2813972e-03  -2.4129258e-03
  -4.4926098e-02  -1.3065101e-01   4.8756174e-01   7.5971808e-03   3.2366300e-03  -2.4191351e-03
  -6.5077662e-02  -1.6283173e-01   4.4924423e-01   8.5913497e-03   3.4603070e-03  -2.1986230e-03
  -6.7122226e-02  -1.6459864e-01   4.2490954e-01   8.5284325e-03   3.4890510e-03  -2.4144171e-03
  -6.2598219e-02  -1.3531751e-01   4.5421265e-01   7.9202225e-03   3.4116979e-03  -2.5643277e-03
  -7.1717027e-02  -1.7696228e-01   4.2077121e-01   8.5146563e-03   3.5587630e-03  -2.2478477e-03
  -7.4717996e-02  -1.1661064e-01   4.7133573e-01   7.3526729e-03   3.5952903e-03  -2.7814250e-03
  -6.0690527e-02  -1.3833987e-01   4.1930942e-01   7.1148010e-03   3.4219520e-03  -2.3520323e-03
  -4.8873062e-02  -1.5080882e-01   4.0853051e-01   7.4256417e-03   3.1352993e-03  -2.8069248e-03
  -4.7341551e-02  -1.5357718e-01   4.1784568e-01   7.8615886e-03   3.2313339e-03  -2.7468153e-03
  -5.5187611e-02  -1.7777880e-01   4.0066071e-01   8.6713770e-03   3.3526402e-03  -2.6230607e-03
  -4.6696486e-02  -1.7183039e-01   4.2995178e-01   8.6527212e-03   3.2793296e-03  -2.7539089e-03
  -4.6418532e-02  -1.9022960e-01   4.1536381e-01   9.2367138e-03   2.9876180e-03  -2.7233988e-03
  -5.6647153e-02  -2.0310578e-01   4.0289956e-01   9.5688267e-03   2.9488156e-03  -2.6643885e-03
  -4.8733551e-02  -1.5198315e-01   4.2157111e-01   8.2561252e-03   2.9365463e-03  -2.7526085e-03
  -5.7360260e-02  -2.1169563e-01   3.9092555e-01   9.5730135e-03   3.0551474e-03  -2.6032374e-03
  -5.2403074e-02  -1.7800082e-01   4.2445428e-01   8.5811919e-03   3.1382096e-03  -2.8626386e-03
  -4.9601792e-02  -2.1235716e-01   3.8286147e-01   9.7829122e-03   2.9103343e-03  -2.8818816e-03
  -5.0245998e-02  -2.0122659e-01   3.9613350e-01   9.6040193e-03   2.9135620e-03  -2.9483902e-03
  -3.4890988e-02  -1.7528840e-01   4.0294886e-01   8.9093995e-03   2.5771103e-03  -3.1660300e-03
  -4.2558506e-02  -2.0384697e-01   3.7316370e-01   9.6782462e-03   2.6543032e-03  -3.1438070e-03
  -3.1077956e-02  -1.7310609e-01   3.8108292e-01   8.8149036e-03   2.5256495e-03  -3.3308841e-03
  -3.0484625e-02  -2.0513706e-01   3.4712439e-01   9.8971916e-03   2.4224873e-03  -3.2868782e-03
  -1.7704014e-02  -1.7774089e-01   3.7635796e-01   8.7934164e-03   2.1760963e-03  -3.3904127e-03
  -2.7033754e-02  -1.6443227e-01   3.9693417e-01   8.7081028e-03   2.3792121e-03  -3.4455410e-03
  -3.0776496e-02  -1.9836589e-01   3.9379406e-01   9.3352648e-03   2.4781512e-03  -3.3890924e-03
  -2.9028232e-02  -1.5478670e-01   4.0615940e-01   8.4543212e-03   2.4545373e-03  -3.4652736e-03
  -3.7702145e-02  -1.8169955e-01   3.7346050e-01   9.2814273e-03   2.5861407e-03  -3.2903716e-03
  -2.1176439e-02  -1.7364218e-01   4.1306253e-01   9.2186409e-03   2.2505320e-03  -3.5757874e-03
  -2.1589341e-02  -1.6927429e-01   4.0653664e-01   9.4880947e-03   2.2601619e-03  -3.5678389e-03
  -1.7045101e-02  -1.8946424e-01   4.2480867e-01   9.6916433e-03   2.2662037e-03  -3.5851425e-03
  -1.8617932e-02  -1.4229975e-01   4.3919635e-01   8.4168652e-03   2.5400511e-03  -3.6788591e-03
  -1.4165418e-02  -1.8506699e-01   4.2317752e-01   9.3632628e-03   2.6879415e-03  -3.3438936e-03
   3.4107699e-02  -1.7300602e-01   4.8936586e-01   1.2065471e-02   1.5030144e-03  -3.6223475e-03
   6.3578312e-02  -1.1119584e-01   8.9947989e-01   1.0817348e-02   1.3383733e-03  -4.9477805e-03
   9.0322870e-02  -3.5234487e-01   9.2231949e-01   1.0122660e-02   1.3204114e-03  -5.5690419e-03
   3.6008749e-02  -2.3424671e-01   8.0717243e-01   9.5329449e-03   2.6574006e-03  -5.2475240e-03
   1.8823775e-02  -1.4337353e-01   7.9107901e-01   8.6460519e-03   2.9119958e-03  -5.3610662e-03
   2.3996482e-02  -2.8256851e-01   7.7693605e-01   1.0891411e-02   2.6307734e-03  -5.1854092e-03
   1.3826749e-02  -2.6060484e-01   8.0359700e-01   1.0900104e-02   2.8901686e-03  -4.8203061e-03
   7.5939581e-03  -1.6953610e-01   7.9181071e-01   9.0821458e-03   3.0808912e-03  -5.0076383e-03
   1.2062141e-02  -2.4236575e-01   7.7512342e-01   9.8195982e-03   3.0541083e-03  -4.8382345e-03
   1.5147584e-02  -2.1024128e-01   7.6491450e-01   9.1803581e-03   3.3166613e-03  -4.6844939e-03
   1.1866391e-02  -2.0915615e-01   7.4499061e-01   9.3315554e-03   3.2921421e-03  -4.5938847e-03
   1.5813074e-02  -1.7625758e-01   7.4408579e-01   8.9991125e-03   3.2213923e-03  -4.6552067e-03
   2.1399409e-02  -2.1685944e-01   7.2726833e-01   9.7018226e-03   3.0980958e-03  -4.3340659e-03
   3.1477894e-02  -1.4741560e-01   6.1411342e-01   8.4299049e-03   2.9374811e-03  -4.1997639e-03
