   0.0000000e+00   0.0000000e+00   0.0000000e+00   0.0000000e+00   0.0000000e+00   0.0000000e+00
  -7.9997054e-03  -3.8489690e-03   2.9114411e-02   8.5472649e-04   2.0373351e-04   1.8642356e-04
  -6.5341317e-03  -6.5303996e-04   6.2549849e-02   5.4572941e-04   3.3286886e-05   4.0199788e-04
  -1.2626400e-02   2.5363593e-02   7.0633803e-02   4.7724529e-04   3.8353370e-06   3.7550296e-04
  -1.6834542e-02   3.9531367e-02   5.6063560e-02   4.9894344e-04  -1.1555668e-04   4.4390352e-04
  -1.3147942e-02   2.0849410e-02   5.2744348e-02   6.1819405e-04  -6.6007892e-05   2.5052319e-04
  -4.5984181e-03   3.7515000e-02   7.5112219e-02   2.8589195e-04  -1.8783996e-04  -3.4694161e-05
   2.6151387e-03   3.3461828e-02   4.1382456e-02   4.9320817e-04  -1.7788941e-04   1.6170477e-04
  -3.2543185e-04   1.1635552e-02   6.7962036e-02   5.2629592e-04  -1.1238427e-04   1.5970253e-04
  -2.5144809e-03   6.5314302e-02   6.1771788e-02  -7.0412333e-04  -1.8302929e-04   1.5809889e-04
  -1.2817578e-02   1.0056591e-02  -3.4317692e-03   2.6834684e-04   3.8655303e-05   2.6343690e-04
  -2.3579522e-02   3.9752340e-02   3.3103637e-02   2.7972398e-04   2.3491182e-04   3.0494068e-05
  -1.8037704e-03   7.3044623e-02   4.1766930e-02  -5.7579063e-04   8.5785660e-05   1.6580035e-04
  -9.4846832e-03   4.7863968e-02   7.7574649e-02  -4.1610331e-04   2.4327201e-04   9.9533388e-05
  -1.0289935e-02   9.6614538e-02   1.0153136e-01  -1.4074712e-03   6.5740389e-05  -9.3249536e-06
  -1.1887880e-02   6.5648116e-02   5.0812649e-02  -7.8568443e-04   1.0705441e-04   8.7233885e-05
  -1.4717106e-02   6.7969491e-02   5.6438010e-02  -8.5448099e-04   8.9179585e-05   4.4204233e-05
  -2.1616336e-02   8.5538864e-02   6.5368003e-02  -1.0419330e-03   2.0040191e-04  -1.4752709e-05
  -2.2428033e-02   6.0181893e-02   4.2909599e-02  -8.1448118e-04   4.8757182e-05   1.1242959e-04
  -2.2192633e-02   1.0752615e-01   5.3682495e-02  -1.4986344e-03   1.0475237e-04   5.1922868e-05
  -1.9287421e-02   8.6306147e-02   1.6739552e-02  -9.8142691e-04   1.6489633e-04   1.3846770e-04
  -2.1463317e-02   9.7247904e-02   1.9007417e-02  -1.1674213e-03   2.6873195e-04   2.5090340e-05
  -2.4099927e-02   1.2187131e-01   2.9449565e-02  -1.2305093e-03   3.5735658e-04  -8.6868913e-05
  -2.3668239e-02   1.0175027e-01   2.0849592e-02  -1.3577613e-03   3.3477780e-04  -1.6801076e-04
  -1.9611000e-02   1.1938701e-01   5.7301064e-02  -1.6387288e-03   2.1168570e-04  -2.9444945e-04
  -1.3123734e-02   1.4106498e-01   6.1506146e-02  -2.1861656e-03   1.0160276e-04  -2.6211781e-04
  -1.1804162e-02   1.1178371e-01   4.2442414e-02  -1.8207902e-03   1.4941564e-04  -2.1696467e-04
  -1.4170850e-02   1.3201649e-01   5.2275730e-02  -1.7561670e-03   2.8469185e-04  -4.2913318e-04
  -2.8424870e-02   1.3857089e-01   4.7147752e-02  -2.0970992e-03   5.4141465e-04  -1.9596930e-04
  -1.6019439e-02   1.2726005e-01   5.9205085e-02  -2.0584405e-03   2.5453761e-04  -2.0130182e-04
  -8.9550010e-03   1.4832724e-01   7.0100588e-02  -2.3685226e-03   1.2671124e-04  -1.9300613e-04
  -1.3342863e-02   1.8902892e-01   5.1237728e-02  -3.1714906e-03   1.0612484e-04  -2.5490904e-04
  -2.2425148e-02   1.1203935e-01   3.4272183e-02  -1.7713990e-03   2.1926896e-04  -1.8662146e-04
  -3.3364363e-02   1.5040327e-01   5.4793329e-02  -2.2957381e-03   3.5453471e-04  -2.3988774e-04
  -3.4538696e-02   1.3227598e-01   6.6059259e-02  -2.1222194e-03   5.3169113e-04  -6.0127989e-04
   1.2823412e-02   1.3354825e-01   1.2289886e-01  -1.7872159e-03  -9.5126921e-05  -2.4117257e-03
  -9.1441395e-03   1.7549119e-01   4.7998098e-01  -4.4051177e-03   1.0233953e-03  -2.6535508e-03
  -1.6885532e-02   1.3166561e-01   5.6307354e-01  -3.6937291e-03   1.0458093e-03  -2.2465449e-03
  -7.9759856e-03   1.5265555e-01   4.9534178e-01  -4.1142183e-03   1.0381643e-03  -2.1862252e-03
  -1.7212558e-02   1.4352528e-01   4.6554077e-01  -4.3383392e-03   1.0113406e-03  -2.3554575e-03
  -5.8135820e-03   1.6536201e-01   4.2293605e-01  -5.0108786e-03   8.7007708e-04  -1.7161217e-03
  -6.1877875e-03   1.7193564e-01   3.5954949e-01  -5.1322401e-03   8.9616428e-04  -2.0919307e-03
   9.6103840e-03   1.7030387e-01   3.0537801e-01  -4.8884858e-03   8.2655117e-04  -2.1326095e-03
  -5.6114335e-04   2.0728775e-01   3.0646906e-01  -5.8630982e-03   8.2839851e-04  -2.2611361e-03
  -5.8494429e-03   1.9869147e-01   2.4034504e-01  -5.4921287e-03   8.2223112e-04  -2.1246974e-03
  -5.9057227e-03   2.0654945e-01   2.4176147e-01  -5.6364565e-03   6.6563878e-04  -2.1933856e-03
   1.1849809e-02   2.1925210e-01   2.4256114e-01  -6.1267471e-03   4.6486777e-04  -2.3583242e-03
   8.6162289e-03   1.9262063e-01   2.2809714e-01  -5.6154377e-03   5.1299268e-04  -2.2287410e-03
   5.2954905e-03   2.6556383e-01   1.9915802e-01  -7.2215927e-03   5.9215234e-04  -2.5234917e-03
   1.0637166e-02   1.4457687e-01   1.3645911e-01  -5.0958413e-03   5.6986326e-04  -2.2900880e-03
   1.3482697e-02   2.0535722e-01   1.8364696e-01  -5.9419609e-03   7.0248642e-04  -2.3305112e-03
   3.1970183e-04   1.9316811e-01   1.6754034e-01  -5.4355319e-03   9.6477010e-04  -2.2161425e-03
   5.5226160e-03   1.7144743e-01   1.4418744e-01  -4.3869473e-03   6.9043243e-04  -2.3469455e-03
  -9.1799271e-03   2.3259305e-01   1.8603531e-01  -6.3438048e-03   1.0235571e-03  -2.3050029e-03
   3.3293561e-04   2.1413432e-01   1.5687812e-01  -5.7035626e-03   8.6437509e-04  -2.2853279e-03
   9.2068843e-05   2.3982703e-01   1.9189183e-01  -6.4659422e-03   8.2233279e-04  -2.2611222e-03
  -5.2601159e-03   2.2118880e-01   1.7012098e-01  -6.0697671e-03   7.5883504e-04  -2.1755058e-03
  -1.1365222e-02   2.2595676e-01   1.7311725e-01  -5.9435418e-03   6.9601332e-04  -2.2202676e-03
  -7.5919920e-03   2.6858364e-01   1.8070685e-01  -6.4003801e-03   8.3060636e-04  -2.2005804e-03
  -1.8982846e-03   2.5472997e-01   1.7047386e-01  -6.3032540e-03   7.8873256e-04  -1.9219737e-03
  -8.5907010e-03   2.4883906e-01   1.6882590e-01  -6.2808556e-03   7.5436261e-04  -1.9827962e-03
  -5.6960416e-03   2.5973947e-01   1.4789082e-01  -6.1594871e-03   7.1797540e-04  -1.9087704e-03
  -1.5027250e-02   2.4363150e-01   1.4334064e-01  -5.9774314e-03   8.6861900e-04  -1.6939353e-03
  -1.6217352e-02   2.6565264e-01   1.6518595e-01  -6.4590902e-03   9.8270642e-04  -1.7417165e-03
  -2.0366509e-02   2.4821948e-01   1.4177814e-01  -6.1452466e-03   1.1757061e-03  -1.7392606e-03
  -2.0747435e-02   2.5139789e-01   1.5649924e-01  -6.4361511e-03   1.2084121e-03  -1.6523521e-03
  -2.9763173e-02   2.5818038e-01   1.6048084e-01  -6.6715344e-03   1.3671860e-03  -1.5861482e-03
  -3.9196472e-02   2.3233486e-01   1.3034032e-01  -6.2901089e-03   1.5173046e-03  -1.4992212e-03
  -3.0257135e-02   2.6865028e-01   1.2761056e-01  -6.8447812e-03   1.4274809e-03  -1.3886126e-03
  -1.6352371e-02   2.8587431e-01   1.2551480e-01  -7.2903218e-03   1.3011079e-03  -1.4463481e-03
  -2.1231965e-02   2.6504522e-01   9.8145388e-02  -6.8468981e-03   1.4267885e-03  -1.5986477e-03
  -2.1216191e-02   2.5499130e-01   8.9080414e-02  -6.5581294e-03   1.4917972e-03  -1.5912280e-03
  -2.3966035e-02   2.7101851e-01   1.0133518e-01  -6.9667272e-03   1.4786821e-03  -1.6259335e-03
  -2.0077416e-02   2.7187764e-01   9.5677130e-02  -6.9164871e-03   1.3958532e-03  -1.3399112e-03
  -1.8593105e-02   2.9051372e-01   9.8254856e-02  -6.9891446e-03   1.4619410e-03  -1.5232452e-03
  -1.5577822e-02   2.6245829e-01   7.7763918e-02  -6.4590358e-03   1.3476684e-03  -1.5849997e-03
  -1.6202916e-02   2.4600861e-01   7.9543046e-02  -6.3754821e-03   1.3723280e-03  -1.6370030e-03
  -2.6052922e-02   2.7504927e-01   9.0211077e-02  -6.9867543e-03   1.5183547e-03  -1.6689523e-03
  -2.1574881e-02   2.6947563e-01   9.3507210e-02  -7.2216907e-03   1.5474965e-03  -1.6387390e-03
  -1.8732055e-02   2.3238805e-01   9.1815058e-02  -6.6189377e-03   1.5358743e-03  -1.6511498e-03
  -2.2047345e-02   3.0311040e-01   1.2333056e-01  -7.8083943e-03   1.6460089e-03  -1.6610918e-03
  -1.3678931e-03   2.5748068e-01   9.2375561e-02  -6.5031980e-03   9.7057778e-04  -1.9274108e-03
   2.1333673e-03   2.6178437e-01   1.0437211e-01  -4.7591308e-03   3.2766343e-05  -1.9937662e-03
   3.7522281e-02   1.8048349e-01   1.2401914e-01  -5.8104269e-03   4.4315070e-04  -2.5627494e-03
   4.0332734e-02   2.6891177e-01   1.4280518e-01  -7.1115165e-03   6.1593682e-04  -2.4467456e-03
   4.0849057e-02   2.5843663e-01   1.1845630e-01  -6.8746757e-03   6.1075786e-04  -2.4083412e-03
   4.9622693e-02   2.3618997e-01   1.3603983e-01  -6.5727736e-03   3.9881863e-04  -2.5060404e-03
   2.9173789e-02   2.3939533e-01   1.7361252e-01  -6.6584041e-03   7.2125988e-04  -2.3332625e-03
   4.3100321e-02   2.4378073e-01   1.4513409e-01  -6.7200196e-03   4.0217119e-04  -2.2195723e-03
   3.9881431e-02   1.6397276e-01   1.7709995e-01  -5.3407635e-03   5.5241950e-04  -2.2439801e-03
   2.8286646e-02   2.1602497e-01   1.9467148e-01  -6.2813997e-03   5.2965625e-04  -2.0592390e-03
   3.0326497e-02   2.1624131e-01   1.6827462e-01  -6.1876099e-03   5.5542176e-04  -2.0197136e-03
   3.5045359e-02   1.9766983e-01   1.7184151e-01  -5.9493918e-03   4.1501514e-04  -2.0379984e-03
   2.5201666e-02   2.2629282e-01   2.2621712e-01  -7.1282996e-03   5.0719378e-04  -1.8795533e-03
   2.2350347e-02   1.9775252e-01   1.9772738e-01  -6.3087594e-03   5.0886110e-04  -1.6687161e-03
   2.0785018e-02   2.2443612e-01   2.0611427e-01  -7.0100608e-03   4.3458486e-04  -1.9449197e-03
   1.9971066e-02   2.3828560e-01   1.8993174e-01  -6.9094765e-03   4.4798222e-04  -1.8160036e-03
   2.9457623e-02   1.8391519e-01   1.6703648e-01  -5.5300203e-03   5.9775001e-05  -1.8278311e-03
   2.9751873e-02   1.9720924e-01   2.1540310e-01  -5.8760595e-03   1.1402771e-04  -1.9234577e-03
   2.3810701e-02   1.9832416e-01   2.0588006e-01  -5.9984023e-03   3.1781044e-04  -1.8033737e-03
   2.4256822e-02   2.2143363e-01   1.7564157e-01  -6.5477139e-03   4.3468074e-04  -1.9546251e-03
   3.0521508e-02   2.4095814e-01   1.9479885e-01  -7.3657178e-03   4.5189654e-04  -1.9233572e-03
   2.8690110e-02   2.0376182e-01   1.6812668e-01  -6.5153186e-03   4.2723750e-04  -1.9219510e-03
   2.6277097e-02   1.9101366e-01   1.7843954e-01  -5.8229685e-03   3.7248054e-04  -1.8931136e-03
   2.9623048e-02   1.9439296e-01   1.9517166e-01  -5.9455543e-03   3.7334673e-04  -1.9160427e-03
   3.0137490e-02   1.7289896e-01   1.9557178e-01  -5.3260476e-03   3.7325841e-04  -1.9253610e-03
   3.4555174e-02   2.3619128e-01   2.1194426e-01  -6.9256860e-03   3.0417841e-04  -1.9897144e-03
   3.0336734e-02   2.1108528e-01   1.9891847e-01  -6.3334000e-03   3.5548051e-04  -1.8719248e-03
   3.3911593e-02   2.7283056e-01   2.0443758e-01  -7.7379564e-03   2.0090264e-04  -1.7637390e-03
   3.3854434e-02   2.0991755e-01   1.6419977e-01  -6.3422544e-03   1.3164783e-04  -1.9783890e-03
   4.1628636e-02   2.2490728e-01   1.6318772e-01  -6.6859652e-03   1.9415371e-05  -1.9719664e-03
   4.1787426e-02   2.3161354e-01   1.6450964e-01  -6.3560918e-03   1.4270305e-04  -2.0834302e-03
   4.9356441e-02   1.9213408e-01   1.7817257e-01  -6.0593516e-03  -1.4782179e-05  -2.0895380e-03
   4.6204841e-02   2.4563238e-01   1.9506156e-01  -7.0272387e-03  -1.5830141e-05  -2.0137358e-03
   4.1526108e-02   1.9886607e-01   1.4098883e-01  -6.1689798e-03  -6.4034981e-05  -1.9101261e-03
   4.1155985e-02   2.0237680e-01   1.6612432e-01  -6.2432372e-03  -1.6310811e-04  -1.9376646e-03
   4.3990110e-02   2.2033042e-01   1.5816036e-01  -6.2625802e-03  -2.5824482e-04  -1.9326101e-03
   4.4466239e-02   1.9935288e-01   1.3644723e-01  -5.4573994e-03  -3.5385301e-04  -1.9437473e-03
   4.3790657e-02   2.2884970e-01   1.7131805e-01  -6.0446723e-03  -3.4735478e-04  -2.0811790e-03
   4.2477670e-02   2.4189673e-01   1.6256185e-01  -5.9182667e-03  -2.6428282e-04  -1.5714881e-03
   3.5668557e-02   2.2420828e-01   1.7060480e-01  -6.3164678e-03  -1.2364173e-05  -2.0484131e-03
   4.6372224e-02   2.4008810e-01   1.6296133e-01  -6.4499973e-03  -1.2343971e-04  -1.9790364e-03
   4.5074565e-02   2.0541294e-01   1.6193430e-01  -5.6958014e-03  -1.3613726e-04  -1.9094082e-03
   4.2698859e-02   2.2464878e-01   2.0163136e-01  -6.2075203e-03  -1.8641658e-04  -2.4001786e-03
   3.6709308e-02   2.3016447e-01   2.0757772e-01  -6.4984415e-03  -3.2824830e-05  -2.3300221e-03
   3.2672860e-02   2.2750263e-01   2.1453447e-01  -6.7439481e-03  -1.4876604e-05  -2.2467385e-03
   2.5297037e-02   2.5125758e-01   2.2226232e-01  -7.4531154e-03  -1.0093482e-04  -2.0791346e-03
   1.3897620e-02   2.1672804e-01   2.1127544e-01  -6.8303413e-03  -1.4984436e-04  -1.9499139e-03
   1.4322844e-02   2.5164323e-01   2.0130687e-01  -7.2781337e-03  -1.3445675e-04  -1.8395090e-03
   2.2350056e-02   2.3812568e-01   1.3715127e-01  -6.5537674e-03  -3.2356398e-04  -1.8298277e-03
   1.7163141e-02   2.3790889e-01   1.6050244e-01  -6.6672994e-03  -1.4352382e-04  -1.8875396e-03
   1.5836692e-02   2.2814789e-01   1.8212701e-01  -6.3239821e-03  -8.7311729e-05  -1.8625245e-03
   1.5782536e-02   2.0498069e-01   1.8792764e-01  -5.8458446e-03  -5.0725005e-05  -1.4297592e-03
   2.9255034e-02   2.6768491e-01   2.0585345e-01  -7.1651173e-03  -3.2172050e-04  -2.0329090e-03
   2.4496285e-02   2.2135175e-01   1.8037433e-01  -6.2619470e-03  -1.8100207e-04  -1.9126666e-03
   2.7690331e-02   2.4358620e-01   1.8927904e-01  -6.6733724e-03  -2.0051502e-04  -2.0559435e-03
   2.8266190e-02   2.5264693e-01   1.7788608e-01  -6.6978689e-03  -3.1103132e-04  -2.0368449e-03
   2.5265382e-02   2.2309532e-01   1.5937375e-01  -6.0554324e-03  -2.3980385e-04  -1.9031079e-03
   2.2557281e-02   2.6140030e-01   1.8968518e-01  -6.9125175e-03  -2.2663650e-04  -1.9776376e-03
   2.6942600e-02   2.3526321e-01   1.7021068e-01  -6.3388497e-03  -3.9248847e-04  -2.1150125e-03
   2.6181504e-02   2.4842942e-01   1.9437775e-01  -6.5929013e-03  -3.4712577e-04  -2.0605027e-03
   1.7435927e-02   2.5320019e-01   1.8014854e-01  -6.6370980e-03  -1.9295666e-04  -1.9243985e-03
   2.4191795e-02   2.4826972e-01   1.7359836e-01  -6.8211660e-03  -3.9277929e-04  -1.9108658e-03
   2.2767096e-02   2.7624728e-01   1.6285325e-01  -6.4834123e-03  -4.5517531e-04  -2.0564163e-03
   3.9383942e-02   2.1808861e-01   1.7746149e-01  -6.3987282e-03  -7.0278172e-04  -1.9768392e-03
   2.2571193e-02   2.8045022e-01   1.6193994e-01  -7.4189447e-03  -3.9090247e-04  -2.0214791e-03
   2.9871528e-02   2.1693432e-01   1.3606091e-01  -6.2081495e-03  -4.6798470e-04  -2.0200525e-03
   1.8801055e-02   2.5368286e-01   1.7898104e-01  -6.9915941e-03  -2.9033320e-04  -1.8715619e-03
   1.4406083e-02   2.3258568e-01   1.8275770e-01  -6.6383995e-03  -3.7140586e-04  -1.8400194e-03
   2.2583297e-02   2.2323118e-01   1.6912789e-01  -6.1218232e-03  -7.1628011e-04  -1.9603158e-03
   2.4817530e-02   2.5805736e-01   1.8232278e-01  -6.7266833e-03  -6.9670082e-04  -2.1233527e-03
   2.9152630e-02   2.2572719e-01   1.3731543e-01  -5.9968139e-03  -7.3300075e-04  -2.1261192e-03
   2.5692372e-02   2.5965378e-01   1.7326049e-01  -6.4836680e-03  -7.2630590e-04  -2.1763483e-03
   2.0895872e-02   2.5520056e-01   1.5430146e-01  -6.4243047e-03  -5.6805129e-04  -2.1164858e-03
   3.5603899e-02   2.6701786e-01   1.6900548e-01  -6.8996063e-03  -8.2155756e-04  -1.4690177e-03
   4.2381213e-02   2.8990009e-01   1.3803386e-01  -7.5039004e-03  -9.7528731e-04  -2.1397156e-03
   4.3164453e-02   2.2632372e-01   1.5387564e-01  -6.4582973e-03  -8.7531002e-04  -2.2095039e-03
   3.3382276e-02   2.5261816e-01   1.8044544e-01  -7.0752551e-03  -7.2109988e-04  -2.1652055e-03
   3.1180298e-02   2.3503882e-01   1.4186655e-01  -6.6788642e-03  -6.5762130e-04  -2.1263160e-03
   3.4248706e-02   2.1526156e-01   1.1400911e-01  -6.0322388e-03  -7.6944661e-04  -1.9879028e-03
   1.9637823e-02   2.2464034e-01   1.5785535e-01  -5.9803264e-03  -5.2569217e-04  -2.6081443e-03
   3.4001257e-02   2.2925177e-01   1.5888291e-01  -5.8733055e-03  -8.2363430e-04  -1.9700211e-03
   1.8253729e-02   2.2901311e-01   1.3723602e-01  -6.2263489e-03  -5.5387874e-04  -1.8558744e-03
   1.8971046e-02   2.5793507e-01   1.5105742e-01  -6.7065006e-03  -5.5395118e-04  -2.1345025e-03
   1.1927332e-02   2.3177059e-01   1.1217660e-01  -6.2646417e-03  -4.0144071e-04  -2.0197856e-03
   9.9261102e-03   2.7758033e-01   1.3925839e-01  -6.9952746e-03  -4.0558983e-04  -1.7653551e-03
   9.3295361e-03   2.4182996e-01   1.0704067e-01  -6.3540479e-03  -5.0564962e-04  -1.8659117e-03
   2.0874797e-02   2.4654410e-01   1.2430105e-01  -6.3839342e-03  -6.2943622e-04  -2.1358813e-03
   2.5650912e-02   2.5653497e-01   1.6328038e-01  -7.1423323e-03  -7.0642390e-04  -1.8356863e-03
   2.5290822e-02   2.0714265e-01   1.4440383e-01  -5.8923583e-03  -6.8801155e-04  -1.9122749e-03
   2.2100196e-02   2.3337727e-01   1.6019792e-01  -6.2886027e-03  -6.2384316e-04  -1.9101182e-03
   1.7295299e-02   2.2066836e-01   1.4989983e-01  -5.7729868e-03  -6.8680407e-04  -1.9268719e-03
   1.5538865e-02   2.0794217e-01   1.5814704e-01  -5.5110307e-03  -7.9324931e-04  -2.0612133e-03
   1.3491407e-02   2.4117908e-01   1.6538795e-01  -6.1179504e-03  -7.7842461e-04  -1.9495810e-03
   5.6991060e-03   2.2290861e-01   1.3080046e-01  -5.8076971e-03  -6.4425457e-04  -1.9639819e-03
   1.5309373e-02   2.8117145e-01   1.5755340e-01  -6.9468475e-03  -7.0668196e-04  -1.8621801e-03
   1.4749535e-02   2.4297215e-01   1.4578899e-01  -6.6837805e-03  -6.9389814e-04  -2.0199462e-03
   1.7452614e-02   2.3014617e-01   1.3125111e-01  -6.3674102e-03  -7.8964568e-04  -1.9620066e-03
   1.3933281e-02   2.3451600e-01   1.4580131e-01  -6.6871855e-03  -7.2379330e-04  -2.0069697e-03
   7.5615085e-04   1.8465445e-01   1.1603428e-01  -5.6081153e-03  -5.8868032e-04  -1.8849326e-03
   2.4308970e-03   2.4168288e-01   1.6717618e-01  -6.4959212e-03  -6.1521363e-04  -2.0239495e-03
   2.2149998e-03   2.3668875e-01   1.5203716e-01  -6.2016988e-03  -7.1964778e-04  -2.0080545e-03
  -1.4223556e-03   2.3904815e-01   1.6684263e-01  -6.3446548e-03  -6.6474171e-04  -2.0122563e-03
   6.8045455e-04   2.6800875e-01   1.7257947e-01  -7.1828512e-03  -6.1428851e-04  -2.1246494e-03
   6.7655419e-03   2.2953756e-01   1.7153045e-01  -6.6278827e-03  -7.3026852e-04  -2.0171872e-03
   5.1264001e-03   2.7180913e-01   1.8253930e-01  -7.6699065e-03  -6.5222386e-04  -2.1546347e-03
   1.4845366e-03   2.0640732e-01   1.7624535e-01  -6.3134002e-03  -5.4823290e-04  -1.9366406e-03
   1.3911616e-02   2.3212661e-01   2.0119766e-01  -6.6790636e-03  -7.8426547e-04  -2.0811507e-03
