   0.0000000e+00   0.0000000e+00   0.0000000e+00   0.0000000e+00   0.0000000e+00   0.0000000e+00
  -5.4336226e-04   3.3367497e-02   8.3969505e-02  -8.6915490e-04  -1.2873634e-05  -3.0791778e-05
   4.1849315e-03   3.7068393e-02   7.2708652e-02  -6.0175468e-04  -1.9159111e-04  -2.1144255e-04
   1.1280118e-03   8.7472633e-03   3.2506689e-02   2.4561691e-04  -2.4148353e-04   9.5446437e-05
   1.0772973e-03   3.9911927e-02   6.8466916e-02   3.9808922e-06  -3.1153210e-04  -8.8023998e-05
   8.3243806e-03  -2.0440346e-03  -1.1056333e-02   1.3613024e-03  -5.7420609e-04  -1.9318834e-05
   1.1232790e-02   4.7700315e-02   4.5188036e-02   9.1379166e-04  -8.5164801e-04   2.7883099e-05
   5.5944542e-03   3.4141766e-02   2.0926913e-02   1.1436724e-03  -4.9524486e-04   4.2588843e-05
   1.2941848e-02  -9.9547588e-04   1.7638718e-02   1.7395163e-03  -6.1316984e-04   2.0115882e-05
   8.8836820e-03   1.9424068e-02   9.1373921e-02   1.5253143e-03  -4.7259645e-04  -8.3369316e-05
   1.2934504e-02  -4.3670442e-03   2.2301108e-02   1.8151750e-03  -5.8392763e-04   1.5028861e-04
   1.0258130e-02   1.5176050e-02   4.0838910e-02   1.4437696e-03  -4.8191634e-04   9.0644535e-05
   1.5937584e-02   1.0456038e-03   4.2549656e-02   1.9997449e-03  -4.1256937e-04  -6.9037639e-05
   8.3091829e-03  -1.7421354e-02   4.0583234e-02   1.8326319e-03  -1.8801444e-04  -6.0504053e-05
   1.3966061e-02   3.6399400e-02   9.3521281e-02   9.1290865e-04  -3.9499255e-04  -2.9747495e-05
   1.6077723e-02   1.7553536e-02   3.0929492e-02   1.7219271e-03  -3.2799122e-04  -1.5085650e-04
   1.5693129e-02   4.0170531e-02   3.4998624e-02   1.0758241e-03  -2.7397037e-04   5.7691578e-06
   1.0940295e-02   5.0340277e-02   8.7178290e-02   7.1968793e-04  -4.1335525e-05  -3.7158271e-04
   2.2369166e-02   1.1825200e-02   4.4226940e-02   1.6972943e-03  -2.5862229e-04  -3.5564179e-04
   2.7571614e-02   3.4840727e-02   9.7831299e-02   9.6247630e-04  -4.9904635e-04  -3.4674798e-04
   2.5298455e-02   1.4196549e-02   5.7630886e-02   1.6274159e-03  -5.6764501e-04  -7.7159252e-05
   2.8898082e-02   4.4980923e-02   1.7645845e-01   1.0319152e-03  -3.2530861e-04  -1.4282840e-03
   2.7781471e-02   2.3603159e-02   1.1742811e-01   1.3169733e-03   4.2787129e-05  -9.0968672e-04
   2.4440173e-02   4.5025438e-03   1.1530812e-01   1.8351385e-03  -1.5743896e-04  -8.5663452e-04
   3.6890684e-02   4.6506887e-02   1.3643302e-01   1.3388953e-03  -4.0342910e-04  -7.5691527e-04
   3.2917514e-02   1.4185911e-02   9.9943276e-02   1.6140035e-03  -2.4732274e-04  -7.2707697e-04
   2.6992541e-02   3.0114239e-02   1.4580957e-01   1.2242746e-03  -2.0606290e-04  -5.2821813e-04
   2.7395062e-02   1.5127920e-02   1.1724418e-01   1.4596510e-03  -1.5832541e-04  -4.8503466e-04
   2.9362222e-02   1.4629041e-02   1.4614899e-01   1.6946667e-03  -1.4101250e-04  -5.8438706e-04
   4.7150164e-02   4.6479968e-02   1.8241227e-01   8.4870194e-04  -4.1605424e-04  -7.9988150e-04
   3.6279949e-02   2.4126918e-03   1.2720664e-01   1.7261102e-03  -2.5458481e-04  -7.6219589e-04
   2.8760655e-02   3.3878980e-02   1.3751849e-01   1.8637829e-03  -1.5513847e-04  -1.0472372e-03
   3.4714588e-02   4.3938612e-02   1.5576192e-01   1.1018840e-03   9.6244806e-06  -9.1760146e-04
   2.9785154e-02   1.1855582e-02   1.8403107e-01   1.4842807e-03   8.6336434e-05  -9.3459984e-04
   4.6654766e-02   6.5470189e-02   2.2783559e-01   4.4454300e-04  -2.3470787e-04  -1.0222302e-03
   3.2473003e-02   1.3890870e-02   1.8780401e-01   1.3905533e-03  -3.7225116e-05  -7.9084037e-04
   4.0154368e-02   5.4052614e-02   2.1810285e-01   3.6986773e-04  -9.7682846e-05  -1.0573368e-03
   4.4774041e-02   3.6183351e-02   1.4371626e-01   1.3834219e-03  -1.7872425e-04  -9.9783758e-04
   4.5441664e-02   2.1025950e-02   1.7961006e-01   1.8878466e-03  -9.3808601e-05  -1.0279910e-03
   7.1702684e-02   4.0942010e-02   2.1739807e-01   1.3437925e-03  -5.3636493e-04  -1.3247752e-03
   6.9471124e-02   1.0985814e-02   1.8362347e-01   2.2140668e-03  -4.2567626e-04  -1.2325499e-03
   5.4595928e-02   4.4883993e-02   2.1459727e-01   8.8206391e-04  -2.1465995e-04  -1.3123957e-03
   5.1938874e-02   2.9053103e-02   1.6983776e-01   1.5345635e-03  -2.3058839e-04  -1.2034672e-03
   4.3744379e-02   2.8508435e-02   1.6750120e-01   1.8841990e-03  -1.9503800e-04  -1.1015012e-03
   4.1508220e-02   6.0790905e-02   2.1745806e-01   1.1858941e-03  -1.3775267e-04  -1.1937134e-03
   4.6415831e-02   1.5463651e-02   1.9448967e-01   2.0537766e-03  -1.1430666e-04  -1.0981546e-03
   4.7233280e-02   6.2475424e-02   2.5506454e-01   8.5444383e-04  -7.3411860e-05  -1.1958914e-03
   3.6402619e-02   3.5253023e-02   2.1601523e-01   1.4414525e-03   1.1229244e-04  -8.8930167e-04
   2.7938491e-02   4.1297984e-02   2.1250548e-01   1.5620516e-03   2.9921837e-04  -9.8258170e-04
   3.2385999e-02   5.7930718e-02   2.2477836e-01   1.0066441e-03   4.0232955e-04  -8.7302456e-04
   3.1958780e-02   2.7421632e-02   1.6697877e-01   1.4619202e-03   5.6843986e-04  -7.4567126e-04
   3.8326032e-02   3.0525202e-02   1.7003560e-01   1.4193124e-03   4.7501022e-04  -7.7833743e-04
   4.5261786e-02   4.5979504e-02   2.2047709e-01   8.9308401e-04   1.6085508e-04  -8.8340834e-04
   4.3756267e-02   3.2649230e-02   1.4945863e-01   1.5398510e-03   2.7969455e-04  -7.4456316e-04
   4.0223981e-02   2.9068872e-02   1.4240632e-01   1.6273650e-03   4.0877831e-04  -6.4837383e-04
   4.7246516e-02   4.1392869e-02   2.0384394e-01   1.0592401e-03   3.0649676e-04  -5.7718114e-04
   4.8643974e-02   4.7800264e-03   1.4087594e-01   2.2144666e-03   3.5322929e-04  -7.5154848e-04
   5.4687952e-02   1.0032059e-03   1.7456915e-01   2.4156349e-03   8.0008318e-05  -1.2478037e-03
   6.9137400e-02   5.4057244e-02   2.1294267e-01   8.3303059e-04  -3.1895651e-04  -1.1066750e-03
   6.8293019e-02  -1.9395187e-02   1.5879554e-01   2.2670490e-03  -1.1900792e-04  -1.0944879e-03
   6.3679966e-02   1.7566289e-02   1.6648977e-01   1.7191609e-03  -7.4107887e-05  -1.2100173e-03
   7.3583323e-02   1.7782394e-02   1.9115107e-01   1.8659851e-03  -3.5916354e-04  -1.3143367e-03
   8.1146650e-02  -1.2623176e-02   1.4377702e-01   2.6170042e-03  -3.9337483e-04  -1.1672600e-03
   8.3159062e-02   1.6829669e-02   2.1242559e-01   2.0124215e-03  -5.8801215e-04  -1.1986206e-03
   7.4002991e-02  -1.6587123e-02   1.9023110e-01   3.0495589e-03  -6.1104211e-04  -1.3233274e-03
   5.9149787e-02   1.8572365e-02   2.3096073e-01   2.0292370e-03  -2.2569396e-04  -1.5312344e-03
   6.6256719e-02   2.5773306e-02   2.6304358e-01   1.3989061e-03  -2.6780025e-05  -1.4823302e-03
   7.6223010e-02  -1.3358653e-02   2.4277633e-01   1.6464807e-03   7.6969025e-06  -1.4593288e-03
   9.1109936e-02   8.5820380e-03   2.8624255e-01   1.3245606e-03  -2.6637794e-04  -1.8044099e-03
   8.7926553e-02  -1.9770547e-02   2.0991689e-01   2.3049557e-03  -2.5706899e-04  -1.8654945e-03
   8.9918683e-02   3.4399270e-02   2.5670501e-01   6.2278330e-04  -2.0855759e-04  -1.8943512e-03
   9.2359250e-02   7.5575028e-02   2.6685400e-01  -4.9158684e-04  -2.3802775e-04  -1.6695930e-03
   8.4551614e-02   4.4904962e-02   2.3968559e-01   3.8134195e-04  -2.0291451e-04  -1.7221591e-03
   7.4018356e-02   5.6008580e-02   2.6017460e-01   1.6129335e-04  -1.0404939e-04  -1.7618633e-03
   6.4273994e-02   2.2366180e-02   2.3995235e-01   9.6055316e-04   7.9810235e-05  -1.6240359e-03
   7.2440492e-02   1.6157462e-02   2.7266754e-01   9.3482518e-04  -4.0917036e-05  -1.5887230e-03
   6.9865572e-02   4.5900712e-02   2.9461926e-01   6.7171637e-04   8.2667093e-05  -1.6245393e-03
   6.4371341e-02   3.4496428e-03   2.6595946e-01   1.2999774e-03   1.0300102e-04  -1.4587887e-03
   6.5731077e-02   3.1909055e-02   2.7717359e-01   1.1270125e-03   5.0264283e-05  -1.8509781e-03
   6.9407677e-02   4.2193336e-02   2.7530801e-01   1.4341243e-04   3.6580618e-04  -1.3697340e-03
   7.6176919e-02   2.0374007e-02   2.7078226e-01   6.2270336e-04   2.3207272e-04  -1.5292251e-03
   7.6419068e-02   4.8030944e-02   2.9413595e-01   4.7966497e-04   1.7317327e-04  -1.7897145e-03
   8.1126331e-02   1.6449308e-02   2.5240646e-01   1.4400706e-03   1.6130038e-04  -1.7057429e-03
   9.9719313e-02   2.4663566e-02   2.7082806e-01   1.2513545e-03  -1.3704072e-04  -1.7768634e-03
   9.7778688e-02   4.3625780e-02   2.8183458e-01   7.3910863e-04  -8.3649322e-05  -1.9268554e-03
   8.6808893e-02   1.3415303e-02   1.9839570e-01   1.3312041e-03   1.5663700e-04  -1.7727915e-03
   9.0121327e-02   4.4866156e-02   2.4533827e-01   5.4509091e-04   9.4612411e-05  -1.9442987e-03
   9.1428019e-02   3.4399756e-02   2.3870658e-01   1.2247383e-03   4.4327895e-06  -2.0841630e-03
   9.4183905e-02   1.6895492e-02   2.7821623e-01   1.1524005e-03  -8.0563742e-05  -1.9769960e-03
   8.7313501e-02   6.8089131e-02   3.0276419e-01   3.3698053e-04   1.1898190e-04  -2.1336235e-03
   9.6540969e-02   2.8215217e-02   2.6099543e-01   7.8318670e-04   3.2607978e-05  -2.0987995e-03
   8.8314304e-02   2.5588158e-02   2.8453637e-01   7.1007768e-04   1.6229689e-04  -1.9687264e-03
   8.5031669e-02   2.9566511e-02   2.6914158e-01   1.0245791e-03   2.7412426e-04  -2.0980566e-03
   8.9787961e-02   8.5057033e-03   2.6515896e-01   1.1659170e-03   1.8323947e-04  -2.2317477e-03
   1.0084618e-01   5.7307366e-02   3.1789819e-01  -2.1426010e-04  -4.9399149e-05  -2.4731000e-03
   1.0079653e-01   1.2777973e-02   2.2880371e-01   1.0039977e-03  -6.0817217e-05  -2.4070523e-03
   1.0397791e-01   9.2437595e-03   2.4501393e-01   1.7696101e-03  -1.7139161e-04  -2.5323485e-03
   1.1188502e-01   5.2385562e-02   2.8321490e-01   5.5473621e-04  -3.2298063e-04  -2.6085298e-03
   9.3588811e-02   1.4553055e-02   2.4955512e-01   1.1928751e-03  -1.0983358e-05  -2.6014572e-03
   8.9434331e-02   6.4545903e-02   3.0087783e-01  -1.3905654e-04   2.2708668e-04  -2.5428459e-03
   9.6704502e-02   5.3728895e-02   2.4244318e-01   2.4738281e-04   2.0635543e-04  -2.6399220e-03
   9.4407936e-02   6.3168040e-02   2.9907323e-01  -2.6357925e-04   4.9164899e-04  -2.7359753e-03
   9.7508771e-02   6.4540274e-02   3.0087721e-01  -1.8432860e-04   4.9911186e-04  -2.8288061e-03
   9.2571632e-02   4.1861082e-02   2.7871282e-01   2.2411852e-04   5.1656407e-04  -2.9014013e-03
   9.1763694e-02   9.5774629e-02   3.5102860e-01  -1.2382804e-03   4.9312057e-04  -2.8094062e-03
   7.5087676e-02   7.6577645e-02   2.9975644e-01  -6.5901436e-04   6.8061530e-04  -2.5944045e-03
   1.2632896e-02   1.6238212e-01   4.0334973e-01  -2.0626947e-03   1.7666187e-03  -2.6140261e-03
   2.8323282e-02   3.4989725e-02   3.6022712e-01  -8.5825760e-04   1.4058818e-03  -2.3494145e-03
   2.0740547e-02   9.6284789e-02   4.2937254e-01  -1.6696269e-03   1.7006593e-03  -2.1722010e-03
   9.8318603e-03   4.2688019e-02   3.9209975e-01  -2.9541171e-04   1.9569539e-03  -2.0529248e-03
   7.9750465e-03   4.9334080e-02   4.0020337e-01   3.9306433e-04   1.8984720e-03  -2.1510920e-03
   1.9595464e-02   1.0207473e-01   4.5234797e-01  -1.3854566e-03   1.6667978e-03  -1.7375739e-03
   8.9615474e-03   1.9747182e-02   4.2116506e-01  -2.0215958e-04   1.9622748e-03  -1.7088181e-03
  -3.7257847e-03   5.0753731e-02   4.4316831e-01  -3.6595369e-04   2.1737490e-03  -1.8027106e-03
  -1.0827354e-02   4.8770584e-02   4.2076532e-01  -6.5464800e-04   2.2957129e-03  -1.6935753e-03
  -1.1827479e-02   2.4442397e-02   4.1438948e-01  -8.0844008e-04   2.5440318e-03  -1.8469692e-03
   6.5897194e-03   8.4385721e-02   4.6079748e-01  -2.0169419e-03   2.3721665e-03  -2.2802544e-03
  -8.2906655e-06   2.0348989e-02   3.9297814e-01  -1.0647976e-04   2.5728631e-03  -2.0740050e-03
   1.5414743e-03   6.9168998e-02   4.7263619e-01  -1.9549353e-03   2.6833275e-03  -2.2364632e-03
   9.3213217e-04   4.8264713e-02   4.0869246e-01  -1.2793231e-03   2.7849930e-03  -2.2591849e-03
  -2.6504748e-03   7.8725138e-02   4.2946483e-01  -2.0271457e-03   2.7187598e-03  -2.2936136e-03
   5.1515492e-03   5.3243305e-02   4.0427577e-01  -8.1105554e-04   2.4712047e-03  -2.4635764e-03
  -5.5483224e-03   5.6210877e-02   4.2826204e-01  -1.1164653e-03   2.6304979e-03  -2.5460907e-03
  -1.0394933e-02   1.1865798e-01   4.7457717e-01  -2.6901363e-03   2.8310805e-03  -2.4548376e-03
  -1.4320103e-02   7.5251118e-02   3.9076708e-01  -1.7848476e-03   2.9382349e-03  -2.3792426e-03
  -1.8699774e-02   1.0680981e-01   4.4177544e-01  -2.7065484e-03   3.0172832e-03  -2.3237257e-03
  -2.2515330e-02   9.7399696e-02   4.0788310e-01  -2.0637986e-03   3.0804789e-03  -2.3723583e-03
  -2.7202577e-02   8.9942155e-02   4.2209176e-01  -1.7707035e-03   3.1548462e-03  -2.3771993e-03
  -2.8028821e-02   1.3071696e-01   4.6832889e-01  -2.4679400e-03   3.2215501e-03  -2.5890429e-03
  -3.5805039e-02   8.9600704e-02   4.4061512e-01  -2.2533484e-03   3.4403267e-03  -2.1681746e-03
  -3.5792187e-02   9.2874180e-02   4.5138405e-01  -2.1925465e-03   3.3329820e-03  -2.1915026e-03
  -3.3166816e-02   9.9160386e-02   4.6155389e-01  -1.3032607e-03   3.1949277e-03  -2.6791971e-03
  -3.4905613e-02   1.2141119e-01   5.7606541e-01  -2.0272644e-03   3.2883530e-03  -2.2480067e-03
  -4.4002099e-02  -5.4763247e-02   5.0972030e-01  -9.3836825e-06   3.8145278e-03  -2.2986940e-03
  -5.7198113e-02   9.8667428e-02   5.4041695e-01  -2.2824908e-03   4.2084389e-03  -2.3502589e-03
  -6.8681533e-02   1.5055023e-02   5.4170323e-01  -1.1534854e-03   4.3701167e-03  -2.1928277e-03
  -6.9981607e-02   5.6750915e-02   5.5615901e-01  -1.6778033e-03   4.2626275e-03  -2.3033373e-03
  -7.2593337e-02   1.4857054e-02   5.3118432e-01  -7.5574714e-04   4.3613171e-03  -2.1603336e-03
  -7.4142670e-02   6.8721309e-02   5.6273648e-01  -1.5126865e-03   4.5394432e-03  -2.2274591e-03
  -6.5196601e-02   2.4476024e-02   5.6067886e-01  -8.8086667e-04   4.5309261e-03  -2.1686767e-03
  -7.3149856e-02  -8.3015322e-03   5.5556486e-01   4.0587627e-05   4.6992550e-03  -2.1096534e-03
  -8.4911914e-02   6.0495914e-02   5.7968921e-01  -2.1852188e-03   5.0467877e-03  -2.0511054e-03
  -9.0527798e-02   6.2972710e-03   5.4109948e-01  -9.4911367e-04   5.0747968e-03  -2.2041696e-03
  -8.9978540e-02   7.3735022e-02   5.7110804e-01  -2.0682543e-03   4.9181723e-03  -2.1104587e-03
  -8.3267045e-02   2.4971394e-02   5.4969758e-01  -4.5292128e-04   4.6658930e-03  -2.1498987e-03
  -3.8597073e-02   2.5820337e-02   6.5842557e-01   2.1854829e-03   2.4935087e-03  -2.7712599e-03
  -5.3397451e-02   2.3103287e-02   9.2836935e-01   1.2780434e-03   1.9328278e-03  -2.4544341e-03
  -6.4650285e-02  -2.1039046e-01   1.0554882e+00   1.7429541e-03   2.8220435e-03  -2.8462026e-03
  -1.0335526e-01  -5.0761958e-02   1.0071334e+00   9.2165290e-05   3.8918385e-03  -2.5861145e-03
  -1.1916961e-01  -4.4715583e-02   1.0112048e+00   5.2318732e-04   3.8484764e-03  -2.5710180e-03
  -1.4322381e-01  -7.6521305e-02   1.0422734e+00   4.2732960e-04   4.4470362e-03  -2.0445779e-03
  -1.5182800e-01  -3.0057788e-02   1.0518505e+00   2.8095482e-04   4.7700725e-03  -2.2878416e-03
  -1.5948641e-01  -1.0210429e-01   1.0809095e+00   1.0594785e-03   5.1544186e-03  -2.2664697e-03
  -1.5672384e-01  -1.1787095e-02   1.0774188e+00  -3.9437527e-04   5.0837830e-03  -2.1624701e-03
  -1.7702613e-01  -5.5595460e-02   1.0027323e+00  -4.6931508e-04   5.5504219e-03  -2.2368865e-03
  -1.8661398e-01  -1.3903577e-01   9.8790500e-01   7.4190802e-04   5.7883768e-03  -2.1805535e-03
  -1.9648861e-01  -4.7863874e-02   9.7570879e-01   4.3704480e-05   5.9887963e-03  -2.0769605e-03
  -2.1088072e-01  -8.6543418e-02   9.7620710e-01   5.8697364e-04   6.3456182e-03  -1.8016835e-03
  -2.0635207e-01  -4.0229966e-02   9.9876219e-01  -6.8576828e-04   6.3523304e-03  -1.9181135e-03
  -1.9689307e-01  -6.6130943e-02   9.7001506e-01  -3.2671808e-04   6.2048766e-03  -1.9512363e-03
  -2.0578706e-01  -7.0231386e-03   9.8833219e-01  -1.2340387e-03   6.4168705e-03  -1.8634906e-03
  -1.9526013e-01  -5.0907775e-02   9.8805405e-01  -5.9029902e-04   6.2922082e-03  -2.1564267e-03
  -1.8697713e-01  -2.1609890e-02   1.0387142e+00  -1.4663380e-03   6.1278226e-03  -2.5429667e-03
  -2.0139168e-01  -3.2181484e-02   1.0265803e+00  -1.1205894e-03   6.3309946e-03  -2.2263465e-03
  -2.0240281e-01  -5.6377978e-02   1.0027662e+00  -6.1095776e-04   6.4000377e-03  -2.5132683e-03
  -1.9732248e-01  -1.7705795e-02   1.0228049e+00  -1.9080888e-03   6.3092292e-03  -2.3232869e-03
  -1.9673324e-01  -3.6633055e-02   1.0176353e+00  -1.4929792e-03   6.3820594e-03  -2.4595794e-03
  -1.9489056e-01   1.1557751e-02   1.0302325e+00  -2.4136735e-03   6.3700455e-03  -2.5512192e-03
  -1.9970627e-01   5.1439330e-04   1.0117760e+00  -2.2667496e-03   6.5874757e-03  -2.6123823e-03
  -1.9380117e-01  -9.0156613e-03   1.0153157e+00  -2.0305776e-03   6.5301446e-03  -2.5463131e-03
  -1.8829330e-01  -8.3415213e-03   1.0033927e+00  -1.3760508e-03   6.4020143e-03  -2.5225976e-03
  -1.9378498e-01   6.0075805e-03   1.0298539e+00  -2.1268294e-03   6.6257032e-03  -2.5748175e-03
  -1.9485398e-01  -9.0956258e-03   1.0334337e+00  -2.2361455e-03   6.6377761e-03  -2.4405684e-03
  -1.9491586e-01   1.4199390e-03   1.0289596e+00  -1.8876500e-03   6.6037686e-03  -2.5992806e-03
  -1.9568420e-01   5.0177449e-03   1.0414094e+00  -1.9792453e-03   6.6647493e-03  -2.4747292e-03
  -1.9892680e-01   2.4070328e-03   1.0356983e+00  -1.8697987e-03   6.7312104e-03  -2.4309218e-03
  -2.0141891e-01  -1.0172803e-02   1.0120846e+00  -1.6384188e-03   6.6246491e-03  -2.4419783e-03
  -1.9855786e-01   7.7511354e-03   1.0055378e+00  -1.9973032e-03   6.5075671e-03  -2.6079368e-03
  -2.0430461e-01   1.0865014e-02   1.0126779e+00  -2.4966452e-03   6.6585734e-03  -2.6606473e-03
  -2.0225688e-01   5.9771072e-02   1.0165366e+00  -3.6019014e-03   6.6178190e-03  -2.4384888e-03
  -2.1317189e-01   4.9729095e-03   9.8503188e-01  -1.7820433e-03   6.5669624e-03  -2.9732842e-03
  -1.9634769e-01   3.7420770e-02   1.0170012e+00  -2.8088409e-03   6.1753963e-03  -2.7595749e-03
  -1.9479527e-01   3.3686103e-02   1.0242430e+00  -2.6584812e-03   6.2726585e-03  -2.7372066e-03
  -1.9150629e-01   5.7157520e-02   1.0425237e+00  -3.4778991e-03   6.3395573e-03  -2.8636524e-03
  -1.9107946e-01   4.0478916e-02   1.0403488e+00  -3.1014970e-03   6.2367848e-03  -2.7966890e-03
  -1.9375195e-01   3.6061849e-02   1.0466724e+00  -3.2836614e-03   6.3759022e-03  -2.7784860e-03
  -1.9396636e-01   6.9428617e-02   1.0467432e+00  -3.8132662e-03   6.3411947e-03  -2.7848106e-03
  -1.9542801e-01   3.5892914e-02   1.0190821e+00  -3.0481340e-03   6.3001641e-03  -2.7003348e-03
