   0.0000000e+00   0.0000000e+00   0.0000000e+00   0.0000000e+00   0.0000000e+00   0.0000000e+00
  -5.0920300e-03  -4.5501817e-02   6.6511892e-02   7.4610885e-04  -3.8222630e-06   7.0243469e-05
  -1.2297940e-02   2.3807928e-02   8.5813774e-02   1.6198693e-04  -2.0778813e-04  -5.6380743e-05
  -1.3656460e-02   3.8470046e-02   6.7482328e-02  -2.3512590e-04  -2.8593803e-04  -4.4477151e-05
  -8.3499731e-03   5.4369194e-02   4.4130514e-02  -1.2223344e-04  -4.4100352e-04  -1.3166060e-04
  -2.0629294e-03   7.6910926e-02   3.1765271e-02  -4.9646270e-04  -6.5381895e-04  -2.8077958e-04
   5.6846466e-03   4.1150295e-02  -3.0410947e-02   7.1985630e-04  -1.0020835e-03  -4.8092145e-04
   1.2721309e-02   6.6365111e-02   8.7699551e-03   6.6732382e-04  -1.3270702e-03  -7.4409733e-04
  -8.8705754e-04   2.7332617e-02   2.8654391e-02   1.2798149e-03  -1.0052346e-03  -6.0001347e-04
   1.5287941e-02  -1.1179017e-02   8.8329357e-02   2.3740793e-03  -1.0366473e-03  -1.5095513e-03
   1.8486882e-02   6.7469833e-02   1.7078372e-01   7.0022921e-04  -8.1919878e-04  -1.2326162e-03
   1.9124728e-02  -3.3302475e-02   8.4769623e-02   2.0642666e-03  -9.4011661e-04  -1.1736986e-03
   1.2561193e-02   2.3813218e-02   9.1162209e-02   1.2822191e-03  -1.1252283e-03  -1.2407027e-03
   1.3934079e-02   1.3730103e-02   1.8629230e-02   1.4770042e-03  -1.0514995e-03  -1.1064250e-03
   2.4501063e-02   6.1504179e-03   2.6299010e-02   1.3724752e-03  -1.3246836e-03  -1.1465139e-03
   2.0569651e-02   1.4368981e-02   8.9019228e-02   1.3630677e-03  -1.3914704e-03  -1.1389500e-03
   2.4406301e-02  -2.8196529e-02   6.7790886e-02   2.3803226e-03  -1.5075029e-03  -5.6949685e-04
   5.0673688e-02   8.9530980e-02   1.1034576e-01   1.2806646e-03  -2.5696768e-03  -1.0843796e-03
   4.6431314e-02   6.2494696e-02   1.7350414e-01  -4.4684094e-04  -2.3017188e-03  -1.3345543e-03
   4.8203298e-02   7.9203895e-02   1.5426341e-01  -7.7805600e-04  -2.4725260e-03  -1.3189655e-03
   4.2098714e-02   8.3947059e-02   1.6052221e-01  -8.8090950e-04  -2.4132356e-03  -1.1840216e-03
   3.5900232e-02   3.0543281e-02   1.5261445e-01  -1.0934300e-04  -2.2236094e-03  -1.1131396e-03
   3.8485185e-02   7.6078186e-02   1.9737402e-01  -1.0196028e-03  -2.4102636e-03  -1.3694427e-03
   4.0803771e-02   8.2312783e-02   2.0788848e-01  -1.3756076e-03  -2.3129537e-03  -1.7557410e-03
   4.2743820e-02   8.9848683e-02   2.4129611e-01  -1.7113441e-03  -2.0773691e-03  -2.2036718e-03
   4.6823061e-02   1.0850056e-01   2.4598025e-01  -1.8746728e-03  -2.0441313e-03  -2.0920616e-03
   5.1409764e-02   8.0091256e-02   2.1201193e-01  -1.3627552e-03  -2.1282721e-03  -1.7343990e-03
   4.7605884e-02   9.3978443e-02   2.3885806e-01  -1.5112853e-03  -2.2316611e-03  -1.8067840e-03
   3.9055458e-02   8.3811122e-02   2.3686492e-01  -1.2907710e-03  -2.1246647e-03  -1.6817780e-03
   4.5140922e-02   7.5735487e-02   2.5634782e-01  -1.5121066e-03  -2.3151929e-03  -1.6233570e-03
   3.9007109e-02   1.0992038e-01   2.8314143e-01  -1.9022452e-03  -2.2080873e-03  -1.4937197e-03
   2.9138754e-02   6.6096693e-02   2.6944692e-01  -1.4138850e-03  -1.8700940e-03  -1.7873059e-03
   2.7899985e-02   1.0392423e-01   2.7356262e-01  -1.8232192e-03  -1.9571592e-03  -1.4693781e-03
   2.4910368e-02   9.0320477e-02   2.5618377e-01  -1.4835509e-03  -1.8567328e-03  -1.3972840e-03
   2.5372092e-02   6.9788745e-02   2.2813383e-01  -1.3944970e-03  -1.8625111e-03  -1.6234748e-03
   2.9595534e-02   1.0428496e-01   2.6113626e-01  -1.4878026e-03  -1.7668306e-03  -1.6853392e-03
   4.2902379e-02   8.1871645e-02   2.6307808e-01  -1.7391379e-03  -1.8984730e-03  -1.3151426e-03
   6.0487238e-02   1.0519215e-01   2.7061134e-01  -2.1120836e-03  -2.1535408e-03  -1.5155608e-03
   4.8103487e-02   7.9598610e-02   2.4207627e-01  -1.4005757e-03  -1.8460589e-03  -1.6997956e-03
   5.3419539e-02   4.2910585e-02   2.1597694e-01  -4.4621528e-04  -1.9626352e-03  -1.6579650e-03
   4.4835628e-02   7.5234521e-02   2.4615323e-01  -7.3231207e-04  -1.9293872e-03  -1.8615804e-03
   4.7705996e-02   5.5641908e-02   2.6086221e-01  -3.3222631e-04  -2.0890114e-03  -1.7287883e-03
   3.6134243e-02   1.0373895e-01   2.8327264e-01  -1.3608572e-03  -1.7781333e-03  -1.7493914e-03
   3.3761419e-02   8.9092770e-02   2.4598220e-01  -1.0741139e-03  -1.8009735e-03  -1.7601867e-03
   2.5574874e-02   9.0654226e-02   2.2523629e-01  -1.1991805e-03  -1.7709996e-03  -1.6044257e-03
   4.3756384e-02   1.1010638e-01   2.4508376e-01  -1.3896405e-03  -2.0627067e-03  -1.8385762e-03
   4.4108385e-02   8.4409670e-02   2.2564484e-01  -7.8168548e-04  -1.9947557e-03  -1.7626244e-03
   4.9582027e-02   9.9302766e-02   2.5135585e-01  -1.2329421e-03  -2.0585526e-03  -1.8173025e-03
   5.5463648e-02   9.6564163e-02   2.3463235e-01  -1.3030573e-03  -2.1270894e-03  -1.9181822e-03
   5.3280266e-02   9.9178916e-02   2.5206171e-01  -1.4709276e-03  -2.1334969e-03  -1.7887519e-03
   6.3252145e-02   1.5588460e-01   2.9951726e-01  -3.4451475e-03  -1.9516304e-03  -1.9362883e-03
   5.8486537e-02   6.9700302e-02   3.2824818e-01  -1.9255437e-03  -1.9823942e-03  -2.2162295e-03
   7.2162500e-02   1.0926631e-01   3.5731158e-01  -2.1204144e-03  -2.1705925e-03  -2.1314225e-03
   6.6330860e-02   8.9637497e-02   3.2126261e-01  -1.4082812e-03  -2.1763496e-03  -2.0610109e-03
   8.5186458e-02   1.2096931e-01   3.2561749e-01  -2.0313324e-03  -2.5932482e-03  -2.2219499e-03
   7.7160422e-02   7.7138189e-02   3.4631899e-01  -1.7565949e-03  -2.4832666e-03  -2.1586713e-03
   7.9941445e-02   1.0923186e-01   3.3574958e-01  -2.0884385e-03  -2.7530530e-03  -2.0727836e-03
   6.8467413e-02   8.6055000e-02   3.3342694e-01  -1.4335437e-03  -2.6351866e-03  -2.0340243e-03
   6.4622941e-02   9.7617813e-02   3.4828225e-01  -1.7172496e-03  -2.6204709e-03  -2.1792999e-03
   7.2888938e-02   1.2507575e-01   3.3954376e-01  -2.2350548e-03  -2.7020601e-03  -2.0470750e-03
   6.2551641e-02   9.2459073e-02   3.2931940e-01  -2.0118235e-03  -2.4860387e-03  -1.9932465e-03
   5.6775113e-02   1.3066170e-01   3.5331426e-01  -2.5315956e-03  -2.3579873e-03  -1.9769990e-03
   5.3784736e-02   1.1434201e-01   2.9359078e-01  -2.0196004e-03  -2.2888793e-03  -1.9923820e-03
   4.7553774e-02   1.3854594e-01   3.0878644e-01  -2.3039496e-03  -2.2705743e-03  -2.0321524e-03
   6.0304101e-02   1.3277156e-01   3.3157780e-01  -2.2584557e-03  -2.4797747e-03  -2.1310607e-03
   5.5918996e-02   9.7875910e-02   2.8076429e-01  -1.3945117e-03  -2.3204229e-03  -2.0845560e-03
   6.2897251e-02   1.3666706e-01   2.8823660e-01  -1.8291665e-03  -2.5153731e-03  -2.1172257e-03
   5.4310114e-02   9.8283671e-02   2.5201297e-01  -1.2290287e-03  -2.4245789e-03  -2.0261181e-03
   6.0935944e-02   1.1053531e-01   2.7393921e-01  -1.0365701e-03  -2.4706693e-03  -1.9825870e-03
   6.7405152e-02   1.3598331e-01   2.7138002e-01  -1.4187479e-03  -2.7814040e-03  -1.9981515e-03
   6.4664046e-02   9.4427365e-02   2.2357878e-01  -8.0043897e-04  -2.8302340e-03  -2.0455413e-03
   7.2601764e-02   1.4075186e-01   2.3673736e-01  -1.6602123e-03  -2.9590059e-03  -2.0180032e-03
   7.0644575e-02   1.4098245e-01   2.3081780e-01  -1.6027126e-03  -2.7426159e-03  -2.1421689e-03
   8.0989876e-02   1.2328818e-01   2.5887751e-01  -1.5291467e-03  -2.8311035e-03  -2.3411744e-03
   1.1083088e-01   1.9229061e-01   2.9666607e-01  -2.9016207e-03  -3.2656818e-03  -2.2672714e-03
   1.3568106e-01   1.3305658e-02   2.6643531e-01  -5.7963774e-04  -3.5306608e-03  -2.5522021e-03
   1.3122215e-01   1.0584638e-01   2.9246662e-01  -1.3484467e-03  -3.4530684e-03  -2.5257434e-03
   1.2143217e-01   5.6883815e-02   2.7076712e-01  -4.7610847e-04  -3.3633707e-03  -2.4938071e-03
   1.2384130e-01   9.8037624e-02   3.0922757e-01  -9.3542823e-04  -3.6173292e-03  -2.7083545e-03
   1.1570736e-01   6.8922226e-02   3.0246006e-01  -7.1040631e-04  -3.3979732e-03  -2.6860891e-03
   1.2647608e-01   1.0209864e-01   3.3247429e-01  -1.5088370e-03  -3.6271354e-03  -2.7516080e-03
   1.3430428e-01   1.1432018e-01   3.2343549e-01  -1.2165464e-03  -3.6200353e-03  -2.8006410e-03
   1.3750722e-01   1.0735271e-01   3.4710988e-01  -1.5532082e-03  -3.7527638e-03  -2.7070145e-03
   1.4565905e-01   1.3829337e-01   3.5115451e-01  -2.2622062e-03  -3.8823589e-03  -2.8041812e-03
   1.4449592e-01   1.0250836e-01   3.4062391e-01  -1.8293308e-03  -3.7560959e-03  -2.7652385e-03
   1.3708967e-01   1.6020891e-01   3.5617849e-01  -2.3605799e-03  -3.7085692e-03  -2.7581594e-03
   1.2430442e-01   1.4312459e-01   3.5123455e-01  -2.8580994e-03  -3.4168575e-03  -2.7293983e-03
   1.4061487e-01   1.7205386e-01   3.4689955e-01  -3.5221385e-03  -3.7976473e-03  -2.4247879e-03
   1.3965947e-01   1.3908478e-01   3.3391163e-01  -2.5537827e-03  -3.6945736e-03  -2.5534307e-03
   1.3241952e-01   1.3848260e-01   3.0999667e-01  -2.4315213e-03  -3.7551559e-03  -2.7010680e-03
   1.3440100e-01   1.7618598e-01   3.4381796e-01  -3.1922378e-03  -3.7465727e-03  -2.7834418e-03
   1.3214350e-01   1.3603993e-01   3.1242437e-01  -2.3659219e-03  -3.6938169e-03  -2.5145952e-03
   1.3968973e-01   1.4290291e-01   3.4227630e-01  -2.2170013e-03  -3.9409478e-03  -2.4741412e-03
   1.3365711e-01   1.6480668e-01   3.7409763e-01  -3.3769291e-03  -3.8670626e-03  -2.3214849e-03
   1.3580879e-01   1.3496797e-01   3.6377722e-01  -2.9404129e-03  -3.8669513e-03  -2.4331658e-03
   1.4139341e-01   1.4582627e-01   3.5363747e-01  -2.3587883e-03  -3.9022217e-03  -2.5322832e-03
   1.3808478e-01   1.4627304e-01   3.3235185e-01  -3.0335179e-03  -3.8646552e-03  -2.4174314e-03
   1.4033011e-01   1.7264889e-01   3.5607754e-01  -3.4291514e-03  -4.1250270e-03  -2.3555628e-03
   1.2485775e-01   1.5984884e-01   3.6300783e-01  -3.3487536e-03  -3.8841082e-03  -2.5674216e-03
   1.3605343e-01   1.3701771e-01   3.4877467e-01  -2.3176567e-03  -4.2035656e-03  -2.9330298e-03
   1.4097331e-01   1.6054929e-01   3.6195459e-01  -3.5343018e-03  -4.2271592e-03  -2.6227438e-03
   1.3495111e-01   1.1622632e-01   3.2817243e-01  -2.1257030e-03  -4.1817219e-03  -2.4661869e-03
   1.3511554e-01   1.3190253e-01   3.3777658e-01  -2.7901162e-03  -4.2146432e-03  -2.4215712e-03
   1.4606579e-01   1.4092383e-01   3.4864630e-01  -2.8498406e-03  -4.4455779e-03  -2.3988482e-03
   1.4562793e-01   1.0895002e-01   3.3129068e-01  -2.3247426e-03  -4.3818258e-03  -2.4281536e-03
   1.4292721e-01   1.7339544e-01   3.5819256e-01  -3.5998216e-03  -4.4049355e-03  -2.4065971e-03
   1.3883932e-01   1.2461105e-01   2.7824929e-01  -1.9337131e-03  -4.2108587e-03  -2.5632145e-03
   1.5490121e-01   1.5051702e-01   2.8998170e-01  -1.9750711e-03  -4.6212562e-03  -2.4631011e-03
   1.4940056e-01   1.7846042e-01   3.6307386e-01  -3.6540212e-03  -4.4366623e-03  -2.4425988e-03
   1.4281666e-01   1.3242700e-01   3.4190704e-01  -2.9812959e-03  -4.2332068e-03  -2.3403372e-03
   1.5189161e-01   1.4272016e-01   3.6020725e-01  -2.5914794e-03  -4.5139436e-03  -2.3762628e-03
   1.6161105e-01   1.5777200e-01   3.8801949e-01  -4.2436987e-03  -4.3968858e-03  -2.6432991e-03
   1.6349369e-01   1.7374724e-01   3.8903979e-01  -4.4296627e-03  -4.6350995e-03  -2.4614436e-03
   1.5373969e-01   1.9641201e-01   3.9295419e-01  -4.9740900e-03  -4.4537471e-03  -2.4158600e-03
   1.5167366e-01   1.6649857e-01   3.7356245e-01  -4.3104545e-03  -4.4766385e-03  -2.5417579e-03
   1.5838951e-01   2.1372469e-01   3.8695946e-01  -4.9228507e-03  -4.6808675e-03  -2.6454219e-03
   1.4702831e-01   1.6112876e-01   3.8463599e-01  -3.6775295e-03  -4.4114335e-03  -2.4362313e-03
   1.4914514e-01   2.0377021e-01   4.1347345e-01  -4.6832849e-03  -4.5506939e-03  -2.4728440e-03
   1.4960456e-01   1.7830749e-01   3.8882258e-01  -4.2835108e-03  -4.4014651e-03  -2.3816587e-03
   1.5766077e-01   1.9261857e-01   4.0461864e-01  -4.6674089e-03  -4.5603572e-03  -2.5166534e-03
   1.5573647e-01   1.9473258e-01   3.8956098e-01  -4.6442088e-03  -4.5341977e-03  -2.4504910e-03
   1.4428115e-01   1.6877307e-01   3.8830305e-01  -3.5413163e-03  -4.4388712e-03  -2.6826550e-03
   1.6426065e-01   2.5460286e-01   4.4271975e-01  -6.0886215e-03  -5.0367851e-03  -2.1810169e-03
   1.6183843e-01   1.3947293e-01   3.9391878e-01  -4.0288839e-03  -5.0068529e-03  -2.5828850e-03
   1.5370376e-01   2.0682271e-01   4.1997876e-01  -5.1899856e-03  -4.6863031e-03  -2.6499974e-03
   1.3618344e-01   1.6486500e-01   3.7674715e-01  -4.3618501e-03  -4.4476838e-03  -2.6105637e-03
   1.3020288e-01   1.8778315e-01   4.1337894e-01  -4.6554199e-03  -4.4525801e-03  -2.5239345e-03
   1.3335110e-01   1.4481933e-01   3.9940160e-01  -3.6403230e-03  -4.3878686e-03  -2.3004015e-03
   1.4951057e-01   1.6402790e-01   4.2809735e-01  -4.3216376e-03  -4.7320182e-03  -2.5269278e-03
   1.4816595e-01   1.9663942e-01   4.0916555e-01  -4.9267306e-03  -4.8003146e-03  -2.8622457e-03
   1.4457648e-01   1.4687374e-01   3.9731877e-01  -3.7555820e-03  -4.7791031e-03  -2.6099277e-03
   1.5106702e-01   1.9194825e-01   4.1956543e-01  -4.6108324e-03  -4.7944036e-03  -2.6581375e-03
   1.4690684e-01   1.3735143e-01   3.7795734e-01  -3.5498442e-03  -4.8890451e-03  -2.7941460e-03
   1.4662854e-01   1.5881166e-01   4.1680619e-01  -3.8999150e-03  -4.9400925e-03  -2.7469467e-03
   1.4578786e-01   1.7963521e-01   4.3429093e-01  -4.2957292e-03  -4.7935798e-03  -2.7547864e-03
   1.3891212e-01   1.4411495e-01   4.2045564e-01  -4.1909465e-03  -4.6333518e-03  -2.8357412e-03
   1.4286544e-01   1.8257429e-01   4.2441146e-01  -4.5847443e-03  -4.7126493e-03  -2.7817396e-03
   1.5349142e-01   1.0625821e-01   3.6741828e-01  -2.5367581e-03  -5.0113421e-03  -2.7908831e-03
   1.5864060e-01   1.5618888e-01   4.0865962e-01  -4.1764463e-03  -4.9754381e-03  -2.9541134e-03
   1.5089795e-01   1.6314804e-01   4.0581524e-01  -4.4083722e-03  -4.7102902e-03  -2.9617233e-03
   1.5903745e-01   1.6097514e-01   4.1972427e-01  -4.7450886e-03  -4.7571049e-03  -2.9483544e-03
   1.6517096e-01   2.0403284e-01   4.4002478e-01  -5.9139077e-03  -4.6863225e-03  -2.8820249e-03
   1.5498631e-01   1.8141991e-01   4.1582928e-01  -5.6069674e-03  -4.5254494e-03  -3.1113919e-03
   1.5587455e-01   1.8945963e-01   3.9257768e-01  -4.9197949e-03  -4.7605738e-03  -3.1381014e-03
   1.5477326e-01   2.0220546e-01   3.9015572e-01  -5.4102849e-03  -4.8185309e-03  -3.0525557e-03
   1.5864990e-01   2.0123253e-01   3.9967765e-01  -5.4589398e-03  -4.8479312e-03  -2.9826242e-03
   1.4686005e-01   2.3280647e-01   4.2223709e-01  -6.3795119e-03  -4.6828366e-03  -2.9222503e-03
   1.5174003e-01   1.9569024e-01   3.9524649e-01  -5.5897981e-03  -4.7569306e-03  -2.9501423e-03
   1.4995373e-01   2.4757144e-01   4.1112810e-01  -6.5356553e-03  -4.7815259e-03  -2.9839155e-03
   1.5414139e-01   1.9969213e-01   3.5388076e-01  -4.9421786e-03  -4.9319469e-03  -3.1816583e-03
   1.7197128e-01   2.5356947e-01   3.8375540e-01  -6.2226653e-03  -5.1886806e-03  -3.0617746e-03
   1.6016776e-01   1.9349919e-01   3.8949028e-01  -5.8106694e-03  -4.8662618e-03  -3.4467341e-03
   1.6429525e-01   2.3843570e-01   4.1203497e-01  -6.4143224e-03  -4.9560940e-03  -3.3236834e-03
   1.5501102e-01   2.2232512e-01   3.9938483e-01  -6.4125674e-03  -4.8483894e-03  -3.3178213e-03
   1.5399387e-01   1.9035644e-01   4.0921537e-01  -5.5458779e-03  -4.8477567e-03  -3.2479998e-03
   1.4160922e-01   2.2089635e-01   4.6335890e-01  -6.2124193e-03  -4.5602342e-03  -3.2671228e-03
   1.4828254e-01   2.0473976e-01   4.4116346e-01  -5.8754418e-03  -4.4797934e-03  -3.2533559e-03
   1.5557767e-01   2.4396052e-01   4.7356686e-01  -7.0642562e-03  -4.5691051e-03  -3.3342923e-03
   1.6187449e-01   2.3675190e-01   4.4929792e-01  -7.2433652e-03  -4.6004151e-03  -3.3937486e-03
   1.6533470e-01   2.3684565e-01   4.3761335e-01  -7.2086699e-03  -4.6290100e-03  -3.3808082e-03
   1.6827619e-01   2.6190985e-01   4.4781760e-01  -7.4266294e-03  -4.5984618e-03  -3.3743957e-03
   1.6380526e-01   2.0992051e-01   4.5591359e-01  -6.5406215e-03  -4.4007899e-03  -3.3627233e-03
   1.6716076e-01   2.4011007e-01   4.6679793e-01  -6.8134859e-03  -4.8242021e-03  -3.5606918e-03
   1.6098036e-01   2.3618120e-01   4.3574224e-01  -6.7621324e-03  -4.7896591e-03  -3.6762879e-03
   1.6753844e-01   2.3688270e-01   4.3103794e-01  -6.8107029e-03  -4.9102580e-03  -3.7172758e-03
   1.8405225e-01   2.8657122e-01   4.5872593e-01  -7.9638647e-03  -5.1163598e-03  -3.7480340e-03
   1.7551687e-01   2.3822241e-01   4.2730403e-01  -6.9389078e-03  -4.9132085e-03  -3.7455295e-03
   1.8021421e-01   2.6597124e-01   4.7030205e-01  -8.0438357e-03  -5.1933890e-03  -3.7883830e-03
   1.7532243e-01   2.5052629e-01   4.5110322e-01  -7.5397917e-03  -5.1422643e-03  -3.7599283e-03
   1.7006321e-01   2.4669571e-01   4.2985336e-01  -7.2299810e-03  -5.1518355e-03  -3.8013176e-03
   1.7724523e-01   2.7163945e-01   4.7497960e-01  -7.8796590e-03  -5.1418633e-03  -3.8346424e-03
   1.7538679e-01   2.3426197e-01   4.6010907e-01  -6.7993667e-03  -5.0601878e-03  -3.7280984e-03
   1.7369929e-01   2.7714741e-01   4.7824393e-01  -7.6010456e-03  -5.0338216e-03  -3.6993000e-03
   1.6719109e-01   2.7088321e-01   4.5105361e-01  -7.1782585e-03  -4.9532744e-03  -3.6990994e-03
   1.7670541e-01   2.7037392e-01   4.5390602e-01  -7.4632966e-03  -4.9193810e-03  -3.7690501e-03
   1.8263455e-01   3.1296368e-01   4.6646999e-01  -7.5239013e-03  -5.2285379e-03  -3.6862578e-03
   1.7393000e-01   2.4355524e-01   4.1436854e-01  -6.8045537e-03  -5.2349846e-03  -3.9431597e-03
   1.7362204e-01   3.0411332e-01   4.6955040e-01  -8.2431206e-03  -5.2142432e-03  -4.2109599e-03
   1.8077049e-01   2.4116930e-01   4.6046343e-01  -7.3334925e-03  -5.3477419e-03  -4.0602059e-03
   1.7519800e-01   2.8401601e-01   4.7792141e-01  -8.1664849e-03  -5.2876019e-03  -4.0141651e-03
   1.5339949e-01   2.6731878e-01   4.2513643e-01  -7.4600041e-03  -5.0789038e-03  -4.2374473e-03
   1.5133243e-01   2.6979254e-01   4.4862031e-01  -7.6645248e-03  -5.0910940e-03  -4.0820397e-03
   1.5626395e-01   3.3060025e-01   4.8157458e-01  -8.8342669e-03  -5.2282210e-03  -4.0372470e-03
   1.5151895e-01   2.9355205e-01   4.6319473e-01  -8.2116685e-03  -5.0933841e-03  -3.9554238e-03
   1.4889015e-01   3.1775439e-01   4.8138558e-01  -8.9498798e-03  -5.2242740e-03  -3.9100675e-03
   1.5140238e-01   3.0184990e-01   4.4889746e-01  -8.6091494e-03  -5.1654687e-03  -4.0347896e-03
   1.6389459e-01   2.8551851e-01   4.6890274e-01  -8.3051739e-03  -5.2954422e-03  -3.8790107e-03
   1.6558365e-01   2.8268270e-01   4.8242279e-01  -8.0734260e-03  -5.1841166e-03  -3.9713847e-03
