   0.0000000e+00   0.0000000e+00   0.0000000e+00   0.0000000e+00   0.0000000e+00   0.0000000e+00
   8.9233797e-03  -7.9220844e-03  -1.9610317e-02   3.9694110e-04   8.8422020e-05   9.8884036e-05
   3.5314265e-02  -1.8826634e-03   1.4351452e-02   3.2511187e-04   3.7780559e-04   8.1719167e-04
   1.0779064e-01   1.5281239e-02  -1.8177884e-02   3.5884604e-04   1.3234864e-03   2.1108421e-03
   1.3378468e-01   3.1389480e-03  -8.8204685e-02   1.0283126e-03   1.5299546e-03   2.8477849e-03
   1.2472151e-01   2.6571150e-03  -7.6260204e-02   1.1976136e-03   1.5137924e-03   2.8531282e-03
   1.3361893e-01  -3.6642196e-04  -5.9478830e-02   1.8542899e-03   1.4443439e-03   3.1130319e-03
   1.3293615e-01   5.0746874e-03  -7.4821384e-02   1.8760394e-03   1.5853110e-03   3.0554886e-03
   1.4023932e-01  -1.5601422e-04  -7.9225584e-02   1.9003426e-03   1.7685567e-03   3.2655790e-03
   1.5762453e-01  -1.5999957e-02  -7.0230983e-02   2.5348308e-03   1.7665879e-03   3.4321335e-03
   1.3722687e-01  -6.4673013e-03  -5.8118601e-02   2.5614423e-03   1.6777296e-03   3.1920249e-03
   1.3558220e-01   7.7235235e-03  -4.0537953e-02   2.0975148e-03   1.6611632e-03   3.2232223e-03
   1.5072363e-01  -5.2552701e-03  -7.1427738e-02   2.3673718e-03   1.7617814e-03   3.4430496e-03
   1.5318217e-01  -1.8611809e-02  -8.1464710e-02   2.7231525e-03   1.7516321e-03   3.5388444e-03
   1.4407917e-01   7.0438657e-03  -5.5501612e-02   2.2225846e-03   1.8243940e-03   3.3293880e-03
   1.6751005e-01   1.1873819e-03  -8.1442973e-02   2.6364217e-03   2.2495747e-03   3.7856417e-03
   1.7684837e-01  -5.6763400e-03  -1.0326446e-01   3.4870240e-03   2.3153768e-03   3.9820150e-03
   1.8773508e-01  -2.2692903e-02  -1.1493692e-01   3.7611019e-03   2.5245815e-03   4.5708514e-03
   1.8052681e-01  -4.4367473e-03  -8.3374772e-02   3.0893785e-03   2.6964990e-03   4.4437752e-03
   2.0548631e-01   2.5150979e-04  -8.1787688e-02   3.5550526e-03   2.5815610e-03   4.7128990e-03
   2.2032237e-01  -1.9489463e-02  -5.7266982e-02   2.8418257e-03   2.2272427e-03   4.6554648e-03
   2.0401687e-01   2.7692058e-02  -6.4240525e-02   2.5729607e-03   2.4710351e-03   4.4282724e-03
   1.9357609e-01   1.3471877e-02  -4.5582418e-02   2.8635706e-03   2.4746342e-03   4.3026646e-03
   2.0328523e-01   2.6656741e-02  -7.7309307e-02   3.2357493e-03   2.8415057e-03   4.3726953e-03
   2.0604545e-01   1.3698136e-02  -7.6333731e-02   2.6514433e-03   3.0724430e-03   4.5930243e-03
   2.0608655e-01   1.9098319e-02  -3.6086833e-02   2.1951211e-03   3.0117956e-03   4.4127749e-03
   1.9881518e-01   9.2886238e-03  -5.6266595e-02   2.8631773e-03   2.8721838e-03   4.4320124e-03
   1.7742480e-01  -8.5160752e-04  -6.3663084e-02   3.1653415e-03   3.1206967e-03   4.3229174e-03
   1.7791725e-01   1.9195366e-02  -3.4562627e-02   2.6924542e-03   3.2515981e-03   4.2493843e-03
   1.8380956e-01   2.9389903e-02  -5.0031724e-02   2.6285456e-03   3.3131263e-03   4.2080280e-03
   1.8048023e-01   2.5924117e-02  -4.2740129e-02   2.2517618e-03   3.4927182e-03   4.3292953e-03
   1.8815475e-01   3.0813403e-02  -2.4897305e-02   2.2594171e-03   3.8194578e-03   4.3978604e-03
   1.9074474e-01   3.3828885e-02  -2.5646408e-02   2.4540068e-03   3.6571162e-03   4.2912502e-03
   1.8440901e-01   1.2390445e-02  -5.6376589e-02   3.0897449e-03   3.7004022e-03   4.3901868e-03
   1.8810510e-01   3.8466290e-02  -1.8062559e-02   2.7615027e-03   3.8201531e-03   4.4256110e-03
   1.9235112e-01   4.7247903e-02  -2.6246499e-02   2.6352931e-03   3.9007623e-03   4.4849610e-03
   2.0081720e-01   3.2980151e-02  -4.4338116e-02   2.5204754e-03   4.2074483e-03   4.7690752e-03
   2.1312320e-01   4.5689673e-02  -1.0360297e-02   2.3027762e-03   4.0432773e-03   4.8202968e-03
   2.1756089e-01   4.2575054e-02  -5.1778664e-02   2.5620746e-03   3.8620404e-03   4.7169742e-03
   1.9927721e-01   3.5704920e-02  -6.0062737e-02   2.7626200e-03   4.1047988e-03   4.6628868e-03
   1.9775180e-01   4.9595832e-02  -2.7162271e-02   2.1521530e-03   4.0565808e-03   4.6255580e-03
   2.0368324e-01   6.8595399e-02  -1.9054297e-02   2.7180767e-03   3.8246810e-03   4.7160146e-03
   1.9272835e-01   3.7907577e-02  -2.8107941e-03   2.3247491e-03   3.8972665e-03   4.4004928e-03
   1.9132752e-01   2.5464196e-02   1.9385522e-03   2.6693770e-03   3.8769441e-03   4.6136083e-03
   2.2725430e-01   4.9102908e-02   7.1178863e-03   1.7694711e-03   4.1249399e-03   5.0733051e-03
   2.2066596e-01   4.9399689e-02  -6.3631152e-03   1.6002410e-03   4.1574712e-03   4.9111127e-03
   2.1491039e-01   3.0969667e-02  -9.1224652e-03   1.7634953e-03   4.2750262e-03   4.9351185e-03
   2.2852812e-01   3.9374477e-02   5.9454066e-03   2.0798841e-03   4.1889912e-03   5.0052353e-03
   2.3020825e-01   3.2970724e-02  -3.3010560e-02   2.4216697e-03   4.1960269e-03   5.0629601e-03
   2.2970764e-01   3.6541460e-02  -3.5715209e-02   2.1102731e-03   4.4746551e-03   5.2872404e-03
   2.3204383e-01   5.0641308e-02  -4.8823200e-03   2.0551279e-03   4.3491121e-03   5.2355992e-03
   2.3610007e-01   3.3285920e-02  -3.9927254e-02   2.6697209e-03   4.3827152e-03   5.3302667e-03
   2.2166067e-01   1.1594790e-02  -2.3664173e-02   3.0189825e-03   4.3702321e-03   5.3845548e-03
   2.2855527e-01   5.3155899e-02   1.0036401e-02   2.0527114e-03   4.3073068e-03   5.3003477e-03
   2.2534344e-01   3.8253546e-02  -3.0873173e-03   2.1294141e-03   4.3066170e-03   5.3262511e-03
   2.2069817e-01   1.8666820e-02   5.8182469e-03   2.3910600e-03   4.4019980e-03   5.2581526e-03
   2.3031773e-01   4.7393689e-02   3.3096535e-02   2.4646894e-03   4.1928659e-03   5.3860821e-03
   2.2160208e-01   3.4118514e-02   8.4484475e-03   2.7639056e-03   4.3260906e-03   5.4620948e-03
   2.2035983e-01   3.2797184e-02   3.0219041e-02   2.2473416e-03   4.4638087e-03   5.4382468e-03
   2.2589822e-01   5.3004655e-02   2.5605653e-02   1.9462607e-03   4.4274813e-03   5.3841994e-03
   2.3571430e-01   3.6554980e-02  -3.3180538e-03   2.0884764e-03   4.6644807e-03   5.6273313e-03
   2.8471447e-01   6.4574679e-02   1.9205258e-02   1.9891175e-03   4.6347917e-03   6.7297344e-03
   3.0518602e-01   5.2744008e-02  -7.6736247e-03   2.2437447e-03   4.9542855e-03   7.0982339e-03
   3.0292957e-01   3.8040555e-02  -2.3620720e-02   2.6214392e-03   5.1742692e-03   7.0046325e-03
   2.9280582e-01   5.4988114e-02  -1.0394147e-02   2.8035196e-03   5.1653031e-03   6.7914090e-03
   2.8049750e-01   4.8129390e-02  -1.6709388e-03   2.2223937e-03   5.1008707e-03   6.3278051e-03
   2.7892176e-01   3.3614876e-02  -2.5377244e-02   2.3192919e-03   5.0981041e-03   6.4294860e-03
   2.7284427e-01   4.7424513e-02   1.0808652e-02   1.9816731e-03   5.1133677e-03   6.3793581e-03
   2.7982748e-01   4.4457458e-02   1.3780703e-02   2.2101672e-03   5.0996783e-03   6.2866899e-03
   2.8069401e-01   4.6333209e-02  -1.3245905e-03   2.4416146e-03   5.1416479e-03   6.2419906e-03
   2.8162917e-01   4.7056889e-02  -1.3481757e-02   2.5008675e-03   5.3407762e-03   6.3703843e-03
   3.0659701e-01   7.2666661e-02   2.7298528e-03   1.5428363e-03   4.9894372e-03   6.6378673e-03
   3.0846530e-01   6.4015092e-02  -2.0544583e-02   1.7691532e-03   5.0806612e-03   6.6716888e-03
   3.0424110e-01   6.1054954e-02  -2.8296546e-02   2.1482262e-03   5.0487438e-03   6.6139703e-03
   3.1514762e-01   5.5893584e-02  -8.6607209e-03   2.2609867e-03   5.0985352e-03   6.6004217e-03
   3.1134414e-01   5.7998847e-02  -1.3843402e-02   2.0390442e-03   5.1872261e-03   6.4230968e-03
   3.0016918e-01   6.1185742e-02  -8.8101710e-03   1.9772355e-03   5.2223956e-03   6.3859107e-03
   3.0288055e-01   4.4868952e-02  -1.5160824e-02   2.5082007e-03   5.2243422e-03   6.4266622e-03
   3.1171493e-01   6.7336526e-02   8.6942966e-03   2.9310050e-03   5.0637328e-03   6.4950185e-03
   3.0845982e-01   5.5267415e-02   2.2027807e-03   2.6976237e-03   5.1285383e-03   6.3606408e-03
   3.0308958e-01   4.8255500e-02  -1.4278026e-03   2.2028267e-03   5.4373314e-03   6.4633444e-03
   3.0428957e-01   5.7394555e-02   4.2252382e-02   2.0616986e-03   5.0725264e-03   6.3221576e-03
   3.3334199e-01   5.2359216e-02   4.3588048e-02   2.1637350e-03   4.6769429e-03   7.2194959e-03
   3.5993659e-01   4.5952827e-02   3.3520743e-02   2.3506319e-03   4.3079301e-03   7.8433838e-03
   3.3442652e-01   5.1329414e-02   5.0121203e-02   1.9666583e-03   4.2800840e-03   7.4041837e-03
   3.3025694e-01   6.8622243e-02   6.2128654e-02   1.4871521e-03   4.2443309e-03   7.1620174e-03
   3.2456272e-01   6.2556356e-02   3.2333159e-02   2.1795531e-03   4.1807019e-03   7.1593181e-03
   3.2305125e-01   7.6293458e-02   5.6969352e-02   1.6966361e-03   4.3257439e-03   6.9847567e-03
   3.3068545e-01   9.4135600e-02   3.0758039e-02   2.4103403e-03   4.1323417e-03   7.0057120e-03
   3.2931018e-01   8.8148798e-02  -1.0787173e-02   1.9862444e-03   4.2299301e-03   6.9156353e-03
   3.3071416e-01   7.8260504e-02   3.8676657e-04   1.7619164e-03   4.3480783e-03   6.7977870e-03
   3.2584844e-01   8.4108395e-02   4.4286270e-02   1.9987996e-03   4.1974090e-03   6.5904125e-03
   3.2703612e-01   8.6513237e-02   2.5563338e-02   1.9177763e-03   4.3133926e-03   6.3905047e-03
   3.2851356e-01   6.3991450e-02   1.8317457e-02   1.9732607e-03   4.4349043e-03   6.3909675e-03
   3.4530768e-01   8.5223495e-02   4.7385768e-02   1.3368912e-03   4.3672018e-03   6.7311301e-03
   3.4008046e-01   7.3927165e-02   4.4172339e-02   1.4465829e-03   4.3313270e-03   6.4032896e-03
   3.3161739e-01   6.2665519e-02   4.3659932e-02   1.9183263e-03   4.4765594e-03   6.4844547e-03
   3.2847174e-01   8.8887622e-02   4.6826926e-02   1.4470381e-03   4.4064195e-03   6.5288224e-03
   3.2966760e-01   9.0144853e-02   3.9063397e-02   1.1598961e-03   4.2923093e-03   6.3571124e-03
   3.2282730e-01   7.2440584e-02   2.8778427e-02   1.3902442e-03   4.4819183e-03   6.4169701e-03
   3.2416974e-01   8.3699175e-02   7.4026273e-02   8.1180322e-04   4.2783615e-03   6.2078385e-03
   3.2380755e-01   7.4284224e-02   5.6945892e-02   1.3862883e-03   4.1045493e-03   6.1980248e-03
   3.2363824e-01   6.6550336e-02   4.7048762e-02   1.6629644e-03   4.2676380e-03   6.3552444e-03
   3.2254980e-01   9.2244918e-02   6.1628863e-02   8.5941946e-04   4.5483548e-03   6.2304843e-03
   3.2417233e-01   9.9308667e-02   5.6728529e-02   6.5012409e-04   4.4191149e-03   6.3216931e-03
   3.2444781e-01   9.8981792e-02   2.0303816e-02   9.2274083e-04   4.4159196e-03   6.3085734e-03
   3.2236551e-01   1.0727458e-01   3.2040667e-02   1.1810547e-03   4.4753605e-03   6.3401092e-03
   3.3462325e-01   1.2126858e-01   6.8522706e-02   1.1655752e-03   4.5529508e-03   6.4078858e-03
   3.3788372e-01   1.0932951e-01   3.9749834e-02   1.1700272e-03   4.6295584e-03   6.5994915e-03
   3.4095189e-01   1.0484044e-01   3.8508474e-02   1.0359403e-03   4.5259808e-03   6.7517011e-03
   3.3968224e-01   1.1546635e-01   7.3739424e-02   7.4352021e-04   4.2625129e-03   6.4187181e-03
   3.4340739e-01   1.1417586e-01   1.8181051e-02   1.3740628e-03   4.3804038e-03   6.3748891e-03
   3.3786044e-01   9.2890316e-02  -9.6060773e-03   9.8283859e-04   4.7149169e-03   6.5623249e-03
   3.3459765e-01   1.1892424e-01   3.4262381e-02   6.3817646e-04   4.6684208e-03   6.2525415e-03
   3.2567743e-01   1.0516093e-01   4.2214091e-02   6.9933674e-04   4.4952091e-03   6.0573222e-03
   3.2610555e-01   7.7835480e-02   3.7887485e-02   9.2081885e-04   4.5856556e-03   6.1219474e-03
   3.4061879e-01   9.7178585e-02   7.0909077e-02   7.5636180e-04   4.4618539e-03   6.2775768e-03
   3.8025854e-01   1.0093146e-01   6.5827405e-02   5.1222540e-04   4.5141674e-03   6.6013750e-03
   3.8397712e-01   7.5283782e-02   1.9143245e-02   1.0267167e-03   4.8395018e-03   6.8697446e-03
   3.6744536e-01   9.7599942e-02   3.0451334e-02   2.0090254e-04   4.6500435e-03   6.6611520e-03
   3.7123879e-01   1.3194952e-01   3.8804215e-02   1.8973733e-04   4.4727476e-03   6.7327601e-03
   3.7072495e-01   1.0665186e-01   9.6427276e-03   8.6915585e-04   4.3113173e-03   6.5573911e-03
   3.6296795e-01   9.7955096e-02   3.4066311e-02   1.1447070e-03   4.4045853e-03   6.5530554e-03
   3.6494712e-01   1.0681850e-01   5.0828660e-02   5.6631039e-04   4.4372180e-03   6.5149683e-03
   3.6937258e-01   1.0752980e-01   4.2411958e-02   3.9072725e-04   4.3799329e-03   6.4843583e-03
   3.7497022e-01   9.6823480e-02   1.4161901e-02   1.0297182e-03   4.4912164e-03   6.6728424e-03
   3.7779670e-01   9.3610898e-02   2.1621106e-02   1.0996451e-03   4.5949449e-03   6.7155185e-03
   3.7591399e-01   1.0185758e-01   5.7441729e-02   8.9912200e-04   4.4656733e-03   6.5304115e-03
   3.7427044e-01   1.0217070e-01   6.3726764e-02   9.3315801e-04   4.3504289e-03   6.3785406e-03
   3.6109850e-01   8.1044446e-02   4.7351948e-02   1.1387402e-03   4.5265647e-03   6.4439911e-03
   3.5525862e-01   7.7694563e-02   7.0505500e-02   8.2761283e-04   4.6659814e-03   6.3358191e-03
   3.6585758e-01   1.0227289e-01   4.9082196e-02   1.1412016e-03   4.4731098e-03   6.3730411e-03
   3.7254086e-01   7.3175627e-02   3.4106772e-02   4.0380562e-04   4.8770110e-03   6.4883085e-03
   3.7801528e-01   9.6850665e-02   4.5121861e-02   3.8960618e-04   4.9239202e-03   6.5111768e-03
   3.8504267e-01   1.1312757e-01   5.5225656e-02   2.1851855e-04   4.7024915e-03   6.2067134e-03
   3.7062328e-01   1.1488901e-01   4.5352310e-02   4.5281466e-04   4.6894909e-03   6.1683729e-03
   3.8200447e-01   9.2889898e-02  -1.0828102e-01   1.0087767e-03   3.2297843e-03   4.7632129e-03
   3.4661021e-01   1.6442232e-01  -1.5825204e-01  -6.0476690e-04   4.0255592e-03   4.3504512e-03
   3.3541643e-01   1.8585778e-01  -7.5438884e-02  -8.4516079e-04   3.9087205e-03   4.1123834e-03
   3.3256726e-01   1.7859188e-01  -6.7804003e-02  -2.2593413e-04   3.8651194e-03   3.8326154e-03
   3.1901706e-01   1.6358480e-01  -4.9192189e-02  -1.2800071e-05   3.9339158e-03   3.9174861e-03
   3.1711097e-01   1.8214638e-01  -3.7965240e-02  -1.4176459e-04   3.9584099e-03   3.8070386e-03
   3.2003002e-01   2.0793264e-01  -1.1320261e-02  -9.7100740e-04   3.7819598e-03   3.6950555e-03
   3.1229736e-01   1.9835665e-01  -4.5320144e-02   3.3900502e-04   3.8529803e-03   3.9734709e-03
   3.1512006e-01   1.9773035e-01  -2.4918545e-03  -5.8474456e-04   3.8708528e-03   3.5490601e-03
   3.1954223e-01   2.0465593e-01   2.4654408e-02  -8.1094657e-04   3.6734060e-03   3.5188941e-03
   3.2148020e-01   1.9797879e-01  -1.6228600e-03  -9.8940697e-04   3.6381363e-03   3.5696261e-03
   3.1419826e-01   2.2332197e-01  -2.2988510e-02  -3.0458056e-03   3.8784465e-03   3.5856475e-03
   3.1456564e-01   2.7223586e-01  -1.6793820e-02  -4.1206900e-03   3.3346153e-03   3.8369130e-03
   2.9046861e-01   2.2839985e-01  -1.1185552e-02  -3.0563684e-03   3.3059752e-03   3.6620649e-03
   2.8197636e-01   2.8441598e-01  -7.1173316e-04  -4.4548988e-03   1.6006082e-03   3.4248704e-03
   2.4861830e-01   2.7367631e-01   2.5130322e-02  -1.4395703e-03   1.7689917e-04   3.7065225e-03
   2.3263069e-01   2.8204979e-01  -1.4406910e-02  -1.2687339e-03   8.3935538e-04   3.6851142e-03
   2.2155395e-01   2.6548124e-01   6.8192139e-03  -1.3215206e-03   1.0186169e-03   3.5880736e-03
   2.0689584e-01   2.6649916e-01   5.6953218e-02  -1.8697436e-03   9.3868802e-04   3.0221984e-03
   1.9803059e-01   2.9097212e-01   7.3088358e-02  -2.3505411e-03   7.8260457e-04   2.6697889e-03
   1.9236546e-01   2.8866824e-01   4.6083186e-02  -2.4789883e-03   7.2245526e-04   2.2988185e-03
   1.8349321e-01   2.8598141e-01   6.4112928e-02  -2.2665295e-03   3.4656419e-04   2.2922489e-03
   1.8123436e-01   2.9375147e-01   9.8358250e-02  -2.3819736e-03   4.1107327e-04   2.1404625e-03
   1.8196363e-01   2.9919700e-01   1.2170463e-01  -2.9395854e-03   6.1407763e-04   1.9338425e-03
   1.6434205e-01   2.6865594e-01   9.8005914e-02  -2.9167871e-03   4.6168165e-04   1.7526494e-03
   1.6480216e-01   2.8697793e-01   1.0156985e-01  -3.4501064e-03   5.6406082e-04   1.8612285e-03
   1.7067455e-01   3.1308020e-01   1.3580427e-01  -3.3146386e-03   4.3972855e-04   1.8382167e-03
   1.7026936e-01   3.0376481e-01   1.1765735e-01  -3.5104199e-03   3.9118765e-04   1.9226057e-03
   1.6427430e-01   3.0154656e-01   1.2464995e-01  -3.9022850e-03   4.1991584e-04   1.9300546e-03
   1.7257601e-01   3.3560667e-01   1.3888921e-01  -4.3316933e-03   3.8845018e-04   1.7620643e-03
   1.7841180e-01   3.2875600e-01   1.1556060e-01  -3.4519850e-03   2.9568607e-04   1.8286200e-03
   1.7276741e-01   3.3581200e-01   1.5414962e-01  -4.1828113e-03   1.1630356e-04   1.5789538e-03
   1.6453259e-01   3.4068637e-01   1.6136678e-01  -4.6142946e-03   3.6131082e-04   1.6705447e-03
   1.6111383e-01   3.5020232e-01   2.0464526e-01  -5.3195108e-03   4.1545007e-04   1.5819387e-03
   1.7369165e-01   3.5461958e-01   2.0275191e-01  -5.1842904e-03   1.5704322e-04   1.4478554e-03
   1.7711419e-01   3.3375674e-01   1.7534021e-01  -4.9941625e-03   4.7925638e-04   1.5721592e-03
   1.7524613e-01   3.4194600e-01   1.9004301e-01  -5.1877106e-03   5.9889385e-04   1.4592153e-03
   1.8047587e-01   3.6488878e-01   2.1361194e-01  -6.3748256e-03   4.8685096e-04   1.4105562e-03
   1.7806772e-01   3.6312240e-01   2.0172556e-01  -6.1388784e-03   3.1831664e-04   1.2879831e-03
   1.8704290e-01   4.1270443e-01   2.0183881e-01  -8.2930839e-03  -1.1936787e-03   1.0967991e-03
   1.8318742e-01   4.0025368e-01   5.4932996e-02  -1.1511003e-02  -2.9221708e-03   5.7640560e-04
   1.4713457e-01   4.0250536e-01   1.3405554e-01  -1.0889459e-02  -2.1489077e-03  -1.6755507e-04
   1.3057315e-01   4.3223508e-01   1.1853472e-01  -9.9806955e-03  -2.1077323e-03  -2.1059518e-04
   1.2891309e-01   4.2695907e-01   1.6041692e-01  -1.0295703e-02  -1.8466778e-03  -5.1914744e-04
   1.3137392e-01   4.3900240e-01   2.1440053e-01  -1.0282041e-02  -2.0240796e-03  -6.4912726e-04
   1.3042560e-01   4.4631129e-01   2.2025536e-01  -1.0021769e-02  -2.4120264e-03  -9.1672779e-04
   1.1944721e-01   4.1043775e-01   2.3398338e-01  -1.0318470e-02  -2.0544764e-03  -1.1185595e-03
   1.1059314e-01   4.2677859e-01   2.6527896e-01  -1.1020491e-02  -2.0983878e-03  -1.4061061e-03
   1.0467136e-01   4.3760835e-01   2.6438552e-01  -1.0364380e-02  -2.4046524e-03  -1.6611930e-03
   8.8025550e-02   4.1839471e-01   2.5271265e-01  -1.0075842e-02  -2.7684094e-03  -1.8439359e-03
   9.4557819e-02   4.3349008e-01   2.8861587e-01  -1.0823093e-02  -2.8145764e-03  -2.1750590e-03
   9.5556542e-02   4.4466424e-01   2.6140048e-01  -1.0590217e-02  -2.8673736e-03  -2.1203791e-03
   9.7336833e-02   4.3962139e-01   2.7451794e-01  -1.1436498e-02  -2.4333863e-03  -2.1366275e-03
   9.2187125e-02   4.5803328e-01   2.8296655e-01  -1.1749117e-02  -2.8567289e-03  -2.3083998e-03
   8.6741381e-02   4.6406778e-01   3.0136538e-01  -1.1951595e-02  -2.6951621e-03  -2.5927057e-03
   7.5173992e-02   4.5972964e-01   3.0886383e-01  -1.2186463e-02  -2.4899795e-03  -2.8332776e-03
   6.9667584e-02   4.5208806e-01   3.2515832e-01  -1.2584486e-02  -2.3676710e-03  -2.8731566e-03
   7.0941519e-02   4.6657966e-01   3.4544509e-01  -1.2496253e-02  -2.5747360e-03  -3.1058376e-03
   7.1705557e-02   4.6912694e-01   3.4662572e-01  -1.2509804e-02  -2.4529148e-03  -3.1221465e-03
   8.9352486e-02   4.7436174e-01   3.3574609e-01  -1.3055854e-02  -1.9114829e-03  -2.7260574e-03
   9.2331364e-02   4.7509780e-01   3.4888363e-01  -1.3774974e-02  -1.9161059e-03  -2.7198873e-03
   9.8594386e-02   4.9360384e-01   3.4555155e-01  -1.3663988e-02  -2.3029799e-03  -2.6725096e-03
   8.8505587e-02   4.8288071e-01   3.2413035e-01  -1.3114576e-02  -2.2576419e-03  -2.7346839e-03
   8.4026321e-02   4.9543823e-01   3.3750096e-01  -1.3547905e-02  -2.0751018e-03  -2.7944483e-03
   9.1653172e-02   5.2591666e-01   3.6110864e-01  -1.3974120e-02  -2.2352654e-03  -2.7915634e-03
   1.2135120e-01   4.7390629e-01   3.5306226e-01  -1.1894900e-02  -3.4546530e-03  -1.6203340e-03
   1.2123161e-01   5.1100726e-01   4.0016550e-01  -1.1629314e-02  -4.5382772e-03   9.3550636e-04
   1.1254519e-01   4.8926062e-01   3.6556619e-01  -1.2356874e-02  -3.8169325e-03  -1.0135599e-04
   9.6221754e-02   4.8906658e-01   3.4846801e-01  -1.2617824e-02  -3.6113126e-03  -2.7828588e-04
   9.8027087e-02   5.1869932e-01   3.9496184e-01  -1.3233280e-02  -4.2103956e-03  -3.6556648e-04
   7.9951589e-02   5.2081265e-01   3.9469137e-01  -1.3778101e-02  -3.9275171e-03  -1.0352407e-03
   7.9494008e-02   5.2175178e-01   3.7220843e-01  -1.3532775e-02  -3.9763534e-03  -9.2330312e-04
   6.7608841e-02   5.1924127e-01   3.9344930e-01  -1.3985531e-02  -4.2012946e-03  -1.4282259e-03
   6.1948377e-02   5.3931373e-01   4.1525057e-01  -1.4379279e-02  -4.6173445e-03  -1.8739022e-03
   6.4400632e-02   5.4933341e-01   4.2253028e-01  -1.4491097e-02  -4.2935924e-03  -2.0456386e-03
   7.4237086e-02   5.4604280e-01   4.0115883e-01  -1.4819219e-02  -4.1526180e-03  -1.6331801e-03
   8.6513865e-02   5.5613600e-01   4.2809782e-01  -1.5489104e-02  -4.1537060e-03  -1.7935337e-03
   1.0023811e-01   5.7389442e-01   4.1116405e-01  -1.4363454e-02  -4.5158365e-03  -1.7608083e-03
   1.0038839e-01   5.4883385e-01   3.7405359e-01  -1.4281751e-02  -4.4067782e-03  -1.4797378e-03
   1.1060519e-01   5.6248558e-01   3.9103149e-01  -1.4887830e-02  -4.3412456e-03  -1.5900522e-03
   1.1510719e-01   5.6378657e-01   3.7245409e-01  -1.5163989e-02  -4.3981057e-03  -1.6775706e-03
   1.0704749e-01   5.4996031e-01   3.6984360e-01  -1.5443621e-02  -4.4256038e-03  -1.8481191e-03
   1.1686576e-01   5.5106336e-01   3.8638344e-01  -1.5482098e-02  -4.4691684e-03  -1.8834706e-03
   1.1864953e-01   5.2950048e-01   3.4466604e-01  -1.4577591e-02  -4.5411413e-03  -1.6499988e-03
   1.0500303e-01   5.2746110e-01   3.8093981e-01  -1.5363936e-02  -4.5237514e-03  -2.0449554e-03
   1.0684190e-01   5.5162527e-01   3.9083881e-01  -1.5938188e-02  -4.4866665e-03  -2.1616098e-03
   1.1371309e-01   5.5678149e-01   3.5999035e-01  -1.5696870e-02  -4.6780667e-03  -2.2773881e-03
   1.1621001e-01   5.4980355e-01   3.6308578e-01  -1.5641136e-02  -4.4399318e-03  -2.0093422e-03
   1.3554740e-01   5.5529345e-01   3.8022381e-01  -1.5892751e-02  -4.6326199e-03  -1.8508882e-03
   1.3930170e-01   5.4579907e-01   3.5536434e-01  -1.5921738e-02  -4.6791063e-03  -1.6855784e-03
   1.4308260e-01   5.5531327e-01   3.4701198e-01  -1.6206395e-02  -4.4987218e-03  -1.6499165e-03
   1.5528236e-01   5.5591591e-01   3.5602264e-01  -1.6521743e-02  -4.3098271e-03  -1.7177448e-03
   1.5675301e-01   5.5500638e-01   3.2454545e-01  -1.6116224e-02  -4.1502139e-03  -1.4549629e-03
   1.5070327e-01   5.5909201e-01   3.4979425e-01  -1.5847461e-02  -4.0674065e-03  -1.5919468e-03
   1.5074802e-01   5.5882705e-01   3.3456661e-01  -1.5427551e-02  -4.2507560e-03  -1.6011005e-03
   1.5606099e-01   5.5580572e-01   3.0940209e-01  -1.5307007e-02  -3.9251353e-03  -1.7992625e-03
   1.4536291e-01   6.5083987e-01   3.0556253e-01  -1.5436987e-02  -2.5370417e-03  -1.7205509e-03
   1.5502272e-01   4.4732958e-01   1.0308413e-01  -1.2173303e-02  -5.0713413e-03   7.5548760e-04
   1.0947841e-01   4.4011874e-01   3.6400667e-02  -1.2212472e-02  -4.9591400e-03   1.1958385e-03
   1.3407692e-01   4.0418905e-01   9.4617076e-02  -1.3694037e-02  -4.6318902e-03   1.2984270e-03
   1.3153665e-01   4.5836972e-01   1.3785285e-01  -1.3847361e-02  -4.7798045e-03   9.0975598e-04
   1.2045017e-01   4.4957224e-01   1.3588487e-01  -1.3638075e-02  -4.7590453e-03   5.6893316e-04
   1.0563330e-01   4.1076563e-01   1.6156230e-01  -1.4358116e-02  -4.6231661e-03   6.1645272e-05
   1.1065538e-01   4.8275972e-01   1.9592292e-01  -1.4876684e-02  -4.6728772e-03  -2.7664530e-04
   9.7865767e-02   4.5596926e-01   1.5661088e-01  -1.4552606e-02  -4.5468932e-03  -4.1273457e-05
   9.7172615e-02   4.0674110e-01   2.0884535e-01  -1.4829122e-02  -4.8887626e-03  -3.1184422e-04
   8.1310235e-02   4.6315132e-01   2.0055107e-01  -1.4463072e-02  -4.9297413e-03  -6.0222701e-04
   7.0699460e-02   4.4475309e-01   2.4966941e-01  -1.4720599e-02  -4.6325822e-03  -5.5789949e-04
   7.2224145e-02   3.9697920e-01   2.9592837e-01  -1.5370904e-02  -4.7861551e-03  -8.6867113e-04
   6.3999373e-02   4.4047013e-01   2.9632081e-01  -1.5561762e-02  -4.7206301e-03  -9.3279004e-04
   5.8966056e-02   4.4312811e-01   3.0297402e-01  -1.6326131e-02  -4.5922280e-03  -1.0268722e-03
   6.6758214e-02   4.2601898e-01   3.3068106e-01  -1.6823629e-02  -4.5287252e-03  -1.1110076e-03
   5.9864745e-02   4.4501244e-01   3.0484893e-01  -1.6512098e-02  -4.6176703e-03  -1.0664893e-03
   6.8535184e-02   4.5525589e-01   3.3201799e-01  -1.7414590e-02  -5.2982771e-03   2.4080593e-04
   6.1879126e-02   4.5082675e-01   3.6762269e-01  -1.6909865e-02  -4.9252563e-03  -2.7547074e-04
   5.6992257e-02   4.7398541e-01   3.7537025e-01  -1.7066216e-02  -5.0482067e-03  -4.9258256e-04
   4.2467049e-02   4.7304801e-01   3.5540241e-01  -1.7357650e-02  -4.8708369e-03  -6.8538287e-04
   2.7627918e-02   4.9296331e-01   3.7365972e-01  -1.7931402e-02  -4.8989591e-03  -1.0986064e-03
   3.8494403e-02   4.8950350e-01   4.0559748e-01  -1.8013438e-02  -5.1895923e-03  -1.3541069e-03
   4.2500916e-02   4.6758383e-01   3.7212067e-01  -1.7554716e-02  -5.1240527e-03  -1.1563302e-03
   3.6745817e-02   4.9366267e-01   3.9950208e-01  -1.8166225e-02  -5.1107640e-03  -1.4194987e-03
   2.1514551e-02   4.7713337e-01   4.4384624e-01  -1.8993351e-02  -5.0410402e-03  -1.6038802e-03
   5.1671541e-03   4.6447978e-01   3.4597571e-01  -1.9796303e-02  -7.1803132e-03  -3.2058658e-03
  -2.4869008e-02   5.1816710e-01   4.2225632e-01  -2.0348763e-02  -6.6569388e-03  -2.8307075e-03
   7.8183655e-04   4.9781963e-01   4.8668421e-01  -2.1106048e-02  -6.2656788e-03  -3.0478045e-03
   1.8219087e-02   5.0365847e-01   5.1628090e-01  -2.0921916e-02  -6.1562404e-03  -2.7354975e-03
   7.5310106e-03   5.2878973e-01   5.6263134e-01  -2.0463708e-02  -5.9583756e-03  -2.3905915e-03
  -6.7447769e-03   5.0553165e-01   5.9318236e-01  -2.1052058e-02  -5.9835811e-03  -2.4755404e-03
  -6.7319030e-03   5.2615856e-01   6.0275102e-01  -2.1589301e-02  -5.7741657e-03  -2.8190437e-03
  -2.8430228e-02   5.6324695e-01   5.8785864e-01  -2.1113976e-02  -5.6284123e-03  -2.5013928e-03
  -3.2847279e-02   5.5984539e-01   6.2803147e-01  -2.2400736e-02  -5.4750134e-03  -2.7071341e-03
  -4.2229623e-02   5.5497735e-01   6.1605886e-01  -2.1880403e-02  -5.5956131e-03  -2.8215322e-03
  -4.1049475e-02   5.4283908e-01   6.0198874e-01  -2.2184512e-02  -5.6001123e-03  -2.7356369e-03
  -1.9869292e-02   5.6965891e-01   6.3249172e-01  -2.2464249e-02  -5.7487409e-03  -2.6793697e-03
  -3.6637677e-02   5.4860682e-01   6.2844875e-01  -2.2280168e-02  -5.8508086e-03  -2.7934507e-03
  -4.9007098e-02   5.3577551e-01   6.6318545e-01  -2.2592175e-02  -5.8069071e-03  -3.0243087e-03
  -3.3854995e-02   5.6331806e-01   6.9446616e-01  -2.3152990e-02  -5.7776431e-03  -3.0321000e-03
  -3.1304803e-02   5.4716922e-01   6.8856135e-01  -2.2971311e-02  -5.4467681e-03  -2.6712484e-03
  -3.8912357e-02   5.3531906e-01   7.1663514e-01  -2.4105461e-02  -5.4375322e-03  -2.9153815e-03
  -2.0809681e-02   5.7170278e-01   7.1388405e-01  -2.3451868e-02  -5.4821250e-03  -2.7134887e-03
  -1.5793234e-02   5.5026490e-01   6.9089033e-01  -2.3296353e-02  -5.4685777e-03  -2.4491385e-03
  -2.8243248e-03   5.4604454e-01   7.0611354e-01  -2.4050627e-02  -5.5124429e-03  -2.3420373e-03
   4.9186613e-02   5.9273062e-01   7.5568637e-01  -2.4430849e-02  -6.3698506e-03  -1.0567163e-03
  -7.5881408e-03   5.4775105e-01   7.1850871e-01  -2.1875380e-02  -6.0700790e-03  -1.0295324e-03
   3.7275590e-02   4.6007496e-01   7.1353930e-01  -2.1159550e-02  -5.7779956e-03   3.8047349e-03
   2.6374525e-02   4.9086588e-01   7.0816128e-01  -2.1431501e-02  -5.7868918e-03   3.0202685e-03
   3.0594374e-02   5.2398098e-01   7.4547926e-01  -2.1875222e-02  -6.1930876e-03   2.6791337e-03
   1.7376449e-02   5.1128280e-01   7.5759471e-01  -2.2312274e-02  -5.9595678e-03   2.1109976e-03
   3.1914343e-03   5.2298199e-01   7.5212782e-01  -2.2609996e-02  -5.8392666e-03   2.0079118e-03
   1.4645747e-02   5.3822078e-01   7.8897215e-01  -2.3733750e-02  -5.9695993e-03   1.7970202e-03
   2.4549566e-02   5.2136791e-01   7.8209240e-01  -2.3125264e-02  -6.1879788e-03   1.9295396e-03
   1.6310831e-02   5.2747597e-01   7.7698645e-01  -2.3023650e-02  -6.1017614e-03   1.9049181e-03
   1.1326498e-02   5.0750480e-01   8.1175891e-01  -2.2249772e-02  -6.3314439e-03   1.8916686e-03
   2.5346329e-02   5.2580188e-01   7.5146164e-01  -1.8611313e-02  -5.9402571e-03   1.7104921e-03
   2.7765005e-02   4.7003747e-01   7.4589660e-01  -2.0178574e-02  -5.7113175e-03   1.6965210e-03
   5.0276768e-02   4.9110746e-01   7.8166937e-01  -2.1313218e-02  -5.7668979e-03   1.5308896e-03
   6.6105582e-02   5.1251477e-01   7.4683620e-01  -2.1003168e-02  -6.0211223e-03   1.8275083e-03
   5.7390731e-02   4.9094921e-01   7.4622035e-01  -2.0583260e-02  -5.4984555e-03   1.9469871e-03
   6.7169435e-02   4.9573890e-01   7.8788298e-01  -2.1397178e-02  -5.4710219e-03   1.8645421e-03
   7.5349449e-02   5.1435605e-01   7.7846890e-01  -2.1683935e-02  -5.5563872e-03   1.6666111e-03
   8.6907780e-02   4.7098872e-01   7.5733372e-01  -2.1199608e-02  -5.5553525e-03   1.8620636e-03
   9.9054329e-02   4.7831997e-01   7.8696300e-01  -2.1942235e-02  -5.8647134e-03   1.8411760e-03
   1.0024586e-01   4.9439063e-01   8.0209620e-01  -2.2161350e-02  -5.4796314e-03   1.6163393e-03
   1.0391164e-01   4.6768059e-01   7.7000837e-01  -2.1885315e-02  -5.3800254e-03   1.9463330e-03
   9.8779274e-02   4.8594701e-01   7.9200815e-01  -2.3477626e-02  -5.5756352e-03   1.7347964e-03
   1.1320769e-01   5.0528427e-01   7.5580968e-01  -2.2845643e-02  -5.7064167e-03   1.7873787e-03
   1.1587576e-01   4.8087627e-01   7.5522539e-01  -2.2741233e-02  -5.6947589e-03   1.9886598e-03
   1.0956708e-01   4.7864237e-01   7.8066252e-01  -2.2914696e-02  -5.3880946e-03   2.0453183e-03
   1.0192168e-01   5.0766050e-01   8.0140274e-01  -2.3226353e-02  -5.5728365e-03   1.7828674e-03
   9.5733243e-02   5.1995510e-01   7.8657401e-01  -2.3080761e-02  -5.8072577e-03   1.7431085e-03
   9.4685763e-02   5.0180813e-01   7.7225642e-01  -2.2786830e-02  -5.8805134e-03   1.8264387e-03
   9.0323519e-02   4.9730785e-01   8.3142201e-01  -2.3139504e-02  -5.9049569e-03   1.9346486e-03
   1.0530549e-01   5.1079410e-01   8.7798881e-01  -2.3442322e-02  -5.5987461e-03   1.6380003e-03
   8.5158879e-02   5.3293373e-01   8.7971014e-01  -2.4068161e-02  -5.7231949e-03   1.9025008e-03
   7.3424937e-02   4.9473921e-01   8.7723948e-01  -2.3612903e-02  -5.4120157e-03   1.9167513e-03
   7.4856308e-02   5.1900474e-01   9.1080639e-01  -2.3937735e-02  -5.5063562e-03   1.9069546e-03
   6.4476484e-02   5.2524842e-01   9.2926242e-01  -2.3648493e-02  -5.3027124e-03   1.9320822e-03
   7.0780784e-02   5.1538049e-01   9.1026282e-01  -2.3888553e-02  -5.2398223e-03   1.9293732e-03
   7.6254791e-02   5.1832214e-01   9.0297514e-01  -2.4143565e-02  -5.0298892e-03   2.0643018e-03
   8.4233218e-02   5.3514184e-01   9.5768165e-01  -2.4406556e-02  -5.4317316e-03   2.0142213e-03
   1.0759091e-01   5.1195738e-01   9.1863427e-01  -2.4650789e-02  -5.1726891e-03   2.2979605e-03
   9.4813885e-02   5.2408530e-01   9.2385443e-01  -2.4544386e-02  -5.0729108e-03   2.2225447e-03
   8.0657329e-02   5.2100725e-01   9.1782917e-01  -2.4681765e-02  -4.8671921e-03   2.3819270e-03
   8.3419375e-02   5.3085479e-01   9.6168071e-01  -2.5771183e-02  -5.0763655e-03   2.2861055e-03
   8.2699019e-02   5.4065288e-01   9.5438932e-01  -2.5548271e-02  -5.3624159e-03   2.2994234e-03
   7.2383846e-02   5.2803660e-01   9.4521881e-01  -2.4964176e-02  -5.5250220e-03   2.3099516e-03
   8.2870313e-02   5.2431912e-01   9.9544268e-01  -2.5831290e-02  -5.7102142e-03   2.2863193e-03
   9.1316818e-02   5.2583697e-01   9.7178022e-01  -2.5726051e-02  -5.3981194e-03   2.2765886e-03
   1.0077090e-01   5.1430199e-01   9.3415440e-01  -2.5624773e-02  -5.4734743e-03   2.6442174e-03
   1.0223970e-01   5.4143519e-01   9.7225466e-01  -2.6924116e-02  -5.8642084e-03   2.3038907e-03
   1.1176487e-01   5.3439699e-01   9.4570662e-01  -2.6450834e-02  -6.1594246e-03   2.0747287e-03
   1.1627589e-01   5.0770067e-01   9.2670182e-01  -2.6148279e-02  -5.7453418e-03   2.5261610e-03
   1.3665707e-01   5.3393769e-01   9.6867829e-01  -2.7126979e-02  -5.8626563e-03   2.4651885e-03
   1.4001031e-01   5.2659315e-01   9.7512410e-01  -2.7118612e-02  -5.9333746e-03   2.4511845e-03
   1.3821675e-01   5.1038542e-01   9.3376479e-01  -2.6606443e-02  -6.0145428e-03   2.5375993e-03
   1.4767923e-01   5.1203176e-01   9.8427486e-01  -2.6355425e-02  -5.4183957e-03   2.7685602e-03
   1.5107200e-01   5.1656788e-01   1.0359063e+00  -2.7457753e-02  -5.3666643e-03   2.5213153e-03
   1.4495948e-01   5.0349474e-01   1.0092428e+00  -2.7768613e-02  -5.3088257e-03   2.5180819e-03
   1.3045148e-01   4.9434840e-01   1.0162478e+00  -2.7543958e-02  -5.4997241e-03   2.4282251e-03
   1.6440606e-01   4.9083725e-01   1.0094056e+00  -2.8017702e-02  -6.1964791e-03   3.1907762e-03
   1.3886075e-01   4.9698589e-01   1.0627658e+00  -2.8153612e-02  -6.0239817e-03   2.5038468e-03
   1.3393915e-01   4.9183264e-01   1.0196190e+00  -2.7987223e-02  -6.0840332e-03   2.5486031e-03
   1.3876277e-01   4.8591916e-01   1.0209071e+00  -2.8756313e-02  -5.9526956e-03   2.7250242e-03
   1.3670462e-01   4.9875529e-01   1.0360174e+00  -2.9402508e-02  -5.9877648e-03   2.6413719e-03
   1.4063440e-01   5.0636768e-01   1.0161071e+00  -2.8696761e-02  -6.0891222e-03   2.8494847e-03
   1.3999881e-01   5.0048407e-01   1.0152571e+00  -2.8160014e-02  -6.2358362e-03   3.0447084e-03
   1.3652320e-01   5.1076051e-01   1.0407838e+00  -2.8525412e-02  -6.1856810e-03   2.8563233e-03
   1.4462545e-01   5.1640436e-01   1.0455577e+00  -2.9358234e-02  -6.1706736e-03   2.6803105e-03
   1.4762957e-01   5.0846797e-01   1.0204791e+00  -2.8959240e-02  -6.1914432e-03   2.7536491e-03
   1.5583976e-01   5.0389836e-01   1.0524058e+00  -2.9810789e-02  -6.3425259e-03   2.7566307e-03
   1.5519281e-01   4.9972404e-01   1.0297578e+00  -2.9424508e-02  -6.7741958e-03   2.7241662e-03
   1.3741787e-01   4.8772820e-01   1.0192851e+00  -2.9160875e-02  -6.7247775e-03   2.6915772e-03
   1.4998768e-01   4.9731064e-01   1.0565812e+00  -3.0220620e-02  -6.5114317e-03   2.6376069e-03
   1.7672856e-01   4.9114518e-01   1.0171771e+00  -3.0205578e-02  -6.2604232e-03   2.9203459e-03
   1.7847669e-01   4.8519691e-01   9.8674064e-01  -3.0831403e-02  -6.1358086e-03   2.9255371e-03
   1.9198773e-01   5.0219391e-01   1.0185587e+00  -3.1671737e-02  -6.2203807e-03   2.8827658e-03
   2.0101156e-01   5.0392297e-01   1.0077048e+00  -3.1034720e-02  -6.6017528e-03   2.9704629e-03
   2.1620582e-01   4.8872184e-01   1.0031642e+00  -3.0277012e-02  -6.5243645e-03   3.5911686e-03
   2.0386918e-01   4.7640618e-01   1.0293340e+00  -3.0683715e-02  -6.6058330e-03   3.3649286e-03
   1.8783936e-01   4.8748473e-01   1.0310650e+00  -3.1083513e-02  -6.8223075e-03   3.0338840e-03
   1.7410113e-01   4.6274336e-01   1.0045822e+00  -3.0801917e-02  -6.0568292e-03   3.4163408e-03
   1.8587490e-01   4.7698435e-01   1.0356252e+00  -3.1444060e-02  -5.9170775e-03   3.2346843e-03
   1.8953628e-01   5.0021885e-01   1.0372695e+00  -3.1801856e-02  -6.0827004e-03   3.1367365e-03
   1.9353167e-01   5.0078521e-01   1.0085193e+00  -3.1335892e-02  -6.1723591e-03   3.1738176e-03
   2.2263059e-01   4.7161624e-01   9.9380615e-01  -3.1763932e-02  -5.1064475e-03   3.4371657e-03
   2.3429428e-01   4.7459279e-01   1.0163448e+00  -3.1701893e-02  -5.0285674e-03   3.4186969e-03
   2.3785871e-01   4.6267882e-01   1.0540745e+00  -3.2118278e-02  -5.3024730e-03   3.4124809e-03
   2.2686316e-01   4.5506988e-01   1.0505271e+00  -3.2139934e-02  -4.7583847e-03   3.3143766e-03
   2.2749099e-01   4.5711983e-01   1.0351906e+00  -3.2048941e-02  -4.9024782e-03   3.4729980e-03
   2.3603993e-01   4.7700197e-01   1.0563893e+00  -3.2418223e-02  -4.9881826e-03   3.7403226e-03
   2.4202314e-01   4.7472791e-01   1.0332944e+00  -3.2115795e-02  -5.1080013e-03   3.7434651e-03
   2.2387173e-01   4.6600690e-01   1.0753703e+00  -3.2216111e-02  -5.1506803e-03   3.5427290e-03
   2.1972424e-01   4.6633167e-01   1.1086031e+00  -3.2489940e-02  -5.3019943e-03   3.4428520e-03
   2.2038615e-01   4.7334263e-01   1.0948714e+00  -3.1349424e-02  -5.5479052e-03   3.7233272e-03
   2.1686532e-01   4.5951191e-01   1.0944005e+00  -3.2878080e-02  -4.8331697e-03   3.6662792e-03
   2.1869671e-01   4.7708468e-01   1.1162282e+00  -3.3547388e-02  -5.3214111e-03   3.4477322e-03
   2.2445876e-01   4.7323421e-01   1.0795767e+00  -3.2721540e-02  -5.3504878e-03   3.7680677e-03
   2.1811167e-01   4.6589770e-01   1.1017627e+00  -3.3021990e-02  -5.5415263e-03   3.7447883e-03
   2.1040359e-01   4.7312893e-01   1.1472353e+00  -3.3425267e-02  -5.8630089e-03   3.7907669e-03
   2.1147300e-01   4.7734856e-01   1.1246038e+00  -3.3407776e-02  -5.6704542e-03   3.5723811e-03
   2.1176320e-01   4.5415463e-01   1.1315971e+00  -3.3796224e-02  -5.4601646e-03   3.4809062e-03
   2.1955193e-01   4.7923839e-01   1.1575696e+00  -3.4716937e-02  -5.3598202e-03   3.4590262e-03
   2.2973765e-01   4.6379065e-01   1.1176143e+00  -3.4223286e-02  -5.4045076e-03   3.5238937e-03
   2.2729812e-01   4.5033482e-01   1.1096860e+00  -3.3816647e-02  -5.2477340e-03   3.6998772e-03
   2.2734723e-01   4.6189346e-01   1.1188729e+00  -3.4408518e-02  -5.0152041e-03   3.5929696e-03
   2.4150033e-01   4.8378429e-01   1.1203569e+00  -3.4898071e-02  -5.4141647e-03   3.7181960e-03
   2.5488284e-01   4.7829412e-01   1.1114237e+00  -3.4633987e-02  -5.1534073e-03   3.8379070e-03
   2.5459345e-01   4.7390993e-01   1.1378314e+00  -3.5252979e-02  -5.1199060e-03   3.5881597e-03
   2.6603838e-01   4.9896064e-01   1.1467168e+00  -3.6637417e-02  -5.3197226e-03   3.6894504e-03
   2.3530417e-01   4.5059814e-01   1.1281158e+00  -3.8897249e-02  -6.2155500e-03   4.0891290e-03
   2.3667543e-01   4.7964250e-01   1.1135752e+00  -3.8379027e-02  -6.1549133e-03   3.6384943e-03
   2.2561390e-01   4.8659492e-01   1.0759027e+00  -3.8302914e-02  -6.2926558e-03   3.5910120e-03
   2.1641026e-01   4.9238640e-01   1.1097598e+00  -3.6827910e-02  -6.4401201e-03   3.6438246e-03
   2.3798876e-01   5.1219441e-01   1.0796238e+00  -3.7865659e-02  -6.8671436e-03   2.5596710e-03
