   0.0000000e+00   0.0000000e+00   0.0000000e+00   0.0000000e+00   0.0000000e+00   0.0000000e+00
  -6.4958623e-02   2.7428642e-02   1.0947678e-01   1.6086678e-04  -1.8130597e-04  -1.0000776e-03
  -9.6611642e-02   1.7842164e-02   1.1450915e-01   1.9513820e-04  -9.0865069e-05  -1.5524254e-03
  -1.1504872e-01   1.4571799e-02   1.2795979e-01   4.4555788e-04  -2.1760496e-04  -1.8042638e-03
  -1.2450866e-01   1.3648737e-02   1.5797337e-01   1.0541797e-03  -5.2366980e-04  -1.9953842e-03
  -1.3520200e-01   2.5192969e-02   1.3404510e-01   1.8626312e-03  -6.2844623e-04  -1.9645906e-03
  -1.5995609e-01   1.9935653e-02   1.3339383e-01   1.7389130e-03  -5.9037917e-04  -2.1008328e-03
  -1.7729046e-01   2.7934755e-02   1.7723897e-01   9.2348540e-04  -1.0085998e-03  -2.5759288e-03
  -1.9426063e-01  -3.0698672e-04   1.6886835e-01   7.5213945e-04  -1.1292749e-03  -2.8912689e-03
  -1.9391505e-01  -3.0902377e-03   1.5661354e-01   1.1754450e-03  -1.1208600e-03  -2.7416088e-03
  -1.9125157e-01   2.4357063e-02   1.8500000e-01   1.2178327e-03  -1.0877328e-03  -2.7170295e-03
  -1.9243162e-01  -4.2785552e-03   1.5468657e-01   1.6351882e-03  -9.5732054e-04  -2.7410314e-03
  -1.8698746e-01   1.5466910e-02   1.5514804e-01   1.1979112e-03  -8.6071635e-04  -2.5880802e-03
  -1.8582757e-01   2.3600477e-02   1.6343347e-01   4.4012238e-04  -8.3586064e-04  -2.8189177e-03
  -1.9124026e-01   2.3868672e-03   1.1221242e-01   8.9510141e-04  -1.0608967e-03  -2.8728465e-03
  -1.6725240e-01   3.0869928e-02   1.2793777e-01   1.4242828e-03  -9.3681105e-04  -2.5335019e-03
  -1.5970336e-01   1.7820692e-02   1.5902404e-01   9.6449904e-04  -8.0824323e-04  -2.7460242e-03
   2.4952392e-01   1.2673968e-01  -4.1099638e-01  -2.4547482e-03   4.2406943e-04  -4.3854869e-04
   1.6627402e-01   2.8150943e-01  -5.8707147e-01  -3.8221056e-03  -4.1790061e-03  -3.8339756e-03
   1.3706412e-01   3.0152872e-01  -4.5949412e-01  -1.2120397e-03  -4.5450771e-03  -3.5124381e-03
   1.1193747e-01   2.8447095e-01  -4.1601508e-01   7.4473371e-04  -3.8091037e-03  -2.5642357e-03
   8.5771149e-02   3.1424937e-01  -3.3576660e-01   2.7493306e-03  -3.6549348e-03  -2.2037677e-03
   7.0867879e-02   2.7885738e-01  -3.3589878e-01   3.3182375e-03  -3.7048748e-03  -2.4903414e-03
   7.9797623e-02   2.5426896e-01  -3.2013092e-01   3.7364301e-03  -3.6922534e-03  -2.3047486e-03
   6.2009360e-02   2.6566742e-01  -2.5453093e-01   3.4258597e-03  -3.4293289e-03  -2.4676936e-03
   4.8908342e-02   2.6488026e-01  -2.5365720e-01   3.8520566e-03  -3.3993234e-03  -2.4757893e-03
   5.5861716e-02   2.5975813e-01  -2.5710424e-01   4.2404280e-03  -3.3168318e-03  -2.0776622e-03
   7.6433619e-02   2.6797106e-01  -2.1580971e-01   3.8489018e-03  -2.8909007e-03  -2.0039952e-03
   9.0316223e-02   2.6652967e-01  -2.5032981e-01   4.3316566e-03  -2.6369397e-03  -1.5497951e-03
   8.1976684e-02   2.4917068e-01  -2.2841725e-01   5.1379327e-03  -2.5871670e-03  -1.7897563e-03
   7.9601507e-02   2.6300983e-01  -1.8864811e-01   5.8304955e-03  -2.8012334e-03  -2.0416524e-03
   1.2767823e-01   2.2362248e-01  -4.2861716e-01   6.3423069e-03  -3.8044640e-03  -3.6361444e-03
   9.0784175e-02   1.7234275e-01  -3.3608472e-01   5.1312375e-03  -2.7948263e-03  -3.9196599e-03
   7.0804261e-02   2.0026358e-01  -2.2841355e-01   5.6223026e-03  -2.6173203e-03  -4.1580267e-03
   6.9066555e-02   1.6870988e-01  -2.3751143e-01   6.0337787e-03  -2.4228875e-03  -3.8477988e-03
   6.4164769e-02   1.5272484e-01  -2.5208903e-01   6.6638755e-03  -2.4716014e-03  -3.8848947e-03
   7.2325474e-02   1.8181432e-01  -2.3901458e-01   7.0528055e-03  -2.8071087e-03  -3.6563117e-03
   6.6030823e-02   1.7821974e-01  -2.4709867e-01   7.7171943e-03  -2.6544479e-03  -3.6492114e-03
   5.1570457e-02   1.7501935e-01  -2.2921529e-01   7.3855481e-03  -2.8362341e-03  -3.7824637e-03
   5.0137913e-02   1.8835862e-01  -1.9565455e-01   6.7781700e-03  -2.6786122e-03  -3.8723972e-03
   6.3757112e-02   1.7450056e-01  -2.3389295e-01   7.0694127e-03  -2.6760819e-03  -3.6743418e-03
   5.7780602e-02   1.8541348e-01  -2.2517615e-01   7.2485382e-03  -2.7445704e-03  -3.6752033e-03
   5.8332018e-02   2.0697911e-01  -2.3039045e-01   8.0117892e-03  -2.9633058e-03  -3.4018233e-03
   6.4898962e-02   1.9896344e-01  -2.6332748e-01   8.1224573e-03  -3.1608189e-03  -3.2289837e-03
   7.0326856e-02   1.9729713e-01  -2.1382505e-01   7.9895516e-03  -3.0930827e-03  -3.3895131e-03
   7.2448493e-02   1.7612927e-01  -2.1968450e-01   7.5303488e-03  -3.0662918e-03  -3.4468225e-03
   7.5242431e-02   1.6778563e-01  -2.3249641e-01   7.2065822e-03  -2.8317915e-03  -3.5399858e-03
   9.4076872e-02   2.2040781e-01  -2.2216808e-01   6.8305429e-03  -2.9625812e-03  -3.0038544e-03
   1.0644277e-01   2.3533300e-01  -2.1567624e-01   6.8505235e-03  -2.6212198e-03  -2.9743765e-03
   1.7106042e-01   1.7045508e-01  -5.7490488e-01  -5.2515022e-03  -4.1410612e-03  -3.1577133e-03
   1.4079432e-01   2.4943693e-01  -3.8568337e-01  -1.3825595e-03  -3.4436386e-03  -3.1401309e-03
   1.5766863e-01   1.9789041e-01  -3.9064248e-01  -1.3774548e-04  -3.1512926e-03  -2.7994751e-03
   1.6497395e-01   1.9201346e-01  -4.0103628e-01   6.9595051e-04  -2.7079347e-03  -2.7557406e-03
   1.5648494e-01   2.2281823e-01  -3.5259031e-01   1.3046123e-03  -2.7127556e-03  -2.6569049e-03
   1.5807338e-01   1.9719114e-01  -3.5624220e-01   1.0555369e-03  -2.7655157e-03  -2.6781312e-03
   1.5987621e-01   2.0654710e-01  -3.5535312e-01   1.2481729e-03  -2.7750503e-03  -2.6108026e-03
   1.6406064e-01   1.8430052e-01  -3.4212708e-01   1.4287922e-03  -2.6169496e-03  -2.4127908e-03
   1.7077461e-01   2.0681653e-01  -3.3113672e-01   1.7409256e-03  -2.4722887e-03  -2.3013265e-03
   1.8118971e-01   2.1233004e-01  -3.7009851e-01   2.1401152e-03  -2.4513312e-03  -2.0105109e-03
   1.8408731e-01   2.2431193e-01  -3.3453587e-01   1.4474458e-03  -2.0387376e-03  -2.1891460e-03
   1.9149048e-01   2.0612208e-01  -3.0865231e-01   1.9128422e-03  -1.7020728e-03  -2.2668445e-03
   1.7202887e-01   2.2374962e-01  -3.1748285e-01   2.1050360e-03  -1.6220188e-03  -2.4924639e-03
   1.8423873e-01   2.0650682e-01  -3.3177031e-01   1.7784023e-03  -1.3399773e-03  -2.4119361e-03
   2.2456024e-01   2.6035275e-01  -4.5057014e-01   1.6052061e-03  -1.8872002e-03  -1.4821446e-03
   1.8795110e-01   2.5197719e-01  -3.4621390e-01   3.3515895e-03  -3.1988603e-03  -2.0314081e-03
   2.2285553e-01   2.6345500e-01  -5.2861108e-01   2.9372183e-03  -4.2097788e-03  -3.2097986e-03
   1.5207983e-01   2.6516504e-01  -4.5185895e-01   2.9814843e-03  -3.2943348e-03  -3.8925858e-03
   1.1489081e-01   2.6714453e-01  -4.3508126e-01   3.4536425e-03  -3.4239852e-03  -4.1165918e-03
   9.8027564e-02   3.1379708e-01  -3.9499585e-01   3.4797697e-03  -3.3116992e-03  -4.5611430e-03
   8.8077360e-02   2.8659826e-01  -4.0160023e-01   3.1425785e-03  -3.1952507e-03  -4.7530820e-03
   9.2478055e-02   2.8077242e-01  -4.0051737e-01   3.3849744e-03  -2.6214236e-03  -4.6260246e-03
   7.8968868e-02   2.9906290e-01  -3.6469863e-01   3.1854529e-03  -2.4900395e-03  -5.1005132e-03
   7.6587977e-02   3.1101981e-01  -3.5827293e-01   3.0265337e-03  -2.3612408e-03  -5.2493592e-03
   7.1413599e-02   2.8029459e-01  -3.7534126e-01   2.6247778e-03  -2.4152483e-03  -5.2027032e-03
   7.0643079e-02   2.9073102e-01  -3.6107553e-01   2.9528475e-03  -2.5597988e-03  -5.1694433e-03
   7.3845044e-02   2.9357871e-01  -3.2240445e-01   2.4146413e-03  -2.2740762e-03  -5.3236339e-03
   6.7450051e-02   2.8068581e-01  -3.2467643e-01   1.7556926e-03  -2.4245561e-03  -5.4481099e-03
   6.5903080e-02   3.0507443e-01  -3.4029876e-01   1.2365853e-03  -2.4027020e-03  -5.4053886e-03
   7.5054119e-02   3.1271000e-01  -3.1908664e-01   1.4419503e-03  -2.4416020e-03  -5.4242731e-03
   7.5295733e-02   3.2509601e-01  -3.3310201e-01   2.4590616e-03  -2.7448141e-03  -5.3731232e-03
   6.7447226e-02   3.1297532e-01  -3.6070320e-01   1.9622051e-03  -2.2414331e-03  -5.3299623e-03
   7.4494577e-02   3.4835733e-01  -3.1958955e-01   1.9142607e-03  -2.0993145e-03  -5.6008346e-03
   7.5186546e-02   3.2982460e-01  -3.5054101e-01   1.8738353e-03  -2.4148010e-03  -5.6631561e-03
   8.0739964e-02   3.1988644e-01  -3.7034910e-01   2.0864062e-03  -2.6121626e-03  -5.6125917e-03
   8.5500749e-02   3.5513372e-01  -3.5217541e-01   1.6804821e-03  -2.2601755e-03  -5.5179884e-03
   8.3348727e-02   3.7498986e-01  -3.5179625e-01   2.2192939e-03  -2.4311254e-03  -5.7606872e-03
   8.9979089e-02   3.6260634e-01  -4.0486294e-01   5.6380561e-04  -2.6469454e-03  -5.7685498e-03
   1.2660928e-01   3.6731849e-01  -3.9541218e-01   5.6603209e-04  -2.5687336e-03  -5.2504852e-03
   1.4785782e-01   4.6894430e-01  -3.1493978e-01  -3.8364344e-03  -3.9814973e-03  -4.7606400e-03
   1.0285896e-01   4.2606370e-01  -2.0468171e-01  -2.5884688e-03  -2.9536374e-03  -5.5047495e-03
   9.5863086e-02   4.0981104e-01  -2.8288114e-01  -1.2751919e-03  -2.7875229e-03  -5.3539779e-03
   7.7572906e-02   3.9463555e-01  -2.8473734e-01  -7.5391542e-04  -2.9725651e-03  -5.5158447e-03
   6.7766542e-02   4.0691465e-01  -2.5213893e-01  -1.8426014e-05  -3.1129692e-03  -5.5554540e-03
   5.0745304e-02   3.8348567e-01  -2.7990498e-01   6.7021740e-04  -3.0520208e-03  -5.8761456e-03
   5.3981476e-02   3.8105179e-01  -2.8090489e-01   7.6423337e-04  -2.6436066e-03  -5.7335238e-03
   5.9847872e-02   4.2329256e-01  -2.4690929e-01   4.5840642e-04  -2.5955730e-03  -5.6576224e-03
   6.4564016e-02   4.0195024e-01  -2.8439197e-01   6.7203316e-04  -2.7366222e-03  -5.7138079e-03
   6.0029355e-02   3.7881800e-01  -2.8824045e-01   1.1669371e-03  -2.8426625e-03  -5.8415719e-03
   6.5409001e-02   4.0568936e-01  -2.5609634e-01   8.9472324e-04  -2.8608489e-03  -6.0289711e-03
   6.3882068e-02   3.8752195e-01  -3.0138204e-01   8.9429460e-04  -2.7571828e-03  -5.8491170e-03
   7.3116658e-02   3.9460794e-01  -2.9954531e-01   9.0617274e-04  -2.6582969e-03  -5.6721100e-03
   8.1316102e-02   4.1148505e-01  -2.7532326e-01   2.8453344e-04  -2.6997737e-03  -5.6488517e-03
   8.7281414e-02   3.9054325e-01  -3.1460562e-01   3.0581069e-04  -2.7557410e-03  -5.6387640e-03
   6.8310274e-02   3.7212278e-01  -2.9260053e-01   8.3235869e-04  -2.7228956e-03  -5.7664765e-03
   7.7317654e-02   4.0685603e-01  -2.7106706e-01   3.2569926e-05  -2.6202622e-03  -5.6443654e-03
   6.8147401e-02   3.9389767e-01  -2.8973938e-01   1.9010196e-04  -2.7047114e-03  -5.8095383e-03
   7.2307754e-02   3.9360325e-01  -3.0549337e-01   1.0597404e-03  -2.9444375e-03  -5.5606945e-03
   7.3314785e-02   4.1073667e-01  -2.5742145e-01   7.7456967e-04  -2.9116528e-03  -5.3649529e-03
   7.6133291e-02   3.9154038e-01  -2.6424638e-01   5.4900493e-04  -2.8958138e-03  -5.5767194e-03
   9.2127928e-02   3.8664438e-01  -2.7861270e-01  -1.3744468e-03  -2.4188756e-03  -5.2287920e-03
   5.4778494e-01   5.3655138e-01  -6.7537944e-01  -1.8712424e-02  -8.2386068e-04  -4.7920978e-03
   4.8773755e-01   6.5154784e-01  -4.7852972e-01  -1.0943667e-02  -1.6618709e-03  -4.5450677e-03
   4.1742365e-01   6.2858713e-01  -4.2464379e-01  -1.0671752e-02  -1.2087224e-03  -3.5037549e-03
   4.1846509e-01   6.3377972e-01  -4.4897007e-01  -9.3119828e-03  -4.5412014e-04  -2.1720873e-03
   3.6800907e-01   5.5867688e-01  -3.5868658e-01  -6.3709542e-03  -5.2972511e-04  -3.0285522e-03
   3.2407888e-01   6.0823379e-01  -2.9467156e-01  -6.4071155e-03  -6.3958294e-04  -3.4942860e-03
   3.1793912e-01   6.0048961e-01  -3.0352424e-01  -5.7080888e-03  -5.1644858e-04  -3.1267993e-03
   3.0536732e-01   6.0404260e-01  -2.5232487e-01  -5.2568078e-03  -6.7093071e-04  -3.1555452e-03
   2.7457823e-01   5.8032327e-01  -2.2921508e-01  -4.8381369e-03  -1.1760599e-03  -3.5342454e-03
   2.7135350e-01   5.9099365e-01  -1.8859996e-01  -4.9516504e-03  -1.2421127e-03  -3.7628855e-03
   2.4975718e-01   5.6789043e-01  -1.7853357e-01  -5.3762312e-03  -1.2029099e-03  -3.9662341e-03
   2.1928323e-01   5.8304063e-01  -1.5492249e-01  -4.9201995e-03  -1.6150165e-03  -4.2417569e-03
   2.2114578e-01   5.9968828e-01  -1.1469478e-01  -5.2100500e-03  -1.5905885e-03  -4.3827950e-03
   2.3541929e-01   5.8714117e-01  -1.5334873e-01  -4.6072341e-03  -1.5669593e-03  -4.0373170e-03
   2.1340274e-01   5.6801613e-01  -1.4925528e-01  -4.2671328e-03  -1.8059142e-03  -4.2632621e-03
   2.0623054e-01   5.6842726e-01  -1.2087743e-01  -4.1030417e-03  -2.1054173e-03  -4.5435119e-03
   1.9977106e-01   5.7634682e-01  -1.1630436e-01  -3.5134412e-03  -2.4158137e-03  -4.6643997e-03
   1.7125878e-01   5.6218650e-01  -1.0793159e-01  -3.7517010e-03  -2.1741312e-03  -4.8671023e-03
   1.6210313e-01   5.6872782e-01  -7.7811494e-02  -4.5241570e-03  -2.2434657e-03  -5.0451544e-03
   1.7043036e-01   5.6177203e-01  -5.6737409e-02  -4.7786122e-03  -2.3533495e-03  -4.9732769e-03
   1.8745097e-01   5.8001309e-01  -1.0477781e-01  -4.3201746e-03  -1.9419840e-03  -4.6661450e-03
   1.9349368e-01   5.5951507e-01  -8.5109471e-02  -4.0024857e-03  -1.8926781e-03  -4.2958773e-03
   1.8990789e-01   5.6483706e-01  -7.7638258e-02  -3.6952383e-03  -2.1623529e-03  -4.6360902e-03
   1.8107291e-01   5.4182031e-01  -1.0483983e-01  -3.2873505e-03  -2.4162198e-03  -4.6515272e-03
   1.8758609e-01   5.4412308e-01  -7.8098867e-02  -3.9269384e-03  -2.2642231e-03  -4.5843604e-03
   1.9678707e-01   5.5544272e-01  -8.9693535e-02  -3.9118334e-03  -2.1640722e-03  -4.5380413e-03
   1.9610760e-01   5.4202972e-01  -1.1249506e-01  -3.3123298e-03  -2.0757045e-03  -4.3711952e-03
   1.9831284e-01   5.9159292e-01  -8.5653367e-02  -3.5526744e-03  -2.2693038e-03  -4.3482132e-03
   2.2595819e-01   5.7432486e-01  -9.6577587e-02  -3.6310369e-03  -2.2630654e-03  -4.3197590e-03
   2.2729486e-01   5.5818711e-01  -9.6818772e-02  -3.8005664e-03  -2.2757235e-03  -4.3856501e-03
   2.4572047e-01   5.8069244e-01  -9.1067210e-02  -3.4155189e-03  -2.0279791e-03  -3.5307844e-03
   2.0681681e-01   5.6557777e-01  -4.8613666e-02  -4.1744164e-03  -2.1509499e-03  -4.3276304e-03
   2.0776756e-01   5.7593804e-01  -5.6021425e-02  -4.0158348e-03  -2.3261884e-03  -4.4059565e-03
   2.1286368e-01   5.6681454e-01  -8.5278673e-02  -4.1150198e-03  -2.3649190e-03  -4.3162808e-03
   2.0911285e-01   5.3142876e-01  -8.9468529e-02  -3.9089570e-03  -2.5392628e-03  -4.4561486e-03
   2.1278304e-01   5.3880304e-01  -5.4207059e-02  -3.3890276e-03  -2.7602026e-03  -4.4323489e-03
   2.1469649e-01   5.3176880e-01  -5.5013497e-02  -2.9437943e-03  -2.8221683e-03  -4.2703571e-03
   2.1368153e-01   5.2798122e-01  -8.1180641e-02  -2.5227630e-03  -2.7323529e-03  -4.0449883e-03
   2.0777579e-01   5.5390621e-01  -5.4690534e-02  -3.3261418e-03  -2.7237582e-03  -4.3113254e-03
   2.0511126e-01   5.5551472e-01  -4.9943925e-02  -3.4358614e-03  -2.7629307e-03  -4.5101742e-03
   2.0362302e-01   5.3005374e-01  -5.5247034e-02  -3.6266282e-03  -2.3251594e-03  -4.6225991e-03
   2.0184444e-01   5.4134750e-01  -3.7155765e-02  -3.6099715e-03  -2.5442161e-03  -4.6874058e-03
   2.2686092e-01   5.8607037e-01  -4.7276338e-02  -4.6966028e-03  -2.6484609e-03  -4.4675634e-03
   2.6227153e-01   5.3588315e-01  -6.0843858e-02  -3.3676098e-03  -2.5158978e-03  -3.7194116e-03
   2.4561400e-01   5.6197974e-01  -5.5389437e-02  -4.3373895e-03  -2.5558706e-03  -4.0850585e-03
   2.5225185e-01   5.9695881e-01  -4.8483889e-02  -4.4686962e-03  -3.0085825e-03  -3.6988712e-03
   2.3502456e-01   5.6278874e-01  -1.4762109e-02  -4.3837144e-03  -2.6506638e-03  -4.4221539e-03
   2.3192632e-01   5.3917308e-01  -3.5793187e-02  -3.6879983e-03  -2.7888816e-03  -4.5182352e-03
   2.3746449e-01   5.4731533e-01  -2.1353141e-02  -3.0171646e-03  -2.9623522e-03  -4.3130609e-03
   2.3695977e-01   5.4889386e-01   1.1249265e-02  -3.4677999e-03  -2.9837414e-03  -4.5451100e-03
   2.2684782e-01   5.2045766e-01  -6.5858706e-03  -3.8493187e-03  -2.8587296e-03  -4.5046901e-03
   2.2080572e-01   5.5137565e-01   1.2519322e-04  -4.4132121e-03  -2.8824955e-03  -4.6652068e-03
   2.4924949e-01   5.6177403e-01  -4.9843888e-04  -4.5056214e-03  -2.4353694e-03  -4.1988124e-03
   2.5062066e-01   5.5818898e-01   5.6704834e-03  -3.9760885e-03  -2.5033579e-03  -4.4266556e-03
   2.2442166e-01   5.4113248e-01  -1.1299199e-02  -3.7068383e-03  -2.9381147e-03  -4.7843634e-03
   2.3558939e-01   5.3565158e-01  -5.5136890e-03  -3.4182528e-03  -3.0784699e-03  -4.6441543e-03
   2.3575996e-01   5.5683187e-01   1.0940295e-02  -3.8552143e-03  -2.9779673e-03  -4.5762733e-03
   2.2953267e-01   5.4352907e-01  -7.1364659e-03  -3.8245041e-03  -2.9857854e-03  -4.7388296e-03
   2.1437354e-01   5.5306926e-01  -7.6438155e-03  -2.8242992e-03  -3.1024630e-03  -4.5546032e-03
   2.2963086e-01   5.6568334e-01   2.8311551e-02  -3.3496206e-03  -2.7825105e-03  -4.4978850e-03
   2.4293940e-01   6.0654492e-01  -1.9545494e-03  -5.6052037e-03  -2.0449506e-03  -4.4163919e-03
   2.9970445e-01   5.7907721e-01  -1.4729959e-01  -5.9515343e-03  -1.9711560e-03  -3.4795656e-03
   2.5519968e-01   5.8657427e-01  -7.2921902e-02  -4.1092669e-03  -8.9908779e-04  -3.9308035e-03
   2.2253823e-01   5.8721597e-01  -6.1139329e-02  -2.5928510e-03  -1.0096940e-03  -4.4067254e-03
   1.7127319e-01   5.5318239e-01  -3.1468943e-02  -2.5091257e-03  -1.3105822e-03  -4.6511153e-03
   1.5164164e-01   5.5985082e-01   4.3829027e-02  -2.9637143e-03  -1.4805063e-03  -5.1322654e-03
   1.4001625e-01   5.5653640e-01   8.5667367e-02  -3.8452207e-03  -1.4425157e-03  -5.5870755e-03
   1.2473853e-01   5.5077503e-01   9.3012395e-02  -3.3552370e-03  -1.7801237e-03  -5.6887170e-03
   1.1627194e-01   5.6723550e-01   1.1931465e-01  -3.4836655e-03  -1.8325491e-03  -5.7872864e-03
   1.2268835e-01   5.8821558e-01   1.2128188e-01  -2.4752411e-03  -2.2922882e-03  -5.7236832e-03
   1.2196727e-01   5.6233093e-01   1.3335705e-01  -2.9897977e-03  -2.1449666e-03  -5.7887766e-03
   1.3198531e-01   5.6218803e-01   1.6816810e-01  -3.0918011e-03  -2.2319873e-03  -5.9184425e-03
   1.2885970e-01   5.7001005e-01   1.7340408e-01  -2.8263791e-03  -2.1498345e-03  -6.0834218e-03
   1.1880801e-01   5.4835135e-01   1.5199858e-01  -2.9814308e-03  -2.2368134e-03  -6.0831638e-03
   1.3119347e-01   5.7050457e-01   1.6646849e-01  -3.5684170e-03  -2.1724420e-03  -5.9838029e-03
   1.2136115e-01   5.6691718e-01   1.3876878e-01  -3.4352177e-03  -2.1794514e-03  -6.0064116e-03
   1.1968218e-01   5.7600814e-01   1.5075320e-01  -3.4170799e-03  -2.1068261e-03  -6.0635751e-03
   1.4198629e-01   6.4394910e-01   1.7266548e-01  -3.9786105e-03  -2.9397935e-03  -6.4366361e-03
