   0.0000000e+00   0.0000000e+00   0.0000000e+00   0.0000000e+00   0.0000000e+00   0.0000000e+00
  -1.7437936e-02  -2.6292958e-02   2.3055913e-02   4.2464937e-03  -2.3833794e-05   5.4897372e-04
  -4.0450620e-02   7.1290809e-02   4.1215992e-02   3.8754371e-03   1.1397449e-05   1.5570258e-04
  -5.1584888e-02   2.1704579e-02   3.2989434e-02   4.8801268e-03  -3.2554106e-04  -3.0534338e-04
  -5.6215292e-02   7.0995471e-03   3.3105266e-02   5.3251938e-03  -1.4484424e-04  -5.5369238e-04
  -5.4628493e-02   5.2968032e-02   6.3085358e-02   5.4918044e-03  -1.4356165e-05  -4.4028514e-04
  -4.0344321e-02   1.7574562e-02   3.1030634e-02   5.2923569e-03   4.6123976e-04  -2.0161124e-04
  -3.4322417e-02   6.4808729e-02   5.5703497e-02   4.7363399e-03   6.6182174e-04  -3.3482076e-04
  -4.0354530e-02   4.3782085e-02   4.3185370e-02   4.3413036e-03   8.5334826e-04  -5.3598617e-04
   2.3557061e-02   5.4006819e-02   3.8765129e-02   4.3678732e-03   1.7858448e-03   2.6675959e-04
  -6.7837719e-03   6.5611219e-02   8.5945920e-02   4.9098562e-03   1.8313574e-03  -5.2796104e-04
  -1.3607246e-02   1.9128518e-02   3.2354329e-02   5.8122879e-03   1.5972293e-03  -5.2524800e-04
  -2.3055963e-02   5.1026173e-02   2.0611070e-02   5.1822552e-03   1.4318467e-03  -5.1015188e-04
  -3.5248009e-02   4.8249579e-02   5.7322929e-02   4.9046082e-03   1.4133505e-03  -6.9530744e-04
  -1.9669638e-02   1.5700254e-02   3.4015117e-02   5.4687200e-03   1.7039253e-03  -5.3638170e-04
  -1.6985868e-02   5.6504589e-02   6.4011442e-02   5.4993903e-03   1.4089318e-03  -4.5059187e-04
  -4.1461015e-03   7.2853651e-02   5.9969768e-02   5.9170667e-03   1.5875069e-03  -2.4854290e-04
   4.3255600e-02   4.3903230e-02   3.2089083e-02   5.3557555e-03   2.2828592e-03   4.0149996e-04
   4.4814618e-02   4.1200283e-02   3.2746663e-02   5.1302894e-03   2.4020312e-03   5.0415519e-04
   3.3434206e-02   4.2458242e-02   4.5482233e-02   4.9425283e-03   2.2892073e-03   3.9853714e-04
   3.0935027e-02   4.4539653e-02   1.7717451e-02   5.7807395e-03   2.1159151e-03   5.5367341e-04
   2.1148189e-02   2.8428484e-02   2.5448099e-02   6.5320080e-03   1.9695878e-03   5.2868513e-04
   1.3902604e-02   6.8431508e-02   6.8065735e-02   4.8224166e-03   1.9478456e-03   4.8511753e-04
   4.5769118e-02   8.6308284e-02   9.3660603e-02   2.4950326e-03   2.3233499e-03   4.7927725e-04
   5.7476995e-02   7.6059096e-02   1.0153479e-01   3.3989626e-03   2.1591942e-03   8.7423396e-04
   5.5518405e-02   6.2693340e-02   8.5055397e-02   3.3616554e-03   2.5480396e-03   6.1392652e-04
   5.1926440e-02   6.3535417e-02   7.2657363e-02   4.2586856e-03   2.5930831e-03   8.5920659e-04
   4.2023434e-02   8.9992647e-02   1.0182923e-01   3.6883752e-03   2.5654179e-03   8.6853246e-04
   4.7459350e-02   4.9688689e-02   7.5522530e-02   3.6139547e-03   2.5726794e-03   7.0787596e-04
   2.9175397e-02   4.7594358e-02   8.0488695e-02   4.0032618e-03   2.1978158e-03   5.8740222e-04
   3.4163910e-02   5.8064673e-02   1.0723342e-01   4.6464418e-03   2.3165809e-03   8.4665620e-04
   4.1885103e-02   5.9510141e-02   1.0942293e-01   4.8346075e-03   1.9716954e-03   1.1298806e-03
   2.8825430e-02   1.6062790e-01   1.2429264e-01   2.8828940e-03   1.8611393e-03   9.6289567e-04
   3.0643437e-02   8.8414799e-02   1.2172068e-01   2.6880560e-03   2.0806679e-03   6.5121108e-04
   4.2636689e-02   8.9161735e-02   8.7329268e-02   2.3164107e-03   2.1927664e-03   8.2871500e-04
   9.3111912e-02   1.1207776e-01   8.8401958e-02   2.6582553e-03   2.2593729e-03   1.7998832e-03
   9.2906178e-02   1.0258342e-01   1.2927573e-01   2.9547176e-03   2.6174717e-03   1.5960220e-03
   8.4222848e-02   6.5831027e-02   9.3240231e-02   3.2230072e-03   2.6338063e-03   1.5115838e-03
   9.6260632e-02   8.1904169e-02   1.0433802e-01   2.3817100e-03   2.8188439e-03   1.6317802e-03
   1.0808174e-01   7.0557848e-02   1.1686615e-01   2.4686656e-03   2.9577960e-03   1.6290155e-03
   1.1744697e-01   4.0326794e-02   8.5024489e-02   3.2649045e-03   2.8532787e-03   1.8293077e-03
   1.1630543e-01   5.0061581e-02   9.9573968e-02   3.8448944e-03   2.9027504e-03   1.7814489e-03
   1.1624970e-01   5.5033155e-02   1.1677581e-01   3.9129463e-03   3.0118675e-03   1.7401884e-03
   1.2712425e-01   5.3209598e-02   9.8783472e-02   3.7215193e-03   3.2695738e-03   2.0342806e-03
   1.0913772e-01   5.1972245e-02   1.0640135e-01   3.4337362e-03   3.0019174e-03   1.8274070e-03
   1.0056343e-01   6.4331337e-02   1.2689490e-01   3.2917349e-03   2.7718936e-03   1.8553278e-03
   1.1075047e-01   5.2395436e-02   9.9925686e-02   3.6988014e-03   3.1863655e-03   1.9761858e-03
   1.1156240e-01   6.4030657e-02   9.9461808e-02   4.2087903e-03   3.0431664e-03   2.1200080e-03
   1.0151898e-01   8.5252262e-02   1.1768181e-01   3.5666691e-03   2.9784205e-03   1.8764488e-03
   1.1012419e-01   1.3206021e-01   9.2030958e-02   1.3947753e-03   2.7786514e-03   1.4185868e-03
   1.1886448e-01   8.7724686e-02   1.2424342e-01   1.5068345e-03   3.1767780e-03   1.5187512e-03
   9.4697619e-02   1.0056269e-01   1.3326898e-01   2.3922104e-03   3.0132935e-03   1.3580882e-03
   8.5435250e-02   1.2467694e-01   1.4040084e-01   2.3030179e-03   3.0263290e-03   1.2556826e-03
   8.9083523e-02   1.1590866e-01   8.9219187e-02   2.5582778e-03   2.7118428e-03   1.5260243e-03
   8.6089846e-02   9.4778805e-02   1.1833621e-01   1.8397341e-03   3.0165132e-03   1.4857963e-03
   8.5204524e-02   1.1039186e-01   1.4620859e-01   1.9839895e-03   3.0061723e-03   1.3780895e-03
   7.4886192e-02   1.1921227e-01   1.3582681e-01   2.8457994e-03   2.7775398e-03   1.2802644e-03
   8.5510186e-02   9.0509448e-02   1.0993818e-01   3.6049282e-03   2.6919436e-03   1.3193529e-03
   8.0384051e-02   1.0467670e-01   1.3394667e-01   4.0848840e-03   2.7407695e-03   1.5851913e-03
   7.7466038e-02   1.1026304e-01   1.4602536e-01   3.5644189e-03   2.9392786e-03   1.5001466e-03
   7.3437242e-02   9.2874004e-02   1.4536861e-01   3.3695211e-03   2.9666513e-03   1.2273623e-03
   6.7361381e-02   7.6725058e-02   1.4476934e-01   3.2224894e-03   2.9344755e-03   1.1672599e-03
   6.8149223e-02   1.0645411e-01   1.5314053e-01   2.9259960e-03   2.6995141e-03   1.2188608e-03
   8.2121391e-02   1.0139616e-01   1.2238504e-01   3.4257560e-03   2.8590552e-03   1.5589822e-03
   8.1047615e-02   1.0240915e-01   1.4461610e-01   2.7714510e-03   3.0229392e-03   1.4535935e-03
   9.3230605e-02   1.2571909e-01   1.4065996e-01   2.6891077e-03   2.9816206e-03   1.7721403e-03
   1.1050154e-01   7.7030864e-02   9.9820709e-02   3.2490277e-03   3.0938846e-03   2.1947341e-03
   8.7882461e-02   9.9124106e-02   1.1200472e-01   3.3590262e-03   2.8366584e-03   1.8427701e-03
   9.5368941e-02   1.1988868e-01   1.0705505e-01   3.6678972e-03   2.9363739e-03   2.0827876e-03
   8.7360553e-02   1.1317664e-01   7.5614759e-02   4.1269694e-03   3.0801087e-03   2.0205269e-03
   9.3195170e-02   1.1616169e-01   8.6271590e-02   3.8131446e-03   3.0872407e-03   2.1072763e-03
   9.7966376e-02   1.2399424e-01   1.1465938e-01   3.8420463e-03   3.1590741e-03   2.0915381e-03
   9.8293254e-02   1.0014449e-01   8.9925705e-02   3.7271611e-03   3.3035572e-03   2.0284094e-03
   1.0383556e-01   1.1792215e-01   1.0421538e-01   3.2582187e-03   3.2977751e-03   1.8816940e-03
   1.2317983e-01   1.5267734e-01   1.1501722e-01   2.3901831e-03   3.1007088e-03   2.2642431e-03
   1.3147826e-01   1.1863762e-01   1.0243871e-01   2.2050456e-03   2.8317010e-03   2.1213364e-03
   1.4234480e-01   1.7381182e-01   1.5516725e-01  -3.6971424e-04   3.0464582e-03   2.1202063e-03
   1.4649066e-01   1.0563560e-01   1.9372833e-01  -2.3461958e-04   3.3081914e-03   2.1689643e-03
   1.2936146e-01   1.4812580e-01   1.6107050e-01   6.3866070e-04   3.5980555e-03   2.2048059e-03
   9.2747101e-02   1.0989435e-01   2.4308026e-01   1.1348873e-03   3.0369039e-03   1.2679452e-03
   4.8869185e-02   2.0135907e-01   2.6593263e-01   1.3367613e-03   2.6728171e-03   8.7542237e-04
   2.7495068e-02   1.8738455e-01   2.6310028e-01   1.6299917e-03   2.8478381e-03   4.6990456e-04
   1.2928284e-02   1.4374252e-01   2.6256832e-01   2.8010529e-03   2.6760008e-03   4.1520423e-04
   4.3594502e-03   1.9935648e-01   3.1262353e-01   1.5501974e-03   3.0076943e-03   2.0134636e-04
  -3.3633561e-03   1.7791913e-01   2.9542202e-01   1.8784775e-03   2.5616559e-03   5.3652646e-05
   1.5093657e-02   2.7954080e-01   2.8142002e-01  -6.7712999e-04   2.4855405e-03   7.5739030e-06
   4.1988402e-02   2.3721661e-01   3.1788480e-01  -9.7292616e-05   2.1135464e-03   1.2817919e-04
   3.4146458e-02   1.9733564e-01   3.1177071e-01   5.2914371e-04   2.2639674e-03   3.4056801e-04
   1.5649644e-02   2.1467859e-01   3.2488647e-01   1.1660548e-03   2.2648268e-03   3.9683232e-04
   1.0742692e-01   2.8329505e-01   4.4139037e-01  -4.2576393e-03   4.0315340e-04   2.4877619e-03
   7.4445793e-02   2.5907312e-01   4.4951224e-01  -2.9532151e-03   9.8289874e-04   1.8039901e-03
   5.1766088e-02   2.4987871e-01   4.2343569e-01  -1.9421071e-03   1.3777467e-03   1.2589801e-03
   5.0426938e-02   2.7717158e-01   4.2574453e-01  -1.0314084e-03   9.8817147e-04   1.4727693e-03
   2.5328402e-02   2.6122482e-01   4.2598115e-01  -1.0070517e-03   9.6975714e-04   8.5073575e-04
   1.1227577e-02   2.6685893e-01   4.2167823e-01  -6.1371166e-05   9.0533582e-04   6.9574535e-04
  -1.2227899e-03   2.7249686e-01   4.3536890e-01   3.4411914e-04   7.0643299e-04   6.7686887e-04
  -1.6574347e-02   3.1570091e-01   4.5710104e-01   9.3979144e-04   6.8199473e-04   9.3188827e-04
  -8.2562074e-03   3.0105922e-01   4.4054646e-01   4.2772567e-04   9.3449475e-04   6.3929644e-04
   3.4754892e-03   2.7080605e-01   4.2888167e-01   6.1076202e-04   1.1161542e-03   9.6533310e-04
  -1.7362420e-02   2.8443044e-01   4.4600990e-01   6.4163525e-04   7.8309306e-04   7.4699775e-04
  -2.2979934e-02   2.9328110e-01   4.3897563e-01   1.1847123e-03   5.2900487e-04   7.0977032e-04
  -1.2569125e-02   2.8002377e-01   4.1206310e-01   1.9641465e-03   4.5264189e-04   1.0870208e-03
  -1.7241378e-02   2.6391840e-01   4.3050312e-01   1.4299213e-03   8.3443736e-04   1.0646724e-03
  -1.0095732e-02   2.7063450e-01   4.5345354e-01   7.9087102e-04   1.2210339e-03   1.0960964e-03
  -1.0896860e-02   2.7964446e-01   4.4470775e-01   1.2455152e-03   1.0782574e-03   1.1280574e-03
  -1.5387091e-02   2.7943647e-01   4.3411328e-01   1.8381274e-03   8.8008178e-04   1.0830900e-03
  -3.6681620e-02   3.2424805e-01   4.4677888e-01   2.6480515e-03   3.1954328e-04   1.0237921e-03
  -2.4557759e-02   3.0062404e-01   4.3207911e-01   2.5997988e-03   4.3497880e-04   1.2048849e-03
  -1.6822392e-02   2.8293407e-01   4.5393341e-01   2.5267758e-03   8.1182902e-04   1.4485993e-03
  -1.4488680e-02   2.9234789e-01   4.6877842e-01   1.9013533e-03   1.0843895e-03   1.4923854e-03
  -3.3277012e-03   3.0791974e-01   4.5006077e-01   2.0660840e-03   1.0172220e-03   1.6121012e-03
   1.0368776e-04   2.8679990e-01   4.3340521e-01   2.4325459e-03   1.0330828e-03   1.6399315e-03
  -1.9179683e-02   3.3366036e-01   4.5131906e-01   2.1508236e-03   7.7862294e-04   1.4836286e-03
  -2.3675874e-02   3.2210812e-01   4.5584537e-01   2.1144067e-03   7.6934082e-04   1.2389168e-03
  -2.8522797e-02   2.9797338e-01   4.4696051e-01   2.4852268e-03   1.1427950e-03   1.1767001e-03
  -4.4242333e-02   3.2961919e-01   4.8390983e-01   1.9736777e-03   1.2817195e-03   1.1501066e-03
  -4.8005253e-02   3.4066086e-01   4.6395101e-01   2.0523019e-03   1.4041369e-03   1.0134185e-03
  -5.6624180e-02   3.9446223e-01   4.5084824e-01   1.3882002e-03   5.5564183e-04   6.7687858e-04
  -5.6478749e-02   3.8824410e-01   4.5274164e-01   1.0542658e-03   1.0530799e-03   9.0651920e-04
  -5.8898041e-02   3.7375487e-01   4.7633169e-01   1.6992204e-03   1.0450725e-03   7.9833411e-04
  -5.9567861e-02   3.7930821e-01   4.8740651e-01   1.7160241e-03   1.1768619e-03   6.5959217e-04
  -7.2801077e-03   4.9697075e-01   4.9128859e-01  -2.5557949e-03   9.0232633e-04   1.3789181e-03
   2.4429002e-02   4.6785432e-01   6.6621142e-01  -4.4748033e-03   1.9241884e-03   1.3144514e-03
  -9.1919727e-03   4.5751413e-01   6.5625598e-01  -2.3502357e-03   2.0558328e-03   7.3884247e-04
  -3.4390811e-02   4.7752766e-01   6.8823384e-01  -1.3729329e-03   1.5710782e-03   8.5812660e-04
  -5.6104463e-02   4.7982429e-01   6.9009110e-01  -1.0528608e-03   1.9085644e-03   6.5543391e-04
  -8.4874777e-02   5.1478737e-01   7.1388043e-01  -2.4781777e-03   1.6961819e-03   9.7406136e-05
   2.0360221e-02   6.2985400e-01   5.8918611e-01  -1.1986309e-02  -6.3268358e-04   4.4361437e-04
   9.3821671e-02   6.2023147e-01   6.4757855e-01  -1.3868411e-02  -8.4930017e-04   2.2498158e-03
   1.2863397e-02   5.8423243e-01   7.4761383e-01  -1.1686634e-02  -3.6015466e-05   1.2824546e-03
   1.0706240e-04   5.4699283e-01   7.0915652e-01  -9.5648413e-03   1.0732772e-03   9.9826644e-04
   2.4079975e-02   5.1404217e-01   6.9401740e-01  -9.5179850e-03   1.2351076e-03   1.1462005e-03
   8.1688826e-03   5.2599753e-01   7.3287844e-01  -8.3554802e-03   1.2583572e-03   9.8972070e-04
   1.1337913e-02   5.5115571e-01   7.2457246e-01  -6.7683391e-03   1.2676606e-03   1.2232603e-03
   5.4074547e-02   5.2094908e-01   7.0096803e-01  -7.1437956e-03   1.7155083e-03   2.0667315e-03
   3.4203108e-02   5.1813819e-01   7.2626669e-01  -6.6738420e-03   1.7054121e-03   1.4820223e-03
   3.2885301e-02   5.2802694e-01   7.3194234e-01  -6.4721664e-03   1.6861702e-03   1.5206094e-03
   4.7072231e-02   4.8411449e-01   6.9963969e-01  -6.5579608e-03   1.5654831e-03   1.7060691e-03
   5.0044574e-02   4.8891987e-01   7.1394678e-01  -6.0726121e-03   1.3658276e-03   2.0145333e-03
   5.3934384e-02   4.7666025e-01   7.4052736e-01  -6.5638955e-03   1.4220644e-03   2.1202790e-03
   5.3486849e-02   4.5495791e-01   7.2814709e-01  -5.9857649e-03   1.5192797e-03   2.1708199e-03
   3.9524884e-02   4.7037505e-01   7.5853091e-01  -5.5802484e-03   1.4789703e-03   2.1352159e-03
   2.7644751e-02   4.9623877e-01   7.5511251e-01  -5.7875157e-03   1.6710001e-03   2.0915198e-03
   3.8491654e-02   4.9610740e-01   7.2696566e-01  -5.0701337e-03   1.5694612e-03   2.4205200e-03
   4.0903647e-02   5.1542483e-01   7.3495989e-01  -5.2168695e-03   1.5106696e-03   2.2813993e-03
   3.9714445e-02   5.1662837e-01   7.6272825e-01  -5.5386720e-03   1.4362270e-03   2.2794119e-03
   4.2186739e-02   4.5875414e-01   7.2919323e-01  -5.2382921e-03   1.7672980e-03   2.3005462e-03
   4.5095408e-02   4.9130870e-01   7.3079307e-01  -5.8460524e-03   1.6137166e-03   2.3804671e-03
   8.0760830e-02   4.9330839e-01   7.4236140e-01  -6.6501031e-03   1.9206872e-03   3.0515555e-03
   9.0149970e-02   5.2381910e-01   7.6614719e-01  -8.5906878e-03   1.9524993e-03   2.8446901e-03
   6.8709245e-02   5.0641295e-01   8.5608274e-01  -9.3651426e-03   1.6813197e-03   2.6370640e-03
   5.8346447e-02   5.1712866e-01   8.3548673e-01  -8.0267762e-03   1.8062747e-03   2.4466298e-03
   3.7369245e-02   5.1137371e-01   8.0356464e-01  -7.8151848e-03   1.8134770e-03   2.2386767e-03
   3.6239323e-02   5.1463783e-01   8.0272353e-01  -6.7736678e-03   1.2214159e-03   2.4578042e-03
   3.5617131e-02   5.2082101e-01   8.3346843e-01  -6.5296216e-03   1.1581604e-03   2.5401580e-03
   4.0559056e-02   5.2708329e-01   8.2065433e-01  -7.3641271e-03   1.3982171e-03   2.3776759e-03
   4.7146152e-02   5.1464931e-01   8.2897972e-01  -7.3933750e-03   1.6691565e-03   2.3184470e-03
   4.2329470e-02   5.1928076e-01   8.4973903e-01  -7.3195546e-03   1.3625564e-03   2.4882696e-03
   5.5101947e-02   5.2301308e-01   8.1602649e-01  -6.6283950e-03   1.4826013e-03   2.6592962e-03
   7.3310193e-02   5.3694609e-01   8.1961917e-01  -8.0006126e-03   1.6017857e-03   2.9257821e-03
   7.7332642e-02   5.4924546e-01   8.2939446e-01  -7.3660605e-03   1.9745130e-03   2.8364513e-03
   6.8467146e-02   5.3483866e-01   8.3010198e-01  -7.6345535e-03   2.1380150e-03   2.7192298e-03
   6.9617131e-02   5.2188824e-01   7.8728616e-01  -6.8552136e-03   1.9497913e-03   2.8436604e-03
   7.9814073e-02   5.1585637e-01   8.0293395e-01  -7.6181967e-03   1.9947250e-03   2.9230276e-03
   7.5074028e-02   5.2751021e-01   8.3056604e-01  -7.8553165e-03   1.7705644e-03   3.0385619e-03
   7.2504349e-02   5.2623371e-01   8.1875532e-01  -7.3119850e-03   1.7354952e-03   2.9531162e-03
   6.9216051e-02   5.1608152e-01   8.2299183e-01  -6.9381660e-03   1.7998371e-03   2.9254048e-03
   5.8367749e-02   5.3737236e-01   8.6121028e-01  -8.1913491e-03   1.8669451e-03   2.6526167e-03
   6.9512701e-02   5.2475500e-01   8.3377973e-01  -7.5771087e-03   1.8830985e-03   2.7265299e-03
   9.2942861e-02   5.4618297e-01   8.0401663e-01  -6.7991285e-03   1.9375677e-03   3.1977942e-03
   8.6833712e-02   5.5712035e-01   8.3268330e-01  -7.3480761e-03   1.7944531e-03   3.2432262e-03
   9.1930361e-02   5.5368340e-01   8.1106730e-01  -7.3896679e-03   2.0467085e-03   3.2124053e-03
   1.0157100e-01   5.3600038e-01   7.8795958e-01  -6.9282912e-03   2.1891566e-03   3.2718303e-03
   9.5800055e-02   5.4041241e-01   8.2038083e-01  -7.4520148e-03   2.3431366e-03   3.2724546e-03
   9.2645713e-02   5.4480046e-01   8.1025490e-01  -6.5863466e-03   2.0581150e-03   3.4266792e-03
   1.3314366e-01   5.7092046e-01   8.0042695e-01  -7.7122241e-03   2.4728539e-03   3.8973924e-03
   3.1458069e-01   5.1130225e-01   6.4102084e-01  -1.1651931e-02   7.0937256e-03   6.2268114e-03
   3.5305346e-01   4.4556771e-01   6.4515834e-01  -1.1050138e-02   6.8052766e-03   5.8008977e-03
   3.2101821e-01   4.6425534e-01   7.2303131e-01  -1.0668549e-02   6.5141392e-03   5.4018593e-03
   3.2056629e-01   4.5644559e-01   7.3122777e-01  -1.1014181e-02   6.4228363e-03   5.4970158e-03
   4.8822141e-01   5.1711217e-01   9.1447666e-02  -2.9541307e-02   9.0157744e-03   6.3385357e-03
   4.5310542e-01   6.5094753e-01   3.3103902e-01  -2.4621231e-02   8.9168944e-03   6.0834864e-03
   4.3419508e-01   5.5212560e-01   3.5281256e-01  -2.2408428e-02   8.7640805e-03   5.3224255e-03
   4.0281334e-01   5.6269877e-01   4.2717153e-01  -2.1264037e-02   8.5965127e-03   5.3177928e-03
   3.9441065e-01   5.7463838e-01   4.0512587e-01  -2.0694657e-02   8.5170768e-03   5.4963791e-03
   4.0570739e-01   5.3444214e-01   4.1867585e-01  -2.0991029e-02   8.3458324e-03   5.7356026e-03
   3.8823881e-01   5.7314786e-01   4.5969136e-01  -2.1032059e-02   8.2502726e-03   5.5724378e-03
   3.9488295e-01   5.8695170e-01   4.1884246e-01  -1.9818046e-02   8.4506558e-03   5.8218134e-03
