   0.0000000e+00   0.0000000e+00   0.0000000e+00   0.0000000e+00   0.0000000e+00   0.0000000e+00
   2.2610652e-03  -7.2039565e-04   3.0056494e-02   8.7131979e-04   5.4430296e-05   3.4332925e-04
  -3.5446329e-03  -1.8075735e-02   2.4330221e-02   1.0530427e-03   4.0677376e-04   4.6932996e-04
   1.4190556e-02   1.0309343e-02   4.6255356e-02   1.3536277e-03   3.4600757e-04   7.3288439e-04
  -7.3999747e-04  -3.9185621e-02  -5.2120656e-02   1.7461882e-03   1.0991790e-03   8.5704966e-04
   9.3214480e-03  -1.6751748e-02  -1.9985452e-02   3.3324889e-03   1.0780391e-03   5.2359618e-04
   2.9059272e-03  -4.5291654e-02  -2.7204267e-02   2.4464664e-03   1.5457533e-03   6.2727259e-04
  -1.2537240e-02  -9.7787915e-02  -1.2834699e-01   3.4820215e-03   1.4715767e-03   4.6559778e-04
  -6.7761569e-03   3.3729192e-02   3.4026573e-02   8.2273761e-04   2.1082351e-04   5.0632802e-05
  -1.5986171e-02  -5.7015840e-03  -8.2879378e-02  -7.4221927e-04   7.7790075e-05  -7.4274756e-04
   1.5254204e-02   8.6607684e-02   1.3406079e-01  -1.6089243e-03   3.5830628e-04   2.7321893e-04
   7.1351125e-03   4.2629644e-03   1.8202014e-02   1.4162418e-04   2.5095643e-04  -2.5451412e-04
  -8.5630508e-03   3.3846400e-02   5.9628674e-02  -2.7992363e-05   2.6306956e-04  -3.2531789e-04
   8.0052976e-04  -1.9837077e-02   4.0733911e-02   9.9423513e-04  -2.9948523e-04  -1.2474578e-04
  -1.3699256e-02  -7.3702700e-03   7.1366174e-02   1.3854491e-03   2.1308379e-04  -1.3743229e-04
  -1.9705189e-02  -4.7864424e-02  -1.9354889e-02   1.7226830e-03   2.1230460e-04  -3.9728073e-04
  -2.2880609e-02  -2.1083209e-02  -1.0727194e-01   1.7687684e-03   1.6475999e-04  -7.8319347e-04
  -7.4811585e-03  -2.4617234e-02  -1.4847759e-01   1.1916312e-03  -3.0500108e-04  -5.0479407e-04
   6.6180302e-03   1.3077738e-01   1.0723601e-01   1.0148084e-03  -2.4024560e-04  -4.6742830e-04
  -2.1875355e-02  -7.6494491e-02   7.4479815e-02   3.0282286e-03   8.4278989e-04  -7.0564339e-04
  -2.7129197e-02  -3.8365561e-02   1.2966762e-02   2.9167081e-03   7.1210426e-04  -8.9958880e-04
  -1.5844945e-02  -6.2106764e-02   5.7162792e-02   3.9644622e-03   1.0290558e-03  -1.1102537e-03
  -7.0713788e-03  -7.5321358e-02   9.1403192e-03   3.9750536e-03   1.0644052e-03  -9.4197423e-04
  -1.4036406e-02  -3.5995618e-02   2.8921902e-02   3.3106112e-03   9.5798851e-04  -1.1202052e-03
  -7.0060226e-03  -9.8918339e-02  -6.1331343e-02   3.8327572e-03   1.0468079e-03  -1.1379795e-03
  -8.7883814e-03  -9.2272942e-02  -1.0697088e-01   4.4005587e-03   1.0716684e-03  -1.4442476e-03
  -2.6033841e-02  -5.6332239e-02  -4.8569439e-02   5.0641507e-03   1.0880439e-03  -1.8672742e-03
  -2.3379162e-02  -9.9504224e-02  -6.1237811e-02   4.8993293e-03   1.2093067e-03  -1.4386406e-03
  -2.2096382e-02  -1.1002738e-01  -7.0340159e-02   4.7759372e-03   1.6834975e-03  -1.1210105e-03
  -2.1000895e-02  -1.2938998e-01  -7.4384236e-02   4.7479020e-03   1.4463000e-03  -1.1068187e-03
  -7.2816955e-03  -1.5871435e-02  -1.1332603e-02   5.0168095e-03   1.5299725e-03  -1.1722074e-03
  -1.4920950e-02  -1.4785844e-01  -1.0175145e-01   6.2145920e-03   2.0545571e-03  -8.9999531e-04
  -7.8990336e-03  -2.3405160e-02  -5.4090655e-02   5.9196614e-03   1.9044211e-03  -9.7178088e-04
  -1.0891970e-02  -1.0313503e-01  -7.2763470e-02   6.1992670e-03   1.7856008e-03  -8.6577358e-04
  -3.0378605e-02  -8.2337397e-02  -1.8934541e-02   4.0993442e-03   2.0542297e-03  -1.1590839e-03
  -5.3997321e-02  -1.9954519e-01  -9.3306650e-02   5.5294498e-03   2.1050089e-03  -1.1176176e-03
  -4.4364313e-02  -3.2660003e-02   1.2475658e-02   5.1556062e-03   1.9267665e-03  -1.1933597e-03
  -3.8636445e-02  -1.3916666e-01  -1.0179791e-01   6.1844607e-03   1.9527847e-03  -8.3336587e-04
  -3.2337482e-02  -1.0676328e-01  -1.1646737e-01   7.1079347e-03   2.5517605e-03  -4.5061936e-04
  -2.3702390e-02  -1.5474814e-01  -1.7309311e-01   8.0509139e-03   2.5264806e-03  -5.9714675e-04
  -2.0168180e-02  -1.5691140e-01  -1.9937453e-01   8.0981058e-03   2.8289502e-03  -5.1537061e-04
  -9.6220111e-03  -1.9775434e-01  -3.2062273e-01   9.2437946e-03   2.0594681e-03  -6.4472488e-04
  -3.4846948e-02  -1.4107990e-01  -2.3389531e-01   9.3790470e-03   2.0789113e-03  -1.0219719e-03
  -3.3097318e-02  -8.3641487e-02  -2.1057147e-01   8.9855959e-03   2.5490497e-03  -7.4445563e-04
  -5.8517124e-02  -1.0363444e-01  -1.3883768e-01   8.2655076e-03   2.9158366e-03  -9.1737711e-04
  -5.6790001e-02  -9.4336884e-02  -1.5452984e-01   8.7883809e-03   2.2706222e-03  -1.1801576e-03
  -5.8153365e-02  -1.5134633e-01  -1.8860615e-01   9.6240859e-03   2.1742992e-03  -1.4270247e-03
  -5.3504725e-02  -1.2169148e-01  -1.7779686e-01   1.0573796e-02   2.4906265e-03  -1.2658348e-03
  -6.1497407e-02  -1.7133452e-01  -2.8021922e-01   9.7188475e-03   2.6545005e-03  -1.3664356e-03
  -5.7165911e-02  -9.7178887e-02  -1.4265161e-01   9.5981708e-03   2.4200749e-03  -1.2953161e-03
  -5.3890762e-02  -1.7591141e-01  -2.1372188e-01   1.1584601e-02   2.1578603e-03  -1.4037066e-03
  -7.8185242e-02  -1.1727432e-01  -2.4540996e-01   1.2304121e-02   2.5922216e-03  -1.5994725e-03
  -6.4800560e-02  -1.8942628e-01  -2.4007464e-01   1.3852688e-02   2.1414901e-03  -1.5891483e-03
  -7.2614125e-02  -1.3615260e-01  -1.7695015e-01   1.3500854e-02   2.5225659e-03  -1.2315532e-03
  -7.6898555e-02  -2.3457067e-01  -2.3137421e-01   1.3972395e-02   2.7130583e-03  -1.2335829e-03
  -6.0894860e-02  -2.0489052e-01  -1.6913750e-01   1.4370069e-02   2.5778970e-03  -1.2175762e-03
  -8.7537514e-02  -2.9199166e-01  -2.9634233e-01   1.4214313e-02   2.7278124e-03  -1.6895065e-03
  -8.3215964e-02  -1.6069535e-01  -1.8502469e-01   1.2488367e-02   2.6526142e-03  -1.5654110e-03
  -5.5192403e-02  -2.3464735e-01  -2.1588298e-01   1.2661566e-02   2.7225561e-03  -1.3583564e-03
  -6.7265611e-02  -2.4870661e-01  -2.4887610e-01   1.3822186e-02   2.6911960e-03  -1.5422102e-03
  -6.4755598e-02  -2.0680121e-01  -1.6406819e-01   1.3542263e-02   2.6748281e-03  -1.3645189e-03
  -6.1315225e-02  -2.8130401e-01  -2.1230344e-01   1.3263030e-02   2.6252822e-03  -1.2052101e-03
  -6.4943696e-02  -2.3692895e-01  -2.7479576e-01   1.4122298e-02   2.8534224e-03  -1.2728078e-03
  -3.1027298e-02  -2.4075597e-01  -3.4038903e-01   1.5255684e-02   2.1762640e-03  -1.2852427e-03
  -3.9207663e-02  -2.5583806e-01  -3.3623192e-01   1.4317868e-02   2.4133602e-03  -1.2077111e-03
  -2.6243265e-02  -2.9526941e-01  -3.3198432e-01   1.3551259e-02   2.4338465e-03  -7.8118987e-04
  -3.7585188e-02  -1.6858283e-01  -2.7991350e-01   1.2557732e-02   2.1074035e-03  -1.0184337e-03
  -8.0825856e-02  -1.9911263e-01  -3.0715653e-01   1.2547742e-02   2.3118021e-03  -1.7019775e-03
  -6.7320007e-02  -1.7655622e-01  -2.4721332e-01   1.3207074e-02   2.0092041e-03  -1.9113621e-03
  -8.3571491e-02  -2.9453881e-01  -3.0884479e-01   1.4142022e-02   2.3615289e-03  -1.7963109e-03
  -6.8893653e-02  -2.1760701e-01  -3.4634685e-01   1.3589088e-02   2.4658822e-03  -1.5563289e-03
  -6.4746177e-02  -2.2472557e-01  -3.2264290e-01   1.2750890e-02   2.5783072e-03  -1.5687695e-03
  -5.7090403e-02  -2.6180071e-01  -3.0136241e-01   1.3564808e-02   2.5309917e-03  -1.4342863e-03
  -5.8244826e-02  -1.4835617e-01  -2.1344274e-01   1.2837479e-02   2.2960456e-03  -2.0715314e-03
  -7.2809839e-02  -3.4300495e-01  -2.8322060e-01   1.4916354e-02   2.2920520e-03  -2.0515667e-03
  -8.0648729e-02  -3.0350542e-01  -3.0616930e-01   1.6148852e-02   2.7047025e-03  -2.0318802e-03
  -9.3361443e-02  -3.6651125e-01  -3.9102650e-01   1.7001523e-02   2.8964523e-03  -2.5921863e-03
  -7.2769273e-02  -3.4988475e-01  -3.9048502e-01   1.5556087e-02   2.0684420e-03  -2.3487845e-03
  -9.4828398e-02  -3.2297837e-01  -4.3208424e-01   1.4142397e-02   2.6348987e-03  -2.5285665e-03
  -6.8794454e-02  -1.7742014e-01  -3.5148594e-01   1.4110139e-02   1.7373790e-03  -2.6320222e-03
  -9.9146908e-02  -2.9102228e-01  -3.3558222e-01   1.5454026e-02   2.4467605e-03  -2.7054484e-03
  -9.2100049e-02  -3.2933873e-01  -3.3889131e-01   1.5903918e-02   2.5730316e-03  -2.6482987e-03
  -1.0512861e-01  -3.9357256e-01  -3.8306005e-01   1.7118024e-02   2.6900971e-03  -3.1088921e-03
  -9.4089086e-02  -3.6984506e-01  -3.9364700e-01   1.6736517e-02   2.4655281e-03  -2.9351242e-03
  -9.8121034e-02  -3.5947707e-01  -4.1270897e-01   1.6261012e-02   2.5720663e-03  -2.7193460e-03
  -8.2770034e-02  -2.1430508e-01  -2.7690300e-01   1.5761781e-02   3.0820267e-03  -2.5338452e-03
  -7.7409318e-02  -3.0965375e-01  -2.9728326e-01   1.4806050e-02   3.5594943e-03  -2.2343477e-03
  -7.9922049e-02  -3.0162535e-01  -2.7483498e-01   1.4692619e-02   3.1874712e-03  -2.3907348e-03
  -1.0869004e-01  -3.3478917e-01  -3.6774918e-01   1.4188950e-02   3.4514229e-03  -3.0836533e-03
  -1.1196500e-01  -3.1284546e-01  -3.5062550e-01   1.4944024e-02   3.4977712e-03  -2.7924160e-03
  -8.1652392e-02  -2.9164979e-01  -3.6548967e-01   1.5492754e-02   3.5077202e-03  -2.5457184e-03
  -8.6314605e-02  -4.0383057e-01  -3.9765875e-01   1.7224714e-02   3.5002254e-03  -2.6982744e-03
  -8.0251015e-02  -3.7499358e-01  -4.5734595e-01   1.6175661e-02   3.3381914e-03  -2.6808483e-03
  -1.0310504e-01  -3.7901018e-01  -4.2327220e-01   1.5839921e-02   3.3313550e-03  -2.8484031e-03
  -9.5380436e-02  -3.3014232e-01  -3.5847066e-01   1.5257239e-02   2.8339483e-03  -3.1028188e-03
  -1.2054255e-01  -3.2650985e-01  -2.7992750e-01   1.5485178e-02   3.2417396e-03  -3.1069684e-03
  -8.9771016e-02  -2.1100232e-01  -1.2192047e-01   1.5026241e-02   3.1587385e-03  -2.8112884e-03
  -9.8841785e-02  -3.2364426e-01  -8.4360941e-02   1.5110434e-02   3.6930930e-03  -2.5623741e-03
  -8.2562731e-02  -2.1374174e-01   3.8688391e-02   1.3818943e-02   3.6781804e-03  -2.3194876e-03
  -7.9136602e-02  -3.0538281e-01  -5.1455751e-03   1.4083300e-02   3.4912728e-03  -2.1100370e-03
  -8.8406078e-02  -2.9840799e-01   7.4582430e-02   1.3911292e-02   3.9979961e-03  -1.9022586e-03
  -9.9291650e-02  -3.3524861e-01  -2.6725570e-02   1.4777378e-02   4.0488945e-03  -2.1157497e-03
  -9.2514809e-02  -2.2887197e-01   4.0798322e-02   1.3940446e-02   4.0551053e-03  -2.1880233e-03
  -9.5293572e-02  -2.9641967e-01   6.1983487e-02   1.3849107e-02   3.7278935e-03  -2.4219560e-03
  -1.0676782e-01  -2.8795673e-01   1.0780423e-01   1.3675732e-02   4.2521279e-03  -2.2577128e-03
  -8.1589028e-02  -2.5283029e-01   1.3449629e-01   1.3362981e-02   3.8024150e-03  -2.3074707e-03
  -9.4962583e-02  -3.8709382e-01   4.4504962e-02   1.3648271e-02   3.9003671e-03  -2.5827814e-03
  -9.1908179e-02  -2.6389038e-01  -1.0975889e-01   1.4348756e-02   3.5777392e-03  -2.5185871e-03
  -1.0063621e-01  -3.3343003e-01  -2.2678704e-01   1.4610188e-02   4.0722385e-03  -2.3387757e-03
  -9.0505444e-02  -2.7254885e-01  -2.0796409e-01   1.5300424e-02   3.8700441e-03  -2.5638440e-03
  -1.0809580e-01  -2.6405710e-01  -1.9837960e-01   1.6033225e-02   3.5640329e-03  -2.6610917e-03
  -1.1791739e-01  -3.3715914e-01  -2.6612363e-01   1.6447971e-02   3.7491372e-03  -2.6983571e-03
  -8.8194647e-02  -2.5563588e-01  -2.0296447e-01   1.6692016e-02   3.3455612e-03  -2.9474420e-03
  -1.0690621e-01  -3.8430316e-01  -2.6826956e-01   1.7206822e-02   3.7058171e-03  -2.8746855e-03
  -1.0374502e-01  -2.9456728e-01  -2.3429346e-01   1.6608683e-02   3.8215550e-03  -3.1985035e-03
  -1.0129868e-01  -2.9850913e-01  -2.2802171e-01   1.5716987e-02   3.0446053e-03  -3.1778954e-03
  -1.0971826e-01  -3.1738472e-01  -1.7700356e-01   1.5546315e-02   3.3135362e-03  -3.2342522e-03
  -1.3285591e-01  -3.2001861e-01  -1.4911765e-01   1.6263941e-02   3.4037650e-03  -3.3599132e-03
  -1.3580518e-01  -3.4197901e-01  -1.3716995e-01   1.6515350e-02   3.1098676e-03  -3.5234266e-03
  -1.2615926e-01  -3.5095131e-01  -1.3682926e-01   1.6101754e-02   2.7043224e-03  -3.5191823e-03
  -1.1791851e-01  -3.4143770e-01  -2.0210461e-01   1.6771141e-02   2.8629401e-03  -3.2868919e-03
  -1.0711305e-01  -2.9781784e-01  -2.1400870e-01   1.6822036e-02   2.5114174e-03  -3.3555856e-03
  -1.2542795e-01  -4.0806582e-01  -2.6847768e-01   1.8259279e-02   2.6859167e-03  -3.4664647e-03
  -1.3591918e-01  -3.4552893e-01  -2.2216637e-01   1.8011541e-02   2.8972617e-03  -3.4323827e-03
  -1.2225021e-01  -4.1237045e-01  -3.2050751e-01   1.8409541e-02   3.0354509e-03  -3.1547449e-03
  -1.1579652e-01  -3.3984939e-01  -2.3175788e-01   1.8600643e-02   3.3313990e-03  -3.4325800e-03
  -1.2736148e-01  -4.4344868e-01  -2.8830715e-01   1.7534685e-02   3.1485612e-03  -3.7402563e-03
  -1.1338207e-01  -3.5376827e-01  -2.1523154e-01   1.7041988e-02   3.0879811e-03  -3.5979701e-03
  -1.1435127e-01  -4.0313250e-01  -2.6585203e-01   1.6270047e-02   3.1237802e-03  -3.8475308e-03
  -1.2212702e-01  -4.3047010e-01  -3.1397203e-01   1.7124657e-02   2.9140388e-03  -3.7833808e-03
  -1.2660108e-01  -3.3839295e-01  -2.4834798e-01   1.7270200e-02   2.7853875e-03  -3.9726321e-03
  -1.3585149e-01  -3.3442047e-01  -2.3179802e-01   1.6797137e-02   2.9330549e-03  -4.0385208e-03
  -1.3837543e-01  -3.7743552e-01  -2.6524368e-01   1.6855228e-02   3.2099918e-03  -3.8665814e-03
  -1.1282011e-01  -3.6178363e-01  -2.2000656e-01   1.8563288e-02   2.9475297e-03  -3.8102279e-03
  -1.3723286e-01  -4.5110409e-01  -2.5554082e-01   1.8979071e-02   3.2643445e-03  -4.0753324e-03
  -1.0941543e-01  -4.1253442e-01  -2.0949612e-01   1.7244941e-02   3.1086843e-03  -4.2559208e-03
  -1.2875068e-01  -4.2237923e-01  -2.6859362e-01   1.6756620e-02   3.3740382e-03  -4.2651608e-03
  -1.1965471e-01  -3.1069971e-01  -2.1455943e-01   1.5617614e-02   3.5671544e-03  -3.3940549e-03
  -9.3985868e-02  -3.0838431e-01  -2.9225952e-01   1.6463487e-02   3.2608461e-03  -3.0454300e-03
  -1.0866347e-01  -3.3044358e-01  -2.7837145e-01   1.7537591e-02   3.9002777e-03  -3.2427160e-03
  -9.1198494e-02  -3.3106811e-01  -2.5435045e-01   1.8587027e-02   3.6274661e-03  -3.0163145e-03
  -1.1214119e-01  -4.0698832e-01  -2.5921746e-01   1.8298903e-02   3.2581866e-03  -3.6642672e-03
  -1.1898973e-01  -3.5798848e-01  -2.4252660e-01   1.7020846e-02   3.3109217e-03  -4.0127942e-03
  -1.1841579e-01  -3.4415462e-01  -3.2410195e-01   1.6258347e-02   3.2081068e-03  -4.0856563e-03
  -1.1209575e-01  -3.2667762e-01  -2.9911024e-01   1.6041640e-02   3.2227212e-03  -3.9712589e-03
  -9.6939724e-02  -2.7923115e-01  -2.5154102e-01   1.5834644e-02   2.6622403e-03  -4.0786869e-03
  -1.1530728e-01  -3.6665138e-01  -3.2229146e-01   1.6535060e-02   3.0476131e-03  -4.0141596e-03
  -9.9199351e-02  -3.0322046e-01  -2.7490378e-01   1.5934650e-02   2.8883308e-03  -3.7755941e-03
  -1.0319537e-01  -3.3912928e-01  -2.9200928e-01   1.6407224e-02   2.7819048e-03  -4.0100671e-03
  -1.2000268e-01  -3.7759870e-01  -3.2116176e-01   1.6949320e-02   3.0814657e-03  -3.9596685e-03
  -9.8312857e-02  -2.9328104e-01  -2.5736966e-01   1.6282361e-02   2.8156534e-03  -4.0874210e-03
  -1.0437237e-01  -3.8877028e-01  -3.0608860e-01   1.6977848e-02   2.8119521e-03  -4.1221289e-03
  -9.6693893e-02  -3.5455540e-01  -2.8951788e-01   1.6868189e-02   3.0642388e-03  -3.9470208e-03
  -7.7754737e-02  -3.7148090e-01  -3.3041075e-01   1.7645931e-02   2.6508565e-03  -4.0251858e-03
  -9.6218770e-02  -4.1444684e-01  -3.1745481e-01   1.8690376e-02   3.0184515e-03  -3.8687624e-03
  -8.1023707e-02  -3.8348553e-01  -3.4289776e-01   1.7984709e-02   2.6949324e-03  -4.1783938e-03
  -1.0596323e-01  -4.0840766e-01  -3.3620581e-01   1.7704076e-02   2.6589590e-03  -4.3614845e-03
  -9.5315769e-02  -2.8940451e-01  -3.0139361e-01   1.6495254e-02   2.4883640e-03  -4.1954386e-03
  -1.1400872e-01  -3.5436525e-01  -3.6214101e-01   1.6339983e-02   2.3927355e-03  -4.3550128e-03
  -1.1555908e-01  -3.0815963e-01  -3.2073540e-01   1.5728091e-02   2.3916615e-03  -4.3568460e-03
  -1.0405456e-01  -2.7641102e-01  -2.5978687e-01   1.6006296e-02   2.1489502e-03  -4.5522823e-03
  -1.1702765e-01  -3.6490864e-01  -3.1961576e-01   1.6359517e-02   2.4208902e-03  -4.3811619e-03
  -1.0463380e-01  -3.2844238e-01  -2.9472016e-01   1.6333285e-02   2.3945509e-03  -4.5319477e-03
  -1.1136300e-01  -3.0947560e-01  -2.8750883e-01   1.6504546e-02   2.5415185e-03  -4.6107154e-03
  -1.2393801e-01  -3.7975149e-01  -3.2730299e-01   1.6723475e-02   2.7095136e-03  -4.5747698e-03
  -1.1124439e-01  -3.2087247e-01  -2.8868528e-01   1.6753540e-02   2.4145323e-03  -4.7064840e-03
  -1.2622351e-01  -3.7579678e-01  -3.4622333e-01   1.7203718e-02   2.4495324e-03  -4.6936434e-03
  -1.1361102e-01  -3.6929107e-01  -3.2918921e-01   1.7645715e-02   2.3223543e-03  -4.6933752e-03
  -1.1297882e-01  -3.6168867e-01  -3.2728935e-01   1.8392711e-02   2.4828922e-03  -4.5135524e-03
  -1.2636050e-01  -4.2468022e-01  -3.6965552e-01   1.8761715e-02   2.4882630e-03  -4.5765186e-03
  -1.0538094e-01  -3.8644548e-01  -3.8792144e-01   1.7632787e-02   2.1230646e-03  -5.0396334e-03
  -1.1992668e-01  -4.0528420e-01  -4.1714310e-01   1.7966840e-02   2.2362676e-03  -5.0214811e-03
  -1.1167578e-01  -3.4008466e-01  -3.6310710e-01   1.7243778e-02   2.3806902e-03  -4.9648219e-03
  -8.8462337e-02  -3.3906510e-01  -3.9980270e-01   1.7139976e-02   1.5819084e-03  -5.0042824e-03
  -1.0528565e-01  -3.8283749e-01  -4.1295533e-01   1.7669264e-02   1.8006577e-03  -4.8566970e-03
  -1.0514779e-01  -3.2991298e-01  -3.8472770e-01   1.6005964e-02   1.5662742e-03  -5.1143106e-03
  -9.6810055e-02  -3.8063585e-01  -3.9489360e-01   1.6195508e-02   8.1095761e-04  -4.8349731e-03
  -1.1626163e-01  -3.3719197e-01  -3.2785043e-01   1.6517163e-02   1.4706686e-03  -5.0936230e-03
  -1.2252133e-01  -3.8499812e-01  -3.7356961e-01   1.6904679e-02   1.4862646e-03  -5.1718016e-03
  -1.1105878e-01  -3.6026575e-01  -3.9189642e-01   1.7130490e-02   1.1911193e-03  -5.2618739e-03
  -7.4820308e-02  -2.0184986e-01  -1.7803964e-01   1.4982627e-02   3.7192770e-04  -4.9254685e-03
  -6.9000568e-02  -1.7893915e-01   3.1707302e-02   1.2512942e-02  -6.4777243e-04  -4.7424777e-03
  -1.3874409e-01  -3.4829755e-01  -1.5896558e-01   1.4682683e-02   5.4039775e-04  -5.2886673e-03
  -1.0715131e-01  -2.9116788e-01  -1.4086815e-01   1.5121767e-02   5.1022120e-05  -5.4816973e-03
  -1.2070106e-01  -3.5602517e-01  -1.8210797e-01   1.5914313e-02   4.0001153e-04  -5.2453079e-03
  -9.0827522e-02  -2.8997970e-01  -1.2822087e-01   1.5458236e-02   1.8002734e-04  -5.2313161e-03
  -1.0809413e-01  -3.7696009e-01  -1.8873778e-01   1.6324574e-02   4.0078328e-04  -5.1816809e-03
  -1.0513914e-01  -3.1315706e-01  -1.3239282e-01   1.5406789e-02   4.3831771e-04  -5.3161282e-03
