   0.0000000e+00   0.0000000e+00   0.0000000e+00   0.0000000e+00   0.0000000e+00   0.0000000e+00
  -1.0561512e-02   5.0337694e-02   1.1668900e-01  -7.3017721e-04  -1.9515047e-04  -1.4559536e-04
  -1.5058958e-02   1.0634215e-02  -3.7839209e-02  -7.7918790e-04   2.8331268e-06  -5.0621625e-05
   2.0724264e-03   1.3121893e-01   1.1372207e-01  -1.6847887e-03  -1.2645045e-04   3.6064363e-04
  -7.4314921e-03   2.5820667e-02   4.4099624e-02  -7.9344365e-04   1.1922250e-05  -6.9873820e-05
  -2.4374001e-02   2.6738767e-02   8.6163330e-02  -1.3552408e-04   7.3973117e-04  -4.1947603e-04
  -7.6582768e-03   2.3142112e-02   7.2319412e-02   3.4287149e-04   4.2859329e-04  -5.6898549e-04
  -2.1903815e-02  -1.0139719e-02   1.2800637e-01   4.4151200e-04   8.4436387e-04  -7.1600438e-04
  -2.4971800e-02  -1.4232793e-02   5.3861281e-02   4.2032199e-04   4.5703363e-04  -3.1003087e-04
  -3.1723646e-02  -2.6090039e-02   2.4938632e-02   9.3906693e-04   6.9457858e-04  -4.8610536e-04
  -2.6951013e-02   3.8015792e-02   1.1951119e-01   2.1369744e-04   4.1710021e-04  -5.1718687e-04
  -4.0693030e-02  -4.0864140e-02   1.9813317e-02   1.2135689e-03   8.2718566e-04  -5.9840970e-04
  -2.4091804e-02  -4.6950058e-04   1.1809128e-01   1.6620948e-03   5.5908297e-04  -9.3070053e-04
  -6.0777253e-02  -6.8408431e-02   2.2063016e-02   1.4690894e-03   8.9268819e-04  -1.1014449e-03
  -6.0694916e-02  -4.7424205e-02  -1.5045558e-03   7.0344779e-04   6.9226343e-04  -1.2006456e-03
  -4.6514401e-02   4.8380748e-02   1.4338680e-01  -8.4429624e-04  -3.9627771e-05  -1.2676166e-03
  -4.1792898e-02   4.5872417e-03   8.8727547e-02  -5.8225206e-04  -2.2563184e-04  -1.5181566e-03
  -6.1401106e-02  -1.6884157e-02   9.9197466e-02   3.3926992e-04   2.1384169e-04  -1.5310438e-03
  -1.9163221e-02  -3.2076483e-02   1.1159126e-01   1.5740969e-03  -2.3571217e-04  -1.3364257e-03
  -5.1766384e-02  -1.0226641e-01   7.2947775e-02   1.7500487e-03   2.2918802e-04  -1.2951268e-03
  -6.1673224e-02   3.1329744e-02   2.0511462e-01  -1.1596406e-03  -8.7494839e-04  -1.3858543e-03
  -5.5650071e-02  -1.3104505e-03   6.3735168e-02  -2.7834979e-03  -1.1108904e-03  -1.4265791e-03
  -4.9657347e-02   6.8630862e-02   1.8158572e-01  -2.5242994e-03  -1.2817318e-03  -1.0205879e-03
  -2.2999545e-02   6.9520172e-02   6.6455220e-02  -1.0970674e-03  -5.7985894e-04  -5.7482308e-04
  -5.5356659e-02  -6.3565252e-02   6.9767288e-02   6.5837201e-04  -3.7391967e-04  -9.1748113e-04
  -5.8164546e-02  -2.8052454e-02   7.4025446e-02   1.8329162e-03  -2.5816608e-05  -1.1071837e-03
  -6.6663797e-02  -6.8538434e-02  -7.7571751e-03   8.5899898e-04   7.2723043e-05  -1.2401970e-03
  -8.7451564e-02  -2.5161677e-02  -5.4578597e-02  -1.8657671e-04   1.8315143e-04  -1.6400143e-03
  -8.4540094e-02   7.0554734e-02   1.0197638e-01  -8.3140643e-04  -1.7684409e-04  -1.9130279e-03
  -8.3767629e-02  -7.5015500e-02  -9.0782965e-05   2.2536501e-03   7.1272168e-06  -1.6404706e-03
  -5.5660527e-02  -4.5177689e-02   1.0957257e-01   2.5018625e-03  -2.2890537e-04  -1.8121347e-03
  -8.5563420e-02  -9.8661521e-02   1.6866875e-02   2.4037910e-03   9.3535815e-05  -1.8928531e-03
  -8.0398784e-02  -6.8284413e-02   2.6009575e-02   2.1476512e-03   2.3704123e-04  -1.8549241e-03
  -9.0836831e-02  -8.3227310e-02  -6.0142326e-02   8.9987172e-04   1.6796782e-05  -2.3881397e-03
  -1.0174312e-01   5.6860657e-02   8.0099143e-02   7.2263922e-04  -3.5184785e-05  -2.4707976e-03
  -9.0513686e-02  -5.4733843e-02  -1.3525715e-02   4.5602525e-04   1.7796477e-04  -2.3139555e-03
  -1.3292294e-01  -7.0925501e-02  -1.3096682e-02   1.2386268e-03   1.2001449e-03  -2.8971080e-03
  -1.1654278e-01  -8.7363796e-02  -6.3516832e-02   1.7757263e-03   8.9481016e-04  -2.7014349e-03
  -1.0152560e-01  -2.3356392e-02  -3.7394390e-02   1.8580878e-03   3.7680347e-04  -2.6967765e-03
  -1.0121216e-01  -1.8988206e-01  -8.6742324e-02   3.3186170e-03   3.5205949e-04  -2.6319030e-03
  -9.3126256e-02  -1.7134118e-01  -1.4095687e-01   3.5046753e-03   4.5235908e-04  -2.5326029e-03
  -1.0426779e-01  -2.0451983e-01  -2.0003089e-01   3.6914548e-03   5.5235097e-04  -2.5355309e-03
  -1.2296237e-01  -1.2146463e-01  -1.0390144e-01   3.4899846e-03   9.0100823e-04  -2.5407286e-03
  -1.3533566e-01  -1.9799251e-01  -1.7198938e-01   4.8737561e-03   1.4118083e-03  -2.6338861e-03
  -1.2822721e-01  -1.5928468e-01  -1.0319853e-01   5.0266496e-03   1.3292616e-03  -2.5864927e-03
  -1.1580906e-01  -2.6025327e-01  -1.3352702e-01   6.6746399e-03   5.8627791e-04  -2.6799051e-03
  -1.1092132e-01  -1.7752397e-01  -6.6540692e-02   4.9299137e-03   5.7294178e-04  -2.9069751e-03
  -1.2761533e-01  -1.4426799e-01  -1.1906987e-01   2.1346053e-03   1.0793125e-03  -3.5046861e-03
  -1.4894104e-01  -5.5095897e-02   1.9818862e-01   3.9387044e-04   7.2343072e-04  -3.6873753e-03
  -1.3147281e-01  -2.0100198e-01  -1.1463539e-02   2.6466139e-03   6.2711012e-04  -3.3924041e-03
  -1.3653435e-01  -1.3265407e-01   1.0898794e-01   4.4032072e-03   1.1052858e-03  -3.2809481e-03
  -1.5186859e-01  -2.6948719e-01   4.7601942e-02   5.3073895e-03   1.3157802e-03  -3.7670082e-03
  -1.5659668e-01  -2.5356026e-01   7.9163631e-02   4.1097381e-03   1.6773819e-03  -3.6975972e-03
  -1.7965321e-01  -2.9801831e-01   1.8234927e-02   4.3555128e-03   1.3627043e-03  -3.8857353e-03
  -1.6643451e-01  -1.5667047e-01   8.0295652e-02   3.6706370e-03   8.7619864e-04  -4.2784930e-03
  -1.6367780e-01  -2.2808809e-01   7.8488398e-02   2.3675999e-03   8.1744291e-04  -3.7711002e-03
  -1.7903540e-01  -1.6013675e-01   1.1428866e-02   1.8362688e-03  -5.5989972e-04  -3.9336047e-03
  -1.5402097e-01  -1.5036209e-01   1.2041758e-01   2.9459000e-03   3.8524378e-05  -3.7034709e-03
  -1.7575655e-01  -2.8599203e-01   2.5252509e-02   6.1245788e-03   5.7825789e-04  -3.7664698e-03
  -1.7807074e-01  -2.6785987e-01   9.1052294e-02   5.0827946e-03   6.1162414e-04  -4.1284410e-03
  -1.8174403e-01  -2.6136256e-01  -4.5899934e-02   4.0325434e-03   9.6629143e-04  -4.0973574e-03
  -1.4650186e-01  -1.3878454e-01  -4.0126623e-02   3.8432429e-03   8.0819943e-04  -3.5357852e-03
  -1.2412253e-01  -1.4126914e-01  -1.7117260e-03   3.9482245e-03   9.0759655e-04  -3.0097541e-03
  -1.7535300e-01  -1.7679294e-01   1.2580401e-01   4.3228465e-03   1.0879174e-03  -3.5707221e-03
  -1.6853062e-01  -2.9270098e-01  -4.3263620e-03   5.5100129e-03   1.2521417e-03  -3.7349063e-03
  -1.4167185e-01  -1.6761808e-01  -4.5411238e-02   4.0748007e-03   9.9902684e-04  -3.4086227e-03
  -1.7132064e-01  -2.6700924e-01  -8.3489818e-03   5.8910707e-03   1.3734155e-03  -3.5706789e-03
  -1.7369729e-01  -2.4053297e-01  -4.1679650e-02   6.3360781e-03   1.2328869e-03  -3.5174217e-03
  -1.7079041e-01  -2.4222279e-01  -6.3715514e-02   5.0324680e-03   1.2680078e-03  -3.7748883e-03
  -1.7274062e-01  -1.5921206e-01   2.1778391e-02   4.3027055e-03   7.4240412e-04  -3.9744196e-03
  -1.6529055e-01  -2.2232149e-01  -8.0346517e-02   5.4445247e-03   8.0494481e-04  -3.9047470e-03
  -1.8255269e-01  -2.0791201e-01   5.0494798e-02   6.4530187e-03   9.5068538e-04  -3.7095605e-03
  -1.7404731e-01  -2.8137061e-01  -5.6613819e-02   6.1110316e-03   6.8300209e-04  -4.0210006e-03
  -1.8305930e-01  -2.2031652e-01  -3.4496642e-02   5.1568153e-03   1.2643425e-03  -4.0333099e-03
  -2.0277634e-01  -2.6661489e-01  -1.1533630e-01   6.1948564e-03   1.0557745e-03  -4.1403778e-03
  -1.8720071e-01  -1.4428379e-01   5.2478088e-02   4.9263593e-03   6.7451370e-04  -4.1755410e-03
  -2.0107939e-01  -2.4963842e-01  -1.5309676e-02   5.1751133e-03   1.5898590e-03  -4.5531980e-03
  -2.1115162e-01  -2.5598187e-01   1.6787300e-02   4.3303024e-03   1.6447194e-03  -4.5378062e-03
  -1.7422075e-01  -1.9243037e-01  -5.2208216e-02   4.9881903e-03   1.6328566e-03  -4.2129797e-03
  -1.9167836e-01  -3.3067352e-01  -6.8090861e-02   6.8300238e-03   1.1810950e-03  -4.3253391e-03
  -1.6242647e-01  -2.3134741e-01  -1.3978380e-01   6.1821312e-03   9.7896107e-04  -4.2540425e-03
  -1.5018933e-01  -1.9357110e-01  -9.6822993e-02   5.8612579e-03   6.6893436e-04  -4.3053831e-03
  -1.4826071e-01  -2.2164989e-01  -5.2908307e-02   5.9059919e-03   7.7202888e-04  -4.1142641e-03
  -1.8142562e-01  -3.1153513e-01  -5.8636223e-02   7.2259601e-03   1.2278488e-03  -4.3308402e-03
  -1.7580988e-01  -2.7018391e-01  -1.9565738e-02   7.0466980e-03   1.0115247e-03  -4.5740264e-03
  -2.2555692e-01  -4.1121783e-01  -6.7143043e-02   8.2785499e-03   1.4423104e-03  -4.8572536e-03
  -2.0751240e-01  -3.1677698e-01  -1.3458705e-02   8.0239641e-03   9.8348478e-04  -5.4112985e-03
  -1.4982850e-01  -1.9120793e-01  -3.4938605e-02   6.8657689e-03  -1.1205149e-04  -5.6456210e-03
  -1.3868363e-01  -2.9360092e-01  -8.1746020e-02   7.9584932e-03   1.6481990e-04  -4.9245458e-03
  -1.5096086e-01  -1.9602101e-01  -1.8490043e-02   7.9517342e-03   1.8520017e-04  -5.1998031e-03
  -1.7194965e-01  -3.1487311e-01  -6.2386033e-02   8.0357968e-03   3.8638132e-04  -5.4915617e-03
  -1.8047702e-01  -2.9523138e-01   3.0258547e-02   8.9927230e-03   3.2960437e-04  -5.5305298e-03
  -2.3156085e-01  -3.9567039e-01  -1.8152239e-02   9.3415768e-03   6.2199293e-04  -6.5658734e-03
  -2.0862887e-01  -2.5151771e-01   5.0788519e-03   8.0189424e-03   5.4434090e-04  -6.5036846e-03
  -2.1676180e-01  -3.8780164e-01  -7.0330232e-02   8.8956941e-03   5.2698871e-04  -6.4742879e-03
  -2.3119234e-01  -3.3740927e-01   5.4638618e-02   9.3069826e-03   2.2112588e-04  -7.0225298e-03
  -2.3918246e-01  -3.6072727e-01  -1.0637837e-03   9.1380602e-03   1.3781972e-04  -7.3593160e-03
  -2.7125161e-01  -3.4416013e-01   7.7724980e-02   8.8099095e-03   2.0274736e-04  -8.0349220e-03
  -2.5973727e-01  -3.0955760e-01   4.7864461e-02   8.6790959e-03   3.8664453e-04  -8.3127068e-03
  -2.8527481e-01  -4.2316293e-01   8.7981312e-02   9.6187204e-03   3.3387220e-04  -8.5405191e-03
  -2.9023294e-01  -3.8232749e-01   1.4497350e-01   1.0145933e-02   7.2810778e-04  -8.8723234e-03
  -2.8694360e-01  -4.4966046e-01   6.0237840e-02   9.9642044e-03   1.2906599e-03  -9.1327616e-03
  -2.5229233e-01  -3.6676574e-01   8.9357912e-02   9.7164572e-03   1.0191115e-03  -9.1647374e-03
  -2.8116757e-01  -4.5190408e-01   1.4587358e-02   1.0365650e-02   1.4364604e-03  -9.3595794e-03
  -2.8127584e-01  -3.9241483e-01   5.6092006e-02   1.0165038e-02   1.3110630e-03  -9.3976399e-03
  -2.9073529e-01  -4.7691242e-01  -6.1939197e-03   1.1731326e-02   9.0598930e-04  -9.8806568e-03
  -2.8856969e-01  -3.4300964e-01   5.9630667e-02   1.0904605e-02   1.2205129e-03  -9.9766144e-03
  -2.9923549e-01  -4.3151335e-01  -1.1443207e-02   1.0796552e-02   1.3469526e-03  -1.0043618e-02
  -2.4915396e-01  -3.0377173e-01   1.2529344e-01   9.8556374e-03  -3.5235586e-05  -9.2867176e-03
  -2.6854055e-01  -4.7816160e-01  -1.5909438e-02   1.0276764e-02   5.9801935e-04  -9.7731230e-03
  -2.4331653e-01  -2.7564260e-01  -2.6446651e-02   9.6037368e-03  -3.1335280e-04  -9.5957046e-03
  -2.5176019e-01  -3.3401267e-01   2.1519520e-02   1.0406773e-02  -3.6194312e-04  -9.4400752e-03
  -2.6325709e-01  -3.7975266e-01  -4.2869547e-02   1.0662788e-02   1.6036446e-04  -9.2634463e-03
  -2.6043143e-01  -2.9485130e-01   6.8898350e-02   1.0279658e-02   3.5977454e-04  -9.2403612e-03
  -2.6422224e-01  -3.1019522e-01   1.4094448e-02   1.0198186e-02   7.1065914e-05  -9.1194703e-03
  -2.6366687e-01  -3.2546752e-01   4.6926900e-02   1.0371159e-02   2.5578101e-04  -9.1535665e-03
  -2.4377267e-01  -3.7102996e-01  -3.4836655e-02   1.1032465e-02  -6.1931935e-04  -9.0321913e-03
  -2.3912236e-01  -2.6334665e-01  -3.6829480e-02   1.1011885e-02  -6.1611533e-04  -9.1642522e-03
  -2.5288125e-01  -3.6071697e-01   2.8474991e-02   1.1665698e-02   4.9823667e-05  -9.5055023e-03
  -2.4813337e-01  -3.9966207e-01  -4.6979286e-03   1.2171967e-02  -5.0613432e-06  -9.3839181e-03
  -2.3443003e-01  -2.9484529e-01   6.8982846e-02   1.0496388e-02  -2.9923234e-04  -9.7371851e-03
  -2.4637401e-01  -5.1063281e-01  -2.1665960e-02   1.2058811e-02  -3.5158709e-04  -9.5633568e-03
  -2.4389426e-01  -4.6300877e-01  -4.9738610e-02   1.1604872e-02  -4.2886992e-04  -9.5694214e-03
  -2.3085099e-01  -2.6534599e-01  -1.5664110e-02   1.0878232e-02  -7.0883023e-04  -9.4657728e-03
  -2.4681214e-01  -3.6194205e-01  -1.6917435e-03   1.1721976e-02  -8.0663615e-04  -9.4802937e-03
  -2.3800586e-01  -3.2774253e-01  -1.0600614e-02   1.2151632e-02  -8.6453357e-04  -9.9466806e-03
  -2.4610163e-01  -4.2422953e-01  -1.4596122e-02   1.3153503e-02  -9.3080579e-04  -9.7614516e-03
  -2.4531034e-01  -3.7525925e-01  -9.7039183e-03   1.2032068e-02  -6.6722627e-04  -9.7851224e-03
  -2.5731173e-01  -2.9475540e-01   1.1537894e-01   1.1404793e-02  -3.5479716e-04  -9.9893311e-03
  -2.2134368e-01  -4.9824454e-01  -8.9730326e-04   1.1229528e-02  -5.3003331e-04  -9.1930558e-03
  -2.1469007e-01  -3.8620501e-01  -7.6818475e-02   1.2370631e-02  -8.4889674e-05  -9.0488519e-03
  -2.2814558e-01  -3.0795019e-01  -2.4702630e-02   1.2536702e-02   5.1888679e-05  -9.4681158e-03
  -2.2126094e-01  -4.5003771e-01  -6.3401982e-02   1.3769176e-02  -9.4619509e-05  -9.3312961e-03
  -2.1760455e-01  -3.6320467e-01  -4.2973991e-02   1.3263740e-02  -5.7347883e-04  -1.0044606e-02
  -2.2789666e-01  -3.1473737e-01   6.3518709e-02   1.0434969e-02  -2.0223962e-04  -1.0274656e-02
  -2.1104630e-01  -5.0437499e-01   3.6796957e-03   1.1170940e-02  -8.3061963e-04  -9.3894918e-03
  -2.1589194e-01  -4.1108951e-01  -6.4516839e-02   1.2335122e-02  -4.3934535e-04  -9.1179242e-03
  -2.3161932e-01  -4.3922502e-01  -8.9215933e-02   1.4325477e-02  -8.0035358e-04  -9.5502678e-03
  -2.4866048e-01  -4.4271799e-01  -7.5929764e-02   1.4560188e-02  -9.9541501e-04  -1.0248640e-02
  -2.6592349e-01  -4.1204931e-01  -8.9547848e-02   1.4047655e-02  -6.6021676e-04  -1.0922459e-02
  -2.3207864e-01  -4.5579918e-01  -1.1861277e-01   1.3848985e-02  -6.9494513e-04  -1.0085254e-02
  -2.2239126e-01  -3.9975161e-01  -9.5614326e-02   1.3467677e-02  -1.4110452e-03  -9.8730436e-03
  -2.0177717e-01  -2.7719508e-01   9.3069357e-02   1.1836295e-02  -1.0720638e-03  -9.0713496e-03
  -2.3640707e-01  -3.8174224e-01  -4.4230618e-02   1.3884847e-02  -1.1583164e-04  -9.4429364e-03
  -2.7216930e-01  -3.8382706e-01   8.7992376e-02   1.5599162e-02  -2.7894609e-04  -1.0347702e-02
  -2.8734002e-01  -4.4162925e-01   5.0020546e-02   1.4938013e-02  -3.4753302e-04  -1.0733490e-02
  -2.7005842e-01  -2.9797663e-01   1.8994424e-02   1.3722965e-02  -9.6158146e-04  -1.0979096e-02
  -2.3991469e-01  -2.8923935e-01   1.3649468e-01   1.3672950e-02  -1.2817207e-03  -1.0546926e-02
  -2.6776431e-01  -4.0000340e-01   2.2869811e-02   1.4758576e-02  -8.3480329e-04  -1.0816874e-02
  -2.5143693e-01  -2.9149854e-01   1.4006137e-01   1.5661808e-02  -7.0871961e-04  -1.1075039e-02
  -2.7894529e-01  -4.3125157e-01   9.2267265e-02   1.6018337e-02  -4.1955041e-04  -1.1404689e-02
  -2.4804410e-01  -4.1578865e-01   1.2589238e-01   1.6059567e-02  -7.3997379e-04  -1.1376324e-02
  -2.6014120e-01  -4.2942288e-01   6.9298380e-02   1.5531732e-02  -7.6206667e-04  -1.1294480e-02
  -2.6615330e-01  -4.2103439e-01   6.2241120e-02   1.5766312e-02  -6.8518715e-04  -1.1446890e-02
  -2.2644354e-01  -3.8359678e-01  -6.6676635e-03   1.5658502e-02  -1.6153915e-03  -1.1092544e-02
  -2.4655695e-01  -3.7135431e-01  -5.4046344e-02   1.6184852e-02  -1.1514468e-03  -1.1168631e-02
  -2.1511505e-01  -2.5197384e-01   1.1415739e-01   1.5400405e-02  -2.0829342e-03  -1.0512542e-02
  -2.4865807e-01  -3.9490881e-01   4.0546810e-03   1.6295423e-02  -1.4134735e-03  -1.0878700e-02
  -2.5247419e-01  -3.2595317e-01   6.8044941e-02   1.5523110e-02  -1.4672915e-03  -1.1202709e-02
  -2.5945336e-01  -4.2852655e-01   2.9611925e-03   1.4882178e-02  -1.4167468e-03  -1.1305264e-02
  -2.5783349e-01  -3.1948684e-01   7.7114926e-02   1.4444086e-02  -1.6408685e-03  -1.1310755e-02
  -2.7389601e-01  -3.8284921e-01   2.1997115e-02   1.5459794e-02  -1.1338089e-03  -1.1435670e-02
  -2.7793970e-01  -3.9208922e-01   4.2107577e-02   1.6253044e-02  -1.0368141e-03  -1.1346416e-02
  -2.8944243e-01  -4.2136544e-01   2.6312942e-03   1.7749115e-02  -1.0426148e-03  -1.1533415e-02
  -2.8299222e-01  -3.4843816e-01   1.8590607e-01   1.6889945e-02  -1.9470052e-04  -1.0790598e-02
  -2.6146063e-01  -3.4621142e-01   1.0276346e-01   1.6056417e-02  -1.1468010e-04  -1.1365940e-02
  -2.4846863e-01  -2.7866489e-01   1.8902526e-01   1.5132086e-02  -1.5006177e-03  -1.1163026e-02
  -2.5024587e-01  -4.8047492e-01  -9.4673100e-03   1.6080025e-02  -1.0089990e-03  -1.0730419e-02
  -2.3059480e-01  -3.0430436e-01  -8.7076240e-02   1.5941581e-02  -4.2507118e-04  -1.0068531e-02
  -2.1106465e-01  -1.8056271e-01   1.2889739e-01   1.5430300e-02  -1.3860922e-03  -9.8804674e-03
  -1.9440341e-01  -2.6520972e-01   1.1046956e-01   1.6733141e-02  -9.5387607e-04  -1.0293706e-02
  -1.9578944e-01  -3.2459919e-01   7.1662377e-02   1.8078943e-02   2.4291030e-04  -9.5296748e-03
  -1.7187246e-01  -3.6417606e-01  -2.0399747e-02   1.8964392e-02  -9.1511611e-04  -9.7893070e-03
  -1.9014484e-01  -3.2564666e-01   7.5161113e-02   1.7146184e-02  -8.9219377e-04  -1.0143128e-02
  -1.9466449e-01  -4.0138791e-01  -1.1943073e-02   1.8357538e-02  -6.9524507e-04  -9.8271337e-03
  -2.0783406e-01  -3.2767067e-01   1.6752512e-01   1.9088828e-02  -8.2100545e-04  -1.0153768e-02
  -2.1824734e-01  -3.8548472e-01   6.6355883e-02   1.8155149e-02  -7.9682394e-04  -1.1044205e-02
  -2.1080438e-01  -3.0835041e-01   1.7204204e-01   1.7602855e-02  -1.2930791e-03  -1.1268449e-02
  -2.2983859e-01  -4.3418628e-01   3.5324735e-02   1.8129827e-02  -1.0832449e-03  -1.1316191e-02
  -2.1142620e-01  -3.1329359e-01   1.0098795e-01   1.7300790e-02  -1.3518686e-03  -1.1242891e-02
  -2.2297890e-01  -3.9417205e-01   4.2880456e-02   1.8327403e-02  -1.3807749e-03  -1.1345740e-02
  -2.1372919e-01  -3.1169532e-01   1.6773786e-01   1.7478297e-02  -1.6542895e-03  -1.0957541e-02
  -2.1934771e-01  -3.5099469e-01   1.3450966e-01   1.7431146e-02  -1.2912660e-03  -1.0815133e-02
  -2.0193040e-01  -3.0700715e-01   1.8796470e-01   1.7762422e-02  -1.7373308e-03  -1.0828333e-02
  -2.1022122e-01  -4.3289807e-01   1.0496908e-01   1.8651296e-02  -1.5141890e-03  -1.0776173e-02
  -2.0862873e-01  -3.6623835e-01   2.1110963e-01   1.8671787e-02  -1.7313189e-03  -1.0980539e-02
  -2.3615252e-01  -4.6358863e-01   1.6238037e-01   2.0230283e-02  -1.1571862e-03  -1.1424702e-02
  -2.1130415e-01  -3.4438947e-01   2.3705643e-01   1.8207720e-02  -1.2055903e-03  -1.1543917e-02
