   0.0000000e+00   0.0000000e+00   0.0000000e+00   0.0000000e+00   0.0000000e+00   0.0000000e+00
  -1.0418518e-02  -7.1836993e-02  -1.6132902e-04   6.6340077e-04   5.2792180e-04  -8.4835660e-05
  -8.8022967e-04   3.3120339e-02   1.0256523e-01   6.0061031e-04   2.9727813e-04   5.3386859e-05
   3.4372585e-03  -3.5394412e-02  -2.4283157e-02   1.0855864e-03   3.6875062e-04  -1.3557277e-04
   3.5657443e-03   5.4117966e-03   1.0318473e-01   6.3449597e-04   4.9846912e-04   1.2274765e-04
  -1.0407119e-02  -8.2827915e-02  -2.7880602e-02   1.2319961e-03   8.1518255e-04  -3.7856326e-04
  -1.9690948e-02  -8.3070159e-03   7.1264695e-02   1.2635486e-03   8.3373858e-04  -2.3362651e-04
   1.3950813e-03  -5.5811707e-02  -2.2330661e-02   1.6443659e-03   1.0107663e-03  -3.1915884e-04
  -7.3426372e-03   2.1551523e-02   9.0369064e-02   7.6964491e-04   8.5153053e-04  -5.2985718e-04
   5.7324865e-03   2.0234218e-02   3.0939248e-02   7.8392009e-04   6.1865897e-04  -3.3173219e-04
  -2.4672836e-02  -1.2755977e-02  -2.1605398e-02   8.0027433e-04   6.1516792e-04  -6.4429659e-04
  -2.2954833e-02   5.8594870e-02   7.5786119e-02   1.0133140e-03   2.4815780e-04  -9.6049530e-04
  -2.9349876e-02   4.2377962e-02   5.2553316e-02   8.3255567e-05   1.7601972e-04  -9.2408897e-04
  -3.0163562e-02   6.4592329e-02   7.1356506e-02   5.1320257e-04   3.8147997e-04  -3.1335266e-04
  -2.1042318e-02   9.2714424e-02   2.7674221e-01  -2.3393219e-03   1.4138185e-04  -1.2440907e-04
  -5.2889640e-02   2.6017763e-02   2.4597324e-01  -2.7610867e-03   6.8830329e-04  -3.7630222e-04
  -4.6992503e-02   9.5193466e-02   3.0976530e-01  -1.8034376e-03   9.8917073e-04  -3.4258541e-04
  -3.3445794e-02   7.0360602e-02   2.8263624e-01  -1.4203374e-03   4.3734952e-04  -7.1917429e-04
  -4.6983548e-02   1.8990357e-02   2.5754621e-01  -6.7126267e-04   1.0490835e-03  -4.8110807e-04
  -4.3472260e-02   8.6829774e-02   3.1797182e-01  -1.4386979e-03   8.5006832e-04  -5.5678584e-04
  -4.9445031e-02   2.2018967e-02   2.5310836e-01  -1.0155233e-03   6.0960784e-04  -8.0868231e-04
  -6.4968498e-02   7.2807557e-02   3.2187037e-01  -1.1948417e-03   1.1301143e-03  -9.3167022e-04
  -7.1361146e-02  -2.4165177e-02   2.2916379e-01  -6.3517285e-04   8.4407250e-04  -1.3041163e-03
  -6.4288383e-02   2.1055375e-02   2.3038485e-01  -6.1836244e-04   3.1642592e-04  -1.4015876e-03
  -7.2036720e-02   8.4204157e-02   3.3103850e-01  -1.0698137e-03   7.7148044e-04  -1.3026681e-03
  -7.2660261e-02  -3.8002162e-02   2.6361713e-01  -4.7526689e-04   4.6095315e-04  -1.4564501e-03
  -7.8869633e-02   1.3068106e-03   2.4082877e-01  -1.1745150e-03   5.2787559e-04  -1.4587598e-03
  -8.4522481e-02   6.5534689e-02   3.2810680e-01  -1.8383322e-03   9.9913672e-04  -1.5012234e-03
  -7.3173689e-02  -2.5467361e-02   2.8555850e-01  -1.2556952e-03   9.9832189e-04  -1.3317844e-03
  -5.7896635e-02  -2.2401760e-03   2.5887991e-01  -9.9227475e-04   1.0010196e-03  -1.0768332e-03
  -4.2126798e-02   8.0772287e-02   3.4117112e-01  -1.3279762e-03   1.0013806e-03  -9.2484415e-04
  -4.3726066e-02  -1.1310159e-02   2.0017906e-01  -5.7656715e-04   6.7610088e-04  -8.4969197e-04
  -5.5546243e-02   2.9838716e-02   2.6206281e-01  -1.2942176e-04   8.3572257e-04  -1.1761059e-03
  -4.6567106e-02   1.8483913e-02   2.1800782e-01  -6.4178658e-05   8.3360738e-04  -1.2900836e-03
  -5.6217838e-02  -1.3183307e-02   1.9274754e-01  -6.3952200e-05   1.0452551e-03  -1.3437571e-03
  -4.5281547e-02   6.2180162e-02   3.0404954e-01  -1.3696359e-03   2.0747218e-04  -1.3492311e-03
  -6.8752881e-02  -3.3954030e-02   2.0383400e-01  -6.1131879e-04   5.8524403e-04  -1.3103915e-03
  -4.6707669e-02   5.6348056e-02   2.3921722e-01  -6.0574336e-04   6.6236157e-04  -1.3152250e-03
  -4.0513084e-02  -2.7515396e-02   1.3284781e-01   8.4609238e-04   7.4020244e-04  -1.3643792e-03
  -4.6288529e-02  -1.4503469e-02   2.2124716e-01   7.6693292e-04   1.0204414e-03  -1.6239467e-03
  -2.8619700e-02  -5.5843613e-03   2.4876169e-01   5.1034472e-04   5.9796848e-04  -1.5669517e-03
  -4.7716466e-02  -5.0215845e-03   1.9940281e-01   4.3437480e-04   7.5150680e-04  -1.8422391e-03
  -5.2000823e-03   1.0710402e-01   4.1203690e-01  -1.2950864e-03   1.8659959e-03   3.0192568e-04
  -2.4186049e-02  -5.0191674e-02   2.3635128e-01  -4.5349940e-03   1.0636484e-03   2.5515644e-04
  -1.4620750e-02   8.7169854e-02   2.6692796e-01  -8.1233522e-03   8.3390268e-05   1.0803142e-03
   2.1903769e-02   1.4780377e-01   3.3320859e-01  -9.3474774e-03   1.3466212e-04   1.9157667e-03
   1.7798658e-02   5.6788991e-02   2.3581691e-01  -9.1419627e-03   2.4196153e-05   1.6046487e-03
   3.2173694e-02   1.2228291e-01   3.0423790e-01  -8.2170865e-03   6.9711796e-04   1.9636127e-03
   2.2948738e-02   7.2832049e-02   2.3037186e-01  -7.6785635e-03   7.0799326e-04   1.7913453e-03
   1.8275450e-02   4.2790181e-02   2.4411966e-01  -6.2513096e-03   1.1100728e-03   1.6598021e-03
   1.4262368e-02   5.2792516e-02   2.2301615e-01  -4.8663540e-03   1.7997781e-03   1.6423140e-03
   5.5072422e-03  -4.6196318e-02   1.1307067e-01  -2.8151022e-03   2.1082178e-03   1.3635231e-03
   7.8009011e-03   3.5217612e-02   2.2152162e-01  -2.5311781e-03   2.4541952e-03   1.2497202e-03
  -1.6549544e-02  -5.8675893e-02   1.1915955e-01  -3.6401986e-03   1.8304287e-03   3.1413005e-04
  -2.4250036e-02   9.6204095e-03   2.0908654e-01  -5.4126744e-03   9.8889428e-04  -4.2208350e-04
  -1.4902052e-02   1.8829618e-01   3.2892688e-01  -2.5826851e-03   1.3392396e-03   6.1522777e-04
  -2.9575013e-02   2.9786251e-02   2.7080507e-01  -4.0008448e-03   1.8171953e-03   8.7628187e-04
  -2.6568464e-02   9.9126316e-02   3.5322485e-01  -4.8497142e-03   2.1047275e-03   8.6653538e-04
  -3.8828993e-02   3.8626261e-02   2.7702609e-01  -4.2013998e-03   1.7897081e-03   6.5231787e-04
  -4.4800449e-02   4.9320098e-02   3.1450332e-01  -4.1046004e-03   2.2589249e-03   5.2580997e-04
  -3.0609056e-02   5.4132914e-02   3.0916881e-01  -3.2268980e-03   1.8238995e-03   3.3084258e-04
  -5.8955748e-02  -1.3036582e-02   2.7238713e-01  -2.7045212e-03   2.3433459e-03   3.3081182e-04
  -5.3164634e-02   2.0969665e-02   2.7930060e-01  -1.8587429e-03   2.4870971e-03   3.3849003e-04
  -8.5671693e-02  -4.6797224e-02   2.6391422e-01  -6.6896554e-04   3.5184757e-03  -3.8103468e-06
  -8.0934825e-02  -6.1690494e-02   2.1655940e-01  -1.8753138e-03   3.5242868e-03  -5.8455419e-04
  -7.8444084e-02  -5.4748302e-03   2.1186143e-01  -1.8914082e-03   3.3004988e-03  -8.2301909e-04
  -6.4692891e-02   4.0766075e-02   2.6729309e-01  -2.7445602e-03   2.5328531e-03  -8.8018491e-04
  -6.0921509e-02  -4.3180234e-02   2.3926422e-01  -2.2841689e-03   2.5116628e-03  -9.0612665e-04
  -6.3683185e-02   5.2029424e-02   3.1105793e-01  -2.0818977e-03   2.7075155e-03  -7.9675367e-04
  -7.3693385e-02  -4.4233305e-02   2.0374009e-01  -1.4482396e-03   2.8874388e-03  -7.4681267e-04
  -6.5233151e-02   4.0840120e-02   2.9607361e-01  -2.2911739e-03   2.7204883e-03  -9.6273072e-04
  -5.4505514e-02   9.5784928e-03   2.2884179e-01  -2.5247687e-03   2.1868616e-03  -8.6314409e-04
  -7.2387382e-02   8.8377755e-03   2.2094520e-01  -2.6751514e-03   2.5842504e-03  -8.7322570e-04
  -6.5462084e-02   6.8747404e-02   2.6104940e-01  -2.9580483e-03   2.3055425e-03  -9.9337482e-04
  -7.4551825e-02   5.5372523e-03   1.9477730e-01  -2.4132113e-03   2.1745166e-03  -9.4912729e-04
  -1.0109419e-01   6.3662527e-02   3.0730101e-01  -2.9274146e-03   2.6796222e-03  -9.3209947e-04
  -8.3525151e-02   7.3425617e-02   2.5988469e-01  -3.2047212e-03   2.6991853e-03  -1.0041876e-03
  -8.8425846e-02  -4.1836828e-03   2.0685809e-01  -2.5862773e-03   2.7859594e-03  -8.5900966e-04
  -8.0632295e-02   6.7926574e-02   2.7708623e-01  -2.4739205e-03   2.5734527e-03  -1.0125114e-03
  -8.6880727e-02  -1.2113048e-03   2.2027286e-01  -2.2711752e-03   2.7040553e-03  -1.0181653e-03
  -6.7129800e-02   7.9259774e-03   2.3441053e-01  -1.7950675e-03   2.8727851e-03  -8.5802783e-04
  -6.4882371e-02   1.8217570e-02   2.2610914e-01  -7.8887425e-04   3.2748009e-03  -5.9300378e-04
  -5.8876322e-02  -4.2100829e-02   2.2251765e-01  -4.7247649e-04   3.5469290e-03  -5.8811989e-04
  -5.5663911e-02  -9.1310942e-03   2.3195856e-01  -1.3274299e-03   3.3487305e-03  -9.3307625e-04
  -6.5333257e-02  -4.5880248e-02   1.8642990e-01  -1.9898650e-03   3.3467133e-03  -8.5797818e-04
  -5.0978476e-02   5.6258770e-02   2.4260670e-01  -3.7323803e-03   2.4830418e-03  -1.2638234e-03
  -7.6852482e-02  -3.4293747e-02   1.8605189e-01  -5.1388408e-03   2.5679429e-03  -1.0526231e-03
  -4.2729926e-02   9.6993799e-02   2.0928101e-01  -3.3106705e-03   1.8998557e-03  -1.1447231e-03
  -4.7052544e-02  -3.8604983e-04   1.6333477e-01  -2.7430547e-03   1.7877220e-03  -1.1543030e-03
  -8.4734865e-02   1.8206094e-02   2.2607437e-01  -2.4988251e-03   2.4673725e-03  -1.3026577e-03
  -8.1871489e-02  -9.3221834e-02   1.1042882e-01  -2.6502805e-03   2.6802900e-03  -1.0263811e-03
  -9.9370376e-02   8.8135980e-02   1.8940537e-01  -3.1487931e-03   2.2645777e-03  -1.6770040e-03
  -1.0027912e-01  -4.6355278e-03   7.9553428e-02  -2.7115751e-03   2.3417965e-03  -1.5429478e-03
  -9.3989339e-02   5.5303564e-02   1.6119179e-01  -2.2410973e-03   2.2958999e-03  -1.8196662e-03
  -1.0981682e-01  -7.9626618e-03   9.5745548e-02  -1.3188583e-03   2.7320347e-03  -1.6899174e-03
  -1.0605492e-01  -2.8386898e-02   1.8093324e-01  -7.4329110e-04   2.6040464e-03  -1.8265654e-03
  -1.3062199e-01  -6.7294065e-02   9.9518237e-02  -7.7279703e-04   2.7415970e-03  -1.9389409e-03
  -1.1998817e-01   5.2825214e-02   2.3892099e-01  -1.5607300e-03   2.4644413e-03  -1.5679553e-03
  -1.0996842e-01   2.8863689e-02   2.5901750e-01  -1.8258796e-03   2.4358786e-03  -1.0516940e-03
  -9.4505754e-02  -9.2094145e-02   2.0508805e-01  -1.8104926e-03   2.0685705e-03  -8.1658686e-04
  -1.0763042e-01   2.9481876e-02   3.2515622e-01  -2.1453399e-03   2.1669797e-03  -1.1932673e-03
  -1.2345192e-01  -4.6596029e-02   2.9461857e-01  -1.8090460e-03   2.1612271e-03  -1.2606214e-03
  -9.9150235e-02   5.4380751e-02   3.3033130e-01  -2.5128172e-03   2.0031364e-03  -1.1651417e-03
  -1.1051306e-01  -6.2123242e-02   2.3967846e-01  -2.0764498e-03   2.2265782e-03  -1.0388156e-03
  -9.6833789e-02   1.1166425e-02   2.8875422e-01  -1.5575033e-03   2.3254309e-03  -4.8962445e-04
  -1.1249858e-01  -5.6437548e-02   1.8056818e-01  -1.1183868e-03   2.5311183e-03  -7.4332647e-04
  -8.9696865e-02   9.3543861e-03   2.7098654e-01  -1.2292198e-03   2.4440955e-03  -8.4430067e-04
  -1.0372627e-01  -5.9584748e-02   2.1190827e-01  -1.0635592e-03   2.4305436e-03  -1.0972845e-03
  -8.4378988e-02   8.8645636e-03   2.7969222e-01  -1.5816894e-03   2.2383158e-03  -1.1184470e-03
  -7.6133284e-02  -5.2337603e-02   2.4114177e-01  -1.3755321e-03   2.1254009e-03  -1.0353395e-03
  -7.8545466e-02  -5.4332029e-02   2.1363843e-01  -6.7090053e-04   2.2074211e-03  -9.2172616e-04
  -7.9850618e-02   9.4096736e-03   2.2891205e-01  -8.0442616e-04   1.8813960e-03  -1.1249770e-03
  -7.8533669e-02  -7.0075461e-02   1.8063712e-01  -8.2230261e-04   2.0467932e-03  -1.0350164e-03
  -4.5906966e-02  -2.4466375e-02   1.5443228e-01   3.3994715e-04   1.7740754e-03  -1.0196574e-03
  -4.2724053e-02  -3.8689458e-02   6.5315993e-02   8.3339154e-04   1.8041798e-03  -7.9240264e-04
  -4.2335465e-02  -6.9277580e-02  -1.2131621e-01  -1.0837666e-04   4.9524608e-05  -7.4751169e-04
  -7.5630458e-02  -2.2265068e-02   9.2842967e-02  -1.1797190e-03   1.1103465e-03  -1.2828991e-03
  -9.0395136e-02  -9.1365973e-02   4.4919619e-02  -1.7467796e-03   1.6366032e-03  -9.8026935e-04
  -8.0294675e-02  -2.1526971e-02   4.4625320e-02  -7.9135211e-04   2.0088747e-03  -8.7685122e-04
  -8.7644608e-02   6.1783879e-02   1.2821669e-01  -8.4490917e-04   2.0422588e-03  -8.5777138e-04
  -1.0046119e-01  -3.1350024e-02   9.6317299e-02  -9.3001877e-04   2.0776445e-03  -9.0904129e-04
  -1.0167382e-01   3.1624896e-02   1.4417348e-01  -7.4832497e-04   2.1028019e-03  -8.4184813e-04
  -1.0622537e-01  -1.6156890e-02   1.1627579e-01  -1.9334734e-04   1.6813713e-03  -1.1740517e-03
  -1.1211388e-01  -9.0969909e-02   7.4165338e-02   1.1325156e-03   1.9417012e-03  -1.2918261e-03
  -9.2306476e-02   2.6414638e-02   1.4564250e-01   1.1308171e-03   1.9007158e-03  -8.4417437e-04
  -7.4672004e-02  -3.9810506e-02   5.0390961e-02   6.6336902e-04   1.6505489e-03  -9.6890646e-04
  -8.7163885e-02   2.1265317e-02   1.4154226e-01  -1.1809961e-03   1.8781549e-03  -1.3421463e-03
  -9.6322366e-02  -4.9442156e-02   5.0220354e-02  -4.0502838e-04   1.6667579e-03  -1.0096011e-03
  -1.0338929e-01  -3.3252045e-02   6.8883627e-02  -3.7510945e-04   1.4799602e-03  -1.1417769e-03
  -1.1167240e-01   9.7847775e-03   9.3326837e-02   9.5762309e-04   1.6106241e-03  -1.2202894e-03
  -9.6130914e-02  -4.0010682e-02  -3.7275184e-02   2.0515613e-03   1.4695493e-03  -1.1713781e-03
  -1.0425977e-01  -4.9868745e-02   9.9641104e-02   1.6554778e-03   1.5794664e-03  -1.2277106e-03
  -1.1357323e-01  -1.1501119e-01  -1.6603231e-02   1.1662330e-03   1.6890252e-03  -1.5419721e-03
  -1.3192958e-01  -7.4416965e-03   9.5411224e-02   1.1751871e-03   1.6533937e-03  -1.6642295e-03
  -9.2903172e-02  -1.4514043e-01  -3.1760410e-02   1.2430926e-03   2.3020250e-03  -7.8035186e-04
  -6.4817869e-02   1.0839846e-02   2.1068148e-03   3.2965099e-04   1.8907333e-03  -6.0057324e-04
  -7.8163739e-02  -5.8231631e-02   1.9899850e-02   9.7290790e-04   2.1914948e-03  -5.7661838e-04
  -6.1968999e-02  -2.1701468e-02   8.0151160e-02   1.4798389e-03   1.7580531e-03  -6.0855291e-04
  -4.1378061e-02  -5.6934976e-02  -7.1030674e-02   9.3103633e-04   1.8451675e-03   4.5257818e-05
  -4.3581772e-02  -3.7396835e-02  -1.6791980e-01   1.4114372e-03   1.0535498e-03   1.9758911e-04
  -7.3120285e-02  -8.1850794e-02  -4.9997056e-02   1.9710821e-03   1.7887191e-03  -4.0336153e-04
  -6.6107407e-02  -1.2078905e-01  -9.8435129e-02   1.7440834e-03   1.3810865e-03  -8.0413935e-04
  -7.4783483e-02  -8.0468058e-02  -2.7991615e-02   1.1512262e-03   1.4154851e-03  -1.2238965e-03
  -8.5977192e-02  -1.7655195e-02  -5.2287314e-02   7.1459411e-04   1.5606849e-03  -1.1603631e-03
  -9.5384396e-02  -5.4986542e-02  -9.9195698e-02   1.3418737e-03   1.2335433e-03  -9.8269195e-04
  -9.4678664e-02   2.4389958e-02  -3.6676119e-03   1.1319159e-03   8.8103551e-04  -1.2602366e-03
  -9.6143776e-02  -4.7458709e-02  -4.2117268e-02   6.9368754e-04   1.3511184e-03  -1.2271641e-03
  -8.3243164e-02  -1.6256194e-02   4.7343640e-02   1.1540775e-03   1.1280570e-03  -1.3793744e-03
  -9.7892195e-02  -7.4203573e-02  -1.6607678e-02   6.2420882e-04   1.3502057e-03  -1.7133195e-03
  -9.8311713e-02  -5.9904947e-02   1.5083971e-02   4.5401201e-04   1.2352956e-03  -1.8025017e-03
  -9.5379071e-02  -3.1961365e-02   3.6074800e-02   8.0228930e-04   1.3167151e-03  -1.7361700e-03
  -9.1241925e-02  -1.1638022e-01  -1.4239508e-02   1.3077731e-03   1.3196019e-03  -1.6684100e-03
  -9.7389488e-02  -2.6094932e-02   6.2245536e-02   1.0150337e-03   1.2406372e-03  -1.7249332e-03
  -1.0410098e-01  -1.0077897e-01  -2.7882615e-03   1.1087327e-03   1.0328712e-03  -1.8253532e-03
  -9.5255198e-02  -5.9222914e-02   3.4766807e-02   1.2498120e-03   1.3122551e-03  -1.7250342e-03
  -9.8522983e-02  -1.1275478e-01   1.3460192e-02   1.1888034e-03   1.4024401e-03  -1.6429931e-03
  -9.3358238e-02  -1.0061291e-01   1.4887499e-02   1.5124836e-03   1.2224378e-03  -1.6095625e-03
  -9.8979016e-02  -7.8255117e-02   9.6625449e-03   3.5162447e-04   1.3734819e-03  -1.5811343e-03
  -9.3299721e-02  -8.5427841e-02   4.1647529e-02   3.4011546e-04   1.2452255e-03  -1.6869122e-03
  -8.5803471e-02  -9.4498547e-02   4.4867597e-02   1.2272784e-04   1.0619838e-03  -1.6682969e-03
  -9.7161112e-02  -7.5471009e-02   5.1187155e-02   1.7727729e-04   1.3620759e-03  -1.7830427e-03
  -5.8720597e-02   6.4100697e-03   1.2248972e-01  -1.0249218e-03   9.4656720e-04  -1.5682361e-03
  -6.5369154e-02  -1.1953419e-01   3.2331361e-02   1.2099978e-04   1.0364141e-03  -1.4436492e-03
  -4.5756242e-02   1.4616112e-02   1.0804305e-01  -9.0123308e-04   9.2401324e-04  -1.3517208e-03
  -5.7076547e-02  -6.5239312e-02   5.1959481e-02  -1.5082066e-04   8.0427742e-04  -1.5246701e-03
  -5.2348489e-02  -2.5069422e-02   8.1012611e-02  -1.1035878e-03   1.1473729e-03  -1.3198125e-03
  -3.9098250e-02  -2.5937045e-02   1.0215328e-01  -2.8058327e-04   7.4585669e-04  -1.4644539e-03
  -4.6551084e-02  -1.8688742e-02   7.9178582e-02  -5.1319615e-04   9.3985384e-04  -1.3793689e-03
  -3.5392755e-02  -2.3655699e-02   5.1519998e-02  -1.0042974e-03   6.2085933e-04  -1.3096774e-03
  -4.6408062e-02  -3.2631013e-02   8.8381472e-02  -4.1099677e-04   1.2093371e-03  -1.4958861e-03
  -3.4983150e-02  -1.0166368e-02   6.4511040e-02  -2.9024864e-04   1.0005612e-03  -1.4317006e-03
  -3.9274634e-02  -7.5973761e-02   5.2565741e-02   4.8076349e-04   9.5726110e-04  -1.7964947e-03
  -3.8545722e-02  -2.8371083e-02   1.3829675e-01   3.5342305e-05   1.1238178e-03  -1.5760054e-03
  -4.4045474e-02  -8.7897866e-02   5.6212681e-02   5.8447097e-05   8.2179836e-04  -1.8444632e-03
  -3.3922687e-02  -3.1201655e-02   1.0425039e-01   6.8743034e-05   1.1706157e-03  -1.6092018e-03
  -2.9055389e-02  -1.0275103e-01   2.5225839e-02   4.6941815e-04   1.1200124e-03  -1.4105099e-03
  -3.7869170e-02  -7.5937572e-02   7.1616265e-02   3.4362769e-04   1.0264501e-03  -1.7336216e-03
  -3.0571730e-02  -4.1706170e-02   1.0158234e-01  -2.4704663e-05   1.0834165e-03  -1.5005100e-03
  -2.4236575e-02  -1.2401474e-01   2.7633892e-02   3.4518284e-04   1.1509479e-03  -1.4146011e-03
  -1.4147755e-02  -2.9196469e-02   8.5297881e-02   4.3652929e-04   1.1460525e-03  -8.4990926e-04
  -4.5367104e-03  -8.8865557e-02  -6.9493575e-02   7.3501761e-04   1.1264772e-03  -6.6387802e-04
  -1.8290056e-02  -4.2585247e-02   2.7862091e-02  -1.5673592e-05   1.0683625e-03  -8.1468723e-04
  -4.8423655e-03  -9.5383673e-02  -1.1030776e-01  -3.8127641e-06   1.1648505e-03  -7.2192352e-04
  -2.9782652e-02  -4.7361574e-02   1.5393323e-02  -2.6850168e-04   9.9709649e-04  -1.0493781e-03
  -2.6673934e-02  -7.0663955e-02  -1.1570327e-02  -4.3935305e-04   7.7622024e-04  -1.6372039e-03
  -3.5998338e-02  -5.9287277e-02   4.3335506e-02  -6.5663511e-04   8.4960111e-04  -1.4723522e-03
  -1.4303482e-02  -1.4295871e-02   4.3001501e-02  -7.7143844e-04   1.5250480e-04  -1.3909553e-03
  -4.1366979e-02  -3.3527982e-02  -1.5686636e-02  -9.0001478e-04   3.6839186e-04  -1.3166174e-03
