   0.0000000e+00   0.0000000e+00   0.0000000e+00   0.0000000e+00   0.0000000e+00   0.0000000e+00
   3.0030896e-02   4.2958953e-02   3.7964985e-02   1.1454850e-03   1.5304238e-04   5.7626704e-04
   1.4819155e-02   1.9880897e-02   3.6281902e-02   1.3738337e-03   6.6728794e-04   5.1918489e-04
   8.9728067e-03   8.9505864e-03   1.3019486e-02   2.1753525e-03   3.1440523e-04  -7.6240022e-05
   3.7358187e-03   1.6751782e-02   5.0784248e-02   2.2682174e-03   3.8440580e-04   6.2635948e-05
  -9.8498390e-03  -2.6114667e-02  -7.1302890e-02   2.7904874e-03   2.0970424e-04  -2.6520408e-04
   1.1133671e-02   1.1974912e-01   2.1060379e-01   1.0677174e-06  -9.7377849e-04  -1.3652885e-04
  -1.8086797e-03   1.0216793e-02   5.3306612e-02  -8.6546407e-04  -3.3708374e-04   3.6199891e-05
   1.3375191e-02   1.6863007e-01   1.7071765e-01  -2.4737093e-03  -8.1457622e-04   5.3481818e-05
   2.3661839e-02   9.6743746e-02   7.4761692e-02  -1.7453708e-03  -1.3809793e-03  -1.5707986e-04
  -7.7643781e-04   7.3976611e-02   1.2197584e-01  -7.5922640e-04  -8.8334974e-04  -3.6618753e-04
   2.1479830e-02   1.1390634e-01   1.4611433e-01  -2.4729129e-04  -1.2248188e-03  -2.2327104e-04
  -8.7366771e-03   3.2504460e-02   6.0601821e-02   1.2859315e-03  -3.7987141e-04  -4.5192724e-04
   5.4229848e-03   8.9088621e-02   1.3959347e-01   6.8500847e-04  -1.1008973e-03  -2.9255968e-04
  -4.8953404e-03   3.4451705e-02   3.4764191e-02   5.0911243e-04  -4.9331365e-04  -9.0677655e-04
  -1.7292340e-02   8.9452126e-02   1.2293450e-01  -7.7788671e-05  -3.2601912e-04  -8.5356984e-04
   2.2279525e-04   1.1234579e-01   4.7234852e-02  -6.9570580e-04  -1.0015150e-03  -3.0391313e-04
  -1.0146610e-02   7.7311476e-02   1.2173347e-01  -6.8044371e-04  -7.6814213e-04  -4.6083143e-04
   1.3120258e-02   1.7560386e-01   2.3140912e-01  -3.2886243e-04  -7.7767900e-04  -7.2668061e-05
   8.9840068e-04   4.4977126e-02   8.2081156e-02  -5.4554455e-04  -9.8067070e-04  -3.1116339e-04
   8.8535882e-04   1.0361167e-01   1.4830768e-01  -6.8533953e-04  -9.2453006e-04  -1.5578578e-04
   1.5101566e-02   8.4879683e-02   1.0280760e-01   1.1774374e-04  -1.2761172e-03  -1.5937437e-04
  -2.3335153e-03   5.2038259e-02   1.1605519e-01   7.5230766e-04  -5.1033880e-04  -4.3799486e-04
   1.5408257e-02   1.1528945e-01   1.9753262e-01   5.8922446e-04  -9.6802338e-04  -4.4737156e-04
   8.5376675e-03   5.9661030e-03   4.0023865e-02   1.5685449e-03  -6.1558742e-04  -6.0964381e-05
   3.6581330e-02   5.9168448e-02   1.9472886e-01   2.6824370e-03  -1.1534183e-03  -5.9288668e-06
   9.0531640e-03  -2.8506026e-02   8.7487397e-02   2.3382905e-03  -5.9592684e-04  -3.5493824e-04
   4.9067821e-03   3.7393969e-02   1.4395736e-01   1.6890494e-03  -3.8120202e-04  -5.1067752e-04
   2.0972646e-02   1.0734978e-02  -6.5168266e-02   1.6937373e-03  -1.1880004e-03   1.9600195e-04
   2.8125672e-03   6.1392790e-02   4.4739701e-02   1.1823411e-03  -1.1273420e-03   1.4478289e-04
   2.1417600e-02   5.6987961e-02   1.3455064e-02   5.0699222e-04  -1.1772442e-03  -4.7262031e-04
   2.3988404e-03   6.8248089e-02   5.0169219e-02  -8.0808695e-04  -8.7226232e-04  -6.3157859e-04
  -3.5760908e-02   7.9322356e-02  -4.8570677e-02  -1.5417609e-03  -9.8680287e-04  -9.8497062e-04
   2.8233655e-04   1.8499086e-01   1.2794708e-01  -2.0966004e-03  -1.7075589e-03   1.3792144e-04
   1.8349443e-02   1.5871329e-01   8.2257409e-02  -2.9286871e-03  -1.6915368e-03   2.4566571e-04
   1.1501012e-02   1.0567583e-01   1.2313988e-01  -3.4611049e-03  -9.4533095e-04   5.1269773e-04
   1.0331338e-02   1.6846328e-01   1.8509769e-01  -2.6386058e-03  -1.0404184e-03   8.9195308e-04
   1.5743146e-02   1.2783980e-01   9.3443876e-02  -3.1334527e-03  -6.8704108e-04   8.9019398e-04
  -5.3764791e-03   1.1351598e-01   1.0216792e-01  -2.9272241e-03  -6.4380581e-04   5.3902710e-04
  -7.9688920e-03   1.6053869e-01   1.6779027e-01  -2.1975295e-03  -1.6472111e-03  -1.3492242e-04
  -2.3714348e-02   7.4324322e-02   8.2267254e-02  -1.8650785e-03  -1.3582859e-03  -3.2009444e-04
   1.4934713e-02   1.1293966e-01   1.4809885e-01  -1.7055282e-03  -1.4956237e-03  -1.0561279e-04
   2.1949337e-02   8.3127063e-02   1.1729393e-01  -1.2432012e-03  -1.3085100e-03  -6.8790710e-06
   1.7284494e-02   6.1258986e-02   8.9251897e-02  -1.1390405e-03  -1.2367137e-03   1.0168023e-04
   2.7969532e-02   1.1146383e-01   1.4638246e-01  -7.8690308e-04  -1.4338263e-03   1.5455954e-05
   2.5417906e-02   5.1129176e-02   8.3907522e-02  -7.6177018e-04  -1.2760285e-03  -7.0606342e-05
   2.0201661e-02   8.7283411e-02   1.4574268e-01  -1.0536135e-03  -1.2115205e-03  -8.8578136e-05
   2.5842778e-02   1.0374624e-01   1.3680508e-01  -1.3697781e-03  -1.5560955e-03  -1.3759739e-05
   1.6411935e-02   4.9171952e-02   7.4958501e-02  -5.3083032e-04  -1.5678813e-03   1.1661111e-05
   1.4662103e-02   1.1610028e-01   1.4769875e-01  -1.0447800e-03  -1.7322730e-03  -1.7286560e-04
   1.2282301e-02   5.2941390e-02   5.1773517e-02  -2.1407346e-04  -1.8003031e-03  -3.4001102e-04
   1.6597702e-02   8.2788635e-02   1.1151798e-01  -3.4415457e-04  -1.5315897e-03  -3.5093252e-04
   3.4442379e-02   6.2592594e-02   4.7324021e-02   5.4861270e-04  -1.8208635e-03  -2.5765250e-04
   1.9811544e-02   5.3103603e-02   3.9621748e-02   1.0651259e-03  -1.2953258e-03  -4.4438038e-04
   2.6171450e-02   5.3987340e-02   5.9939537e-02   1.1557808e-03  -1.6116214e-03  -6.6011810e-04
   5.2738635e-03   4.8022926e-02   7.9583016e-03   4.9867927e-04  -1.3484789e-03  -6.6697933e-04
  -9.8981773e-04   8.6331740e-02   1.0357082e-01  -3.4444832e-04  -1.3505488e-03  -7.0786949e-04
   5.1882827e-03   1.2637018e-01   9.8329808e-02  -8.8481683e-04  -1.9077209e-03  -7.9165053e-04
   5.8819863e-03   6.4587007e-02   4.0483534e-02  -1.7148005e-04  -1.9501810e-03  -6.7776247e-04
   6.2002273e-03   1.1475075e-01   9.8355706e-02   1.1854435e-04  -1.7785018e-03  -4.5348310e-04
   1.4454802e-02   1.0573512e-01   4.9836453e-02  -1.5206968e-04  -2.1162154e-03  -3.9725515e-04
   7.7635091e-03   5.2049575e-02  -2.9589798e-03   2.4520963e-04  -1.7189851e-03  -4.2676154e-04
   2.5208023e-02   9.7559188e-02   8.6166833e-02   1.1213818e-03  -1.9025574e-03  -4.4580029e-04
   1.8940904e-02   4.6312322e-02  -8.4633998e-02   1.3572735e-03  -1.6785198e-03  -2.6734517e-04
   3.7521665e-02   7.8027409e-02   6.7150676e-02   1.1787340e-03  -1.9569843e-03  -5.0106695e-04
   2.8366644e-02   3.5963888e-02  -3.6144622e-02   1.0015430e-03  -1.5784502e-03  -3.0669841e-04
   2.3314376e-02   6.2178879e-02   3.6329907e-02   4.5011176e-04  -1.4194064e-03  -5.6556594e-04
   1.3635002e-02   6.2677633e-02  -9.6425285e-03   7.5852793e-04  -1.6018737e-03  -7.0046547e-04
   1.9184395e-02   8.1357353e-02   2.0651238e-02   1.3856498e-03  -1.8323256e-03  -6.4344465e-04
   2.6504019e-02   1.5099074e-01   6.5024504e-02   2.4074153e-04  -2.1158963e-03  -9.4763652e-04
   2.0055966e-02   1.0872424e-01   4.1292682e-02   7.7881493e-05  -2.3232130e-03  -9.4344845e-04
   1.5705580e-04   1.2679718e-01   1.2220013e-01  -3.1449723e-04  -1.8808917e-03  -1.1116289e-03
   9.1989719e-03   1.4925216e-01   1.2217973e-01  -6.8177965e-04  -2.3655436e-03  -9.9588374e-04
   2.7189594e-04   8.1699908e-02   8.6485584e-02  -5.0545225e-04  -2.1612956e-03  -1.1031031e-03
   9.0688293e-04   1.4726801e-01   1.5217699e-01  -4.3751559e-04  -2.1421240e-03  -1.1571559e-03
   1.2438500e-02   8.8630036e-02   9.7545008e-02   2.6404554e-04  -2.3917605e-03  -1.2360459e-03
  -1.9469998e-03   7.8948454e-02   4.0503060e-02   6.8339810e-04  -1.6062472e-03  -8.2702194e-04
   4.0672260e-02   9.4023002e-02   4.0486330e-02   1.5207304e-03  -2.2232775e-03  -6.6765515e-04
   2.7738672e-02   3.7991115e-02   8.6740613e-02   1.1822673e-03  -1.5496495e-03  -8.3819702e-04
   2.2352344e-02   1.3201712e-01   1.4289226e-01  -3.9824323e-04  -1.9789064e-03  -9.1630447e-04
   3.4228940e-02   8.3084791e-02   5.8440261e-02  -4.6379100e-05  -2.1990583e-03  -7.6129233e-04
   3.0862872e-02   1.5593226e-01   2.5624085e-01   1.0952894e-03  -7.7776893e-04   1.7655661e-04
   7.5007815e-02   1.2437108e-01   2.5356297e-01  -6.8596122e-05  -1.7815578e-03   2.5967848e-04
   3.2317987e-02   5.1773959e-02   2.3563147e-01   8.1231944e-04  -1.6092206e-03  -2.1650852e-04
   5.2711776e-02   1.3096363e-01   2.9155209e-01   5.0864001e-04  -2.0365437e-03  -3.5615862e-04
   4.7163758e-02   4.2186896e-02   2.3064946e-01   1.1479805e-03  -1.6717706e-03  -2.7030108e-04
   6.9177468e-02   1.0467232e-01   3.0565527e-01   1.5579174e-03  -1.8690385e-03  -2.7628722e-04
   5.0549678e-02   3.9014369e-02   2.2813909e-01   2.6052589e-03  -1.5168858e-03  -4.3543683e-04
   6.6767687e-02   1.3708048e-02   2.6383677e-01   1.6640020e-03  -1.8649409e-03  -6.3899874e-04
   3.2754247e-02   6.7194113e-02   2.2689529e-01   1.6928969e-03  -1.8064942e-03  -1.0865562e-03
   2.7233964e-02  -3.3643495e-04   1.9712897e-01   9.6451466e-04  -2.0051515e-03  -8.1542174e-04
   5.0274914e-02   1.3518557e-01   2.1965446e-01  -6.8983217e-04  -1.8723343e-03  -8.0361160e-04
   3.8240368e-02   5.1915112e-02   1.8716938e-01   4.9330036e-04  -1.5210043e-03  -7.9321863e-04
   3.5673584e-02   1.6208292e-01   2.4908366e-01  -6.2822728e-04  -1.4556065e-03  -1.0703642e-03
   3.6028024e-02   1.1399399e-01   1.8562642e-01  -5.4806531e-04  -1.6734645e-03  -1.1858424e-03
   9.7334310e-03   8.8077081e-02   1.9491634e-01  -3.6735140e-04  -1.1297268e-03  -1.1596597e-03
   2.5115186e-02   9.8437676e-02   1.9628575e-01   4.2795791e-04  -1.4629725e-03  -1.0643549e-03
   2.5944709e-02   2.4920954e-02   1.9503754e-01   3.0362172e-03  -1.4741751e-03  -1.4338873e-03
   5.1311826e-02   6.0806421e-02   1.6318954e-01   2.3221221e-03  -1.1529936e-03  -1.2563467e-03
   1.5768948e-02   4.5533463e-02   1.4465236e-01   2.4085288e-03  -9.5688744e-04  -1.8131890e-03
   2.4541551e-02   6.6466180e-03   6.8643543e-02   2.8199535e-03  -3.0853780e-04  -9.1848711e-04
   4.8328247e-02   1.1627715e-01   1.4475782e-01   2.6058003e-03  -1.0302154e-03  -7.8135106e-04
   3.0975977e-02   4.9012741e-02   8.4460627e-02   3.2838587e-03  -1.0083332e-03  -8.4555713e-04
   3.1503758e-02   8.5671786e-02   1.6399515e-01   3.0256635e-03  -8.7992496e-04  -7.1070205e-04
   3.7867186e-02   6.8323508e-02   1.5851935e-01   2.8878341e-03  -1.1863776e-03  -6.3511040e-04
   3.5429329e-02   2.6738336e-02   9.6887633e-02   3.6679136e-03  -4.1575610e-04  -3.1031719e-04
   5.2113781e-02   1.0976822e-01   1.7425935e-01   2.9539138e-03  -4.4310593e-04  -4.3593146e-04
   6.5621496e-02   4.2412520e-02   8.0926236e-02   3.5646970e-03  -9.7190784e-04  -4.9299250e-04
   6.6600325e-02   9.1409078e-02   1.7355055e-01   3.2095979e-03  -9.5908323e-04  -5.7553320e-04
   7.9535169e-02   7.9958590e-02   1.6336387e-01   3.6476389e-03  -1.6390469e-03  -7.9941447e-04
   5.1986268e-02   3.6014195e-02   9.0226719e-02   3.6767949e-03  -1.2987083e-03  -7.7722228e-04
   8.3186964e-02   9.3361281e-02   1.6303743e-01   3.5734220e-03  -1.7310995e-03  -7.2059782e-04
   7.7568699e-02   8.3668793e-03   4.5806707e-02   4.5869329e-03  -1.6442041e-03  -5.7621245e-04
   8.9072511e-02   3.0405284e-02   1.0215798e-01   4.8476428e-03  -1.7709185e-03  -9.4192393e-04
   8.3626299e-02   5.5582805e-02   1.0799532e-01   5.3018990e-03  -1.8329065e-03  -9.5102942e-04
   7.9353098e-02  -2.8293493e-02   6.9628863e-02   5.1567879e-03  -1.8493429e-03  -1.0179119e-03
   7.7322644e-02   7.0608024e-02   1.5446422e-01   4.5943510e-03  -1.8917112e-03  -1.0011677e-03
   7.2075175e-02  -2.4097551e-02   5.9585387e-02   5.5005651e-03  -1.9861016e-03  -1.1896793e-03
   6.9584533e-02   7.6075999e-04   1.3077340e-01   5.6049013e-03  -1.7355002e-03  -1.2777031e-03
   9.1877975e-02  -1.7617539e-03   9.5349361e-02   6.2554370e-03  -1.9434946e-03  -1.1322074e-03
   8.4018292e-02  -2.5138826e-02   1.1984615e-01   6.9260384e-03  -1.3857408e-03  -1.2485390e-03
   1.0842753e-01  -6.7929711e-03   1.1337125e-01   5.8241375e-03  -1.7979072e-03  -1.5111593e-03
   7.4191985e-02  -1.9841715e-02   7.8132499e-02   5.5950929e-03  -1.5380993e-03  -1.4778279e-03
   9.2422017e-02   4.4276533e-02   1.7294876e-01   5.1198550e-03  -1.9741401e-03  -1.5087390e-03
   7.8999367e-02  -1.8618679e-02   6.2704493e-02   6.2085991e-03  -1.6102862e-03  -1.2395071e-03
   8.8359584e-02   9.7320160e-03   1.3263255e-01   5.9924285e-03  -1.8276990e-03  -1.5253246e-03
   7.5152361e-02  -6.0806743e-03   9.2971021e-02   6.2877747e-03  -1.4913097e-03  -1.4761189e-03
   5.3948332e-02  -2.2951815e-02   6.9866194e-02   5.3691934e-03  -1.6798457e-03  -1.5872834e-03
   5.2304488e-02   7.7182586e-02   1.6157033e-01   4.1294563e-03  -2.3154843e-03  -1.6458714e-03
   5.5907326e-02  -9.2350878e-03   1.1910473e-01   4.3620667e-03  -2.3463268e-03  -1.5636889e-03
   4.4396565e-02   4.3879983e-02   2.1308948e-01   4.5184626e-03  -1.8648085e-03  -1.3251738e-03
   5.6755833e-02   4.3418297e-02   2.0378911e-01   3.9982538e-03  -1.8836471e-03  -7.0496026e-04
   5.6914196e-02   7.1050044e-03   2.1226839e-01   3.8333438e-03  -1.4742127e-03  -4.2102478e-04
   7.3744762e-02   9.0749362e-02   3.3226296e-01   4.4568370e-03  -2.3001104e-03  -8.5322597e-04
   5.9607116e-02  -1.9211305e-02   1.7688412e-01   5.6279905e-03  -1.6410514e-03  -4.5454420e-04
   8.2848944e-02   1.5871097e-02   1.7834579e-01   6.0231827e-03  -1.0138449e-03  -3.3240932e-04
   9.7587442e-02  -7.2374267e-03   5.1737767e-02   7.0342151e-03  -1.4006263e-03  -6.1112873e-04
   9.1702558e-02  -2.0322035e-02   1.3005871e-01   6.3467045e-03  -1.2323237e-03  -8.4428707e-04
   8.5650719e-02   3.3231866e-02   1.8185758e-01   5.7282653e-03  -1.7221879e-03  -9.5861892e-04
   7.7843281e-02  -5.9950524e-02   6.1624255e-02   6.8753101e-03  -1.6796248e-03  -9.1065513e-04
   9.4397414e-02   2.0768440e-02   1.3179448e-01   7.7027253e-03  -1.7642517e-03  -7.5009672e-04
   8.7930705e-02  -7.1914877e-02   3.7946693e-02   8.5925233e-03  -1.8558594e-03  -1.1611486e-03
   8.1341806e-02  -3.0273449e-02   1.4852739e-01   7.9183805e-03  -1.3060648e-03  -1.4269436e-03
   1.0806716e-01   1.2120876e-02   1.6209419e-01   6.9554717e-03  -1.9147850e-03  -9.8470222e-04
   9.2505183e-02  -1.5850308e-02   6.1105353e-02   6.7153585e-03  -1.8135433e-03  -1.1461153e-03
   9.1179427e-02  -7.9192443e-03   1.4767268e-01   6.8060111e-03  -2.0057135e-03  -1.3459090e-03
   9.8033100e-02   1.6886365e-02   1.6284459e-01   6.9919278e-03  -1.9994863e-03  -1.0058864e-03
   9.7500731e-02  -3.7111899e-02   9.1848664e-02   6.7792862e-03  -1.9956708e-03  -7.8580760e-04
   1.1112151e-01  -1.2501420e-02   1.4532332e-01   6.9737402e-03  -2.3479783e-03  -9.6735524e-04
   9.4926975e-02   5.7189762e-03   1.4117053e-01   7.1851861e-03  -2.2866450e-03  -1.0549413e-03
   6.7508491e-02  -3.9587758e-02   8.3856362e-02   7.0347232e-03  -1.8803893e-03  -1.1797916e-03
   9.3074803e-02  -6.6864092e-03   1.5256476e-01   7.5200718e-03  -2.1818801e-03  -1.2897108e-03
   8.8776003e-02  -4.5525914e-02   2.9056856e-02   8.5156505e-03  -1.7673966e-03  -1.1088090e-03
   1.0028627e-01  -2.2658349e-02   1.0740870e-01   8.1861465e-03  -1.7458427e-03  -1.4865321e-03
   8.5106991e-02  -9.5310919e-02   1.7835046e-02   8.6175602e-03  -1.5975542e-03  -1.3335115e-03
   6.7077376e-02  -2.8896729e-02   4.9854033e-02   6.8193618e-03  -1.5967295e-03  -1.5118148e-03
   7.8879070e-02   4.7566936e-02   1.2971281e-01   6.1761353e-03  -2.3231403e-03  -1.5543620e-03
   8.1571514e-02  -8.4793801e-03   5.1055343e-02   7.3344539e-03  -2.3970011e-03  -1.5767484e-03
   7.7220106e-02   1.1261731e-02   8.4971086e-02   7.3434166e-03  -1.6516566e-03  -1.4933988e-03
   9.3583672e-02  -7.9120586e-03   4.9516832e-02   8.1002881e-03  -1.9147971e-03  -1.2554579e-03
   6.9212721e-02  -5.4335365e-02   1.0310353e-01   7.5951226e-03  -1.3812147e-03  -1.4050647e-03
   7.2319568e-02   1.5570456e-02   1.3326750e-01   6.6333959e-03  -1.5897676e-03  -1.5835859e-03
   6.5601711e-02  -3.8271776e-02   4.9259348e-02   7.3315946e-03  -1.8420677e-03  -1.4090681e-03
   5.3096248e-02   3.1550955e-02   1.2143943e-01   7.7836965e-03  -1.3190980e-03  -1.4128712e-03
   5.0968601e-02  -1.3135085e-02   2.7584070e-02   8.5408980e-03  -1.7009288e-03  -1.8665937e-03
   3.1389316e-02   1.4267143e-03   8.8702441e-02   7.2780952e-03  -1.6460664e-03  -2.4855818e-03
   4.5274770e-02   5.0294566e-02   1.3813164e-01   6.1272502e-03  -2.4448079e-03  -2.4360157e-03
   5.7433502e-02   1.2608649e-02   7.5485957e-02   5.7787832e-03  -2.4905582e-03  -2.3007440e-03
   6.7697131e-02   9.8308317e-03   1.1520989e-01   6.5039831e-03  -2.4514885e-03  -2.4262287e-03
   7.5643166e-02   6.2057168e-02   1.5247892e-01   5.9756980e-03  -2.4839284e-03  -2.3196780e-03
   8.3146016e-02  -2.0732928e-02   8.5591159e-02   6.1156634e-03  -2.5910533e-03  -2.1080200e-03
   6.9820471e-02   2.1582939e-02   1.5647123e-01   6.1368109e-03  -2.3891903e-03  -2.0279010e-03
   9.1581212e-02   1.7947098e-02   1.5353463e-01   6.1263407e-03  -2.6532236e-03  -1.8317864e-03
   9.2234853e-02  -1.1215926e-02   1.4406532e-01   6.8159861e-03  -2.5520693e-03  -1.9983443e-03
   1.0225502e-01   6.3076706e-02   1.9356385e-01   6.2349608e-03  -2.8625930e-03  -2.0047085e-03
   1.0127296e-01  -2.7042498e-02   1.3187633e-01   6.8007125e-03  -3.2045153e-03  -2.1169764e-03
   9.6352763e-02   4.3203092e-02   2.0757573e-01   6.5117582e-03  -2.9317193e-03  -2.0873112e-03
   1.1278249e-01  -1.7608230e-02   1.6430367e-01   7.2532765e-03  -3.2552883e-03  -2.1653470e-03
   9.2015822e-02  -3.3447953e-02   1.5805293e-01   7.2589196e-03  -2.9149244e-03  -2.1428183e-03
   1.0670521e-01   2.3663731e-02   1.8354418e-01   7.5047757e-03  -3.2583542e-03  -2.1378501e-03
   9.1692813e-02  -3.7477523e-02   7.1037682e-02   8.2510841e-03  -2.9027565e-03  -2.1617497e-03
   1.1339291e-01   1.7471649e-03   8.0436119e-02   7.9608389e-03  -3.0231966e-03  -2.3206253e-03
   1.0174008e-01  -4.1614629e-02   7.5422930e-02   8.0700186e-03  -3.0735314e-03  -2.4444405e-03
   9.9397800e-02   2.7452090e-02   1.3186871e-01   7.2431766e-03  -3.0921209e-03  -2.4766824e-03
   8.8228987e-02  -4.9080835e-02   4.6533455e-02   7.8687304e-03  -3.3784161e-03  -2.3806353e-03
   9.9814318e-02   3.5443497e-02   1.5264680e-01   8.6077347e-03  -3.4349283e-03  -2.4616260e-03
   9.8148058e-02  -6.9250911e-02   5.6058354e-02   9.2409708e-03  -3.4035347e-03  -2.5726688e-03
   9.6722403e-02   8.8995087e-03   1.5688582e-01   8.2725079e-03  -3.2928874e-03  -2.7302384e-03
