   0.0000000e+00   0.0000000e+00   0.0000000e+00   0.0000000e+00   0.0000000e+00   0.0000000e+00
  -1.4969038e-02  -5.4810815e-03   2.4289747e-02   5.5694492e-04   3.7178965e-04  -1.6514592e-04
  -1.0336417e-02   3.0054632e-02   5.7379508e-02   8.6206629e-04   2.0725450e-04  -2.6630030e-04
  -1.9230977e-02  -2.0586943e-02   1.8533994e-02   1.0243931e-03   3.7880553e-04  -3.2592732e-04
  -1.8173630e-02   4.6305014e-02   5.7173231e-02   4.3323362e-04   2.6293227e-04  -3.0989303e-04
  -2.1825361e-02   3.0453621e-02  -2.0906243e-03   7.8397898e-04   3.1430461e-04  -4.0917992e-04
  -2.7234398e-02   5.0012788e-03  -5.4901479e-03   1.2177094e-03   4.0436717e-04  -3.8559715e-04
  -2.0446756e-02   5.0533904e-02   5.9187021e-02   4.9380674e-04   3.9458766e-04  -3.1547530e-04
  -8.9103188e-03   5.0671870e-02   4.2618363e-02   1.1772214e-03  -5.3492226e-04  -2.9923461e-04
  -2.1213709e-02  -3.1244329e-03   1.9957666e-02   1.2258579e-03   2.2910511e-04  -1.2294811e-04
  -1.4433186e-02   4.4040860e-02   7.8511002e-02   1.0950379e-03   2.9442891e-04  -6.3401389e-05
  -1.6729768e-02  -9.4908180e-03   2.0364143e-02   1.2688547e-03   1.3295911e-04  -2.3133050e-04
  -1.5992151e-02  -1.1342877e-02   4.6123748e-02   1.8292122e-03   1.4460374e-04  -4.7928730e-04
  -2.5310306e-02   2.5794372e-02   1.0453827e-01   1.5914636e-03   1.5358905e-05  -5.1033648e-04
  -2.4896389e-02  -5.2390939e-02   1.2795435e-02   2.2309529e-03   1.5156286e-04  -5.4474253e-04
  -8.6287436e-03  -4.8547353e-03   7.6499893e-02   2.6627840e-03   1.3125883e-04  -4.6874659e-04
  -2.9310518e-02  -5.2375840e-02   2.0533628e-02   2.3762060e-03   3.9225252e-04  -6.6003190e-04
  -2.4391260e-02  -3.9937042e-02   2.4012277e-02   2.5701053e-03   5.9372085e-04  -6.2530253e-04
  -2.0850856e-02  -6.2593951e-02   1.4148511e-02   3.9881944e-03   5.3050078e-04  -7.1016510e-04
  -4.3991949e-02  -6.8087988e-02   3.1392583e-03   3.3964681e-03   1.1874274e-03  -8.2392145e-04
  -6.2127844e-02  -4.7436472e-02   1.8770579e-02   3.5018272e-03   1.2239074e-03  -3.5901758e-04
  -7.4851896e-02  -9.6040598e-02  -5.6354988e-02   3.8526851e-03   1.2305859e-03  -6.0064939e-04
  -6.7804301e-02  -3.9892691e-02   3.1184833e-02   3.2596627e-03   1.2764989e-03  -5.4705659e-04
  -7.6658459e-02  -1.1392913e-01  -4.0109195e-02   4.8396480e-03   1.0259109e-03  -5.2651768e-04
  -9.4305561e-02  -7.9587746e-02   4.6675061e-02   4.4423483e-03   1.5238696e-03  -5.1618403e-04
  -8.0489755e-02  -5.9929256e-02   1.9465755e-02   3.8600268e-03   1.2775251e-03  -4.9175513e-04
  -8.5718960e-02  -1.1142314e-01  -4.4816595e-02   4.2179964e-03   1.3008381e-03  -5.1425605e-04
  -8.4967437e-02  -6.8424898e-02   9.1297561e-02   4.6455231e-03   1.1253761e-03  -4.5588978e-04
  -8.4039134e-02  -7.8908463e-02   2.7947161e-02   3.8916591e-03   1.0709094e-03  -1.0712121e-03
  -8.3655124e-02  -5.3272958e-02   8.0314707e-02   3.1551840e-03   1.2927837e-03  -1.1263228e-03
  -4.7557074e-02   1.5193000e-02   5.2530028e-02   2.8286288e-03   2.8709275e-04  -6.0664815e-04
  -7.2364977e-02  -8.2522539e-02   6.4153994e-05   3.3099106e-03   5.2429944e-04  -7.4129884e-04
  -2.3086901e-02   4.0846440e-02   1.0339464e-01   3.6171586e-03  -1.0150641e-04   1.4694389e-04
  -1.7377281e-02  -6.8774945e-02  -6.9441289e-04   3.7138381e-03   1.7323906e-04  -6.1577740e-05
  -1.5932228e-02  -5.5718541e-02   7.3615468e-02   4.0330794e-03   1.8574196e-04  -3.8560690e-05
  -2.8765476e-02  -8.0932155e-02   1.4801382e-02   4.5283846e-03   3.5658347e-04  -7.8425821e-05
  -3.8599095e-02  -8.3672541e-02   6.2603375e-02   3.8858779e-03   5.7057496e-04  -3.1142777e-04
  -6.3502902e-02  -1.2345832e-01  -4.7761037e-02   4.2386881e-03   5.0769419e-04  -9.4046630e-04
  -4.4457425e-02  -6.1301635e-02  -8.4257728e-04   4.1923286e-03   4.3325488e-04  -8.0941997e-04
  -3.1674012e-02  -3.3893406e-02   3.0801278e-02   4.3194058e-03   4.9392686e-04  -6.2917676e-04
  -2.1320836e-02  -7.8020577e-02  -2.5467710e-02   4.3033010e-03   4.6870040e-04  -7.3360745e-04
  -1.0242917e-02  -6.5369984e-02   2.1444599e-03   4.9285055e-03   8.7056079e-04  -3.4935709e-04
  -5.2377253e-03  -1.0338692e-01  -8.7503182e-02   5.8259896e-03   7.9082870e-04  -3.2514023e-04
  -2.1222130e-02  -1.2675517e-01  -6.2120191e-02   6.0247837e-03   5.5713253e-04  -7.7964487e-04
  -4.2464385e-02  -8.9957316e-02  -2.7808290e-02   5.2710970e-03   4.6213122e-04  -9.8824992e-04
  -4.6771285e-02  -1.3830898e-01  -9.5870719e-02   5.0478747e-03   4.4885015e-04  -1.1048702e-03
  -2.3960508e-02   3.1883712e-03   6.6497465e-02   3.9752322e-03   7.9741521e-05  -8.7692306e-04
  -4.7478428e-02  -1.6151998e-01  -4.3684333e-02   6.2019409e-03   3.1608046e-04  -1.1019046e-03
  -4.6939286e-02  -1.2607058e-01  -3.9204251e-02   6.6043108e-03   4.8996467e-04  -1.1472392e-03
  -6.4779731e-02  -2.2259703e-01  -9.3420903e-02   7.8826571e-03   1.5840254e-04  -1.4533124e-03
  -6.8874533e-02  -1.6985301e-01  -1.0684221e-01   6.7249494e-03   1.0997444e-04  -1.3892195e-03
  -8.4755474e-02  -2.0391498e-01  -1.4430024e-01   7.0061488e-03   4.9268391e-04  -1.4725907e-03
  -6.4040167e-02  -1.4656569e-01  -9.9834467e-02   8.2885592e-03   8.4564339e-06  -1.2630745e-03
  -9.1267657e-02  -2.1414188e-01  -1.1438719e-01   8.5264758e-03   6.1610653e-04  -1.6726305e-03
  -8.3052687e-02  -1.4253594e-01  -8.0637572e-02   7.1639765e-03   4.2195078e-04  -1.7102031e-03
  -9.7989198e-02  -1.4655795e-01  -1.3403733e-01   6.1155338e-03   4.0779082e-04  -1.8718456e-03
  -7.9904587e-02  -6.7011308e-02   6.0419881e-03   5.2070559e-03   4.9431729e-04  -1.4066677e-03
  -7.5764665e-02  -1.5050319e-01  -6.4485696e-02   6.2362017e-03   1.8600836e-04  -1.6578600e-03
  -9.4494040e-02  -1.6383891e-01  -6.2570359e-02   7.6612230e-03   4.6096652e-04  -1.6345448e-03
  -8.6537767e-02  -1.8997165e-01  -6.6323058e-02   7.8561899e-03  -2.6479837e-04  -2.1043921e-03
  -1.1383530e-01  -1.7912511e-01  -4.5176474e-02   6.8032804e-03   9.5664558e-05  -2.4244088e-03
  -1.0828145e-01  -1.4071653e-01  -1.6937799e-02   6.1107389e-03  -6.0723481e-05  -2.2583619e-03
  -1.0205599e-01  -1.6562943e-01  -1.0386721e-01   5.6790289e-03  -8.7027491e-05  -2.4262456e-03
  -1.1213724e-01  -7.2782391e-02   5.4036201e-02   5.4838724e-03  -2.3316111e-04  -2.3801579e-03
  -1.2604834e-01  -2.1311559e-01  -4.4510957e-02   6.5516044e-03   5.3858840e-04  -2.6110884e-03
  -1.0167364e-01  -1.4094871e-01   5.8566980e-02   6.9821680e-03   4.7299247e-04  -2.3765851e-03
  -1.1740946e-01  -2.0615465e-01  -1.3310720e-02   7.0394860e-03   4.8914404e-04  -2.6476702e-03
  -1.1134906e-01  -1.3205135e-01   8.0757027e-02   5.2027677e-03   7.0718367e-05  -2.7543353e-03
  -1.2487162e-01  -1.8483842e-01  -6.7616880e-02   5.8957599e-03  -3.5611677e-05  -3.0082710e-03
  -1.2194775e-01  -1.0200737e-01  -3.1753073e-02   5.7986249e-03   3.2613034e-04  -2.8989821e-03
  -1.0111531e-01  -1.1025476e-01   2.4810013e-03   6.2630199e-03  -1.7186214e-04  -2.7457313e-03
  -1.2846160e-01  -2.0666277e-01  -2.8834995e-02   6.5880439e-03   4.8307224e-04  -2.7941336e-03
  -1.1769485e-01  -1.5659407e-01   3.0577998e-03   5.7401241e-03   5.8438691e-04  -2.5631420e-03
  -1.1025286e-01  -2.4267226e-01  -6.9686113e-02   7.5006470e-03   2.9050093e-04  -2.6619912e-03
  -1.1948642e-01  -1.7732572e-01  -3.9648898e-02   8.0628065e-03   5.5074503e-04  -2.4747517e-03
  -1.2154273e-01  -2.4702457e-01  -8.7665450e-02   8.8748174e-03   3.4956887e-04  -2.8039697e-03
  -1.2583063e-01  -2.4227086e-01  -5.1773430e-02   7.9127343e-03   6.5654076e-04  -2.6164307e-03
  -1.3106309e-01  -2.5385965e-01  -1.2576737e-01   7.8727372e-03   9.1841068e-04  -2.5227745e-03
  -1.1365818e-01  -1.6140539e-01  -9.5630235e-02   7.6118571e-03   2.6399828e-04  -2.3988635e-03
  -1.1949357e-01  -1.7630162e-01  -1.5852940e-01   7.6057814e-03   1.1515055e-03  -2.7464325e-03
  -6.0568032e-02  -7.2605093e-02  -6.8168589e-02   5.9691327e-03   4.9564012e-04  -2.0432513e-03
  -7.6111285e-02  -2.0480691e-01  -1.5350901e-01   7.9815381e-03   4.4531918e-04  -1.9676052e-03
  -1.0973490e-01  -2.0500108e-01  -8.5429901e-02   8.5493880e-03   4.4927921e-04  -2.3626787e-03
  -9.7082998e-02  -2.1696715e-01  -1.3408021e-01   8.1647347e-03   2.4997296e-04  -2.5841317e-03
  -9.8176864e-02  -1.7109547e-01  -1.6192312e-01   7.3980681e-03   2.5773964e-04  -2.7579729e-03
  -9.7708000e-02  -1.0622234e-01  -9.7195088e-02   7.3005655e-03   4.4181110e-04  -2.5792965e-03
  -1.0543267e-01  -1.8084550e-01  -1.9794686e-01   8.9007243e-03   6.2351142e-04  -2.7791133e-03
  -1.0804482e-01  -1.4851926e-01  -1.9214314e-01   9.0888691e-03   7.7297413e-04  -2.7336617e-03
  -1.0963477e-01  -1.8601013e-01  -1.6270905e-01   9.5023810e-03   9.1121999e-04  -2.7899646e-03
  -9.1463447e-02  -1.7900853e-01  -1.1155824e-01   9.6569177e-03   4.3865030e-04  -2.7088147e-03
  -1.1219415e-01  -2.4442087e-01  -1.2010218e-01   9.8091509e-03   5.4177108e-04  -2.9393356e-03
  -9.5848764e-02  -1.1261332e-01  -6.9948279e-02   6.7094062e-03   8.6183521e-05  -3.0083643e-03
  -1.1405509e-01  -2.2061526e-01  -1.4034411e-01   6.6600056e-03   1.4796872e-04  -2.9242261e-03
  -7.6395617e-02  -8.8046316e-02  -1.1925583e-01   7.0910493e-03   1.5371867e-04  -2.2929580e-03
  -6.7418972e-02  -1.9641317e-01  -1.7086338e-01   7.9285026e-03  -1.7274763e-04  -2.6187017e-03
  -9.2016987e-02  -1.6755546e-01  -6.5587611e-02   8.0707469e-03   3.2584132e-04  -2.5751459e-03
  -9.1759669e-02  -2.1252629e-01  -1.1722105e-01   7.8429798e-03   4.9996091e-04  -2.7321002e-03
  -9.8626488e-02  -2.0381943e-01  -6.5847907e-02   6.9589101e-03   4.9757678e-05  -3.0700989e-03
  -1.0098065e-01  -1.3116830e-01  -8.4362923e-02   6.7690643e-03   1.7470064e-04  -2.8794096e-03
  -1.2061042e-01  -2.0702967e-01  -2.2090058e-01   7.7069917e-03   7.1970442e-04  -3.1024594e-03
  -9.5480048e-02  -9.4763573e-02  -6.9019594e-02   6.1265726e-03   3.7476673e-04  -2.8240083e-03
  -1.0219602e-01  -1.8906101e-01  -1.6486173e-01   7.3119948e-03   4.3657445e-04  -2.9902533e-03
  -1.2190075e-01  -1.5248559e-01  -1.0636235e-01   7.9868596e-03   5.7183102e-04  -3.1888152e-03
  -1.1412886e-01  -2.3035107e-01  -1.3022996e-01   8.4483123e-03   8.7207152e-05  -2.9811938e-03
  -1.4947480e-01  -2.1896950e-01  -1.5876097e-01   8.4013167e-03   6.0877764e-04  -3.5860107e-03
  -1.3982481e-01  -2.1208900e-01  -1.7632961e-01   8.4964667e-03   6.6012891e-04  -3.4494278e-03
  -1.3867603e-01  -2.3585889e-01  -1.3491300e-01   8.9474795e-03   7.7448283e-04  -3.3343924e-03
  -1.4104915e-01  -2.7690572e-01  -1.6628965e-01   9.9489069e-03   6.6162482e-04  -3.6057102e-03
  -1.4662380e-01  -3.6360547e-01  -1.7849911e-01   1.0254450e-02   7.2828003e-04  -3.5061744e-03
  -1.5607525e-01  -3.2127567e-01  -1.9087354e-01   9.3736024e-03   7.1600522e-04  -3.9889095e-03
  -1.6185025e-01  -2.6184707e-01  -2.2376874e-01   7.9802172e-03   3.8328931e-04  -4.6477970e-03
  -1.0756809e-01  -1.4082596e-01  -1.4402705e-01   7.8483207e-03   5.7886763e-04  -3.7869180e-03
  -1.3262895e-01  -2.2554084e-01  -2.0182517e-01   9.1593509e-03   1.1125974e-03  -3.6599190e-03
  -1.6034322e-01  -1.3952983e-01  -6.4461498e-02   7.0631949e-03   1.1112147e-03  -3.9314270e-03
  -1.4230980e-01  -1.4477504e-01  -5.4214321e-02   7.0841165e-03   6.2269938e-04  -4.3796354e-03
  -1.4640515e-01  -2.5217682e-01  -2.1148579e-01   7.9285589e-03   1.1739211e-03  -4.1579958e-03
  -1.5087148e-01  -1.4394002e-01  -1.5597355e-01   7.2911140e-03   1.2710754e-03  -4.0653900e-03
  -1.5652570e-01  -1.8917763e-01  -2.0077010e-01   8.4243904e-03   1.1131705e-03  -4.0794814e-03
  -1.5539318e-01  -2.8341038e-01  -1.5649905e-01   1.0299139e-02   9.2740064e-04  -4.0427319e-03
  -1.5442870e-01  -2.4909897e-01  -1.5024971e-01   9.5920369e-03   1.2759617e-03  -3.9153123e-03
  -1.6670636e-01  -2.9553057e-01  -2.1703394e-01   9.2314548e-03   1.4483356e-03  -4.1077390e-03
  -1.6684942e-01  -2.7800242e-01  -2.3414858e-01   9.1412809e-03   1.6596717e-03  -4.3094354e-03
  -1.5567920e-01  -1.6907687e-01  -1.8989482e-01   8.4160900e-03   1.9250084e-03  -4.5287799e-03
  -1.8277316e-01  -2.4441595e-01  -2.3559922e-01   9.4819166e-03   2.3645653e-03  -4.6556515e-03
  -2.0339463e-01  -2.3263491e-01  -1.4159464e-01   1.0591871e-02   2.2125797e-03  -3.7330028e-03
  -2.1551900e-01  -3.1839540e-01  -1.0584203e-01   1.1726642e-02   2.3105401e-03  -3.8913576e-03
  -1.8271328e-01  -2.0321642e-01  -3.1386081e-02   8.7928263e-03   1.6757819e-03  -3.6981267e-03
  -1.8316870e-01  -1.7665281e-01  -3.4551322e-02   6.9652376e-03   2.8826375e-03  -4.3130133e-03
  -2.1300758e-01  -1.9324554e-01   1.1827729e-01   6.7346382e-03   2.0344291e-03  -4.4747462e-03
  -2.0689613e-01  -1.7834613e-01   2.3418930e-02   6.2199469e-03   2.2846782e-03  -5.0982090e-03
  -1.5729811e-01  -1.4373256e-01   5.3905558e-02   5.9666259e-03   2.1592112e-03  -4.0039468e-03
  -1.2162166e-01  -6.8319703e-02  -3.7513287e-02   5.9803274e-03   1.6570367e-03  -3.0856822e-03
  -1.4378011e-01  -1.0018544e-01  -9.1678919e-02   6.2870507e-03   2.0246069e-03  -3.7537660e-03
  -1.3212860e-01  -5.7179396e-02  -2.2798186e-03   6.5730346e-03   2.1185894e-03  -3.5581102e-03
  -1.2439994e-01  -1.3643659e-01  -5.5628752e-02   8.0015625e-03   2.0578316e-03  -3.4622074e-03
  -1.3707005e-01  -1.6949622e-01   1.1646394e-03   8.6165539e-03   2.4093581e-03  -3.3997153e-03
  -1.5343695e-01  -1.3566370e-01  -3.2638006e-02   8.0337070e-03   2.4025500e-03  -2.8020512e-03
  -1.4259146e-01  -2.9845119e-02   1.0282889e-01   3.9750111e-03   1.6613867e-03  -2.8285707e-03
  -1.4137118e-01  -9.2291212e-02   6.3775043e-02   4.4985396e-03   1.2157286e-03  -3.7979631e-03
  -1.3714643e-01  -7.6429035e-02   3.3849882e-02   4.7913393e-03   2.0248762e-03  -3.9797705e-03
  -1.2008385e-01  -8.1897179e-02  -5.9515075e-02   5.1818768e-03   1.6704191e-03  -3.7806694e-03
  -1.3201495e-01  -1.0177606e-01  -5.5934409e-02   6.0434348e-03   1.8102594e-03  -3.9658575e-03
  -1.3767302e-01  -3.7594252e-02   6.6476094e-02   5.3803926e-03   1.3775354e-03  -4.3175066e-03
  -1.4594079e-01  -1.4856498e-01  -9.4726030e-02   6.3523739e-03   2.1508340e-03  -4.6190632e-03
  -1.4319519e-01  -1.3189756e-01  -3.9039309e-02   7.7596704e-03   1.7656885e-03  -4.2590373e-03
  -1.5212462e-01  -2.6326269e-01  -1.2704444e-01   9.3653129e-03   1.9902030e-03  -4.4715782e-03
  -1.6820102e-01  -2.2518044e-01   2.2075814e-02   9.7946403e-03   1.8465836e-03  -4.4092732e-03
  -1.8615731e-01  -3.0844609e-01  -9.6161288e-02   8.6073118e-03   1.9020783e-03  -5.1892757e-03
  -1.8516940e-01  -1.5726322e-01   1.0647935e-02   7.6121074e-03   1.5059644e-03  -4.8110549e-03
  -1.8293056e-01  -2.6571990e-01  -3.8895533e-02   7.7937885e-03   1.6244409e-03  -4.8108831e-03
  -1.9980403e-01  -2.1360259e-01   5.7909335e-02   8.6797236e-03   1.3789957e-03  -4.9305668e-03
  -2.0525924e-01  -2.7561254e-01  -5.0897592e-03   8.4198127e-03   1.8930406e-03  -5.2470121e-03
  -1.9466654e-01  -1.8154959e-01   1.0496662e-01   7.0880365e-03   1.1043224e-03  -4.4549257e-03
  -2.0911513e-01  -1.7529224e-02   1.8756171e-01   1.7909776e-05   1.6606230e-04  -4.6827165e-03
  -1.8768364e-01   1.0578779e-01   2.4545595e-01  -4.4586089e-03   2.2338631e-03  -5.0896028e-03
  -1.8205564e-01   1.2581425e-01   2.0182559e-01  -5.6910597e-03   2.7031487e-03  -4.7324081e-03
  -1.5114392e-01   2.0879901e-01   1.7682496e-01  -1.0548752e-02   9.5737584e-04  -4.3074061e-03
  -1.4760017e-01   2.4623978e-01   1.7006476e-01  -1.2478689e-02   3.3056583e-04  -5.4491203e-03
  -1.3592547e-01   2.1136475e-01   1.6680446e-01  -1.0195052e-02   1.1851309e-03  -5.0316758e-03
  -9.0334359e-02   2.5816305e-01   2.0412002e-01  -6.9983032e-03   1.1620921e-03  -4.3924629e-03
  -1.0556092e-01   1.9307793e-01   7.0640303e-02  -5.3917294e-03   1.7221783e-03  -4.2028878e-03
  -3.6956077e-02   2.7677736e-01   2.5295642e-01  -4.4205963e-03   4.9834578e-04  -3.3474395e-03
  -7.9537741e-02   1.6976232e-01   1.3083292e-01  -3.7633035e-03   1.8403842e-03  -4.0258211e-03
  -7.4292266e-02   1.8710670e-01   2.5337912e-01  -2.9300572e-03   1.4174572e-03  -3.9213437e-03
  -8.6841637e-02   1.8130087e-01   2.0718096e-01  -2.5233713e-03   1.3220986e-03  -4.4232886e-03
  -9.4599741e-02   1.1955856e-01   1.7553548e-01  -2.8303141e-03   1.5192809e-03  -4.4351996e-03
  -7.4219960e-02   1.8898405e-01   2.8268588e-01  -2.3444874e-03   1.0634783e-03  -4.3157059e-03
  -8.6706108e-02   9.4110610e-02   1.6958277e-01  -1.6915511e-03   1.1804647e-03  -4.7096301e-03
  -8.7920084e-02   1.2733617e-01   2.5934606e-01  -1.3011343e-03   1.3497835e-03  -4.5942269e-03
  -8.7657484e-02   7.0512098e-02   1.7721125e-01  -1.0557098e-03   1.4067221e-03  -4.8582930e-03
  -7.9898641e-02   6.9934940e-02   1.9017930e-01  -5.8094107e-04   1.3004691e-03  -4.9332853e-03
  -6.8403027e-02   9.5739663e-02   1.8813875e-01  -2.3500533e-04   1.4218871e-03  -4.9937277e-03
  -8.6599170e-02   1.4322680e-02   9.0789313e-02  -3.7115833e-04   1.6873144e-03  -5.4445946e-03
  -7.5856212e-02   6.0294410e-02   1.2735010e-01   3.2922395e-04   1.4565248e-03  -5.4760418e-03
  -8.9537809e-02  -1.4996556e-02   3.4244089e-02   7.0774741e-04   1.4809206e-03  -5.5118254e-03
  -7.6615834e-02   4.3514576e-02   1.4047756e-01   4.5963450e-04   1.2047451e-03  -5.1588419e-03
  -8.0154879e-02  -7.6992800e-02   3.2512842e-02   3.3950127e-03   1.4897693e-03  -5.4303199e-03
  -8.2907253e-02  -3.4118040e-02   5.1885532e-02   3.1918962e-03   1.1653313e-03  -5.4217701e-03
  -8.8348547e-02   5.1304307e-03   1.7442618e-02   1.1024760e-03   1.5602051e-03  -5.6036919e-03
  -8.6257892e-02  -3.5020485e-02  -1.1393329e-02   1.4795629e-03   1.4328940e-03  -5.3592508e-03
  -6.3459346e-02   6.2676683e-02   3.5122646e-02   1.1612885e-03   8.2175022e-04  -5.2486991e-03
  -8.3599891e-02  -4.3906486e-02  -1.4982140e-02   1.8525275e-03   1.1525530e-03  -5.6692438e-03
  -8.4589043e-02   1.9416670e-02   1.0684415e-01   1.5838824e-03   9.0564071e-04  -5.6385650e-03
  -8.5447000e-02  -5.0803100e-02   4.6186097e-02   2.1261533e-03   8.1427874e-04  -5.9101118e-03
  -9.4736311e-02  -3.3149610e-02   1.1279974e-01   1.9334317e-03   1.1897166e-03  -5.7216312e-03
  -1.0307024e-01  -6.3636280e-02   6.3002713e-02   2.6368923e-03   1.0937920e-03  -5.5510590e-03
  -1.1615245e-01  -7.0893770e-02   1.4739694e-01   2.9372057e-03   1.2815208e-03  -5.9200831e-03
  -1.0295820e-01   1.2381780e-02   1.3102894e-01   1.4160054e-03   3.1154814e-04  -6.2269218e-03
