   0.0000000e+00   0.0000000e+00   0.0000000e+00   0.0000000e+00   0.0000000e+00   0.0000000e+00
  -4.1255801e-03  -1.3881715e-02  -1.9706693e-02   6.3323228e-04   2.4607092e-04  -1.3580235e-06
  -6.4238568e-03   9.1786229e-02   7.4750486e-02   3.8769721e-04   2.4746559e-04   1.7787299e-04
  -3.3424974e-02  -1.2544930e-01   1.0739469e-02   1.4832440e-03   4.0164286e-04   2.5176288e-05
  -1.9779408e-02   9.3866085e-02  -1.6192081e-02   7.8299084e-06   3.8382757e-04   2.6458678e-04
  -2.2033628e-02   2.4742809e-02  -9.1654318e-02   8.6424668e-04   1.2235786e-03   5.9080440e-04
  -2.2995609e-02   4.0543328e-02  -7.6653808e-02   9.2346260e-04   1.1678037e-03   3.5810510e-04
   8.1170729e-03   1.7741706e-01   7.1225313e-02   4.2588208e-05   9.2140178e-04   6.8373460e-04
  -2.3132171e-02   1.9075928e-02   1.7705333e-02   4.2686040e-04   8.4520769e-04   4.2017275e-04
  -1.8982656e-02   6.6737429e-02   3.6851223e-02   1.0231155e-03   1.4956925e-03   7.4283626e-04
  -1.0973595e-02   8.2883983e-02   4.2723444e-02   1.3526373e-03   1.4823566e-03   8.0931446e-04
   2.6629645e-03   1.8510223e-02  -5.5827067e-03   9.9544832e-04   1.6729877e-03   6.8603684e-04
   1.2168182e-03   7.6639839e-02   2.0837386e-02   7.7734158e-04   1.8329574e-03   4.2661020e-04
   6.8323566e-03   2.1336412e-02  -1.8623594e-02   2.4693846e-03   1.8246700e-03   3.1341397e-04
  -8.3679079e-03  -8.2621388e-04  -2.6547976e-02   2.8187372e-03   1.6832541e-03   2.1988878e-04
  -1.1812038e-02   3.5479789e-02   2.9555866e-02   1.7231612e-03   1.6599057e-03  -9.4752816e-05
  -1.3982876e-02  -6.1189525e-02  -4.1952509e-03   2.2416855e-03   1.2123778e-03  -2.5896294e-04
  -2.2173831e-02   8.6225839e-03  -2.8058279e-02   1.9712635e-03   1.7632835e-03  -9.7217573e-05
  -3.8456792e-02  -6.5797221e-02  -6.0472483e-02   1.9961614e-03   1.5987530e-03  -1.4107798e-04
  -2.5377254e-02   9.2368570e-02  -7.8985740e-03   1.6869338e-03   1.5581639e-03   1.9666972e-04
  -2.4118587e-02   1.9341243e-02  -2.8209971e-02   1.7162162e-03   1.6902299e-03   3.2337401e-04
  -3.9981106e-02   4.8882105e-02  -6.2560919e-03   1.6354670e-03   1.9376353e-03   1.7365943e-04
  -3.2957674e-02   2.3869179e-02  -1.3945963e-02   1.8180160e-03   1.6781445e-03  -1.0436792e-04
  -4.2807153e-02   4.8489015e-03  -5.6339803e-02   2.2383699e-03   1.6927372e-03  -3.7760658e-04
  -3.0321895e-02   6.4142817e-02  -6.9398963e-02   1.9838863e-03   2.1646388e-03   1.4822157e-04
  -3.0696024e-02  -3.8107487e-02  -1.0334968e-01   2.5703419e-03   1.7264122e-03   3.5430675e-05
  -2.1106546e-02   1.5068609e-01  -8.2018434e-03   1.4052748e-03   1.8473167e-03   1.0627451e-04
  -3.7052473e-02   2.1996331e-03  -4.0086139e-02   2.5936363e-03   1.6356020e-03  -1.2490558e-04
  -5.5967384e-02   1.0213617e-01   4.1292448e-02   1.9311108e-03   2.0392882e-03  -4.0133580e-04
  -6.1223023e-02  -6.1779886e-02  -2.4247244e-02   3.1475890e-03   2.4545996e-03   1.1655866e-04
  -5.5596655e-02   7.1400739e-03   4.5162750e-02   2.9228750e-03   2.5854286e-03  -8.6100881e-05
  -7.0637870e-02  -7.7485979e-02   2.0002600e-02   2.9652187e-03   2.5559183e-03  -4.0224700e-04
  -7.5636872e-02   1.6548774e-03   5.0255939e-02   2.6480364e-03   2.5373784e-03  -2.9203249e-04
  -5.1943474e-02   6.8510910e-03  -4.4338226e-02   1.3595270e-03   1.9803210e-03  -3.5749157e-04
  -5.2692161e-02   2.4974269e-02  -1.2502295e-02   1.4623757e-03   1.7347060e-03  -2.3796560e-04
  -5.4589176e-02   9.5642964e-02   6.5162110e-02   1.1400383e-03   1.3001131e-03  -3.8043172e-04
  -7.4310227e-02  -1.0377990e-02   5.0209100e-02   2.0429856e-03   1.3891508e-03  -7.6975092e-04
  -6.9904893e-02   4.8453204e-02   8.3142048e-02   1.6411540e-03   2.0155682e-03  -5.4090218e-04
  -6.0966020e-02  -7.1429797e-02   3.8587277e-03   3.2598042e-03   2.2497636e-03  -1.5767973e-04
  -7.2116751e-02  -9.7893818e-03   3.1200865e-02   2.0848830e-03   2.1520198e-03  -6.5752667e-04
  -7.2730912e-02  -3.6959689e-02  -8.1663762e-03   9.0615103e-04   1.8479965e-03  -6.9764547e-04
  -6.6855445e-02   4.7357002e-02   4.4553683e-02   1.0654083e-03   1.7056910e-03  -2.9302067e-04
  -5.9810440e-02   6.2014822e-02   5.1929253e-03   1.7310928e-03   1.5594381e-03  -3.6135052e-04
  -8.2655540e-02   1.2349392e-02   1.3332781e-02   2.3148894e-03   2.2636825e-03  -5.1215416e-04
  -7.5104054e-02   4.6763634e-02   1.1819133e-01   1.4143534e-03   2.0795535e-03  -4.4307904e-04
  -7.9741622e-02  -4.0004207e-02   9.2346703e-02   1.7902253e-03   2.0114876e-03  -6.2992843e-04
  -8.2723944e-02   3.1658863e-02   1.3853859e-01   1.1289614e-03   2.4174818e-03  -6.4633355e-04
  -7.1734140e-02  -3.9041103e-02   9.2003028e-02   1.2020733e-03   2.1631285e-03  -6.7161942e-04
  -9.3900893e-02  -1.4725320e-02   1.4123669e-01   1.4276433e-03   2.3394647e-03  -8.4807417e-04
  -8.3442635e-02  -1.4142139e-02   9.3941235e-02   9.6166402e-04   2.3341528e-03  -8.7552202e-04
  -6.9575172e-02   9.8948112e-03   7.3019699e-02   1.0809209e-03   1.7580282e-03  -9.7326616e-04
  -8.7447200e-02  -6.5311308e-02   1.1121211e-02   2.3976779e-03   1.8378695e-03  -9.3420187e-04
  -1.0044914e-01  -2.4317154e-02   5.0202290e-02   1.7013094e-03   2.0671425e-03  -1.2477047e-03
  -7.8845622e-02   4.0628125e-02   2.7769825e-02   1.7181345e-03   1.4165489e-03  -1.2321228e-03
  -6.4529232e-02   6.2627936e-02   1.0444599e-01  -7.4496944e-04   1.4909986e-03  -3.9961091e-04
  -7.2289107e-02  -3.2779899e-02   3.3955385e-02   4.8076579e-04   1.2596793e-03  -7.6646130e-04
  -6.0476167e-02   1.6718806e-01   9.5667344e-02   6.3064930e-04   1.6562898e-03  -2.5139836e-04
  -5.9826674e-02   8.4238720e-02   1.8298563e-02   1.4448131e-03   1.9277464e-03   8.6535659e-05
  -5.2228211e-02   8.5526009e-02   4.6829188e-02   2.4385135e-03   2.2389462e-03   3.2853193e-04
  -5.1180021e-02   3.7917397e-02  -1.2498269e-02   2.6496815e-03   1.7010144e-03  -2.3826378e-05
  -7.7890384e-02  -2.0256417e-03  -4.2090050e-02   2.4876838e-03   1.7716619e-03  -5.2164301e-04
  -6.9463278e-02   8.1957911e-02   6.3729602e-02   3.5067898e-04   1.0505557e-03  -8.6543147e-04
  -9.0595177e-02   6.2357495e-02  -5.2276382e-02   7.7168471e-04   1.6198462e-03  -9.8911399e-04
  -6.4447237e-02   1.4338062e-01   4.4280872e-02   1.5842306e-03   1.4928598e-03  -9.8926201e-04
  -7.8718825e-02   1.4269629e-02  -8.0378033e-02   2.8430971e-03   2.2438336e-03  -9.1960690e-04
  -6.2774209e-02   6.1722233e-02   5.5906232e-03   2.9917821e-03   2.2498471e-03  -5.0168823e-04
  -7.9195926e-02  -4.0043430e-02  -6.2422220e-02   2.2796782e-03   2.2064458e-03  -1.1451216e-03
  -8.1284299e-02   8.4682867e-02   4.6998033e-02   9.7423596e-04   2.0101878e-03  -1.1191232e-03
  -7.9244408e-02   1.4850592e-02  -9.7288852e-03   1.1919454e-03   2.0490553e-03  -1.1162355e-03
  -5.7989738e-02   7.7504331e-02   1.1823001e-02   1.2227176e-03   1.6764163e-03  -1.1106380e-03
  -7.4374278e-02   8.8453837e-02   4.7872818e-02   2.3591353e-03   1.8878829e-03  -9.9959848e-04
  -8.5561783e-02  -3.8225635e-02   1.6641833e-02   3.5049704e-03   1.8108071e-03  -9.9717255e-04
  -8.8368886e-02   2.9090974e-02   1.3024398e-01   2.8894888e-03   1.8561173e-03  -1.1702757e-03
  -8.1019945e-02   1.5264535e-02   1.5991672e-02   1.4715460e-03   1.5460124e-03  -1.6830433e-03
  -9.2960976e-02   7.4828981e-02   1.4426678e-01  -5.6865440e-04   6.2929217e-04  -1.9651676e-03
  -9.3090786e-02   1.6987462e-05   1.0871751e-01   1.9007356e-04  -1.2417460e-04  -2.5318316e-03
  -8.1480532e-02   3.1094977e-01   3.8535840e-01  -2.6838986e-03   2.0868319e-04  -2.8274233e-03
  -1.1411185e-01   9.7966191e-02   2.4961176e-01  -1.4082244e-03   6.8653954e-04  -3.1214542e-03
  -1.0214068e-01   1.9358398e-01   3.1023480e-01  -1.0174865e-03   1.0313024e-03  -3.2910191e-03
  -1.1541402e-01   1.0566298e-01   2.1506501e-01  -1.9326954e-04   1.6503111e-03  -2.9867584e-03
  -1.0772367e-01   1.5968336e-01   2.5628627e-01  -8.1225864e-04   1.7296874e-03  -3.3055245e-03
  -1.1713692e-01   3.1702233e-02   1.6998963e-01   8.7310060e-04   1.2488176e-03  -2.7876899e-03
  -1.1303489e-01   1.6254796e-01   2.2734377e-01  -8.6444637e-04   1.6292010e-03  -2.4125564e-03
  -1.1192898e-01   4.8925193e-02   1.4948063e-01  -4.4974718e-04   1.3921336e-03  -1.9878478e-03
  -8.9894273e-02   1.0356774e-01   1.5290894e-01   2.8978449e-05   6.7512993e-04  -1.3421699e-03
  -1.0021820e-02   2.0767881e-01   3.0713457e-01  -4.8853367e-04   5.1562722e-04  -5.1630552e-04
  -1.6065831e-02   6.1400488e-02   1.6583441e-01   1.1073081e-03   1.4697022e-03   1.3613726e-04
  -5.9966423e-03   1.2396611e-01   1.8971093e-01   1.6657955e-03   1.6684137e-03   1.0462426e-04
  -4.2596248e-02  -6.7403898e-03   1.4176556e-01   2.1738336e-03   1.0797980e-03  -1.1067661e-03
  -5.1969743e-02   9.3273420e-02   2.0534920e-01   1.0078805e-04   8.6296928e-04  -1.1828815e-03
  -7.9632881e-02   2.6224923e-02   1.2016126e-01   3.0458800e-04   8.2560551e-04  -1.1074928e-03
  -4.9567087e-02   1.4036652e-01   2.1698584e-01  -4.2940967e-04   6.4417017e-04  -9.2388905e-04
  -7.7638246e-02   1.0052743e-01   2.7261112e-01   3.5134813e-04   8.6130999e-04  -1.1266162e-03
  -7.9773108e-02   1.3823303e-01   3.4776192e-01  -1.0426972e-04   8.7535306e-04  -1.4054348e-03
  -9.2567864e-02   4.2783099e-02   3.4016035e-01   2.2451865e-04   4.8858175e-04  -1.7313019e-03
  -9.3959554e-02   9.4924462e-02   3.4219163e-01  -6.4549186e-04   7.5429367e-04  -1.8584110e-03
  -9.0649446e-02   5.2453627e-02   3.5030481e-01  -8.2318069e-05   5.5124265e-04  -1.8946360e-03
  -1.1095744e-01   2.3794620e-02   3.3695968e-01   2.1465326e-05   1.1018856e-03  -1.9944073e-03
  -1.0068820e-01   1.0667586e-01   3.4491150e-01  -4.2883006e-04   9.0079748e-04  -1.9520503e-03
  -7.4373549e-02   6.9037801e-02   2.4036692e-01  -2.0968748e-04   2.0031537e-04  -1.6549171e-03
  -5.9992733e-02   1.2417643e-01   2.3661507e-01   4.6650897e-04   8.7624129e-04  -1.1660572e-03
  -6.1351148e-02   8.6463570e-02   1.3248439e-01   1.5379557e-03   1.3752739e-03  -4.7277289e-04
  -6.8270443e-02   8.8074387e-02   2.9273947e-01   1.7288674e-03   9.3813797e-04  -7.0513726e-04
  -9.5135323e-02   6.5342288e-03   2.4094976e-01   1.6066001e-03   1.0861496e-03  -1.5173000e-03
  -1.0544991e-01   4.9344658e-02   2.6026355e-01   1.8388201e-03   1.3262380e-03  -1.5221929e-03
  -7.3483075e-02   5.2998812e-02   2.4339433e-01   1.7723996e-03   5.2491304e-04  -1.3096588e-03
  -9.9996818e-02   1.0954366e-02   2.9578165e-01   2.2258804e-03   7.2991714e-04  -1.8021239e-03
  -8.7061303e-02   1.2721779e-01   2.9736878e-01   1.6725448e-03   3.0684306e-04  -1.9555891e-03
  -7.2941749e-02   1.4207158e-01   1.7990437e-01   1.0734151e-03   2.0250716e-04  -1.6485653e-03
  -1.4851586e-02   2.4665862e-01   4.5695668e-01  -1.9524473e-04   7.4695972e-04  -4.6655244e-04
  -3.3294540e-02   1.2392525e-01   3.3685183e-01   1.5959715e-03   1.0290777e-03  -6.7949793e-04
  -4.8074484e-02   6.9868028e-02   4.2302114e-01   4.4354523e-03   8.0412053e-04  -8.0335221e-04
  -5.7241481e-02   7.5740222e-02   3.8153428e-01   5.3792938e-03   1.2863925e-03  -1.9038334e-03
  -6.4067480e-02   2.1045464e-02   3.1881392e-01   4.2170603e-03   1.8608303e-03  -1.8351244e-03
  -4.1271103e-02   1.4399874e-01   3.7093199e-01   3.5003435e-03   1.5312922e-03  -1.2220205e-03
  -8.3812206e-03   1.6998454e-01   3.3693188e-01   3.5554687e-03   1.1571358e-03  -7.1841251e-04
  -1.2406557e-02   1.6716234e-01   3.5238435e-01   4.3839437e-03   1.8070371e-03  -3.0870158e-04
   9.6456439e-03   1.7965488e-01   3.9810872e-01   4.4515804e-03   1.3485397e-03  -3.5511287e-04
  -5.3372719e-03   9.7617997e-02   3.2465725e-01   4.9825906e-03   1.7146499e-03  -2.3609102e-04
  -2.6064366e-03   1.1753934e-01   3.6209326e-01   4.5323461e-03   1.5951160e-03  -2.9250790e-04
  -3.3270066e-03   1.0510736e-01   3.5731710e-01   4.9582445e-03   1.1187198e-03  -6.6667464e-04
  -4.8013828e-02   1.2683167e-01   3.7808201e-01   3.6006355e-03   1.7956015e-03  -1.3604950e-03
  -5.0343175e-02   9.8702772e-02   3.5371851e-01   4.7590563e-03   1.5299923e-03  -1.4338367e-03
  -3.6879473e-02   1.7588137e-01   3.9540705e-01   4.3419124e-03   1.3390054e-03  -1.3565616e-03
  -3.6001112e-02   9.0673067e-02   3.3195256e-01   5.1191644e-03   1.1698430e-03  -1.5290306e-03
  -5.5443109e-02   1.4059458e-01   3.8023071e-01   4.3925502e-03   1.6792922e-03  -1.6676452e-03
  -4.2708015e-02   4.8301300e-02   3.3540092e-01   5.6132846e-03   1.3701204e-03  -1.6272160e-03
  -5.3885129e-02   9.5167183e-02   3.6922827e-01   5.3227386e-03   1.7546901e-03  -1.7413349e-03
  -5.1933110e-02   2.3322506e-02   3.2743139e-01   5.8421317e-03   1.2810556e-03  -1.6731632e-03
  -6.0379202e-02   2.0591211e-02   3.2237565e-01   6.2063611e-03   1.8396787e-03  -1.7883467e-03
  -5.3833424e-02   4.8622512e-02   3.0161717e-01   5.2439812e-03   1.6696113e-03  -1.8087978e-03
  -7.2002401e-02   4.9894644e-02   3.0121442e-01   5.1714731e-03   1.5815528e-03  -1.7403801e-03
  -6.4654903e-02   7.8869387e-02   3.3750821e-01   6.1234202e-03   9.9487071e-04  -1.8901268e-03
  -9.2115961e-02   2.0410942e-02   2.9075825e-01   6.0906338e-03   1.4311840e-03  -2.4831553e-03
  -4.6974173e-02   1.4057654e-01   4.0296824e-01   4.5087931e-03   9.3391346e-04  -2.2209343e-03
  -4.7846719e-02   3.5111522e-02   3.4545472e-01   4.3852245e-03   1.1914200e-03  -1.6319884e-03
  -4.6480226e-02   9.1745531e-02   3.1711214e-01   4.0037858e-03   1.0129854e-03  -1.5247217e-03
  -2.4229444e-02   1.7535224e-01   3.7321456e-01   4.1281190e-03   8.8851342e-04  -1.3654708e-03
  -3.4275201e-02   4.2843301e-02   2.8303127e-01   5.3760378e-03   8.4531712e-04  -1.4511502e-03
  -4.9150217e-02   1.1026991e-01   3.5115476e-01   5.2574065e-03   1.5044152e-03  -1.5309527e-03
  -5.9173192e-02  -8.2098505e-03   2.3492633e-01   6.6776117e-03   1.3099605e-03  -2.0526589e-03
  -5.5677207e-02   5.7532287e-02   3.0312963e-01   6.0088237e-03   1.2843860e-03  -2.0463301e-03
  -4.3178865e-02   3.7278854e-02   2.6909426e-01   5.3110969e-03   1.3487269e-03  -1.7890885e-03
  -4.0369387e-02   1.2533593e-01   2.9096256e-01   4.5274821e-03   1.8232954e-03  -1.5306050e-03
  -3.4749570e-02   8.0385867e-02   2.6349819e-01   6.3583632e-03   1.4768673e-03  -1.9832566e-03
  -6.9829345e-02  -1.2466614e-02   3.0220446e-01   6.5199357e-03   1.4897219e-03  -2.3224696e-03
  -5.8553166e-02   3.1301003e-02   2.6137861e-01   6.0143998e-03   1.3311866e-03  -2.4381029e-03
  -7.4284919e-02   6.5808594e-02   2.7548325e-01   5.8600195e-03   1.7549360e-03  -2.2902924e-03
  -5.2780713e-02   8.2208331e-02   2.3776347e-01   5.7205086e-03   1.0831365e-03  -2.1984417e-03
  -6.8535398e-02   5.0705467e-02   2.4258078e-01   6.4763534e-03   1.1841929e-03  -2.2746089e-03
  -7.2146481e-02   1.0831286e-01   2.9121936e-01   5.7975548e-03   9.9955171e-04  -2.4752555e-03
  -6.0716365e-02   8.3874674e-02   3.5952321e-01   4.9825507e-03   1.0745197e-03  -2.0414223e-03
  -4.4110807e-02   1.0546944e-01   3.7942915e-01   4.9863880e-03   6.1031485e-04  -1.9606094e-03
  -9.2761737e-02  -1.6079500e-02   2.9845811e-01   4.7077257e-03   5.2002546e-04  -2.7427075e-03
  -4.2109839e-02   3.0647988e-01   4.9875401e-01   4.3439931e-03   1.9948741e-04  -1.6669659e-03
  -8.9190706e-02   5.2268687e-02   3.9305850e-01   6.4808038e-03   1.6705291e-03  -1.8701123e-03
  -9.4703449e-02  -4.5756209e-02   3.3616462e-01   8.2092824e-03   1.8776131e-03  -2.0184770e-03
  -1.1007085e-01   8.0099702e-02   3.2825618e-01   8.2155065e-03   2.2433999e-03  -2.3998041e-03
  -1.0879557e-01  -4.6869671e-02   2.8733398e-01   8.8808903e-03   1.8152062e-03  -2.0346132e-03
  -9.2000889e-02   7.3878924e-02   3.5367589e-01   7.4249352e-03   1.1448488e-03  -2.4371752e-03
  -1.0119742e-01   3.4922609e-02   2.9009928e-01   7.5035030e-03   1.3853029e-03  -2.5621895e-03
  -7.1712341e-02   9.2850087e-02   3.1192546e-01   6.1062804e-03   9.9048173e-04  -2.3201737e-03
  -6.5428517e-02   1.4875117e-01   3.7627479e-01   5.5687595e-03   9.9183692e-04  -2.3483668e-03
  -9.2427490e-02   5.7955983e-02   3.0312607e-01   7.2409636e-03   1.6225725e-03  -2.3947709e-03
  -1.0609061e-01   3.3043897e-02   4.3504920e-01   8.1790708e-03   1.1462851e-03  -2.6123454e-03
  -1.1732775e-01  -1.1929479e-02   2.8984454e-01   6.7213828e-03   1.3930460e-03  -3.0369403e-03
  -1.1495768e-01   9.1031176e-02   3.4785361e-01   6.2125221e-03   1.4307178e-03  -2.9984344e-03
  -1.0428991e-01  -5.5506236e-03   2.5828325e-01   7.0369404e-03   4.4157875e-04  -2.8516404e-03
  -8.8432028e-02   1.7761340e-01   3.5289860e-01   5.3808009e-03   5.1923153e-04  -2.4799911e-03
  -1.0210888e-01   1.9992859e-01   4.2197820e-01   4.8967600e-03   1.2320654e-03  -2.6612236e-03
  -7.7372895e-02   1.5050282e-01   3.5090936e-01   6.3396458e-03   1.5754069e-03  -2.3897744e-03
  -8.7990709e-02   1.4075219e-01   3.8476167e-01   7.5120087e-03   2.0427658e-03  -1.9622566e-03
  -1.0597917e-01   5.1702744e-02   3.3740843e-01   7.8282210e-03   1.5149871e-03  -3.0573424e-03
  -1.2005036e-01   7.7700701e-02   3.3569581e-01   6.7226367e-03   1.7374511e-03  -3.3381647e-03
  -9.6328999e-02   1.1377074e-01   3.3895388e-01   5.5153422e-03   1.2874379e-03  -3.2782889e-03
  -8.5635457e-02   1.4913589e-01   4.3079640e-01   5.1171709e-03   7.8736583e-04  -3.8087740e-03
  -1.0860831e-01   1.1823098e-01   3.9911295e-01   5.6236260e-03   8.8862526e-04  -3.7147230e-03
  -8.6803465e-02   1.8354538e-01   5.6272081e-01   4.4097697e-03   6.3043282e-04  -3.3474180e-03
  -1.0206892e-01   4.4750821e-02   5.2438110e-01   5.4963047e-03   6.0516542e-04  -3.5932891e-03
  -1.0718231e-01   1.3953849e-01   5.3304913e-01   3.6904634e-03   3.1276982e-04  -3.6841253e-03
  -5.8340202e-02   3.6900837e-01   8.3391984e-01   2.1272125e-03  -1.2545826e-03  -2.5647640e-03
  -9.7352911e-02   9.6532649e-02   5.9234780e-01   4.2442566e-03  -2.5220447e-04  -2.7143347e-03
  -1.0445714e-01   1.3131494e-01   5.3549610e-01   6.1062050e-03   3.9245814e-04  -2.6815282e-03
  -1.2692919e-01   8.8024894e-02   6.3131222e-01   5.8722837e-03   5.1126886e-04  -3.5047971e-03
  -1.4120441e-01   4.2353943e-02   5.4437861e-01   6.3147955e-03   5.3038875e-04  -3.8526978e-03
  -1.2755604e-01   8.4123497e-02   5.8964675e-01   6.2432817e-03   3.1245426e-04  -3.6339931e-03
  -1.3629840e-01   4.8910120e-02   5.2376396e-01   7.8155963e-03   4.9606594e-05  -3.6020694e-03
  -1.3291921e-01   8.9665254e-02   5.9494680e-01   7.0831621e-03   3.0312162e-05  -3.7720634e-03
