   0.0000000e+00   0.0000000e+00   7.1054274e-15  -6.9388939e-18   0.0000000e+00   0.0000000e+00
  -7.9601923e-03  -3.6697849e-02  -4.1316759e-04   1.3468442e-04   2.3942292e-04  -1.6222887e-04
  -5.3520828e-03   2.4238610e-02   5.8191795e-02  -1.2504976e-04   2.9392415e-04  -2.1308454e-04
  -1.5017353e-02  -7.5923103e-03   3.9380089e-02  -4.5938114e-05   4.1018038e-04  -2.9641487e-04
  -2.3044306e-02  -1.9690903e-02   1.8232403e-02  -5.7464735e-06   4.4963295e-04  -4.5176674e-04
  -1.0991068e-02   9.3203823e-03   6.1789651e-02   3.4154705e-04   2.9501230e-04  -6.4114434e-04
  -3.0009667e-02  -5.3888506e-02   3.5130487e-02   5.0577843e-04   5.1139912e-04  -8.3678048e-04
  -1.4541665e-03   4.8629389e-03   6.5637497e-02  -1.9541978e-04  -7.9326642e-05  -3.0873420e-04
   8.0549722e-03   5.1083354e-02   3.7672863e-02  -9.3177879e-04   4.2139947e-04  -3.8363705e-04
   1.5326108e-02  -1.2161767e-02  -3.1419812e-02  -7.1710873e-05   3.7576949e-04  -3.7703164e-04
   2.5751576e-03   5.1735920e-02   1.2942812e-02  -4.7890796e-05   7.4207545e-04  -5.6345072e-04
   5.8369117e-03  -1.8276025e-02   3.5464017e-03   6.4459383e-05   4.8257431e-04  -6.5547140e-04
  -7.2657483e-03  -4.3891501e-02   2.0485895e-02   1.0131461e-03   5.3844761e-04  -7.1787301e-04
   8.9305380e-03  -9.4940471e-03   3.7746269e-02   9.7414722e-04   4.6027360e-04  -4.2549921e-04
   2.6177095e-03  -8.4109940e-02  -1.9433759e-02   1.3484714e-03   3.5176058e-04  -3.7802909e-04
   1.4971377e-02  -3.1965681e-02   1.4394534e-02   1.2260421e-03   2.4212720e-04  -4.2009338e-04
  -1.4772036e-02  -8.6830154e-02  -1.3794268e-02   1.4185911e-03   3.1012956e-04  -6.1485114e-04
  -1.4138959e-03  -1.3905027e-02   1.6585715e-02   2.2858214e-04   1.2257011e-04  -7.8378886e-04
   6.9796786e-03  -6.6804641e-03   2.7661868e-02  -1.6581107e-04  -7.5466268e-04  -1.1494130e-03
  -1.8397812e-04  -5.2966703e-02   1.1266371e-02   4.5851196e-05  -5.0937916e-04  -8.1786067e-04
   1.6637222e-02  -1.3553620e-02  -4.0223605e-02   2.1921696e-04  -7.5007665e-04  -4.6661137e-04
   3.8255905e-03   2.9178071e-03  -2.1669177e-02   5.4382567e-04  -3.9220847e-04  -5.5357425e-04
   7.6880045e-03   2.0339534e-02   1.1183608e-02   2.0752539e-04  -2.6946191e-04  -7.0213901e-04
   3.9199289e-03  -6.0128369e-02  -2.3631295e-02   1.3931882e-03  -3.0448173e-04  -4.1340084e-04
   1.0236324e-02  -7.4363622e-04   2.3841734e-02   1.5649021e-03  -4.5835393e-04  -7.7719116e-04
   2.8737754e-03  -4.7615330e-02  -1.5442366e-02   1.3883606e-03  -2.2670640e-04  -9.5282315e-04
   5.4008107e-03  -1.8873553e-02  -6.6960292e-03   3.4976011e-04  -1.8306753e-04  -7.9456364e-04
   2.5486645e-02   6.0298854e-02  -8.5787756e-03   2.1269357e-04  -5.2754383e-04  -6.5976445e-04
   1.6439329e-02  -2.6292915e-02  -5.3894351e-02   9.1989056e-04  -5.4276252e-04  -6.7721825e-04
   2.0493418e-02   1.7766862e-02   4.8989465e-03   1.2099804e-03  -2.8860095e-04  -8.0082479e-04
   1.8731783e-02  -8.2540332e-02  -3.2666875e-02   2.4223340e-03   1.1432477e-04  -3.9187470e-04
   2.3390627e-02  -2.3668518e-02  -9.6272737e-03   1.4292214e-03   1.9356980e-04  -4.4457158e-04
   2.7329794e-02  -6.8202698e-02  -4.2246920e-02   1.5671423e-03  -2.7555758e-04  -4.7129306e-04
   2.4566593e-02  -3.5225742e-02  -2.5915357e-02   1.2807758e-03  -7.3679331e-05  -4.6711925e-04
   1.9518707e-02  -3.6354575e-02  -2.6097787e-03   1.7230795e-03  -5.3888282e-05  -2.4281623e-04
   1.9673747e-02  -8.1921411e-02  -1.5472643e-02   2.1406323e-03  -6.4740589e-04  -2.9899608e-04
   2.4936240e-02  -1.5840163e-02   2.6064261e-02   1.3429123e-03  -5.4371717e-04  -4.3772739e-04
   1.4356337e-03  -1.1601183e-01  -3.9500806e-02   2.0533396e-03  -1.3567699e-04  -2.9006594e-04
   8.8423953e-03  -3.7877634e-02   9.1925695e-03   1.4024130e-03  -2.3929757e-04  -3.7300009e-04
   1.8890715e-03  -1.0300329e-01  -5.0778119e-02   2.3370464e-03  -2.9491848e-04  -6.3844829e-04
   8.1293595e-03  -4.2868765e-03   2.9351827e-02   1.4468005e-03  -3.2905721e-05  -5.5679051e-04
   3.4476300e-03  -8.4443459e-02  -6.9441567e-03   1.1096844e-03  -2.1023473e-04  -6.8487500e-04
   5.8229480e-03  -4.7871537e-02  -1.7795867e-04   8.0195906e-04  -3.2589111e-04  -7.6172300e-04
   3.8959419e-02   9.8468541e-03   6.7576009e-02   1.0379780e-03  -7.4719649e-04  -6.7015217e-04
   8.7260004e-03  -1.8074946e-02   3.1154010e-03   7.8527423e-04  -1.3273223e-05  -3.0983543e-04
  -2.8746829e-03  -1.1509098e-02  -1.7463433e-02   1.0489201e-03   2.5825179e-04  -6.6284698e-04
   2.0384915e-02   2.2980679e-02  -2.0062501e-03   1.8072876e-03  -4.4045545e-04  -6.0427767e-04
  -1.2929608e-02  -7.4208631e-02  -6.0080674e-03   2.3143219e-03  -2.9119831e-04  -8.7681490e-04
   2.4898117e-04   3.5324393e-02   4.1860595e-02   3.3443541e-04  -3.4182459e-04  -9.7796529e-04
   4.6530032e-03  -4.3026344e-02  -6.5078250e-02   1.0022324e-03  -4.7603375e-04  -8.0610127e-04
   1.2966842e-03   1.0843433e-03  -4.0446716e-02   1.5926277e-03  -4.2158370e-04  -8.8006344e-04
   2.7499932e-02   4.6892801e-02   4.8412831e-02   1.0833923e-03  -5.4832855e-04  -4.1253872e-04
  -1.0962743e-02  -1.0324007e-02   4.4317533e-03  -3.3644134e-04  -9.9643323e-05  -8.7658000e-04
   1.8574652e-02   9.2161054e-02   2.6749352e-02   2.7192259e-04   2.8245481e-04  -6.5539552e-04
   1.9272504e-02   1.5484132e-02  -3.4305026e-02   7.9046160e-04   1.8160582e-05  -7.1672798e-04
   2.4013747e-02   4.2708923e-02   1.5813423e-02   7.2966796e-04   5.6327036e-05  -8.4247260e-04
   2.3249710e-02   1.6146119e-02  -1.2508476e-03   1.5616550e-03   2.9298986e-04  -4.0680782e-04
   2.0687228e-02  -2.0771581e-02  -2.5803882e-02   2.0298031e-03   1.6459969e-04  -3.1224837e-04
   3.5970934e-02   2.5868371e-02   9.5869811e-03   1.1059411e-03  -4.1629040e-04  -7.0630780e-04
   2.1103911e-02  -5.7584008e-02  -6.0608343e-02   1.8645589e-03  -6.3492680e-04  -5.7233892e-04
   1.0834191e-02  -9.1397205e-03  -4.2857315e-02   1.5737252e-03  -4.1277795e-04  -6.0420422e-04
   8.7942719e-03  -6.0472060e-02  -7.6534533e-02   2.0330949e-03  -8.0119804e-04  -5.6732519e-04
   9.3814499e-03  -9.0734534e-03  -4.6105454e-02   2.2373489e-03  -8.3464190e-04  -7.2080639e-04
   1.6361380e-02   5.2806855e-03  -1.2345206e-02   2.0221687e-03  -6.2569876e-04  -6.0424028e-04
   1.0035645e-02  -4.7538085e-02  -2.5378111e-02   1.5803889e-03  -6.7326770e-04  -6.6104059e-04
   3.5517795e-02   3.7492203e-02   3.9822561e-02   1.1980965e-03  -1.1335314e-03  -8.4822173e-04
   1.6578416e-02  -6.5138554e-02  -3.0341062e-02   2.0984643e-03  -5.6062535e-04  -6.8961014e-04
   9.8014009e-03  -3.6648066e-02   3.8427461e-03   2.1385600e-03  -3.9349010e-04  -7.2874572e-04
   6.1885942e-03  -9.1466903e-02  -7.9004669e-02   1.4860677e-03  -5.7940247e-04  -9.7961885e-04
   1.6641276e-02  -5.1122164e-02  -3.9879933e-02   1.5952949e-03  -1.0458029e-03  -1.1452916e-03
   2.4993667e-03  -6.7110230e-02  -7.2779408e-02   1.7460904e-03  -6.8649202e-04  -1.2141664e-03
   1.8687834e-02  -4.9752969e-02   1.4951366e-02   5.8170734e-04  -4.8601571e-04  -1.1083500e-03
   1.4904923e-02  -5.7656994e-02  -3.8364424e-02   6.3696227e-04  -7.6446590e-04  -1.1257697e-03
   6.6778378e-03  -1.3556659e-02   1.2901317e-03   1.2268464e-03  -6.8074639e-04  -1.0879072e-03
   2.8714108e-02  -5.3369526e-02  -2.6278092e-02   2.4749312e-03  -1.3184247e-03  -9.7195905e-04
  -8.5288391e-03  -9.4364186e-02   1.3856548e-02   2.0445735e-03  -2.2257501e-04  -1.4933056e-03
   4.8597884e-04  -5.6722331e-02   2.6626415e-02   1.9036469e-03   6.0892092e-05  -1.1499918e-03
  -7.3300247e-03  -6.8926303e-02  -6.9548487e-03   1.7986834e-03  -3.1806536e-04  -6.2488093e-04
   1.9585950e-02   6.1545040e-02   3.3536943e-02  -1.3012685e-04  -6.2425266e-04  -1.2749803e-03
   3.2935643e-02   1.2558950e-02  -9.0502154e-02  -8.6132447e-05  -1.1054399e-05  -9.9448198e-04
   5.3163966e-02   1.1717150e-01   4.7354056e-03  -8.1945828e-05  -3.8360305e-04  -8.7202756e-04
   3.2178892e-02   8.8217359e-02  -1.6009400e-02   1.5679156e-04  -5.2852894e-04  -8.5955742e-04
   1.6714643e-02   9.6395780e-02  -2.5212791e-02  -7.3450779e-04  -7.1062837e-05  -9.8088389e-04
   2.7138183e-02   1.0497532e-01   3.5159585e-02  -6.6255272e-04  -4.7162484e-04  -1.1944940e-03
   2.7771894e-03   1.0510770e-02  -3.5089935e-02   8.3764526e-04  -2.5510856e-04  -1.2520568e-03
   1.8040054e-02   1.2582385e-01   8.2107157e-02  -1.6257413e-03  -3.7451209e-04  -1.6298129e-03
   1.8424410e-02   3.0997419e-02   1.3428636e-04  -8.3013635e-04  -2.7030075e-04  -1.4427336e-03
   1.9687696e-02   5.5994373e-02   6.7167270e-02   2.4236867e-04  -1.6217123e-04  -1.6543588e-03
  -7.6168656e-03  -7.0037706e-02  -2.2471990e-03   4.8578044e-04  -3.3202138e-05  -1.8665450e-03
  -3.4959294e-04   6.4132409e-02   7.5600716e-02  -8.8122042e-04   8.5679274e-05  -1.9979683e-03
   3.7930163e-02  -3.6587800e-04  -1.0282048e-03  -8.1258007e-04  -2.7906631e-04  -1.5487782e-03
   1.3196770e-02  -3.6676875e-02   9.7710140e-03  -9.8495336e-05   6.9265215e-08  -2.1379975e-03
   5.7803776e-03  -1.2596241e-02   6.2626423e-03  -9.1570062e-04   3.1455398e-04  -2.0682054e-03
   7.4008464e-03  -3.9045693e-02   9.3428893e-03  -5.3043993e-04   4.4437520e-04  -1.8127247e-03
   7.5294931e-03  -4.1205582e-03  -1.2573788e-01  -1.0848952e-03   1.2178733e-03  -1.9237980e-03
   1.7352794e-02   1.4432124e-01   4.2207354e-02  -1.2739078e-03   3.7670764e-04  -1.8924636e-03
  -1.7003220e-02   1.4441596e-02  -4.6978379e-02  -2.8975055e-04   3.0136680e-04  -2.1511971e-03
  -5.7195609e-03   7.1988931e-02   9.2243302e-03   2.5463995e-04   2.6806449e-04  -1.8644611e-03
  -7.0953463e-03   2.1586119e-02  -8.9315107e-02  -5.8957000e-05   1.6308777e-04  -1.9999623e-03
  -2.5774185e-02   4.7122024e-02  -1.7678891e-02  -7.6079656e-04   4.1084567e-04  -2.4208958e-03
  -7.2019897e-03   1.0459789e-01  -1.8686650e-02  -1.3374767e-03   4.7170088e-04  -2.2667495e-03
  -1.7621981e-02   3.5832805e-02  -8.5668543e-02  -1.0727012e-03   9.5168955e-04  -2.2007351e-03
   7.6036658e-03   1.7395880e-01   1.5969448e-01  -2.1089174e-03   7.7772930e-04  -2.3236915e-03
  -3.3028313e-02  -4.8293329e-02   3.8471004e-02   5.3486384e-04   7.3884261e-04  -2.6293943e-03
  -1.1801248e-02   3.2322284e-02   2.1208707e-02   9.8998109e-04   9.1664923e-04  -2.3671320e-03
  -2.3849824e-02  -2.4899232e-02   2.2003168e-02   2.0914554e-03   6.9129582e-04  -2.5595904e-03
  -2.8732053e-02  -8.1908021e-02   6.7991916e-03   2.3803403e-03   8.5779309e-04  -2.2719023e-03
  -2.5341210e-02  -2.3889713e-02  -3.4703337e-03   1.3989824e-03   1.1622385e-03  -2.3307807e-03
  -3.0165451e-02  -7.6199880e-02   2.6309335e-02   1.8847074e-03   8.8815442e-04  -2.3917064e-03
  -4.1031517e-02  -7.8176741e-02   1.0403366e-02   1.8418866e-03   1.1836312e-03  -2.2669817e-03
  -7.4830506e-03  -7.5620678e-03  -1.2334717e-02   6.5732819e-04   1.1953793e-03  -1.8293079e-03
   1.6415824e-02  -1.7246444e-02   1.9359241e-02   6.9578929e-04   9.6557254e-04  -1.8439593e-03
  -1.9590111e-02  -9.0517320e-02  -1.7677736e-02   1.4864241e-03   1.3652230e-03  -1.9752932e-03
  -2.3385974e-02  -3.9403762e-02   1.5127909e-02   1.3621335e-03   1.1336521e-03  -1.9945631e-03
  -3.4561539e-02  -9.9937141e-02   8.1979665e-03   1.2804313e-03   8.7543058e-04  -2.4380162e-03
  -3.5787169e-02  -4.3233508e-02   7.5019129e-03   6.4274920e-04   1.3873967e-03  -2.5575410e-03
  -5.2056973e-02  -1.3065941e-01  -6.2710778e-02   1.2010033e-03   1.6695722e-03  -2.3790426e-03
  -2.6672079e-03  -3.6229214e-03  -7.0877341e-02   8.2499727e-05   1.8101465e-03  -1.9858765e-03
  -1.9510103e-02  -9.9750877e-02  -8.3194136e-02   6.8966430e-04   1.9326357e-03  -2.2366172e-03
   2.2492526e-04  -3.4161822e-02  -3.0378405e-02   2.8296011e-04   1.8147703e-03  -1.9212416e-03
  -1.3395462e-02  -1.3066592e-01  -1.7627153e-02   1.4077704e-03   1.6548112e-03  -2.0285407e-03
  -3.4284941e-02  -8.8653481e-02   1.4806759e-01   1.4164675e-03   5.7286152e-04  -1.8473996e-03
  -2.4261480e-02  -1.4103935e-01   6.5171525e-02   4.9444271e-04   9.8650874e-04  -2.1351227e-03
  -6.4095718e-03  -2.1309230e-02   1.4611435e-01  -6.3245412e-04   6.3865014e-04  -1.9747934e-03
  -6.4113970e-03  -8.5611704e-02  -3.4053055e-02   1.0906865e-03   1.1167873e-03  -1.3233157e-03
   3.2727084e-02   1.0507502e-01   2.1299290e-02   1.3470622e-03   1.0772781e-03  -9.8916278e-04
   1.5490817e-02   3.0761473e-02  -3.0980757e-02   1.7197420e-03   6.1521254e-04  -1.3112497e-03
  -1.2358927e-03   4.1574351e-02   7.2706663e-02   1.0332438e-03   1.2425947e-03  -1.6233468e-03
   4.2875691e-03   4.3845400e-02   9.6751786e-02   1.9595952e-03   4.7892803e-04  -1.6557154e-03
  -2.5703275e-02  -7.1672757e-02   4.0566905e-02   2.4904987e-03   1.0318160e-03  -1.9363441e-03
  -1.2643126e-02  -3.3810934e-02   3.3090118e-02   1.7786721e-03   1.0170871e-03  -1.9362152e-03
  -7.8988532e-03  -6.2606549e-02   8.4993543e-03   1.1457039e-03   9.6970287e-04  -1.8465710e-03
  -2.0229859e-02  -5.3857238e-02   1.1717324e-01   2.3627598e-03   1.0174037e-03  -1.9283913e-03
  -3.5943400e-02  -1.1551515e-01   7.8583033e-02   2.1223196e-03   1.1445987e-03  -2.1901721e-03
  -2.7079554e-02  -4.4275706e-02   1.3060384e-01   5.4034264e-04   1.4572852e-03  -2.3393018e-03
  -2.4540982e-02  -1.5543214e-01   4.3645586e-02   1.5700230e-03   1.2886525e-03  -2.1951746e-03
  -3.6867361e-02  -1.1715538e-01   1.3115069e-01   2.1109883e-03   1.2575580e-03  -2.1397925e-03
  -5.1060546e-02  -1.7306542e-01   7.9732975e-02   2.9018513e-03   1.7350207e-03  -2.5833859e-03
  -2.3938472e-02  -9.8898206e-02   1.3739896e-01   3.0117402e-03   1.5815191e-03  -2.4258830e-03
  -1.1922580e-02  -9.2025194e-02   1.2061316e-01   3.1258683e-03   1.2447541e-03  -2.1209588e-03
  -1.2256994e-02  -1.2504061e-01   8.2488752e-02   2.0004028e-03   9.7834211e-04  -1.9750128e-03
  -2.6861415e-02  -1.0080201e-01   2.7425179e-02   1.8222907e-03   1.2862964e-03  -2.4285177e-03
  -2.4886319e-02  -7.8258697e-02   8.7114715e-02   1.6384739e-03   1.3185088e-03  -2.7540907e-03
  -5.2911069e-02  -8.7580734e-02   8.0894913e-02   1.2787855e-03   2.2346384e-03  -2.9609625e-03
  -3.0834782e-02  -2.5004533e-02   1.1499704e-01   1.5495535e-03   2.0817909e-03  -2.7000379e-03
  -2.7703734e-02  -1.8966603e-01   4.8504384e-02   3.8143618e-03   1.8133809e-03  -2.4854842e-03
  -2.3486681e-02  -1.0216349e-01   5.0548758e-02   3.5103894e-03   2.0990301e-03  -2.3935441e-03
  -3.3077789e-02  -1.6579118e-01  -1.2195951e-01   3.0712101e-03   2.4535365e-03  -2.4317102e-03
  -1.7814991e-02  -6.0959023e-02  -5.1631591e-02   3.3982883e-03   2.5972090e-03  -2.2769346e-03
  -3.6481969e-02  -2.0410432e-01  -9.1515175e-02   5.4660233e-03   2.5929407e-03  -2.6015566e-03
  -4.0887703e-02  -1.4244277e-01   2.2007439e-02   5.4249854e-03   2.5705168e-03  -3.3699642e-03
  -2.6825962e-02  -2.0373460e-01  -1.1604335e-02   4.6356238e-03   1.9140176e-03  -3.0097902e-03
  -1.0801952e-02  -3.4219387e-02   5.7054313e-02   4.0617126e-03   1.2500275e-03  -2.3206044e-03
  -2.4899949e-02  -1.1782494e-01   6.5599443e-02   4.7411842e-03   1.4500299e-03  -2.4061021e-03
  -2.6940016e-02  -6.7456855e-02   6.6557667e-02   4.7914194e-03   1.2630709e-03  -2.5515871e-03
  -4.1836756e-02  -1.8575646e-01  -7.8843816e-02   5.8469621e-03   2.3035383e-03  -2.4192424e-03
  -2.4186003e-02  -6.4836924e-02   3.6665917e-02   4.8431178e-03   2.1928426e-03  -2.3941143e-03
  -3.3828582e-02  -2.1598606e-01  -6.1081329e-03   6.3245452e-03   1.7198483e-03  -2.5712771e-03
  -7.0858802e-02  -1.8755570e-01   6.9393382e-02   7.1951590e-03   2.1896900e-03  -2.8529308e-03
  -8.6295517e-02  -2.8543100e-01  -1.8284015e-02   7.5354255e-03   2.6034921e-03  -3.2498915e-03
  -7.8566637e-02  -2.5016811e-01  -5.9741135e-02   7.2448387e-03   2.6235235e-03  -3.2108254e-03
  -3.7785205e-02  -6.7820232e-02  -2.0321053e-02   5.7616464e-03   1.9808157e-03  -2.8351805e-03
  -5.0288067e-02  -1.5925107e-01  -3.1537402e-02   6.0231707e-03   2.2001426e-03  -2.7952982e-03
  -2.8354529e-02  -1.2672313e-01   5.4675317e-02   6.8430399e-03   1.9421632e-03  -2.7419144e-03
  -6.2309472e-02  -2.4998366e-01   2.5455946e-02   7.8163301e-03   2.3193071e-03  -2.8105824e-03
  -6.9188507e-02  -1.8880124e-01   3.7504989e-02   6.2500233e-03   2.3727692e-03  -3.0182339e-03
  -7.0860499e-02  -2.4233307e-01  -3.2492615e-02   6.8582071e-03   2.3196426e-03  -2.9985173e-03
  -7.0274128e-02  -1.8015665e-01  -7.4404924e-02   6.3118528e-03   2.6174898e-03  -3.3109061e-03
  -5.5479248e-02  -4.9217435e-02   4.5425527e-02   5.1352888e-03   2.0844276e-03  -3.1558753e-03
  -5.5886642e-02  -1.8300579e-01  -5.8668868e-02   6.1823458e-03   1.9424714e-03  -3.4708376e-03
  -6.8883583e-02  -8.1405229e-02   6.2907879e-02   5.7052422e-03   2.3265413e-03  -3.5873134e-03
  -4.0755241e-02  -1.1031996e-01   3.2721916e-02   5.7306944e-03   2.1546333e-03  -3.0527830e-03
  -3.3218239e-02  -1.3828633e-01   3.7827126e-02   7.3101717e-03   1.6315660e-03  -2.5891549e-03
  -4.0657757e-02  -1.1972673e-01   6.6247611e-02   6.5540204e-03   1.3325135e-03  -2.7743393e-03
  -5.9130394e-02  -7.8756880e-02   5.6334717e-02   3.9623877e-03   8.5653335e-04  -3.2445994e-03
  -4.6993961e-02   1.4475775e-01   1.7786336e-01  -1.3651829e-03  -9.3132660e-04  -2.8050057e-03
  -2.5913965e-02   3.3423969e-01   1.8239523e-01  -7.5774419e-03   1.2916986e-04  -2.0398342e-03
  -2.5737943e-02   4.8322335e-01   2.6491250e-01  -1.5248574e-02  -8.8858622e-04  -1.4019245e-03
  -6.4031830e-02   6.0971538e-01   3.2923652e-01  -2.1496346e-02  -5.2221408e-05  -1.4911523e-03
  -6.7778636e-02   5.7711044e-01   3.5738917e-01  -2.2825020e-02  -2.2899749e-03  -1.9611495e-03
  -2.5921759e-02   5.6228024e-01   2.9545597e-01  -1.7663447e-02  -1.6507080e-03  -2.2321747e-03
   7.5619147e-03   4.9463815e-01   1.5905536e-01  -1.3445054e-02  -8.0378864e-05  -1.6105564e-03
   3.4783297e-02   5.4573968e-01   3.0597218e-01  -1.0742347e-02  -6.0110540e-04  -8.5971131e-04
   2.5815184e-02   4.9435986e-01   2.6082606e-01  -1.0303713e-02  -5.8183293e-04  -8.9103505e-04
   4.2141965e-02   4.7967593e-01   3.0777812e-01  -9.2478619e-03  -3.7159506e-04  -4.1945609e-04
   6.2231830e-02   5.0927172e-01   4.3042558e-01  -9.2262726e-03  -2.9158935e-04  -2.7444575e-04
   6.0773961e-02   3.9802925e-01   3.7046174e-01  -8.1709119e-03  -2.0990689e-04  -2.9105414e-04
   5.5102239e-02   4.6222971e-01   4.4457180e-01  -8.5461594e-03   1.0992862e-04  -2.0957062e-04
