   0.0000000e+00   0.0000000e+00   0.0000000e+00   8.6736174e-19   0.0000000e+00   0.0000000e+00
  -1.5508926e-02   2.3517990e-02   1.3872132e-01   7.9313820e-04   4.5586023e-04  -2.8434215e-04
  -1.9008960e-02   5.0729779e-02   1.8162963e-01  -1.0152804e-04   3.2668806e-04  -1.7499430e-04
  -1.8440739e-02   2.6547272e-02   3.1732906e-02  -7.7371781e-04   3.5138422e-04  -8.9713329e-05
  -4.1703573e-03   1.9950941e-02   4.6849884e-02  -3.0871869e-04  -5.2400908e-05   2.8432544e-04
  -1.2895679e-02   7.2870375e-02   1.5971986e-01  -9.0337198e-04   2.6888174e-04   1.2304135e-04
  -9.7471984e-03   3.2998330e-02   1.0084208e-01  -4.9587525e-04   1.6649241e-04  -1.2291239e-04
  -1.1419046e-03   1.5051792e-02   7.5111918e-02  -7.4393828e-04   1.8817611e-04   5.0038180e-05
  -7.3430956e-03   3.8776120e-02   1.6466318e-01  -2.2273822e-03   3.9730858e-04   8.8017416e-05
  -6.7609745e-03   3.5069833e-02   1.6552432e-01  -1.1069696e-03   1.4616649e-04   8.7486475e-05
  -2.8472478e-03   1.6067438e-02   5.7754208e-02  -8.2317742e-04  -2.3706696e-06   6.0311014e-05
  -6.8924351e-03   5.0829010e-02   1.1805016e-01  -1.7611248e-03   3.0638018e-04   1.0486595e-04
  -7.1328197e-03   5.6973236e-02   2.0454865e-01  -1.1890311e-03   3.2366102e-04  -2.7802164e-06
   7.5266414e-04   4.2353877e-02   1.2227743e-01  -5.3991462e-04   5.0841922e-06  -9.0439215e-05
  -1.9641516e-03   2.9687637e-02   4.6711763e-02  -1.3904284e-03   9.8189861e-05   2.1815139e-05
  -1.6743833e-03   6.0202811e-02   2.1360433e-01  -1.2554482e-03   1.8147695e-04   3.3694891e-06
   1.8213467e-03   3.3133508e-02   1.3032295e-01  -9.0733024e-04  -5.6631132e-05   1.1458626e-05
  -4.5214304e-04   3.4342147e-02   7.9682388e-02  -2.2401899e-03   3.3064573e-04   5.3755952e-05
   6.6087556e-04   5.5153926e-02   1.9459307e-01  -1.5634061e-03   3.0707396e-04  -9.6702482e-05
   2.0646161e-03   2.7113293e-02   8.5060173e-02  -9.7004142e-04  -2.8900632e-05   3.4892545e-05
   1.5828895e-03   3.4195197e-02   7.6038280e-02  -1.8718662e-03   3.0846629e-04   1.0118911e-04
   5.3049014e-03   5.4503072e-02   1.8661080e-01  -1.3317097e-03   2.5628585e-04   1.7622326e-05
   9.4014965e-03   4.7145415e-02   1.0579450e-01  -1.3281617e-03   1.6979814e-04  -1.2018633e-04
  -1.5707311e-03   3.8420756e-02   4.8399096e-02  -1.4809991e-03   4.5923188e-04   9.8360241e-05
   1.5156411e-02   4.6640629e-02   1.8774017e-01  -3.8637654e-04  -1.5464781e-04  -1.7032730e-04
  -5.9521822e-03   4.8447509e-02   2.0476725e-01  -3.1453439e-04   5.4495060e-05  -2.5134718e-04
  -4.4235123e-03   4.5667204e-02   1.0888563e-01  -2.0022734e-03   2.5920645e-04  -1.9131060e-05
  -6.3761089e-03   7.7939409e-02   3.1149779e-01  -1.5388649e-03   4.6471888e-04  -2.2697422e-04
  -6.3742032e-03   4.0129023e-02   1.9776590e-01  -2.0708710e-04   2.0388566e-04  -8.6045325e-05
   1.8014795e-03   2.5675676e-02   8.7253160e-02  -1.7881002e-03   2.3293040e-04  -1.0334771e-04
   1.3789396e-03   4.8368614e-02   2.3362252e-01  -1.4251589e-03   4.7561167e-04  -1.6234787e-04
   1.0147128e-02   2.9592685e-02   1.4189550e-01   1.4116857e-04   9.7790050e-05  -9.2330639e-05
   9.9900138e-03   3.7669908e-02   5.9858888e-02  -9.0958608e-04   3.8269833e-04   1.9372968e-04
   4.3452837e-03   6.5159783e-02   1.6410750e-01  -6.5110622e-04   6.2000673e-04   4.6494457e-04
   9.3075233e-03   7.2715054e-02   2.3669156e-01  -5.7124041e-04   2.5414612e-04   1.5374972e-04
   5.5633502e-03   4.3317690e-02   1.1881249e-01  -7.2746241e-04   3.5922365e-04   7.0918812e-05
   1.1248979e-02   4.6256805e-02   1.8385524e-01  -1.0257021e-03   2.1219688e-04   4.8827825e-05
   4.0327695e-03   8.5932207e-02   2.6826792e-01  -3.7276092e-04   2.5041957e-04   1.0819516e-04
   4.5164056e-03   7.8637920e-02   1.0502539e-01  -1.2848202e-03   3.0553822e-04  -7.0749475e-05
   1.3481403e-02   5.3443348e-02   1.9255134e-01  -1.0647151e-03   1.1816371e-04  -7.8859873e-05
   1.6661715e-02   3.5376249e-02   1.8250166e-01  -4.0249112e-04  -5.0320142e-05   2.0713265e-04
   2.4635512e-02   2.3630333e-02   7.5492726e-02  -4.8230626e-04  -2.3002284e-04   1.9082089e-04
   2.1590560e-02   7.0053293e-02   2.3025857e-01  -1.1540570e-03  -6.5541754e-06  -8.4213277e-05
   1.2135792e-02   8.1196872e-02   1.4916824e-01   4.1107138e-04  -5.6214356e-04   1.5397690e-04
   2.6381661e-02   3.4093483e-02   1.1133932e-01  -1.9644247e-04  -5.4295133e-04   3.5407258e-07
   2.4753630e-02   8.8787945e-02   2.3945251e-01  -7.8830915e-04  -3.9482560e-04  -1.9656831e-04
   1.7512243e-02   4.0265453e-02   9.7438177e-02  -9.3639683e-04  -2.3320532e-05   8.7273998e-05
   1.7145065e-02   7.4175245e-02   1.9183431e-01  -3.1589537e-04  -9.7535652e-05   2.3293253e-04
   1.9102872e-02   6.2971748e-02   2.1284845e-01  -5.5753226e-04  -2.1122726e-04  -1.3992874e-04
   1.8199739e-02   4.8287039e-02   7.2930503e-02  -4.8995341e-04  -8.7106973e-05   4.9811735e-05
   2.4169869e-02   5.0865607e-02   2.3157553e-01  -9.5454326e-04  -1.3620610e-04  -5.9555094e-05
   1.3414631e-02   7.8163386e-02   1.9878656e-01  -9.5737077e-04   1.9099665e-05   1.4540579e-04
   1.4007801e-02   5.7843030e-02   7.5971137e-02  -1.5008629e-03   2.3169741e-05   2.7194650e-04
   2.3255104e-02   6.2932669e-02   1.9312504e-01  -9.5677883e-04  -1.9041273e-04   1.8833023e-04
   1.7688757e-02   9.1535210e-02   1.8023117e-01  -9.6028489e-05  -3.2052120e-04   2.1207724e-04
   1.8456301e-02   7.6424538e-02   8.4559770e-02  -5.8279232e-04  -2.4734674e-04   5.4171664e-04
   1.7880360e-02   6.5502557e-02   1.5299120e-01  -1.5407614e-03  -2.7745999e-05   3.4060288e-04
   1.7962996e-02   1.1994866e-01   2.0356423e-01  -8.2426215e-04  -1.0545027e-04   5.3068518e-04
   1.2443277e-02   8.7658943e-02   9.4109060e-02  -1.0157107e-03  -2.2294155e-05   2.4816478e-04
   1.5694739e-02   5.7642163e-02   8.2362784e-02  -6.2429696e-04  -3.0110834e-04   2.1997467e-04
   6.6485645e-03   1.2281004e-01   2.3018720e-01   9.9156350e-06  -3.2446113e-04   3.4457323e-04
   1.6372011e-02   6.4931271e-02   1.5926374e-01   2.5435674e-04  -5.7075463e-04   1.4195797e-04
   2.1980727e-02   4.6238693e-02   1.0747966e-01  -7.5301590e-04  -5.0441085e-04  -1.1482105e-05
   3.2690385e-02  -6.5829830e-02   2.2053495e-01   3.5464627e-03  -9.2299786e-04  -1.2794130e-04
   3.4499924e-02  -1.1378040e-01  -2.1385479e-02   4.1362583e-03  -8.9785160e-04  -3.8980661e-04
   2.3281057e-02  -5.3302727e-02   2.6799665e-02   2.6260349e-03  -7.0585931e-04  -1.5633249e-04
   2.8207536e-02  -1.8892668e-02   1.4384246e-01   2.8455803e-03  -7.5587971e-04  -3.1184752e-05
   3.5233029e-02  -5.4232139e-02   8.8733946e-02   2.8152357e-03  -8.2873305e-04  -8.4894124e-05
   2.8360693e-02  -2.6705922e-02   8.1912597e-02   1.6804531e-03  -4.5348575e-04   1.9674507e-04
   2.7010642e-02   5.2705326e-03   1.7916550e-01   2.3791954e-03  -5.6907345e-04   8.6251814e-05
   2.7871884e-02  -4.1141613e-02   6.9356564e-02   2.4200716e-03  -7.4945361e-04   8.7141351e-05
   1.9038401e-02   8.5023887e-04   7.3886953e-02   8.8315876e-04  -2.1360465e-04   3.7017934e-05
   2.1770911e-02   1.5721689e-02   1.4448515e-01   1.6149767e-03  -2.8597627e-04   9.3058761e-06
   3.0159775e-02   1.0187483e-02   1.2565317e-01   2.7516556e-03  -7.5536006e-04  -1.3018633e-04
   2.9610353e-02   1.7238572e-02   3.8467872e-02   1.6905599e-03  -5.2440996e-04  -3.8262386e-05
   2.2491219e-02   2.3497942e-02   9.2526784e-02   1.7195471e-03  -4.4777616e-04   6.7537058e-05
   2.7074805e-02   2.3931154e-02   2.0044037e-01   2.1247067e-03  -6.8474952e-04  -8.3635182e-05
   3.1046861e-02   1.3737075e-02   1.0079197e-01   1.9297121e-03  -8.1724999e-04   7.2842102e-06
   3.1253783e-02  -3.5717824e-03   5.2257271e-02   1.6307343e-03  -7.5887505e-04   4.5087874e-05
   3.9180525e-02   2.3181143e-02   1.9392773e-01   2.8273588e-03  -1.0171304e-03  -1.2201375e-04
   3.3684330e-02  -1.4045866e-02   9.3637683e-02   2.2846227e-03  -9.3983045e-04  -2.3841504e-04
   1.3533038e-02   1.5338374e-02   8.0620185e-02   9.8885089e-04  -5.8107226e-04  -1.8122031e-04
   1.2329258e-02   3.4648306e-02   2.0464598e-01   1.9977343e-03  -4.2510362e-04  -1.6579381e-04
   6.3834192e-03   1.2712867e-02   8.2017651e-02   1.8943974e-03  -4.3348846e-04  -1.9778969e-04
   6.3170249e-03  -1.2838879e-02  -1.3409128e-02   1.7725265e-03  -3.7186842e-04   3.1331458e-05
   1.6484847e-02   2.6940511e-02   1.9142880e-01   2.1386811e-03  -4.1898332e-04   3.5914293e-05
   2.9316602e-02   1.1654921e-02   9.2374503e-02   2.4858454e-03  -7.2648177e-04   5.4497403e-05
   3.0968879e-02  -2.2988010e-02   2.8710674e-04   1.9787829e-03  -5.7141931e-04   1.5513697e-04
   2.4199035e-02   2.7454009e-02   1.4897327e-01   2.2877665e-03  -3.6139772e-04   7.3150590e-05
   2.6332857e-02   7.6058014e-03   4.2173507e-02   2.9530866e-03  -7.8913187e-04   4.9133395e-05
   2.3287910e-02  -1.0174725e-02  -1.9779700e-02   2.1636343e-03  -7.2347440e-04  -1.1704195e-04
   2.7260549e-02   1.9499826e-02   1.1723489e-01   2.3859574e-03  -8.1845928e-04  -4.5546991e-05
   2.6103882e-02  -3.5862117e-04   2.9500214e-02   2.9030780e-03  -1.0119697e-03  -3.4781574e-05
   2.2845449e-02   8.5407677e-03   2.0993304e-02   8.0775452e-04  -5.7195244e-04   9.8894830e-05
   2.4149343e-02   3.4992282e-02   1.5706379e-01   1.5586040e-03  -5.2375221e-04  -1.0422047e-04
   1.4394526e-02   1.8276696e-02   4.5211611e-02   2.0101529e-03  -5.4840630e-04  -1.6512118e-04
   2.5645763e-02  -4.6130706e-03  -8.7742828e-03   2.7004618e-03  -7.1358910e-04   5.0304708e-05
   3.1866693e-02   2.6060412e-02   9.4575062e-02   2.3321164e-03  -6.6678584e-04  -1.1299005e-04
   3.2435965e-02   1.0442811e-02   1.1766860e-01   3.6553582e-03  -7.6783462e-04   4.8974124e-05
   3.2845514e-02  -1.2701537e-02   3.1119570e-02   2.5864164e-03  -4.0859368e-04   2.6990238e-04
   2.7040943e-02   2.0482635e-02   7.2769603e-02   2.9649557e-03  -2.7416550e-04   2.8989289e-04
   2.8214961e-02   1.4288638e-02   1.0390130e-01   3.1276562e-03  -6.1418154e-04   6.0061325e-05
   2.8427619e-02  -1.7031029e-03   1.5245437e-02   3.1265666e-03  -5.5510786e-04  -2.6557647e-05
   2.8068623e-02  -3.2598458e-03   4.7768040e-02   2.6191589e-03  -5.9533035e-04   6.6200705e-05
   3.2677875e-02   5.2145780e-03   1.3565530e-01   2.6814205e-03  -9.0435473e-04  -5.0270331e-05
   2.5903526e-02   3.0714080e-02   1.4497634e-01   3.3314320e-03  -9.1049556e-04  -3.6471360e-04
   1.2991172e-02  -1.4519661e-02   3.4245362e-02   2.9524650e-03  -6.9335994e-04  -2.2975979e-04
   1.5602609e-02   1.0535702e-03   6.9714689e-02   2.3145318e-03  -6.4684871e-04   1.3828809e-04
   1.3833876e-02   3.6590264e-02   1.6118734e-01   2.4412837e-03  -5.2109469e-04  -1.9885144e-05
   1.7646202e-02   1.0665694e-02   2.9102958e-02   3.0714248e-03  -6.8567309e-04  -8.4322353e-05
   3.2648102e-02   4.0797022e-03   1.9307950e-02   2.8707210e-03  -8.2797326e-04   1.5570980e-04
   2.3523930e-02   7.0247768e-02   2.0423467e-01   2.6503053e-03  -6.0694740e-04  -4.3239289e-05
   1.8528011e-02   3.0715452e-02   1.2201696e-01   4.0052786e-03  -8.1485959e-04   1.9530967e-05
   2.5889155e-02   1.9450885e-02   1.0841827e-02   3.1377239e-03  -6.9488765e-04   1.2223406e-04
   1.8228127e-02   4.8048067e-02   2.5365552e-01   3.5871629e-03  -5.2388046e-04   6.6807844e-05
   2.7109409e-02   1.1219758e-02   1.0667134e-01   4.4046564e-03  -8.0191858e-04  -4.0661747e-06
   2.9684660e-02   6.3296711e-03   4.3049271e-02   3.7094374e-03  -8.7699712e-04   1.7580770e-04
   2.3364430e-02   3.4789638e-02   1.4771022e-01   3.6172641e-03  -7.1590583e-04   9.3113872e-05
   2.5388237e-02   5.8297311e-04   9.9913656e-02   3.4586824e-03  -7.5843442e-04   1.9881693e-04
   2.1771587e-02  -6.7353371e-03  -1.9585851e-02   4.2808056e-03  -7.7502345e-04   2.9055454e-06
   2.3304352e-02   7.3411183e-03   7.1790992e-02   3.1877782e-03  -6.2176915e-04  -9.9067588e-05
   2.9428815e-02   4.4955758e-02   1.0298832e-01   4.6000833e-03  -1.0999086e-03  -2.0291195e-04
   2.5416026e-02   8.8509103e-03  -1.9581993e-02   2.4480833e-03  -6.5430750e-04   1.3229793e-04
   2.6152680e-02   3.2046297e-02   1.0907399e-01   2.7149055e-03  -5.1696667e-04   3.5191430e-05
   2.8954743e-02   4.4224217e-02   1.1435607e-01   3.5882572e-03  -7.6418485e-04   2.4567450e-07
   2.3461122e-02   1.9286366e-02  -1.6961838e-02   2.8229060e-03  -4.9737436e-04   9.7791213e-05
   2.4371888e-02   1.5073301e-02   3.9066288e-02   2.6260735e-03  -5.2877871e-04   1.0462338e-04
   2.9044436e-02   4.3372820e-02   1.0229894e-01   3.9957383e-03  -7.4071461e-04  -8.9259714e-05
   2.9720983e-02   1.4212484e-02   2.0617099e-02   3.9570589e-03  -7.5424858e-04   1.4035157e-04
   3.9854229e-02  -1.0778332e-02  -3.0257276e-02   4.0545794e-03  -8.6058476e-04   3.3060980e-04
   3.8341441e-02   4.2764020e-02   1.4191684e-01   3.3907847e-03  -7.0968176e-04   1.6363574e-04
   3.7073227e-02   6.0103582e-04   3.3892542e-02   3.6546911e-03  -6.7533794e-04   2.4314948e-04
   3.3328193e-02  -5.6548831e-03  -5.6296395e-02   4.2322973e-03  -8.3874972e-04   3.7640709e-04
   3.2008103e-02   8.1349494e-03   5.2147068e-03   3.1714708e-03  -6.5759761e-04   2.3716695e-04
   4.0103401e-02   1.8928107e-02   7.3443068e-02   5.4328630e-03  -9.4352540e-04   6.6539406e-05
   3.9581977e-02  -1.7540976e-02  -4.8467537e-02   3.9495323e-03  -9.2815511e-04   3.2766034e-04
   3.7424445e-02   4.7868384e-02   1.1361780e-01   3.0360461e-03  -6.9083810e-04   1.5839601e-04
   3.0549067e-02   6.1192636e-03   2.3904177e-02   3.3554479e-03  -6.1917218e-04   3.9755806e-05
   3.2174669e-02  -1.1164984e-03  -1.7510874e-02   2.9665985e-03  -4.2025113e-04   1.4108130e-04
   3.4690319e-02   3.0710440e-02   7.7425097e-02   3.0623863e-03  -3.7473257e-04   1.4656328e-04
   4.1675848e-02   3.9512703e-02   8.3851039e-02   4.3669740e-03  -5.7119762e-04   1.0985042e-04
   4.2369359e-02   5.1671364e-04   7.6209580e-03   5.2003136e-03  -8.1184109e-04   8.6150632e-05
   4.7984747e-02  -1.2669976e-02  -1.4029132e-02   4.6661780e-03  -7.0297857e-04   2.4582832e-04
   5.2828347e-02   3.4574942e-02   1.0130026e-01   5.0468132e-03  -9.5367319e-04   1.4156393e-04
   3.7525076e-02  -4.5623703e-03   1.4924096e-02   4.1490803e-03  -7.4907234e-04  -4.7701849e-05
   4.8945543e-02  -3.0711707e-02  -1.4425276e-02   5.4491039e-03  -9.9024439e-04   5.3295616e-05
   5.1989143e-02   2.3805965e-02   1.0305609e-01   4.0363968e-03  -9.1646011e-04  -3.9321492e-06
   4.0726457e-02  -5.9950195e-03  -2.9212968e-02   3.2648968e-03  -7.0941802e-04   1.7359280e-04
   4.5360874e-02  -1.9517808e-02   3.7125734e-02   3.2519773e-03  -7.5859348e-04   4.8445762e-05
   3.8934700e-02   2.6568898e-02   9.1660305e-02   4.2159734e-03  -8.2441483e-04  -2.7987534e-05
   4.0943835e-02   1.9270619e-02   2.5626387e-02   5.6187298e-03  -1.0230622e-03   8.3731348e-05
   5.0534264e-02   1.0000907e-02  -1.9086906e-02   3.9970350e-03  -7.4324570e-04   2.0201542e-04
   4.6442036e-02   4.8933768e-03   1.2945952e-01   3.2157040e-03  -3.3656201e-04   1.0587125e-04
   4.9477033e-02  -5.7757862e-03   1.1566989e-02   4.9415403e-03  -6.6546103e-04   2.4255940e-04
   4.5252713e-02  -3.2310647e-02  -5.5691506e-02   3.6914896e-03  -5.2018513e-04   4.5679408e-05
   4.3482702e-02   2.3240115e-02   5.5374124e-02   6.8290159e-03  -1.0236208e-03   4.2468159e-04
   4.8222840e-02   1.5868953e-02   1.3510954e-01   4.9546158e-03  -7.5772056e-04   4.4884279e-05
   5.9028091e-02   8.8228001e-02   4.6502614e-01   3.9542375e-03  -3.8808335e-04   6.3376514e-04
   6.5735151e-02  -2.3684983e-02   7.5543883e-03   3.9050824e-03  -8.7795954e-04   4.4877128e-04
   6.5608912e-02  -2.4291018e-02  -5.3229130e-02   4.3115936e-03  -9.8640915e-04   5.7212676e-04
   7.1913107e-02  -1.6445487e-02   9.6868318e-03   3.5063894e-03  -9.0612152e-04   5.9504239e-04
   8.1303737e-02   2.8236981e-05   1.7781591e-02   4.9411694e-03  -1.3946049e-03   7.3094528e-04
   7.2861330e-02  -1.6524941e-02  -3.8022024e-02   4.2824226e-03  -1.1194439e-03   7.7771421e-04
   7.8068002e-02   2.5831947e-02   4.7173402e-03   4.9284367e-03  -1.3308092e-03   6.5598029e-04
   7.4266139e-02   2.3260894e-02   8.2114002e-02   5.2050334e-03  -1.3494913e-03   3.3508844e-04
   8.1457740e-02  -2.9729415e-02  -1.6158638e-02   4.5480426e-03  -1.3580908e-03   5.4737986e-04
   7.1062147e-02   2.1056013e-03   6.0324019e-02   2.7518755e-03  -9.8828099e-04   4.8334753e-04
   5.9481356e-02   2.6862099e-02   6.2816948e-02   3.8064076e-03  -9.8669109e-04   3.9871926e-04
   4.9933693e-02   1.1442363e-02  -3.2762935e-02   3.9968236e-03  -1.1911306e-03   1.9060679e-04
   5.0001334e-02   1.7313421e-02  -8.0739367e-02   3.5798234e-03  -9.8062987e-04   3.3718140e-04
   4.7764055e-02   2.0891492e-02   5.3791755e-02   3.6762502e-03  -8.1714842e-04   2.7338459e-04
   6.5588865e-02   1.7260075e-02   1.0114942e-01   5.2307598e-03  -1.5876967e-03   8.1880469e-05
   7.1916595e-02   2.6905806e-02  -2.0923617e-02   6.4544280e-03  -1.5905059e-03   4.4669934e-04
   7.2920109e-02   1.1661453e-01   4.8865314e-02   7.2006952e-03  -1.1387790e-03   1.1532522e-03
   7.6620781e-02   1.0494136e-01   1.6732984e-01   7.8560272e-03  -1.2262220e-03   8.8675747e-04
   8.2512587e-02   8.5105498e-02   5.9214864e-02   8.0315321e-03  -1.3910203e-03   8.3065321e-04
   7.8867920e-02   7.4085823e-02   1.5761266e-02   7.0972681e-03  -1.2626848e-03   8.2016669e-04
   6.2002778e-02   8.7088355e-02   1.1494928e-01   8.1692675e-03  -1.2002866e-03   8.1073225e-04
   7.1062516e-02   5.6076546e-02   5.6229725e-02   7.5145794e-03  -1.2905611e-03   9.8528631e-04
   7.1513943e-02   5.2277495e-02   2.0120912e-02   7.2029858e-03  -1.1650828e-03   1.0128129e-03
   7.4571118e-02   8.9137558e-02   1.6293420e-01   8.2995468e-03  -1.2162542e-03   8.5298188e-04
   6.8261249e-02   6.2848067e-03  -2.8690531e-02   9.3824964e-03  -1.0471678e-03   1.0520159e-03
   7.2409944e-02   8.7539541e-02   1.3622380e-01   7.8714858e-03  -8.8111201e-04   8.4152452e-04
   8.2401324e-02   6.6080679e-02   1.1450813e-01   8.5391168e-03  -1.2525497e-03   7.6540669e-04
   7.5276627e-02   3.5246597e-02  -2.6976435e-02   7.3887907e-03  -9.7919771e-04   7.8900035e-04
   8.3502624e-02   7.5551276e-02   1.2042808e-01   7.2553036e-03  -9.2292855e-04   4.9438990e-04
   7.3593688e-02   4.8582170e-02   2.4506646e-02   7.2816878e-03  -8.3451693e-04   3.1320534e-04
   5.7715985e-02   3.8021047e-02   1.1198637e-01   7.3059599e-03  -8.2785190e-04   7.9235465e-05
