   0.0000000e+00   0.0000000e+00   0.0000000e+00   0.0000000e+00   0.0000000e+00   0.0000000e+00
  -1.6062585e-02   1.0293155e-01   1.6979655e-01   1.9131128e-04  -7.0163883e-06   8.7608641e-05
  -2.0667266e-02   2.4092102e-02   1.0291033e-01   3.4984200e-04  -5.6697953e-05  -3.1042906e-04
  -1.9104309e-02   2.7031239e-02   7.0044519e-02  -8.0563251e-04   2.3224774e-04   1.5192613e-05
  -2.3920271e-02   3.9782921e-02   2.0685999e-01  -2.7401134e-04   4.4776969e-04  -3.9394549e-05
  -1.5599445e-02   3.9457489e-02   2.0165403e-01   1.6204635e-03  -7.2549692e-05  -1.0742387e-04
  -1.8385233e-02   2.4941500e-02   5.3068451e-02  -3.5374566e-04  -5.0342042e-06  -9.1864753e-05
  -1.5166354e-02   2.0704459e-02   2.0100419e-01  -2.8882646e-04   9.3325662e-05  -2.8209187e-04
  -1.7416486e-02   6.4049122e-02   2.1884945e-01   3.9571758e-04   5.6903166e-06  -2.5959800e-04
  -2.1256179e-02   2.2541498e-02   7.0542858e-02  -3.8302222e-04   1.4682462e-04  -2.5409026e-04
  -1.5083646e-02   1.3792803e-02   4.7120917e-02  -1.0403922e-03   1.0617616e-04  -1.2593795e-04
  -1.7112772e-02   4.6453396e-02   1.9931410e-01  -3.3456554e-04   2.3025472e-04  -4.1558338e-04
  -6.4392713e-03   2.4528044e-02   1.1496294e-01   6.7918596e-04  -3.7699238e-04  -4.0392913e-04
  -1.7236463e-02   2.3489133e-03   4.7796037e-02  -1.0380630e-03   2.0344500e-04  -2.5561480e-04
  -1.1388776e-02   2.1054846e-02   1.2983929e-01  -1.2993521e-03   1.5496828e-04  -3.5249158e-04
  -4.7601778e-03   5.3584116e-02   1.9130640e-01   1.6269247e-04  -2.5132693e-04  -4.5721370e-04
  -6.3944097e-03   1.2181300e-02   6.7071741e-02  -3.8192501e-04   1.4563051e-04  -1.6671525e-04
  -7.6398805e-03   1.2613821e-02   6.3274354e-02  -1.3440049e-03   9.8613735e-05  -1.9113802e-04
  -1.0604304e-02   4.4113092e-02   2.3800886e-01  -8.9993784e-05   2.1518903e-04  -4.2145306e-04
  -2.3474375e-03  -1.7538032e-03   9.7690378e-02  -1.5963672e-04  -1.1850911e-04  -3.8785808e-04
  -9.4210853e-03   1.2195687e-02   4.7833610e-02  -1.3082896e-03   1.7304571e-04  -1.3592947e-04
  -3.2605306e-03   3.6883864e-02   2.0004601e-01  -7.5012273e-04   5.8189816e-05  -3.1974800e-04
   1.1499552e-02   8.0247489e-04   9.5058411e-02  -7.9564704e-04  -1.8512069e-04  -2.0204075e-04
   8.8031093e-03   1.0022864e-02   5.4483008e-02  -1.3652088e-03   4.7237405e-05  -1.1500692e-04
   2.1529151e-03   6.7589911e-03   6.3312969e-02  -1.5957825e-03   2.1243603e-04  -1.2531369e-04
   1.8623007e-02   3.5992853e-02   1.2956782e-01  -2.8060201e-04  -2.2085406e-04  -4.6103745e-04
   2.1335786e-02   3.8345366e-02   8.9298847e-02  -8.5635842e-04  -2.3954156e-04  -3.7365573e-04
   7.0887797e-03   7.4849918e-03   4.0870571e-02  -1.4071230e-03   1.9491019e-04  -1.8475333e-04
   9.1388531e-03   3.3654043e-02   1.4188208e-01  -9.4840885e-04   2.3652321e-05  -5.3938916e-04
   7.4852208e-03   3.1746737e-02   1.2107651e-01  -8.5885542e-04  -1.6041963e-04  -5.3286094e-04
  -1.2521742e-03   6.1047487e-03   4.5544305e-02  -1.5418313e-03   1.6120133e-04  -2.6093489e-04
   6.2451635e-03   1.6729919e-02   9.9607239e-02  -1.4999903e-03   3.3262944e-05  -2.9025551e-04
   7.3478949e-03   5.9833403e-02   1.6161203e-01  -1.0858622e-03   1.7571284e-04  -4.5882828e-04
   5.8482744e-03   2.5016903e-02   6.2540404e-02  -1.3131468e-03   3.0272793e-04  -3.4253013e-04
   1.5341806e-02   1.1701362e-02   7.5275202e-02  -1.6083641e-03   2.5488406e-04  -3.2947771e-04
   1.8374994e-02   6.7915252e-02   1.4417627e-01  -8.1815557e-04   2.3389877e-04  -3.5731938e-04
   1.2681436e-02   2.7216204e-02   6.0159144e-02  -1.1963915e-03   1.2274649e-04  -1.1103610e-04
   1.3076499e-02   1.4540375e-02   3.7220905e-02  -1.8347355e-03   4.9154266e-05  -1.7895034e-04
   1.1588599e-02   2.2644380e-02   1.2341095e-01  -1.7608925e-03   1.4368530e-04  -2.9726983e-04
   5.9344110e-03   2.6637533e-02   1.3602447e-01  -1.8177103e-04  -7.1417478e-05  -5.4826024e-04
  -4.2144169e-04   2.5794429e-02   5.3532570e-02  -1.6162389e-03   7.9940500e-05  -3.7118611e-04
   1.1162022e-02   3.6039236e-02   1.0154477e-01  -2.3361151e-03   1.3902020e-04  -5.3520220e-04
   9.2778467e-03   5.5064088e-02   1.5515580e-01  -1.0812688e-03   9.4890026e-05  -5.6778200e-04
   1.6760464e-02   1.1361658e-02   1.5226643e-01   1.2459251e-04  -5.2887318e-04  -7.5720161e-04
   9.5264449e-03   3.1232810e-02   4.7956902e-02  -1.4300674e-03   2.4831421e-06  -5.3812220e-04
   2.4266442e-02   4.1782493e-02   2.6369518e-01  -4.6179456e-04  -4.1644580e-04  -6.4454384e-04
   1.4625543e-02  -3.4038703e-03   8.3484195e-02  -1.1612300e-03  -1.1051700e-04  -4.9008529e-04
   1.6317183e-02   1.4192616e-02   6.2739089e-02  -1.6574405e-03   4.5515366e-05  -5.7223195e-04
   1.9446031e-02   4.9511884e-02   1.8658629e-01  -8.0405934e-04  -5.1303048e-05  -6.8354763e-04
   2.2185698e-02  -2.1205247e-02   7.4429960e-03  -7.2557103e-04  -6.3783756e-05  -5.2538127e-04
   1.0448773e-02   1.1848224e-02   9.1537901e-02  -1.4162481e-03   1.9839985e-04  -4.3152989e-04
   1.0689958e-02   2.0040127e-02   8.0858153e-02  -7.3144568e-04   7.5529317e-05  -3.5728410e-04
   1.8474610e-02   8.7564132e-04  -1.3560301e-03  -5.5336443e-04  -8.2357780e-05  -1.3700705e-04
   1.3718264e-02   3.0290931e-02   7.0713107e-02   5.1929800e-04  -2.0531307e-04  -5.7248986e-05
   1.9828190e-02   7.6964145e-02   1.1181019e-01   8.6368939e-04  -5.4909695e-04  -1.9819279e-04
   1.4167567e-02  -7.1465402e-03   1.6661281e-02  -9.4484190e-04   5.9017532e-06  -5.7298990e-05
   2.0117231e-02   4.7535775e-02   1.2698313e-01  -1.4623868e-03   5.1804010e-05  -1.1717192e-04
   1.0096060e-02   6.5063545e-02   1.6354960e-01  -1.7163023e-04   1.6191524e-05  -3.9128017e-04
   4.7282114e-03   2.9216306e-02   1.1694266e-02  -2.8853267e-04   6.4825414e-05  -4.7043060e-04
   2.0066120e-02   5.8977222e-02   8.9714524e-02  -6.3227102e-04  -1.2343929e-04  -4.0315097e-04
   2.2383037e-02   5.6029883e-02   1.3355848e-01   6.3877266e-04  -5.4910493e-04  -5.0693541e-04
   1.2526925e-02   5.0827604e-02   3.4081112e-02  -1.1266653e-03   1.1303262e-04  -2.3651122e-04
   1.3003605e-02   5.0023548e-02   1.1774651e-01   9.6419279e-05  -5.1111598e-05  -4.4222286e-04
   4.4186853e-03   3.1859845e-02   1.1043040e-01   3.2619258e-03  -3.5547028e-04  -3.5096270e-04
   9.9396582e-03   6.3249586e-03   4.8878843e-02   6.9204034e-04  -1.0986787e-04  -1.3759838e-04
   5.7082732e-03   3.6722377e-02   1.4841908e-01   4.8335074e-04   2.2322663e-04  -1.0418465e-04
   9.9541460e-03   5.5643288e-02   1.7710678e-01   1.5569083e-03  -4.2808409e-05  -2.8454340e-04
   1.0470633e-02   3.5134816e-02   8.2165428e-02   2.0706150e-03  -7.6245555e-05  -3.5289070e-04
   2.1122036e-02   2.0383981e-02   4.0584417e-02   2.2468321e-03  -3.0757769e-04  -3.1776989e-04
   1.5073126e-02   3.2153519e-02   1.5608912e-01   2.2784881e-03  -1.3201458e-04  -3.0608846e-04
   1.3218594e-02   3.9342372e-02   1.5946445e-01   2.3409120e-03  -3.5322454e-04  -5.4965428e-04
   8.9079260e-03  -5.2902101e-04   2.3515563e-02   1.3630736e-03  -1.0379581e-04  -4.5519839e-04
   1.2657854e-02   3.1096283e-02   1.2148239e-01   1.5855652e-03  -1.9650033e-04  -3.3015135e-04
   1.5282024e-02   8.7181296e-02   1.2549100e-01   3.9074396e-03  -5.9764332e-04  -4.3057471e-04
   2.2176062e-03   9.7754903e-03   4.5379103e-02   1.5705715e-03  -3.4878971e-04  -8.6264051e-04
   5.2471248e-03   2.3151828e-02   8.3303784e-02   7.6790396e-04  -7.4697731e-05  -6.6528557e-04
   4.3097632e-03   3.9621353e-02   1.5582251e-01   2.3808941e-03  -9.9157795e-05  -5.8905184e-04
   2.0729593e-02   6.1846546e-03   8.6360112e-02   2.9263316e-03  -4.1688950e-04  -6.0769569e-04
   1.7647515e-02   1.1320062e-02   3.7860524e-02   1.7571485e-03  -1.6615311e-04  -3.6514159e-04
   9.9315393e-03   5.0259258e-02   1.4903044e-01   2.8784617e-03  -1.7223510e-04  -3.0918721e-04
   1.2477649e-02   3.2683329e-02   1.5412995e-01   2.7157450e-03  -5.2359366e-04  -6.2979656e-04
   3.5846090e-03   2.7231590e-02   5.1045132e-02   1.9257478e-03  -1.4614138e-04  -2.6829323e-04
   1.6267763e-02   4.0572655e-02   2.6580673e-01   2.5648548e-03  -2.9985627e-04  -5.6578322e-04
   1.8908516e-02   5.9872075e-02   1.9790616e-01   3.4070359e-03  -5.0921616e-04  -6.3237264e-04
   1.4768012e-02   2.3590504e-02   6.1618676e-02   1.4907968e-03  -9.4738859e-05  -3.3953262e-04
   2.2358985e-02  -1.5779903e-02   7.9418096e-02   2.4661782e-03  -3.8342203e-04  -2.8144333e-04
   2.1697950e-02   4.5391140e-02   1.9895383e-01   2.0023803e-03  -2.6687784e-04  -4.7868154e-04
   1.9378034e-02   1.2287556e-02   6.5999248e-02   3.3781376e-03  -5.0477522e-04  -3.3078746e-04
   2.5960556e-02  -1.6427027e-02   3.9229947e-02   3.1295260e-03  -4.5888519e-04  -2.9332415e-05
   2.8572200e-02   4.0761404e-02   1.5105548e-01   3.1110637e-03  -6.1308165e-04  -3.1750011e-04
   1.9238969e-02   8.5277911e-03   2.1410888e-02   3.2910156e-03  -3.4828127e-04  -1.7015782e-04
   2.8470431e-02   1.8501690e-05   1.1607094e-01   2.1940449e-03  -3.7957608e-04  -1.5075747e-04
   2.3188482e-02   6.7516789e-02   2.0262612e-01   3.4022681e-03  -4.6771753e-04  -2.1425471e-04
   1.7171424e-02   1.7402513e-02   5.2485586e-02   2.4736448e-03  -1.0215039e-04  -2.6824640e-04
   2.8469364e-02   3.4385266e-02   1.6516321e-01   2.4681061e-03  -1.8338531e-04  -3.3552647e-04
   2.1620519e-02   8.1839798e-02   1.4188103e-01   5.6129065e-03  -7.9266551e-04  -2.0474914e-05
   2.0652794e-02   2.8050118e-02   3.2850994e-02   4.6445468e-03  -1.9183955e-04   1.4060316e-04
   3.3938007e-02  -1.4573113e-02   2.1635476e-01   5.6066303e-03  -8.1058364e-04  -4.2661745e-04
   1.8491161e-02  -1.1166809e-03   2.8573484e-02   2.5642458e-03  -2.8075681e-04  -1.5171937e-04
   9.6690089e-03   4.4636678e-02   2.6432882e-01   1.6697050e-03  -1.5586462e-04  -3.8529453e-04
   8.2018538e-03   4.2635486e-02   1.2434838e-01   3.2961822e-03  -4.2357677e-04  -4.5017186e-04
   1.8730395e-02   1.1385450e-02   4.1065020e-02   3.2613408e-03  -5.6931308e-04  -1.4854058e-04
   1.6103121e-02   3.7474928e-02   1.3743306e-01   1.7330533e-03  -2.4220162e-04  -3.7067940e-04
   1.8833714e-02   4.4104615e-02   1.9996997e-01   3.0446374e-03  -5.2085540e-04  -3.6216672e-04
   9.4421176e-03   8.6747634e-03   3.0067602e-02   1.7215228e-03  -1.7843993e-04  -2.3671235e-04
   1.4147643e-02   4.2572546e-02   1.8885570e-01   1.3524242e-03  -1.8782136e-05  -2.6170815e-04
   1.5938161e-02   2.1436557e-02   1.1442206e-01   2.8454768e-03  -5.1965882e-04  -5.1900175e-04
   1.8530507e-02   2.6250435e-02   5.6429193e-02   1.3202441e-03  -1.8942459e-04  -2.0199707e-04
   2.4636236e-02   5.3059016e-02   1.7228233e-01   1.8898146e-03  -1.0229244e-04  -9.8509982e-05
   2.4614688e-02   4.4425125e-02   1.2712682e-01   3.1135083e-03  -5.4943983e-04  -3.4022125e-04
   2.2049250e-02   2.2705617e-02   4.3716518e-02   2.4387256e-03  -3.4762168e-04  -2.4014890e-04
   8.0537196e-03   6.3769252e-02   2.5346360e-01   2.2914186e-03   1.9389392e-04  -2.4461281e-04
   1.6596707e-02   5.4744028e-02   1.9439370e-01   3.8993394e-03  -3.3439145e-04  -3.6587249e-04
   2.5541764e-02  -1.3233670e-02   4.8764110e-02   3.3994382e-03  -4.3186521e-04  -2.5347979e-04
   3.4717179e-02   1.4943293e-02   1.2644645e-01   3.4335037e-03  -5.8694034e-04  -2.0709650e-04
   2.9953463e-02   5.4976598e-02   1.8901180e-01   5.3738229e-03  -9.5305854e-04  -2.7959191e-04
   2.8876711e-02   2.1112973e-02   6.8199252e-02   3.0860771e-03  -4.9131636e-04   2.0682689e-04
   2.4424652e-02   5.7896647e-02   2.3778099e-01   2.6179947e-03  -1.6800994e-04  -6.3115545e-05
   1.8269046e-02   2.4779617e-02   1.2563379e-01   4.0587419e-03  -3.4699183e-04  -2.2865199e-04
   1.9693874e-02   5.3147053e-02   1.0423185e-01   4.5095469e-03  -1.8879867e-04   7.9067776e-05
   1.0450825e-02   8.5665836e-02   2.0975302e-01   4.7693455e-03   3.2761410e-05   3.3217631e-04
   2.2799028e-02   5.6694356e-02   2.0764823e-01   3.4134170e-03  -2.3470678e-04  -4.0153850e-05
   1.2274892e-02   2.0688773e-02   2.7879144e-02   2.4050172e-03  -1.2949883e-04  -2.8616299e-04
   1.4868649e-02   5.6239546e-02   1.4980744e-01   2.0168181e-03   3.3912472e-05  -2.5967209e-04
   1.3208919e-02   7.5061208e-02   2.1675051e-01   3.0490394e-03  -2.5512599e-04  -4.0987841e-04
   1.4309886e-02   3.3182726e-02   7.2495859e-02   2.9427609e-03  -4.1726114e-04  -1.8172770e-04
   1.4312210e-02   2.7422017e-02   1.5542958e-01   1.4976126e-03  -1.6407691e-04  -2.1965340e-04
   1.4962134e-02   3.5878060e-02   1.7330649e-01   3.5120584e-03  -6.0342101e-04  -3.8752929e-04
   5.8796288e-03   4.3747489e-03   5.1354337e-02   3.4550223e-03  -7.3336397e-04  -4.6688318e-04
   1.1617204e-02   1.2165862e-02   1.2908804e-02   2.5601039e-03  -4.1959852e-04  -4.0369148e-04
   1.8638751e-02   5.1747307e-02   1.5146097e-01   2.6231190e-03  -3.2208685e-04  -4.5318564e-04
   1.7823781e-02   4.3018004e-02   1.1660040e-01   3.1902265e-03  -5.0051455e-04  -5.7308589e-04
   1.2484674e-02   1.8735609e-02   3.6956115e-02   1.7831480e-03  -3.0765393e-04  -4.4181540e-04
   1.2719194e-02   2.5834815e-02   6.2226438e-02   2.0379904e-03  -3.6964217e-04  -2.2690415e-04
   9.2745754e-03   3.8831957e-02   1.4786484e-01   2.1232596e-03  -3.2112279e-04  -3.1271994e-04
   1.5515021e-02   2.3439287e-02   6.1340554e-02   3.5304600e-03  -7.8549333e-04  -4.0872794e-04
   1.1211290e-02   1.8496826e-02   2.1945524e-02   3.0436391e-03  -4.0649845e-04  -1.1027263e-04
   4.0087678e-03   4.1230895e-02   1.1101240e-01   3.3009500e-03  -3.2020147e-04  -1.2965205e-04
   3.7239321e-03   2.9697882e-02   7.0529325e-02   3.8848552e-03  -7.3399112e-04  -2.4591518e-04
   6.5381855e-03   2.6620092e-02   1.9595857e-02   2.2009642e-03  -5.9454584e-04  -1.3393262e-04
  -3.8922797e-04   5.2154797e-02   1.1787853e-01   3.0167234e-03  -2.8969516e-04  -1.7526821e-04
   5.5330945e-03   5.3883003e-02   9.1834906e-02   4.7751245e-03  -6.2565690e-04  -2.9979850e-04
   2.8273498e-03   4.4849680e-02   2.6165911e-02   2.4614349e-03  -1.6242890e-04  -9.2898557e-05
  -4.6318906e-03   6.1659072e-02   1.7584434e-01   1.9466961e-03   1.8688900e-04  -2.0653539e-04
  -1.9283041e-03   5.5014945e-02   1.6547563e-01   3.0462772e-03  -1.1864042e-04  -5.9787824e-04
  -4.1747601e-03   4.9769256e-02   1.3170532e-02   1.5520530e-03   7.5640538e-05  -1.6961107e-04
   5.7653460e-03   4.3657464e-02   1.5606387e-01   2.7907998e-03  -3.5212720e-04  -4.4950625e-04
   1.0293495e-02   6.5676193e-02   1.3271504e-01   4.4650234e-03  -7.0092387e-04  -4.7806281e-04
   1.3285216e-02   4.0878126e-02   2.8293302e-02   3.9266245e-03  -6.1615700e-04  -2.3800176e-04
   4.1336837e-03   2.2278219e-02   6.1030675e-02   2.0660347e-03  -2.9184685e-04  -4.3565699e-04
   9.2127459e-03   5.2493966e-02   1.7274396e-01   2.4374806e-03  -1.9154399e-04  -4.8399379e-04
   5.0082220e-03   3.6501075e-02   3.8378603e-02   2.0934684e-03  -2.6457474e-04  -6.1415345e-04
   8.3697622e-03   4.7007302e-02   1.1128203e-01   1.4923242e-03  -4.0532641e-04  -6.2773897e-04
   4.0057383e-03   8.6321148e-02   1.6860984e-01   2.9600155e-03  -5.0119564e-04  -4.8617448e-04
   2.1080053e-03   5.6537074e-02   8.4675339e-02   3.5221767e-03  -6.0341828e-04  -6.2449476e-04
   1.3270104e-02   4.8064067e-02   5.9043583e-02   3.5283712e-03  -6.8088701e-04  -3.8158986e-04
   1.3296186e-02   6.6018906e-02   1.5751970e-01   2.8131708e-03  -4.5792861e-04  -4.6585094e-04
   8.4564208e-03   5.5266595e-02   1.2663130e-01   2.7041221e-03  -3.5254536e-04  -6.5145873e-04
   3.1026937e-03   3.2438179e-02   3.8364025e-02   1.1570544e-03  -1.4547438e-04  -4.1033136e-04
   4.3541164e-03   5.1393504e-02   8.8877327e-02   2.0311320e-03  -1.7194340e-04  -9.6743664e-05
   1.1815193e-02   4.5776346e-02   1.3533047e-01   2.9337770e-03  -4.8096575e-04  -4.6599825e-04
   2.1398802e-02   3.6259511e-02   2.6300462e-02   3.3569040e-03  -6.0505244e-04  -2.7914271e-04
   2.1229110e-02   3.9344764e-02   5.1100132e-02   3.0075240e-03  -5.3076137e-04  -3.3625790e-04
   3.8628356e-02   1.9042012e-02   1.2175620e-01   3.1352278e-03  -6.3580398e-04  -1.1361649e-04
   2.0508444e-02   5.8446047e-02   9.6641489e-02   2.6824583e-03  -3.7505236e-04  -1.1921120e-04
   1.3410487e-02   2.1706750e-03  -1.5927548e-02   2.6078190e-03  -3.2450334e-04  -3.6940212e-04
   2.7640924e-02   6.1252675e-02   1.3144805e-01   2.4321291e-03  -4.7364283e-04  -4.0234128e-05
  -6.2828348e-03   1.0417660e-01   1.0884079e-01   4.0226867e-03  -8.0126238e-04   1.3466231e-04
  -3.8289223e-03   3.4526499e-02   2.9396445e-02   2.1699709e-03  -2.7559846e-04  -6.2011802e-04
   2.9161170e-03   7.4977434e-02   1.6463149e-01   8.2307992e-04  -1.0742641e-04  -7.8501114e-04
   4.5151119e-03   1.0695551e-01   2.6410862e-01   3.0841329e-03  -1.9212966e-04  -8.8134096e-04
   1.3885122e-02   6.0032522e-02   5.1389139e-02   2.2270728e-03  -2.3232362e-04  -6.5192187e-04
   6.8655949e-03   6.3483188e-02   6.6095923e-02   9.5048270e-04  -1.8888235e-04  -7.3175066e-04
   9.8616787e-03   8.8352417e-02   2.5936391e-01   2.1478199e-03  -3.3201148e-04  -1.2127967e-03
   1.7566387e-02   5.3762779e-02   1.2384910e-01   2.8953237e-03  -7.0004160e-04  -1.1237016e-03
   1.6323897e-02   4.0924608e-02   2.6328272e-02   2.7080866e-03  -5.4098574e-04  -7.0202598e-04
   1.2951417e-02   4.2217167e-02   1.2077499e-01   1.8529304e-03  -6.2807146e-04  -1.0112563e-03
   1.6229199e-02   8.5236855e-02   1.6368759e-01   2.8860909e-03  -9.4126818e-04  -1.0540449e-03
   9.9802000e-03   6.1157134e-02   4.0755783e-02   2.6519270e-03  -5.9131575e-04  -7.6806523e-04
   3.7152957e-03   8.6398896e-02   1.3246058e-01   2.7083631e-03  -7.0858221e-04  -4.6655186e-04
   5.3928233e-03   1.1426460e-01   2.0360642e-01   1.4376624e-03  -6.4552678e-04  -7.3736466e-04
   1.5971417e-04   8.1005978e-02   6.7492189e-02   1.1969935e-03  -3.9663753e-04  -6.6978596e-04
   1.0639498e-03   9.7366779e-02   1.8633517e-01   1.2640118e-03  -4.7709589e-04  -7.2537756e-04
  -4.6211558e-03   1.3521090e-01   2.4448665e-01   2.3523908e-03  -6.0921464e-04  -8.0225267e-04
  -4.7354135e-03   1.1621802e-01   8.3082742e-02   2.2920062e-03  -7.3220358e-04  -8.4248184e-04
  -4.0433049e-03   9.9710547e-02   1.1984583e-01   1.7149130e-03  -6.2607236e-04  -8.2033972e-04
   3.5538584e-03   1.0171157e-01   3.1450589e-01   3.0275199e-03  -8.8709344e-04  -1.0917709e-03
  -5.9503603e-03   7.8716873e-02   3.9483046e-02   1.8295428e-03  -7.3431969e-04  -8.7649279e-04
