   0.0000000e+00   0.0000000e+00   0.0000000e+00   0.0000000e+00   0.0000000e+00   0.0000000e+00
   7.3516697e-03  -1.9007790e-02  -1.3585099e-01  -3.4247186e-04  -2.3810225e-04  -2.1359649e-04
   1.3273855e-02  -2.5408190e-02  -1.7650471e-01  -1.7321175e-03  -1.7250105e-04  -8.5290312e-05
   1.8538364e-02   2.2796760e-03  -7.1050354e-02  -2.0745140e-03  -1.9868989e-04  -2.8335003e-04
   1.5022938e-02  -6.1019819e-03  -1.2922039e-01  -2.0893424e-03  -3.1981951e-04  -1.9071562e-04
   9.6272889e-03   2.6841826e-02  -1.0678407e-01  -2.1586657e-03  -3.4549004e-05  -4.5143553e-05
   9.7248837e-03   1.6445890e-02  -5.8226575e-02  -1.8881763e-03  -2.6668360e-04  -3.4077570e-04
   1.1064263e-02   3.6132372e-02  -2.1252229e-02  -1.6373105e-03  -4.2410898e-04  -3.2342712e-04
   3.3531287e-03   3.2796788e-04  -1.8586503e-01  -3.2097710e-03  -4.2490246e-05  -1.7696492e-04
   1.7660774e-02   2.4094483e-02  -3.9723888e-02  -3.1182668e-03  -2.5448402e-04  -4.7637671e-05
   7.3765763e-03   5.6200921e-02  -8.6017860e-04  -2.4184249e-03  -1.9953639e-04  -1.0772613e-04
   2.1232616e-02   1.5208175e-02  -1.3571383e-01  -3.2941602e-03  -3.1020788e-04  -2.5130919e-05
   1.8386555e-02   2.4144763e-02  -8.7075253e-02  -3.6792780e-03  -1.8571182e-04  -2.7585373e-04
   1.6676118e-02   7.7714837e-02  -2.7510811e-02  -3.5335494e-03  -1.3404100e-04  -2.8407546e-04
   1.2463381e-02   4.9020112e-02  -1.2130631e-01  -4.4576755e-03  -2.2827037e-05  -2.7311409e-04
   5.8285475e-03   6.0355257e-02  -1.4383634e-01  -4.7632796e-03   9.6437292e-05  -7.8130442e-05
   1.1734586e-02   6.6113870e-02  -4.1186385e-02  -4.5507520e-03   1.5142332e-04  -1.2074226e-04
   1.5011554e-02   6.1812337e-02  -1.0358265e-01  -3.9952253e-03  -1.7988603e-04  -2.4012061e-04
   6.8695318e-03   4.3212271e-02  -1.6363097e-01  -4.4501479e-03   9.0424224e-05  -1.9110649e-04
   1.2494213e-02   8.9638564e-02   1.8616136e-03  -4.9342340e-03   8.1910255e-05  -2.2166595e-04
   1.2243503e-02   1.0428221e-01   6.7404805e-02  -2.9801943e-03  -3.0638152e-04  -2.5914736e-04
   2.4983109e-02   5.3163066e-02  -1.1674625e-01  -4.3940442e-03  -4.2078887e-04  -1.6004008e-04
   2.5229683e-02   8.2605433e-02  -1.1388648e-02  -5.3270421e-03  -1.2055294e-04  -3.1002378e-05
   1.5116154e-02   7.0958985e-02  -1.7802546e-02  -3.5592705e-03  -3.4156878e-04  -2.7863346e-04
   4.0303347e-03   7.5231010e-02  -1.3069182e-01  -4.9296651e-03  -6.4331744e-05  -1.8737429e-04
   1.3912875e-02   8.3809854e-02  -4.9618486e-02  -5.6572137e-03  -4.5562812e-05  -1.3877608e-04
   1.7729267e-02   1.3717051e-01   7.5950709e-02  -4.5839455e-03  -1.7979003e-04  -4.1877637e-05
   1.4000919e-02   7.6644425e-02  -1.3394088e-01  -4.7358588e-03  -2.2932995e-04  -9.9905964e-05
   5.1937195e-03   7.7705510e-02  -1.6502397e-01  -5.4522145e-03   4.5228266e-05  -1.2835639e-04
   1.5316798e-02   8.1480979e-02  -4.4853152e-02  -5.4167415e-03  -1.0165100e-04  -1.3047840e-04
   2.7130288e-02   7.8554456e-02  -7.2098171e-02  -4.8690100e-03  -5.1833183e-04  -4.3811239e-04
   2.4116663e-02   6.7220598e-02  -1.3132339e-01  -5.8220783e-03  -2.2129523e-04  -2.3684077e-04
   1.9831641e-02   1.0967771e-01   2.0493762e-02  -5.2416863e-03  -9.3025032e-05  -2.6734683e-04
   1.5913093e-02   8.8583371e-02  -8.8846288e-02  -5.1706581e-03  -1.4958619e-04  -2.7454774e-04
   2.7032795e-02   3.6234092e-02  -1.4815918e-01  -5.6801372e-03  -1.2025153e-04  -9.7382681e-05
   2.4501870e-02   9.9247951e-02  -1.0579124e-01  -4.7258223e-03   1.7927294e-04   3.2539966e-04
   2.9404433e-02   6.3278377e-02  -1.2086359e-01  -4.2722680e-03  -5.8860496e-04  -2.3289669e-04
   1.0439993e-02   5.3876428e-02  -1.5021625e-01  -5.4388035e-03   9.8937506e-06  -1.3870785e-04
   5.4376820e-03   6.0231452e-02  -1.8718685e-01  -5.9839458e-03  -8.8833053e-05  -1.2659994e-04
   6.1309524e-03   9.1711006e-02  -5.9161478e-02  -5.1646507e-03  -5.0464964e-05  -4.7661836e-05
   1.1733677e-02   5.4288859e-02  -1.3525642e-01  -4.0996487e-03  -3.5623374e-04  -2.0672868e-04
   1.1624226e-02   6.5757047e-02  -2.0259103e-01  -5.7538999e-03  -1.7097529e-04  -5.2554290e-05
   1.2344066e-02   9.6027366e-02  -1.5060887e-01  -5.1397636e-03  -1.5509977e-04   1.4609490e-04
   1.0620412e-02   9.8478725e-02  -1.0367794e-01  -5.6633175e-03  -2.3597730e-04  -1.5481291e-04
   3.4805959e-03   7.0230369e-02  -1.5794961e-01  -5.8406086e-03  -1.4725702e-05  -2.1161113e-04
   7.5247706e-03   7.8708553e-02  -1.2504433e-01  -6.8621581e-03   1.2508916e-04  -9.3701921e-05
   1.5408719e-02   1.0456936e-01  -1.4115941e-02  -5.4528106e-03  -4.5438902e-05  -1.4209455e-04
   2.3996195e-02   6.7822542e-02  -1.5406101e-01  -5.5675408e-03  -2.6995036e-04  -8.8136871e-05
   2.2850713e-02   6.0793875e-02  -1.8904216e-01  -5.6782727e-03  -1.6615253e-04   1.7535392e-04
   2.6633547e-02   1.3079166e-01  -3.5751127e-02  -6.0024750e-03  -1.2891979e-04   7.1180230e-05
   3.1636359e-02   8.3674524e-02  -8.6506678e-02  -5.1241500e-03  -2.9628003e-04  -9.8296754e-05
   3.2717341e-02   6.8190647e-02  -1.7415942e-01  -5.4141083e-03  -1.8051941e-04  -6.4154741e-05
   3.8930323e-02   7.8792275e-02  -1.0579587e-01  -6.2539466e-03  -1.8994242e-04  -1.6749338e-04
   3.0598593e-02   7.2487495e-02  -1.3108459e-01  -5.2928943e-03  -2.7183067e-04   2.6180779e-05
   2.7189906e-02   7.2647419e-02  -1.6381485e-01  -4.9651178e-03  -3.5373885e-04  -8.1773032e-05
   3.0388700e-02   4.0393002e-02  -1.8138394e-01  -4.9468150e-03  -2.9647371e-04  -1.3634048e-04
   3.7061124e-02   5.2529512e-02  -1.7268666e-01  -5.8840738e-03  -2.8241831e-04  -1.5288923e-04
   2.5968775e-02   7.3161057e-02  -1.4405389e-01  -5.5023582e-03  -7.1783101e-05  -4.3474378e-05
   2.7196387e-02   7.2196976e-02  -1.9427027e-01  -4.3917248e-03  -2.5077790e-04   1.3071512e-04
   2.5009004e-02   5.4913957e-02  -2.0501680e-01  -5.4900083e-03  -1.4692513e-04  -1.0455530e-04
   3.3765681e-02   6.6858796e-02  -1.3689149e-01  -5.1121066e-03  -3.8338561e-04   2.5234126e-05
   3.4742379e-02   1.1198628e-01   3.6383721e-02  -4.4204467e-03  -3.6641468e-04  -8.7477269e-05
   3.8244878e-02   6.4803034e-02  -1.5576083e-01  -5.5267482e-03  -3.3534461e-04   9.5431438e-05
   2.5362774e-02   6.0518542e-02  -1.4502731e-01  -6.2020677e-03  -1.7793642e-04   1.1548288e-04
   3.1386227e-02   8.5167073e-02  -9.2931444e-02  -5.8810376e-03  -2.5867680e-04   7.1137880e-05
   3.9039371e-02   4.8491369e-02  -1.5052002e-01  -5.0849370e-03  -4.3172922e-04  -6.5731709e-05
   3.8029755e-02   4.4679949e-02  -2.0246679e-01  -5.5724599e-03  -3.4358440e-04   2.7262872e-06
   3.4294689e-02   6.2375203e-02  -1.8741636e-01  -5.7923988e-03  -3.2591898e-04   1.7622426e-04
   3.7285590e-02   9.2330934e-02  -1.3168277e-01  -6.0369104e-03  -4.6343338e-04  -8.8453722e-05
   3.3922581e-02   6.6181081e-02  -1.5584559e-01  -5.1745616e-03  -4.7685867e-04  -1.2701889e-04
   3.9322643e-02   4.7214433e-02  -2.1376858e-01  -5.7229752e-03  -3.8745112e-04  -1.7657333e-04
   3.4977090e-02   4.7986005e-02  -2.0114409e-01  -5.9870869e-03  -2.1616959e-04   1.0761994e-05
   3.8679179e-02   8.4963851e-02  -1.4288589e-01  -5.3176158e-03  -4.9988374e-04  -2.7803146e-05
   3.2378024e-02   6.4838079e-02  -1.8948757e-01  -5.2276606e-03  -4.0245316e-04   7.7451361e-05
   3.5428450e-02   8.1593176e-02  -2.1232622e-01  -5.7965927e-03  -2.3154381e-04   4.0991368e-04
   3.0756141e-02   1.2276588e-01  -3.6479001e-02  -5.2126509e-03  -2.7366077e-06   2.6242021e-04
   3.6965710e-02   7.5224121e-02  -1.8547453e-01  -5.5412028e-03  -3.6783663e-04   8.4743702e-05
   3.3026918e-02   5.1193695e-02  -2.1094473e-01  -5.6338382e-03  -1.6979527e-04   1.3330693e-04
   3.7447867e-02   6.7406745e-02  -1.7450732e-01  -5.6653569e-03  -2.4209914e-04   2.5677799e-04
   3.1464427e-02   6.4775575e-02  -1.3709478e-01  -5.3270105e-03  -1.5291949e-04   2.6150309e-04
   3.4734047e-02   7.4986269e-02  -1.4770975e-01  -4.9295613e-03  -3.6591663e-04   1.8766956e-04
   3.2423997e-02   7.2597987e-02  -1.9630266e-01  -5.0887554e-03  -2.5847050e-04   2.3206483e-04
   2.9846262e-02   7.6280564e-02  -9.8789849e-02  -6.0240358e-03  -2.1496258e-04   1.6305409e-04
   2.6573985e-02   9.5146520e-02  -9.3110787e-02  -4.9629452e-03  -2.3777247e-04   1.2884246e-04
   2.8241263e-02   5.0669871e-02  -2.0417476e-01  -4.7570913e-03  -1.6191209e-04   1.3530389e-04
   2.4267191e-02   6.4980821e-02  -1.3374531e-01  -5.7187234e-03  -7.4946372e-05   1.8150729e-04
   2.5534706e-02   8.3051148e-02  -1.2651627e-01  -4.6690189e-03  -2.3797535e-04   1.5261817e-04
   2.2348825e-02   9.6923268e-02  -8.4641745e-02  -3.9527115e-03  -2.4306383e-04   2.5367937e-04
   3.4026737e-02   1.0122344e-01  -7.1716995e-02  -5.7461007e-03  -2.0048271e-08   4.1777654e-04
   3.5000530e-02   1.2493322e-01   2.9798637e-02  -4.2187031e-03  -3.0744479e-04   2.3648107e-04
   5.4185551e-02   7.0757354e-02  -1.9546741e-01  -5.4278570e-03  -5.0495861e-04   4.3979573e-04
   5.5163550e-02   1.2864615e-01  -5.5435136e-02  -5.0217289e-03  -6.8319469e-04   4.4177635e-04
   5.2325653e-02   3.4435383e-02  -2.1774629e-01  -5.1371332e-03  -5.3222649e-04   5.0792499e-04
   4.7379686e-02   8.9793773e-02  -1.3843198e-01  -5.3107221e-03  -3.2349462e-04   7.4184102e-04
   5.4454888e-02   2.4782582e-02  -2.0690506e-01  -4.8020308e-03  -7.7141302e-04   4.7890129e-04
   5.0735651e-02   6.4640116e-02  -2.0824586e-01  -4.9104721e-03  -7.8607081e-04   6.0773625e-04
   3.7123434e-02   5.2445691e-02  -2.2423938e-01  -4.1184880e-03  -8.4710442e-04   4.8799363e-04
   4.6205733e-02   3.1362633e-02  -2.3620995e-01  -5.2720207e-03  -9.3344949e-04   4.4248576e-04
   4.1454929e-02   3.2970352e-02  -2.0477078e-01  -4.0659080e-03  -8.9394798e-04   5.5645313e-04
   3.6947817e-02  -8.1630873e-03  -2.6814832e-01  -5.1756025e-03  -6.8292980e-04   3.8711964e-04
   4.0301848e-02   1.4694509e-02  -2.4736530e-01  -4.4642703e-03  -7.5525413e-04   5.3462691e-04
   3.4477519e-02   4.9296225e-03  -2.7919242e-01  -5.5982873e-03  -6.7124647e-04   4.6258903e-04
   3.1391256e-02   9.2274174e-03  -2.8417938e-01  -5.3977847e-03  -6.4376364e-04   4.5184771e-04
   4.5051384e-02   8.2412683e-02  -1.3530758e-01  -5.6281247e-03  -5.1112306e-04   6.2941656e-04
   4.0771186e-02   1.3294164e-02  -2.8857454e-01  -5.0718382e-03  -4.9856732e-04   1.0696686e-03
   3.2525002e-02   5.1886980e-02  -2.5774097e-01  -4.8835570e-03  -5.0225534e-04   1.0504291e-03
   3.3002285e-02   5.2533190e-02  -2.4096765e-01  -5.6856833e-03  -6.0397770e-04   4.0689703e-04
   2.2814382e-02   2.7067168e-02  -2.8034335e-01  -5.7075193e-03  -4.3993790e-04   3.0166182e-04
   2.8427668e-02   7.1126892e-03  -2.7965467e-01  -5.2499891e-03  -6.0223085e-04   3.0416257e-04
   2.3510976e-02   5.7790460e-02  -2.2599643e-01  -5.9054198e-03  -3.7725435e-04   3.6241215e-04
   2.7770362e-02   5.6239093e-02  -2.3746278e-01  -6.0492830e-03  -5.7825707e-04   2.2477731e-04
   2.4397797e-02   3.5232729e-02  -2.6461300e-01  -6.1253795e-03  -4.5191593e-04   1.4940384e-04
   2.8350667e-02   5.3796906e-02  -2.6087923e-01  -6.1227332e-03  -4.7443835e-04   2.9859600e-04
   3.4879542e-02   6.3255126e-02  -1.6556191e-01  -5.3129303e-03  -6.3701773e-04   1.2903727e-04
   3.9434496e-02   6.1404904e-02  -2.5170765e-01  -6.0725002e-03  -5.2275004e-04   1.0312004e-04
   4.0158230e-02   5.3280663e-02  -2.5909933e-01  -6.3490942e-03  -5.0158013e-04   6.9045073e-05
   4.4147990e-02   9.1599358e-02  -1.3454142e-01  -5.9765673e-03  -7.1298369e-04  -1.6836464e-05
   3.7203302e-02   6.2013481e-02  -2.2876276e-01  -5.7840951e-03  -5.9970821e-04   9.5743848e-05
   4.7025148e-02   5.4476917e-02  -2.4716541e-01  -6.1955646e-03  -6.3604868e-04   2.8824146e-04
   4.9163962e-02   1.0296328e-01  -1.1369470e-01  -6.0733943e-03  -5.2373855e-04   1.8035637e-05
   4.0350761e-02   5.2868470e-02  -2.7654936e-01  -6.3218308e-03  -4.7438412e-04   1.0549259e-04
   5.2854478e-02   3.7176576e-02  -2.6766533e-01  -6.2180148e-03  -5.7008576e-04   4.0158769e-04
   5.0692390e-02   7.8849611e-02  -2.2614745e-01  -5.9473961e-03  -6.5670009e-04   4.3178291e-04
   5.0364954e-02   6.2250573e-02  -2.6679167e-01  -5.4308133e-03  -8.0167610e-04   3.0591377e-04
   4.5761058e-02   7.1184284e-02  -2.8529898e-01  -6.1373833e-03  -6.3741201e-04   3.7318579e-04
   3.6474468e-02   7.8043148e-02  -2.2590582e-01  -6.7655405e-03  -4.8917409e-04   2.2244625e-04
   3.7425930e-02   1.0258152e-01  -1.5503308e-01  -6.2873925e-03  -6.5879502e-04   1.3458775e-04
   3.3881113e-02   6.8285965e-02  -2.6768900e-01  -5.5864959e-03  -7.0656872e-04   1.7849747e-04
   3.8086973e-02   5.3510275e-02  -2.9756780e-01  -5.9276571e-03  -6.5200429e-04   3.0773307e-04
   3.4936831e-02   1.2166985e-01  -1.4904700e-01  -5.9963947e-03  -6.2263683e-04   2.4287722e-04
   3.9573955e-02   9.6916757e-02  -2.4372455e-01  -5.5523974e-03  -7.5518975e-04   1.9761011e-04
   3.1687650e-02   6.6291999e-02  -2.9842727e-01  -6.4506071e-03  -2.5576627e-04   3.3053647e-04
   3.3452532e-02   1.0202941e-01  -1.3661038e-01  -6.4342636e-03  -1.9365053e-04   3.3428917e-04
   3.7198677e-02   7.0210058e-02  -2.0667851e-01  -5.5324809e-03  -7.2794972e-04   3.0548818e-04
   3.5341586e-02   6.6578770e-02  -2.8078436e-01  -6.1786896e-03  -7.2334219e-04   2.3725207e-04
   3.3478388e-02   5.8054318e-02  -3.0337132e-01  -6.6482448e-03  -6.0861658e-04   2.4445026e-04
   3.4149062e-02   7.0435191e-02  -2.4908233e-01  -6.4673663e-03  -6.2013701e-04   3.2139580e-04
   3.3777273e-02   7.6581374e-02  -2.9868528e-01  -6.7290465e-03  -6.1005013e-04   1.5972843e-04
   3.2423390e-02   4.6573397e-02  -3.2560651e-01  -6.2957525e-03  -8.2727394e-04   1.6600097e-04
   3.2265298e-02   7.4702067e-02  -3.1520699e-01  -7.2809684e-03  -6.7861541e-04   1.2709146e-04
   3.6213885e-02   6.5925018e-02  -2.8751432e-01  -6.3994432e-03  -8.7843159e-04   9.2845407e-05
   3.4428268e-02   8.1967500e-02  -2.7647356e-01  -6.9155394e-03  -7.4079568e-04  -1.0081997e-04
   4.2896053e-02   9.6793819e-02  -2.3010816e-01  -7.2239526e-03  -6.4721791e-04   7.5603538e-05
   5.0589137e-02   1.0194669e-01  -2.6554840e-01  -6.9076708e-03  -8.9800285e-04  -2.2886340e-04
   4.8882888e-02   7.2461367e-02  -2.9437950e-01  -7.3636503e-03  -8.2232711e-04  -6.9316716e-06
   5.5364307e-02   1.0036440e-01  -2.1972796e-01  -6.7665696e-03  -1.1136291e-03   2.2460623e-04
   4.6692210e-02   6.4553604e-02  -2.9700981e-01  -6.6400186e-03  -8.9100653e-04   2.3702378e-04
   4.7678507e-02   1.0689332e-01  -2.3146586e-01  -6.8255579e-03  -8.6803066e-04   2.3554695e-04
   4.1916498e-02   6.3440308e-02  -3.0023933e-01  -6.4785125e-03  -9.1342155e-04   3.4421722e-04
   4.2788230e-02   8.1324457e-02  -3.0733257e-01  -7.1588597e-03  -7.7805376e-04   3.2745384e-04
   3.6738525e-02   9.8842319e-02  -2.8643471e-01  -7.5560536e-03  -8.1280947e-04   2.2087047e-04
   3.8144606e-02   9.0110782e-02  -2.5631905e-01  -7.2415620e-03  -8.6811600e-04   1.7923343e-04
   3.2108855e-02   8.2258401e-02  -2.9912620e-01  -7.7657729e-03  -6.1760738e-04   4.0422752e-04
   3.9455542e-02   8.1529110e-02  -2.8154147e-01  -7.3592150e-03  -8.1673584e-04   1.9277133e-04
   3.7238931e-02   8.2458921e-02  -3.0719027e-01  -6.9114956e-03  -6.5689866e-04   6.0919036e-04
   3.9928585e-02   9.3643645e-02  -2.7721894e-01  -6.9896341e-03  -7.4341426e-04   4.1805423e-04
   4.6285932e-02   9.8790749e-02  -2.7179572e-01  -6.8823835e-03  -9.0026831e-04   3.7136161e-04
   4.1448448e-02   7.9209435e-02  -3.0778399e-01  -6.5620900e-03  -1.0142374e-03   4.1087279e-04
   3.1162211e-02   8.3102322e-02  -3.0013929e-01  -8.1774236e-03  -6.7013667e-04   4.8593373e-04
   3.0236602e-02   1.1053218e-01  -2.0527560e-01  -7.5421797e-03  -6.9027185e-04   4.3619765e-04
   2.8773994e-02   1.1277825e-01  -2.2416790e-01  -6.9449908e-03  -6.2244018e-04   1.5153461e-04
   3.1104611e-02   8.5743311e-02  -2.9860732e-01  -7.5006477e-03  -5.9785649e-04   1.7786670e-04
   3.9054316e-02   1.1162360e-01  -1.9430213e-01  -7.7346509e-03  -6.3896351e-04   1.8690846e-04
   4.1299864e-02   1.0062965e-01  -1.9173489e-01  -6.1291173e-03  -8.4850308e-04   1.1898476e-04
   4.2370494e-02   8.4514492e-02  -3.1824075e-01  -6.8946455e-03  -8.5263787e-04   4.8959742e-04
   4.1960391e-02   6.4514297e-02  -2.9694591e-01  -6.7296294e-03  -8.3053176e-04   4.3974721e-04
   3.9608360e-02   1.1332304e-01  -1.6099047e-01  -5.6866922e-03  -9.1116164e-04   2.3648395e-04
   3.6281925e-02   6.0961273e-02  -3.0395090e-01  -6.8184278e-03  -7.2403319e-04   5.0799905e-04
   4.1117316e-02   1.1276289e-01  -1.7312211e-01  -7.2039277e-03  -7.5018327e-04   3.4060142e-04
   3.7709231e-02   7.9924634e-02  -2.2768500e-01  -6.3206598e-03  -8.5850688e-04   2.7418570e-04
   4.2443713e-02   1.0568498e-01  -1.7862032e-01  -7.2514118e-03  -6.6813585e-04   3.2286194e-04
   4.7659237e-02   6.8989205e-02  -2.5312801e-01  -5.8110946e-03  -9.1903149e-04   5.1591129e-04
   4.8681792e-02   2.2789672e-02  -3.1758573e-01  -6.0410531e-03  -1.0042187e-03   2.6883145e-04
   4.4197421e-02   6.6934002e-02  -2.9478743e-01  -6.8669467e-03  -8.7945805e-04   2.7319966e-04
   4.3526499e-02   7.3304674e-02  -2.5846376e-01  -6.5716880e-03  -9.7004649e-04   2.2085487e-04
   4.3918008e-02   7.8249607e-02  -3.0687359e-01  -7.1780623e-03  -8.3151906e-04   1.6184343e-04
   4.3152904e-02   7.4982092e-02  -3.3487756e-01  -7.5560488e-03  -7.9086702e-04   2.2015951e-04
   4.9785663e-02   8.7806421e-02  -2.9446549e-01  -6.5730098e-03  -1.0869284e-03   2.9014711e-04
   3.0710956e-02   2.4737957e-02  -3.3784787e-01  -6.2929334e-03  -6.2512562e-04   2.9883740e-04
   3.3890291e-02  -5.0877727e-02  -5.7188302e-01  -6.2763121e-03  -6.5686581e-04   1.8772217e-04
   2.7742284e-02  -2.2976134e-02  -5.0289021e-01  -5.8565184e-03  -4.6691192e-04   4.0094903e-04
   3.7792547e-02  -6.1316208e-04  -4.6798618e-01  -5.1223910e-03  -8.4632219e-04   2.5250694e-04
   3.2457967e-02  -3.3637594e-02  -5.3756129e-01  -5.7474464e-03  -6.6938573e-04   3.1077556e-04
   3.7762852e-02  -4.0809568e-02  -5.1156955e-01  -5.7740301e-03  -7.1452971e-04   3.7378875e-04
   3.7470070e-02   5.0138360e-02  -3.3896265e-01  -5.0061245e-03  -7.1794329e-04   3.1292042e-04
   3.6714927e-02  -2.3350594e-02  -5.1594740e-01  -5.6583935e-03  -6.7763433e-04   3.7261036e-04
   2.7969939e-02   5.3495691e-02  -5.0522907e-01  -7.5578170e-03  -4.2970116e-04  -2.6477184e-04
   4.2120586e-02   4.6051802e-02  -4.9401175e-01  -4.2514436e-03  -8.7931642e-04   5.2369646e-04
