   0.0000000e+00   0.0000000e+00   0.0000000e+00   0.0000000e+00  -3.4694470e-18   0.0000000e+00
  -1.2525001e-02   4.3236897e-02   1.6121481e-01  -1.7674854e-04   8.1868322e-05  -3.2323174e-05
  -2.5374060e-03   5.4148391e-02   2.1799272e-01   1.4941847e-03  -2.1873463e-04  -2.5919746e-05
   1.5542089e-03   8.2244495e-03   2.3883222e-02   3.2020185e-04  -6.2949662e-06   6.0306208e-05
  -9.1547284e-06   4.4410141e-02   8.5175772e-02  -2.2344009e-04   6.1730805e-05  -1.4130236e-05
   6.8987865e-03   3.4897189e-02   1.2730917e-01   2.2325134e-04   1.4097068e-04  -8.9840895e-05
  -3.6733618e-03   7.9888588e-02   1.3082656e-01  -7.3976471e-04   6.1347745e-06  -1.3882106e-04
  -1.3072118e-02   8.0322577e-02   1.6045807e-01  -1.0669143e-03   2.0137140e-05  -2.5880678e-04
  -1.6085696e-02   6.8305967e-02   1.3629726e-01  -1.8772684e-03   6.9998930e-05  -6.9476122e-05
  -1.0186404e-02   1.3644865e-01   2.9952227e-01  -1.0202137e-03  -6.4052282e-05  -1.9138611e-04
  -1.6491436e-02   9.5687818e-02   1.2953228e-01  -1.9114554e-03   4.4835910e-05  -1.2962715e-04
  -1.0555868e-02   1.1967628e-01   1.6701439e-01  -2.1536760e-03  -7.6306312e-05  -9.0286897e-05
  -1.2255882e-02   1.4160634e-01   2.5181954e-01  -1.6874523e-03   9.8839610e-05  -2.7163745e-04
  -1.0667450e-02   1.2391217e-01   1.5532810e-01  -2.2638475e-03  -7.7487789e-06  -3.4782901e-04
  -7.8811047e-03   1.0911065e-01   1.6771641e-01  -2.7105904e-03   9.8526232e-06  -3.3464457e-04
  -8.3059968e-03   1.3423379e-01   2.5261413e-01  -1.9198828e-03  -1.6427104e-04  -5.3531357e-04
  -1.2446114e-02   6.6125671e-02   5.9531023e-02  -1.4466752e-03  -3.3706326e-05  -4.7091133e-04
  -9.8847429e-03   6.2395985e-02   9.0753935e-02  -1.5850668e-03  -1.7891136e-04  -4.2384130e-04
  -1.3499228e-02   1.2788583e-01   2.2954575e-01  -2.2442720e-03   2.4440528e-04  -5.0780438e-04
  -8.6797868e-03   8.0017463e-02   7.3553902e-02  -2.8294789e-03  -1.7447475e-04  -5.4381964e-04
  -1.7337017e-02   8.0453865e-02   7.4830696e-02  -2.8071248e-03   2.8106173e-04  -6.9792757e-05
  -1.3184787e-02   9.4200140e-02   1.2572907e-01  -3.3247659e-03   7.2484979e-05  -1.9394454e-04
  -1.4279682e-02   1.2425021e-01   1.3226948e-01  -2.8252569e-03   1.3418233e-04  -3.3855490e-04
  -1.0224826e-02   1.0187025e-01   1.1047015e-01  -1.9858493e-03   5.2653651e-05  -4.4712855e-04
  -7.8651104e-03   1.0209588e-01   8.3806122e-02  -3.6939414e-03   2.4686964e-04  -2.1430166e-04
  -1.1491722e-02   1.4239816e-01   2.3900001e-01  -2.6819847e-03   4.0792480e-04  -4.6743412e-04
  -1.1533508e-02   1.2469368e-01   1.7497362e-01  -2.1293076e-03   1.3478324e-04  -3.5053368e-04
  -1.2846897e-02   1.1058095e-01   1.1763007e-01  -3.1610178e-03   3.3971440e-04  -2.0642859e-04
  -8.6982022e-03   1.3730363e-01   2.2151808e-01  -2.1002199e-03   1.7702025e-04   8.1064925e-05
  -1.3708295e-02   8.8989377e-02   7.5648885e-02  -2.4857872e-03   1.1148965e-04  -1.0493267e-04
  -1.2299400e-02   6.6775425e-02   4.8464277e-02  -2.5284661e-03   1.2844695e-05  -2.1730870e-04
  -1.6710866e-02   9.5379931e-02   7.9961407e-02  -1.2037936e-03  -9.8669103e-05  -6.7947472e-05
  -1.9694001e-02   7.8589408e-02   6.6987639e-02  -2.6108471e-03   1.2228170e-04  -2.5007166e-04
  -1.8790094e-02   5.0485378e-02   2.5415254e-03  -2.8907334e-03   1.5542912e-04  -3.4414760e-04
  -2.0703772e-02   9.3114722e-02   1.0294048e-01  -2.7767236e-03  -3.3678748e-05  -4.8030945e-04
  -1.8520048e-02   8.1025877e-02   8.8393864e-02  -2.7968242e-03   1.2899627e-05  -4.8451906e-04
  -2.4242216e-02   7.1733822e-02   4.8102371e-02  -3.4834335e-03   1.5091084e-04  -3.9580789e-04
  -2.3776382e-02   8.9959839e-02   9.9955197e-02  -3.0140709e-03   1.4081963e-04  -4.2899641e-04
  -1.4747489e-02   7.7592627e-02   4.8202500e-02  -2.7576727e-03  -9.4336249e-05  -5.0427772e-04
  -2.3226504e-02   1.0851273e-01   6.1536734e-02  -3.5373028e-03   2.6263596e-04  -3.8458591e-04
  -1.5602297e-02   1.4664094e-01   2.2429931e-01  -4.3927475e-03   3.2617548e-04  -4.7564037e-04
  -1.1202093e-02   1.4416297e-01   1.3081109e-01  -4.2895837e-03   2.7388039e-04  -5.5965436e-04
  -1.5237561e-02   1.3467460e-01   7.0527180e-02  -3.8984655e-03   2.4948037e-04  -2.6801557e-04
  -1.6684707e-02   1.3845178e-01   8.6256114e-02  -4.3340334e-03   3.4993179e-04  -3.1985696e-04
  -7.8197590e-03   1.6408690e-01   1.5464727e-01  -4.8881911e-03   2.1916762e-04  -5.2540042e-04
  -5.6774186e-03   1.4257443e-01   8.6019829e-02  -5.1606373e-03   2.1597796e-04  -4.1944820e-04
  -7.7019461e-03   1.2056928e-01   2.1032708e-02  -4.6779800e-03   3.3002103e-04  -2.4902592e-04
  -1.5561012e-02   1.5979842e-01   9.1940950e-02  -4.7368555e-03   2.6601165e-04  -4.5073456e-04
  -1.8984236e-02   1.4179351e-01   5.5502520e-02  -4.2492352e-03   2.5878466e-04  -4.8395567e-04
  -1.4561134e-02   1.3661892e-01   7.8296421e-02  -4.1239328e-03  -6.5048028e-05  -3.6794309e-04
  -1.6923361e-02   1.5696328e-01   1.5135660e-01  -4.7040579e-03   1.4505692e-04  -5.8661938e-04
  -2.0123050e-02   1.3787308e-01   9.2367554e-02  -4.2611367e-03   4.1211175e-05  -7.4555204e-04
  -1.9068229e-02   8.3495766e-02  -1.9804920e-02  -4.7074872e-03   1.0887509e-04  -6.9147485e-04
  -2.1909639e-02   1.1966037e-01   4.4822926e-02  -5.1072942e-03   1.4673814e-04  -3.8101968e-04
  -1.7088647e-02   1.2386977e-01   5.9385600e-02  -4.8364827e-03   3.0939045e-04  -5.8647919e-04
  -1.4756543e-02   1.0141977e-01   7.0763093e-03  -4.5027964e-03   6.1079690e-05  -5.7068681e-04
  -1.6891946e-02   1.4931499e-01   8.8940832e-02  -5.2320604e-03   2.0276377e-04  -4.1606761e-04
  -2.1184346e-02   1.7012950e-01   1.0730139e-01  -4.4499727e-03   3.6699033e-04  -2.7198598e-04
  -1.7729419e-02   1.6754260e-01   1.3901576e-01  -4.1299184e-03   1.6804374e-04  -6.6482576e-04
  -2.4037809e-02   1.5749721e-01   8.1722438e-02  -4.6659416e-03   3.9999052e-04  -5.0661173e-04
  -1.2898083e-02   1.3421070e-01   1.0413400e-01  -4.9286248e-03   1.3266887e-04  -3.3805435e-04
  -2.0619362e-02   1.9214968e-01   2.0405977e-01  -5.6714455e-03   4.2475167e-04  -4.8895468e-04
  -2.4886835e-02   1.8721164e-01   1.6996330e-01  -5.4839155e-03   4.1487802e-04  -4.7265541e-04
  -2.7386497e-02   1.7899369e-01   1.4232532e-01  -6.2791398e-03   4.2496569e-04  -5.5677636e-04
  -3.2402910e-02   1.7053190e-01   1.9306417e-01  -5.9762668e-03   7.2982368e-04  -5.1936192e-04
  -1.8913422e-02   1.9315362e-01   1.0316972e-01  -3.9314372e-03   1.3801345e-05  -2.8400850e-04
  -3.0731818e-02   1.1917375e-01  -3.7526010e-03  -5.1786899e-03   4.3021616e-04  -5.8397278e-04
  -2.4413880e-02   1.2072644e-01  -1.3020964e-02  -5.7064391e-03   2.7663374e-04  -6.1005103e-04
  -3.1485245e-02   1.8046484e-01   1.4893755e-01  -5.7831615e-03   5.3117628e-04  -6.0347990e-04
  -1.5764992e-02   1.9024439e-01   1.2024348e-01  -5.3512243e-03   2.3404965e-04  -5.7708170e-04
  -1.9808142e-02   1.5506717e-01   1.0457130e-01  -5.6227044e-03   4.8960002e-04  -2.7055623e-04
  -1.3830724e-02   1.4702922e-01   1.9606266e-02  -5.8874269e-03   4.3111061e-04  -3.1695846e-04
  -2.1080155e-02   2.0415680e-01   1.5088533e-01  -4.8620305e-03   3.6937688e-04  -3.8740816e-04
  -1.8099622e-02   1.6794228e-01   9.4316940e-02  -5.6172004e-03   3.0277705e-04  -4.6492755e-04
  -2.1082111e-02   1.5779686e-01   8.7091369e-02  -5.7037163e-03   3.8620487e-04  -3.3562913e-04
  -2.1559886e-02   1.8243287e-01   1.5533696e-01  -5.5176194e-03   4.6852421e-04  -3.5366365e-04
  -2.9340555e-02   2.1586993e-01   1.8851506e-01  -4.6373574e-03   2.4909207e-04  -2.3443387e-04
  -1.5832231e-02   1.7916287e-01   1.2013291e-01  -5.3763266e-03   3.0667120e-04  -5.4183820e-04
  -2.2116873e-02   1.7882659e-01   1.0161147e-01  -4.5919357e-03   4.0127852e-04  -6.1325189e-05
  -1.4848350e-02   1.4118595e-01   7.8054393e-02  -4.9421621e-03   2.7005689e-04  -2.7324082e-04
  -1.7569305e-02   1.8185572e-01   7.0969409e-02  -6.0762998e-03   3.5899548e-04  -3.2425605e-04
  -1.4166497e-02   1.8841910e-01   1.5947492e-01  -6.0782238e-03   1.2211132e-04  -4.4062523e-04
  -2.8105897e-02   2.0970229e-01   1.4846607e-01  -6.0764478e-03   2.5294897e-04  -3.1072266e-04
  -2.2449581e-02   1.9651768e-01   1.4015997e-01  -7.1547059e-03   1.8668678e-04  -1.1577196e-04
  -2.1766967e-02   2.3359339e-01   1.1268278e-01  -7.7956222e-03   3.0906412e-04  -8.5867510e-05
  -1.4371501e-02   2.3317610e-01   2.4099015e-01  -6.3360800e-03   2.3197353e-04  -2.8674241e-04
  -1.2963115e-02   2.1536493e-01   1.1587723e-01  -6.5832544e-03   1.2236479e-04  -1.5841034e-04
  -1.7071004e-02   2.4005324e-01   2.3507981e-01  -6.6053909e-03   2.4774806e-04  -4.6469147e-04
  -1.4332234e-02   1.6420954e-01   1.0518166e-01  -6.0617483e-03  -1.4068572e-04  -2.9794058e-04
  -1.6289540e-02   2.3190067e-01   9.0464523e-02  -5.4149954e-03  -2.0344113e-04   1.0536137e-04
  -1.9634667e-02   2.0031047e-01   1.3840219e-01  -6.0559800e-03  -3.3945234e-04  -3.4534130e-04
  -2.6649210e-02   2.0095670e-01   1.0482243e-01  -5.8161768e-03  -2.3789095e-04  -1.4627755e-04
  -3.0332112e-02   2.0119301e-01   1.0414341e-01  -6.6367790e-03  -5.7743077e-05  -5.2106977e-05
  -1.4704895e-02   2.3661389e-01   1.3728200e-01  -6.9288510e-03  -1.2039981e-06  -8.4219174e-05
  -2.3252927e-02   2.1995093e-01   1.1016887e-01  -6.5376494e-03   1.0304408e-04   1.4934676e-05
  -1.8924223e-02   2.0245141e-01   1.0933890e-01  -7.9620445e-03   1.1437850e-04  -3.3266630e-04
  -2.3102203e-02   2.4745487e-01   2.2771947e-01  -7.1228200e-03   5.6650116e-04  -2.0734130e-04
  -1.2614522e-02   1.5544571e-01   2.9862031e-02  -6.1205829e-03   2.2249422e-04  -5.2264523e-04
  -1.9396504e-02   1.9088505e-01   5.3442540e-02  -6.7328600e-03   1.9385888e-04  -3.7676132e-04
  -1.7337392e-02   1.8416467e-01   1.2272252e-01  -6.4510509e-03   2.8981421e-04  -3.9718280e-04
  -1.9783887e-02   2.4636197e-01   2.4123292e-01  -6.5406565e-03   1.6363087e-04  -3.8331313e-04
  -1.4998214e-02   1.7803881e-01   2.4474484e-03  -7.2662121e-03   1.8782638e-04  -6.9753577e-04
  -2.0704511e-02   2.2668770e-01   1.9397057e-01  -7.2641988e-03   5.3004387e-04  -1.8234551e-04
  -2.0336204e-02   2.0884210e-01   1.2550119e-01  -7.1532890e-03   3.4411230e-04  -3.1732778e-04
  -1.4863346e-02   1.7385299e-01   6.9518133e-02  -6.4674691e-03   2.6573090e-04  -8.5180996e-05
  -1.6233039e-02   1.8774551e-01   1.7889033e-01  -5.4356006e-03   8.6197063e-04  -2.3726677e-04
  -6.5863646e-03   1.4635930e-01   7.8763708e-02  -3.9905546e-03   8.0293182e-04  -3.3533836e-04
   7.3118130e-03   1.6492262e-01   2.2463167e-01  -4.7217971e-03   1.1903616e-03  -4.2804440e-04
  -9.2242869e-03   1.2938609e-01   1.5356943e-01  -3.1951558e-03   7.0381019e-04  -3.0119082e-04
  -1.4505743e-02   1.3346721e-01   3.0516795e-02  -4.1653883e-03   1.0186729e-03  -2.0716354e-05
  -2.1146967e-02   1.1974173e-01   4.9869587e-02  -4.2510669e-03   1.0588262e-03   1.2600332e-04
  -2.2412371e-02   1.5720580e-01   1.5201826e-01  -4.8360315e-03   1.3915136e-03   8.7986467e-05
  -1.6683716e-02   1.6760934e-01   1.4442665e-01  -2.9395215e-03   1.0042011e-03   1.6099211e-04
  -1.8847151e-02   1.2297393e-01   8.4895118e-02  -4.1014901e-03   1.2381730e-03   3.5681871e-04
  -1.6535658e-02   1.1820798e-01   1.0617216e-01  -4.3419921e-03   1.3023449e-03   2.9008441e-04
  -2.1334869e-02   1.7537247e-01   1.8517116e-01  -3.9650906e-03   1.1481609e-03  -8.5763719e-06
  -2.1084947e-02   1.1375920e-01   4.7297097e-02  -4.0079944e-03   1.1920596e-03   1.1681717e-05
  -2.1444029e-02   1.3963102e-01   6.1492820e-02  -4.6028543e-03   1.2194863e-03   1.0918233e-04
  -2.4752818e-02   1.4553609e-01   1.2789134e-01  -4.8931709e-03   1.4764806e-03   1.4579903e-04
  -1.3802801e-02   1.2896066e-01   1.1392022e-01  -4.7690336e-03   1.4168347e-03   6.6110768e-05
  -2.6973790e-02   1.8047089e-01   9.8310154e-02  -4.2226927e-03   1.4225405e-03   6.0228235e-04
  -1.6105106e-02   1.5764038e-01   9.6709460e-02  -4.9972799e-03   1.1930561e-03   5.2694847e-05
  -1.1766896e-02   2.0923913e-01   1.8269628e-01  -3.9240435e-03   9.3977079e-04   1.4666647e-05
  -2.5935788e-02   2.5617526e-01   1.2451274e-01  -1.6027635e-03   7.0092400e-04   7.7034822e-04
  -3.3604152e-02   3.0666657e-01   2.1678702e-01  -2.8910073e-03   1.4481460e-03   1.1581296e-03
  -2.5433155e-02   2.3473136e-01   2.1525640e-01  -3.7599374e-03   1.4906136e-03   7.7314834e-04
  -2.8466938e-02   2.1806261e-01   1.1881338e-01  -4.8672119e-03   1.4455192e-03   4.2938289e-04
  -1.9415434e-02   2.4494256e-01   1.4490769e-01  -6.5811815e-03   1.3166577e-03   4.2630926e-04
  -1.8523089e-02   2.6023151e-01   2.0257651e-01  -5.7074299e-03   1.3708229e-03   2.8298794e-04
  -1.5493251e-02   1.9427301e-01   6.7530453e-02  -5.1420333e-03   1.1671603e-03   1.9676159e-04
  -1.2964179e-02   1.1982883e-01  -2.1200413e-02  -6.7446907e-03   1.2985757e-03   4.3676609e-04
  -1.5487666e-02   1.9857119e-01   2.3520756e-02  -7.3015479e-03   1.1331769e-03   7.6883472e-04
  -1.4256933e-02   1.6750856e-01   1.2880234e-01  -5.6618076e-03   1.0427358e-03   4.5624303e-04
  -1.5894590e-02   5.7708573e-03  -1.9579618e-02  -2.9679516e-03   5.0196329e-04   2.3350462e-04
  -7.7417462e-03   1.8294718e-01   9.9006487e-02  -2.3515008e-03  -3.8877030e-05   6.0421901e-04
   1.8957905e-02   1.7622537e-01   2.1226862e-01  -4.7604519e-03  -8.0326935e-04   1.2054337e-03
   7.5177923e-03   1.9274792e-01   2.5653290e-01  -6.1844141e-03  -8.5916145e-04   1.1125767e-03
   7.7306708e-03   1.4190334e-01   3.3412334e-01  -1.9281785e-03  -1.6063123e-03   2.3417794e-03
  -9.0835675e-03   2.0518992e-01   3.3579851e-01  -4.7702323e-03  -4.8404977e-04   7.0227698e-04
   8.6539916e-03   2.4611629e-01   2.6991596e-01  -4.3165888e-03  -1.0431955e-03   5.7439186e-04
   2.3494205e-03   2.5250369e-01   1.6268984e-01  -6.3429779e-03  -5.9904591e-04   6.5643453e-04
   2.5121105e-03   2.5772110e-01   1.9917896e-01  -7.1857223e-03  -3.5878615e-04   4.5292626e-04
   6.3961662e-03   3.2211244e-01   2.8652191e-01  -6.5309502e-03  -5.0591895e-04   4.3534846e-04
   4.5978370e-03   2.5261492e-01   1.7271059e-01  -6.7273522e-03  -4.7271469e-04   6.7720430e-04
   1.0368292e-02   2.4119283e-01   1.7925684e-01  -7.2291180e-03  -3.4896393e-04   8.8312324e-04
   1.3311533e-02   3.1206659e-01   3.0165907e-01  -5.7771285e-03  -5.5746576e-04   6.8572652e-04
   3.4159169e-03   2.5382463e-01   1.8999103e-01  -6.9203839e-03  -3.4462302e-04   6.8669327e-04
   4.2962164e-03   2.5072873e-01   1.7901172e-01  -7.3327607e-03  -3.4615245e-04   8.2946522e-04
   9.1158656e-03   3.2580238e-01   3.3331176e-01  -6.9072001e-03  -4.1613450e-04   6.7847273e-04
   2.7414059e-03   2.4441912e-01   1.6131003e-01  -7.3604507e-03  -1.8800150e-04   8.7781111e-04
   6.7396909e-03   2.7267809e-01   2.8050709e-01  -7.3062667e-03  -9.8539170e-05   8.5114976e-04
   6.0252916e-03   3.0680513e-01   2.2367559e-01  -7.8008698e-03  -1.3207856e-05   7.0075233e-04
  -1.0387854e-03   2.6625573e-01   1.6409600e-01  -7.6181774e-03   2.7179965e-06   8.5470466e-04
  -1.3898498e-03   2.6476862e-01   1.8191906e-01  -8.2353418e-03  -1.9573746e-04   7.4819484e-04
  -5.0954930e-03   3.2707219e-01   2.8701595e-01  -8.3379327e-03   1.5455562e-05   6.2235445e-04
  -7.4798431e-03   3.1494143e-01   2.7180895e-01  -7.8280581e-03  -1.4010919e-04   5.7487940e-04
  -8.8700037e-03   2.6922026e-01   1.6902433e-01  -8.9036143e-03   2.0227150e-04   8.5609489e-04
  -1.2161868e-03   2.9608904e-01   2.5308799e-01  -7.9642814e-03   2.0396749e-04   7.5875540e-04
   2.2099621e-03   2.9676452e-01   2.5372785e-01  -7.5056419e-03  -1.6448746e-05   8.6983445e-04
   3.6000647e-03   2.9668463e-01   1.3935749e-01  -7.0391908e-03  -1.3597162e-04   1.2191713e-03
   3.5292475e-04   2.7245039e-01   2.1372198e-01  -8.8378759e-03   9.2422458e-05   7.9458007e-04
   1.2544979e-02   3.3982304e-01   3.5682487e-01  -8.5214638e-03  -1.2193955e-04   6.1435594e-04
   1.2772990e-02   2.9037431e-01   1.8919192e-01  -8.0564110e-03  -1.7315823e-04   8.0449391e-04
   1.0972749e-02   2.9679458e-01   2.4129947e-01  -9.1642781e-03  -9.0740089e-06   8.9839278e-04
   1.2649356e-02   3.3936593e-01   3.6720091e-01  -7.8394273e-03  -3.1859916e-04   6.1123881e-04
   4.8229014e-03   3.0489284e-01   1.8549925e-01  -9.3702341e-03  -2.3936897e-05   9.4004486e-04
  -3.1387549e-05   2.8319771e-01   2.0810070e-01  -9.8656985e-03   1.4884889e-04   7.9976798e-04
   2.9586639e-03   3.2270414e-01   2.4516469e-01  -8.6531058e-03  -1.8122002e-04   7.4176901e-04
  -3.2356963e-03   3.0278184e-01   2.1199204e-01  -9.6989656e-03   1.3897023e-04   7.6769140e-04
   2.7177759e-03   3.0879889e-01   2.5807807e-01  -9.8801971e-03   2.1561097e-04   9.9224260e-04
   1.0800051e-02   3.4725886e-01   3.3689540e-01  -9.5608320e-03   6.0781290e-05   7.4956754e-04
   1.9291452e-02   3.0507570e-01   2.4322509e-01  -8.8503938e-03  -2.5391568e-04   6.5050397e-04
   1.6502302e-02   3.2353315e-01   1.7956321e-01  -8.2490106e-03  -4.8137563e-05   9.4353110e-04
   2.0077911e-02   3.2795997e-01   3.2469971e-01  -9.2500395e-03  -1.0840340e-04   8.5863340e-04
   1.4070234e-02   3.4626854e-01   2.6973561e-01  -9.6310019e-03   4.0004403e-05   8.1960049e-04
   1.6664533e-02   3.1180591e-01   1.9607091e-01  -9.2885979e-03  -2.2244290e-04   9.4359114e-04
   1.3739247e-02   3.3646547e-01   2.6466461e-01  -1.0010842e-02  -6.8930381e-05   1.0089979e-03
   1.2678210e-02   3.3941541e-01   2.7227587e-01  -9.3513858e-03  -3.4112890e-04   7.8722287e-04
   9.9692493e-03   3.1852187e-01   2.0348655e-01  -9.7791239e-03  -2.9873573e-04   1.0633689e-03
   7.8112181e-04   3.0395706e-01   1.7689245e-01  -9.9123258e-03  -1.0634344e-04   1.0398230e-03
   6.3737095e-03   3.4982602e-01   3.1347059e-01  -1.0087989e-02  -5.8326321e-05   8.4988009e-04
   7.4204962e-03   3.2533608e-01   1.9318882e-01  -9.9424033e-03  -2.1003419e-04   9.3818651e-04
   1.1501693e-02   3.1260825e-01   1.5508628e-01  -1.0109813e-02  -1.1765690e-04   1.0124173e-03
   9.2160369e-03   3.1074398e-01   1.8615498e-01  -1.0003768e-02  -7.3326511e-05   1.0237298e-03
   1.1345415e-02   3.4840231e-01   2.4535869e-01  -9.0244261e-03  -2.1736911e-04   1.0525730e-03
   9.5961754e-03   3.0527079e-01   1.8108744e-01  -9.3847389e-03  -4.1439051e-05   8.2844451e-04
   1.4550179e-03   2.9757369e-01   2.0461471e-01  -6.0581192e-03   1.8401805e-04   7.7766679e-04
  -9.0631649e-03   2.5323798e-01   2.7294227e-01  -3.8127520e-03   2.6054438e-04   1.7202897e-04
