   0.0000000e+00   0.0000000e+00   0.0000000e+00   0.0000000e+00   0.0000000e+00   0.0000000e+00
  -5.9374511e-03   3.6792279e-02   1.2918577e-01  -1.0178015e-03  -2.5084164e-05   8.8145433e-05
   1.1570218e-03   5.8675764e-02   2.5798736e-01  -1.8446299e-04  -3.2306321e-04  -5.7346039e-05
  -2.6870153e-03   4.8765006e-02   2.2197350e-01  -2.7689517e-04  -2.6142947e-04  -1.3418430e-04
  -4.2692100e-03   4.5579790e-02   1.8613481e-01  -2.6223220e-03  -1.2563553e-04   4.1896476e-05
   3.7174262e-03   2.9121172e-02   2.0459965e-01  -2.0606060e-03  -2.2847135e-04   3.0928890e-04
   9.7016516e-03   1.1237322e-01   3.3233031e-01  -2.6750345e-03  -4.5861820e-04   1.3357784e-04
   5.9633572e-03   1.2857595e-01   2.3207838e-01  -3.9851116e-03  -2.1177227e-04   5.3646122e-05
   2.0026731e-02   1.2102352e-01   2.2720355e-01  -4.9242446e-03  -6.4708269e-04  -9.4240776e-05
  -6.2979058e-03   1.3846128e-01   2.4138260e-01  -6.6270582e-03   2.9275146e-04   1.0427537e-04
  -6.5944061e-03   1.7285619e-01   3.9384764e-01  -5.9774748e-03  -1.2054328e-04   1.7958096e-04
  -4.6090316e-03   1.6846212e-01   3.2288774e-01  -5.2501857e-03  -2.4605368e-04   1.0890694e-04
  -4.1070906e-03   1.6162382e-01   2.4647712e-01  -6.4758495e-03  -4.4037052e-05   2.8005867e-04
  -3.8421779e-03   1.6201703e-01   2.5289990e-01  -6.7188750e-03   1.9117030e-04   3.6203067e-04
  -1.4721214e-02   2.0830545e-01   4.6324264e-01  -5.4898771e-03   5.2001342e-05   4.4278522e-04
  -5.1747241e-03   1.8529869e-01   3.5983719e-01  -4.1137410e-03  -5.6912014e-04   2.4932771e-04
  -1.0764980e-02   1.5176899e-01   2.3600427e-01  -5.3072991e-03  -2.5940626e-04   2.3252767e-04
  -8.1282679e-03   1.3394067e-01   2.6010235e-01  -6.1980639e-03  -2.1779004e-04   1.3017900e-04
  -1.5917440e-02   2.2040145e-01   5.8309480e-01  -2.9822279e-03  -3.7476368e-04   1.2734892e-04
  -6.0136896e-03   1.9728017e-01   3.7771990e-01  -5.8150402e-03  -3.0417883e-04   4.0648925e-04
  -1.2820480e-02   1.9963111e-01   4.4614610e-01  -6.2740791e-03   2.9173724e-05   3.9061198e-04
  -1.8328424e-04   2.1686875e-01   4.6509177e-01  -4.2750192e-03  -5.4689985e-04   1.6528683e-04
  -4.8402596e-03   1.9078351e-01   2.8982962e-01  -5.3096342e-03  -1.6091220e-04   3.3972125e-04
  -1.5819500e-02   1.9141130e-01   3.5191616e-01  -6.6604161e-03  -1.8150012e-04   1.8343096e-04
  -2.4238418e-02   2.2137900e-01   3.8198979e-01  -4.8039573e-03  -6.2328656e-04   2.1247199e-05
  -3.6852577e-02   2.0913981e-01   3.7359942e-01  -5.4886566e-03  -5.3597597e-04   3.9715917e-05
  -2.7315389e-02   1.9055156e-01   3.5880889e-01  -5.4328636e-03  -8.6371748e-04   2.0471118e-04
  -3.8412924e-02   2.3662248e-01   4.3662025e-01  -5.8397030e-03  -6.5977820e-05   2.9404719e-04
  -2.6897843e-02   2.4721284e-01   4.6268117e-01  -4.5812141e-03  -6.3726496e-04   2.3891966e-04
  -3.6386735e-02   1.9807267e-01   2.9370300e-01  -6.7419091e-03   1.0568970e-04   3.7747170e-04
  -3.5232325e-02   2.5175305e-01   4.6757745e-01  -5.9834564e-03   2.1769080e-05   3.3913330e-04
  -2.7401511e-02   2.5979059e-01   4.6742239e-01  -5.3128113e-03  -5.3693854e-05   2.4023360e-04
  -1.5217945e-02   2.1238128e-01   3.2713496e-01  -5.7178286e-03  -1.3543351e-04   3.4220214e-04
  -9.2471869e-03   1.8073306e-01   2.9542871e-01  -6.0100635e-03   7.7206806e-05   5.2083585e-04
  -1.1034337e-02   1.6212141e-01   3.2551730e-01  -4.9579240e-03  -2.9433983e-04   2.5682742e-04
  -4.3450933e-03   2.1620679e-01   3.6077526e-01  -5.8136798e-03  -3.9876123e-04   1.3646374e-04
  -7.7029075e-03   1.7239418e-01   2.4466470e-01  -6.0554449e-03  -6.9583830e-05   5.2891278e-04
  -9.6614267e-03   2.3790966e-01   4.6401428e-01  -4.7521703e-03  -2.5529026e-04   5.5753579e-04
  -1.3647962e-02   2.2631242e-01   4.1587292e-01  -4.9831790e-03  -1.2392951e-04   3.0264642e-04
  -6.4919910e-03   1.7703435e-01   2.8091390e-01  -6.0585234e-03  -3.3722997e-04   3.1660459e-04
  -1.3038704e-02   2.0011157e-01   3.3584080e-01  -7.0392526e-03  -2.1870975e-04   2.2310146e-04
  -2.2356249e-02   2.1586680e-01   4.3174221e-01  -6.2486039e-03  -1.8360623e-04   1.5730039e-04
  -1.5622221e-02   2.0774535e-01   2.7058966e-01  -6.1148496e-03  -1.1794148e-04   4.2694548e-04
  -2.1353013e-02   1.9585378e-01   3.5871437e-01  -6.2021235e-03   6.5203246e-05   3.5927802e-04
  -2.0093722e-02   2.3944933e-01   5.5580217e-01  -3.9347522e-03  -1.4147125e-04  -1.0086958e-04
   7.4198991e-03   2.0565131e-01   5.8223656e-01  -4.7097065e-03   1.4486131e-04   4.2430352e-04
   3.5701867e-03   1.8373209e-01   4.2834772e-01  -3.7588553e-03  -3.7847347e-04   3.3212557e-04
   2.1692587e-02   1.6796331e-01   3.7236914e-01  -5.1494572e-03  -3.9804125e-04   6.5862207e-04
   2.3498199e-02   1.9744875e-01   5.3384684e-01  -4.7960618e-03  -6.9004712e-04   4.4861144e-04
   2.7816666e-02   2.0262903e-01   4.2915632e-01  -5.4976881e-03  -8.6286372e-04   2.6695164e-04
   2.8697868e-02   1.6253807e-01   3.5079831e-01  -6.2351055e-03  -5.1710046e-04   5.0035667e-04
   3.0979213e-02   1.8515287e-01   4.9979126e-01  -6.1147172e-03  -8.1483836e-04   3.4896188e-04
   1.1061763e-02   2.3254567e-01   5.8476985e-01  -4.7791205e-03  -6.8547886e-04   4.1058480e-04
   1.4460084e-02   1.9314976e-01   3.8103709e-01  -5.7935077e-03  -4.4325719e-04   5.9660625e-04
   2.0752969e-02   2.2104388e-01   5.2212822e-01  -4.9283529e-03  -6.0826236e-04   4.0830329e-04
   2.9224704e-02   1.7850492e-01   3.7151138e-01  -5.6362776e-03  -3.9657264e-04   9.3527238e-04
   2.1998860e-02   2.1591583e-01   3.5867045e-01  -6.2532212e-03  -2.5676769e-04   1.2579216e-03
   2.2803407e-02   2.5050317e-01   5.6503637e-01  -5.6529299e-03  -2.7175723e-04   1.0956007e-03
   2.2973370e-02   2.2450867e-01   4.8063976e-01  -5.1446570e-03  -5.9096101e-04   7.7186567e-04
   1.7678000e-02   1.8709050e-01   3.8544198e-01  -5.0759540e-03  -7.7422138e-04   3.8508266e-04
   1.3945832e-02   2.1638110e-01   4.3542938e-01  -6.5349205e-03  -4.2345027e-04   4.6978732e-04
   1.5724991e-02   2.1500631e-01   5.0495542e-01  -5.7620174e-03  -5.6628218e-04   5.9476054e-04
   1.7458815e-02   2.1753096e-01   4.4023820e-01  -5.4930709e-03  -6.9339768e-04   7.4089847e-04
   1.9051563e-02   2.0441314e-01   4.1170014e-01  -6.0502462e-03  -5.1449474e-04   6.1897302e-04
   2.0088412e-02   2.2871844e-01   4.5638681e-01  -5.5985417e-03  -5.6435827e-04   7.2621635e-04
   1.6692609e-02   2.2094659e-01   4.2798987e-01  -5.6809522e-03  -6.3187736e-04   6.5460401e-04
   1.1943906e-02   2.0228475e-01   3.8288418e-01  -6.2567953e-03  -5.2865754e-04   7.4433241e-04
   4.8623771e-03   2.1003763e-01   3.9100566e-01  -6.5143215e-03  -4.6985270e-04   7.9576751e-04
   6.6648290e-03   2.2804057e-01   5.3800846e-01  -6.0424984e-03  -5.3855829e-04   6.9994859e-04
   8.5529601e-03   2.0652054e-01   4.2623776e-01  -5.7997446e-03  -5.5561201e-04   5.4581110e-04
   1.3204920e-02   2.3602424e-01   3.7970764e-01  -5.1485394e-03  -5.9672215e-04   1.0199460e-03
   1.8725487e-02   1.8494465e-01   4.6594584e-01  -3.1720850e-03  -8.3396651e-04   8.4377340e-04
   2.9595838e-02   1.1135174e-01   2.5513411e-01  -3.0947876e-03  -9.2993291e-04   6.9856017e-04
   1.6611261e-02   1.7928644e-01   3.4761502e-01  -4.6211063e-03  -4.1006741e-04   9.8593155e-04
   7.6275168e-03   2.1204534e-01   3.9471153e-01  -4.7506291e-03  -5.1275366e-04   9.2930389e-04
   1.7701784e-03   2.1385270e-01   3.7734048e-01  -4.3259100e-03  -4.2515919e-04   8.5805180e-04
   2.9950121e-03   2.0639699e-01   3.5411437e-01  -5.4512380e-03  -6.1676286e-04   5.8186525e-04
  -8.0930569e-03   2.0497313e-01   3.3574961e-01  -5.8120211e-03  -2.8786909e-04   6.5999769e-04
  -1.1648611e-03   2.3158025e-01   4.4787143e-01  -5.3967505e-03  -3.4713865e-04   6.0470257e-04
   5.1261772e-03   2.3985497e-01   3.8040555e-01  -5.3359900e-03  -6.1321552e-04   5.7832151e-04
   5.7190261e-03   2.1820480e-01   3.3033343e-01  -5.9244180e-03  -5.8946429e-04   5.4142702e-04
   4.9402487e-03   2.5597692e-01   4.4599585e-01  -6.3067687e-03  -3.5528648e-04   5.7327750e-04
  -2.3297397e-03   2.7342331e-01   4.4025288e-01  -5.4876707e-03  -5.5301031e-04   5.6920422e-04
  -6.9809876e-03   2.2920235e-01   3.5077494e-01  -6.4223883e-03  -4.5285235e-04   4.8947187e-04
   1.5814527e-03   2.0355336e-01   3.6518818e-01  -6.3003574e-03  -3.6667747e-04   7.3208415e-04
   4.8074509e-03   2.3746624e-01   3.7858147e-01  -5.4256696e-03  -5.2390012e-04   7.1375039e-04
   1.0812597e-03   2.0173268e-01   2.6971448e-01  -5.8536571e-03  -4.6036458e-04   7.6455136e-04
  -4.4195498e-03   2.1393711e-01   3.0718948e-01  -6.0691483e-03  -5.7465253e-04   7.3861408e-04
  -3.4023747e-03   2.4845891e-01   4.0348856e-01  -6.0597621e-03  -2.6238207e-04   6.9491728e-04
   1.6250651e-02   2.2631352e-01   3.6504008e-01  -5.3305028e-03  -6.7085895e-04   8.6552481e-04
   1.1177287e-02   2.2924721e-01   3.2402621e-01  -6.1668733e-03  -6.0586478e-04   1.0958190e-03
   7.8161167e-03   2.6510343e-01   4.3959852e-01  -5.9698653e-03  -5.8401549e-04   1.1581276e-03
   1.6214413e-02   2.6227306e-01   4.1631484e-01  -6.2088802e-03  -9.2186941e-04   1.0211337e-03
   1.1784047e-03   2.3770811e-01   3.0460989e-01  -6.6747821e-03  -5.3775513e-04   9.1909219e-04
   4.7976893e-03   2.6888006e-01   4.5212804e-01  -6.5513931e-03  -6.4869855e-04   9.5238802e-04
  -1.2690677e-03   3.0835340e-01   4.5052803e-01  -6.1531520e-03  -4.3230006e-04   8.6846328e-04
  -1.3280115e-03   3.1285711e-01   4.2307655e-01  -5.9258716e-03  -4.9396486e-04   8.8771459e-04
  -1.3142501e-03   2.8421071e-01   3.7902237e-01  -6.2788267e-03  -4.7795136e-04   1.0811315e-03
   1.4128964e-03   3.0222653e-01   4.2211195e-01  -7.4302201e-03  -3.3379936e-04   9.5493018e-04
   2.2536484e-03   3.1462169e-01   4.4244821e-01  -6.4283805e-03  -2.9182758e-04   7.9757099e-04
   1.2271726e-02   2.9404508e-01   4.0022366e-01  -5.6240285e-03  -6.4393534e-04   8.5589310e-04
   5.0480748e-03   2.8475157e-01   3.7453918e-01  -6.6791779e-03  -5.2672877e-04   8.7104184e-04
  -7.8915883e-03   2.6588227e-01   4.5577215e-01  -7.1620663e-03  -1.4433634e-04   6.3593925e-04
  -5.2946240e-03   3.1117418e-01   4.0091827e-01  -5.2733000e-03  -5.6185392e-04   7.6667448e-04
  -1.6212854e-02   2.2844603e-01   2.6078271e-01  -7.2102656e-03  -3.8395808e-05   5.8830662e-04
  -5.1254410e-03   2.0314637e-01   2.5682164e-01  -6.2876080e-03  -2.3292346e-04   5.5945589e-04
  -6.5438722e-03   2.5147185e-01   2.9918835e-01  -6.2558145e-03  -5.3156905e-05   5.7517754e-04
  -1.8735592e-02   2.5050640e-01   3.0106526e-01  -6.3138875e-03  -2.3853213e-04   3.4104236e-04
  -1.1844136e-02   2.7538039e-01   4.9472482e-01  -5.6903589e-03  -1.4661856e-04   4.3538932e-04
   7.1043851e-03   1.8699177e-01   2.6295024e-01  -6.6270915e-03  -1.3147607e-04   1.0899325e-03
   7.0926978e-04   2.1791764e-01   2.8190571e-01  -6.6529728e-03  -1.0644946e-04   1.0179583e-03
   6.9001557e-03   2.4688355e-01   3.3326598e-01  -7.0196771e-03  -1.4059706e-04   9.2455248e-04
   5.1028366e-03   2.1059307e-01   2.8084735e-01  -6.3738427e-03  -4.6753057e-04   5.7484031e-04
   1.2891024e-03   2.1987613e-01   2.7409239e-01  -7.4114007e-03  -3.3612361e-04   7.0816457e-04
   8.4769308e-03   2.0020374e-01   2.6967789e-01  -6.7752958e-03  -6.3173794e-04   6.9524569e-04
   5.5760569e-03   2.3479185e-01   3.3767828e-01  -7.1529736e-03  -4.0953252e-04   7.5876117e-04
   2.2203503e-03   2.0885840e-01   2.8475884e-01  -6.6264724e-03  -5.5969447e-04   6.0396447e-04
  -2.2229108e-03   2.2829583e-01   2.9330485e-01  -7.4404836e-03  -3.1486980e-04   7.7184010e-04
   6.3321995e-03   2.4422238e-01   3.2539751e-01  -5.3505249e-03  -5.7092447e-04   9.8557598e-04
   4.5186038e-03   2.7518817e-01   3.7988872e-01  -6.6266343e-03  -3.0244206e-04   6.3296170e-04
   3.1168842e-03   2.4254945e-01   3.1265534e-01  -6.7245854e-03  -3.6302309e-04   5.9789853e-04
   1.1549412e-03   2.4596026e-01   2.9620714e-01  -7.3878401e-03  -2.5125251e-04   9.0690332e-04
  -6.5835866e-03   2.3674323e-01   3.0727953e-01  -7.4938200e-03  -4.4587160e-05   7.4223540e-04
  -1.6484429e-03   2.5804640e-01   3.0611793e-01  -6.0832446e-03  -4.1888363e-04   8.9404119e-04
  -6.5805338e-03   2.3914328e-01   2.6315724e-01  -6.8372188e-03  -2.0676350e-04   5.7111743e-04
  -2.3836291e-03   2.1763328e-01   2.3788961e-01  -7.2674614e-03  -6.0422957e-05   6.9756009e-04
   5.3865341e-03   2.4376669e-01   3.2493904e-01  -7.4687709e-03  -2.5807068e-04   8.5136820e-04
   2.1444565e-02   2.9930500e-01   5.0257630e-01  -5.2331859e-03  -8.4699491e-04   6.1673901e-04
   1.2698760e-02   2.5010105e-01   2.9767220e-01  -7.1459848e-03  -2.7045384e-04   8.5079045e-04
   2.5673964e-02   2.5579386e-01   4.5698902e-01  -7.3812997e-03  -6.1661987e-04   7.3635358e-04
   2.7073219e-02   2.7646757e-01   4.6715258e-01  -5.9939622e-03  -5.5068676e-04   6.5183037e-04
   4.8126160e-02   2.4314668e-01   3.5827465e-01  -5.9435457e-03  -9.5803949e-04   4.0522937e-04
   3.3941353e-02   2.6802808e-01   3.5138110e-01  -7.4036203e-03  -6.7936977e-04   7.3740638e-04
   3.7022783e-02   3.1963322e-01   4.4449424e-01  -8.7832677e-03  -7.2377944e-04   7.1219256e-04
   4.3730720e-02   2.8881447e-01   3.9183476e-01  -7.6262485e-03  -1.1680485e-03   8.2123825e-04
   4.1965255e-02   2.9496818e-01   3.6102252e-01  -9.0866792e-03  -7.7805002e-04   9.1082599e-04
   3.7347894e-02   2.9356442e-01   4.1002900e-01  -8.9417397e-03  -6.9081531e-04   7.9986323e-04
   3.8586717e-02   2.9593157e-01   4.3303561e-01  -8.2950091e-03  -1.0026599e-03   5.9167233e-04
   3.2922706e-02   3.0464947e-01   3.8265957e-01  -9.4177396e-03  -8.3477103e-04   3.4063459e-04
   3.0249959e-02   1.9968778e-01   3.1911323e-01  -7.3366587e-03  -9.1461238e-04   4.5394870e-04
   1.5182948e-02   1.9228889e-01   2.0724524e-01  -7.1528259e-03  -6.6962486e-04   6.1634058e-04
   1.7211804e-02   2.4090159e-01   3.3137864e-01  -8.2150103e-03  -7.8027615e-04   6.2234395e-04
   2.2737459e-02   2.4428475e-01   3.4989072e-01  -7.2589650e-03  -1.0780254e-03   4.6823754e-04
   1.7197479e-02   2.5574471e-01   2.7159737e-01  -7.5741991e-03  -9.4112942e-04   6.1259544e-04
   2.3243055e-02   2.4484098e-01   2.9682096e-01  -7.9595774e-03  -1.0461662e-03   6.3450150e-04
   1.9331340e-02   2.8988094e-01   3.7592596e-01  -7.4436136e-03  -1.0151934e-03   5.8414660e-04
   1.6257938e-02   2.7269828e-01   2.9885826e-01  -8.0616684e-03  -8.8844972e-04   4.4313061e-04
   1.9135153e-02   2.4646193e-01   2.6978522e-01  -8.4555221e-03  -8.5795122e-04   6.6282499e-04
   2.0725080e-02   3.0875153e-01   4.2954303e-01  -8.3893485e-03  -1.0278178e-03   6.0140417e-04
   1.3604854e-02   2.5053979e-01   3.3062792e-01  -8.5059634e-03  -8.6876627e-04   3.9567766e-04
   1.9218300e-02   2.5371996e-01   2.4796523e-01  -8.3956210e-03  -6.1386273e-04   9.0649761e-04
   1.6387282e-02   3.1250108e-01   4.0084266e-01  -8.6145913e-03  -6.8871065e-04   6.5560417e-04
   2.3698335e-02   2.4599605e-01   2.9569280e-01  -7.4644172e-03  -1.2096755e-03   4.8487300e-04
   2.6504393e-02   2.6317470e-01   2.9777656e-01  -8.7651866e-03  -1.0056941e-03   7.3735569e-04
   1.8095261e-02   3.0422999e-01   3.8016766e-01  -8.4734982e-03  -8.1358515e-04   6.1302575e-04
   1.3730223e-02   2.7652137e-01   3.6494560e-01  -8.1470690e-03  -6.9809855e-04   4.4518145e-04
   1.6282847e-02   2.7694613e-01   3.3709491e-01  -8.9550950e-03  -5.1520476e-04   7.8044500e-04
   1.3857117e-02   2.9959844e-01   4.3324836e-01  -8.3973813e-03  -6.3421024e-04   3.7500597e-04
   1.2644477e-02   3.2946450e-01   4.6218041e-01  -8.3236925e-03  -8.2738934e-04   3.7745069e-04
   3.5544476e-03   2.8968155e-01   3.3644869e-01  -9.1491925e-03  -8.1029478e-04   5.9708467e-04
   8.7758514e-03   3.0221014e-01   4.0476681e-01  -9.5778860e-03  -8.0457895e-04   5.1177584e-04
  -2.0700422e-04   3.1876242e-01   4.5414708e-01  -8.1781472e-03  -7.7781349e-04   4.9327200e-04
  -5.1728316e-03   2.9103782e-01   3.2261594e-01  -8.2464801e-03  -8.4428827e-04   3.8801679e-04
   4.8604852e-03   2.6954430e-01   3.0784283e-01  -8.9961110e-03  -7.2445407e-04   4.5863542e-04
   3.1772866e-03   3.0553161e-01   4.1836622e-01  -8.4296948e-03  -7.9096908e-04   3.5842180e-04
   7.0758434e-03   3.1493081e-01   3.8506381e-01  -7.7942309e-03  -8.3780564e-04   3.5426109e-04
   1.7250578e-02   2.9172477e-01   3.1202181e-01  -8.6365001e-03  -8.7106673e-04   6.4738700e-04
   1.3224982e-02   3.2475001e-01   4.6040405e-01  -8.8432434e-03  -5.0124227e-04   4.6788808e-04
   1.6956510e-02   2.9440313e-01   3.5505242e-01  -7.4263765e-03  -1.0302705e-03   3.5560833e-04
   1.1962090e-02   2.8742355e-01   2.9610408e-01  -7.8806669e-03  -7.6343345e-04   6.0767398e-04
   7.0158363e-03   3.2922840e-01   4.5726178e-01  -8.9513369e-03  -4.1926924e-04   5.2649181e-04
   1.4384021e-02   3.2516343e-01   3.8952286e-01  -8.1970063e-03  -8.4443043e-04   2.6208746e-04
   1.5469687e-02   2.6044187e-01   3.0022204e-01  -8.7651426e-03  -5.5673017e-04   5.8758022e-04
   1.7303593e-02   2.8787384e-01   3.5699731e-01  -8.8776389e-03  -6.6653375e-04   5.2965233e-04
   2.1233568e-02   3.1821377e-01   3.6025658e-01  -7.3033328e-03  -7.9182207e-04   7.1892066e-04
   1.2850051e-02   2.7558664e-01   2.8497351e-01  -7.8442702e-03  -7.7064000e-04   6.4665712e-04
   1.8595236e-02   2.6324023e-01   3.1608060e-01  -8.8050049e-03  -9.1922521e-04   5.8348896e-04
   7.2597606e-03   3.0073951e-01   3.6943584e-01  -8.4607576e-03  -6.8181088e-04   5.7962478e-04
   1.2208838e-02   2.6551050e-01   2.9567729e-01  -7.4715784e-03  -1.0045133e-03   4.7757596e-04
   2.7767520e-03   2.8111881e-01   2.3855327e-01  -7.5897226e-03  -5.5866257e-04   7.3250619e-04
   3.6906123e-02   3.4544807e-01   3.8769967e-01  -8.9074953e-03  -9.9577114e-04   4.5064115e-04
   2.9833589e-02   2.9935343e-01   3.4971283e-01  -8.0309610e-03  -1.2068659e-03   4.5475757e-04
   2.9138431e-03   2.7903360e-01   2.6763293e-01  -8.5212084e-03  -6.8553676e-04   2.8639363e-04
   8.4616559e-03   3.2151671e-01   4.5375113e-01  -8.3113530e-03  -5.4623938e-04   2.7133403e-04
   2.9107679e-03   3.0472940e-01   3.5384984e-01  -7.1114685e-03  -6.8595195e-04   2.2734111e-04
   3.5511656e-04   2.7101351e-01   2.8944490e-01  -6.9989886e-03  -6.9853122e-04   6.5201821e-04
  -4.1574143e-02   2.8215077e-01   3.2724777e-01  -9.1844020e-03   3.7588263e-04  -9.2421559e-05
  -4.0075318e-02   2.6448558e-01   3.6678444e-01  -8.7699881e-03  -2.8945072e-04  -3.0986487e-05
