   0.0000000e+00   0.0000000e+00   0.0000000e+00   0.0000000e+00   0.0000000e+00   0.0000000e+00
   2.4721053e-01   1.7367560e-01  -1.8846502e+00   8.7262492e-03   8.0549165e-04   6.0359490e-03
   1.7709828e-01   1.1856976e-01  -8.7594462e-01   7.8015028e-03  -1.3119844e-03   3.6615642e-03
  -1.3687007e-02   1.9267665e-01  -1.6187898e+00   6.7109101e-03  -1.1661795e-03   1.4892331e-03
  -2.0710182e-02   2.3266636e-01  -1.9113708e+00   8.1953157e-03  -5.3642116e-05   1.3622988e-03
   4.6692388e-02   2.2038764e-01  -1.0802090e+00   9.3149276e-03  -9.2211975e-04   1.3571886e-03
   3.7672669e-02   1.9810455e-01  -1.5609622e+00   9.4471810e-03  -1.3842898e-05   1.8677384e-03
   1.6428687e-01   1.4928337e-01  -8.2561555e-01   9.2328035e-03  -2.5651051e-03   3.2997471e-03
   4.6315709e-02   1.9515155e-01  -1.8774758e+00   1.2894350e-02  -3.3648523e-03   2.4493265e-03
   1.5560144e-01   3.4996403e-01  -2.3270560e+00   2.1015951e-02  -2.8942993e-03   4.0017688e-03
   1.6874331e-01   2.2935697e-01  -2.0778706e+00   2.0848246e-02   2.8868503e-04   3.9095328e-03
   7.0954786e-02   3.6489973e-01  -1.6421595e+00   1.8986485e-02   1.5580801e-03   2.1848639e-03
   5.9379462e-02   2.0887407e-01  -2.3609257e+00   2.1606167e-02  -4.2988702e-04   1.7914022e-03
   5.0339129e-02   2.1999362e-01  -2.4279542e+00   2.0121814e-02  -4.2805797e-05   1.3920252e-03
   1.6532390e-01   1.8177824e-01  -1.7007122e+00   1.8160227e-02  -3.3489760e-03   2.1060823e-03
   1.1303707e-01   2.0964893e-01  -2.1272519e+00   1.8852266e-02   3.3915989e-04   1.6416297e-03
   1.5085579e-01   1.7273810e-01  -1.5671533e+00   1.5880296e-02  -8.4693333e-04   2.4282302e-03
   1.6917942e-01   2.8180903e-02  -8.1245173e-01   1.0397688e-02  -4.5290862e-04   1.9916506e-03
   1.7849751e-01   3.8287525e-01  -1.1904144e+00   1.1407196e-02  -2.4245714e-03  -1.5138075e-03
   4.4058700e-02   1.1062537e-01  -1.7633376e+00   1.5858994e-02  -4.8562972e-04  -1.4143292e-03
   5.5223821e-02   2.6968136e-01  -1.8397467e+00   1.4904103e-02   2.2648650e-04   2.3499812e-05
   4.5819422e-02   1.2723764e-01  -1.5297156e+00   1.5849032e-02  -3.3127085e-04   2.7756925e-04
  -1.8940262e-02   2.2808613e-01  -2.3563519e+00   1.8746195e-02  -2.5691554e-04  -1.6150326e-04
   2.8684234e-02   2.4159387e-01  -2.7202232e+00   1.3817019e-02  -4.4840795e-03  -6.8069634e-04
  -3.8480231e-02   1.3338269e-01  -2.8621288e+00   1.8091243e-02  -3.0123847e-03  -7.6253203e-04
   8.3627163e-03   1.3190492e-01  -2.8571354e+00   2.1078114e-02  -1.9442372e-03   1.5484516e-03
  -1.4151761e-02   3.3159599e-01  -2.1814057e+00   1.9835943e-02  -1.0926788e-03   5.2541251e-04
  -7.2926961e-02   2.9698837e-01  -1.9548530e+00   1.8775990e-02  -3.3310653e-03  -1.4021274e-03
  -2.7649683e-01   1.7736594e-01  -1.5228410e+00  -1.7353871e-03  -8.0812611e-03  -3.7251307e-03
  -2.0397274e-01   1.9613002e-01  -1.5339964e+00   1.6433728e-02  -1.4774910e-03  -2.6335973e-03
  -1.8573270e-01   3.1446251e-01  -1.8674884e+00   1.6979865e-02  -2.7992371e-04  -2.9086992e-03
   1.4476002e-02   2.9772361e-01  -1.4522239e+00   1.4775432e-02  -2.1023510e-03  -4.6212000e-04
  -1.1448822e-01   1.3398759e-01  -1.3064516e+00   1.1015401e-02  -9.3883068e-04  -2.1827416e-03
  -1.1764176e-01   1.7723939e-01  -1.5287667e+00   1.5070176e-02  -9.2438028e-04  -1.5210023e-03
   3.1652048e-04   1.8809579e-01  -9.7915165e-01   1.3628959e-02  -3.3760411e-03  -7.6264239e-04
  -7.1714738e-02   1.4715181e-01  -9.2127004e-01   1.2516297e-02  -2.3163367e-03  -2.1715622e-03
  -1.5288897e-01   2.7940473e-01  -1.2328710e+00   1.5469771e-02  -4.5909187e-04  -1.9567017e-03
  -1.7073933e-01   3.4583011e-01  -1.7404591e+00   1.9448569e-02  -4.8003001e-04  -2.5178046e-03
  -1.2661101e-01   2.5757487e-01  -2.1206936e+00   2.2113612e-02  -1.4947313e-03  -1.5657229e-03
  -7.4032678e-02   1.7613352e-01  -1.2462165e+00   1.7355120e-02  -2.6177136e-03  -1.6636824e-03
   1.5166015e-02   2.6693068e-01  -1.4892736e+00   1.5929296e-02  -2.7708094e-03  -9.9173203e-04
   6.5415442e-02   1.8796744e-01  -1.7822329e+00   2.0872896e-02  -4.0947080e-03   1.0425418e-03
  -1.6621794e-02   7.5782026e-02  -1.6407293e+00   2.2592998e-02  -8.6494442e-03   2.7867892e-03
  -1.8904997e-01  -3.3155453e-02  -5.6077224e-01   1.1016855e-02  -6.4187382e-03   1.0796416e-04
  -1.7849407e-01   3.2778404e-01  -2.0926204e+00   2.4535517e-02  -3.8025651e-03   1.5860772e-04
  -8.4113539e-02   1.6422747e-01  -1.7930644e+00   2.1068735e-02  -3.6182894e-03   5.1757224e-04
   2.3429763e-01   2.1761812e-01  -2.1316107e+00   2.4269282e-02  -4.5999114e-03   3.9859550e-03
   7.5809903e-02   2.7971721e-01  -1.8305537e+00   2.2067416e-02  -2.4359675e-03   1.2061342e-03
   1.0330310e-02   2.1917614e-01  -1.9622434e+00   2.2971273e-02  -1.8628232e-03   1.1156773e-03
   1.6034675e-01   2.2065749e-01  -1.9061152e+00   2.4270670e-02  -3.5305624e-03   3.0964822e-03
   2.5201992e-01   1.8789338e-01  -1.6114452e+00   2.3938324e-02  -4.8403470e-03   4.1070678e-03
   2.5819534e-01   1.3231276e-01  -1.6144353e+00   2.1657856e-02  -2.2205263e-03   4.2006102e-03
   1.0651240e-01   1.7507286e-01  -2.0377197e+00   2.2102117e-02  -1.6536331e-03   2.9292805e-03
   1.0278647e-01   2.1619521e-01  -1.8472022e+00   2.2283275e-02  -2.3046017e-03   2.6099671e-03
   6.9072340e-02   2.1487171e-01  -2.0380663e+00   2.2035363e-02  -1.6181602e-03   2.9294599e-03
   2.5390067e-03   4.2481379e-01  -1.2047634e+00   1.8162599e-02  -2.8646443e-03   1.1819738e-03
   7.8065968e-02   2.1961928e-01  -2.0952947e+00   2.3379223e-02  -2.7004192e-03   2.9768968e-03
   3.0085053e-02   3.1003182e-01  -2.2411762e+00   2.1337822e-02  -2.4493190e-03   2.2715513e-03
  -1.2178468e-01   4.5533749e-01  -1.7794838e+00   2.1061459e-02  -3.4234333e-03   5.0871805e-04
  -7.9102950e-02   1.9843752e-01  -1.8474496e+00   2.0480760e-02  -1.9251007e-03   7.2457431e-04
  -1.1251105e-02   2.4586469e-01  -1.9908071e+00   2.1092336e-02  -3.2517230e-03   1.6169036e-03
  -3.2052181e-01   3.4033495e-01  -2.5444218e+00   2.1593055e-02  -3.2636075e-03  -6.1445115e-04
  -3.6369316e-01   4.7259131e-01  -2.3990857e+00   1.9649235e-02   1.3299654e-04  -2.0775202e-03
  -2.8501053e-01   7.6176945e-02  -2.1569915e+00   8.9042492e-03  -9.5675833e-04  -2.5201824e-03
  -1.9848538e-01   5.0930759e-01  -1.8880909e+00   1.7881006e-02   8.4599133e-04  -2.0170615e-03
  -1.3977251e-01   2.9072251e-01  -2.3722848e+00   2.1586582e-02   7.8064952e-04  -8.7591769e-04
   1.3417039e-03   3.2216428e-01  -1.9906288e+00   2.1411718e-02  -1.9641874e-03   5.7095919e-04
  -9.4703037e-02   3.5412394e-01  -1.6811402e+00   1.7043390e-02  -3.0832271e-04  -7.4441820e-04
  -3.9745658e-03   3.1228027e-01  -2.4866939e+00   2.2923520e-02  -2.0034910e-03   7.3762566e-04
   8.7535224e-02   2.9656863e-01  -1.8759803e+00   2.3262919e-02  -3.5157050e-03   1.6228566e-03
   5.2517827e-02   1.5561869e-01  -1.7578767e+00   2.2210765e-02  -2.1683813e-03   5.2342643e-04
   4.9159723e-02   2.4472997e-01  -1.8533184e+00   2.1975356e-02  -2.0135408e-03   1.0231015e-03
   1.4909125e-02   2.2259983e-01  -1.9545713e+00   2.3795388e-02  -1.9848606e-03   5.5730166e-04
   1.2853879e-01   2.7263887e-01  -2.0209840e+00   2.4398719e-02  -2.0110183e-03   1.9300829e-03
   1.2706529e-01   6.9960457e-02  -1.0600179e+00   1.9747213e-02  -5.0716230e-03   1.5122496e-03
   1.8893739e-02   2.4843334e-01  -1.0501531e+00   1.9355296e-02  -1.8875865e-03   3.0768186e-05
   9.7458172e-03   2.7928409e-01  -1.6830084e+00   2.2474521e-02  -1.2243915e-03   2.2095734e-04
   6.2081275e-01   1.7924258e-01  -1.2548437e+00   2.2561048e-02  -7.6250155e-03   8.2311510e-03
   5.3464083e-01  -5.4729317e-02  -1.3722942e+00   2.5057936e-02  -6.0237779e-03   7.5344007e-03
   6.3242625e-01  -1.4807104e-02  -1.3129889e+00   2.3572879e-02  -2.2777866e-03   7.0636562e-03
   3.9817859e-01   8.9371084e-02  -1.7570311e+00   2.4514545e-02  -4.1348710e-03   5.5951797e-03
   6.4788551e-01  -2.2225275e-01  -1.1283405e+00   2.3840117e-02  -1.9833710e-03   6.6011517e-03
   2.9033106e-01   1.6099935e-01  -1.9204581e+00   2.1335891e-02   1.8306776e-05   4.3388154e-03
   2.6488342e-01   7.4566362e-02  -1.8561307e+00   2.5110137e-02  -2.3227689e-03   3.6116241e-03
   2.7847699e-01   7.3617140e-02  -1.4125933e+00   2.4406311e-02  -2.8839455e-03   3.2230018e-03
   2.0480940e-01   7.1287621e-02  -2.0951196e+00   2.8092509e-02  -3.5350954e-03   2.9180784e-03
   4.4637107e-01   1.4390984e-01  -1.8420867e+00   2.6184152e-02  -3.2833821e-03   4.9163178e-03
   4.1388662e-01   3.0930598e-03  -1.4217697e+00   2.4479857e-02  -5.4387893e-03   3.9948823e-03
   4.0070101e-01  -8.8899241e-03  -1.6776002e+00   2.4151618e-02  -3.8866807e-03   3.4365493e-03
   1.8040672e-01   1.2668104e-01  -2.1765763e+00   2.5934043e-02  -2.7216442e-03   2.2826925e-03
   1.9582468e-01   1.8085305e-01  -2.4328773e+00   2.7914419e-02  -2.0104170e-03   2.7102228e-03
   2.2014508e-01   2.0915587e-01  -2.3457269e+00   2.8612535e-02  -1.1867447e-03   3.1010565e-03
   2.0265015e-01   1.8992672e-01  -2.3567122e+00   2.9285973e-02  -1.6997472e-03   3.2776602e-03
   3.9375664e-01   2.8029839e-01  -2.0857322e+00   2.7247626e-02  -3.7481039e-03   4.9782782e-03
   2.5083547e-01   1.3919139e-01  -1.8417103e+00   2.4800802e-02  -5.0853332e-03   3.4701718e-03
   3.2791600e-01   6.4847193e-02  -2.0683415e+00   2.5847691e-02  -3.6285167e-03   4.6147564e-03
   3.7979725e-01   6.1476730e-02  -1.6179736e+00   2.3012831e-02  -4.8499959e-03   6.0908797e-03
   2.3781127e-01   5.7294707e-02  -1.1179739e+00   1.6707729e-02  -4.1509210e-03   4.2175690e-03
   2.7865434e-01   1.0862076e-01  -1.8553862e+00   2.4753924e-02  -2.2947388e-03   5.3666891e-03
   2.7112686e-01   1.5298750e-01  -1.8208664e+00   2.4551119e-02  -2.5101174e-03   5.1942752e-03
   1.9642450e-01   4.7962799e-02  -1.7768020e+00   2.4586007e-02  -3.2058552e-03   4.2466889e-03
   2.5918938e-01   8.2136638e-02  -2.1328664e+00   2.6662540e-02  -3.0154852e-03   4.7338501e-03
   2.9889042e-01   1.1979400e-01  -1.8887190e+00   2.7049794e-02  -3.4735317e-03   4.7916415e-03
   2.2170490e-01   1.3504697e-01  -2.2382555e+00   2.9108314e-02  -2.1474599e-03   4.4634034e-03
   2.9096565e-01   9.5983640e-02  -2.0861411e+00   2.9454316e-02  -1.6763221e-03   5.1536417e-03
   3.7005528e-01   9.0613635e-02  -2.0264285e+00   2.7704450e-02  -2.2966825e-03   5.8500865e-03
   3.7477322e-01   1.1976882e-01  -1.7814091e+00   2.7443329e-02  -2.1710907e-03   3.8119331e-03
   1.9909622e-01   6.8158813e-02  -2.1252749e+00   2.8213384e-02  -2.4628991e-03   3.2879087e-03
   2.7324348e-01   1.3494271e-01  -2.1027518e+00   2.8793115e-02  -1.9347608e-03   4.5636556e-03
   4.4268377e-01   1.9530045e-01  -1.6338468e+00   2.6238354e-02  -1.6629308e-03   7.1642853e-03
   3.0653702e-01   2.4873827e-02  -1.5834595e+00   2.4013880e-02  -2.4231822e-03   4.4711587e-03
   2.6673499e-01   1.1337641e-01  -2.1206990e+00   2.8353588e-02  -2.1647907e-03   4.3486932e-03
   2.7028388e-01   2.5377897e-02  -2.0399280e+00   2.7128157e-02  -1.7092271e-03   4.3590519e-03
   2.5475666e-01   1.3507158e-01  -2.2231232e+00   2.8646973e-02  -1.3511483e-03   3.8395747e-03
   2.3890961e-01   1.6137007e-01  -2.1737316e+00   2.7874066e-02  -1.2453503e-03   4.0501711e-03
   2.3917325e-01   1.3971744e-01  -2.1691721e+00   2.7670800e-02  -9.4771086e-04   3.6856317e-03
   1.1923430e-01   1.9750427e-01  -2.2688799e+00   2.6526227e-02  -1.4156073e-03   2.2567264e-03
   1.1920948e-01   2.1892565e-01  -2.3733369e+00   2.6124809e-02  -1.2361971e-03   2.6410401e-03
   1.1481033e-01   2.6125558e-01  -2.3476993e+00   2.5557618e-02  -1.3432313e-03   2.6083752e-03
   1.8327867e-01   2.3441929e-01  -2.0853239e+00   2.4659224e-02  -2.7075337e-03   2.9689030e-03
   1.1266765e-02   2.1879174e-01  -2.3726158e+00   2.6070140e-02  -9.8969676e-04   2.0779318e-03
   1.0706350e-02   2.5915963e-01  -2.2824959e+00   2.5881375e-02  -2.0362870e-03   2.2297812e-03
   5.2450221e-02   2.6298936e-01  -2.1876722e+00   2.5723363e-02  -1.9068575e-03   2.2348220e-03
   9.0746187e-02   2.4225507e-01  -2.1485144e+00   2.5757671e-02  -3.2218987e-03   2.3865033e-03
   1.8290549e-01   2.2490585e-01  -1.5529410e+00   2.0560949e-02  -7.7985798e-03   4.3150885e-03
  -3.3136327e-01   1.0702856e-01  -1.6213679e+00   1.8468200e-02   1.1651690e-03  -8.8358766e-04
  -2.1234505e-01   3.0923049e-01  -1.9148343e+00   2.2119189e-02  -5.2734763e-03  -5.6695261e-04
  -2.7653397e-01   2.1165213e-01  -1.7560835e+00   2.0305655e-02  -5.3707901e-03  -1.0554628e-03
  -2.5915169e-01   2.5904244e-01  -1.9842525e+00   2.0926669e-02  -6.3802592e-03   1.3778375e-04
  -2.2993596e-01   2.9185421e-01  -1.7295878e+00   2.0951546e-02  -7.1263499e-03   6.2302331e-04
  -2.4322758e-01   2.2198764e-01  -1.9390821e+00   2.1573067e-02  -6.1931588e-03   7.8080368e-04
  -1.9358907e-01   2.8748066e-01  -1.9789553e+00   2.3269337e-02  -7.3400228e-03   1.6975475e-03
  -2.6641616e-01   3.2029653e-01  -2.2642760e+00   2.4779870e-02  -6.4554080e-03   5.2062729e-04
  -3.1580074e-01   3.4272822e-01  -2.4214839e+00   2.6402035e-02  -7.5216471e-03  -1.0749023e-03
  -1.7638716e-01   3.3977807e-01  -2.0737678e+00   2.6393120e-02  -9.4109653e-03   8.3251247e-04
  -2.1261915e-01   2.3541138e-01  -2.4080975e+00   2.8218490e-02  -7.3803918e-03  -6.0759762e-04
  -2.1478295e-01   1.8867385e-01  -2.3000908e+00   2.8346008e-02  -6.7897597e-03  -5.4439973e-04
  -2.4122406e-01   2.4785907e-01  -2.2399539e+00   3.0026411e-02  -8.0457590e-03  -7.2472583e-04
  -2.8820287e-01   3.1746842e-01  -2.4767174e+00   2.9566900e-02  -7.5762311e-03  -1.3095902e-03
  -1.3880321e-01   2.2128506e-01  -2.3124848e+00   2.9929545e-02  -9.4273219e-03   7.9092978e-04
  -5.9374268e-02   3.0078449e-01  -2.2841008e+00   2.9794129e-02  -9.4067517e-03   4.0166798e-04
  -1.3169051e-01   2.2419773e-01  -2.2727695e+00   2.9583949e-02  -8.1465701e-03  -1.7080460e-04
  -7.0383053e-02   1.8842141e-01  -2.2384051e+00   2.7999759e-02  -9.4607228e-03   1.3738204e-03
   5.7576911e-02   1.9549883e-01  -1.9271754e+00   2.5163640e-02  -1.1527645e-02   2.6807140e-03
  -1.6145794e-01   3.8357390e-01  -2.2234394e+00   2.2863978e-02  -1.0015583e-02  -5.3449693e-04
  -2.1256834e-01   1.9009116e-01  -2.0275847e+00   2.2457162e-02  -9.9342706e-03  -6.7157195e-04
  -1.8635321e-01   3.1235450e-01  -2.4128186e+00   2.7026113e-02  -9.9232618e-03  -6.8233387e-04
  -9.8814449e-02   2.7019320e-01  -2.2768742e+00   2.6343003e-02  -1.0843879e-02   4.4396789e-04
  -1.6171868e-01   3.1340947e-01  -2.2278091e+00   2.4981641e-02  -1.1223688e-02  -1.0522069e-03
  -1.3749182e-01   2.4926391e-01  -2.5062541e+00   2.9832649e-02  -9.5631291e-03  -1.9287892e-03
  -2.7343261e-02   2.1331583e-01  -1.9581092e+00   2.7326296e-02  -1.0674824e-02  -2.0767243e-04
  -1.2386849e-01   2.2468281e-01  -2.2574042e+00   2.8778252e-02  -8.7759940e-03  -7.4562350e-04
  -1.0026422e-01   1.5413234e-01  -1.9800601e+00   2.7551925e-02  -9.0129396e-03   2.5705016e-04
  -2.9403039e-02   1.8784208e-01  -2.1607353e+00   2.7008010e-02  -1.0679202e-02   5.3164536e-04
  -5.0938647e-02   1.1271176e-01  -1.3500295e+00   2.2342687e-02  -1.0121034e-02   7.7835648e-04
  -8.6064333e-02   1.6390501e-01  -2.2788597e+00   2.9957730e-02  -9.8443914e-03  -2.3490030e-04
   3.7631530e-02   2.0766376e-01  -1.9191615e+00   2.8285895e-02  -1.1168249e-02   2.2515840e-03
   9.9796423e-02   1.5405603e-01  -2.0054048e+00   2.5598384e-02  -1.3682991e-02   2.2579631e-03
   1.4617713e-01   1.7713528e-01  -2.2415388e+00   2.8204023e-02  -1.2864398e-02   3.1100418e-03
   1.3687549e-01   2.4661382e-01  -2.2059705e+00   2.8492634e-02  -1.2899831e-02   2.9413856e-03
   1.7359439e-01   2.5893774e-01  -2.0710079e+00   2.5240921e-02  -1.3413729e-02   3.7515487e-03
   6.6390908e-02   1.2999932e-01  -1.8998491e+00   2.5912480e-02  -1.2723701e-02   2.6714023e-03
   1.3590179e-01   1.5549488e-01  -2.2964623e+00   2.9323053e-02  -1.2991633e-02   2.9986489e-03
   1.3736161e-01   1.9813997e-01  -2.2933891e+00   2.9399067e-02  -1.3036110e-02   2.7518553e-03
   1.0634330e-01   1.9230610e-01  -2.0504308e+00   2.8946328e-02  -1.2631773e-02   1.5787365e-03
   6.2890256e-02   1.5082458e-01  -2.2932504e+00   3.0807306e-02  -1.2569873e-02   1.3759982e-03
   5.7606230e-02   2.0281200e-01  -2.3299450e+00   2.8504216e-02  -1.3519905e-02   1.3671937e-03
   5.7773064e-02   1.2015183e-01  -1.6642837e+00   2.5005096e-02  -1.3754696e-02   1.8502410e-03
   5.0888731e-02   2.1594423e-01  -2.1727704e+00   3.0012158e-02  -1.3248434e-02   1.7834319e-03
   8.9774293e-02   1.6492056e-01  -2.1490874e+00   3.0413415e-02  -1.3231262e-02   1.9071771e-03
   3.1709047e-02   1.6209029e-01  -2.1719179e+00   2.9605669e-02  -1.2453937e-02   1.5516969e-03
   9.8812099e-02   2.6607378e-01  -2.1618605e+00   2.9420545e-02  -1.3258344e-02   1.8261667e-03
   6.3046089e-02   8.8656957e-03  -1.5640204e+00   2.5647807e-02  -1.3578699e-02   1.6830766e-03
   1.9770701e-02   1.6530609e-01  -2.3263898e+00   3.2389034e-02  -1.2648436e-02   9.5242126e-04
   4.5477786e-02   1.8097097e-01  -1.2769521e+00   2.6205324e-02  -1.1394459e-02   1.3916909e-03
   1.1038137e-02   1.0558924e-01  -2.0937167e+00   3.1116797e-02  -1.1552474e-02   6.5992357e-04
  -4.1897060e-03   1.7248793e-01  -2.1741451e+00   3.1380454e-02  -1.1359278e-02   4.6386231e-04
   9.5739177e-02   2.2659862e-01  -2.1053522e+00   3.0067850e-02  -1.3611378e-02   1.1919868e-03
   2.2142512e-02   1.5994710e-01  -2.0447458e+00   2.7994713e-02  -1.3101680e-02   4.0911202e-04
  -1.2090812e-02   8.1588651e-02  -1.1978151e+00   2.3131564e-02  -1.1252556e-02   9.5556404e-04
  -3.1982298e-02   1.7515792e-01  -2.1353988e+00   3.0549394e-02  -1.1485981e-02   2.7426235e-04
  -2.8473159e-02   2.0742292e-01  -2.1648344e+00   3.1333278e-02  -1.1375771e-02   5.2558840e-04
  -4.3879904e-02   2.1326073e-01  -2.1738876e+00   3.1053430e-02  -1.1122439e-02  -1.2750551e-05
   4.5353886e-02   2.2173527e-01  -2.0914990e+00   3.0687487e-02  -1.1437069e-02   7.7194901e-04
  -9.8445861e-02   2.3252473e-01  -2.1333799e+00   3.0257577e-02  -1.2582956e-02  -1.4040473e-03
  -2.5969821e-01   2.1364439e-01  -2.6255428e+00   3.1763931e-02  -1.1309170e-02  -2.8157101e-03
  -2.5916755e-01   2.7316847e-01  -2.6393714e+00   3.2640925e-02  -1.1511641e-02  -3.1332023e-03
  -1.4376793e-01   3.2075443e-01  -2.4896449e+00   3.2485974e-02  -1.1564580e-02  -2.0720346e-03
