   0.0000000e+00   0.0000000e+00   0.0000000e+00   0.0000000e+00  -1.7347235e-18   0.0000000e+00
   7.2247885e-04  -2.7918810e-02  -1.2273162e-01   1.2194891e-03   2.3987971e-04  -3.0155237e-05
  -1.0534129e-02   2.1456539e-02   7.4187663e-02   3.1374342e-04   3.7724162e-05  -1.6369277e-04
   1.2747907e-02  -4.1186308e-02   2.8560995e-02   1.5554381e-03  -1.1873524e-04   5.5055394e-05
   8.9670076e-03   2.5217546e-02   9.1147637e-02   6.6869737e-04   5.6600373e-05   1.7217252e-04
   7.7571273e-03  -2.3927957e-02   1.3863447e-02   1.6663784e-03   1.2060991e-06   1.7118496e-04
  -2.3435538e-03   3.6406529e-02   4.4625207e-02   8.8616368e-04   1.7899801e-04   1.1306332e-04
  -4.0213218e-03   2.5267266e-02   5.4486308e-02   1.5595051e-03  -1.9834467e-05   1.6495695e-04
   2.6818661e-03   2.1861257e-02   1.6127616e-02   1.5189762e-03   5.9908061e-05   2.1176790e-04
  -4.6893758e-03   4.2499625e-02   8.8054435e-02   1.1735668e-03  -1.1525760e-04   1.8809256e-04
  -3.3522812e-03   2.5208619e-03  -1.5424233e-02   2.0160550e-03  -7.7642534e-05   1.0920807e-04
  -4.9355324e-03   5.4684470e-02   8.8542835e-02   1.0529787e-03  -3.0495564e-04   2.4578384e-04
  -3.2907124e-03  -5.3949235e-03  -2.8100679e-02   1.9869273e-03  -3.3067527e-04   2.0916233e-04
  -4.4861969e-03   6.4195688e-02   5.2554814e-02   1.0436576e-03  -2.8430705e-04   2.7221011e-04
   4.2304159e-04   9.5768409e-03  -2.3667703e-02   1.9257555e-03  -3.7794133e-04   1.4768664e-04
  -5.3605520e-03   3.9769424e-02  -1.2950320e-02   1.2931495e-03  -1.9741880e-04   1.6945056e-04
  -8.6315910e-03   2.0914371e-02   1.8716769e-02   1.2541469e-03  -2.6214957e-04   6.0623631e-05
  -9.3517987e-03   4.2796441e-03  -1.8588225e-02   1.5943760e-03  -1.1600170e-04   1.3425727e-04
  -1.7852846e-02   5.3313012e-02   4.8161000e-02   9.8931836e-04  -2.2873165e-04   1.1087160e-04
  -1.8202543e-02   8.1331449e-03  -6.7722176e-02   2.0055044e-03  -1.0927693e-04   1.5488575e-04
  -1.9973837e-02   8.0394576e-02   3.0220818e-02   8.9668282e-04  -6.8374425e-05   2.6367983e-04
  -1.3033075e-02   3.1417635e-02  -3.6046776e-02   1.7967485e-03  -1.3842902e-04   2.3301368e-04
  -2.1740319e-02   6.4737071e-02  -4.6946301e-02   1.4386333e-03  -3.5902944e-05   2.1382018e-04
  -1.8559023e-02   5.2552339e-02   8.0016290e-04   1.7186212e-03  -2.1505475e-04   2.4553590e-04
  -1.1140492e-02   2.7347801e-02  -9.6805843e-02   2.0040471e-03  -6.3181112e-05   3.1812652e-04
  -2.2936769e-03   4.4234801e-02   5.2979947e-02   1.0937743e-03  -5.8490399e-05   4.5140760e-04
  -1.6839961e-02   1.4564240e-04  -9.3652603e-02   2.1753339e-03   4.8373522e-05   2.1464803e-04
  -2.7322767e-02   5.9502264e-02   1.0706124e-02   1.2951049e-03  -9.4956953e-05   1.4486256e-04
  -6.7846154e-03  -1.0504127e-02  -1.0117222e-01   2.5274928e-03   9.1315350e-05   2.4722264e-04
  -2.4834482e-02   6.9841164e-02  -1.7344571e-02   1.8101377e-03   1.6184197e-04   2.0433457e-04
  -3.1698430e-02   2.9203200e-02  -8.3851106e-02   2.7464113e-03  -2.2189678e-05   1.6273985e-04
  -3.1353958e-02   6.6872235e-02  -5.7191571e-02   2.0010322e-03   1.7178481e-04   2.5202344e-04
  -3.3327000e-02   4.3266427e-02  -4.6443376e-02   2.3423539e-03   2.2501189e-05   2.2005802e-04
  -2.5136150e-02   3.3373953e-02  -9.5719676e-02   2.3597652e-03   3.7711469e-04   2.0870218e-04
  -4.3172511e-02   5.3730521e-02   3.7761143e-02   1.9682849e-03   3.6825629e-04   8.3069750e-05
  -2.7605097e-02   7.9462614e-03  -1.0703262e-01   2.9995692e-03   4.0888513e-04   2.2931745e-04
  -4.1325679e-02   5.8684429e-02   4.1641997e-02   2.0063879e-03   3.1332119e-04   1.1766360e-04
  -2.8620877e-02  -1.3846207e-02  -7.8515144e-02   3.1684693e-03   3.8554276e-04   2.2349588e-04
  -3.5328940e-02   5.5733230e-02   2.1981397e-02   1.8110351e-03   4.0660101e-04   1.4775496e-04
  -2.9197239e-02  -6.0362023e-03  -7.3686620e-02   3.0094513e-03   1.3619576e-04   1.8415031e-04
  -4.4273414e-02   6.5399875e-02  -1.0575657e-02   2.0466513e-03   3.1750593e-04   6.3349465e-05
  -4.6941716e-02   1.8367873e-02  -7.9036363e-02   2.9288924e-03   8.9837552e-05   2.8197074e-05
  -4.5314508e-02   7.1294018e-02  -5.8864940e-02   2.0946461e-03   5.5135547e-04   5.5918382e-05
  -5.3059043e-02   4.2201466e-02  -3.8931117e-02   2.5358826e-03   1.6971603e-04  -5.2191149e-05
  -2.2591760e-02   2.4141747e-02  -1.0160996e-01   2.9986440e-03   3.8019265e-04   3.2134903e-04
  -4.0563931e-02   8.5353533e-02   2.0482347e-02   1.7888729e-03   2.6136446e-04   2.9718560e-04
  -2.2351266e-02   1.0713982e-02  -9.6770598e-02   2.9138330e-03   6.3742753e-05   4.8571541e-04
  -4.0411680e-02   1.0910211e-01   8.8938219e-03   1.4235523e-03   1.4957351e-04   3.7263515e-04
  -3.1139458e-02   4.0134841e-02  -5.1334716e-02   1.7978130e-03   1.9490719e-06   3.9872009e-04
  -2.8438132e-02   9.5132207e-02  -1.1982501e-02   1.3084715e-03   2.2710185e-04   5.4708748e-04
  -3.4793325e-02   5.3153589e-02  -3.3391619e-02   2.0042302e-03   4.5765037e-05   4.3027380e-04
  -5.7816509e-02   8.1842958e-02  -5.1845291e-02   1.7427193e-03   2.5873743e-04   9.4589856e-05
  -7.0262293e-02   6.4966949e-02  -3.3659186e-02   1.7614139e-03  -2.3612327e-04  -4.9385657e-06
  -5.5695814e-02   5.3128182e-02  -6.4199094e-02   2.0187508e-03   7.0374206e-05   4.3240308e-05
  -5.1383787e-02   6.3581690e-02   3.1864106e-02   1.4862611e-03   6.5043914e-05   1.1970551e-04
  -3.5230383e-02   1.7342084e-02  -8.9072076e-02   2.2847081e-03   1.4488480e-04   2.1438332e-04
  -5.8011108e-02   8.8977085e-02   3.6129358e-02   1.1598255e-03   1.3746721e-04   3.6022965e-05
  -4.8208149e-02   2.2124289e-02  -5.9738121e-02   2.3705384e-03   1.4073116e-05   1.0587642e-04
  -5.7490388e-02   6.8644489e-02  -4.7430666e-02   1.8795583e-03   2.6028100e-04   6.6926852e-05
  -6.3970777e-02   7.2562532e-02   2.3072738e-03   1.7583170e-03   1.1564291e-04   1.1574561e-04
  -4.6510525e-02   4.3812742e-02  -5.4444247e-02   2.0775049e-03   1.1727803e-04   2.8208987e-04
  -5.8897076e-02   8.0483710e-02   1.8677098e-02   1.5879740e-03  -6.6752055e-05   2.1494000e-04
  -4.5058546e-02   2.7002035e-02  -6.8469958e-02   2.6466153e-03  -3.6648447e-05   2.2701605e-04
  -6.9094931e-02   9.3698479e-02   1.7233993e-02   1.5091229e-03   2.3786172e-04   9.8531234e-05
  -3.7534542e-02   2.1221780e-02  -8.6637673e-02   2.6752529e-03  -7.5185073e-05   3.7687518e-04
  -4.3310356e-02   8.7604454e-02   1.2352917e-02   1.7007944e-03   2.8952301e-04   2.3494866e-04
  -3.0814040e-02   4.1255847e-02  -3.3184377e-02   2.4286949e-03  -1.5340456e-04   4.7020281e-04
  -2.1323605e-02   6.2641722e-02  -5.7977245e-02   2.5818695e-03   3.7806351e-04   4.5431517e-04
  -4.2047116e-02   6.3000153e-02   4.1944361e-02   2.2679847e-03   2.2105404e-04   2.6942299e-04
  -3.9978997e-02   2.1948669e-02  -4.2094848e-02   3.0628608e-03   6.6632252e-04   4.0374331e-04
  -3.5843219e-02   6.8460127e-02   3.7306409e-02   2.3960171e-03   9.4027837e-04   5.6837569e-04
  -2.2551415e-02   2.3855392e-02  -7.9709832e-02   3.2276773e-03   9.6836553e-04   6.1168293e-04
  -3.6709641e-02   9.0974726e-02   1.3629936e-02   2.2403561e-03   9.6754718e-04   5.1372491e-04
  -2.7033254e-02   3.3282301e-02  -1.1159567e-01   3.3765895e-03   4.8578691e-04   5.3178359e-04
  -4.2180896e-02   8.8024685e-02   1.5256656e-02   2.1729651e-03   6.7952556e-04   4.3698593e-04
  -3.0131471e-02   3.4948721e-02  -9.0865518e-02   2.9579561e-03   5.5637783e-04   4.3638764e-04
  -4.3349039e-02   7.2632073e-02   2.9624388e-02   1.7785071e-03   8.3040950e-04   3.6195407e-04
  -2.7540791e-02   3.2225001e-02  -7.9958794e-02   2.5625229e-03   6.6540831e-04   4.7659021e-04
  -3.7783160e-02   8.3401670e-02  -1.4526839e-02   2.1060523e-03   9.4724876e-04   4.4904986e-04
  -2.0912325e-02   5.3886646e-02  -9.3087243e-02   2.5345852e-03   5.8322992e-04   7.0476621e-04
   1.4883109e-02   7.8867623e-02   5.8327721e-02   1.8424571e-03  -6.9612237e-05   8.5229599e-04
  -1.5879806e-02   5.2581120e-02   1.6827656e-02   2.0632851e-03   1.3862377e-05   6.1067407e-04
  -1.7061249e-03   5.8176837e-02  -1.4945855e-02   1.9686038e-03   4.6895873e-04   8.5842598e-04
  -1.4919671e-02   6.4419433e-02   6.4243409e-02   1.6647907e-03   3.0881397e-04   7.8750536e-04
  -1.7504022e-02   4.7060620e-02  -3.4998031e-02   2.0304162e-03   4.4823626e-04   6.1447429e-04
  -1.3738405e-02   7.6898497e-02   6.0554190e-02   1.6488672e-03   3.3702304e-04   8.6120258e-04
   4.3460996e-02   4.9670483e-02  -1.3015922e-01   2.3105673e-03   5.5620408e-04   1.3887336e-03
   3.0015126e-02   6.6090080e-02   8.7141538e-02   1.5713762e-03   1.6959375e-04   1.1934383e-03
   2.1680539e-02   2.4183457e-02  -8.1708041e-02   2.3103745e-03   4.1067799e-05   9.9349000e-04
   1.1374098e-02   6.3458431e-02   9.0661924e-02   1.7481369e-03   1.4095010e-04   1.0234663e-03
   3.7739340e-02   2.3674837e-02  -2.6290995e-02   2.7117613e-03   2.8567935e-04   1.4073730e-03
  -1.5048590e-03   7.6505173e-02   1.1166277e-01   1.7098645e-03   8.2855210e-05   9.3033847e-04
   1.7298265e-02   4.5145860e-02  -3.4114346e-02   2.9092697e-03   1.3111849e-04   9.5767619e-04
  -5.7049738e-03   8.9188308e-02   4.3466708e-02   2.6892144e-03   9.8640335e-04   7.9447888e-04
  -1.6984971e-04   4.2934937e-02   2.6311479e-02   3.1909557e-03   5.8645851e-04   8.8405209e-04
   3.9807670e-02   5.7207494e-02  -4.3682411e-02   2.9669440e-03   8.3299355e-04   1.3019294e-03
   1.7600284e-02   5.5076124e-02   7.0673656e-02   2.6530436e-03   6.0220560e-04   1.1483935e-03
   3.9694484e-02   4.0332275e-02  -6.5539974e-02   2.9210463e-03   2.6368748e-04   1.3536447e-03
   6.3671265e-02   5.6202984e-02   1.3144279e-01   2.1796564e-03   5.1459557e-04   1.5262108e-03
   6.2611598e-02   4.0273780e-02  -5.4370088e-02   2.8823615e-03   5.1144127e-04   1.4214584e-03
   3.7134449e-02   6.8249681e-02   8.3776988e-02   1.7426010e-03   1.2303070e-04   1.1951235e-03
  -3.9371831e-02   6.6435904e-02  -1.7555803e-01   2.7623570e-03  -3.1462397e-04  -2.0277418e-06
  -2.3591297e-03   8.6316434e-02   7.3555917e-02   2.0543006e-03   1.3084891e-04   6.3702901e-04
   1.4419782e-02   5.5545992e-02  -5.5997848e-02   3.1959604e-03   8.6882986e-05   8.8971328e-04
  -9.7099778e-03   1.1310603e-01   1.9498596e-02   2.0202916e-03   1.4274656e-04   7.8756042e-04
   9.6134631e-03   6.7809745e-02  -7.8489487e-02   2.7526712e-03  -1.6452897e-04   8.7392449e-04
  -2.4472355e-03   1.2303376e-01   2.6534994e-02   1.4427997e-03   8.7493300e-04   7.1098618e-04
  -6.0273524e-04   6.6918660e-02   3.3891659e-04   1.9365272e-03   6.6025738e-04   8.1590848e-04
  -1.5387514e-02   1.0373789e-01   9.8284037e-03   1.8694423e-03   1.6369870e-04   5.3487670e-04
  -1.1489352e-02   7.0534669e-02  -3.2709949e-02   2.5173551e-03  -3.0004483e-04   5.0953580e-04
   2.2057973e-02   5.2862748e-02  -4.3249387e-03   2.6011432e-03  -2.0876041e-05   8.2114997e-04
   4.4343987e-03   1.0650116e-01   5.2288459e-02   2.0191381e-03   3.0864163e-04   8.2223525e-04
   1.5590643e-02   5.0541428e-02  -6.1844304e-02   2.8955445e-03   9.5822182e-05   9.3032030e-04
   1.3410371e-02   9.9343834e-02   2.1715481e-02   2.0505987e-03   2.8786774e-05   8.5827177e-04
   1.6447406e-02   6.6927914e-02  -2.2003280e-02   2.8781684e-03  -6.3903317e-05   1.0651841e-03
  -6.5651276e-04   1.6472207e-01  -4.5538913e-01   1.2330356e-03  -1.5005729e-04   1.0372619e-03
   1.0875395e-02   1.6772359e-01  -5.4800713e-01   1.4048657e-03  -5.1945307e-04   3.5900215e-04
   2.8384115e-02   1.5292036e-01  -8.6387050e-01   1.0098829e-03  -8.9086533e-04   1.0173082e-03
   8.3432150e-03   1.5324013e-01  -1.0118309e+00  -1.8367313e-03  -2.1619233e-03   1.0608293e-03
   2.9064509e-02   9.8653905e-02  -9.9051153e-01   5.3122463e-04  -1.6706855e-03   1.4768170e-03
   1.9666086e-02   1.5572781e-01  -8.9292981e-01   4.0804646e-04  -1.6084194e-03   1.6474827e-03
   4.4796425e-02   1.1992532e-01  -9.3554463e-01   1.3517564e-03  -1.4723824e-03   2.3339410e-03
   3.6611879e-02   1.4201534e-01  -8.4826733e-01   2.0928956e-03  -1.1951049e-03   2.0213173e-03
   2.8380801e-02   1.4857529e-01  -3.5082219e-01   5.2634902e-03  -4.0033059e-04   1.6784493e-03
   2.6122161e-02   1.1685236e-01  -1.8330387e-01   3.6115224e-03  -2.0857258e-04   1.4313230e-03
   5.5175672e-02   4.5292796e-02  -2.1930569e-01   4.1519178e-03  -4.1626884e-04   1.7615078e-03
   4.2254903e-02   9.7777113e-02  -1.7460485e-01   3.7840076e-03  -2.0615067e-04   1.6180132e-03
   2.2308288e-02   8.5533838e-02  -1.9037033e-01   4.1377090e-03  -5.2153298e-04   1.4268631e-03
   4.8882174e-02   2.0319146e-01  -7.0145754e-01   1.5727578e-03  -1.9637053e-03   1.4124235e-03
   4.0791712e-02   9.4602329e-02  -7.0068717e-01   2.2440217e-03  -1.8705850e-03   1.3880963e-03
   4.1692840e-02   1.7546818e-01  -8.8784344e-01   9.0551812e-05  -2.1245795e-03   1.2113994e-03
   2.1320211e-02   1.3730762e-01  -6.3116511e-01   4.3258969e-03  -1.6305091e-03   9.7522301e-04
   3.5573529e-02   1.0198938e-01  -1.5555499e-01   4.4431035e-03  -8.8939639e-04   1.1390083e-03
   1.6291224e-02   2.6223228e-02   5.5593771e-03   4.3680167e-03  -1.3695739e-03   9.1416544e-04
  -5.3296558e-02   9.1052076e-02  -5.3221140e-01   2.1748852e-03  -1.6920798e-03   2.9509522e-04
  -5.2956896e-02   2.2850133e-02  -8.0379898e-01   5.4989564e-03  -2.4272630e-03   3.6840917e-04
   3.5656296e-02   8.9203634e-02  -4.2097358e-01   6.5442095e-03  -1.4886455e-03   3.4753573e-04
   9.6724995e-02  -4.5238550e-02   1.1308828e-01   6.3901564e-03  -3.2768557e-04   2.1978561e-05
   4.2522826e-02  -4.1036185e-02  -1.4270142e-01   6.9843916e-03   2.3417503e-04  -2.1326746e-04
   4.8085538e-02  -5.4796959e-03   4.1637702e-02   6.2293869e-03  -3.5549095e-04   6.7079959e-05
   1.8560997e-01   6.8387657e-02  -3.1990141e-01   5.6829194e-03  -1.1526883e-03   1.6716582e-03
   2.3867438e-01  -1.2838202e-03  -6.3359826e-03   5.1657272e-03  -6.2396218e-04   1.2044340e-03
   1.6067099e-02  -2.4247637e-02  -2.3004427e-01   7.6626420e-03   5.1804916e-04  -5.7624169e-04
   2.3001625e-02   6.6970587e-02  -3.2620639e-01   9.4821965e-03   8.3699606e-04   5.3487340e-05
   1.4007508e-02   1.7646296e-01  -7.2675085e-01   6.8671906e-03   5.0157972e-05  -2.8872774e-04
  -8.5284726e-02   1.0429001e-01  -5.8054793e-01   1.1007287e-03   2.1908525e-03  -1.7827502e-03
  -1.1865933e-01   5.9947883e-02  -1.1885384e+00   5.4434103e-03   3.6941646e-03  -3.1689193e-03
  -5.2400210e-02   1.2216812e-01  -9.7822893e-01   6.4025726e-03   3.8527765e-03  -2.0579161e-03
  -3.6776249e-02   8.5658697e-02  -1.0298612e+00   7.8406072e-03   3.9521555e-03  -1.7940402e-03
  -2.2997877e-02   1.3191753e-01  -7.9163159e-01   7.3388061e-03   3.5476836e-03  -1.2768021e-03
  -3.2273657e-02   9.2702387e-02  -8.9523232e-01   8.1798581e-03   3.5874842e-03  -1.3635316e-03
  -2.6441452e-02   1.2097181e-01  -9.4560716e-01   8.4793616e-03   3.7767932e-03  -1.2787928e-03
  -4.2368478e-02   1.4352449e-01  -8.0446188e-01   7.8630640e-03   3.6187065e-03  -1.2957306e-03
  -4.3997116e-02   9.7803225e-02  -9.2759620e-01   8.5559363e-03   3.4895516e-03  -1.3621681e-03
  -3.2577096e-03   1.4265308e-01  -8.9582420e-01   8.6107502e-03   3.3883151e-03  -6.2527816e-04
   4.4970917e-02   9.0742799e-02  -5.6713437e-01   1.0295588e-02   2.7156334e-03  -5.2312129e-05
   7.3981205e-02  -1.5046955e-02  -7.3598744e-01   1.1546020e-02   2.8392377e-03  -7.2402588e-05
   8.0124301e-02   9.4006825e-02  -8.7753877e-01   1.2301385e-02   2.8325432e-03   5.4460688e-05
   7.2553190e-02   2.1537782e-02  -6.8082888e-01   1.1815797e-02   2.5110049e-03   5.4744514e-06
   1.0705703e-01  -1.0029480e-02  -8.2184093e-01   1.2816703e-02   2.8699996e-03   2.6464135e-04
   6.1697132e-02   8.7133456e-02  -6.7043507e-01   1.1465968e-02   2.6185644e-03  -9.0582617e-05
   7.1819341e-02   2.8240449e-02  -7.8040796e-01   1.2290978e-02   2.6198558e-03  -6.9971299e-05
   6.4653680e-02   9.0973596e-02  -7.7455387e-01   1.2080844e-02   3.0575171e-03  -5.5218958e-05
   4.7488232e-02   4.9115525e-02  -7.3024220e-01   1.2709339e-02   3.0118841e-03  -2.2981891e-04
   4.6083098e-02   4.2286801e-02  -7.4999903e-01   1.3053271e-02   3.6607626e-03  -1.2182523e-04
   2.5040441e-02   4.7138445e-02  -5.5877218e-01   1.1822898e-02   3.1924729e-03  -3.4041598e-04
   5.9971664e-02  -2.5954209e-02  -7.2641591e-01   1.2991414e-02   3.2296617e-03  -5.7574967e-05
   3.4677694e-02   6.8286439e-02  -5.9524586e-01   1.2019838e-02   3.1420957e-03  -1.4150227e-04
   3.0047286e-02   2.7994372e-02  -6.9945937e-01   1.2507289e-02   3.2329173e-03  -4.3207335e-04
   2.0543298e-02   6.3453820e-02  -7.8000918e-01   1.2090091e-02   3.3580651e-03  -3.7700099e-04
   2.0020949e-02   6.7094400e-02  -7.0959068e-01   1.1812157e-02   3.4787076e-03  -5.8187545e-04
   8.0746537e-03   7.2454598e-02  -8.8820976e-01   1.2111069e-02   3.7664822e-03  -6.2826516e-04
   1.2704371e-02   4.2373857e-02  -6.5196424e-01   1.1464829e-02   3.1727091e-03  -6.0488085e-04
   4.0792141e-02   2.9009056e-02  -7.7269372e-01   1.2316512e-02   3.0251857e-03  -4.2086477e-04
   2.5650395e-02   7.7680765e-02  -5.3699610e-01   1.1602491e-02   2.5722228e-03  -6.9494248e-04
  -4.3730726e-03  -4.6290428e-02  -6.5294184e-01   1.2847789e-02   3.1658507e-03  -6.5259872e-04
   1.0657089e-02   4.8690970e-02  -6.5928334e-01   1.2118746e-02   3.5228434e-03  -5.5311539e-04
   3.6005532e-02   2.1746294e-02  -5.6675779e-01   1.1941229e-02   3.0508044e-03  -3.1548850e-04
   6.2165304e-02   9.4190227e-03  -6.4432231e-01   1.2065523e-02   3.4929205e-03  -3.6819484e-04
   9.1505230e-03   3.3684737e-02  -5.1879313e-01   1.1587447e-02   3.2438051e-03  -7.6210270e-04
   2.1301733e-02   2.8933866e-03  -6.3552866e-01   1.1974071e-02   3.0859144e-03  -1.0684486e-03
  -4.2778642e-02   6.1389211e-02  -4.4836735e-01   1.1502744e-02   3.6370892e-03  -1.4350189e-03
  -3.5819642e-02  -1.6319715e-02  -5.4567630e-01   1.2562710e-02   3.5646859e-03  -1.2029610e-03
  -1.2199383e-02   1.5217126e-02  -5.8219781e-01   1.2451859e-02   4.0453842e-03  -1.1119367e-03
  -3.6525721e-02   6.6589103e-02  -4.4709185e-01   1.1872700e-02   3.8417367e-03  -1.3621621e-03
  -1.7184719e-02  -1.9589790e-02  -6.1168433e-01   1.2291979e-02   4.2286891e-03  -8.8324276e-04
  -2.1125538e-02   5.5389435e-02  -5.7742100e-01   1.1824148e-02   3.9715198e-03  -1.0662077e-03
  -1.7673642e-02   5.5954245e-02  -5.6652317e-01   1.1653474e-02   3.2262498e-03  -1.0119379e-03
  -2.8706189e-02   1.6353379e-02  -4.0925037e-01   8.5394644e-03   1.2853451e-03  -2.0440440e-03
  -4.7229819e-02   9.6258143e-02  -4.4362472e-01   1.0716780e-02   2.8066171e-03  -1.9231510e-03
  -4.9483910e-02   4.2068936e-02  -7.2892775e-01   1.2346662e-02   3.2028295e-03  -2.0289549e-03
  -3.4632383e-02   9.3065568e-02  -5.4275046e-01   1.2514952e-02   3.9914366e-03  -1.7343543e-03
  -9.0707186e-02   1.0148944e-01  -7.9543697e-01   1.2331158e-02   3.6923310e-03  -2.2342530e-03
  -5.4856877e-02   6.6830439e-02  -8.5978721e-01   1.1865804e-02   3.5965336e-03  -2.1163093e-03
  -4.6312914e-02   7.8232028e-02  -5.8553582e-01   1.1703378e-02   3.6817317e-03  -1.7733212e-03
  -4.3341610e-02   2.6976057e-02  -6.4935728e-01   1.2047657e-02   3.7435226e-03  -1.8187735e-03
  -4.9535786e-02   3.7204188e-02  -5.1743119e-01   1.1712200e-02   3.7093389e-03  -1.6509935e-03
  -3.7755333e-02   1.1013741e-02  -6.0720747e-01   1.2733300e-02   3.7062856e-03  -1.7258808e-03
  -1.6882649e-02   2.9101145e-02  -5.9428453e-01   1.3004688e-02   3.4956479e-03  -1.8891409e-03
  -4.0284001e-02   4.1370669e-02  -4.5978454e-01   1.3015986e-02   3.6602033e-03  -1.8536740e-03
  -7.0636542e-02   4.6092906e-02  -8.2325589e-01   1.3900253e-02   4.4453098e-03  -2.2447631e-03
  -6.7189134e-02   6.3255831e-02  -7.3615222e-01   1.3395232e-02   4.2669916e-03  -2.0426371e-03
  -5.4274369e-02   2.7835987e-02  -4.9022201e-01   1.2562965e-02   3.7602365e-03  -1.9942364e-03
  -4.3057202e-02  -3.9961155e-03  -6.1713646e-01   1.3357801e-02   4.0259599e-03  -1.8901496e-03
   9.8868130e-03   6.8747325e-02  -5.4262299e-01   1.2501394e-02   2.6458889e-03  -1.5396417e-03
  -6.2639538e-02   9.2596176e-02  -6.3257040e-01   1.3436927e-02   3.0614709e-03  -2.5991479e-03
  -6.6138446e-02  -4.8364709e-02  -5.9716264e-01   1.3890044e-02   4.1317448e-03  -2.1585394e-03
  -6.6238795e-02   5.9674135e-03  -6.2845333e-01   1.3970785e-02   4.2648540e-03  -2.1317296e-03
  -2.9584194e-02   3.1383130e-02  -5.9850119e-01   1.3721106e-02   3.2776012e-03  -1.4654850e-03
  -3.9822819e-02   2.5994190e-02  -5.1727257e-01   1.3551463e-02   3.6352063e-03  -2.1861661e-03
  -3.1656264e-02  -2.0032624e-02  -5.0208254e-01   1.3528717e-02   3.1547680e-03  -2.3147292e-03
  -9.7554086e-03   1.7978307e-02  -4.5571609e-01   1.3522678e-02   3.4059613e-03  -2.1820960e-03
  -2.0431546e-02  -6.0448992e-02  -4.7876942e-01   1.3900948e-02   3.7898238e-03  -1.9703785e-03
   4.4442309e-03  -1.3924566e-02  -4.1694977e-01   1.3019169e-02   3.0669471e-03  -2.0368564e-03
  -2.9551499e-02  -2.3880590e-02  -3.9739554e-01   1.2587652e-02   3.2373835e-03  -2.6861393e-03
  -3.5726802e-02  -7.1254441e-03  -4.5133361e-01   1.1951175e-02   3.4318583e-03  -2.8048982e-03
  -2.3626967e-02   2.0316915e-02  -5.0405539e-01   1.2667171e-02   3.1873056e-03  -2.7440467e-03
   5.4183255e-02   6.1810741e-02  -3.4083607e-01   1.2559828e-02   1.2117141e-03  -2.0661180e-03
  -5.9978346e-02  -1.3784780e-02  -4.1422989e-01   1.3200483e-02   2.2124796e-03  -3.3095770e-03
  -3.6342994e-02  -2.9053931e-02  -4.8599404e-01   1.3654176e-02   2.7025571e-03  -2.8837289e-03
   1.5171218e-02   4.4314638e-02  -3.5612593e-01   1.2195583e-02   1.5122112e-03  -2.3828794e-03
  -5.7054802e-02  -7.3217446e-03  -3.7181081e-01   1.2381041e-02   2.3258982e-03  -3.3154662e-03
  -8.0540583e-02  -1.2832001e-02  -4.8506036e-01   1.2179035e-02   3.2888441e-03  -3.6953267e-03
  -1.6085631e-02   5.2668418e-02  -4.2221721e-01   1.1944224e-02   1.9597886e-03  -3.0311300e-03
  -7.8057533e-02   2.1163596e-02  -3.9796541e-01   1.2620238e-02   2.7793415e-03  -3.8508963e-03
  -3.3883687e-02   5.5864818e-03  -3.1384453e-01   1.1318428e-02   3.2604432e-03  -3.5159714e-03
  -7.8573154e-03   3.3468881e-02  -2.1626865e-01   1.0814732e-02   3.1931165e-03  -3.2253940e-03
  -4.1112481e-02  -5.0914129e-03  -1.9249003e-01   1.0036554e-02   3.7962776e-03  -3.6443615e-03
  -6.4492443e-02   2.3661118e-02  -2.2748573e-01   1.0495467e-02   2.8842112e-03  -3.6586275e-03
  -5.5895440e-02   2.2541270e-02  -2.5883652e-01   1.0207577e-02   1.8142589e-03  -3.4511482e-03
  -3.1053910e-02   5.4597307e-02  -1.6177944e-01   1.0037846e-02   2.4804394e-03  -3.3172243e-03
  -8.3556127e-02  -9.4051108e-03  -3.1595229e-01   1.1151546e-02   3.0058232e-03  -3.7486865e-03
   1.0744700e-02   7.4002533e-02  -2.0510018e-01   9.9192876e-03   3.2445179e-03  -3.5348579e-03
   7.4257729e-02   7.8590300e-02  -4.4863822e-01   1.2227986e-02   2.9807293e-03  -3.3056833e-03
  -7.2909175e-03  -1.7091827e-02  -2.1583669e-01   1.0907176e-02   3.1957288e-03  -3.2307645e-03
   4.5036287e-03   4.5857777e-04  -2.4745133e-01   1.1299255e-02   3.5112598e-03  -3.1908625e-03
   1.1019914e-03   3.2830548e-02  -3.3720297e-01   1.2035614e-02   3.7021459e-03  -3.0761187e-03
  -1.0937162e-02  -5.2274449e-03  -1.9747748e-01   1.0905054e-02   3.5798461e-03  -3.1772847e-03
  -2.3830318e-03   2.4355760e-02  -2.7734078e-01   1.1772297e-02   3.4654194e-03  -3.1463307e-03
  -1.2506681e-02   2.1680487e-02  -2.8741132e-01   1.2162958e-02   3.7725273e-03  -3.1859643e-03
  -3.4283878e-02   4.5593462e-02  -1.7627598e-01   1.1233983e-02   4.0761428e-03  -3.4535367e-03
   3.3733398e-02  -9.5362798e-03  -2.1585055e-01   1.1478498e-02   2.1129108e-03  -2.6251917e-03
   2.0031034e-02   1.6910391e-02  -1.1119172e-01   1.1907099e-02   2.0674553e-03  -3.0903969e-03
  -9.6375047e-02   3.2907054e-02   3.6028175e-02   1.0321404e-02  -4.0853180e-04  -6.2411145e-03
   7.1042208e-02   1.7149946e-02  -3.9779847e-01   1.5321080e-02   9.1390327e-04  -3.9604345e-03
   9.8747878e-03  -3.8167598e-02  -3.6561257e-01   1.5422149e-02   3.5442195e-03  -5.1662219e-03
   2.4424917e-01  -7.7681466e-03  -3.1947428e-01   1.6214542e-02   5.0542234e-06  -3.5145487e-03
   1.0207678e-01  -4.1787330e-02  -3.7073486e-01   1.5849294e-02   1.4373657e-03  -4.9414827e-03
   5.2524497e-02   3.9858940e-04  -3.2155972e-01   1.5221857e-02   2.4466926e-03  -4.3588776e-03
   4.5572197e-02  -1.5955631e-02  -3.5117858e-01   1.5524844e-02   2.2315480e-03  -4.4210663e-03
   9.3706134e-02   9.3805722e-03  -2.0025349e-01   1.4416958e-02   1.0979201e-03  -3.8130861e-03
  -6.1317354e-04  -8.1847915e-04  -2.9539290e-01   1.4689044e-02   1.9248732e-03  -4.9947618e-03
   6.8035474e-02   2.3854856e-02  -2.6365375e-01   1.4493150e-02   7.6847078e-04  -4.5575110e-03
   4.7066741e-02   7.0260285e-03  -2.6372837e-01   1.4733635e-02   1.1585639e-03  -4.8458247e-03
   1.0161468e-01   2.8163277e-02  -2.1012293e-01   1.4531663e-02   1.7273547e-04  -4.3954437e-03
   1.0386733e-02   9.1017062e-03  -2.7173378e-01   1.4652282e-02   1.8079067e-03  -5.0770011e-03
   8.2487137e-03   1.3981231e-02  -3.0338353e-01   1.3998784e-02   2.0533781e-03  -4.9795912e-03
   1.1014040e-02   6.6274934e-03  -4.3630533e-02   1.2690147e-02   1.8799909e-03  -4.9368101e-03
   6.0902568e-04  -4.2047408e-02  -3.4227509e-01   1.4531478e-02   2.0510027e-03  -5.1476866e-03
   8.8656519e-02   2.9174424e-02  -5.1576887e-02   1.3309421e-02   1.0616194e-03  -3.9212848e-03
  -1.2337449e-01   7.3851125e-02  -4.5281431e-01   1.3052412e-02   2.0724828e-03  -6.7633964e-03
  -7.7749742e-02   8.1514908e-02  -4.3089670e-01   1.3577119e-02   1.5415272e-03  -6.0392820e-03
   6.0693689e-02   4.4962252e-02  -9.4500582e-02   1.2770333e-02   1.8030874e-03  -4.4497861e-03
   1.0415832e-01   2.6616298e-02  -3.5125213e-01   1.3839154e-02   2.8590021e-03  -4.2360359e-03
   1.9896283e-01   4.5101917e-02  -3.0330374e-02   1.2941007e-02   1.7492288e-03  -3.7852315e-03
   5.2160273e-02   3.1716228e-02  -1.3418613e-01   1.2792200e-02   3.3393577e-03  -5.5457334e-03
   6.3945233e-02   8.9522744e-02  -6.5299435e-01   1.4616861e-02   2.9110211e-03  -5.5680428e-03
   7.0660514e-02   5.3357646e-02  -2.6800817e-01   1.4291585e-02   2.9858562e-03  -5.4590317e-03
   9.5072990e-02   4.1121237e-02  -3.1079002e-01   1.3811630e-02   3.3931520e-03  -5.6607457e-03
   6.5430643e-02   5.7368489e-02  -1.5877989e-01   1.3275805e-02   3.8849735e-03  -6.7731232e-03
   3.6173229e-02   4.4705321e-02  -1.0381056e-01   1.2811052e-02   4.0520456e-03  -6.5809645e-03
   4.3149237e-02   5.9765596e-02  -1.5597699e-01   1.2854744e-02   4.1320178e-03  -6.5720608e-03
   2.7493432e-01   3.4825315e-02   4.0398299e-02   1.3216358e-02   1.7536289e-03  -4.1239783e-03
   1.4547440e-01  -7.1990377e-02  -2.2869136e-03   1.2121653e-02   4.2330829e-03  -4.5733498e-03
   2.0033254e-01   2.7332778e-02  -1.9626189e-01   1.1687182e-02  -6.2490260e-04  -4.4356130e-03
   9.6460054e-02   5.8213923e-02  -4.0272957e-01   1.5278236e-02   1.2383372e-03  -5.2772779e-03
   2.2582620e-02   3.0431562e-02  -1.9554402e-01   1.4793622e-02   2.4134850e-03  -6.7769067e-03
   3.6732797e-02   1.4700897e-02  -2.5828957e-01   1.5142946e-02   2.0365850e-03  -6.9621920e-03
   6.0136991e-02  -1.0811059e-02  -8.5039657e-02   1.4446227e-02   3.0224765e-03  -6.9501982e-03
   6.4143200e-02  -6.4936870e-02  -2.4938955e-01   1.5060022e-02   3.3918363e-03  -7.0145442e-03
   1.7733659e-01  -9.2236191e-03  -2.8189722e-01   1.6117474e-02   2.3316954e-03  -5.8332984e-03
   1.6744160e-01  -8.2267852e-03  -1.1794166e-01   1.5001573e-02   1.5352044e-03  -5.9818231e-03
   9.7421747e-02  -4.5247639e-02  -2.2585077e-01   1.5009993e-02   2.4917685e-03  -7.0599616e-03
   8.8834303e-02   8.0019255e-03  -3.9999262e-01   1.5883231e-02   1.7322943e-03  -6.9967993e-03
   7.0580043e-02  -1.4565033e-02  -2.9463409e-01   1.5968145e-02   2.1861586e-03  -7.2675869e-03
  -3.4959998e-02   3.6193979e-02  -3.8665881e-02   1.2363085e-02   3.2340046e-04  -9.1470360e-03
   4.5203419e-02   6.8361626e-02  -1.3145164e-01   1.4377446e-02   2.3909746e-03  -8.1223138e-03
   2.7590022e-02   1.3950989e-02  -1.6884213e-01   1.4848118e-02   2.6775384e-03  -8.1762576e-03
   8.1856984e-02   2.6684335e-02  -1.4334415e-01   1.4234150e-02   1.9107998e-03  -7.4833840e-03
   4.1621793e-02   6.5643152e-03  -7.7428863e-02   1.4131303e-02   2.4599921e-03  -7.7886210e-03
   3.0298321e-02  -2.7947235e-02   2.5500499e-02   1.3466840e-02   8.0588485e-04  -8.0777229e-03
   3.7489601e-02   3.6126478e-02   4.1878190e-02   1.4193391e-02   1.6828075e-03  -7.7072426e-03
   5.4008438e-02   1.8455046e-02  -3.1811757e-01   1.4843820e-02   1.5781801e-03  -7.7051008e-03
  -1.2483590e-01   9.6885482e-02  -3.1823321e-01   1.4805397e-02   3.3897429e-03  -8.6499359e-03
  -1.6003114e-01  -3.6283235e-02   1.0428842e-01   1.2099951e-02   1.5494144e-03  -8.3063633e-03
  -2.1016572e-01   7.6373374e-03  -2.9081847e-01   1.3809217e-02   1.0066135e-03  -9.2699763e-03
  -4.4734622e-02   4.0082979e-02  -1.3104413e-01   1.5381590e-02   9.0294053e-04  -8.3415637e-03
  -1.3845118e-01   4.3314551e-02  -4.7367645e-01   1.6123209e-02   2.0161973e-03  -9.3467898e-03
  -5.1253885e-02   5.3025896e-02  -4.1307985e-02   1.3730239e-02   1.2720009e-03  -8.7007978e-03
  -1.2160161e-01   1.6341442e-01  -5.1067700e-01   1.3580595e-02   1.3592804e-03  -9.5505583e-03
  -1.0347353e-01   1.3971509e-01  -7.1373046e-01   1.4309639e-02   1.7933029e-03  -9.8863748e-03
   6.7280703e-03   7.7559438e-02  -7.1202185e-02   1.3943750e-02   6.5400743e-04  -8.8432335e-03
  -9.6817699e-02   2.0506485e-01  -1.1183016e+00   6.6288970e-03  -3.4342163e-04  -1.0400242e-02
  -6.0483582e-02   1.5612177e-01  -1.2937264e+00   5.2879605e-03  -1.0719289e-03  -1.0764669e-02
   3.7042678e-02   1.6084488e-01  -8.2387672e-01   6.8453802e-03  -8.8835442e-04  -1.1202609e-02
  -5.9575832e-02   4.9452830e-02  -1.1482515e+00   1.2836543e-02  -5.1048190e-04  -9.7790247e-03
  -1.5649822e-02   1.5027885e-01  -8.2727749e-01   1.7731457e-02  -2.3980042e-03  -8.7580957e-03
   4.4294119e-02   1.3138408e-01  -8.5865163e-01   1.5985441e-02  -2.2174651e-03  -8.6972979e-03
  -2.0623299e-02   6.9247558e-02  -8.7316335e-01   1.5291504e-02  -1.1263926e-03  -1.0091329e-02
  -4.8302358e-02   8.7456321e-02  -9.2049371e-01   1.5476327e-02  -1.1466382e-03  -1.0355917e-02
  -6.0037307e-02   1.3277401e-01  -9.0623373e-01   1.6213375e-02  -1.4184849e-03  -1.0184909e-02
  -7.9312370e-02   1.2364168e-01  -9.1076135e-01   1.6161804e-02  -1.1869958e-03  -1.0473858e-02
  -6.5608788e-02   1.1571968e-01  -8.9937042e-01   1.5513762e-02  -1.9989460e-03  -1.0509470e-02
   4.1746929e-02   9.1876912e-02  -4.8262079e-01   1.5395436e-02  -2.7064596e-03  -9.1757496e-03
  -3.4488158e-02   2.8643987e-02  -4.2134537e-01   1.7128964e-02  -1.4383184e-03  -1.0258553e-02
  -9.1417459e-02   6.9865559e-03  -3.8402854e-01   1.5121058e-02  -1.2735509e-03  -1.0953987e-02
  -1.1579626e-01   6.7160933e-02  -4.9867347e-01   1.5371569e-02  -8.8078736e-04  -1.1282462e-02
  -1.2281038e-02   6.2893183e-02  -1.7855407e-01   1.3866712e-02  -1.3245702e-03  -9.7475137e-03
  -1.1955913e-01   1.0078435e-01  -4.0627905e-01   1.4083502e-02  -7.6288431e-04  -1.0623751e-02
  -6.4326533e-02   1.7169259e-02  -3.6086038e-01   1.4488120e-02  -3.8733244e-03  -1.0362694e-02
  -8.1432858e-02   9.1955919e-02  -1.7004349e-01   1.4739608e-02  -1.5643825e-03  -1.0315840e-02
  -1.4667736e-01   6.4982054e-02  -4.8433561e-01   1.5532868e-02  -6.5767571e-04  -1.1060275e-02
  -1.3101426e-01   3.3719513e-02  -6.3428269e-01   1.6839148e-02   5.1370727e-04  -1.1479676e-02
  -2.1291472e-02   7.3596268e-02  -2.7092109e-01   1.5377494e-02  -4.8904897e-04  -1.0364786e-02
  -2.6083809e-02   5.0745466e-02  -2.7112901e-01   1.4951647e-02  -1.5810579e-03  -1.0888633e-02
  -8.3640019e-02  -8.4579708e-02  -1.6532351e-02   1.2436144e-02  -1.6724438e-03  -1.1343844e-02
  -5.8657166e-02   1.8621828e-02  -2.9231363e-01   1.4744101e-02  -3.7331746e-04  -1.0787556e-02
   1.6115162e-01   9.7003079e-02   1.8360682e-02   9.3614401e-03   6.2600435e-04  -1.0156029e-02
  -6.9075621e-02   1.0447169e-01   8.1431735e-01   3.6828359e-04   1.1722945e-02  -6.4186227e-03
   1.5795247e-02   4.8377477e-02   6.5439052e-01  -1.2976931e-03   1.4222013e-02  -4.3060064e-03
   1.2381688e-01  -1.4558218e-01   8.3220166e-01  -8.2721247e-04   1.2659491e-02  -4.1561241e-03
   1.0705732e-01  -7.2885707e-02   3.9499975e-01   1.5812251e-03   1.3979007e-02  -3.5690217e-03
   1.3835346e-01   7.4398086e-02   1.4572385e-01   1.0922460e-03   1.3314513e-02  -1.6926538e-03
   2.6272694e-01   5.5046284e-02   3.7754466e-01   1.1243960e-04   1.0883327e-02  -1.0607230e-03
   2.5587072e-01  -5.0372287e-02   4.1220057e-01   8.5530207e-04   1.1682860e-02  -1.4714520e-03
   2.5185113e-01   6.3135562e-02   1.8591876e-01   1.1663883e-03   1.1721929e-02  -3.1924059e-04
   2.8324743e-01   9.5495510e-02   1.4507681e-01   8.4376437e-04   1.1371690e-02   1.8779736e-04
   2.6251917e-01   1.2317647e-02   4.1974936e-01   6.4311958e-04   1.0635821e-02  -4.6099046e-04
   2.6474002e-01   6.3850697e-02   2.4475835e-01   1.5081388e-03   1.0071967e-02  -5.1321789e-04
   2.8149513e-01   6.1137009e-02   3.0382293e-01   9.7908840e-04   1.0760069e-02  -6.1543179e-04
   2.7319345e-01  -3.7425354e-02   4.5786472e-01   5.9019880e-04   9.6029047e-03  -8.7211228e-04
   3.3153617e-01   1.5682582e-02   2.1601564e-01   1.2552173e-03   9.8384794e-03  -6.0067846e-04
   2.9577358e-01   4.4935719e-02   4.8593685e-01   4.6043987e-04   9.6717721e-03  -8.9350332e-04
   3.0509805e-01   5.7272339e-02   1.5778860e-01   2.2158763e-03   9.0738625e-03  -9.0945224e-04
   2.2307598e-01   1.2211570e-01   3.0217173e-01   2.1249150e-03   9.5027508e-03  -2.5164548e-03
   2.3009228e-01   8.8065746e-02   1.4302939e-01   3.2761292e-03   8.7854584e-03  -2.3708371e-03
   2.2477488e-01   1.1541367e-01   1.8220574e-01   2.6724582e-03   8.7595150e-03  -2.6759287e-03
   2.4039388e-01   1.0763943e-01   2.0538490e-01   3.1032286e-03   6.6604751e-03  -2.0652592e-03
   2.5277623e-01   7.0626941e-02  -3.7950585e-02   5.2064178e-03   6.5158125e-03  -2.1853660e-03
   1.9007117e-01   1.1300527e-01   2.0468467e-01   3.3332399e-03   6.5538622e-03  -2.3286669e-03
   2.3988097e-01   6.5227688e-02   2.3245425e-02   3.8706128e-03   7.2629454e-03  -1.7260547e-03
   2.0779099e-01   1.0885509e-01   1.2382841e-01   3.5915831e-03   7.8927233e-03  -9.6490004e-04
   1.7287871e-01   8.0886506e-02   1.8125929e-01   2.8731058e-03   8.5876907e-03  -7.3992925e-04
   2.4795726e-01   8.0372328e-02   2.1601906e-02   3.3488416e-03   9.3238963e-03  -4.7825604e-04
   2.5004220e-01   1.0436443e-01   1.5257123e-01   2.2843593e-03   8.2926656e-03  -1.1159079e-03
   1.8236961e-01   1.5256731e-01   1.0516955e-01   1.3708772e-03   9.3985554e-03  -1.4919039e-03
   1.4087526e-01   7.2830519e-02   4.6802563e-01  -4.3232585e-04   9.0957686e-03  -7.8117339e-04
   1.6232740e-01   6.1465978e-02   2.5085905e-01   9.4001359e-04   8.9194342e-03  -1.2190495e-03
   2.1645369e-01   1.1698067e-01   4.3653042e-01   8.3424642e-05   8.6948155e-03  -5.4898491e-04
   2.4583908e-01   8.7308748e-02   1.8410566e-01   1.1252896e-03   8.8222111e-03  -1.4963060e-04
   2.6362475e-01   1.2527530e-01   3.8661762e-02   1.8428603e-03   9.0080578e-03   2.7933912e-04
   2.5204572e-01   1.4468729e-01   2.5303627e-01   1.0321159e-03   8.5029745e-03   3.9102630e-04
   2.2623103e-01   1.4089752e-01  -2.9446041e-02   2.4037714e-03   8.4661423e-03   5.8822098e-05
   2.1315559e-01   1.2097624e-01   1.4595511e-01   1.8110101e-03   8.4561879e-03  -1.0639183e-03
   1.6872293e-01   9.0114378e-02  -1.2391781e-01   3.2522813e-03   7.2159842e-03  -1.7288969e-03
   2.6769172e-01   1.6156476e-02   8.9157196e-02   3.3268952e-03   7.4718130e-03  -4.2857361e-04
   2.2566609e-01   1.2576499e-01  -4.8017444e-01   6.1897480e-03   6.2390259e-03  -1.9684568e-03
   1.1665982e-01   1.9439025e-01  -2.4516727e-01   1.3483537e-03   7.1389158e-03  -2.3738717e-03
   1.8199130e-01   2.1076164e-01  -7.9972590e-02   2.7814311e-03   6.6630367e-03  -1.2643123e-03
   1.4174617e-01   1.7626222e-01  -1.9754216e-01   4.1580510e-03   7.0196496e-03  -2.2284685e-03
   1.6582774e-01   1.7077111e-01   2.5369894e-02   3.8805234e-03   6.0536552e-03  -1.9688796e-03
   1.6719797e-01   1.4572321e-01  -2.0808041e-01   5.3259608e-03   7.5804672e-03  -2.1725210e-03
   1.6464610e-01   1.8997969e-01  -9.6818413e-02   4.3082819e-03   8.6332415e-03  -2.5078321e-03
   1.1485509e-01   1.3359098e-01  -1.6626620e-01   4.8197030e-03   8.7741542e-03  -3.3308496e-03
   1.3759391e-01   1.5863410e-01  -2.1595113e-01   5.6200290e-03   8.9007657e-03  -2.9555097e-03
   1.3940304e-01   1.9190027e-01  -2.1690435e-01   5.4144724e-03   8.6785501e-03  -2.5953646e-03
   9.4716491e-02   2.2464086e-01  -1.7079945e-01   5.9205259e-03   7.1242559e-03  -3.0338238e-03
   1.1147384e-01   1.7045180e-01  -2.2005939e-01   4.6249051e-03   7.0922742e-03  -3.1187540e-03
   1.4084863e-01   1.9737665e-01  -1.3747243e-01   5.4898886e-03   6.5255709e-03  -3.0628379e-03
   7.5652280e-02   1.6657346e-01  -3.0098421e-01   6.4779011e-03   7.2994988e-03  -3.4451341e-03
   7.2869015e-02   1.4917098e-01  -3.7936980e-01   8.1863827e-03   5.8965894e-03  -2.7820660e-03
   7.4791309e-02   1.8415037e-01  -3.0946580e-01   7.7793025e-03   5.9160747e-03  -2.9312992e-03
   1.9274772e-02   1.1304483e-01  -4.3272004e-01   9.2348696e-03   5.1785629e-03  -3.5048466e-03
   8.9897644e-02   1.5782319e-01  -4.4119684e-01   1.0659734e-02   5.4178182e-03  -2.3942433e-03
  -2.4730302e-03   1.0019883e-01  -6.0009371e-01   1.1904561e-02   5.9725186e-03  -3.1790435e-03
   9.6742289e-02   1.4265971e-01  -4.7192469e-01   1.2337598e-02   4.9928435e-03  -2.1610606e-03
   1.3555192e-01   1.9509504e-01  -4.4834021e-01   1.1977653e-02   5.2063095e-03  -3.3289813e-03
   1.1148537e-01   9.2518257e-02  -3.5795384e-01   1.1004072e-02   4.5578623e-03  -2.3079192e-03
   3.3911791e-01   1.0115158e-01   2.9580818e-02   8.8760715e-03   2.2533356e-03   1.4621070e-04
   2.4825539e-01   5.1138434e-02  -1.4695875e-01   1.0316889e-02   3.3832800e-03  -2.0623375e-03
