   0.0000000e+00   0.0000000e+00   0.0000000e+00  -5.5511151e-17   1.9515639e-18  -3.4694470e-18
   5.2435813e-03  -3.3945802e-03   1.1181402e-01  -2.2180977e-03  -1.2174147e-03  -2.5374763e-04
  -4.3567450e-02   1.7949033e-03   3.0758280e-02  -2.2433219e-03  -2.0546351e-03  -7.0418104e-04
  -3.0783074e-02  -1.8397129e-01   2.5318635e-01  -1.9136549e-03  -2.6614223e-03   5.6855856e-05
  -3.0931263e-03  -1.3789129e-02  -3.1933013e-01   3.3104398e-03  -1.3783350e-03  -3.8332305e-04
   7.3849950e-03   3.2111541e-03  -2.2143665e-01   3.4737701e-03  -1.4457397e-03  -2.7497634e-04
  -1.0213980e-02  -3.8147588e-02  -1.3889067e-01   4.2956810e-03  -4.0812683e-04  -5.4960807e-04
  -8.2939871e-02   3.6701015e-02  -4.4450921e-01   2.6345137e-03  -1.8216105e-03  -5.1920684e-04
  -1.1099302e-01   1.5880468e-02  -2.0798646e-01   1.5274637e-03  -2.5744245e-03  -1.1497933e-03
  -2.3202488e-01   1.6297287e-01  -8.1806453e-01  -4.5732066e-04  -5.1148457e-03  -3.3226479e-03
  -1.7749850e-01   1.2407162e-01  -9.1316136e-01   1.5701530e-03  -6.1721426e-03  -2.9669692e-03
  -1.7677831e-01   7.4798896e-02  -4.8430030e-01   3.4481426e-03  -4.5611097e-03  -2.4730739e-03
  -1.6932031e-01   4.6809304e-02  -6.9619891e-01   4.2040870e-03  -3.8290960e-03  -2.4954958e-03
  -9.8903544e-02   5.3371951e-02  -4.0168129e-02   1.1013423e-03  -2.9581456e-03  -7.6802790e-04
  -7.8968794e-02  -2.6304039e-02  -5.9204440e-01   4.1813720e-03  -3.0360684e-03  -4.6629756e-04
  -1.4372405e-02   5.2514237e-02  -5.0678245e-01   9.8256324e-04  -3.6058961e-03   1.5137998e-03
  -5.6824667e-03   2.7028392e-02  -4.8576267e-01   2.1008052e-03  -3.5086852e-03   5.6844246e-04
  -1.5529714e-02   3.9317632e-02  -2.2010980e-01  -4.6633885e-04  -2.8730382e-03   2.5377711e-04
   1.2277445e-02  -3.6271825e-02  -5.0460970e-01   3.8620951e-03  -3.0536189e-03   7.3188853e-04
   8.6042848e-02   1.7627558e-02  -2.3074187e-01   2.4660923e-03  -4.2277103e-03   1.0168442e-03
  -3.6141900e-02  -1.1274598e-02  -3.3230763e-01   2.8991792e-03  -3.2302932e-03  -9.4711175e-04
   3.2586563e-03   3.1334224e-02  -3.2366726e-01   3.0681309e-03  -2.9387945e-03  -6.5887552e-04
  -7.2005352e-02  -1.2028668e-01  -1.4950756e-01   1.3733833e-03  -2.5140843e-03  -7.7045869e-04
  -3.7964428e-02   3.7892416e-02  -4.4975907e-01   3.4000583e-03  -1.7409997e-03  -6.1299272e-04
  -1.1671373e-01   2.2406915e-02  -4.2946734e-01   3.6225324e-03  -1.6799836e-03  -1.6716194e-03
  -1.1062116e-01   1.9273223e-02  -5.9230095e-01   5.5339145e-03  -2.2307589e-03  -1.6792210e-03
   1.1508441e-02   3.5476727e-02  -4.7235397e-01   4.6132563e-03  -4.8050822e-03  -4.1312529e-04
   4.4384817e-02   2.5458522e-02  -2.8542613e-01   4.9218328e-03  -4.0820607e-03   1.0388409e-04
   1.8435103e-02  -2.1594689e-02  -3.2982018e-01   4.5819444e-03  -3.5990099e-03  -3.3232851e-04
   2.2205595e-01   1.7841353e-02  -4.7749732e-01   3.6889291e-03  -4.4179548e-03   2.6416425e-03
   1.4508981e-01   5.2618732e-03  -5.1623690e-01   5.3100412e-03  -4.6387951e-03   1.0219385e-03
   2.2107965e-01   2.9963521e-03  -7.1524875e-01   6.8308812e-03  -4.4682324e-03   1.0423071e-03
   1.9603364e-01   5.6009969e-02  -3.9420138e-01   5.1197109e-03  -4.7598946e-03   5.8514571e-04
   2.2890964e-01  -8.0283385e-04  -7.5238055e-01   6.1574150e-03  -3.5148371e-03   2.3352459e-03
   1.6432053e-01   8.5976197e-02  -8.8566136e-01   6.5219746e-03  -3.7237212e-03   1.3818111e-03
   7.8827193e-02   1.0048134e-01  -6.7753404e-01   4.0712555e-03  -6.5817008e-03   7.3632802e-04
   6.2390448e-02   1.3225594e-01  -8.3686736e-01   5.8739937e-03  -5.6110557e-03   2.4053647e-04
   3.3602084e-02   1.4931711e-01  -8.7003141e-01   6.6699719e-03  -5.6432846e-03  -2.1013016e-04
   5.7211294e-02   1.3960020e-01  -8.9338088e-01   7.5345688e-03  -5.7131204e-03  -2.4126926e-04
   4.2220528e-02   1.1494565e-01  -8.7288581e-01   7.3010922e-03  -5.3128277e-03  -2.9701341e-04
   1.4732517e-01   1.3181000e-01  -7.2971302e-01   6.5443506e-03  -6.1151483e-03   9.3920776e-04
   1.4612060e-01   9.4235806e-02  -7.2641275e-01   5.8101736e-03  -5.1674911e-03   7.3745342e-04
   1.8366406e-01   8.1242714e-02  -8.8558756e-01   7.4213961e-03  -4.9886790e-03   1.3754824e-03
   1.4590292e-01   1.3008057e-01  -8.4080431e-01   7.6575623e-03  -4.9134326e-03   1.2550120e-03
   1.3510315e-01   1.8397935e-01  -5.9565858e-01   4.4055452e-03  -4.0998876e-03   1.1147511e-03
   1.1990443e-01   4.5663764e-02  -5.3552764e-01   5.1128506e-03  -4.6816445e-03   1.1238464e-03
   9.0882869e-02   8.8651500e-02  -9.7625820e-01   8.3912906e-03  -4.6615109e-03   6.6191956e-04
   3.3257822e-01   1.0235546e-01  -6.2056831e-01   6.9248193e-03  -1.6254517e-03   3.5631635e-03
   6.6974705e-02   7.0557772e-02  -4.0262244e-01   4.5254486e-03  -2.4271442e-04   4.1146113e-04
   1.1601304e-01  -1.4219958e-01  -2.7167919e-01   2.8008861e-03  -3.9955805e-03   1.8661980e-03
   1.9604034e-01   3.0907191e-02  -7.8480159e-01   8.4688702e-03  -2.4107728e-03   1.9264648e-03
   2.0285435e-01   4.4247152e-02  -6.7913142e-01   8.3580096e-03  -2.6278036e-03   2.1019915e-03
   1.7958253e-01   4.8906729e-02  -6.9073469e-01   7.7452473e-03  -2.5561477e-03   1.8530765e-03
   1.2330499e-01   2.1717668e-02  -5.2459573e-01   5.6183821e-03  -2.8905674e-03   1.2062036e-03
   2.2065344e-01  -2.4655492e-02  -6.7482713e-01   8.0157778e-03  -4.3698724e-03   2.5045498e-03
   2.4936094e-01   1.1769538e-02  -6.8755639e-01   8.5069766e-03  -6.4828927e-03   3.3585766e-03
   2.9751314e-01  -7.7182993e-04  -7.1956090e-01   1.0571992e-02  -5.1685916e-03   3.9515955e-03
   2.9977946e-01   5.4842125e-02  -6.0841351e-01   7.0962719e-03  -4.0239603e-03   3.3080901e-03
   2.1164757e-01  -4.3874263e-02  -4.4421048e-01   5.7740831e-03  -4.6649955e-03   3.0599697e-03
   2.7308215e-01  -3.9609775e-02  -7.0037613e-01   8.8161097e-03  -3.1889234e-03   3.1751675e-03
   2.2350018e-01  -3.0544725e-02  -5.1436743e-01   9.0446494e-03  -3.4255341e-03   2.7504143e-03
   2.1611844e-01  -3.5128158e-02  -7.1354668e-01   1.0976414e-02  -2.7199284e-03   2.3247904e-03
   2.7546414e-01   4.6844549e-02  -6.5298326e-01   1.0600754e-02  -3.3019656e-03   2.9599821e-03
   2.2274997e-01  -8.4264076e-02   4.1468936e-02   5.3574811e-03  -5.0460515e-03   2.8493649e-03
   2.5480809e-01  -6.9744419e-02  -8.1249022e-01   1.1162499e-02  -4.4617443e-03   3.6181727e-03
   2.1364083e-01   1.3720526e-02  -7.2866885e-01   1.0734657e-02  -4.4550183e-03   2.8510450e-03
   1.5438141e-01   1.7943853e-02  -7.9449348e-01   1.1923165e-02  -5.2142132e-03   2.9288691e-03
   1.7999461e-01  -1.7991513e-01  -4.9453622e-01   1.3474691e-02  -1.1343913e-02   2.2285569e-03
  -4.6658645e-02  -4.2762882e-02  -4.8389690e-01   7.7492848e-03  -1.5364313e-02   2.5889446e-03
  -1.0352855e-02  -1.3331561e-02  -8.7864644e-01   1.1085416e-02  -1.2340312e-02   2.6696933e-03
   2.3250008e-02   4.5722288e-02  -1.0261973e+00   1.3284613e-02  -1.1022562e-02   2.3776006e-03
   1.8806653e-01   5.6868485e-02  -8.8270745e-01   1.3139879e-02  -1.0480846e-02   4.2395349e-03
   2.5015344e-01   2.2047648e-02  -8.3754572e-01   1.4040365e-02  -8.1738167e-03   4.2146580e-03
   2.7330981e-01  -4.6407628e-03  -7.1043430e-01   1.3154324e-02  -7.5645752e-03   4.1580484e-03
   1.7289000e-01   5.2509383e-02  -7.1229461e-01   1.0496026e-02  -6.4060515e-03   3.7208809e-03
   1.6915856e-01  -8.6096660e-02  -6.6472994e-01   1.1671738e-02  -6.6348202e-03   3.9423358e-03
   2.5393886e-01   3.2253991e-03  -8.0177270e-01   1.3005533e-02  -5.8855234e-03   4.6542083e-03
   2.5284902e-01   4.5776687e-02  -7.1990320e-01   1.2989260e-02  -5.7993385e-03   3.8240235e-03
   1.8500610e-01   4.6543287e-02  -7.4355914e-01   1.2330323e-02  -6.3319594e-03   3.1571489e-03
   1.4944350e-01  -1.9513968e-02  -9.0605586e-01   1.3393414e-02  -6.5116526e-03   2.9877532e-03
   1.7637700e-01   2.0333286e-02  -7.5297986e-01   1.1674784e-02  -6.0080517e-03   3.0488323e-03
   1.8858054e-01   4.2234773e-02  -6.8136077e-01   1.1104483e-02  -6.7363747e-03   3.3237741e-03
   1.1807143e-01  -3.3942954e-02  -8.2560195e-01   1.3198719e-02  -5.9660276e-03   2.9364239e-03
   1.6637975e-01  -5.7820015e-02  -7.6300380e-01   1.1479968e-02  -5.9223729e-03   3.3283971e-03
   1.7154923e-01  -2.0584503e-02  -7.5910939e-01   1.2203017e-02  -5.9857066e-03   3.4994632e-03
   1.2172470e-01  -1.7386466e-02  -8.1023405e-01   1.2688230e-02  -5.8948235e-03   2.7894652e-03
   1.4722096e-01  -2.0505267e-02  -8.1667626e-01   1.2628218e-02  -5.7117915e-03   2.6982195e-03
   1.8572635e-01  -1.4451923e-02  -7.9462050e-01   1.2222217e-02  -5.5312275e-03   3.2443130e-03
   2.1736675e-01  -7.7325117e-03  -7.3656911e-01   1.1540854e-02  -5.2918863e-03   3.0520218e-03
   3.1209221e-01  -1.7498150e-02  -6.9648736e-01   1.2382035e-02  -6.0755144e-03   3.6719405e-03
   3.1336116e-01  -7.9441665e-02  -6.6657599e-01   1.2427637e-02  -5.3168030e-03   3.7872350e-03
   2.7600565e-01  -4.4737329e-02  -6.4993604e-01   1.0760930e-02  -4.7323252e-03   3.9868448e-03
   9.0289661e-02  -8.8428605e-03  -1.4158293e+00   1.5581725e-02  -4.3145737e-03   1.7080003e-03
   1.1998600e-02   1.3387476e-01  -1.2108890e+00   1.1045742e-02  -4.4392294e-03   7.8896047e-04
   1.4116792e-02   1.1185121e-01  -1.1328455e+00   1.1301739e-02  -3.9354486e-03   6.6596391e-04
   4.9719486e-02   7.9717347e-02  -1.1469244e+00   1.2050706e-02  -3.8861111e-03   1.4746556e-03
   4.8987403e-02   8.8034902e-02  -1.1637271e+00   1.1562915e-02  -4.0102919e-03   1.3175653e-03
   1.5626368e-02   3.5331320e-02  -1.3919180e+00   1.2313085e-02  -3.8224334e-03   1.6259508e-03
   5.8097557e-02   9.3222028e-02  -1.1815181e+00   9.4864018e-03  -4.0193811e-03   2.4661437e-03
   9.2410690e-02   4.3738092e-02  -8.5899975e-01   8.2524413e-03  -4.8421856e-03   2.6867625e-03
   7.7960181e-03   1.9388303e-01  -7.7850775e-01   5.4819435e-03  -4.4186474e-03   1.4505716e-03
  -6.4672129e-02   9.6206718e-02  -1.1637260e+00   7.4539044e-03  -5.0608513e-03   4.4811941e-04
   8.2242928e-03   1.2460054e-01  -9.1103249e-01   9.9256222e-03  -5.0932301e-03   6.2594180e-04
  -8.7753601e-02   1.1550024e-01  -1.1233882e+00   9.9004525e-03  -4.3139307e-03  -5.6562954e-04
  -4.8347722e-02   1.6580043e-01  -9.9531406e-01   1.0083063e-02  -5.5164003e-03  -5.0500469e-04
  -1.0193010e-01   1.8315425e-01  -1.2139863e+00   1.1126657e-02  -4.6711644e-03  -1.1488138e-03
  -9.3202989e-02   1.8169809e-01  -1.1900078e+00   1.1051448e-02  -3.6009433e-03  -1.7656176e-03
  -7.2242237e-02   1.8834109e-01  -1.1155873e+00   9.8119385e-03  -4.7078816e-03  -1.0926732e-03
  -1.0011706e-01   2.1116976e-01  -8.1050791e-01   6.6625721e-03  -5.7892290e-03  -2.6248454e-04
  -8.4445494e-02  -1.2126996e-02  -6.9607950e-01   4.1470971e-03  -7.4127130e-03  -4.4731452e-05
  -7.9828292e-02   2.0923082e-01  -1.1603725e+00   9.7387610e-03  -5.3900555e-03  -9.6484438e-04
  -1.7379593e-02   2.6307354e-01  -1.0072908e+00   8.7811929e-03  -5.0996990e-03  -4.7811913e-04
  -4.6477977e-02   2.9964975e-01  -8.0389967e-01   5.3738756e-03  -4.3329477e-03  -6.7645989e-04
  -5.2154037e-02   9.0670321e-02  -9.1541551e-01   6.2646599e-03  -4.2860693e-03  -5.6756732e-04
  -4.7509683e-02   1.7067924e-01  -1.0471884e+00   8.2646836e-03  -3.5058030e-03  -1.0895500e-03
   1.0159815e-01   2.0416046e-01  -9.9337803e-01   9.3016419e-03  -3.8186938e-03  -1.0040052e-04
   1.5687293e-02   2.5175884e-01  -9.4079297e-01   8.6403606e-03  -3.5861873e-03  -2.5700470e-04
  -6.0322459e-03   1.5355367e-01  -1.0017451e+00   9.0610550e-03  -2.6861988e-03  -8.5056382e-04
  -1.8436603e-02   2.2595509e-01  -9.7825644e-01   9.3865664e-03  -2.9058972e-03  -8.3199735e-04
  -3.2354297e-02   2.5159375e-01  -9.5642229e-01   8.8126874e-03  -2.4475934e-03  -1.0765149e-03
   1.2808532e-01   2.4260050e-01  -1.1305173e+00   8.0912050e-03  -3.0748771e-03  -4.9801626e-04
  -1.7817178e-02   2.5210945e-01  -1.0754934e+00   9.7327349e-03  -6.5061686e-04  -1.6023472e-03
   1.4508479e-02   2.6795159e-02  -6.1982649e-01   5.0714766e-03  -2.5816858e-03  -7.2475220e-04
   1.0971532e-01   1.3755973e-01  -7.8130306e-01   1.0278114e-02  -6.0155829e-03  -1.2825310e-03
  -1.5115682e-02   5.5206767e-02  -9.3623282e-01   7.7567318e-03  -3.0912796e-03  -1.1192432e-03
  -6.1377585e-02   1.8660024e-01  -9.5389750e-01   8.5984246e-03  -1.8491302e-03  -1.9544824e-03
  -8.5211812e-02   2.3282529e-01  -9.3324684e-01   7.9166333e-03  -1.0101363e-03  -2.0479947e-03
  -6.9979666e-02   2.4498593e-01  -9.0012933e-01   6.0127304e-03  -1.4702984e-04  -1.8235161e-03
  -6.7048210e-02   2.4064453e-01  -8.7869298e-01   5.2166275e-03  -8.9264554e-05  -1.9458335e-03
  -8.4184093e-02   2.3212769e-01  -8.7590397e-01   4.8932254e-03  -3.3429656e-05  -2.3198451e-03
  -9.7548888e-02   2.4311073e-01  -8.7612636e-01   4.2040870e-03  -1.3978037e-04  -2.5552793e-03
  -1.0177841e-01   2.3765762e-01  -8.9058174e-01   3.0906089e-03   1.9856539e-06  -2.7459115e-03
  -1.1513083e-01   2.4702334e-01  -8.9755871e-01   2.5393725e-03  -1.6726201e-04  -2.6097076e-03
  -1.1779274e-01   2.5681280e-01  -8.9128780e-01   2.1257670e-03  -1.5732325e-04  -2.8928122e-03
  -1.2120132e-01   2.3982874e-01  -8.9948649e-01   2.6627892e-03   3.3402981e-05  -2.7464045e-03
  -1.2227853e-01   2.4099931e-01  -9.0333390e-01   2.6947796e-03  -5.6100380e-05  -2.5514707e-03
  -1.2936463e-01   3.2516544e-01  -8.8597608e-01   2.4158103e-03  -1.9509111e-04  -2.9089311e-03
  -1.2360838e-01   3.5707593e-01  -7.2386555e-01   1.0485395e-03  -1.4955064e-05  -3.3072706e-03
  -1.3405703e-01   2.1475085e-01  -7.6380676e-01   1.7346638e-03   3.7877736e-04  -3.0682468e-03
  -1.0322608e-01   2.3385594e-01  -9.1130430e-01   3.7204493e-03  -5.5619705e-04  -2.4826244e-03
  -7.7041701e-02   2.8157716e-01  -7.2731116e-01   5.6692295e-03  -1.4447659e-03  -1.7897770e-03
  -1.0019529e-01   1.8840890e-01  -1.0646112e+00   7.6898272e-03  -1.9695382e-04  -2.1702204e-03
  -9.6456191e-02   2.3217812e-01  -8.7432165e-01   4.6706078e-03   3.1606249e-04  -2.4996137e-03
  -9.4438243e-02   2.2969222e-01  -8.3684964e-01   3.7620051e-03   5.6445011e-04  -2.6254207e-03
  -8.7931217e-02   2.2790901e-01  -7.9515412e-01   2.7921755e-03   7.4795070e-04  -2.8166346e-03
  -1.0200191e-01   2.1971225e-01  -8.0521454e-01   2.6081445e-03   5.0108394e-04  -2.7794065e-03
  -1.2132554e-01   2.1022551e-01  -9.3108905e-01   5.2598413e-03  -1.2166747e-03  -2.6602517e-03
  -1.4384700e-01   2.2329074e-01  -6.4984721e-01   2.3173316e-03  -2.6292324e-04  -3.4956005e-03
  -1.1437210e-01   2.0030697e-01  -8.9934768e-01   4.1046955e-03   2.7090238e-04  -3.2770842e-03
  -5.6154737e-03   2.7807714e-01  -6.5655771e-01   7.4493132e-03  -1.5132378e-03  -1.7185932e-03
  -1.0458463e-01   2.5170079e-01  -8.5945966e-01   6.0400459e-03  -1.5597868e-04  -2.8168327e-03
  -9.6372102e-02   2.1168363e-01  -8.5192614e-01   5.2122963e-03   7.4544584e-05  -3.0476596e-03
  -9.9705886e-02   2.8107700e-01  -7.8302151e-01   3.9405502e-03  -1.4614028e-05  -2.7522934e-03
  -5.9267190e-02   2.0799144e-01  -8.5548057e-01   5.1394351e-03  -2.8429661e-03  -1.8200552e-03
  -8.7390039e-02   1.7791459e-01  -5.9163510e-01   4.1545524e-03  -1.6845487e-03  -2.9591309e-03
  -1.0214491e-01   1.6859124e-01  -6.9857037e-01   2.0562946e-03  -5.0501555e-06  -3.3614005e-03
  -7.8807719e-02   2.4364775e-01  -7.2204347e-01   4.1999770e-03   1.4897756e-04  -3.3852648e-03
  -3.2386218e-02   2.0816763e-01  -7.7149374e-01   4.0345063e-03   4.9880944e-04  -2.2907684e-03
  -5.9310810e-02   2.3052440e-01  -7.1507138e-01   3.3908748e-03   6.0259244e-04  -3.0358509e-03
  -7.6646350e-02   2.3718171e-01  -6.9228861e-01   2.0939244e-03   5.4711571e-04  -3.6261958e-03
  -6.4401146e-02   2.4313273e-01  -6.6996945e-01   1.2614972e-03   6.9807875e-04  -3.5225317e-03
  -5.9568579e-02   2.2446414e-01  -6.4226127e-01   1.0716244e-03   6.6622949e-04  -2.9457317e-03
  -6.8814516e-02   2.2613434e-01  -6.7080859e-01   9.1731047e-04   6.4019257e-04  -3.0292389e-03
  -7.5905094e-02   2.6198072e-01  -6.8094012e-01   2.8331361e-04   2.4285032e-04  -2.6157048e-03
  -8.2945972e-02   2.4549891e-01  -6.9441643e-01  -3.5389363e-04   3.0950182e-04  -2.7971519e-03
  -8.6765594e-02   2.3715542e-01  -6.9534151e-01  -5.6560376e-05   1.6115576e-04  -2.7081908e-03
  -1.0190282e-01   2.6944955e-01  -6.8422563e-01   1.2270916e-03  -1.2776090e-03  -3.4159385e-03
  -2.0326989e-01   2.5649908e-01  -7.0891748e-01   1.8076492e-03  -5.7252193e-04  -4.8296223e-03
  -1.7815829e-01   1.5752500e-01  -8.8670282e-01   4.0204645e-03   8.0109913e-04  -4.5184276e-03
  -2.4308878e-01   2.7572786e-01  -7.2237113e-01   4.8642605e-03   1.4068726e-03  -5.5755340e-03
  -2.1077327e-01   1.8383333e-01  -8.8053405e-01   5.9281495e-03   1.2258595e-03  -5.1030740e-03
  -2.2715092e-01   2.3560619e-01  -7.1350640e-01   5.0464391e-03   2.0275385e-03  -5.7015529e-03
  -2.3352421e-01   2.5964891e-01  -7.3956789e-01   4.8113712e-03   1.2838863e-03  -5.4762386e-03
  -1.8350392e-01   2.2925960e-01  -8.0204912e-01   4.3028920e-03   1.4479896e-03  -5.0414995e-03
  -1.7713772e-01   2.3596653e-01  -8.0886788e-01   3.4767847e-03   1.0851550e-03  -4.7328289e-03
  -1.7760382e-01   2.2892728e-01  -7.9699840e-01   3.0231796e-03   1.7006841e-03  -4.8885987e-03
  -2.0413493e-01   2.0343858e-01  -5.1955977e-01   3.1058734e-04   2.2160154e-03  -5.3052621e-03
  -1.8133563e-01   2.7793922e-01  -6.7310804e-01   1.0722140e-03   1.2723695e-03  -4.7629854e-03
  -2.2424209e-01   1.9369144e-01  -6.1545385e-01   2.6079976e-03   6.0627975e-04  -5.0013403e-03
  -2.4726414e-01   1.5801799e-01  -3.5429477e-01   6.1977540e-04   1.3169407e-03  -5.6213166e-03
  -2.8085694e-01   1.6517898e-01  -8.4926377e-01   4.2248572e-03   1.5854890e-03  -6.0698336e-03
  -2.2195588e-01   2.3392922e-01  -7.7172321e-01   5.0722974e-03   6.3090171e-04  -5.5967313e-03
  -2.7057617e-01   1.3486756e-01  -1.6893275e-01   6.9435802e-04   1.6585442e-03  -5.9730061e-03
  -2.5603464e-01   2.4157949e-01  -7.8114164e-01   4.3154359e-03   1.9720063e-03  -5.8875479e-03
  -2.2451042e-01   2.2189615e-01  -7.8686202e-01   3.7324722e-03   1.3864029e-03  -5.4329147e-03
  -2.2901442e-01   2.4724956e-01  -7.9525846e-01   2.7121160e-03   1.3718044e-03  -5.2214789e-03
  -2.2611230e-01   2.5581338e-01  -7.8749124e-01   2.3700675e-03   1.0707255e-03  -4.9896231e-03
  -2.2625152e-01   2.6223644e-01  -7.7299365e-01   2.7183744e-03   1.5699243e-03  -5.0559035e-03
