   0.0000000e+00   0.0000000e+00   0.0000000e+00   1.3877788e-17   0.0000000e+00   0.0000000e+00
   4.0854681e-03   2.9899993e-02   1.2156027e-02   7.8593925e-04  -2.0000473e-04   4.5333802e-05
   7.5847561e-03   1.3460376e-02   7.1507149e-03  -3.9804914e-04  -5.0714897e-04  -2.6631310e-04
   3.2149268e-03   6.3308162e-03  -1.2632335e-02  -1.0961006e-04  -7.0797702e-04  -4.0599078e-04
   1.4205431e-03  -1.6955319e-03  -2.0090936e-02  -1.0275585e-04  -5.8193148e-04  -5.3884845e-04
  -8.7677576e-03   2.7985511e-02   4.3541054e-03  -4.0978433e-04  -2.4766657e-04  -7.5124078e-04
  -2.9207523e-03   2.9133711e-02  -2.8175999e-02  -2.3500572e-04  -2.8064889e-04  -7.9879224e-04
   1.5632624e-02   5.5114155e-02  -2.5550724e-02  -6.7230839e-04  -2.8573638e-04  -5.1232932e-04
   2.3710500e-02   1.6187194e-02  -2.7254776e-02  -1.0747315e-03  -6.7442872e-04  -5.9682121e-04
   2.2881867e-02   3.3994800e-02  -1.3311281e-02  -7.4598179e-04  -9.3812110e-04  -6.8061674e-04
   1.6035027e-02   3.0783980e-02  -2.5648891e-02  -3.2644009e-04  -1.1294995e-03  -9.9337174e-04
   1.9660763e-02   2.5358823e-02  -4.9905696e-02  -1.6610897e-04  -8.8414197e-04  -1.0002737e-03
   3.1689349e-02   2.5357471e-02  -3.6134177e-02  -8.1318017e-04  -8.1742125e-04  -1.0670299e-03
   3.4311673e-02   2.9122884e-02  -2.4649561e-02  -2.8406104e-04  -5.9587460e-04  -1.0376025e-03
   4.3085254e-02   4.2215032e-02  -2.6615180e-02  -9.6283196e-05  -8.2874404e-04  -1.2193966e-03
   5.3839834e-02   2.5323114e-02  -5.5789629e-02   2.4469045e-04  -4.8576791e-04  -1.1790628e-03
   6.1422080e-02   4.2260806e-02  -7.0003742e-02   7.6646119e-04  -5.1268727e-04  -7.6027631e-04
   4.3367585e-02   4.0937497e-02  -3.3799266e-02  -5.9074116e-04  -6.9332300e-04  -1.1709338e-03
   4.3933024e-02   3.7429243e-02  -5.9918689e-02  -2.6337061e-04  -5.1958318e-04  -1.3740866e-03
   5.0051183e-02   3.6647669e-02  -9.0499117e-02  -5.3145738e-05  -3.2002015e-04  -1.3210590e-03
   4.6342018e-02   4.9927967e-02  -3.0685927e-02  -9.0635765e-04  -5.4691241e-04  -1.4490746e-03
   5.1007821e-02   4.1874861e-02  -5.1815567e-02  -3.6316444e-04  -4.5837080e-04  -1.2800808e-03
   6.9316211e-02   4.1893080e-02  -7.7186113e-02   1.6451523e-04  -5.3527929e-04  -1.1318776e-03
   6.5728097e-02   6.4123968e-02  -2.8176513e-02  -3.2550737e-04  -7.5949658e-04  -1.0474003e-03
   7.1566043e-02   4.3542379e-02  -5.7674578e-02  -2.0698227e-04  -5.6697809e-04  -1.0662662e-03
   8.0117884e-02   4.2476334e-02  -9.6549543e-02   5.0089097e-05  -4.9126178e-04  -9.8242527e-04
   7.9893542e-02   5.0296703e-02  -7.3680900e-02  -2.9444546e-04  -1.0019187e-03  -1.0256056e-03
   8.1093963e-02   4.5174862e-02  -7.9801622e-02  -2.0543402e-04  -1.1304934e-03  -9.7414672e-04
   8.2676860e-02   4.1122278e-02  -8.8303127e-02   1.1889144e-04  -1.0727608e-03  -9.6472215e-04
   7.9320209e-02   3.9072929e-02  -7.5015513e-02  -1.3294374e-04  -1.4781048e-03  -1.1234591e-03
   7.4539766e-02   3.4058954e-02  -5.8667970e-02  -6.7239908e-04  -1.5049831e-03  -1.2868850e-03
   6.7715047e-02   5.1597638e-02  -4.6965580e-02  -2.8732348e-04  -1.5723303e-03  -1.4682320e-03
   7.0842363e-02   4.0367428e-02  -7.6429675e-02  -3.9295946e-04  -1.4055103e-03  -1.5067114e-03
   7.0949424e-02   3.4505168e-02  -7.4704068e-02  -7.2233834e-04  -1.3107762e-03  -1.4763070e-03
   7.9729752e-02   5.2196367e-02  -2.0136895e-02  -9.1031740e-04  -1.0519801e-03  -1.3529446e-03
   8.7086729e-02   6.1730343e-02  -6.3028922e-02  -3.7827496e-04  -1.0191001e-03  -1.1466406e-03
   8.5079077e-02   4.1638187e-02  -6.2651404e-02  -8.8180641e-04  -1.1646908e-03  -1.3234817e-03
   8.3806167e-02   6.3322151e-02  -1.3848582e-02  -9.4866313e-04  -1.0134026e-03  -1.5811721e-03
   8.2479661e-02   4.4440370e-02  -3.1550040e-02  -8.2891856e-04  -1.0837058e-03  -1.5743687e-03
   8.2055911e-02   3.3244886e-02  -5.1924614e-02  -9.2003197e-04  -1.0070321e-03  -1.6468722e-03
   8.2716554e-02   4.3402489e-02  -1.0163478e-02  -1.2942746e-03  -1.1371155e-03  -1.6979347e-03
   8.8773583e-02   3.3416450e-02  -4.1543809e-02  -5.3944347e-04  -1.0288954e-03  -1.7177142e-03
   8.2809409e-02   2.5878159e-02  -5.4706748e-02  -4.9017457e-04  -8.5409996e-04  -1.6167403e-03
   8.4420545e-02   6.4061061e-02  -5.6446427e-02   3.5171087e-05  -9.7752416e-04  -1.6133562e-03
   7.8176278e-02   4.2564466e-02  -2.8587473e-02  -8.3064399e-04  -1.0071934e-03  -1.7188060e-03
   7.5592237e-02   1.8006507e-02  -5.7309076e-02  -8.3981820e-04  -1.1587599e-03  -1.8652268e-03
   7.6364455e-02   3.7663614e-02  -1.8197482e-02  -9.7869992e-04  -1.2344531e-03  -1.9183242e-03
   7.8899618e-02   3.0454638e-02  -5.2076522e-02  -3.2360500e-04  -1.3227734e-03  -1.7233027e-03
   7.5068168e-02   3.6233455e-02  -8.1975407e-02   9.9004915e-05  -1.3766053e-03  -1.6769376e-03
   8.5044660e-02   4.3273301e-02  -6.6874094e-02  -4.7967096e-04  -1.3664821e-03  -1.5914433e-03
   7.8159528e-02   5.8450781e-02  -4.1837908e-02  -3.1779111e-04  -1.4170527e-03  -1.5553226e-03
   7.6279075e-02   5.4195041e-02  -6.4212259e-02  -2.7190464e-04  -1.3322184e-03  -1.6064499e-03
   7.5563682e-02   3.5065900e-02  -9.1241723e-02  -2.9571366e-04  -1.2844818e-03  -1.6301703e-03
   8.4050717e-02   5.6463014e-02  -7.0112082e-02  -2.6617700e-04  -1.4359696e-03  -1.7790272e-03
   7.8599852e-02   6.0859689e-02  -3.1460341e-02  -5.4815197e-04  -1.6943538e-03  -1.8475578e-03
   8.0281476e-02   2.5673601e-02  -7.6214851e-02   2.1088526e-06  -1.3912107e-03  -1.6975785e-03
   7.8822025e-02   3.6069730e-02  -6.2553738e-02  -2.8538323e-04  -1.3795675e-03  -1.7440543e-03
   7.6499265e-02   5.3919868e-02  -4.0455324e-02  -4.1961735e-04  -1.4192179e-03  -1.9238739e-03
   8.4554691e-02   3.9354474e-02  -7.4022889e-02   6.0716131e-05  -1.4969231e-03  -1.7895371e-03
   8.4223511e-02   6.6067982e-02  -1.1453454e-01   1.5489131e-03  -1.3320444e-03  -1.6790974e-03
   7.2288425e-02   4.7547956e-02  -7.1136351e-02  -1.4636879e-04  -1.3825738e-03  -1.8889053e-03
   7.3102213e-02   5.3695177e-02  -4.3654957e-02  -1.6833854e-04  -1.6330338e-03  -1.8145298e-03
   6.4434946e-02   3.6861665e-02  -6.6580535e-02   5.4516703e-04  -1.4417209e-03  -1.7383094e-03
   6.9735130e-02   4.3370032e-02  -8.2238820e-02  -2.9200565e-04  -1.3165700e-03  -1.6904112e-03
   7.5919950e-02   5.0019278e-02  -4.4636848e-02  -1.0778303e-04  -1.4599694e-03  -1.8295340e-03
   8.4916177e-02   5.9759384e-02  -5.3476417e-02   3.1266835e-04  -1.2310703e-03  -1.7455502e-03
   9.2514972e-02   3.8424236e-02  -7.8823935e-02   3.0167294e-04  -1.1189194e-03  -1.7544640e-03
   8.9189062e-02   2.8934805e-02  -6.2585111e-02  -1.0453815e-04  -1.1718172e-03  -1.8352598e-03
   9.0507563e-02   4.1808037e-02  -3.8434564e-02   1.7865555e-04  -1.1963256e-03  -1.8349869e-03
   8.0840936e-02   3.4138923e-02  -4.8928259e-02   4.2096213e-04  -1.2616652e-03  -1.7345490e-03
   7.8009420e-02   2.4935852e-02  -8.5636211e-02  -2.1529755e-05  -1.1731817e-03  -1.7647286e-03
   8.5474250e-02   3.5626428e-02  -5.9379707e-02  -4.2402650e-04  -1.1276505e-03  -1.7785690e-03
   9.1284710e-02   3.9048700e-02  -4.6909183e-02  -2.6275735e-04  -9.5572869e-04  -1.7075463e-03
   9.2261196e-02   7.5652456e-02  -7.1693887e-02   5.7962829e-04  -1.0611196e-03  -1.4630981e-03
   8.8660212e-02   3.0630223e-02  -9.0078222e-02   1.4088162e-04  -1.0256955e-03  -1.5226295e-03
   8.4595643e-02   4.8054312e-02  -8.4245900e-02   3.7667885e-04  -1.1036324e-03  -1.4653248e-03
   8.0637927e-02   5.8876857e-02  -6.5108902e-02  -4.5178563e-05  -1.2227547e-03  -1.6147635e-03
   6.9484089e-02   3.9711541e-02  -6.3162855e-02   1.2909747e-04  -1.3197685e-03  -1.6939450e-03
   6.7647992e-02   4.6452800e-02  -7.8850819e-02   2.9080844e-04  -1.2972427e-03  -1.6951179e-03
   7.1080640e-02   4.6518241e-02  -1.1195199e-01   5.2812485e-04  -1.3751173e-03  -1.6396868e-03
   7.4306692e-02   5.1882086e-02  -6.3346919e-02  -2.0765356e-04  -1.4711492e-03  -1.7540830e-03
   8.2504767e-02   6.9880136e-02  -6.6617705e-02   2.2993497e-04  -1.4256965e-03  -1.7329565e-03
   9.3503856e-02   5.2979865e-02  -1.1838745e-01   8.7940969e-04  -1.5521683e-03  -1.5054066e-03
   8.9135321e-02   4.7714867e-02  -9.1302518e-02   2.4159464e-04  -1.8828014e-03  -1.7096472e-03
   9.1132574e-02   5.6389662e-02  -5.0529400e-02  -4.5613641e-05  -1.9637875e-03  -1.9186419e-03
   9.1773954e-02   5.4842160e-02  -6.7295097e-02   8.1750977e-04  -2.3186900e-03  -1.5287127e-03
   1.0950649e-01   7.5623947e-02  -1.0279481e-01   5.3409843e-04  -2.0615773e-03  -8.1011801e-04
   1.0462205e-01   7.2012449e-02  -7.7285578e-02  -1.5724646e-04  -2.0870027e-03  -1.2968030e-03
   9.6424101e-02   5.5411775e-02  -1.2044480e-01   1.8523962e-04  -1.8919655e-03  -1.3867904e-03
   9.3554324e-02   4.6329124e-02  -1.3313468e-01  -2.0105209e-04  -1.9828245e-03  -1.3328447e-03
   8.8064567e-02   5.9440221e-02  -8.2538036e-02  -5.3971836e-04  -2.0224506e-03  -1.6138454e-03
   9.1372574e-02   5.7708249e-02  -1.0282387e-01   1.4315356e-04  -2.3708497e-03  -1.4618546e-03
   9.1480574e-02   8.3569956e-02  -1.5421934e-01   5.5965330e-04  -2.2931238e-03  -1.2194663e-03
   9.2194959e-02   6.0104608e-02  -1.1363026e-01  -3.9289800e-04  -2.3412754e-03  -1.4639439e-03
   8.3803385e-02   5.9406398e-02  -1.0333663e-01   4.3948725e-04  -2.2284212e-03  -1.5143660e-03
   7.1280607e-02   5.2016332e-02  -1.3016851e-01   6.6827052e-04  -2.2965089e-03  -1.6256031e-03
   7.0095913e-02   4.4034721e-02  -1.2732081e-01   3.5959138e-05  -2.5082224e-03  -1.7338725e-03
   7.9776674e-02   6.3072311e-02  -8.7851890e-02  -3.4121997e-05  -2.4423774e-03  -1.6733886e-03
   8.7032258e-02   7.5520848e-02  -1.1279278e-01   1.4133234e-03  -2.6783566e-03  -1.3293079e-03
   8.3245521e-02   4.7299311e-02  -1.1898531e-01   4.7609010e-04  -2.4796280e-03  -1.5279926e-03
   8.1381232e-02   5.0879930e-02  -1.1599855e-01  -1.5648140e-04  -2.4281701e-03  -1.7761103e-03
   7.0849958e-02   5.2834659e-02  -9.9474868e-02   4.9956709e-04  -2.6857675e-03  -1.8312965e-03
   7.3810613e-02   4.6349291e-02  -1.2599893e-01   1.3425631e-05  -2.4092595e-03  -1.8881566e-03
   7.7719253e-02   4.3720265e-02  -1.5123227e-01  -6.8405757e-06  -2.3983427e-03  -1.8385434e-03
   8.0661737e-02   6.0472411e-02  -1.1955263e-01  -1.3342545e-04  -2.4283798e-03  -1.8128489e-03
   8.4197930e-02   6.5136879e-02  -1.2440811e-01   1.3631976e-04  -2.8364969e-03  -1.7970241e-03
   9.2663246e-02   7.6621612e-02  -1.3363387e-01   4.0703971e-04  -2.5206720e-03  -1.6519036e-03
   8.6095725e-02   5.2276844e-02  -1.4840521e-01   5.6273254e-04  -2.3045127e-03  -1.6887042e-03
   8.1110500e-02   6.3318158e-02  -1.0936813e-01  -5.0546435e-06  -2.1934408e-03  -1.7450726e-03
   7.9523218e-02   6.7665182e-02  -7.4217356e-02   1.3563488e-04  -2.1858440e-03  -1.7112635e-03
   8.5212374e-02   4.3759118e-02  -1.4146533e-01   4.8788382e-04  -2.0308290e-03  -1.3602349e-03
   8.2670104e-02   6.4825133e-02  -1.5610256e-01   9.1193389e-04  -2.3359604e-03  -1.3003541e-03
   7.6865765e-02   8.1515955e-02  -1.0718071e-01   6.3834094e-04  -2.5774036e-03  -1.5827849e-03
   7.9415844e-02   7.1014105e-02  -1.4431780e-01   1.4028021e-03  -2.4868521e-03  -1.4966436e-03
   8.4644032e-02   4.6408490e-02  -1.3956827e-01   5.6345372e-04  -2.4151928e-03  -1.3979938e-03
   8.4306882e-02   4.5609736e-02  -1.5606915e-01   5.3801623e-05  -2.2922104e-03  -1.3690576e-03
   8.1159073e-02   6.7190339e-02  -1.3051043e-01   1.2525455e-04  -2.3936474e-03  -1.5729652e-03
   8.8329645e-02   7.4473686e-02  -1.3131663e-01   7.3444214e-04  -2.4272552e-03  -1.6940769e-03
   9.3139985e-02   5.9301616e-02  -1.6367677e-01   5.9662523e-04  -2.3181280e-03  -1.5467323e-03
   9.8896926e-02   8.1327390e-02  -1.6466945e-01   4.3146173e-04  -2.6584854e-03  -1.4632899e-03
   1.0370642e-01   5.9446000e-02  -1.4684317e-01   1.6458050e-04  -2.7443273e-03  -1.3776463e-03
   1.2083002e-01  -2.7100120e-02  -2.5184888e-01   2.8097063e-03  -2.4751199e-03  -6.5754611e-04
   9.4623222e-02  -7.4128190e-02  -2.9466576e-01   3.2346705e-03  -1.3274818e-03   5.6149174e-04
   1.0669301e-01  -4.2075870e-02  -3.1160661e-01   1.8760078e-03  -8.5965962e-04  -1.2990619e-04
   1.1588055e-01  -1.3779986e-02  -2.9134198e-01   1.4683318e-03  -1.3405281e-03  -8.4910664e-04
   1.1496399e-01  -6.6871367e-03  -3.0412079e-01   1.5275509e-03  -1.4947021e-03  -9.0356533e-04
   1.1455564e-01  -1.3395966e-02  -3.1985747e-01   1.7604329e-03  -1.7870998e-03  -1.2080389e-03
   1.3017124e-01   1.6579876e-02  -3.2358588e-01   2.0910922e-03  -1.7995730e-03  -1.0871973e-03
   1.3631814e-01   4.1771087e-03  -3.0680446e-01   1.7929986e-03  -1.8406489e-03  -1.2004952e-03
   1.3825177e-01   1.4103992e-02  -2.8943165e-01   2.0151898e-03  -1.6160287e-03  -1.2483281e-03
   1.3621771e-01  -1.5523066e-02  -3.3734008e-01   1.8489793e-03  -2.0324819e-03  -1.3485859e-03
   1.3092721e-01  -4.1148313e-03  -3.1988410e-01   1.0453938e-03  -2.4216911e-03  -1.6811180e-03
   1.2410172e-01   1.9624197e-02  -2.8832669e-01   1.6000705e-03  -2.4084377e-03  -1.7146263e-03
   1.3457121e-01   6.7621189e-03  -3.3837759e-01   2.0981967e-03  -2.3551065e-03  -1.4442480e-03
   1.5332312e-01   2.8257792e-02  -3.3087601e-01   2.0760209e-03  -2.6881179e-03  -9.6572457e-04
   1.5687951e-01   3.2362175e-02  -3.1843443e-01   2.5228974e-03  -2.7033733e-03  -1.1561569e-03
   1.6355900e-01   2.0533477e-03  -3.6842566e-01   2.0522135e-03  -2.7981328e-03  -1.0155371e-03
   1.6481933e-01   6.0438062e-03  -3.9495976e-01   2.0532824e-03  -2.6196216e-03  -1.0057333e-03
   1.6781804e-01   4.7333796e-02  -3.5736353e-01   2.4280407e-03  -2.4344411e-03  -1.2324809e-03
   1.5458832e-01   2.3966387e-02  -3.0798574e-01   1.6081779e-03  -2.4152155e-03  -1.2994625e-03
   1.6089516e-01  -1.7322084e-02  -3.6927241e-01   1.9401767e-03  -2.6469643e-03  -1.2805059e-03
   1.6854580e-01  -2.6183672e-03  -3.7294043e-01   1.6408684e-03  -2.9767464e-03  -1.2906774e-03
   1.6389221e-01   3.1811090e-02  -3.5781170e-01   2.1737549e-03  -3.3154256e-03  -1.6183252e-03
   1.7422036e-01   2.6563857e-02  -3.7854705e-01   2.2986494e-03  -3.2838146e-03  -1.3856832e-03
   1.8429203e-01   1.2235052e-02  -3.9806559e-01   2.4906240e-03  -3.1314022e-03  -1.3101803e-03
   1.9228518e-01   4.3190150e-02  -4.1307097e-01   1.8765528e-03  -3.1939461e-03  -1.2361796e-03
   1.9586350e-01   2.2607471e-02  -3.9231746e-01   1.8272181e-03  -3.2710128e-03  -1.3281553e-03
   2.1164900e-01   3.3629750e-02  -3.9052557e-01   2.2810297e-03  -3.7614757e-03  -1.2602537e-03
   2.0463819e-01   2.5995283e-02  -4.1110177e-01   2.6493587e-03  -3.6133135e-03  -1.1103500e-03
   2.0250203e-01   1.1656575e-02  -4.3126283e-01   2.1833640e-03  -3.4423460e-03  -9.2943403e-04
   2.1053676e-01   2.2210583e-02  -4.0719969e-01   2.2234623e-03  -3.1968557e-03  -9.6731867e-04
   2.0991181e-01   2.4455361e-02  -3.9914729e-01   2.2843514e-03  -3.3595848e-03  -8.7683115e-04
   1.9460563e-01  -3.5017333e-04  -4.1593293e-01   2.8347397e-03  -3.0575527e-03  -1.0142846e-03
   1.9203910e-01   7.7847459e-03  -4.3022766e-01   2.5082982e-03  -3.0853215e-03  -9.1494665e-04
   1.9997005e-01   3.4149511e-02  -3.9126613e-01   2.2791018e-03  -3.0159834e-03  -8.7508160e-04
   2.0865296e-01   5.1291005e-02  -4.1085836e-01   3.9000192e-03  -3.0208974e-03  -7.0915402e-04
   2.1283115e-01   2.3167131e-02  -4.0850049e-01   2.7494140e-03  -3.0708988e-03  -8.4075961e-04
   2.1908784e-01   5.1786157e-03  -4.2402454e-01   2.6644074e-03  -3.2574466e-03  -9.6043142e-04
   2.1490787e-01   9.2727267e-03  -3.9398920e-01   2.4453242e-03  -3.1142194e-03  -1.0017617e-03
   2.1910076e-01   1.9506655e-02  -4.2036529e-01   3.1372425e-03  -3.2660751e-03  -4.5180422e-04
   2.2077244e-01   4.4262634e-02  -3.8224226e-01   1.8457842e-03  -3.7097622e-03  -5.1827288e-04
   2.2654310e-01   2.0563910e-02  -4.1807412e-01   2.3795861e-03  -3.8903265e-03  -3.3116806e-04
   2.1363864e-01   8.6374916e-03  -4.2447352e-01   2.6357223e-03  -3.5313303e-03  -6.6758404e-04
   2.1072484e-01   6.8638037e-03  -4.3266520e-01   1.9675767e-03  -3.3466561e-03  -7.3845460e-04
   2.1847458e-01   3.4323005e-02  -4.0624872e-01   1.6746807e-03  -3.5762595e-03  -5.9451520e-04
   2.2707677e-01   3.4556709e-02  -4.2450012e-01   2.5944227e-03  -3.3142554e-03  -2.7302989e-04
   2.3206286e-01   5.3887828e-03  -4.4396011e-01   2.3271604e-03  -3.3934745e-03  -4.9145266e-04
   2.3389588e-01   1.1004902e-02  -3.9890603e-01   1.9273563e-03  -3.2467996e-03  -5.4277538e-04
   2.4517573e-01   1.5395323e-02  -3.9767503e-01   2.0222226e-03  -3.0630185e-03  -2.6286643e-04
   2.4615506e-01   1.0493442e-02  -4.3157306e-01   2.5018176e-03  -3.1612103e-03  -1.8831249e-04
   2.4115689e-01   1.8937391e-02  -4.4642100e-01   2.8511703e-03  -3.2927614e-03  -3.6237015e-04
   2.5206841e-01   2.4387848e-02  -4.1917504e-01   1.9171450e-03  -3.4497390e-03  -2.1180153e-04
   2.5533549e-01  -8.0503465e-04  -4.0511209e-01   2.0952756e-03  -3.2925142e-03  -1.5449727e-04
   2.5635958e-01   2.5261466e-02  -3.9370271e-01   2.2900605e-03  -3.5282906e-03  -2.2914832e-04
   2.6250399e-01   7.8006516e-03  -4.1500961e-01   2.9418077e-03  -3.3824239e-03  -2.2013446e-04
   2.8020761e-01   2.6445009e-02  -4.5454079e-01   2.8023291e-03  -3.4129660e-03   5.3660899e-04
   2.7101713e-01   2.7243727e-02  -4.4239019e-01   2.3785109e-03  -4.1565065e-03   3.0967163e-05
   2.7764389e-01   4.2795413e-02  -4.3661847e-01   2.8306272e-03  -3.8634732e-03   2.5836051e-04
   2.7673011e-01   1.3098973e-02  -4.4315591e-01   2.3954559e-03  -3.9648905e-03   1.1565104e-04
   2.7883675e-01   3.7483935e-03  -4.2464537e-01   1.9663818e-03  -3.8517073e-03   1.0460722e-04
   2.8212599e-01  -4.0541407e-03  -4.2203221e-01   2.1830209e-03  -3.9138650e-03   8.1413039e-05
   2.9048995e-01   4.4653477e-03  -4.3197406e-01   2.7556906e-03  -3.6718330e-03   2.8452783e-04
   2.8712841e-01   1.5561792e-02  -4.4325280e-01   2.8634838e-03  -3.6681008e-03   2.4149146e-04
   2.9396959e-01   7.1982884e-03  -4.1955003e-01   2.3295875e-03  -3.7783717e-03   2.1823427e-04
   2.9064955e-01   8.1618769e-03  -4.0303049e-01   2.3127432e-03  -3.6350597e-03   1.5155423e-04
   2.8877693e-01  -2.2985504e-02  -4.3979251e-01   3.1319910e-03  -3.7129945e-03   7.9233660e-05
   2.8661479e-01   1.0668758e-03  -4.1064980e-01   2.0792998e-03  -4.1701851e-03   9.7768869e-05
   2.5478619e-01   2.8066336e-02  -3.1101773e-01   1.1972576e-03  -2.4299131e-03  -6.3645242e-04
