   0.0000000e+00   0.0000000e+00   0.0000000e+00   0.0000000e+00   6.9388939e-18   0.0000000e+00
  -1.8088850e-02  -1.2820205e-03   2.4545185e-02  -7.1482999e-04  -4.2234937e-04  -3.1259944e-04
  -2.1888032e-02   2.1320789e-02   3.6587067e-02  -7.4742888e-04  -5.8212234e-04  -3.1655967e-04
  -2.7190342e-03   3.1698184e-02   5.5917538e-03  -1.3086772e-03  -1.9112304e-03  -9.1653617e-04
   1.1109674e-03   4.4315209e-02   4.6042183e-03  -1.1938442e-03  -1.9574098e-03  -1.2422979e-03
  -7.4336734e-03   5.0379471e-02   6.8244302e-03  -1.0836185e-03  -2.0306667e-03  -1.4438713e-03
  -1.1134359e-02   5.4669349e-02   1.7708245e-02  -1.5946517e-03  -2.4176306e-03  -1.7663308e-03
  -1.5047456e-02   5.4089073e-02   1.7909452e-02  -1.3263427e-03  -2.4974702e-03  -1.7611311e-03
  -1.9840425e-02   5.2159361e-02   2.8729555e-02  -1.2397584e-03  -2.6562752e-03  -1.7754026e-03
  -2.1516203e-02   7.3510508e-02   4.2819275e-02  -1.3130837e-03  -2.7407562e-03  -1.9309171e-03
  -1.8472067e-02   6.1967548e-02   3.1509805e-02  -9.5725183e-04  -2.7948904e-03  -1.9411730e-03
  -1.1689916e-02   7.1654992e-02  -1.3449621e-02   6.9253648e-04  -2.9680732e-03  -1.8589801e-03
  -5.9749827e-03   5.7981303e-02  -5.4595326e-02  -6.8301624e-04  -2.8592733e-03  -1.8830379e-03
  -1.7807324e-02   6.6006853e-02   6.4931782e-02  -1.4504243e-03  -3.0750242e-03  -1.9934137e-03
  -2.1981997e-02   4.1228050e-02   5.7086163e-03  -1.0657837e-03  -2.9461606e-03  -1.9246107e-03
  -1.9008738e-02   3.7907806e-02  -1.5972155e-02  -9.2425068e-04  -2.9023137e-03  -1.8970184e-03
  -2.3126938e-02   6.7210891e-02   3.3014839e-03  -1.5832173e-03  -3.2849753e-03  -2.0781892e-03
  -1.8150033e-02   7.8201627e-02  -4.0429940e-02   2.8408629e-04  -3.1510028e-03  -1.6359015e-03
  -1.8339969e-02   6.7026214e-02  -3.7486765e-02  -8.1321943e-04  -3.3347606e-03  -1.9224551e-03
  -2.7373442e-02   9.5775713e-02   8.0059487e-04  -1.5725483e-03  -3.5218958e-03  -2.0756451e-03
  -3.0361631e-02   9.1284632e-02  -6.7425964e-03  -1.1359766e-03  -3.5154097e-03  -2.1294206e-03
  -3.0859407e-02   6.6477211e-02  -2.8923937e-02  -9.4847193e-04  -3.1786641e-03  -2.1984007e-03
  -2.7974391e-02   8.0185298e-02  -2.3462649e-02  -9.6146065e-04  -3.3513724e-03  -2.1069117e-03
  -2.8175913e-02   7.3126503e-02  -5.9484736e-04  -1.1587492e-03  -3.4623376e-03  -2.1311607e-03
  -2.8249948e-02   6.6579641e-02  -1.7664471e-02  -6.7819898e-04  -3.4222991e-03  -2.2538932e-03
  -3.0383489e-02   6.9166749e-02  -9.4046734e-03  -9.0194693e-04  -3.4738109e-03  -2.2732183e-03
  -2.7043692e-02   8.0255211e-02   4.3200414e-02  -1.5102056e-03  -3.8510470e-03  -2.3420842e-03
  -2.3124218e-02   5.5708686e-02   7.4852629e-03  -8.2433321e-04  -3.6976470e-03  -2.2032993e-03
  -2.7261384e-02   5.7503933e-02  -8.0731437e-04  -1.9140013e-03  -3.6580345e-03  -2.2716899e-03
  -2.0702331e-02   8.8562901e-02   4.9582721e-03  -2.1741932e-03  -3.7806551e-03  -2.3251884e-03
  -1.8728005e-02   7.6160379e-02  -3.4383297e-03  -2.0356304e-03  -4.0739322e-03  -2.2622351e-03
  -2.0487868e-02   6.1880572e-02  -1.9840820e-02  -1.5653720e-03  -3.9397031e-03  -2.3004691e-03
  -2.4426966e-02   6.0016965e-02  -2.7671798e-02  -1.1009930e-03  -3.9662864e-03  -2.2033931e-03
  -2.6308625e-02   6.4930434e-02  -3.0549271e-03  -1.5509032e-03  -4.1572031e-03  -2.2752879e-03
  -2.1428545e-02   7.1393698e-02   6.3068837e-03  -1.6036808e-03  -4.2366909e-03  -2.2127931e-03
  -2.0930654e-02   7.3320787e-02   7.2532015e-03  -1.2115349e-03  -4.1682757e-03  -2.1680103e-03
  -3.6285907e-02   7.6086820e-02  -1.8927128e-03  -1.4739834e-03  -3.9418076e-03  -2.5227614e-03
  -4.1935389e-02   8.5188592e-02  -4.3659642e-04  -1.3485635e-03  -4.3958323e-03  -2.4363320e-03
  -5.1918728e-02   9.3510644e-02   7.8653763e-03  -1.5678370e-03  -4.9821761e-03  -2.9496526e-03
  -5.6463782e-02   8.1875919e-02  -1.0242484e-02  -1.1775731e-03  -4.9685365e-03  -3.1135744e-03
  -5.5710001e-02   8.9675066e-02  -7.3749086e-03  -7.0416801e-04  -5.0004683e-03  -3.1533552e-03
  -5.6920627e-02   8.3592877e-02   5.4041168e-03  -1.7730013e-03  -5.0515207e-03  -3.1960862e-03
  -5.8918537e-02   9.5494659e-02   1.1082369e-02  -1.6494589e-03  -5.3896801e-03  -3.1551137e-03
  -5.2259396e-02   1.1198739e-01   3.6351637e-03  -8.2949768e-04  -5.4212343e-03  -2.9333270e-03
  -6.1444007e-02   7.5440675e-02  -2.9736912e-03  -1.2867619e-03  -5.2467920e-03  -3.2424373e-03
  -6.0657757e-02   7.8993425e-02  -3.2434649e-03  -1.8147475e-03  -5.5065130e-03  -3.2091255e-03
  -4.9709401e-02   1.0433507e-01  -2.6133139e-02  -9.7094405e-05  -5.6837925e-03  -2.9042490e-03
  -5.6857884e-02   8.3851809e-02   1.6472956e-02  -2.1099067e-03  -5.3743576e-03  -3.1060022e-03
  -5.7406936e-02   8.9882647e-02   1.9771923e-02  -2.0919011e-03  -5.6713703e-03  -3.1182297e-03
  -6.2458693e-02   8.2737515e-02  -4.7986077e-03  -1.1009901e-03  -5.3781200e-03  -2.9985646e-03
  -6.6601210e-02   6.7786697e-02  -5.7769075e-03  -2.1252397e-03  -5.3393447e-03  -3.1094798e-03
  -6.4016532e-02   8.4376181e-02   1.3935623e-02  -2.4145280e-03  -5.8485949e-03  -3.0896033e-03
  -6.5715826e-02   8.0836951e-02   1.5812113e-02  -1.8846305e-03  -5.8135609e-03  -3.1420763e-03
  -6.3104452e-02   6.9904281e-02  -9.5901753e-03  -1.4356236e-03  -5.5703761e-03  -3.0455421e-03
  -5.8419343e-02   9.8149022e-02   9.7866501e-03  -2.4284203e-03  -5.7068971e-03  -2.9298029e-03
  -5.8203058e-02   7.8994304e-02  -1.3910362e-02  -1.4436373e-03  -5.6273144e-03  -2.9789028e-03
  -5.9216825e-02   6.7769772e-02  -1.5558229e-02  -1.3000926e-03  -5.5486440e-03  -3.0797965e-03
  -6.6476240e-02   6.4218036e-02  -1.0592214e-02  -1.6833007e-03  -5.5190281e-03  -3.1411395e-03
  -6.4154798e-02   8.6532405e-02  -1.6618859e-02  -1.6041382e-03  -5.8183306e-03  -3.0722380e-03
  -5.8873317e-02   1.2774882e-01  -1.3108474e-02  -4.5443501e-04  -5.9880672e-03  -2.8478342e-03
  -6.4767072e-02   8.9171769e-02  -1.8555872e-02  -1.5265714e-03  -5.9230128e-03  -3.1404135e-03
  -6.8671163e-02   8.0526439e-02  -1.7538258e-02  -1.2802016e-03  -5.9412666e-03  -2.9439978e-03
  -7.0077468e-02   8.3970359e-02  -3.9514113e-03  -1.3371876e-03  -5.6961796e-03  -2.9697397e-03
  -6.5431033e-02   8.2907138e-02  -1.3888177e-04  -1.4382378e-03  -5.6287124e-03  -2.8334759e-03
  -6.0968823e-02   9.6127579e-02   5.2795657e-03  -1.7254233e-03  -5.7996093e-03  -2.8240094e-03
  -5.5966010e-02   8.8015223e-02   1.6213409e-02  -1.5994059e-03  -5.6989518e-03  -2.5723778e-03
  -5.5115455e-02   9.4154337e-02   2.8512131e-02  -1.7002993e-03  -5.8761550e-03  -2.6675983e-03
  -4.7714166e-02   9.2415857e-02  -2.1599391e-03  -1.7489517e-03  -5.9253467e-03  -2.5153840e-03
  -4.9311176e-02   8.8115219e-02  -1.5954179e-02  -1.2087774e-03  -6.0039500e-03  -2.5735302e-03
  -5.2591241e-02   7.8655355e-02   1.9044310e-03  -1.6291973e-03  -5.7154839e-03  -2.4876434e-03
  -5.5043376e-02   9.8003029e-02  -6.7134816e-03  -1.1252656e-03  -5.8995672e-03  -2.4811138e-03
  -5.1916173e-02   1.0136362e-01   1.3855501e-02  -1.6876142e-03  -6.1660548e-03  -2.4176921e-03
  -6.1065819e-02   7.8040238e-02  -1.8729939e-03  -9.8335998e-04  -5.9110286e-03  -2.6986455e-03
  -5.8303363e-02   8.5759406e-02  -1.0050000e-02  -1.8574703e-03  -6.0943596e-03  -2.6818334e-03
  -5.8726913e-02   7.0452786e-02   1.5964233e-03  -1.7280679e-03  -6.1100351e-03  -2.5910829e-03
  -5.9751673e-02   9.9306584e-02   2.0715095e-02  -1.3270398e-03  -6.2376840e-03  -2.6868704e-03
  -6.1601160e-02   8.4066568e-02   1.6559669e-03  -1.6081100e-03  -6.2369449e-03  -2.5709451e-03
  -6.5837242e-02   8.2206280e-02   4.4070781e-03  -1.6486838e-03  -6.1918131e-03  -2.5750327e-03
  -6.1598374e-02   9.8176141e-02   3.6900757e-02  -1.7865431e-03  -6.4057817e-03  -2.4630007e-03
  -6.1430569e-02   9.2671469e-02   3.8181284e-02  -1.4922654e-03  -6.4420961e-03  -2.5123101e-03
  -5.9688346e-02   6.9977603e-02   1.5681318e-02  -1.0665927e-03  -6.3504197e-03  -2.3966097e-03
  -6.0922102e-02   7.3965737e-02   4.6901214e-03  -1.8068618e-03  -6.4096342e-03  -2.4310375e-03
  -6.2429078e-02   8.1001908e-02   2.6495805e-02  -2.1806994e-03  -6.5021188e-03  -2.4894441e-03
  -5.9076611e-02   9.2441749e-02   2.7358630e-02  -1.2414015e-03  -6.5277513e-03  -2.3600562e-03
  -5.9747814e-02   6.5335546e-02   1.4191865e-02  -1.3483638e-03  -6.2208832e-03  -2.3874159e-03
  -4.2322503e-02   7.7225064e-02   1.0260342e-01  -3.9332317e-03  -6.5548040e-03  -1.7488083e-03
  -5.0771920e-02   8.3459283e-02   7.8698511e-02  -3.1941132e-03  -6.0074890e-03  -1.9976282e-03
  -4.9354751e-02   7.7354024e-02   5.1942217e-02  -2.6729176e-03  -6.4247434e-03  -2.0970204e-03
  -4.4146235e-02   8.1238955e-02   2.4085132e-02  -2.1568671e-03  -6.3493739e-03  -2.0663933e-03
  -4.5116709e-02   6.1382688e-02   3.2745862e-02  -2.0885581e-03  -6.5931273e-03  -2.1581627e-03
  -4.2549442e-02   6.6056849e-02   2.0820642e-02  -1.7242984e-03  -6.5800364e-03  -1.9978667e-03
  -3.3926874e-02   7.3132751e-02   5.2744848e-02  -2.8265965e-03  -6.5865904e-03  -1.7757865e-03
  -3.1098846e-02   6.5237596e-02   5.9359641e-02  -2.4322835e-03  -6.7862962e-03  -1.7517684e-03
  -4.2063828e-02   5.4491727e-02   5.1208806e-02  -2.3993096e-03  -6.4254708e-03  -1.9202795e-03
  -3.9463438e-02   7.3505083e-02   4.1874700e-02  -2.3551340e-03  -6.8131728e-03  -1.9587497e-03
  -4.0336709e-02   5.9085868e-02   5.6684790e-02  -2.2768064e-03  -6.7104259e-03  -1.6199954e-03
  -4.3251442e-02   5.8538066e-02   4.5960739e-02  -2.3471274e-03  -6.4823822e-03  -1.4796290e-03
  -3.9486225e-02   8.9354630e-02   4.0888209e-02  -2.1561377e-03  -6.8148244e-03  -1.4094680e-03
  -4.4279005e-02   6.9841938e-02   6.8676457e-02  -2.7398383e-03  -6.9064185e-03  -1.2138959e-03
  -5.1804036e-02   7.1563072e-02   7.3227894e-02  -2.5373155e-03  -6.8907935e-03  -1.3493897e-03
  -5.2880813e-02   6.4336934e-02   5.9788425e-02  -2.7405238e-03  -6.9188379e-03  -1.3360340e-03
  -5.4949353e-02   5.5001719e-02   6.8651539e-02  -2.5348144e-03  -6.9907742e-03  -1.2369988e-03
  -5.8474489e-02   6.3311036e-02   8.6031041e-02  -3.0848645e-03  -6.9641451e-03  -1.3500873e-03
  -5.5060326e-02   7.7568975e-02   8.3306239e-02  -2.9903663e-03  -7.3839017e-03  -1.4916036e-03
  -5.4094999e-02   6.3441243e-02   1.3642196e-01  -4.3760842e-03  -7.2227402e-03  -1.3560835e-03
  -3.9393689e-02   9.0780090e-02   6.9139296e-02  -2.3246797e-03  -6.7480246e-03  -1.1305152e-03
  -4.4020739e-02   4.3488375e-02   6.4359766e-02  -3.0105224e-03  -6.8956221e-03  -1.3520033e-03
  -4.2260561e-02   5.9910752e-02   8.4779202e-02  -3.3510385e-03  -7.1975717e-03  -1.3142493e-03
  -4.6813486e-02   7.8021187e-02   8.7867340e-02  -2.9218797e-03  -7.4840890e-03  -1.2087907e-03
  -4.7356382e-02   5.9517163e-02   1.0325996e-01  -3.9326586e-03  -7.4467523e-03  -1.2588443e-03
  -4.4550280e-02   7.3586788e-02   1.1682272e-01  -3.6969644e-03  -7.4440052e-03  -1.1481688e-03
  -3.7954556e-02   7.6560632e-02   7.1108876e-02  -3.0717001e-03  -7.1838184e-03  -1.0353623e-03
  -3.3250605e-02   5.4290717e-02   7.7758805e-02  -3.5193528e-03  -7.4388472e-03  -1.0871812e-03
  -4.0750949e-02   5.8482554e-02   1.0291567e-01  -3.7941575e-03  -7.3306466e-03  -9.6436034e-04
  -4.2441207e-02   8.4829830e-02   1.0432964e-01  -4.0812531e-03  -7.4853706e-03  -1.1002871e-03
  -4.7817394e-02   4.8371078e-02   1.2028391e-01  -3.8870363e-03  -7.7550040e-03  -9.3975193e-04
  -4.5580145e-02   7.1432449e-02   9.0469806e-02  -3.5253458e-03  -7.3979995e-03  -8.2233778e-04
  -4.8689516e-02   7.2822359e-02   1.2318741e-01  -4.2701297e-03  -7.1584485e-03  -9.0131297e-04
  -2.2661750e-02   6.3903243e-02  -3.2576573e-01  -2.4249706e-03  -6.7140373e-03  -4.7714936e-04
  -3.5073941e-02   6.9557664e-02   2.8759946e-01  -5.3912823e-03  -6.4194744e-03  -2.1633283e-04
  -4.8543546e-02   3.9383754e-02   2.5118954e-01  -5.1836162e-03  -6.3231168e-03  -2.8928754e-04
  -5.1658405e-02   4.8318218e-02   2.5072590e-01  -5.2059953e-03  -6.4732628e-03  -4.3599150e-04
  -5.2638679e-02   5.3839216e-02   2.8003161e-01  -5.1557745e-03  -6.9149954e-03  -6.2030899e-04
  -5.9280928e-02   7.4579367e-02   2.9393666e-01  -5.3830841e-03  -6.8960734e-03  -6.2802343e-04
  -5.7074993e-02   5.0932346e-02   2.8141651e-01  -4.8525069e-03  -6.9053785e-03  -7.7378293e-04
  -7.1747666e-02   3.5646753e-02   2.7788939e-01  -4.8745059e-03  -6.7163422e-03  -8.7682785e-04
  -7.6066704e-02   4.0619814e-02   2.6393942e-01  -4.9090441e-03  -6.8932074e-03  -9.0262683e-04
  -6.9085672e-02   5.1301789e-02   2.8156364e-01  -5.2711713e-03  -7.1076613e-03  -7.5543134e-04
  -6.3591015e-02   5.2459929e-02   2.9292878e-01  -5.1845501e-03  -6.9767572e-03  -7.1053384e-04
  -6.7290565e-02   6.0251173e-02   2.8870467e-01  -5.3803689e-03  -7.1336922e-03  -7.0980404e-04
  -7.2114689e-02   5.4993889e-02   2.9882533e-01  -5.0144339e-03  -7.2302443e-03  -7.1818573e-04
  -7.0969860e-02   4.0960041e-02   2.7895045e-01  -5.0430962e-03  -7.0095955e-03  -7.4213177e-04
  -7.4052115e-02   4.6517147e-02   2.6391147e-01  -4.9883288e-03  -7.0878277e-03  -6.8495403e-04
  -7.6657716e-02   5.2069609e-02   2.7480944e-01  -4.6317816e-03  -7.4291343e-03  -6.1718361e-04
  -8.3303426e-02   6.4496864e-02   2.9519341e-01  -4.5174606e-03  -7.1808838e-03  -3.9002746e-04
  -9.0690252e-02   5.1050346e-02   3.0707560e-01  -5.4994306e-03  -7.3622629e-03  -4.4839943e-04
  -7.9539070e-02   5.3656871e-02   2.8774270e-01  -4.9929238e-03  -7.3371273e-03  -5.7381708e-04
  -7.7820990e-02   4.5326157e-02   2.8138158e-01  -4.7150917e-03  -7.2297140e-03  -3.5508812e-04
  -8.3388659e-02   5.1738740e-02   2.7535523e-01  -4.9679755e-03  -7.1315230e-03  -3.6418252e-04
  -8.0083753e-02   6.4958462e-02   2.9761755e-01  -5.6672666e-03  -7.2168110e-03  -2.5558201e-04
  -7.0444861e-02   6.5981486e-02   2.8789350e-01  -4.9084501e-03  -7.1412605e-03  -1.1826135e-04
  -7.2857615e-02   3.9552786e-02   2.7258564e-01  -5.4044461e-03  -7.1444039e-03  -2.5119896e-04
  -7.0752992e-02   7.1314833e-02   3.1428384e-01  -6.2694823e-03  -7.0528519e-03  -4.1672929e-05
  -6.5061183e-02   5.6382141e-02   3.0107342e-01  -5.4625177e-03  -6.9105379e-03   1.9897694e-06
  -6.1381550e-02   5.4088840e-02   2.8674267e-01  -4.8210197e-03  -6.8242722e-03   7.2381316e-05
  -5.7412199e-02   4.6706246e-02   2.9663108e-01  -6.1969499e-03  -6.8226823e-03   9.4476327e-05
  -5.3153357e-02   6.1285969e-02   3.1447862e-01  -6.3493160e-03  -6.7184043e-03   2.3742495e-04
  -4.8886502e-02   3.6596163e-02   3.1166895e-01  -5.5482665e-03  -6.4409155e-03   2.7322267e-04
  -5.0190564e-02   5.0789997e-02   3.5059846e-01  -7.0817516e-03  -6.4949637e-03   6.8222402e-05
  -3.5673648e-02   5.9770112e-02   3.3467655e-01  -7.1663717e-03  -6.4977898e-03   3.4487276e-04
  -3.4995585e-02   3.6635364e-02   3.0693481e-01  -6.9159450e-03  -5.9819936e-03   3.5769021e-04
  -3.9523102e-02   5.6935565e-02   2.9913185e-01  -6.6530911e-03  -5.9652347e-03   1.1249818e-04
  -3.5678841e-02   3.5237423e-02   3.0432641e-01  -6.7807523e-03  -6.1567590e-03   2.3288737e-04
  -4.0864992e-02   3.8484215e-02   3.0471793e-01  -7.0783964e-03  -6.1739575e-03   3.1847140e-04
  -3.9765127e-02   4.5268737e-02   2.9950077e-01  -6.8986581e-03  -5.9997277e-03   4.6157278e-04
  -3.3848886e-02   6.4876588e-02   3.2828554e-01  -7.4265842e-03  -6.3947865e-03   6.4770951e-04
  -3.7714374e-02   5.3266072e-02   3.3527167e-01  -7.6215965e-03  -6.1563353e-03   4.5241518e-04
  -3.1819338e-02   6.1162117e-02   2.8510748e-01  -5.8813100e-03  -6.1213331e-03   6.9183907e-04
  -3.1831554e-02   4.1030272e-02   3.0786997e-01  -7.4355322e-03  -6.3082463e-03   4.4578753e-04
  -4.5625237e-02   3.9472216e-02   3.2640194e-01  -7.3572060e-03  -6.2112355e-03   4.1046042e-04
  -4.7126221e-02   4.4436200e-02   3.2986528e-01  -7.8490682e-03  -6.2050652e-03   5.5269824e-04
  -3.8174388e-02   4.7920960e-02   3.1236328e-01  -7.3047292e-03  -6.1245437e-03   6.2324016e-04
  -4.3257595e-02   4.1673625e-02   3.3691638e-01  -7.7682992e-03  -6.2185756e-03   5.8867753e-04
  -3.8122906e-02   3.9706829e-02   3.2635404e-01  -7.5085331e-03  -5.7202224e-03   6.7815717e-04
  -4.5319330e-02   3.2761685e-02   3.1882973e-01  -7.4374058e-03  -5.5755591e-03   5.2763293e-04
  -4.3395267e-02   3.0063815e-02   3.5017187e-01  -7.9202667e-03  -5.5560190e-03   4.6906636e-04
  -4.1447578e-02   5.4358762e-02   3.2817633e-01  -6.6039600e-03  -5.4659781e-03   7.4204581e-04
  -3.2720217e-02   2.5849850e-02   3.4718852e-01  -7.8554947e-03  -5.6019078e-03   7.6138849e-04
  -3.2316479e-02   5.8090922e-02   3.2045021e-01  -6.4417855e-03  -5.3618651e-03   8.0909434e-04
  -3.0379293e-02   1.5353080e-02   3.0605171e-01  -7.4090892e-03  -5.2145757e-03   6.9836685e-04
  -2.0950524e-02   4.5311332e-02   3.3481236e-01  -7.8471354e-03  -5.2494643e-03   8.1187145e-04
  -2.2417308e-02   6.6505457e-02   3.1974160e-01  -6.4689291e-03  -5.2358684e-03   8.8352425e-04
  -3.6245230e-02   3.7154365e-02   3.3701281e-01  -7.8989751e-03  -5.5875155e-03   5.1414139e-04
  -3.9918245e-02   7.0359236e-02   3.7399351e-01  -8.9868051e-03  -5.7880328e-03   5.8710934e-04
  -3.9326519e-02   4.9558344e-02   3.7308367e-01  -9.4658899e-03  -5.4887670e-03   5.0771988e-04
  -3.5054280e-02   5.4613960e-02   3.7485493e-01  -9.7173955e-03  -5.7712322e-03   5.0831940e-04
  -3.6387850e-02   6.5717238e-02   3.6207155e-01  -8.2318805e-03  -5.6806850e-03   6.1045180e-04
  -3.9249655e-02   5.6414925e-02   3.6543941e-01  -9.5436908e-03  -5.6255933e-03   6.2974129e-04
  -4.8354313e-02   4.1015776e-02   3.7899462e-01  -9.8897159e-03  -5.6896200e-03   4.6380382e-04
  -5.3450429e-02   3.0658273e-02   3.8268883e-01  -9.5932075e-03  -5.5295036e-03   5.0036831e-04
  -6.0608178e-02   4.4613014e-02   3.9592280e-01  -1.0479621e-02  -5.5835979e-03   5.2092952e-04
  -5.4474560e-02   4.7763749e-02   4.0694374e-01  -1.0705956e-02  -5.6042727e-03   5.0360189e-04
  -5.6176010e-02   5.1155655e-02   3.9503144e-01  -1.0674365e-02  -5.2990111e-03   5.2893372e-04
  -5.6805518e-02   5.7459711e-02   3.7416408e-01  -9.7027673e-03  -5.4815927e-03   7.0348861e-04
  -5.4953819e-02   5.7121254e-02   3.8988644e-01  -1.0657878e-02  -5.5016547e-03   7.6311329e-04
  -5.2572245e-02   5.9486014e-02   3.3120739e-01  -9.1078815e-03  -4.8364995e-03   9.1640445e-04
  -6.0247333e-02   5.4454977e-02   4.1555764e-01  -1.1124055e-02  -5.1426637e-03   6.8839652e-04
  -5.4853188e-02   3.8376157e-02   3.8896127e-01  -1.0311729e-02  -4.7806218e-03   6.7885508e-04
