   0.0000000e+00   0.0000000e+00   1.4210855e-14  -1.3877788e-17   0.0000000e+00   0.0000000e+00
   6.7879538e-03  -7.6789864e-03  -2.0510383e-02   6.5873172e-04   2.2137586e-04   1.3510632e-04
  -2.4240206e-03  -2.6978527e-02  -3.0909273e-02   8.6500898e-04   1.3008898e-04   5.3804832e-04
   1.9226536e-02  -6.5561926e-03  -2.7315025e-02   4.6465194e-04   6.4981539e-04   8.8124124e-04
   1.4764513e-02  -9.7008060e-03  -3.0552567e-02   1.6869513e-04   9.0297714e-04   1.2325422e-03
   2.1036131e-02  -2.2988683e-02  -7.6516045e-02   1.9457653e-04   1.1809151e-03   1.6122061e-03
   3.7823541e-02  -2.3579572e-02  -8.6588371e-02   1.1172161e-04   1.3523464e-03   1.8076728e-03
   3.9704640e-02  -1.1492949e-02  -5.7522078e-02  -1.1024075e-04   1.3630684e-03   2.3083596e-03
   4.0960276e-02  -1.1125383e-02  -4.8774534e-02   5.6732276e-05   1.6643482e-03   2.2640180e-03
   4.1575972e-02  -1.5207507e-02  -6.7088308e-02  -2.0018328e-04   1.7457148e-03   2.7125401e-03
   4.5697947e-02  -2.4574800e-02  -8.2212742e-02  -1.1732319e-04   1.9241882e-03   3.0354508e-03
   6.3849167e-02  -2.6076676e-02  -8.1217386e-02  -1.7135584e-04   1.8832935e-03   3.4534358e-03
   6.8429437e-02  -1.1297142e-02  -6.8918118e-02   6.0074758e-05   2.0217370e-03   3.5474237e-03
   4.9690375e-02  -1.8427095e-02  -7.8234986e-02  -2.2977681e-05   1.9381841e-03   3.0936536e-03
   4.7491170e-02  -4.5536980e-02  -8.9702422e-02  -2.0842807e-04   1.9683562e-03   3.4129538e-03
   6.0236050e-02  -2.4112487e-02  -7.9111011e-02  -3.0844121e-04   2.1161210e-03   3.5604547e-03
   6.0924515e-02  -1.7763808e-02  -8.3452464e-02  -8.9291379e-05   2.1895724e-03   3.6141666e-03
   6.7119114e-02  -3.0356157e-02  -8.9734667e-02   3.7468912e-04   2.1412027e-03   3.7413539e-03
   6.2222222e-02  -2.6108589e-02  -7.2043469e-02   1.3066503e-04   2.4153371e-03   3.7120171e-03
   6.1906883e-02  -5.4162648e-02  -7.6802229e-02   7.6149706e-05   2.6697587e-03   4.0791017e-03
   6.5539906e-02  -2.5629089e-02  -7.2325372e-02  -1.9580485e-04   2.4548521e-03   3.9345443e-03
   6.4197991e-02  -1.6072661e-02  -7.3756567e-02   1.2537701e-04   2.2770171e-03   3.9016835e-03
   6.4069283e-02  -3.0231757e-02  -8.3217016e-02  -1.0555937e-04   2.2765261e-03   4.0100045e-03
   5.0754206e-02  -4.1487010e-02  -6.3884497e-02  -4.2879290e-04   2.2563317e-03   3.9314104e-03
   4.5681804e-02  -3.4607597e-02  -4.1155495e-02  -9.2175424e-04   2.2461094e-03   3.9906517e-03
   2.5009778e-02  -4.3874420e-02  -8.1463081e-02  -6.5105768e-04   2.0079925e-03   3.6221457e-03
   2.2522000e-02  -3.4390331e-02  -1.0099706e-01   1.4868365e-05   1.7604487e-03   3.5744070e-03
   3.2437765e-02  -3.2428554e-02  -9.3887113e-02  -5.5902815e-04   1.8411425e-03   3.7333452e-03
   2.9658510e-02  -5.6502790e-02  -7.2595783e-02  -4.7955358e-04   1.8357499e-03   3.6390589e-03
   2.6461919e-02  -3.7598430e-02  -5.5218668e-02  -6.5568236e-04   1.8381266e-03   3.7499215e-03
   2.7393651e-02  -4.8738362e-02  -7.2127094e-02  -3.8764158e-04   1.8128057e-03   3.8201627e-03
   2.8664131e-02  -3.9911811e-02  -7.4883867e-02  -6.0752015e-04   1.8831653e-03   4.0209632e-03
   3.6611746e-02  -4.4278684e-02  -7.8039315e-02  -2.2632819e-04   1.9505029e-03   4.1933165e-03
   3.8891856e-02  -4.2124235e-02  -5.3787852e-02  -6.0863620e-04   1.9402541e-03   4.0093011e-03
   4.3820421e-02  -2.9606516e-02  -2.6564037e-02  -7.6430023e-04   2.1030388e-03   3.9794484e-03
   3.8023705e-02  -2.9606517e-02  -3.3821920e-02  -4.8118341e-04   2.1999065e-03   3.8503972e-03
   3.4163272e-02  -7.1060614e-02  -6.1485377e-02  -5.1259069e-04   2.2558884e-03   4.0738118e-03
   2.5932787e-02  -5.5231881e-02  -4.4206059e-02  -6.9942610e-04   2.3305383e-03   4.2083807e-03
   2.0606308e-02  -4.0782086e-02  -2.8252595e-02  -4.5013850e-04   2.4246736e-03   4.4053244e-03
   1.8020591e-02  -4.0079420e-02  -4.9140344e-02  -1.1149734e-04   2.4601107e-03   4.4165231e-03
   2.0530263e-02  -5.7077207e-02  -5.5382985e-02   2.6697133e-05   2.4427647e-03   4.4151180e-03
   2.6580302e-02  -6.1264433e-02  -4.9486827e-02  -2.2887439e-04   2.5285520e-03   4.4785526e-03
   1.7856126e-02  -4.3845913e-02  -2.0502100e-02  -5.7721105e-04   2.6411126e-03   4.5602195e-03
   1.4195538e-02  -3.2205069e-02  -3.0504825e-02  -6.4947822e-04   2.4868975e-03   4.7209827e-03
   1.4638830e-02  -3.4228430e-02  -4.7883163e-02  -3.8926616e-04   2.5088168e-03   4.7480428e-03
   1.7403131e-02  -4.8752062e-02  -4.7606301e-02  -1.4483403e-04   2.5244129e-03   4.8899866e-03
   1.6347864e-02  -4.6809032e-02  -3.9027089e-02  -4.4332891e-04   2.4951227e-03   4.9186188e-03
   1.3301060e-02  -3.3124735e-02  -2.4316599e-02  -6.0003642e-04   2.3940271e-03   4.7694512e-03
   1.5785315e-03  -4.2281359e-02  -2.2013274e-02  -1.5219676e-04   2.5721637e-03   4.7479325e-03
  -9.6550041e-03  -3.7600765e-02  -4.8166224e-02  -4.1123627e-04   2.4567251e-03   4.5661409e-03
  -9.7036342e-03  -5.0817192e-02  -5.8741435e-02  -2.2202866e-04   2.1811615e-03   4.6103224e-03
   2.8673048e-03  -4.5700838e-02  -6.0991326e-02  -2.5122293e-04   2.3279482e-03   4.5673595e-03
  -4.6716788e-04  -2.3742431e-02  -4.0128181e-02  -1.2783022e-05   2.4503470e-03   4.6606992e-03
   7.2998674e-03  -5.4505811e-02  -5.6734252e-02  -1.4841792e-04   2.5783237e-03   4.7979438e-03
   8.5586388e-03  -5.2096784e-02  -3.8543152e-02  -3.7825046e-04   2.4360402e-03   4.7395804e-03
   7.0359219e-03  -3.1471844e-02  -2.5308933e-02  -5.3426585e-04   2.2770673e-03   4.7830180e-03
   7.4485229e-03  -3.6653098e-02  -4.7306133e-02  -8.5095468e-05   2.4837666e-03   4.9491876e-03
   8.7819407e-03  -4.9489976e-02  -6.8598998e-02  -2.9734966e-04   2.5283552e-03   5.2807429e-03
   1.2038032e-02  -3.3817802e-02  -5.7343524e-02  -8.3490940e-04   2.4194864e-03   5.2435553e-03
   1.6796905e-02  -4.2539479e-02  -6.2934542e-02  -1.4128147e-04   2.6109411e-03   5.4349125e-03
   5.5245360e-03  -4.4217187e-02  -6.9381784e-02   3.4888514e-04   2.7766695e-03   5.3949996e-03
   3.0146165e-03  -2.4346860e-02  -7.1059640e-02   5.5759798e-04   2.7734889e-03   5.2813324e-03
   3.5369868e-03  -3.6395091e-02  -9.5439277e-02   5.2069868e-04   2.7137444e-03   5.3175702e-03
   2.1508140e-03  -3.9028355e-02  -9.0184499e-02  -1.4244370e-04   2.8376677e-03   5.2902289e-03
   9.5194030e-03  -6.0683469e-02  -8.5161607e-02  -5.3111102e-05   2.5320516e-03   5.3076559e-03
   5.6346953e-03  -3.6743638e-02  -4.4734662e-02  -2.0909610e-04   2.6367835e-03   5.4810117e-03
   5.6109102e-03  -3.6280606e-02  -3.5190606e-02  -3.0064527e-04   2.6273495e-03   5.4463356e-03
   8.5098564e-03  -4.1568716e-02  -5.4534825e-02   2.1865427e-04   2.7754779e-03   5.4962395e-03
   7.0084181e-03  -3.7712295e-02  -5.6913307e-02   3.1641558e-04   2.8872789e-03   5.4226903e-03
  -1.7730186e-03  -4.1967519e-02  -5.5622267e-02  -1.8979587e-04   2.5924633e-03   5.3206136e-03
   7.9832062e-03  -4.0389742e-02  -3.6352888e-02  -4.0041815e-04   2.6757603e-03   5.4632120e-03
   7.5589534e-03  -5.2032793e-02  -3.8677610e-02   1.8149644e-04   2.7529603e-03   5.6536949e-03
   6.7148772e-03  -2.6185793e-02  -2.7274098e-02   5.8167520e-04   2.6170649e-03   5.2223962e-03
  -2.0649435e-04  -4.1998293e-02  -5.9661213e-02   6.7833429e-04   2.6962944e-03   5.1050680e-03
  -6.0569822e-03  -6.5245140e-02  -7.5419846e-02   5.9984679e-04   2.4780735e-03   4.9939282e-03
  -2.4552867e-03  -3.0897532e-02  -5.6144732e-02  -1.2487913e-04   2.4698218e-03   5.1895995e-03
   1.0590735e-02  -2.6593798e-02  -4.9699242e-02   1.4526645e-04   2.4789533e-03   5.5725623e-03
   1.5896830e-02  -3.8442949e-02  -6.8486277e-02   5.5173365e-04   2.2211735e-03   5.5748359e-03
   2.3492560e-02  -3.2663660e-02  -4.7519787e-02   2.7899004e-04   2.3697279e-03   5.6886175e-03
   1.7259172e-02  -8.0755614e-03  -2.5309255e-02   6.3956275e-05   2.3555380e-03   5.5505124e-03
   1.8764893e-02  -3.7359225e-02  -4.6626230e-02   3.1083981e-04   2.6583823e-03   5.6150198e-03
   1.7794400e-02  -5.7022524e-02  -5.3434580e-02   4.7997015e-04   2.6555751e-03   5.7733732e-03
   2.1916919e-02  -1.1551163e-02  -4.6343586e-02  -3.7609631e-04   2.6782776e-03   5.7855129e-03
   3.2256010e-02  -1.3677819e-02  -7.8995357e-02   2.8087211e-04   2.7058791e-03   5.9041793e-03
   2.8944523e-02  -9.4386199e-03  -7.1339708e-02   3.6569783e-04   2.5831231e-03   5.7593872e-03
   1.6400202e-02  -2.2586037e-02  -7.6254234e-02   8.0099089e-04   2.3098443e-03   5.6401599e-03
   2.3553653e-02  -3.0115995e-02  -8.4046149e-02   6.8698452e-04   2.2773910e-03   5.8119677e-03
   2.5481158e-02  -2.3154266e-02  -5.8105997e-02   5.6097570e-04   2.4831587e-03   6.0325711e-03
   1.5868505e-02  -2.2282933e-02  -4.8795572e-02   5.6313870e-04   2.6001330e-03   5.9759671e-03
   1.1190563e-02  -2.8253895e-02  -6.0331018e-02   5.9329888e-04   2.5836586e-03   5.8444792e-03
   1.7929978e-02  -2.3798844e-02  -6.8786864e-02   2.9141920e-04   2.7647920e-03   5.9954911e-03
   2.8667129e-02  -3.9289455e-02  -7.4827477e-02   2.4805289e-04   2.9812065e-03   6.1166481e-03
   4.1865082e-02  -1.4243759e-02  -6.1721030e-02   1.2066795e-04   2.8356029e-03   6.2059228e-03
   4.4395023e-02   2.5977769e-03  -5.2024297e-02   3.1114267e-04   2.9399386e-03   6.1437942e-03
   3.8593152e-02  -3.5461145e-02  -8.1199930e-02   5.7478222e-04   2.8153011e-03   6.2256815e-03
   2.6733203e-02  -2.0981878e-02  -5.7120120e-02   2.2771942e-04   2.7497697e-03   6.0008225e-03
   2.2677968e-02  -4.0427757e-03  -5.0403023e-02   3.0617576e-04   2.6335180e-03   5.9311850e-03
   8.6245967e-03  -1.1310241e-02  -7.2494285e-02   7.4025425e-04   2.5605333e-03   5.9345811e-03
   1.9726971e-02  -1.8702974e-02  -9.9242876e-02   5.7687118e-04   2.8267505e-03   6.1114844e-03
   2.6949815e-02  -3.4375128e-02  -1.0970569e-01   1.0689785e-03   2.8378510e-03   6.1450233e-03
   2.8464714e-02  -2.7880886e-02  -8.1314554e-02   7.6174721e-04   2.7935486e-03   6.0866761e-03
   3.2210716e-02  -3.7438757e-02  -6.7756958e-02   1.1607183e-03   2.8204958e-03   6.0925548e-03
   2.4349250e-02  -1.8604065e-02  -4.6098560e-02   2.4360490e-04   2.9642719e-03   6.1352581e-03
   2.9097986e-02  -4.2428083e-02  -5.3313839e-02   7.4002269e-04   3.1968425e-03   6.1978465e-03
   3.1549799e-02  -2.1117826e-02  -7.0541571e-02   1.1215643e-03   3.1862963e-03   6.1620992e-03
   3.7457491e-02  -4.4060267e-02  -7.0215485e-02   1.1698335e-03   3.0544868e-03   6.3214759e-03
   3.9662101e-02  -4.2060213e-02  -3.8085844e-02   8.6054005e-04   3.0600956e-03   6.3069608e-03
   2.7991845e-02  -2.5486650e-02  -1.8011616e-02   4.6122525e-04   3.1188100e-03   6.2464470e-03
   2.6821162e-02  -2.4398695e-02  -4.9722355e-02   6.9728492e-04   3.0783153e-03   6.2981084e-03
   2.3944954e-02  -2.6950474e-02  -6.8916173e-02   1.4824235e-03   3.3525161e-03   6.3936357e-03
   2.5084638e-02  -1.7117524e-02  -5.8771455e-02   1.2363703e-03   2.9344806e-03   6.1141250e-03
   2.3281395e-02  -2.1184911e-02  -4.1172107e-02   1.0636727e-03   3.2638691e-03   5.9232014e-03
   2.4906860e-02  -2.8278461e-02  -5.2983965e-02   8.1975130e-04   3.4410486e-03   6.2665492e-03
   2.6616565e-02  -1.7883357e-02  -5.5970511e-02   7.4072853e-04   3.2531072e-03   6.2508847e-03
   2.2748695e-02  -4.8007639e-02  -7.8721134e-02   1.2121312e-03   3.2580226e-03   6.2325840e-03
   2.4839786e-02  -2.9458158e-02  -4.7603039e-02   9.5315730e-04   3.2574912e-03   6.2969380e-03
   2.7400958e-02  -1.4588054e-02  -2.9644559e-02   9.4741657e-04   3.4114562e-03   6.2314348e-03
   2.3772780e-02  -3.4024735e-02  -4.6743995e-02   1.3969251e-03   3.6298875e-03   6.1888555e-03
   2.5009649e-02  -4.5289421e-02  -6.6850255e-02   1.2605761e-03   3.6528643e-03   6.2977057e-03
   2.4684832e-02  -3.0620019e-02  -5.3750648e-02   6.1392325e-04   3.6357605e-03   6.3389283e-03
   2.0062239e-02  -1.4029563e-02  -6.7551423e-02   1.0845986e-03   3.4962077e-03   6.2362272e-03
   9.9030298e-03  -7.4649652e-03  -8.2009436e-02   1.1132852e-03   3.3150086e-03   5.8938377e-03
   1.2103884e-02  -1.1608413e-02  -7.0458373e-02   7.7672309e-04   3.1856231e-03   5.9354818e-03
   2.2513336e-02  -6.5003904e-03  -7.0352598e-02   9.1662184e-04   3.1300816e-03   6.2389599e-03
   2.3501342e-02  -1.9462528e-02  -8.9105407e-02   1.3151985e-03   3.2864279e-03   6.3005284e-03
   2.6308641e-02  -3.4331191e-02  -9.0192731e-02   1.3024805e-03   3.4028097e-03   6.2646303e-03
   2.9742880e-02   5.4064182e-03  -7.7101619e-02   1.1413432e-03   3.4010999e-03   6.3140114e-03
   2.6189491e-02  -7.5984859e-03  -9.3892824e-02   1.5250528e-03   3.2577652e-03   6.0634326e-03
   3.1196726e-02  -7.7422380e-03  -9.3590978e-02   1.3326522e-03   3.4784225e-03   6.2238373e-03
   2.2734440e-02   5.9864743e-03  -6.4562746e-02   8.5418070e-04   3.4306224e-03   6.2635032e-03
   2.3576755e-02  -9.9828119e-03  -9.6027995e-02   1.1989686e-03   3.5101545e-03   6.2977922e-03
   1.8834687e-02   5.1970081e-03  -9.5332892e-02   7.6563869e-04   3.6088982e-03   6.2485055e-03
   2.6112087e-02  -2.8805154e-03  -1.0253393e-01   8.4241025e-04   3.2921651e-03   6.1061771e-03
   2.2566832e-02   5.8847646e-03  -8.8692217e-02   1.5964076e-03   3.2111154e-03   6.0317665e-03
   1.5454038e-02  -1.4312336e-03  -8.6106313e-02   1.4909346e-03   3.0045948e-03   5.7559620e-03
   3.7621473e-02  -3.7733819e-02  -8.5566140e-02   1.2261510e-03   3.4238960e-03   5.9556479e-03
   4.5318514e-02  -5.1950380e-02  -7.9674063e-02   1.1511121e-03   3.7593978e-03   6.1071199e-03
   4.4504161e-02  -2.4145749e-02  -7.2511054e-02   8.2375618e-04   3.8590850e-03   6.3187474e-03
   4.5862308e-02  -2.7967112e-02  -1.0940846e-01   1.0038430e-03   3.9837337e-03   6.3443524e-03
   4.1647604e-02  -3.3658298e-02  -1.2272210e-01   8.9056832e-04   3.8469586e-03   6.1074780e-03
   4.1863437e-02  -2.1632434e-02  -1.0573328e-01   7.9241027e-04   3.6372000e-03   6.0100320e-03
   4.5419629e-02  -9.6467239e-03  -1.1903458e-01   1.3269027e-03   3.5922783e-03   6.0975477e-03
   4.7676315e-02  -2.9387498e-02  -1.1917345e-01   1.4459432e-03   3.3314750e-03   6.1005894e-03
   4.9278297e-02  -3.7635859e-02  -1.0958792e-01   1.1571172e-03   3.4497931e-03   6.0968655e-03
   3.8846035e-02  -7.8010359e-03  -8.7881181e-02   9.1154667e-04   3.5763546e-03   5.7552349e-03
   2.6298154e-02  -3.7608999e-02  -9.9920909e-02   1.7461994e-03   3.5614361e-03   5.7543954e-03
   2.8664399e-02  -5.4201822e-02  -1.1984839e-01   1.4162172e-03   3.8177281e-03   5.9773216e-03
   3.1530594e-02  -9.6224710e-03  -9.9260838e-02   7.9229796e-04   3.7215912e-03   5.9509915e-03
   3.6095649e-02  -2.2315311e-02  -1.0518484e-01   1.4986365e-03   3.6023273e-03   6.0777478e-03
   3.7881132e-02  -3.7148255e-02  -1.1151565e-01   1.9837616e-03   3.6236790e-03   6.1000927e-03
   4.8208921e-02  -2.4453779e-02  -9.9986951e-02   1.8000052e-03   3.5756552e-03   6.0857878e-03
   5.1641763e-02  -3.9039791e-03  -7.4385880e-02   1.6861902e-03   3.8304207e-03   6.1608717e-03
   5.6075516e-02  -2.9822102e-02  -9.4503620e-02   2.1536187e-03   3.8529998e-03   6.1277656e-03
   4.0149771e-02  -3.7887160e-02  -1.0028691e-01   1.8284854e-03   3.7579797e-03   5.9846150e-03
   4.0533741e-02  -1.1333815e-02  -8.7018659e-02   1.3347074e-03   3.7527931e-03   5.9679531e-03
   4.4491647e-02  -7.7656487e-03  -1.1523060e-01   1.7490335e-03   3.7732822e-03   6.1429429e-03
   4.9378438e-02   2.8499829e-03  -1.2695432e-01   2.5885242e-03   3.8138672e-03   6.1162371e-03
   3.3767249e-02  -8.2577292e-02  -1.4858337e-01   2.1564201e-03   3.2496609e-03   6.1762366e-03
  -1.2931272e-01  -1.9771425e-01  -4.1349808e-01   2.1790379e-03   6.0965839e-03   3.8718612e-03
  -2.1601191e-01  -1.8133344e-01   1.7604672e-02  -2.4363986e-03   4.9592047e-03   4.5905275e-03
  -1.8980061e-01  -1.5462077e-01   2.7496532e-02  -1.3408501e-03   4.3638741e-03   4.0301788e-03
  -1.7553683e-01  -1.5711016e-01   2.7688658e-02  -6.4704736e-04   4.4559796e-03   3.8019428e-03
  -1.7102505e-01  -1.6179534e-01   4.2799677e-02  -5.7034926e-04   4.5788773e-03   3.7829210e-03
  -1.5770452e-01  -1.6328046e-01   4.9167956e-02  -1.1348900e-03   4.3526769e-03   3.8671156e-03
  -1.7476886e-01  -1.4789380e-01   8.4855603e-02  -1.0742529e-03   4.3079988e-03   3.5939425e-03
  -1.7381895e-01  -1.4366808e-01   6.0367602e-02  -1.2449001e-03   4.3715894e-03   3.6728531e-03
  -1.6008916e-01  -1.3706414e-01   5.5363849e-02  -1.2213222e-03   4.3969191e-03   3.7500200e-03
  -1.3453979e-01  -1.5089084e-01   4.4392997e-02  -1.0800755e-03   4.1993456e-03   4.0012713e-03
  -1.3923550e-01  -1.3759914e-01   7.0316337e-02  -1.1060540e-03   4.3359307e-03   4.1514580e-03
  -1.3920571e-01  -1.2668444e-01   7.3370852e-02  -5.9199703e-04   4.2590654e-03   4.0943927e-03
  -1.1659067e-01  -1.1758049e-01   9.4525458e-02  -8.1879040e-04   4.0906398e-03   4.2683895e-03
  -1.0438578e-01  -1.2917981e-01   9.0055805e-02  -7.7754419e-04   4.2876683e-03   4.6956117e-03
  -1.0114652e-01  -1.1864174e-01   8.3531732e-02  -6.2827960e-04   4.5766423e-03   4.8353439e-03
  -1.1056308e-01  -9.1871044e-02   1.1901161e-01  -1.0829005e-03   4.7073240e-03   4.5359357e-03
  -1.0081825e-01  -9.3132857e-02   1.2005561e-01  -5.3240297e-04   4.6290838e-03   4.8616542e-03
  -7.9880026e-02  -1.1559008e-01   1.0062465e-01  -6.3716948e-04   4.7666310e-03   5.2674744e-03
  -8.7554174e-02  -1.1488277e-01   1.1670216e-01  -8.0375740e-04   4.9121180e-03   5.2322404e-03
  -8.4484051e-02  -9.8128757e-02   1.4812748e-01  -1.1813943e-03   4.6653875e-03   5.2569268e-03
  -8.7149134e-02  -1.2719968e-01   1.4202641e-01  -6.0237769e-04   5.0859408e-03   5.1548418e-03
  -8.0268598e-02  -1.2015183e-01   1.1933849e-01  -1.1636939e-03   5.3890712e-03   5.5194526e-03
  -6.7509275e-02  -1.0543820e-01   1.4249749e-01  -1.2775569e-03   5.5333326e-03   5.5894314e-03
  -7.2733858e-02  -9.5798904e-02   1.3153227e-01  -1.1669185e-04   5.6106499e-03   5.6918577e-03
  -6.3652358e-02  -1.0863261e-01   1.0248069e-01  -3.8796491e-04   5.4777678e-03   5.7705867e-03
  -5.4993139e-02  -9.0599566e-02   1.4512220e-01  -8.9753724e-04   5.6778203e-03   5.9759317e-03
  -5.6342937e-02  -1.1767082e-01   1.5374050e-01  -5.2861831e-04   5.4017839e-03   5.9745566e-03
  -5.6878697e-02  -1.2184022e-01   1.2437399e-01  -4.6068423e-04   5.5590842e-03   6.1529221e-03
  -4.5669531e-02  -1.0121967e-01   1.4975631e-01  -9.4637512e-04   5.6062367e-03   6.1265787e-03
  -4.8356733e-02  -1.0358696e-01   1.4997524e-01  -4.0309017e-04   5.6293352e-03   6.1321413e-03
  -4.3372531e-02  -1.3022482e-01   1.2580290e-01  -2.3768103e-04   5.8567125e-03   6.3051600e-03
  -2.7285772e-02  -1.1859285e-01   1.3183170e-01  -7.3137813e-04   5.9180400e-03   6.6494333e-03
  -3.7669820e-02  -9.2509323e-02   1.7357776e-01  -9.7522185e-04   5.7644626e-03   6.4165491e-03
  -4.0728893e-02  -1.1610350e-01   1.4629175e-01  -2.7005680e-04   5.8801738e-03   6.4703944e-03
  -3.9168104e-02  -1.1789082e-01   1.4479297e-01  -2.9073350e-04   5.9245173e-03   6.5226638e-03
  -2.7815184e-02  -8.0282123e-02   1.7960617e-01  -9.0888641e-04   5.8598352e-03   6.4279201e-03
  -3.0518137e-02  -9.5179424e-02   1.5382140e-01  -5.4178111e-04   5.5966030e-03   6.1552446e-03
  -1.5447528e-02  -1.1230706e-01   1.4895468e-01  -5.3056653e-04   5.8150753e-03   6.2407681e-03
  -1.3017324e-02  -8.8861744e-02   1.9275170e-01  -5.7646022e-04   5.6140584e-03   6.1168142e-03
  -1.4340661e-02  -9.9428359e-02   1.8265735e-01  -6.7965323e-05   5.8079799e-03   6.2370709e-03
  -1.1407894e-02  -1.1532409e-01   1.4269118e-01   6.1995463e-06   5.8216591e-03   6.5162723e-03
  -3.5606232e-03  -9.6192792e-02   1.6465829e-01  -6.2328041e-04   5.7836742e-03   6.6882703e-03
  -4.4269699e-04  -9.2271262e-02   1.6474587e-01  -2.7726330e-04   6.0333577e-03   6.7868242e-03
   7.6020845e-03  -8.0799216e-02   1.4719846e-01  -1.5909932e-04   6.7495522e-03   7.3939443e-03
   5.5876198e-04   1.2943278e-02   3.9146124e-01  -4.5814020e-03   6.1844676e-03   7.7154014e-03
   7.0864130e-03   1.6209625e-02   4.2459264e-01  -4.6837322e-03   6.0699364e-03   7.5944988e-03
   4.8608995e-03   1.8292386e-02   4.1634056e-01  -3.3778741e-03   6.4284372e-03   7.4418210e-03
  -7.5339547e-03  -6.9216496e-03   3.9215712e-01  -2.8082394e-03   6.3288138e-03   7.4327862e-03
  -6.6013497e-03  -3.4771388e-02   3.6899583e-01  -2.6179722e-03   6.1816771e-03   7.5369119e-03
   3.4875654e-03  -3.4888841e-02   3.7997754e-01  -2.6399597e-03   6.0793887e-03   7.2763331e-03
   9.2054980e-03  -3.0448050e-02   3.9210525e-01  -2.5399519e-03   6.0299864e-03   7.5682981e-03
   2.2554144e-02  -5.5318573e-02   3.5438747e-01  -2.1562934e-03   6.5018670e-03   7.7390290e-03
   1.7644373e-02  -6.9983555e-02   3.4512760e-01  -2.1394744e-03   6.4603953e-03   7.9725462e-03
   1.5187767e-02  -3.9200995e-02   3.7683239e-01  -2.5959214e-03   6.6040602e-03   7.7943410e-03
   2.4999824e-02  -4.0517117e-02   3.5137078e-01  -2.1559437e-03   6.5614553e-03   7.9473814e-03
   3.7025537e-02  -5.5472793e-02   3.2735390e-01  -1.8519410e-03   6.7536452e-03   7.9290561e-03
   4.2788940e-02  -4.9179940e-02   3.5339923e-01  -2.1468996e-03   6.9306667e-03   8.1497372e-03
   3.9287983e-02  -5.3292108e-02   3.4748020e-01  -1.8056198e-03   6.7976589e-03   8.2698398e-03
   3.6298242e-02  -7.7979267e-02   3.3399382e-01  -1.4266585e-03   6.8831094e-03   8.1111646e-03
   2.9299090e-02  -4.1176224e-02   3.5943191e-01  -1.8569941e-03   6.6067437e-03   7.9408878e-03
   2.3286196e-02  -3.7659079e-02   3.7595975e-01  -1.2833838e-03   6.4730629e-03   7.7097866e-03
   3.9084539e-02  -6.7354591e-02   3.4089450e-01  -1.2960020e-03   6.5104441e-03   7.8257807e-03
   4.3581383e-02  -5.4933996e-02   3.5527149e-01  -1.8677405e-03   6.3160619e-03   7.9586016e-03
   4.2897085e-02  -6.6585273e-02   3.5724039e-01  -1.3467262e-03   6.5506369e-03   8.0067827e-03
   3.2193842e-02  -5.2790115e-02   3.6728821e-01  -1.1015934e-03   6.5476311e-03   7.8233988e-03
   3.3831177e-02  -6.7113687e-02   3.5330891e-01  -1.2052737e-03   6.5417051e-03   7.9086163e-03
   3.4879501e-02  -3.1212867e-02   3.6455470e-01  -1.7977613e-03   6.7132710e-03   7.9775561e-03
   4.2359595e-02  -3.2118653e-02   3.3945256e-01  -1.6606437e-03   6.3955611e-03   8.1341897e-03
   4.8304281e-02  -4.0666290e-02   3.1444473e-01  -1.6853529e-03   6.1445125e-03   8.2654398e-03
   4.0352363e-02  -2.8380317e-02   3.4386967e-01  -1.7037163e-03   6.2483682e-03   8.0238762e-03
   3.7702757e-02  -6.3102640e-03   3.4265643e-01  -1.2567237e-03   6.1590888e-03   7.9195025e-03
   5.5811262e-02  -4.1642463e-02   3.1358208e-01  -1.1164934e-03   6.0409945e-03   8.1290852e-03
   4.3247106e-02  -1.5423892e-02   3.5422546e-01  -1.4504386e-03   6.1560708e-03   8.0522897e-03
   2.9695333e-02  -2.2126337e-02   3.4578514e-01  -5.4701216e-04   6.3135400e-03   7.7960275e-03
   3.4033005e-02  -3.7800881e-02   3.2300681e-01  -6.8115009e-04   5.7728810e-03   7.7170265e-03
   5.1120137e-02  -3.2392952e-02   3.1570400e-01  -1.4845561e-03   5.7184977e-03   8.1158463e-03
   4.0565854e-02  -2.0198859e-02   3.3706755e-01  -1.3776000e-03   5.9027383e-03   8.0160873e-03
   2.8410840e-02  -2.0924021e-02   3.3111617e-01  -9.3651333e-04   6.0300379e-03   7.8554723e-03
   3.2581378e-02  -1.2517205e-02   3.2005258e-01  -9.5882667e-04   6.2270759e-03   7.7809583e-03
   3.8423115e-02  -2.2531503e-02   3.1213990e-01  -9.9076192e-04   5.9431468e-03   7.8619048e-03
   3.7573419e-02  -6.9093776e-03   3.5141192e-01  -1.6123225e-03   5.6773512e-03   7.9291506e-03
   4.4155403e-02  -1.7102494e-02   3.2423058e-01  -1.1159813e-03   5.5537268e-03   8.0842919e-03
   4.6871605e-02  -2.7369816e-02   2.9809873e-01  -1.1033266e-03   5.5385595e-03   8.0317695e-03
   4.4421791e-02  -1.7934668e-02   3.1826411e-01  -1.1710991e-03   5.7451528e-03   7.8636854e-03
   4.6788192e-02  -9.8813120e-03   3.4464977e-01  -1.2641396e-03   5.5082634e-03   7.9009835e-03
   6.1121041e-02  -3.6180638e-02   3.1106194e-01  -4.1906631e-04   5.6542462e-03   8.3351268e-03
   6.5318822e-02  -2.5776461e-02   3.1159298e-01  -3.5518675e-04   5.8758064e-03   8.5690959e-03
   5.7723830e-02  -1.9361406e-02   3.4262051e-01  -4.7378743e-04   5.7617351e-03   8.1418853e-03
   5.0121150e-02   3.9797428e-03   3.6875041e-01  -7.1212265e-04   5.6517885e-03   8.0829538e-03
   5.0580420e-02  -2.0846990e-02   3.4766148e-01  -7.1464583e-04   5.4723088e-03   7.9678263e-03
   4.4275172e-02  -2.7592238e-02   3.3762607e-01  -6.5845934e-04   5.6886044e-03   7.9777360e-03
   6.0851656e-02  -1.4521992e-02   3.3849777e-01  -1.4061249e-03   6.1529147e-03   8.4266813e-03
   7.1432215e-02  -8.6039273e-03   3.4801842e-01  -1.2754993e-03   6.6221914e-03   8.6150542e-03
   7.3014567e-02  -7.8816037e-03   3.3996077e-01  -8.2193850e-04   6.4117397e-03   8.6263250e-03
   7.5590050e-02  -3.5384948e-02   3.3434434e-01  -7.8450420e-04   6.3456629e-03   8.7289320e-03
   6.9392380e-02  -3.1119891e-02   3.6503298e-01  -1.0634524e-03   6.2714021e-03   8.7483272e-03
   6.3374041e-02  -1.9283958e-02   3.8601732e-01  -1.4371779e-03   6.5112506e-03   8.7033796e-03
   6.9184200e-02  -3.4093874e-02   3.3087160e-01  -1.2816755e-03   6.7140184e-03   8.8502401e-03
   7.1021278e-02  -3.4483338e-02   3.0352068e-01  -1.4850233e-03   6.3801018e-03   8.7451683e-03
   8.0476157e-02  -1.9609668e-02   3.3619392e-01  -1.9512346e-03   6.4649427e-03   8.7883389e-03
   8.4711221e-02  -2.0022747e-02   3.2538082e-01  -1.4875190e-03   6.3308262e-03   8.8339190e-03
   9.6471374e-02  -4.2992710e-02   2.9915548e-01  -1.1600971e-03   6.4766298e-03   8.8775771e-03
   9.1250976e-02  -2.5870258e-02   3.2767609e-01  -1.6245098e-03   6.3059252e-03   8.8730551e-03
   9.4170164e-02  -1.1831858e-02   3.4266126e-01  -1.5229775e-03   6.2067107e-03   8.8005748e-03
   8.9338716e-02  -2.2259782e-02   3.2695874e-01  -1.0350612e-03   6.3725466e-03   8.7970641e-03
   9.7294100e-02  -3.8278109e-02   2.9747091e-01  -1.6241744e-03   6.6941458e-03   9.0547253e-03
   1.0593906e-01  -5.3897247e-04   3.1545499e-01  -2.0113682e-03   6.8228796e-03   9.2018074e-03
   8.9798023e-02   5.2975585e-03   3.1642365e-01  -1.2810463e-03   6.5382732e-03   8.7481947e-03
   9.9305668e-02  -1.7016385e-02   2.8411140e-01  -7.1005846e-04   6.4276022e-03   8.8482898e-03
   1.1318508e-01  -1.1018218e-02   2.9551706e-01  -1.2494497e-03   6.6132311e-03   8.7797171e-03
   1.0014741e-01  -7.3066891e-03   3.2482113e-01  -5.2105851e-04   6.7754977e-03   8.7864184e-03
   1.0274232e-01  -1.8868186e-02   3.0873649e-01  -5.8146970e-05   6.8006178e-03   8.7431311e-03
   1.0952841e-01  -1.7667500e-02   3.0758695e-01  -7.0285535e-04   6.3354662e-03   8.8540312e-03
   1.0891921e-01  -3.4183898e-02   3.2370796e-01  -1.3573625e-03   6.6396992e-03   8.8054038e-03
   1.1386104e-01  -1.5936615e-02   3.4011348e-01  -1.1428312e-03   7.1776242e-03   8.9873968e-03
   1.1753387e-01  -2.8733542e-02   3.0853125e-01  -7.5527948e-04   7.4070088e-03   9.0075820e-03
   1.2294642e-01  -3.8002921e-02   2.7643895e-01  -1.0266861e-03   7.1676036e-03   9.1511068e-03
   1.1353207e-01  -2.6801437e-04   3.2770171e-01  -1.7096665e-03   7.2421222e-03   8.8748604e-03
   1.1744480e-01  -1.8055902e-02   3.1722046e-01  -1.2641915e-03   7.2366651e-03   8.8572552e-03
   1.2169933e-01  -3.3323077e-02   3.0334788e-01  -7.1381577e-04   7.0383776e-03   8.8015446e-03
   1.2220798e-01  -2.3533109e-02   3.2422728e-01  -9.8484836e-04   6.9790427e-03   8.8681749e-03
   1.3133894e-01  -3.1028113e-03   3.3794655e-01  -9.8584607e-04   7.1082131e-03   8.9803564e-03
   1.4126666e-01  -2.7593395e-02   2.9548632e-01  -2.5120302e-04   7.5891403e-03   9.3131195e-03
   1.3331241e-01  -1.4797133e-02   2.9430271e-01  -1.1234345e-03   7.2987998e-03   9.2238303e-03
   1.3451092e-01   1.1607806e-02   3.0869243e-01  -1.4342287e-03   7.0715250e-03   9.2276889e-03
   1.3486998e-01   4.2447850e-03   3.0551315e-01  -9.4450053e-04   6.9109243e-03   9.0819410e-03
   1.4719673e-01  -9.3612594e-03   2.8548636e-01  -6.6409705e-04   6.7460566e-03   9.0999296e-03
   1.3592595e-01  -1.6320825e-02   2.8271425e-01  -5.4579975e-04   7.2207786e-03   9.0298149e-03
   1.3086984e-01   4.3075360e-03   3.1384318e-01  -1.2533041e-03   7.1763088e-03   9.0745835e-03
   1.3422517e-01  -1.7572092e-02   3.2794085e-01  -7.9826048e-04   7.2862525e-03   8.9709929e-03
   1.3215047e-01  -3.3026924e-02   2.9525610e-01  -6.8501976e-04   6.8935703e-03   8.8047912e-03
   1.3689840e-01  -2.9725771e-01   1.9423126e-01   2.2169398e-04   6.8100558e-03   8.7030341e-03
   1.9709488e-02  -1.2848210e-01   2.2760226e-01  -4.1402753e-03   8.5960696e-03   6.5477659e-03
   2.1080058e-02  -8.8698026e-02   4.3983913e-01  -7.2740539e-03   9.2314830e-03   7.7623850e-03
   2.7262045e-02  -5.6647884e-02   3.8994772e-01  -5.2601864e-03   1.0280520e-02   8.8609708e-03
   2.2364846e-02  -4.1293170e-02   3.9602648e-01  -5.6409336e-03   1.3726142e-02   1.1046523e-02
   2.0591912e-02  -6.0635344e-02   3.7056763e-01  -4.5818345e-03   1.3917331e-02   1.0673945e-02
   4.6668501e-02  -7.2674196e-02   3.4328084e-01  -4.0127601e-03   1.3784006e-02   1.0864395e-02
   5.1213352e-02  -5.5064516e-02   3.6455727e-01  -3.5556478e-03   1.3935883e-02   1.0837128e-02
   2.1257235e-02  -3.1603885e-02   3.9475998e-01  -3.7957002e-03   1.4041931e-02   1.0651645e-02
   2.3353748e-02  -3.3278225e-02   3.6506890e-01  -3.6028197e-03   1.4310450e-02   1.0568090e-02
   3.1451511e-02  -4.6180061e-02   3.5699229e-01  -3.3075130e-03   1.4213661e-02   1.0772026e-02
   3.3678698e-02  -2.1469825e-02   4.1626332e-01  -3.5142922e-03   1.4443169e-02   1.0900096e-02
   2.7408382e-02  -3.3514074e-02   4.1435311e-01  -3.0848472e-03   1.3801485e-02   1.0829373e-02
   4.9177986e-02  -4.1323697e-02   3.8191178e-01  -3.1972216e-03   1.3626944e-02   1.0764577e-02
   6.2531223e-02  -4.3985719e-02   3.6404931e-01  -3.1773865e-03   1.4237661e-02   1.0975304e-02
   6.8686942e-02  -2.6091327e-02   3.8263342e-01  -2.8643037e-03   1.4134276e-02   1.0968141e-02
   7.7786747e-02  -2.6987658e-02   3.7789405e-01  -3.2428853e-03   1.4059149e-02   1.1142061e-02
   8.5642198e-02  -4.7483432e-02   3.7905805e-01  -3.2628504e-03   1.4031619e-02   1.1092015e-02
   8.3156857e-02  -5.2032998e-02   3.9744476e-01  -3.2219124e-03   1.3822273e-02   1.1245590e-02
   8.2899789e-02  -8.4311488e-03   4.2069499e-01  -3.2677474e-03   1.4394943e-02   1.1131092e-02
   9.9585827e-02  -3.4341147e-02   3.5357312e-01  -3.0536517e-03   1.4042012e-02   1.1067904e-02
   9.7667466e-02  -2.6822944e-02   3.7753113e-01  -3.4557557e-03   1.3916084e-02   1.1017826e-02
   8.8827972e-02   6.9676990e-04   3.9459057e-01  -3.4043429e-03   1.3792555e-02   1.0951201e-02
   9.9393892e-02  -2.5772073e-02   3.5224063e-01  -3.2519850e-03   1.3264200e-02   1.1065874e-02
   7.9022077e-02  -1.3529564e-02   3.8785066e-01  -3.5723195e-03   1.3327873e-02   1.0842011e-02
   8.3727297e-02  -2.1046940e-02   3.5775352e-01  -3.1351919e-03   1.3648000e-02   1.1033213e-02
   9.8549320e-02  -2.5729336e-03   3.4457213e-01  -2.8955160e-03   1.3505493e-02   1.0836769e-02
   1.0124325e-01  -3.2473277e-03   3.3672583e-01  -3.0409719e-03   1.3398927e-02   1.0724990e-02
   8.3140707e-02   1.3297174e-02   3.9582869e-01  -3.4965789e-03   1.3384198e-02   1.0539571e-02
   6.9094863e-02  -6.9080448e-03   3.6788120e-01  -2.6638736e-03   1.2883508e-02   1.0262504e-02
   6.1813793e-02  -6.0882785e-03   3.7903173e-01  -2.6219766e-03   1.2571714e-02   1.0146542e-02
   5.3182483e-02   1.8435463e-02   4.2757360e-01  -3.2723249e-03   1.2316826e-02   9.9008328e-03
   6.8463453e-02   6.1317954e-03   3.8381558e-01  -2.7962539e-03   1.2323146e-02   1.0050362e-02
   6.9606640e-02  -2.6141261e-03   3.5927798e-01  -2.8118491e-03   1.1991199e-02   1.0103854e-02
   6.9035722e-02   1.6366528e-02   3.9702892e-01  -2.9188484e-03   1.1462052e-02   9.6376458e-03
   7.4800592e-02   8.9424175e-03   3.5264685e-01  -2.0729738e-03   1.1410432e-02   9.7185400e-03
   7.0791515e-02  -2.3039802e-03   3.4814136e-01  -2.0570855e-03   1.1201437e-02   9.6206019e-03
   6.7977485e-02   5.6842637e-03   3.7317008e-01  -2.2605325e-03   1.1113641e-02   9.6432630e-03
   6.5006276e-02   1.7328734e-02   3.8853373e-01  -2.2883308e-03   1.1310450e-02   9.7789286e-03
   8.5160387e-02  -1.3210363e-02   3.4861381e-01  -2.0280690e-03   1.1479394e-02   9.8941691e-03
   9.4199329e-02   8.5369974e-04   3.7737925e-01  -2.3164898e-03   1.1478286e-02   1.0046024e-02
   9.4144289e-02   1.1234980e-02   4.0172072e-01  -1.8361663e-03   1.1643802e-02   9.8664176e-03
   9.2582643e-02  -2.9995169e-03   3.8711321e-01  -1.7088647e-03   1.1254935e-02   9.7169327e-03
   1.0752474e-01  -8.5000719e-04   3.6037292e-01  -2.2084470e-03   1.1256694e-02   9.9245588e-03
   8.6673230e-02   4.1014716e-02   4.2859555e-01  -2.1071804e-03   1.1098899e-02   9.7655179e-03
   9.9497909e-02   1.1221484e-02   3.9125223e-01  -9.6383108e-04   1.1518862e-02   9.8701709e-03
   1.0923403e-01   1.8196635e-02   3.6763761e-01  -1.8127315e-03   1.1256850e-02   1.0023542e-02
   9.7024923e-02   2.7945798e-02   4.2772379e-01  -2.0990428e-03   1.0864860e-02   9.9754883e-03
   8.4091450e-02   3.4420368e-02   4.3184271e-01  -1.7921060e-03   1.0772853e-02   9.9699380e-03
   8.1196326e-02   1.6849533e-02   3.9240631e-01  -1.6055470e-03   1.0963729e-02   1.0023620e-02
   8.6810141e-02   1.3795152e-02   3.9092256e-01  -2.3043304e-03   1.1219682e-02   9.9953338e-03
   9.9625723e-02   3.5111507e-02   3.8753455e-01  -2.3773563e-03   1.1141529e-02   9.9348420e-03
   9.9367874e-02   2.9297295e-02   3.7171255e-01  -1.5254886e-03   1.1234255e-02   9.9515798e-03
   1.0269463e-01   1.1953485e-02   3.7217312e-01  -2.1279512e-03   1.1220249e-02   9.9308290e-03
   9.9549762e-02   4.0989593e-02   4.1621986e-01  -2.3461170e-03   1.1143852e-02   1.0079755e-02
   1.0953454e-01   8.5833839e-03   3.5487253e-01  -2.1188897e-03   1.1460382e-02   1.0184033e-02
   9.7832015e-02   1.9154033e-02   3.7965103e-01  -2.6120870e-03   1.1392846e-02   1.0217367e-02
   1.0634979e-01   2.9685308e-02   3.8990636e-01  -2.2992785e-03   1.1598362e-02   1.0336486e-02
   1.2584338e-01   3.5406483e-02   3.5107133e-01  -2.0644856e-03   1.1593725e-02   1.0229386e-02
   1.1871668e-01   2.7330195e-02   3.5273163e-01  -1.7718395e-03   1.1544411e-02   1.0336156e-02
   9.3169168e-02   7.2772454e-02   3.8499923e-01  -2.2629152e-03   1.1169754e-02   9.9821489e-03
   9.9572945e-02   4.7250579e-02   3.4661825e-01  -1.2067804e-03   1.0955250e-02   9.8406501e-03
   1.0759068e-01   2.0831071e-02   3.4720124e-01  -2.3003662e-03   1.0998281e-02   1.0033399e-02
   9.6296113e-02   1.7645363e-02   3.9216040e-01  -2.2821526e-03   1.0842783e-02   9.8391080e-03
   8.8440358e-02   2.2392765e-02   4.0144454e-01  -1.5542486e-03   1.1413296e-02   9.8676759e-03
   8.4361081e-02  -1.7717736e-03   3.8070202e-01  -1.7837437e-03   1.1306947e-02   9.7952449e-03
   8.8267616e-02   1.9057739e-02   4.0578980e-01  -2.5187481e-03   1.1167496e-02   9.7495986e-03
   8.0119884e-02   2.6974950e-02   4.2000815e-01  -2.3440050e-03   1.1533114e-02   9.8512459e-03
   9.3223257e-02   1.7250914e-02   3.7702597e-01  -2.2027665e-03   1.1908439e-02   1.0157929e-02
   9.9619717e-02   9.4037695e-03   3.7987724e-01  -2.3123843e-03   1.2037978e-02   1.0105914e-02
   9.8983926e-02   2.8238746e-02   4.1342750e-01  -2.6463868e-03   1.2056115e-02   9.8375959e-03
   1.0755188e-01   1.3833189e-02   3.7663719e-01  -2.2838328e-03   1.1845846e-02   9.8889495e-03
   1.0033824e-01   6.1478051e-03   3.6139268e-01  -2.0388405e-03   1.1244623e-02   9.8441121e-03
   9.9168118e-02   2.3593285e-02   3.9521334e-01  -2.1407306e-03   1.1557283e-02   9.9579063e-03
   9.7400608e-02   3.5592804e-02   4.0984922e-01  -1.7572572e-03   1.1374348e-02   9.9626369e-03
   1.2040815e-01   4.3335740e-04   3.5486020e-01  -1.6275267e-03   1.1341485e-02   1.0060586e-02
   1.1123591e-01   1.9874199e-02   3.9998888e-01  -2.3472296e-03   1.1118154e-02   9.9898677e-03
   9.2399188e-02   3.0052488e-02   4.2760675e-01  -2.2390258e-03   1.0866797e-02   1.0088607e-02
   9.9663519e-02   3.8694702e-03   3.8245637e-01  -1.9900166e-03   1.1374541e-02   1.0356894e-02
   1.0746836e-01   2.0597160e-02   3.7651424e-01  -2.3893703e-03   1.1026654e-02   1.0328152e-02
   1.0534675e-01   4.8360205e-02   4.0028076e-01  -2.3620580e-03   1.1185483e-02   1.0154859e-02
   9.9079980e-02   1.4079874e-02   3.8319606e-01  -1.6920202e-03   1.1137127e-02   1.0274287e-02
   1.0722598e-01   2.0987365e-02   3.7301860e-01  -1.5649066e-03   1.1118038e-02   1.0330089e-02
   1.1033469e-01   1.8287836e-02   3.9053220e-01  -1.9328683e-03   1.0881104e-02   1.0235243e-02
   8.7809029e-02   3.4560799e-02   4.2530555e-01  -1.9170299e-03   1.1137016e-02   9.9840178e-03
   7.9413223e-02   1.0219521e-02   3.8509011e-01  -1.9296433e-03   1.0833861e-02   1.0179338e-02
   8.5325593e-02   3.1385897e-02   3.6478383e-01  -2.4361049e-03   1.0587406e-02   1.0259748e-02
   8.3546719e-02   5.4538931e-02   3.9116118e-01  -2.3941020e-03   1.0370313e-02   1.0138008e-02
   8.2624950e-02   6.9422617e-02   3.8967437e-01  -1.7523939e-03   1.0432801e-02   1.0076598e-02
   1.0779017e-01   4.4420445e-02   3.5325688e-01  -2.2907636e-03   1.0876452e-02   1.0487210e-02
   9.3491208e-02   6.9972597e-02   4.1867650e-01  -3.0580768e-03   1.0680559e-02   1.0276006e-02
   1.0406428e-01   4.6375347e-02   3.6574208e-01  -2.5613094e-03   1.0843033e-02   1.0365499e-02
   1.1949630e-01   4.9336079e-02   3.2777237e-01  -2.8444506e-03   1.0366724e-02   1.0643586e-02
   1.0656907e-01   8.3047210e-02   3.8272064e-01  -2.6937659e-03   1.0254980e-02   1.0419850e-02
   9.5946422e-02   8.8779028e-02   3.9187433e-01  -2.1863948e-03   9.8510439e-03   1.0233242e-02
   9.8117108e-02   6.0088289e-02   3.5247880e-01  -1.5156420e-03   9.9542510e-03   9.9593597e-03
   8.6783228e-02   6.6478136e-02   3.6700810e-01  -2.1114877e-03   1.0209055e-02   9.9640462e-03
   6.9986645e-02   8.3614948e-02   3.8044324e-01  -1.4906354e-03   1.0257459e-02   9.6908689e-03
   7.1059896e-02   6.6122947e-02   3.7358522e-01  -1.9898164e-03   9.9932247e-03   9.6580765e-03
   7.5279696e-02   3.1626834e-02   3.6057254e-01  -2.3546232e-03   9.9280114e-03   9.6392913e-03
   6.6274157e-02   4.0415827e-02   4.0114261e-01  -2.4334339e-03   9.7332186e-03   9.7370392e-03
