   0.0000000e+00   0.0000000e+00   0.0000000e+00   0.0000000e+00   0.0000000e+00  -1.3877788e-17
  -1.3251824e-01   1.0514557e-02   3.6586019e-02  -6.5598990e-04  -1.2221196e-03  -2.1913805e-03
  -1.4088868e-01   3.0665267e-02   4.4676552e-02  -8.3347056e-04  -1.5258881e-03  -2.5458476e-03
  -1.6526653e-01   3.5046839e-02   5.6714065e-02  -4.7028697e-04  -1.8560176e-03  -3.1162788e-03
  -1.8581995e-01   4.0896519e-02   5.8116273e-02  -5.9513146e-04  -2.2679454e-03  -3.2941643e-03
  -2.1415653e-01   3.4587752e-02   9.3530576e-02  -1.0187018e-03  -2.4676082e-03  -3.9006942e-03
  -2.2417536e-01   3.9015422e-02   1.0607195e-01  -1.1413588e-03  -2.3354076e-03  -4.2235866e-03
  -2.2706091e-01   6.3252410e-02   1.5785946e-01  -1.4067161e-03  -2.4320231e-03  -4.2544226e-03
  -2.2548424e-01   5.1202198e-02   1.5859146e-01  -2.2314616e-03  -2.9041707e-03  -4.3426294e-03
  -2.2631397e-01   5.1847608e-02   1.5045979e-01  -2.0506148e-03  -2.8751732e-03  -4.4051365e-03
  -2.2417693e-01   4.1401912e-02   1.4752139e-01  -2.1195374e-03  -2.8051145e-03  -4.4228237e-03
  -2.2433127e-01   5.5193193e-02   1.6744689e-01  -2.3065826e-03  -2.6713253e-03  -4.5703413e-03
  -2.3861385e-01   9.6095040e-02   1.5726906e-01  -1.3716289e-03  -2.8712132e-03  -4.7807757e-03
  -2.5561932e-01   5.1862905e-02   1.5978664e-01  -2.3964868e-03  -3.1830992e-03  -5.2941529e-03
  -2.5729186e-01   4.4988369e-02   1.7014605e-01  -2.7415408e-03  -3.0360947e-03  -5.3790589e-03
  -2.4640571e-01   9.5030542e-02   1.9213585e-01  -2.4864027e-03  -3.5239146e-03  -4.7947623e-03
  -2.5226617e-01   5.1296115e-02   1.5587673e-01  -2.3650984e-03  -3.0231413e-03  -5.2100520e-03
  -2.6225764e-01   6.1740937e-02   1.9042755e-01  -3.0194659e-03  -3.0215202e-03  -5.6524441e-03
  -2.6352671e-01   4.3642672e-02   2.0612619e-01  -3.0780321e-03  -3.2196274e-03  -5.6773153e-03
  -2.6312506e-01   4.2505704e-02   1.8983532e-01  -2.5290290e-03  -3.1412055e-03  -5.5547531e-03
  -2.4827742e-01   6.3397958e-02   1.6606775e-01  -2.0748691e-03  -2.9128376e-03  -4.9325353e-03
  -2.4817159e-01   4.2652591e-02   1.6485862e-01  -2.9437453e-03  -2.5531295e-03  -5.1928744e-03
  -2.5609246e-01   5.2597947e-02   1.7113050e-01  -2.8459590e-03  -2.6419396e-03  -5.5143401e-03
  -2.5251066e-01   6.6800493e-02   1.7244968e-01  -2.3162471e-03  -2.6822581e-03  -5.5508129e-03
  -2.6612693e-01   5.2576634e-02   1.5619543e-01  -2.3765651e-03  -2.7117727e-03  -5.7600490e-03
  -2.6614640e-01   3.4461065e-02   1.7329111e-01  -2.5566279e-03  -2.8029693e-03  -5.7171705e-03
  -2.6244325e-01   4.8922113e-02   2.0670967e-01  -2.8987025e-03  -2.5970676e-03  -5.7558364e-03
  -2.6664949e-01   5.5205458e-02   1.7356113e-01  -2.8073767e-03  -2.8058074e-03  -5.7330417e-03
  -2.5739272e-01   4.3917674e-02   1.4874846e-01  -2.3622473e-03  -2.9691361e-03  -5.4930044e-03
  -2.5406500e-01   6.9941538e-02   1.9682729e-01  -2.3409150e-03  -2.5573749e-03  -5.3742181e-03
  -2.4932892e-01   3.4954851e-02   1.6919706e-01  -1.7482705e-03  -2.1475174e-03  -5.4211392e-03
  -2.4755364e-01   2.7727464e-02   1.5590146e-01  -1.8992058e-03  -2.4240949e-03  -5.5680462e-03
  -2.5240484e-01   4.2279427e-02   1.9644467e-01  -2.3076687e-03  -2.8027464e-03  -5.7196285e-03
  -2.6831823e-01   3.2768088e-02   1.7336744e-01  -1.9283442e-03  -2.9768139e-03  -5.8354592e-03
  -2.7166446e-01   3.1976138e-02   1.5545893e-01  -2.3813528e-03  -3.1540867e-03  -5.7003612e-03
  -2.8320055e-01   5.9422970e-02   1.7792890e-01  -2.5611156e-03  -3.3698954e-03  -5.9853594e-03
  -2.8105758e-01   5.5821360e-02   1.7086832e-01  -1.9238715e-03  -3.5347226e-03  -6.0138289e-03
  -2.7918425e-01   4.7843657e-02   1.5737799e-01  -2.2608708e-03  -3.4689426e-03  -5.9436279e-03
  -2.7697313e-01   5.6083720e-02   1.9718034e-01  -2.9205808e-03  -3.4134100e-03  -6.0904307e-03
  -2.8046908e-01   3.6235592e-02   1.7273715e-01  -2.4689186e-03  -3.3241680e-03  -6.1728347e-03
  -2.8394689e-01   3.9769409e-02   1.5556701e-01  -2.3126701e-03  -3.3797401e-03  -6.2192940e-03
  -2.8538295e-01   4.3914876e-02   1.7142839e-01  -2.8404957e-03  -3.4817362e-03  -6.2674075e-03
  -2.8920651e-01   5.9093255e-02   1.8857013e-01  -2.7128711e-03  -3.9170565e-03  -6.4477789e-03
  -2.9227415e-01   5.7801560e-02   1.6670246e-01  -2.4176625e-03  -4.0424953e-03  -6.3315312e-03
  -2.9017470e-01   4.8936061e-02   1.4451353e-01  -2.5406485e-03  -4.1119066e-03  -6.3452030e-03
  -2.8432072e-01   6.8811738e-02   1.6403462e-01  -2.8499009e-03  -3.8898954e-03  -6.3288602e-03
  -2.8325308e-01   5.7350571e-02   1.6830735e-01  -2.4208696e-03  -3.8842408e-03  -6.2811103e-03
  -2.6999068e-01   7.5605056e-02   1.2162127e-01  -1.2718626e-03  -3.9649642e-03  -5.8346741e-03
  -2.7170367e-01   7.0870893e-02   1.7055347e-01  -2.4683748e-03  -4.1253243e-03  -5.9755641e-03
  -2.7433837e-01   5.2097667e-02   1.6126393e-01  -1.5976578e-03  -3.8924772e-03  -5.9675426e-03
  -2.6928651e-01   4.3836098e-02   1.4650379e-01  -1.7077993e-03  -3.7358592e-03  -6.0701768e-03
  -2.6347661e-01   4.1535840e-02   1.5092058e-01  -1.7909847e-03  -3.9266067e-03  -5.9664326e-03
  -2.6602915e-01   4.6745000e-02   1.8558267e-01  -2.2268457e-03  -4.1350584e-03  -6.0880736e-03
  -2.7489224e-01   3.8191970e-02   1.5429735e-01  -2.0221622e-03  -3.8966935e-03  -5.9677455e-03
  -2.7887894e-01   3.5466053e-02   1.3001342e-01  -2.2049515e-03  -3.6688207e-03  -6.1656198e-03
  -2.7680037e-01   5.4440673e-02   1.6011484e-01  -2.7201822e-03  -3.6438610e-03  -6.3863181e-03
  -2.7378383e-01   4.5716863e-02   1.5056223e-01  -2.1779239e-03  -3.8997455e-03  -6.2575474e-03
  -2.7258723e-01   4.0232378e-02   1.2998731e-01  -1.9888260e-03  -3.8609975e-03  -6.1865316e-03
  -2.7715692e-01   5.8542929e-02   1.6427353e-01  -2.3773314e-03  -4.0794270e-03  -6.2854699e-03
  -2.6959384e-01   5.9402017e-02   1.7550898e-01  -2.4419148e-03  -4.1914912e-03  -6.0445680e-03
  -2.7126360e-01   5.2503722e-02   1.3491824e-01  -2.1641360e-03  -4.1361200e-03  -5.8952378e-03
  -2.6607124e-01   5.4432683e-02   1.5670586e-01  -2.6144746e-03  -3.8345992e-03  -5.8242796e-03
  -2.7472344e-01   4.5498736e-02   1.5760376e-01  -1.4949167e-03  -3.8599075e-03  -6.0924520e-03
  -2.7233109e-01   2.5977637e-02   1.4108763e-01  -1.7844539e-03  -3.7476329e-03  -6.0716815e-03
  -2.8341112e-01   7.2007223e-02   1.5759583e-01  -1.6277599e-03  -4.0075157e-03  -6.0789037e-03
  -2.8695225e-01   4.3650776e-02   1.6540740e-01  -2.4949426e-03  -4.1262837e-03  -6.1598352e-03
  -2.8951071e-01   4.4280279e-02   1.2324360e-01  -2.2739089e-03  -3.7723323e-03  -6.2802684e-03
  -2.8826847e-01   5.3905737e-02   1.1103121e-01  -2.4727678e-03  -3.6626206e-03  -6.3378159e-03
  -2.9145546e-01   7.0711472e-02   1.5909644e-01  -2.6899930e-03  -3.7963388e-03  -6.3156035e-03
  -2.8330708e-01   6.7037803e-02   1.6098423e-01  -1.8897700e-03  -4.1023901e-03  -6.1703544e-03
  -2.4737605e-01   8.5543428e-02   1.1349229e-01  -2.1315874e-03  -4.2034091e-03  -5.1218472e-03
  -2.6254657e-01   5.1390325e-02   1.6107347e-01  -2.3918876e-03  -3.8613543e-03  -5.7833869e-03
  -2.7636837e-01   5.8414558e-02   1.7679474e-01  -2.8964668e-03  -4.0248019e-03  -6.2350426e-03
  -2.8551290e-01   4.2250418e-02   1.5964479e-01  -2.8037841e-03  -4.0604501e-03  -6.3078910e-03
  -2.8765396e-01   3.7857740e-02   1.4592386e-01  -2.6276204e-03  -3.9876087e-03  -6.3655952e-03
  -2.8362455e-01   4.3776402e-02   1.8359152e-01  -2.8760456e-03  -3.6671717e-03  -6.4110404e-03
  -2.8678825e-01   4.6511722e-02   1.9885133e-01  -2.7254273e-03  -3.7366495e-03  -6.5729069e-03
  -2.9768543e-01   4.5337048e-02   1.7545965e-01  -2.7887442e-03  -3.7270862e-03  -6.6477263e-03
  -2.9962656e-01   2.4929353e-02   1.5568969e-01  -2.4195974e-03  -3.4434593e-03  -6.5852920e-03
  -2.9053596e-01   2.9547437e-02   1.7330217e-01  -2.6832883e-03  -3.2591854e-03  -6.5254384e-03
  -2.9529379e-01   3.7356872e-02   1.9549543e-01  -2.2102979e-03  -3.4822925e-03  -6.5454297e-03
  -2.8895527e-01   2.6517114e-02   1.5957794e-01  -2.2096499e-03  -3.6379714e-03  -6.4469376e-03
  -2.9193579e-01   2.3453381e-02   1.8362989e-01  -2.6243852e-03  -3.6155870e-03  -6.6655629e-03
  -2.9531845e-01   3.5270421e-02   2.0072274e-01  -2.6995899e-03  -3.3428170e-03  -6.5438436e-03
  -2.9436582e-01   2.7493985e-02   1.8267619e-01  -2.2183690e-03  -3.1895097e-03  -6.5580147e-03
  -2.9684204e-01   2.2110589e-02   1.7102774e-01  -2.6368192e-03  -3.2093296e-03  -6.4937741e-03
  -2.9277579e-01   4.0946073e-02   1.8578012e-01  -2.4830103e-03  -3.4673686e-03  -6.3708290e-03
  -2.9111693e-01   5.9762821e-02   1.6462297e-01  -2.4200634e-03  -3.5390541e-03  -6.1256107e-03
  -2.8884990e-01   3.1402610e-02   1.2310423e-01  -1.9270639e-03  -3.6001437e-03  -6.0874797e-03
  -2.8884046e-01   5.3156039e-02   1.3936923e-01  -2.5711271e-03  -3.6735779e-03  -6.1067717e-03
  -2.9323578e-01   5.0695654e-02   1.5634047e-01  -1.9646223e-03  -3.6141700e-03  -6.2521816e-03
  -2.9973314e-01   4.3068324e-02   1.6534793e-01  -2.0456641e-03  -3.4543357e-03  -6.4315285e-03
  -2.9021717e-01   3.2685567e-02   1.4710633e-01  -2.1224406e-03  -3.4603750e-03  -6.2260662e-03
  -2.8869555e-01   3.8162976e-02   1.6237341e-01  -2.4603412e-03  -3.5317105e-03  -6.1389092e-03
  -2.8823247e-01   6.0651990e-02   1.7338266e-01  -2.2683235e-03  -3.6198082e-03  -6.0450374e-03
  -2.9192194e-01   4.0339691e-02   1.3759585e-01  -1.6844800e-03  -3.7464120e-03  -6.0880485e-03
  -2.8878618e-01   3.8004308e-02   1.5559065e-01  -2.3372731e-03  -3.5569013e-03  -6.1267337e-03
  -2.8662748e-01   4.3829049e-02   1.8709475e-01  -2.2890290e-03  -3.4959517e-03  -6.2222064e-03
  -2.8509958e-01   2.3522591e-02   1.6921496e-01  -1.9620105e-03  -3.4413153e-03  -6.2723006e-03
  -2.8499173e-01   2.1466488e-02   1.6716675e-01  -2.2941347e-03  -3.5210503e-03  -6.1845450e-03
  -2.8504076e-01   3.6536075e-02   1.8222702e-01  -2.1787864e-03  -3.3927340e-03  -6.1816888e-03
  -2.8506361e-01   3.9222468e-02   1.9560790e-01  -2.1323989e-03  -3.4460987e-03  -6.2029088e-03
  -2.8455426e-01   1.5149841e-02   1.5629699e-01  -1.7670904e-03  -3.3099018e-03  -6.1332917e-03
  -2.8381722e-01   2.8550612e-02   1.5952183e-01  -2.4011596e-03  -3.3251428e-03  -6.2034501e-03
  -2.8878443e-01   5.2476970e-02   1.7814826e-01  -2.6879926e-03  -3.3018534e-03  -6.3143885e-03
  -2.9455369e-01   1.8571719e-02   1.3688920e-01  -2.0657091e-03  -3.5059369e-03  -6.2035755e-03
  -2.9467604e-01   5.8139511e-02   1.7583919e-01  -2.8363164e-03  -3.7422419e-03  -6.2795925e-03
  -2.9007898e-01   3.7966374e-02   1.7843934e-01  -2.2669884e-03  -3.6134698e-03  -6.3205346e-03
  -2.9179077e-01   3.0204168e-02   1.3363366e-01  -1.3083307e-03  -3.6178428e-03  -6.2321030e-03
  -2.8366757e-01   4.3913094e-02   1.7816814e-01  -2.3420154e-03  -3.7286058e-03  -6.3353472e-03
  -2.6530214e-01   6.2772708e-02   1.9431404e-01  -2.2696573e-03  -3.8346516e-03  -5.6741617e-03
  -2.6069426e-01   5.5777170e-02   1.5724747e-01  -1.2939988e-03  -3.6123586e-03  -5.9512545e-03
  -2.5178300e-01   4.9912572e-02   1.6823929e-01  -1.4236212e-03  -3.2454553e-03  -5.6154135e-03
  -2.6942615e-01   4.6561249e-02   1.9531804e-01  -2.1018878e-03  -3.4621678e-03  -5.6608097e-03
  -2.7814874e-01   3.7260023e-02   1.7354320e-01  -2.0084705e-03  -3.2335547e-03  -5.7540496e-03
  -2.7287242e-01   2.6402316e-02   1.5446717e-01  -2.2014097e-03  -3.3988492e-03  -5.6253464e-03
  -2.6079415e-01   5.6633105e-02   1.7930535e-01  -2.4110428e-03  -3.5678674e-03  -5.6098037e-03
  -2.5247776e-01   5.3561261e-02   1.7675023e-01  -1.8927025e-03  -3.1096023e-03  -5.4865123e-03
  -2.5345026e-01   3.1033503e-02   1.5665225e-01  -1.3861310e-03  -3.0472910e-03  -5.5154625e-03
  -2.5370862e-01   2.8129249e-02   1.7004103e-01  -1.8976969e-03  -3.1892069e-03  -5.7703602e-03
  -2.4981880e-01   2.4039475e-02   1.8122491e-01  -1.7898105e-03  -3.0005470e-03  -5.7942881e-03
  -2.5602923e-01   3.3189700e-02   2.1096949e-01  -1.7276287e-03  -3.3185470e-03  -5.9541115e-03
  -2.4377475e-01   2.9285981e-02   1.8454863e-01  -1.2909899e-03  -3.1877158e-03  -5.6539237e-03
  -2.2833607e-01   4.2715674e-02   1.5558852e-01  -2.0321197e-03  -2.7736059e-03  -5.0796623e-03
  -2.3034427e-01   4.2144941e-02   1.6811430e-01  -2.0027248e-03  -2.7524881e-03  -5.3043413e-03
  -2.4023203e-01   4.3524156e-02   1.6645677e-01  -1.6254798e-03  -3.1238206e-03  -5.4676666e-03
  -2.4649686e-01   4.5398629e-02   1.6166806e-01  -1.7423392e-03  -3.4723458e-03  -5.7331652e-03
  -2.5137610e-01   3.4952409e-02   1.7657811e-01  -2.0177449e-03  -3.6707092e-03  -5.8877314e-03
  -2.5891140e-01   3.7286953e-02   2.1727299e-01  -2.4781483e-03  -3.6032610e-03  -6.0469254e-03
  -2.4845038e-01   2.6487579e-02   2.1829412e-01  -2.4505916e-03  -3.8927910e-03  -5.9601880e-03
  -2.3654212e-01   7.7094472e-02   2.0434420e-01  -2.4218648e-03  -4.3949929e-03  -5.4795076e-03
  -2.3004968e-01   4.3050447e-02   1.5355002e-01  -1.6701966e-03  -4.1797812e-03  -5.6218697e-03
  -2.3052425e-01   4.9648849e-02   1.7195463e-01  -1.3034587e-03  -3.7768498e-03  -5.5720258e-03
  -2.4274224e-01   4.1120742e-02   1.9943664e-01  -1.8945709e-03  -4.1964403e-03  -5.9281477e-03
  -2.3578387e-01   3.9889772e-02   2.0707095e-01  -1.9363882e-03  -4.0512061e-03  -5.7999954e-03
  -2.2824208e-01   1.7225686e-02   1.8584269e-01  -1.8025471e-03  -3.7110070e-03  -5.7093404e-03
  -2.2563406e-01   3.2036337e-02   1.9019233e-01  -1.9078810e-03  -3.7607892e-03  -5.7660821e-03
  -2.2319579e-01   3.1066424e-02   2.1308896e-01  -2.1686227e-03  -3.5801369e-03  -5.7141652e-03
  -2.2689501e-01   2.2546508e-02   1.9127614e-01  -1.6970542e-03  -3.4675079e-03  -5.5356249e-03
  -2.1267535e-01   4.6886734e-02   1.7806223e-01  -2.0046956e-03  -3.4153967e-03  -5.0913934e-03
  -2.2371783e-01   5.5342736e-02   1.9761582e-01  -2.2830717e-03  -3.5947561e-03  -5.4947472e-03
  -2.2568634e-01   3.3187313e-02   1.7912431e-01  -1.8269585e-03  -3.5587195e-03  -5.6051551e-03
  -2.2641511e-01   4.6984968e-02   1.4309113e-01  -1.2215988e-03  -3.4417423e-03  -5.5498741e-03
  -2.2228387e-01   4.9589201e-02   1.8404502e-01  -2.1149248e-03  -3.8355994e-03  -5.7765096e-03
  -2.2603828e-01   4.1394082e-02   1.9722757e-01  -1.7467237e-03  -3.8287034e-03  -5.8466971e-03
  -2.3039288e-01   6.0289548e-02   1.9896233e-01  -1.6190555e-03  -4.1081054e-03  -5.8629196e-03
  -2.2960380e-01   1.5590207e-02   1.7957015e-01  -1.6468392e-03  -4.0306203e-03  -5.6406068e-03
  -2.2668711e-01   3.3015029e-02   2.0791200e-01  -2.2091746e-03  -3.9401202e-03  -5.8874191e-03
  -2.2754299e-01   2.6512690e-02   2.1226457e-01  -1.8117316e-03  -4.1521745e-03  -5.8370053e-03
  -2.2600650e-01   1.9830051e-02   1.9058628e-01  -1.7277899e-03  -4.1395771e-03  -5.7854357e-03
  -2.2383208e-01   5.4287161e-02   2.1336507e-01  -2.0787136e-03  -4.2947422e-03  -5.7943501e-03
  -2.2277733e-01   3.1813308e-02   2.4483913e-01  -2.4559489e-03  -4.4072089e-03  -5.9011513e-03
  -2.1680828e-01   1.7617401e-02   2.0240991e-01  -1.7791566e-03  -4.4287010e-03  -5.5555334e-03
  -2.1326407e-01   3.6868533e-02   1.7149758e-01  -2.1702937e-03  -4.1928587e-03  -5.5297857e-03
  -2.0368382e-01   3.8189185e-02   1.7677097e-01  -2.2070723e-03  -4.1958879e-03  -5.4962157e-03
  -2.0825151e-01   5.8602466e-02   1.9627363e-01  -2.0443498e-03  -4.6936117e-03  -5.6622299e-03
  -2.1541460e-01   3.4192624e-02   1.8321954e-01  -1.8581644e-03  -4.9872730e-03  -5.7629817e-03
  -2.2145595e-01   5.4015212e-03   1.7288691e-01  -2.1614779e-03  -5.0351348e-03  -5.8981500e-03
  -2.1253338e-01   1.8125386e-02   1.8880998e-01  -2.2674985e-03  -4.8564372e-03  -5.8047346e-03
  -2.0880805e-01   3.7815050e-02   2.0740327e-01  -1.9847220e-03  -4.2641861e-03  -5.4287698e-03
  -2.0278743e-01   1.4836614e-02   1.7442907e-01  -1.4353265e-03  -3.8431306e-03  -5.2968885e-03
  -1.9534130e-01   2.1825105e-02   1.8532784e-01  -1.8544583e-03  -4.0214045e-03  -5.1576999e-03
  -1.8181463e-01   4.9791010e-02   2.1656894e-01  -1.8972058e-03  -3.6405503e-03  -4.7472356e-03
  -1.7651966e-01   2.0009936e-02   1.6849702e-01  -1.1744296e-03  -3.5703487e-03  -4.1947292e-03
  -1.8165049e-01   2.3624494e-02   1.5754309e-01  -1.7212123e-03  -3.4318372e-03  -4.4204307e-03
  -1.8374294e-01   5.7613960e-02   1.8358679e-01  -2.1154535e-03  -3.6084180e-03  -4.7199569e-03
  -1.8691671e-01   3.8840839e-02   1.8268644e-01  -1.8773240e-03  -3.6397958e-03  -4.7748289e-03
  -1.9123359e-01   2.5004637e-02   1.5767143e-01  -1.5820329e-03  -3.6682988e-03  -4.7192142e-03
  -1.9455531e-01   3.0655196e-02   1.7361112e-01  -1.5684310e-03  -3.8629442e-03  -4.7490065e-03
  -1.7867861e-01   4.8300200e-02   1.9600569e-01  -1.6800292e-03  -3.4076708e-03  -4.4019478e-03
  -1.7754658e-01   3.0454250e-02   1.8154748e-01  -1.3108510e-03  -3.1240218e-03  -3.9837120e-03
  -1.8508290e-01   1.5556072e-02   1.5810686e-01  -1.8176996e-03  -2.9300603e-03  -4.2107124e-03
  -1.7995349e-01   4.2930395e-02   1.8427950e-01  -2.0675486e-03  -3.0653035e-03  -4.4388236e-03
  -2.2802831e-01  -1.8749796e-01  -3.5445111e-01   4.0774840e-03  -2.7092133e-04  -4.4743577e-03
  -2.8732623e-01  -7.5598223e-02  -1.7243219e-02   1.4774269e-03   1.3101906e-04  -5.7665742e-03
  -2.5609096e-01  -4.4025440e-02   8.8816500e-03   1.2807564e-03   6.4252225e-04  -5.1569596e-03
  -1.8296403e-01  -8.6415257e-02   2.6866344e-01  -5.6454661e-03   1.7785586e-03  -2.8912311e-03
  -2.0879355e-01  -3.6396696e-02   2.7362631e-01  -5.3260219e-03   1.2370702e-03  -3.4698015e-03
  -2.1049048e-01  -5.2308441e-02   2.5877145e-01  -4.9075290e-03   8.0001105e-04  -3.4775791e-03
  -2.0352109e-01  -4.9187888e-02   2.3878774e-01  -4.8542030e-03   3.0893033e-04  -3.5250550e-03
  -2.1248551e-01  -4.7035579e-02   2.5659356e-01  -5.0994949e-03   1.7529795e-04  -3.7516570e-03
  -2.2411385e-01  -2.4585448e-02   2.8623643e-01  -5.3460093e-03   6.2378604e-05  -4.0524591e-03
  -2.1672240e-01  -5.1338577e-02   2.5750639e-01  -4.3058815e-03   4.7766745e-04  -4.1830503e-03
  -2.1735389e-01  -2.3202445e-02   2.5972095e-01  -5.5243461e-03   1.9996570e-04  -4.0969530e-03
  -2.1570860e-01  -3.3873596e-02   2.7801912e-01  -5.4349505e-03   1.0804687e-04  -4.0717523e-03
  -2.1128843e-01  -5.2730124e-02   2.2600827e-01  -4.3904550e-03   1.7493502e-04  -3.9284552e-03
  -2.0421856e-01  -8.8694251e-03   3.0873401e-01  -5.3813236e-03  -5.6802263e-04  -3.9663321e-03
  -1.4405337e-01  -5.9641099e-02   1.3900000e+00  -1.0721445e-02  -4.6822618e-03  -5.9264968e-03
