   0.0000000e+00   0.0000000e+00   0.0000000e+00   0.0000000e+00   6.9388939e-18  -1.3877788e-17
  -3.8791699e-02  -1.2554455e-02   1.1963063e-02  -1.2191701e-04  -1.3819226e-04  -5.8869500e-04
  -4.6262930e-02   3.2238751e-02   4.3336188e-02  -3.3753150e-04  -3.8935971e-04  -1.0291129e-03
  -5.7314604e-02   2.2589499e-02   2.7520938e-02  -3.8448571e-04  -4.4482614e-04  -1.4345546e-03
  -6.8044637e-02   9.9972011e-03  -6.5614332e-03   3.4202478e-04  -3.3148384e-04  -1.5851175e-03
  -7.9321899e-02   3.2087218e-02   2.9852541e-02  -3.5544801e-05  -1.1076002e-04  -2.0822207e-03
  -7.8391392e-02   2.0099033e-02   7.8163095e-03   9.5834486e-04   1.2274332e-04  -1.9065762e-03
  -7.2074115e-02   6.4615111e-03   1.4170075e-03   3.1602816e-05  -2.9089927e-04  -1.9740824e-03
  -6.9453032e-02   3.6570945e-02   5.0702667e-02  -1.0331762e-03  -9.0310537e-04  -1.9087905e-03
  -6.9548555e-02   1.3056425e-02   1.4536242e-02  -6.9963952e-05  -5.0073710e-04  -1.8335228e-03
  -6.8236363e-02   3.1794364e-02  -1.1728157e-02  -4.9609240e-05  -3.5521033e-04  -1.8580460e-03
  -7.2408419e-02   3.7393131e-02   1.9248723e-02  -4.1716194e-04  -7.4850434e-04  -2.1316214e-03
  -7.1529679e-02   2.0101482e-02   1.7311892e-02   1.9917486e-04  -3.3815629e-04  -2.1350648e-03
  -7.5155856e-02   1.4613457e-02   1.4427423e-02  -3.3160679e-06  -3.8518777e-04  -2.2045727e-03
  -8.1295274e-02   2.5238157e-02   5.1524915e-02  -7.9121039e-04  -1.9616045e-04  -2.2802452e-03
  -8.5548474e-02   2.7949928e-02   2.7776663e-02  -1.5298386e-04  -3.2126731e-04  -2.2984517e-03
  -7.8729977e-02   5.2917582e-02  -9.4198225e-03   3.8633769e-04  -1.3424662e-04  -2.2122176e-03
  -7.9435651e-02   5.7553760e-02   1.2651522e-02  -7.6773206e-04  -9.5897914e-05  -2.4800193e-03
  -7.0627933e-02   3.3480589e-02   3.2784457e-02  -1.0096256e-03  -3.1579974e-04  -2.4101147e-03
  -6.2358607e-02   2.3003241e-02   1.1442147e-02  -5.1117076e-04  -4.0354708e-04  -2.3731784e-03
  -6.2221675e-02   1.7018336e-02  -4.1322523e-03  -3.8109085e-04  -2.5961555e-04  -2.4261038e-03
  -6.0055845e-02   5.7854803e-02   2.1547330e-02  -3.3409723e-04  -9.9394205e-05  -2.3125940e-03
  -6.1135815e-02   4.5214250e-02   1.1110592e-02  -2.7410606e-04   5.5936623e-05  -2.3164250e-03
  -5.7749830e-02   3.2783102e-02  -1.5579645e-02   5.6340596e-05   4.7893041e-05  -2.2753577e-03
  -5.4534606e-02   2.9696652e-02   4.0526819e-02  -1.0952858e-03  -2.8078789e-04  -2.2387957e-03
  -5.0344541e-02   3.7703412e-02   1.5732431e-02  -3.3800233e-04  -1.7459835e-04  -2.1661991e-03
  -5.1334980e-02   3.1121158e-02  -2.3728238e-02   1.2054120e-04  -6.5165281e-05  -2.0998109e-03
  -5.4846602e-02   5.1158987e-02   1.7282553e-02  -8.4852318e-04  -2.8595545e-04  -2.2143842e-03
  -6.4576817e-02   2.8188682e-02   1.1494490e-02  -3.8874873e-04  -5.8247580e-04  -2.2221825e-03
  -6.3397294e-02   1.3208730e-02  -1.3877094e-02  -2.5434417e-04  -8.6126439e-04  -2.1626445e-03
  -5.7114667e-02   5.1457510e-02   4.8448643e-03  -4.3173650e-04  -1.4061767e-03  -1.6118743e-03
  -6.9748385e-02   5.3461413e-02   4.0688870e-03   6.1881793e-04  -1.5143602e-03  -1.9334289e-03
  -7.6513336e-02   3.0420445e-03  -3.4097240e-03   2.5120232e-04  -1.2420708e-03  -2.1362649e-03
  -7.4715563e-02  -2.7378574e-03   8.6578101e-03  -1.1988026e-04  -9.9131838e-04  -2.3816586e-03
  -7.7126172e-02   1.0041991e-02   5.8023763e-02  -5.1973119e-04  -1.2358006e-03  -2.5272357e-03
  -8.2022776e-02  -1.8020287e-02   2.1063671e-02   3.0620751e-05  -1.0921456e-03  -2.3067871e-03
  -9.1979348e-02  -2.2341279e-02   1.2682143e-02  -6.5003452e-06  -1.5374589e-03  -2.3722213e-03
  -9.9515711e-02  -3.2851979e-03   2.4485790e-02  -6.5444531e-04  -1.7848466e-03  -2.5637884e-03
  -1.0162942e-01   1.1298168e-02  -2.1173858e-02   9.0427234e-04  -1.9348640e-03  -2.5678182e-03
  -1.0273501e-01  -4.0064865e-03  -1.5056226e-02  -5.1072285e-04  -2.4068447e-03  -2.7404081e-03
  -1.0364842e-01   3.3467324e-02   1.8640935e-02  -8.8291382e-04  -2.6818040e-03  -2.6088129e-03
  -1.0831803e-01   2.5199001e-04  -6.5535656e-03  -2.4515780e-04  -2.3726800e-03  -2.8470766e-03
  -1.1402991e-01  -2.6289362e-02  -2.0640552e-02  -9.8887343e-05  -1.9645695e-03  -3.0139812e-03
  -1.1735258e-01   2.3618069e-02   2.7844910e-03   2.1850824e-05  -2.2259629e-03  -3.4128917e-03
  -1.2059026e-01  -8.2551789e-03   9.2594514e-03  -3.7229922e-04  -2.4634862e-03  -3.4718056e-03
  -1.3196568e-01  -1.6583974e-02  -1.5428052e-02  -3.1524605e-04  -2.7802086e-03  -3.5930725e-03
  -1.3427452e-01  -1.9303315e-02  -3.0136683e-03  -2.3145970e-04  -2.9941217e-03  -3.5767726e-03
  -1.2940164e-01   1.0353368e-03   1.4715451e-02   2.1786784e-05  -2.7777046e-03  -3.6712553e-03
  -1.2576939e-01  -4.1888224e-03  -2.6920787e-04   4.8864899e-04  -2.8592984e-03  -3.6830409e-03
  -1.2791841e-01  -1.3109155e-02  -1.8397850e-02   3.4686456e-04  -2.8098194e-03  -3.7824187e-03
  -1.2626886e-01  -5.1158380e-03   1.3738950e-02  -3.6541165e-04  -2.8591277e-03  -3.8578412e-03
  -1.2414425e-01  -4.0850202e-04   2.9029266e-02  -3.7804725e-04  -3.0155531e-03  -3.8218097e-03
  -1.3430057e-01  -3.1647259e-02  -9.1403469e-03   3.8343528e-04  -2.8457963e-03  -3.8444600e-03
  -1.3849182e-01  -3.2749589e-02  -9.6902672e-03   1.2372968e-04  -2.8366644e-03  -3.8668648e-03
  -1.3536133e-01  -5.5716001e-03   9.8401476e-03  -2.3576775e-04  -3.1079980e-03  -3.8556281e-03
  -1.3883452e-01  -1.8027843e-02   1.6777304e-03   5.9648251e-05  -3.1910890e-03  -4.0647760e-03
  -1.3226810e-01  -1.0838624e-02  -9.4298381e-03   3.8262165e-04  -3.3743989e-03  -4.1308288e-03
  -1.3346149e-01  -3.5966372e-02  -2.4985862e-02   4.4051728e-04  -3.4954780e-03  -4.1218242e-03
  -1.3168887e-01  -2.7023087e-02   5.9602988e-03   7.6303109e-05  -3.3988902e-03  -4.2141442e-03
  -1.3633718e-01   9.4423594e-04   1.4451624e-02   4.4509199e-04  -4.0081313e-03  -4.2343835e-03
  -1.4563961e-01  -3.1780911e-02   9.6459863e-03   3.2999220e-04  -4.0967114e-03  -4.2115553e-03
  -1.4759789e-01  -3.7278277e-02   2.2234814e-03   1.4541927e-04  -4.1473573e-03  -4.2968939e-03
  -1.4245059e-01  -7.1050569e-03   2.6212580e-02  -9.0892643e-05  -3.9529561e-03  -4.1715649e-03
  -1.4857979e-01  -1.6054372e-02   1.2641835e-02   4.2959151e-04  -3.7300004e-03  -4.0467793e-03
  -1.5278812e-01  -4.3958453e-02  -4.0537832e-03  -1.7994730e-05  -3.7599544e-03  -4.1910115e-03
  -1.3840741e-01  -2.3570574e-02   2.3639775e-02  -2.6911291e-04  -3.6443568e-03  -4.0818664e-03
  -1.3261922e-01  -1.3576941e-02   2.2922802e-02   2.6407205e-04  -3.7679413e-03  -4.1165725e-03
  -1.1772489e-01  -4.7649566e-03  -3.3392029e-03   5.8909743e-04  -4.1097239e-03  -3.6937955e-03
  -1.2588278e-01  -2.1519457e-02  -1.2007179e-02   5.4646462e-04  -3.9943950e-03  -4.0947429e-03
  -1.3018456e-01  -1.6515228e-02   1.0905779e-02   4.8277411e-04  -4.3083720e-03  -4.2379846e-03
  -1.2887164e-01  -1.0930573e-02   2.6002444e-02   2.8895269e-04  -4.4654407e-03  -4.4507594e-03
  -1.3110370e-01  -2.8921940e-02   1.2018942e-02   5.1174969e-04  -4.6629107e-03  -4.3846822e-03
  -1.2905870e-01  -3.5753616e-02   1.5439377e-02   4.0104960e-04  -4.5129920e-03  -4.3577392e-03
  -1.3016776e-01  -4.9506567e-02   9.3118179e-03   3.9198721e-04  -4.4051385e-03  -4.2888304e-03
  -1.3238556e-01  -1.7676826e-02   3.8318460e-02   1.0123034e-04  -4.3969462e-03  -4.4172876e-03
  -1.2472744e-01  -2.2300877e-02   1.1048560e-02   5.0899233e-04  -4.5731138e-03  -4.1315080e-03
  -1.2419370e-01  -3.7432819e-02  -7.4175353e-03   1.2162987e-04  -4.6213234e-03  -4.0671539e-03
  -1.1079515e-01  -4.5953868e-03   3.6943719e-02  -4.2702397e-04  -4.7740742e-03  -3.9738623e-03
  -1.0331074e-01   8.8515523e-03   1.7989355e-02   8.4313378e-04  -4.8464974e-03  -3.5579259e-03
  -1.0611096e-01  -3.9020600e-02  -2.0179386e-03   4.7803407e-04  -4.9608625e-03  -3.7949623e-03
  -1.1114607e-01  -4.0215511e-03   3.0780321e-02   2.7057484e-04  -4.8464033e-03  -3.8598647e-03
  -1.0880979e-01  -2.7346907e-02   4.5956527e-02   4.5520710e-04  -4.9658295e-03  -3.9444449e-03
  -1.0095066e-01  -5.6021382e-02   1.7714096e-02   8.8283652e-04  -4.9225712e-03  -3.8811702e-03
  -1.0242513e-01  -5.9750584e-02   2.6022244e-02   7.1340948e-04  -5.0386823e-03  -4.0123007e-03
  -1.0055497e-01  -3.7191991e-02   6.8033535e-02   6.9273648e-04  -4.9040855e-03  -3.9618819e-03
  -9.7159130e-02  -6.1910901e-02   3.4547714e-02   1.2029036e-03  -4.6101807e-03  -3.8493014e-03
  -9.7191135e-02  -6.1340614e-02   1.1539449e-02   7.2464322e-04  -4.5611286e-03  -3.7534649e-03
  -9.3858733e-02  -2.1094714e-02   4.2660379e-02   4.7678871e-04  -4.7010365e-03  -3.7437222e-03
  -9.1930008e-02  -2.6787655e-02   3.6150791e-02   5.7124509e-04  -4.4706222e-03  -3.7960775e-03
  -9.2852961e-02  -3.8695797e-02   2.7948912e-02   1.0133606e-03  -4.6661768e-03  -3.8439863e-03
  -8.2742846e-02  -2.9910078e-02   2.2982831e-02   1.3700078e-03  -5.1445186e-03  -3.1187402e-03
  -7.7117174e-02  -2.4784381e-02   9.4376084e-02  -5.4365174e-04  -5.2628426e-03  -2.9632112e-03
  -8.2492481e-02  -2.5240007e-02   6.1442838e-02   3.8387387e-04  -5.2277921e-03  -3.3723640e-03
  -8.5240772e-02  -4.6006496e-02   2.6066350e-02   6.7746050e-04  -5.4173441e-03  -3.5299560e-03
  -8.7449689e-02  -4.9295826e-02   3.9762443e-02   3.4230881e-04  -4.9988756e-03  -3.6659379e-03
  -8.6920231e-02  -4.4361612e-02   6.9052204e-02   2.9875105e-04  -5.1966962e-03  -3.6663387e-03
  -7.6019001e-02  -5.6884107e-02   2.4315846e-02   8.9858680e-04  -5.1933657e-03  -3.0962316e-03
  -7.8550509e-02  -2.1522596e-02   4.6612257e-02   3.1113847e-04  -5.5256351e-03  -3.2773918e-03
  -8.3867767e-02  -4.7540708e-02   6.3543607e-02   2.6748019e-04  -5.4525293e-03  -3.4251081e-03
  -8.5743956e-02  -5.0793395e-02   2.0766038e-02   1.4522825e-03  -5.3339435e-03  -3.4493526e-03
  -8.8157983e-02  -4.5831405e-02   3.7348094e-02   7.8982193e-04  -5.3280339e-03  -3.5552788e-03
  -9.2509378e-02  -4.7174920e-02   8.2805909e-02   4.1010217e-04  -5.1724120e-03  -3.5826042e-03
  -9.7144836e-02  -6.4729020e-02   5.0761189e-02   9.7586877e-04  -4.9328024e-03  -3.4691460e-03
  -9.4813448e-02  -5.9751355e-02   4.1548754e-02   7.5799047e-04  -4.7553562e-03  -3.5509996e-03
  -8.6794564e-02  -4.2306287e-02   1.0230460e-01   3.1544206e-04  -4.5986673e-03  -3.6178134e-03
  -9.0541468e-02  -7.9709970e-02   6.0850625e-02   1.0213472e-03  -4.7009784e-03  -3.5358011e-03
  -8.6219498e-02  -5.9943087e-02   5.2667897e-02   2.7404004e-04  -4.6220629e-03  -3.5146687e-03
  -7.4848978e-02  -4.2892444e-02   6.8803726e-02   6.7888589e-05  -4.9221815e-03  -3.3751836e-03
  -7.3024230e-02  -4.4272685e-02   5.4216129e-02   7.6717132e-04  -4.7248238e-03  -3.2650105e-03
  -6.5416631e-02  -6.0436074e-02   2.4799987e-02   6.6019703e-04  -4.8356265e-03  -3.0227306e-03
  -6.4034384e-02  -1.4511978e-02   5.8776196e-02   3.9204725e-04  -5.0965569e-03  -2.9243456e-03
  -5.8370520e-02  -4.0910502e-02   3.8749036e-02   7.2825248e-04  -4.9404959e-03  -2.8524206e-03
  -6.1730106e-02  -6.6703747e-02   1.9227585e-02   7.7621070e-04  -4.7226587e-03  -2.9476818e-03
  -6.7354903e-02  -4.1535902e-02   4.6853828e-02   8.7155505e-04  -5.1481590e-03  -3.2040031e-03
  -6.9823194e-02  -5.3713921e-02   7.2376283e-02   1.7066255e-04  -5.1353194e-03  -3.3960659e-03
  -7.6863901e-02  -8.8814439e-02   4.1260971e-02   1.1455807e-03  -4.9560669e-03  -3.2794941e-03
  -7.3086928e-02  -5.1244118e-02   2.1418472e-02   6.7075540e-04  -4.9166865e-03  -3.2075338e-03
  -7.2246676e-02  -3.5423015e-02   4.7552017e-02   5.3194677e-04  -5.0107422e-03  -3.2984318e-03
  -7.3004234e-02  -4.2245207e-02   5.3294119e-02   5.7132260e-04  -4.9915365e-03  -3.2801102e-03
  -6.8424966e-02  -5.6792604e-02   3.1812875e-02   5.9227507e-04  -4.9253753e-03  -3.2513216e-03
  -5.8641910e-02  -1.9920344e-02   4.9399938e-02   2.3709348e-04  -5.2407344e-03  -2.7696533e-03
  -5.5882413e-02  -5.3804235e-02   5.7178716e-02   4.9786070e-04  -5.0728593e-03  -2.8757320e-03
  -5.7113490e-02  -5.8075281e-02   8.1909074e-03   1.1595089e-03  -4.9416373e-03  -3.0137555e-03
  -5.7898777e-02  -4.6424768e-02   1.6080633e-02   6.5373537e-04  -5.0000243e-03  -3.1204016e-03
  -6.4733869e-02  -6.0139821e-02   3.3197649e-02   6.8537657e-04  -4.8184980e-03  -3.1353159e-03
  -6.2546190e-02  -5.4774732e-02   5.2010610e-02   5.8799311e-04  -4.9502757e-03  -3.2575349e-03
  -6.2634703e-02  -8.1643267e-02   2.0785141e-02   7.8855880e-04  -4.9205942e-03  -3.2037636e-03
  -5.5681227e-02  -5.3567785e-02   6.2141791e-02   2.7890335e-04  -5.1079594e-03  -3.1940837e-03
  -5.9190994e-02  -6.9803121e-02   4.5315416e-02   9.3016993e-04  -5.1428153e-03  -2.9812894e-03
  -5.9788898e-02  -8.0366382e-02   2.0838138e-02   1.1556318e-03  -4.6691584e-03  -3.0829732e-03
  -5.6121078e-02  -5.2277350e-02   4.5230070e-02   8.1236204e-04  -5.1167679e-03  -3.1197976e-03
  -5.1735176e-02  -4.9994643e-02   5.2724965e-02   1.1325040e-03  -5.3090550e-03  -3.0984897e-03
  -4.5608945e-02  -6.1434768e-02   4.2543740e-02   1.0820616e-03  -5.5838829e-03  -2.9949211e-03
  -4.5067663e-02  -3.7712674e-02   7.8642544e-02   6.5192492e-04  -5.8326779e-03  -2.8178366e-03
  -4.0764637e-02  -5.9665824e-02   7.4481086e-02   8.8648754e-04  -5.5410367e-03  -2.7610841e-03
  -4.6937873e-02  -7.2476328e-02   5.0915553e-02   7.7249855e-04  -5.4579368e-03  -2.8714336e-03
  -5.0723403e-02  -6.9016066e-02   2.0922112e-02   8.8295491e-04  -6.0865459e-03  -2.9148362e-03
  -5.9192793e-02  -5.2008607e-02   6.8098869e-02   6.7632666e-04  -6.0218870e-03  -3.0546117e-03
  -7.3507094e-02  -6.6123084e-02   6.0905112e-02   1.0432350e-03  -5.8215701e-03  -3.1452467e-03
  -8.2180679e-02  -6.2851527e-02   2.8680859e-02   2.2203768e-03  -5.8325995e-03  -3.2366206e-03
  -8.2566238e-02  -6.0761021e-02   8.2224921e-02   2.1521328e-04  -5.7968934e-03  -3.2700506e-03
  -7.2018768e-02  -7.3967401e-02   5.9078185e-02   6.8370204e-04  -5.8324927e-03  -3.1494960e-03
  -6.6192654e-02  -3.0609575e-02   3.5418898e-02   8.0723904e-04  -5.9576513e-03  -2.7561263e-03
  -1.2666105e-01  -2.5664628e-01  -4.5588144e-01   5.0697777e-03  -3.8360843e-03  -3.8083350e-03
  -2.7489745e-01  -1.0861736e-01   2.6702678e-01  -3.1534150e-03  -2.8222501e-03  -6.1025819e-03
  -2.9001551e-01  -5.1249371e-02   3.1707782e-01  -4.2264844e-03  -4.3070807e-03  -6.8620287e-03
  -2.8293590e-01  -7.8194954e-02   2.4157250e-01  -4.1465629e-03  -5.6394990e-03  -7.2338717e-03
  -2.7853396e-01  -8.1896829e-02   2.6924707e-01  -4.4791575e-03  -5.9157935e-03  -7.2738888e-03
  -2.7619869e-01  -8.9063021e-02   3.2259679e-01  -4.4048242e-03  -5.7011556e-03  -7.3827017e-03
  -2.7778908e-01  -9.1375344e-02   3.0017160e-01  -3.8478096e-03  -5.8283397e-03  -7.3141833e-03
  -2.6720826e-01  -1.0155417e-01   2.9733534e-01  -4.4778774e-03  -5.8990740e-03  -7.2404042e-03
  -2.5419000e-01  -1.0757974e-01   3.2404296e-01  -4.4071699e-03  -5.7132441e-03  -7.1488473e-03
  -2.4747005e-01  -8.7644679e-02   3.3034373e-01  -3.9823467e-03  -5.7655003e-03  -7.0011894e-03
  -2.4364842e-01  -1.1183684e-01   2.9878300e-01  -3.8368919e-03  -5.8298365e-03  -6.9385977e-03
  -2.3960928e-01  -1.0081246e-01   3.5524722e-01  -4.6862767e-03  -5.8240075e-03  -7.0051840e-03
  -2.3944572e-01  -8.7330136e-02   3.7767128e-01  -4.6572597e-03  -5.8656285e-03  -7.0512357e-03
  -2.3255999e-01  -9.5557256e-02   3.5067582e-01  -3.9483694e-03  -5.6621477e-03  -6.8024049e-03
  -2.2200624e-01  -5.9908820e-02   3.5461696e-01  -3.3731923e-03  -5.7552203e-03  -6.2152386e-03
  -2.1423324e-01  -7.3231216e-02   3.8569409e-01  -4.1135433e-03  -5.4889712e-03  -6.1310251e-03
  -2.0828034e-01  -1.1450794e-01   3.5196615e-01  -3.9891475e-03  -5.5126328e-03  -5.9500904e-03
  -2.0913248e-01  -9.6817148e-02   3.7348804e-01  -4.4911285e-03  -5.4469395e-03  -5.9942228e-03
  -2.0320652e-01  -7.1914714e-02   4.1411722e-01  -4.7804389e-03  -4.7255581e-03  -5.8165077e-03
  -2.1345017e-01  -1.2012304e-01   3.8248477e-01  -4.4862497e-03  -5.0621238e-03  -5.9767125e-03
  -2.1659866e-01  -1.0929123e-01   3.8288591e-01  -4.7975152e-03  -5.2476122e-03  -5.9037234e-03
  -2.0211798e-01  -9.6057825e-02   3.8696133e-01  -5.3247114e-03  -5.1854544e-03  -5.2530102e-03
  -2.0890854e-01  -8.1227445e-02   3.8368376e-01  -4.9268898e-03  -5.0288929e-03  -5.1789631e-03
  -2.1809863e-01  -8.8459712e-02   4.0181861e-01  -5.5489195e-03  -4.8494337e-03  -5.8314012e-03
  -2.2792941e-01  -1.0950835e-01   3.8592673e-01  -5.6050661e-03  -5.0160499e-03  -6.2094476e-03
  -2.4332437e-01  -1.0360731e-01   3.8010317e-01  -5.8261631e-03  -5.5239216e-03  -6.5030502e-03
  -2.4153494e-01  -9.8883551e-02   4.0781658e-01  -5.8533973e-03  -5.4071495e-03  -6.3535571e-03
  -2.3791631e-01  -9.4614135e-02   4.0750218e-01  -5.3746842e-03  -5.0325153e-03  -6.3566387e-03
  -2.3520416e-01  -1.0338777e-01   3.9818429e-01  -5.4234736e-03  -5.0669100e-03  -6.4830308e-03
  -2.2864086e-01  -9.8150772e-02   4.3635334e-01  -5.7187296e-03  -5.1030934e-03  -6.3634574e-03
  -2.2493588e-01  -1.0565070e-01   4.3259565e-01  -5.2673348e-03  -5.1692353e-03  -6.3354770e-03
  -2.2088760e-01  -1.1893797e-01   3.9621782e-01  -5.1976862e-03  -5.3075240e-03  -6.2254373e-03
  -2.1581658e-01  -1.1247615e-01   4.2791839e-01  -5.9017279e-03  -5.1274378e-03  -6.2132938e-03
  -2.1280363e-01  -9.6868687e-02   4.3246926e-01  -5.4148349e-03  -5.4918516e-03  -5.8788199e-03
  -2.0801109e-01  -6.2475467e-02   3.9081969e-01  -5.3961866e-03  -5.5704260e-03  -5.6608684e-03
  -2.0741605e-01  -8.9335300e-02   3.9775036e-01  -5.3561147e-03  -5.0968958e-03  -5.7978549e-03
  -2.1222724e-01  -1.0330423e-01   4.0423791e-01  -5.6119690e-03  -5.1486506e-03  -5.9479393e-03
  -2.1200347e-01  -8.3024777e-02   4.3100637e-01  -5.3808304e-03  -4.9975004e-03  -6.0356565e-03
  -2.1138536e-01  -1.1959997e-01   4.3103345e-01  -5.8430094e-03  -4.8363731e-03  -6.1269402e-03
  -2.0359623e-01  -1.1181271e-01   4.1412454e-01  -5.8951217e-03  -4.7147929e-03  -5.8598463e-03
  -1.2016205e-01  -7.7950897e-02   4.7713357e-01  -4.8037338e-03  -2.2470725e-03  -3.9206909e-03
  -1.5832728e-01  -9.6943906e-02   4.7611053e-01  -5.1817534e-03  -3.6114345e-03  -4.9513741e-03
  -1.7861014e-01  -1.1196926e-01   4.3650107e-01  -4.8272198e-03  -4.1670241e-03  -5.5140082e-03
  -1.7834270e-01  -1.0113902e-01   4.7672655e-01  -5.5613466e-03  -4.2791387e-03  -5.5285667e-03
  -1.6988147e-01  -6.2305008e-02   4.8317061e-01  -4.6992613e-03  -4.5419554e-03  -4.8342319e-03
