   0.0000000e+00   0.0000000e+00   0.0000000e+00   0.0000000e+00   0.0000000e+00   0.0000000e+00
  -1.7931323e-01   6.8351367e-02   4.4921013e-01  -8.2199310e-03   5.5771072e-04  -2.3529560e-03
  -1.8711569e-01   1.3197439e-01   3.5755256e-01  -5.5362076e-03  -1.6168291e-03  -2.2422160e-03
  -2.2521855e-01   1.2218273e-01   3.6497762e-01  -6.2341334e-03  -2.7643060e-03  -3.1092448e-03
  -2.3114648e-01   1.1305725e-01   3.3319975e-01  -5.7050072e-03  -2.8528272e-03  -3.1098537e-03
  -2.2839527e-01   1.2028400e-01   3.2037365e-01  -5.6371668e-03  -3.1030555e-03  -3.0531647e-03
  -2.3930386e-01   1.5509827e-01   3.5241628e-01  -5.5536890e-03  -3.2227272e-03  -3.1399882e-03
  -2.3797849e-01   2.0035092e-01   4.0396043e-01  -5.7054893e-03  -3.3181041e-03  -3.0907548e-03
  -2.3404990e-01   1.1764085e-01   3.5196049e-01  -5.8870400e-03  -3.2720246e-03  -3.0114568e-03
  -2.4498867e-01   1.4458415e-01   4.0587569e-01  -6.7468237e-03  -3.6369086e-03  -3.1729624e-03
  -2.4620008e-01   1.3137767e-01   4.0915137e-01  -6.5985977e-03  -3.6180469e-03  -3.1974315e-03
  -2.5109918e-01   1.3339552e-01   4.2540840e-01  -6.4932427e-03  -3.8789186e-03  -3.2837233e-03
  -2.2024962e-01   1.3151643e-01   4.0840055e-01  -6.2408614e-03  -4.1962746e-03  -2.8437836e-03
  -1.2597797e-01   2.3315093e-01   4.7176410e-01  -6.4338942e-03  -5.6953660e-03  -1.8422269e-03
  -1.2838159e-01   1.8510264e-01   5.6820156e-01  -8.8368828e-03  -5.6583191e-03  -1.6753698e-03
  -1.4634118e-01   1.9348189e-01   5.2891474e-01  -8.0219384e-03  -5.6446627e-03  -2.3020050e-03
  -1.6074683e-01   1.9413451e-01   5.2310611e-01  -8.2356559e-03  -5.3890743e-03  -2.5196916e-03
  -1.7190320e-01   1.8377713e-01   5.1032043e-01  -6.8932181e-03  -5.4402073e-03  -2.5627981e-03
  -1.7619461e-01   1.4585966e-01   5.2427600e-01  -8.1013975e-03  -5.3412307e-03  -2.9151002e-03
  -1.8695239e-01   1.5651015e-01   5.2692913e-01  -8.2816210e-03  -5.5064365e-03  -2.9661056e-03
  -1.9413894e-01   1.4194089e-01   5.2808140e-01  -8.1020445e-03  -5.6200638e-03  -3.0853445e-03
  -2.0189326e-01   1.5833960e-01   5.3890373e-01  -8.2042311e-03  -5.9359413e-03  -3.1580465e-03
  -1.9657099e-01   1.7686580e-01   5.2680026e-01  -8.6841441e-03  -5.9772411e-03  -3.1127659e-03
  -1.9144068e-01   1.7299281e-01   5.3110205e-01  -8.8022319e-03  -5.7230116e-03  -2.9396642e-03
  -1.8972667e-01   1.7614186e-01   5.4641221e-01  -8.6601557e-03  -5.5197377e-03  -2.9942672e-03
  -1.8268246e-01   1.6232778e-01   5.3481776e-01  -8.0946734e-03  -5.4825056e-03  -2.4112954e-03
  -1.8463424e-01   1.6318093e-01   5.2769073e-01  -7.9149698e-03  -5.6293917e-03  -2.5930889e-03
  -1.7831350e-01   1.6138946e-01   5.3371415e-01  -7.6843233e-03  -5.5516709e-03  -2.3681484e-03
  -2.0060231e-01   1.6569756e-01   5.6982791e-01  -7.9809549e-03  -5.6612406e-03  -2.7417055e-03
  -2.1007740e-01   1.5396489e-01   5.4954439e-01  -8.5109342e-03  -5.7799316e-03  -2.8167590e-03
  -2.1000643e-01   1.5271966e-01   5.2643513e-01  -8.4660201e-03  -5.9130546e-03  -2.8887859e-03
  -2.0965293e-01   1.6707523e-01   5.5530158e-01  -8.6085786e-03  -6.0701242e-03  -2.9017775e-03
  -2.0757597e-01   1.6258871e-01   5.3674235e-01  -8.2519822e-03  -6.1539181e-03  -2.7757953e-03
  -2.2244272e-01   1.9801696e-01   5.6418220e-01  -7.5304801e-03  -6.5938466e-03  -2.8701772e-03
  -2.1929220e-01   1.8677497e-01   5.8305676e-01  -8.5427934e-03  -6.6376025e-03  -2.9981791e-03
  -1.9292656e-01   1.8695048e-01   5.7035039e-01  -7.9179090e-03  -6.5077531e-03  -2.1082596e-03
  -1.8584002e-01   1.8033604e-01   5.6889939e-01  -8.7862162e-03  -6.3334543e-03  -2.2151617e-03
  -2.0186269e-01   1.7469199e-01   5.8591556e-01  -9.1969239e-03  -6.4196650e-03  -2.5673476e-03
  -2.1870878e-01   2.0998607e-01   5.7390985e-01  -7.7440740e-03  -6.4914046e-03  -2.7718198e-03
  -2.1675340e-01   1.7429742e-01   5.5394637e-01  -9.0693951e-03  -6.2913714e-03  -2.9562671e-03
  -2.0853533e-01   1.8357504e-01   5.5083360e-01  -8.8333688e-03  -6.3963335e-03  -2.8007017e-03
  -2.0949928e-01   1.8486230e-01   5.7049895e-01  -8.9031623e-03  -6.6566122e-03  -2.9681970e-03
  -2.0606184e-01   2.0881856e-01   5.7774544e-01  -8.1159331e-03  -6.6181184e-03  -2.8317089e-03
  -1.9517109e-01   1.8915800e-01   5.6064503e-01  -8.3893033e-03  -6.4352979e-03  -2.5854219e-03
  -1.9886631e-01   1.7801417e-01   5.7157935e-01  -8.7127610e-03  -6.3348742e-03  -2.8179027e-03
  -2.0182706e-01   1.7226091e-01   5.7736957e-01  -9.3418019e-03  -6.3558891e-03  -2.8427059e-03
  -2.1529270e-01   2.0657821e-01   5.9683953e-01  -9.1049001e-03  -6.6232188e-03  -3.0509496e-03
  -2.2048658e-01   1.7363562e-01   5.6358767e-01  -8.4203224e-03  -6.5307106e-03  -3.0513211e-03
  -2.1778049e-01   1.9313638e-01   5.3864666e-01  -7.0621417e-03  -6.5178233e-03  -2.7535717e-03
  -2.1452322e-01   2.0855356e-01   5.7472477e-01  -9.4185318e-03  -6.8310221e-03  -2.9055212e-03
  -2.0746608e-01   2.0600377e-01   5.6140256e-01  -8.6955012e-03  -6.6267025e-03  -2.8709849e-03
  -2.0984394e-01   1.8805376e-01   5.5519924e-01  -8.4625387e-03  -6.3905820e-03  -2.9035660e-03
  -2.1161738e-01   1.8833460e-01   5.6174919e-01  -8.5727872e-03  -6.2423971e-03  -3.0002317e-03
  -2.1110745e-01   2.2030240e-01   5.7224246e-01  -8.4534115e-03  -6.4439963e-03  -2.8195125e-03
  -2.0691849e-01   1.9079650e-01   5.6760397e-01  -8.6117121e-03  -6.5362493e-03  -3.0317640e-03
  -1.8951711e-01   1.8395749e-01   5.4800874e-01  -8.4369088e-03  -6.4253057e-03  -2.7368803e-03
  -1.9325574e-01   1.8736547e-01   5.2617659e-01  -8.4555068e-03  -6.8456243e-03  -2.8265652e-03
  -1.8423235e-01   2.0645811e-01   5.3558740e-01  -8.8887145e-03  -6.8981395e-03  -2.7034722e-03
  -1.8055915e-01   2.2289919e-01   5.3267530e-01  -8.3845582e-03  -7.2792343e-03  -2.6235979e-03
  -1.7737568e-01   1.9494257e-01   5.1605274e-01  -8.4439951e-03  -7.6359188e-03  -2.7059784e-03
  -1.7459967e-01   1.9699333e-01   5.1815276e-01  -8.2068794e-03  -7.3977945e-03  -2.7213418e-03
  -1.6389468e-01   2.4383988e-01   5.5876483e-01  -8.7404515e-03  -7.0721326e-03  -2.3946828e-03
  -1.6043711e-01   2.3144766e-01   5.2525449e-01  -8.1279213e-03  -7.1416656e-03  -2.5026125e-03
  -1.4269169e-01   2.3053501e-01   4.9578699e-01  -7.5630159e-03  -7.7191003e-03  -2.3630372e-03
  -1.4423849e-01   2.3170901e-01   5.3524251e-01  -8.2980388e-03  -7.9095452e-03  -2.5054989e-03
  -1.3923490e-01   2.6387983e-01   5.1696154e-01  -8.1526413e-03  -7.9297570e-03  -2.4449882e-03
  -1.2774599e-01   2.5194080e-01   6.0534654e-01  -9.3427014e-03  -7.4445938e-03  -1.9604553e-03
  -1.5845320e-01   2.2302261e-01   8.2710199e-01  -1.5839692e-02  -7.3137711e-03  -2.6044566e-03
  -2.0150983e-01   2.4233229e-01   9.0758938e-01  -1.9377517e-02  -8.4129870e-03  -4.0626855e-03
  -2.1227021e-01   2.2580792e-01   8.6322635e-01  -1.8168772e-02  -8.2922388e-03  -4.4868322e-03
  -2.1383772e-01   2.4285397e-01   8.0990103e-01  -1.7183297e-02  -8.7182225e-03  -4.3964058e-03
  -2.2745643e-01   2.0755370e-01   8.3920682e-01  -1.8120408e-02  -8.9750982e-03  -4.6068379e-03
  -2.2814167e-01   2.5637516e-01   8.5081879e-01  -1.8815792e-02  -9.1016225e-03  -4.3697064e-03
  -2.1576231e-01   2.0393562e-01   8.3252466e-01  -1.8426742e-02  -9.3052158e-03  -4.4212870e-03
  -2.0930412e-01   1.9260186e-01   8.1896758e-01  -1.8505639e-02  -9.0464501e-03  -4.7093339e-03
  -2.1973437e-01   2.2513312e-01   8.4535987e-01  -1.8775633e-02  -9.0388384e-03  -4.6528508e-03
  -2.1379822e-01   2.0808065e-01   8.1156504e-01  -1.8434022e-02  -9.2398803e-03  -4.5102821e-03
  -2.0478162e-01   2.4986120e-01   7.7354284e-01  -1.6750151e-02  -9.4757065e-03  -4.0962265e-03
  -2.1144362e-01   2.2053773e-01   8.2661594e-01  -1.8462070e-02  -9.4803098e-03  -4.3325210e-03
  -2.1070787e-01   2.3428592e-01   8.3320145e-01  -1.8006905e-02  -9.2083294e-03  -4.1570232e-03
  -2.0892686e-01   2.3447166e-01   8.1548305e-01  -1.7964222e-02  -9.2822033e-03  -4.1636221e-03
  -2.0937731e-01   2.0980400e-01   8.0934978e-01  -1.8093405e-02  -9.3929178e-03  -4.1904874e-03
  -2.1735470e-01   2.1679311e-01   8.5778028e-01  -1.8726680e-02  -9.5079047e-03  -4.3304175e-03
  -2.2243059e-01   2.1513639e-01   8.7144394e-01  -1.8571412e-02  -9.2408780e-03  -4.3582379e-03
  -2.1239332e-01   2.1041422e-01   8.3632800e-01  -1.8211833e-02  -9.0101138e-03  -4.2035405e-03
  -2.0677452e-01   2.3897778e-01   8.4791136e-01  -1.7977213e-02  -9.0736198e-03  -3.9474664e-03
  -1.9165455e-01   2.1539313e-01   1.0488084e+00  -2.0291896e-02  -9.2714675e-03  -3.7138768e-03
  -1.8371889e-01   2.3268589e-01   1.0078981e+00  -1.9399054e-02  -8.6865784e-03  -3.3037095e-03
  -1.8169689e-01   2.3221132e-01   9.2240575e-01  -1.7924573e-02  -8.6532313e-03  -3.3267771e-03
  -1.9700113e-01   2.2772352e-01   9.0201153e-01  -1.8734047e-02  -9.4000078e-03  -3.9706441e-03
  -2.0089324e-01   2.6409127e-01   9.3240614e-01  -1.6952105e-02  -8.7431514e-03  -3.9366149e-03
  -2.1875827e-01   2.2057846e-01   9.6425386e-01  -1.8750990e-02  -9.0463027e-03  -4.2598883e-03
  -2.0936851e-01   2.2338305e-01   9.3014810e-01  -1.8639101e-02  -9.1067829e-03  -4.0844322e-03
  -2.0745432e-01   2.1960241e-01   9.2619274e-01  -1.8720880e-02  -9.4674617e-03  -4.0094230e-03
  -2.0908979e-01   2.2847634e-01   9.5807883e-01  -1.9128527e-02  -9.4153058e-03  -4.0209037e-03
  -2.2017496e-01   2.3319756e-01   9.6667988e-01  -1.8704592e-02  -9.5413574e-03  -4.0789154e-03
  -2.0985686e-01   2.3539703e-01   9.4322348e-01  -1.8845488e-02  -9.5335964e-03  -3.8737386e-03
  -1.9116436e-01   2.5471381e-01   9.1773857e-01  -1.8255233e-02  -1.0058847e-02  -3.3303949e-03
  -1.9051905e-01   2.3131622e-01   9.0794790e-01  -1.7813431e-02  -9.4401121e-03  -3.2258364e-03
  -1.9707365e-01   2.4087748e-01   9.3199300e-01  -1.8576961e-02  -9.3907480e-03  -3.3822403e-03
  -2.0583106e-01   2.3826725e-01   9.2900114e-01  -1.8042612e-02  -9.3510995e-03  -3.5358490e-03
  -1.9920766e-01   2.2774036e-01   9.1247594e-01  -1.8998155e-02  -9.5225314e-03  -3.7467542e-03
  -1.9562151e-01   2.3627092e-01   9.3699345e-01  -1.8490805e-02  -9.5571445e-03  -3.5787025e-03
  -1.9980388e-01   2.3708669e-01   9.4448101e-01  -1.8634045e-02  -9.6713840e-03  -3.5247961e-03
  -1.9888359e-01   2.4219080e-01   9.2180417e-01  -1.7941603e-02  -9.5614080e-03  -3.4416650e-03
  -1.9747617e-01   2.3639582e-01   9.3582832e-01  -1.8234459e-02  -9.1023500e-03  -3.6674893e-03
  -1.9890624e-01   2.6385626e-01   9.7482196e-01  -1.8155807e-02  -9.2373304e-03  -3.7252323e-03
  -2.0003287e-01   2.1088950e-01   9.5141815e-01  -1.8516201e-02  -9.0253704e-03  -3.6809252e-03
  -2.0053041e-01   2.0772025e-01   9.4127123e-01  -1.8745768e-02  -8.7523113e-03  -3.5848187e-03
  -2.0465765e-01   2.4450067e-01   9.5757949e-01  -1.9168944e-02  -8.8635078e-03  -3.6781032e-03
  -2.0879616e-01   2.4765423e-01   9.3746643e-01  -1.8547362e-02  -9.0709343e-03  -3.6600841e-03
  -2.0571200e-01   2.3872560e-01   9.3089737e-01  -1.8531240e-02  -9.0200281e-03  -3.5840531e-03
  -2.0021232e-01   2.5488098e-01   9.3573041e-01  -1.8048128e-02  -9.2646430e-03  -3.3261782e-03
  -1.8202615e-01   2.7591344e-01   9.4391296e-01  -1.8625708e-02  -9.4888152e-03  -2.5662502e-03
  -1.9478359e-01   2.3279322e-01   9.3876317e-01  -1.8427192e-02  -9.1196097e-03  -3.0234188e-03
  -1.9078426e-01   2.4055895e-01   9.0469056e-01  -1.8451761e-02  -8.9981311e-03  -3.0671026e-03
  -2.0486120e-01   2.7096733e-01   9.5538997e-01  -1.8859465e-02  -8.7485570e-03  -3.3425258e-03
  -2.1504784e-01   2.6111082e-01   9.4403280e-01  -1.8037517e-02  -8.7013068e-03  -3.4765067e-03
  -2.0950621e-01   2.3330314e-01   9.4721270e-01  -1.8654352e-02  -9.0125624e-03  -3.5761444e-03
  -2.0783347e-01   2.1816715e-01   9.4369154e-01  -1.9187234e-02  -9.1059658e-03  -3.7695495e-03
  -1.8951761e-01   2.5890932e-01   9.4715000e-01  -1.9478550e-02  -9.5393979e-03  -3.1278790e-03
  -1.8136447e-01   2.4915521e-01   9.6251703e-01  -1.9495119e-02  -9.3499837e-03  -2.8278726e-03
  -1.8263030e-01   2.4931501e-01   9.5487839e-01  -1.9265027e-02  -9.4823475e-03  -3.0443939e-03
  -1.8402897e-01   2.3084211e-01   9.4092315e-01  -1.8740554e-02  -9.0881893e-03  -3.3058774e-03
  -1.8790891e-01   2.1697089e-01   9.3746350e-01  -1.9646085e-02  -9.4958414e-03  -3.2655776e-03
  -1.8128748e-01   2.3208483e-01   9.7160281e-01  -1.9630203e-02  -9.4724943e-03  -3.1907142e-03
  -1.7529390e-01   2.5637093e-01   9.6030813e-01  -1.8963989e-02  -9.2035555e-03  -2.8291648e-03
  -1.6958015e-01   2.4520914e-01   9.1529254e-01  -1.9060910e-02  -9.5098333e-03  -2.7738283e-03
  -1.5926368e-01   2.4373003e-01   9.3986702e-01  -1.9727354e-02  -9.7844981e-03  -2.5310378e-03
  -1.7127268e-01   2.2636276e-01   9.6039086e-01  -1.9600078e-02  -8.9672229e-03  -2.7335740e-03
  -1.6938804e-01   2.2837536e-01   9.5828330e-01  -1.8968595e-02  -8.7937402e-03  -2.5604616e-03
  -1.6744864e-01   2.2795385e-01   9.4225278e-01  -1.8757408e-02  -8.9130800e-03  -2.5986430e-03
  -1.7076092e-01   2.3712887e-01   9.3929900e-01  -1.8613670e-02  -8.8372169e-03  -2.5921358e-03
  -1.7854594e-01   2.4358890e-01   1.0013469e+00  -2.0292004e-02  -9.1230415e-03  -2.8298454e-03
  -1.8055274e-01   2.1357458e-01   9.6781619e-01  -1.9909521e-02  -9.0831787e-03  -2.6340986e-03
  -1.7629660e-01   2.2688124e-01   9.4981971e-01  -1.9788325e-02  -9.4141457e-03  -2.6277175e-03
  -1.7957027e-01   2.2237194e-01   9.5429378e-01  -2.0241027e-02  -9.3469360e-03  -2.7679800e-03
  -1.8174177e-01   2.3252308e-01   9.8397993e-01  -1.9975738e-02  -9.4192281e-03  -2.8434111e-03
  -1.8443655e-01   2.5795663e-01   9.6424290e-01  -1.8531968e-02  -9.6233057e-03  -2.9165536e-03
  -1.8522600e-01   2.3381604e-01   9.4785912e-01  -1.9528207e-02  -9.5607088e-03  -2.9161002e-03
  -1.8800570e-01   2.2520187e-01   9.5330790e-01  -2.0180011e-02  -1.0019768e-02  -3.0241712e-03
  -1.9848862e-01   2.2210494e-01   9.7503800e-01  -1.9894847e-02  -9.8531410e-03  -3.0145901e-03
  -2.0098860e-01   2.4559512e-01   9.9632541e-01  -1.9751604e-02  -9.8178936e-03  -3.0864527e-03
  -1.9235077e-01   2.2198270e-01   9.8722129e-01  -1.9713364e-02  -9.5631714e-03  -2.8892075e-03
  -1.9338473e-01   2.4907046e-01   9.9054546e-01  -1.9948242e-02  -9.3252663e-03  -2.9329554e-03
  -1.7982021e-01   2.0556583e-01   9.4681651e-01  -1.9859734e-02  -9.7131823e-03  -2.7287830e-03
  -1.6578566e-01   2.7820142e-01   9.6076010e-01  -2.0111791e-02  -1.0003423e-02  -2.3413046e-03
  -1.6165728e-01   2.5008795e-01   9.8098676e-01  -2.0572084e-02  -1.0588773e-02  -2.3531729e-03
  -1.5933281e-01   2.6457570e-01   9.6674788e-01  -1.9904067e-02  -1.0694644e-02  -2.3427164e-03
  -1.2722249e-01   2.5917468e-01   9.2664275e-01  -1.9351105e-02  -1.0280346e-02  -1.7664635e-03
  -1.0858432e-01   2.4699519e-01   9.3579415e-01  -2.0067324e-02  -1.0356096e-02  -1.6472759e-03
  -1.1436588e-01   2.5733245e-01   9.7171159e-01  -2.0334405e-02  -1.0251736e-02  -1.6411856e-03
  -1.2402665e-01   2.4500852e-01   9.6767318e-01  -2.0038954e-02  -1.0258595e-02  -1.7889054e-03
  -1.2566546e-01   2.5443213e-01   9.4856422e-01  -2.0428760e-02  -1.0310433e-02  -1.9287180e-03
  -1.3129331e-01   2.7539086e-01   9.2828224e-01  -1.9166198e-02  -1.0707353e-02  -2.0507972e-03
  -1.4027706e-01   2.7921808e-01   9.9255877e-01  -2.0493300e-02  -1.0629128e-02  -2.1264770e-03
  -1.4691775e-01   2.4973024e-01   9.9769118e-01  -2.0367320e-02  -1.0483677e-02  -2.1596675e-03
  -1.3905629e-01   2.4076925e-01   9.6695694e-01  -2.0271110e-02  -1.0373932e-02  -2.1669939e-03
  -1.4584989e-01   2.3902905e-01   1.0061543e+00  -2.1036948e-02  -1.0473370e-02  -2.3645674e-03
  -1.5886560e-01   2.5126841e-01   1.0227912e+00  -2.0588700e-02  -1.0421997e-02  -2.4426782e-03
  -1.5050037e-01   2.2530359e-01   9.8255867e-01  -2.1016521e-02  -1.0401111e-02  -2.2192504e-03
  -1.4029593e-01   2.6390245e-01   9.4367578e-01  -2.0708014e-02  -1.0652729e-02  -1.9815584e-03
  -1.4473316e-01   2.4306222e-01   9.8612328e-01  -2.1337142e-02  -1.0859565e-02  -2.3265123e-03
  -1.4237367e-01   2.3724367e-01   9.9599843e-01  -2.0673718e-02  -1.0632182e-02  -2.3758794e-03
  -1.3327290e-01   2.7207158e-01   9.5030736e-01  -1.9313812e-02  -1.0555833e-02  -2.1666814e-03
  -1.4270591e-01   2.2722000e-01   9.7552112e-01  -2.0631017e-02  -1.0370622e-02  -2.5519380e-03
  -1.4714307e-01   2.5816477e-01   9.8841657e-01  -2.0637237e-02  -1.0205705e-02  -2.5417093e-03
  -1.4413400e-01   2.4539834e-01   9.6494315e-01  -2.0377821e-02  -9.9916109e-03  -2.4931988e-03
  -1.4368490e-01   2.4432349e-01   9.5714855e-01  -2.0386078e-02  -1.0152370e-02  -2.3190525e-03
  -1.4881202e-01   2.4795865e-01   9.8329357e-01  -2.0481551e-02  -1.0020059e-02  -2.1004982e-03
  -1.5015111e-01   2.6388656e-01   9.7553547e-01  -1.9349413e-02  -1.0330385e-02  -1.9787390e-03
  -1.4161895e-01   2.3676006e-01   9.6287713e-01  -2.0626472e-02  -1.0023038e-02  -2.0996640e-03
  -1.3773354e-01   2.1744008e-01   9.6882701e-01  -2.0960565e-02  -9.9369576e-03  -1.7755524e-03
  -1.3053364e-01   2.3852516e-01   9.7275866e-01  -2.0821844e-02  -1.0163145e-02  -1.6154955e-03
  -1.2786612e-01   2.4974582e-01   9.8469419e-01  -2.0789596e-02  -1.0135877e-02  -1.4814886e-03
  -1.2124421e-01   2.3914563e-01   9.4126662e-01  -2.0200424e-02  -1.0164590e-02  -1.5427897e-03
  -1.2335023e-01   2.2534312e-01   9.5989695e-01  -2.1015773e-02  -1.0356649e-02  -1.5404668e-03
  -1.2159444e-01   2.5920679e-01   9.6963236e-01  -2.0970368e-02  -1.0586634e-02  -1.2871440e-03
  -1.1925920e-01   2.3084571e-01   9.5888561e-01  -2.0703161e-02  -1.0489968e-02  -1.3535076e-03
  -1.1067151e-01   2.3640053e-01   9.3449480e-01  -2.0592820e-02  -1.0426193e-02  -1.2458695e-03
  -1.0950609e-01   2.5054736e-01   9.6221131e-01  -2.0224093e-02  -1.0234126e-02  -1.1458025e-03
  -1.1246214e-01   2.3540067e-01   9.8971541e-01  -2.1065921e-02  -1.0310668e-02  -1.1170617e-03
  -1.1334905e-01   2.1388349e-01   9.5917455e-01  -2.0959774e-02  -1.0216272e-02  -1.1859250e-03
  -1.1848745e-01   2.1340942e-01   9.7359477e-01  -2.1907503e-02  -1.0304137e-02  -1.1445333e-03
  -1.1481130e-01   2.3313224e-01   9.8155295e-01  -2.1911560e-02  -1.0224935e-02  -1.0025684e-03
  -1.1043249e-01   2.1933086e-01   9.4107138e-01  -2.1078191e-02  -1.0157620e-02  -9.3025211e-04
  -9.5605573e-02   2.1621833e-01   9.2478558e-01  -2.1363675e-02  -1.0382293e-02  -9.1506397e-04
  -1.1085847e-01   2.7622778e-01   9.9653718e-01  -2.0781822e-02  -1.0132013e-02  -5.9169614e-04
