   0.0000000e+00   0.0000000e+00   0.0000000e+00   0.0000000e+00   0.0000000e+00   0.0000000e+00
  -2.3469042e-02  -9.4401110e-03  -1.8377090e-02   5.9355268e-04  -4.0115077e-04  -3.3656231e-04
  -5.3324936e-02   1.7406495e-02  -4.4345421e-02   1.2042346e-03  -1.2946108e-03  -1.5529448e-03
  -8.5150645e-02   4.6745945e-02  -2.1693902e-02   1.6867047e-03  -2.7561141e-03  -3.0642450e-03
  -9.0732499e-02   3.6409864e-02  -4.2803720e-02   2.0937292e-03  -2.9340313e-03  -3.1250563e-03
  -9.9521115e-02   3.5574005e-02  -3.1999047e-02   1.7813452e-03  -3.2987869e-03  -3.1746380e-03
  -9.6922207e-02   5.8615253e-02  -1.4044214e-02   1.1304668e-03  -3.6309526e-03  -3.4221323e-03
  -9.8368516e-02   5.9804908e-02  -4.9154412e-03   7.6801387e-04  -3.8888199e-03  -3.5007737e-03
  -9.3539509e-02   4.4223004e-02  -3.4409181e-03   8.4761067e-04  -3.6708502e-03  -3.5738448e-03
  -8.7231886e-02   2.8771552e-02  -1.5875069e-02   8.1119973e-04  -3.7967255e-03  -3.8257015e-03
  -9.9869052e-02   4.5556930e-02   1.0239344e-02   7.1646058e-04  -4.0540885e-03  -4.0329769e-03
  -1.0488949e-01   4.9456955e-02   5.8758536e-03   1.5128692e-03  -4.2512617e-03  -4.0155514e-03
  -8.6132676e-02   5.6326011e-02   3.7029449e-03   1.2265520e-03  -4.0869834e-03  -3.5850550e-03
  -9.5605212e-02   4.4139546e-02   2.6456816e-02   6.3541732e-04  -4.1057594e-03  -3.8278496e-03
  -9.9367806e-02   4.2991075e-02   3.6169154e-02   8.1254174e-04  -4.4098381e-03  -4.1206888e-03
  -9.6540426e-02   3.2007611e-02   2.0090878e-02   1.1422163e-03  -4.5064442e-03  -4.1513634e-03
  -9.7065125e-02   4.3585760e-02   3.0199555e-02   9.3209681e-04  -4.7653715e-03  -4.3435945e-03
  -9.3282947e-02   6.0169399e-02   6.5198947e-02   2.3817024e-04  -4.9764245e-03  -4.5662146e-03
  -9.2340615e-02   4.6966840e-02   6.1442503e-02  -1.9062148e-05  -4.8329388e-03  -4.5868324e-03
  -9.8864650e-02   7.1140634e-02   8.0574396e-02  -4.0907741e-04  -4.6885324e-03  -4.5951975e-03
  -9.0458365e-02   5.4283191e-02   3.2152613e-02   1.0449886e-03  -4.7024451e-03  -4.2195999e-03
  -8.4011490e-02   6.8474041e-02   4.3863253e-02   6.3513579e-04  -4.3724451e-03  -3.9330559e-03
  -9.8818711e-02   5.6569517e-02   9.7901424e-02  -5.3923384e-04  -4.6574654e-03  -4.4812959e-03
  -9.8978974e-02   5.0091122e-02   7.5234640e-02  -2.0849589e-04  -4.7775325e-03  -4.5289266e-03
  -9.7148726e-02   4.6035119e-02   9.0444544e-02  -6.2739869e-04  -5.0184085e-03  -4.4772434e-03
  -9.0995236e-02   3.9212851e-02   8.6524742e-02  -7.1992174e-04  -4.8005592e-03  -4.4677674e-03
  -8.1360332e-02   5.4109208e-02   1.0135971e-01  -7.8379061e-04  -5.0101212e-03  -4.6473865e-03
  -8.6459093e-02   5.9358628e-02   1.1288457e-01  -8.7433244e-04  -4.9840256e-03  -4.5642715e-03
  -8.3530601e-02   4.9251585e-02   1.0358422e-01  -4.5397070e-04  -4.8182276e-03  -4.4965245e-03
  -7.6935990e-02   5.6841458e-02   1.1020846e-01  -7.3727586e-04  -4.9431655e-03  -4.6309638e-03
  -8.0231688e-02   7.8301037e-02   1.4439525e-01  -1.3287901e-03  -5.0971155e-03  -4.7808510e-03
  -6.2328927e-02   5.5574605e-02   9.3414178e-02   1.2632075e-05  -5.1655984e-03  -4.2865040e-03
  -6.6125393e-02   4.7957411e-02   1.0417665e-01  -9.0274749e-04  -5.3256736e-03  -4.3981056e-03
  -8.1861118e-02   6.4600769e-02   1.3353547e-01  -1.0886907e-03  -5.4374468e-03  -4.8158914e-03
  -8.9621948e-02   4.3038552e-02   1.2171949e-01  -4.9903119e-04  -5.4958101e-03  -4.9694465e-03
  -9.1645966e-02   4.1802204e-02   1.2006142e-01  -1.1112612e-03  -5.9572121e-03  -4.9747680e-03
  -9.7844158e-02   4.7555282e-02   1.2773050e-01  -1.3853264e-03  -5.9815990e-03  -4.9891849e-03
  -9.1766158e-02   6.9536061e-02   1.4990454e-01  -1.9386622e-03  -6.1531128e-03  -4.8848773e-03
  -7.9589242e-02   6.2061477e-02   1.2420746e-01  -6.8215835e-04  -6.1122095e-03  -4.7161163e-03
  -7.9852894e-02   7.5107974e-02   1.3766298e-01  -1.5169695e-03  -5.9567713e-03  -4.8677235e-03
  -7.8400201e-02   7.4073295e-02   1.8515705e-01  -2.1738522e-03  -6.0818326e-03  -4.5954019e-03
  -8.4695232e-02   4.9357114e-02   1.4741852e-01  -1.2643922e-03  -5.8269181e-03  -4.7133665e-03
  -7.6543236e-02   5.9581609e-02   1.3500375e-01  -9.6068629e-04  -5.9713296e-03  -4.7340533e-03
  -7.1433037e-02   6.2971131e-02   1.5555498e-01  -1.4336107e-03  -6.1113337e-03  -4.8374862e-03
  -6.9971172e-02   6.2127922e-02   1.6804204e-01  -1.6492307e-03  -6.4393831e-03  -4.8389010e-03
  -6.9960381e-02   4.2487899e-02   1.5913844e-01  -1.4373012e-03  -6.5046685e-03  -4.8696763e-03
  -6.8660505e-02   4.5780238e-02   1.8156168e-01  -1.7527134e-03  -6.5079324e-03  -4.9191543e-03
  -6.3533069e-02   8.4170389e-02   1.6688511e-01  -4.1483953e-04  -6.3794376e-03  -4.6418152e-03
  -6.7529784e-02   5.1208620e-02   1.5862194e-01  -1.7621385e-03  -6.4136740e-03  -4.6349522e-03
  -7.3641885e-02   7.2168601e-02   1.4691779e-01  -7.9778254e-04  -6.3973303e-03  -4.7539733e-03
  -7.6975540e-02   5.7038165e-02   1.8642156e-01  -2.1862659e-03  -6.4569455e-03  -4.7870767e-03
  -8.3886899e-02   5.8052889e-02   1.9233309e-01  -1.6125213e-03  -6.4123245e-03  -4.9012828e-03
  -7.8523264e-02   3.8458176e-02   1.8262983e-01  -1.5979700e-03  -6.2519667e-03  -4.7519221e-03
  -7.4493164e-02   3.6518994e-02   2.0055001e-01  -2.0166316e-03  -6.4951785e-03  -4.6763051e-03
  -8.2232745e-02   2.7312429e-02   2.2037898e-01  -1.5922974e-03  -6.8443246e-03  -4.1639159e-03
  -7.8847096e-02  -1.5641686e-02   2.3972974e-01  -9.3244328e-04  -7.5603116e-03  -2.8122094e-03
  -9.7543731e-02   6.9459299e-03   1.7110059e-01  -1.4407910e-03  -6.8845613e-03  -3.8692723e-03
  -1.1047495e-01   2.0460727e-02   1.0992433e-01  -1.7002124e-03  -6.5775704e-03  -4.3270347e-03
  -1.0907774e-01   1.9269875e-02   1.3468529e-01  -1.6461091e-03  -6.5218538e-03  -4.5277833e-03
  -1.1132956e-01   9.6908981e-03   1.0193201e-01  -1.1455773e-03  -6.2592169e-03  -4.6417699e-03
  -1.1276128e-01   1.1892048e-02   9.5810100e-02  -9.6686847e-04  -6.3513984e-03  -4.5244009e-03
  -1.1355325e-01   1.5302309e-02   1.0721434e-01  -1.0193773e-03  -6.6808299e-03  -4.4382312e-03
  -1.2125701e-01   3.5544938e-02   1.4951665e-01  -1.2064396e-03  -6.8171786e-03  -4.6031156e-03
  -1.1419040e-01   1.4428036e-02   1.0364660e-01  -6.8790589e-04  -6.5815300e-03  -4.4351534e-03
  -1.0025862e-01   3.6656019e-02   1.1655203e-01  -1.5898919e-03  -6.6535915e-03  -4.4327489e-03
  -9.5787646e-02   4.0470133e-02   1.3056392e-01  -1.4475031e-03  -6.8787255e-03  -4.3521109e-03
  -9.1964634e-02   4.1754508e-02   1.1625876e-01  -9.1555107e-04  -7.0177454e-03  -4.3388838e-03
  -8.7484082e-02   1.6232903e-02   7.8034445e-02  -8.2249581e-04  -6.7746915e-03  -4.2994131e-03
  -9.0095876e-02   2.1144881e-02   1.3064873e-01  -1.3334201e-03  -7.2787055e-03  -4.4676046e-03
  -9.3079164e-02   2.2154618e-02   1.4042211e-01  -1.4576829e-03  -7.7686236e-03  -4.6381732e-03
  -8.6321159e-02   2.4095296e-02   8.1644025e-02   4.9081240e-04  -7.5875061e-03  -4.4258630e-03
  -8.9626325e-02   1.5435979e-02   8.6168148e-02  -1.4003162e-03  -8.0556919e-03  -4.7557862e-03
  -8.1495588e-02   2.9350045e-02   1.0091383e-01  -1.4568183e-03  -8.2798165e-03  -4.8922140e-03
  -7.9902003e-02   3.0941037e-02   1.0283815e-01  -9.2002804e-04  -8.1872730e-03  -4.9102180e-03
  -7.6106642e-02   3.7425118e-02   1.3093035e-01  -1.4800346e-03  -8.4590954e-03  -4.9087707e-03
  -7.7950475e-02   4.2239588e-02   1.5351458e-01  -1.3157664e-03  -8.4280076e-03  -5.0086805e-03
  -7.8769154e-02   3.7152651e-02   9.1456581e-02  -6.4836949e-04  -8.0713359e-03  -4.7184124e-03
  -7.8220873e-02   1.9828792e-02   9.7960443e-02  -1.5337251e-03  -8.2996799e-03  -4.9249386e-03
  -8.1174195e-02   5.5309994e-02   1.3329311e-01  -1.4127369e-03  -8.7171839e-03  -4.9345894e-03
  -7.8227938e-02   3.7373035e-02   1.2301355e-01  -1.1765674e-03  -8.3762022e-03  -4.9257095e-03
  -7.1109073e-02   1.6886680e-02   1.1163239e-01  -1.0131670e-03  -8.4785066e-03  -5.0301041e-03
  -7.8745516e-02   3.7322608e-02   1.2718113e-01  -1.0998867e-03  -8.5188901e-03  -5.1653698e-03
  -8.0193729e-02   3.1227140e-02   1.4408893e-01  -1.5322604e-03  -8.8310412e-03  -5.2633609e-03
  -7.6632937e-02   2.1393405e-02   1.2651283e-01  -7.6449886e-04  -8.8532580e-03  -5.2738479e-03
  -8.0200705e-02   3.2172172e-02   1.3051295e-01  -5.3986899e-04  -8.9883040e-03  -5.4105026e-03
  -7.7917042e-02   3.2275911e-02   1.2817812e-01  -1.6065159e-03  -8.8403856e-03  -5.4753972e-03
  -7.2431833e-02   4.7709774e-02   1.4910278e-01  -1.6144787e-03  -9.3801984e-03  -5.4553958e-03
  -7.4994892e-02   4.7569241e-02   1.3442889e-01  -7.5227220e-04  -9.1318824e-03  -5.4983097e-03
  -7.3463593e-02   2.2611741e-02   1.2789989e-01  -1.3339579e-03  -9.2567140e-03  -5.5938088e-03
  -6.2844720e-02   8.7656825e-02   1.2906832e-01   1.5304743e-04  -9.7459802e-03  -5.2180646e-03
  -5.1892874e-02   1.1702945e-02   9.8066581e-02  -1.1865640e-03  -9.1895351e-03  -4.8428774e-03
  -3.8264856e-02   2.0665373e-02   9.1373883e-02  -1.6390342e-03  -9.3026930e-03  -4.8023059e-03
  -3.1481866e-02   6.1612832e-02   7.0922950e-02  -4.2489003e-04  -9.2396259e-03  -4.4926385e-03
  -4.0793517e-02   2.1625353e-02   3.2757820e-02  -3.7847176e-04  -9.2711404e-03  -4.3717285e-03
  -4.1884842e-02   4.3319382e-02   4.0398775e-02  -8.6396665e-04  -9.6428298e-03  -4.6381208e-03
  -4.6973520e-02   4.5521757e-02   6.9404164e-02  -9.7401336e-04  -9.8520013e-03  -4.5996963e-03
  -5.0453746e-02   5.5098940e-02   8.2934758e-02  -1.5317759e-03  -9.9125248e-03  -4.6456862e-03
  -5.0691152e-02   7.1151637e-02   6.9697969e-02  -9.1447325e-04  -1.0026056e-02  -4.7863370e-03
  -6.0169567e-02   2.9658154e-02   6.8623736e-02  -9.4505033e-04  -9.9014965e-03  -4.9111727e-03
  -5.0785062e-02   3.4607384e-02   7.0847058e-02  -1.0694209e-03  -1.0018224e-02  -4.8894116e-03
  -4.7238674e-02   4.7811933e-02   1.0619135e-01  -1.3246214e-03  -1.0043356e-02  -4.9130466e-03
  -5.0485355e-02   4.9582365e-02   1.1681715e-01  -1.0789258e-03  -9.8729462e-03  -4.9330857e-03
  -4.4824619e-02   4.0998517e-02   5.6177032e-02   3.9555296e-04  -9.9812838e-03  -4.8572678e-03
  -4.2495850e-02   3.8491480e-02   1.0672515e-01  -1.2547974e-03  -9.9353347e-03  -5.0710156e-03
  -5.4898058e-02   5.6694091e-02   1.2874080e-01  -1.7034548e-03  -9.9806669e-03  -5.1712617e-03
  -2.6317378e-02  -1.5956639e-02  -1.1243384e-01   7.6868849e-04  -8.9182891e-03  -4.1687069e-03
   1.5891201e-02   6.0815487e-02   2.7241353e-01  -3.1366797e-04  -8.2596440e-03  -2.9613211e-03
   1.9372608e-03   4.0055483e-02   3.0481532e-01  -1.6342546e-03  -8.8558050e-03  -3.5025620e-03
  -5.8297319e-03   3.2412454e-02   2.6061273e-01  -1.4574874e-03  -8.6796332e-03  -3.4843982e-03
   8.7322134e-03   2.0627230e-02   2.1997411e-01  -9.5831863e-04  -8.7032745e-03  -3.3664242e-03
   4.3464923e-02  -1.1749402e-02   1.4157259e-01   9.4426492e-04  -9.0545454e-03  -3.0385502e-03
  -2.0498452e-01   1.2795947e-02   3.0780361e-01  -5.2200180e-03  -3.6667670e-03  -8.4911869e-03
  -2.4681577e-01  -8.4496899e-02   4.6877524e-01  -9.4432087e-03  -5.4276587e-03  -9.2635831e-03
  -2.3016526e-01  -4.2793076e-02   4.4174898e-01  -8.9647969e-03  -6.6851940e-03  -9.2106644e-03
  -2.3634181e-01  -1.5570010e-02   4.9018288e-01  -9.5361777e-03  -7.8457980e-03  -9.3678808e-03
  -2.4588985e-01  -3.9745846e-02   4.9215642e-01  -1.0272935e-02  -7.7116761e-03  -9.6674008e-03
  -2.5457322e-01  -4.7507810e-02   5.0616695e-01  -1.1054764e-02  -8.1028970e-03  -9.7588593e-03
  -2.5127080e-01  -3.5641148e-02   5.4777222e-01  -1.1062902e-02  -8.3101426e-03  -9.7200122e-03
  -2.4293225e-01  -2.0730635e-02   5.1069228e-01  -9.5196589e-03  -8.2834754e-03  -9.6842246e-03
  -2.4444165e-01  -4.8034713e-02   5.1409007e-01  -1.0609392e-02  -8.4025022e-03  -9.8809054e-03
  -2.3824846e-01  -4.7432712e-02   5.4766186e-01  -1.1183456e-02  -8.3770643e-03  -9.9436111e-03
  -2.3999188e-01  -6.4579516e-02   5.6206412e-01  -1.1330690e-02  -8.3979421e-03  -1.0128895e-02
  -2.4539135e-01  -4.7314175e-02   5.8075611e-01  -1.1248817e-02  -8.6774442e-03  -9.9649198e-03
  -2.4582417e-01  -5.9090848e-02   5.7889123e-01  -1.2067075e-02  -8.9199399e-03  -9.9720293e-03
  -2.4922552e-01  -5.9663204e-02   5.9923088e-01  -1.2388619e-02  -8.7576479e-03  -1.0039058e-02
  -2.5510843e-01  -6.1466435e-02   6.3641830e-01  -1.2877554e-02  -8.7933879e-03  -1.0034973e-02
  -2.5958817e-01  -6.8318202e-02   6.1331421e-01  -1.2840519e-02  -9.0404790e-03  -9.9454451e-03
  -2.5241693e-01  -6.7673031e-02   6.2145646e-01  -1.3525396e-02  -8.7865316e-03  -1.0017881e-02
  -2.4524808e-01  -5.3537894e-02   6.6887392e-01  -1.4120595e-02  -8.7765878e-03  -9.7126204e-03
  -2.5108354e-01  -4.0363096e-02   6.5197352e-01  -1.3539411e-02  -9.0927294e-03  -9.6854883e-03
  -2.3793097e-01  -6.1311498e-02   6.2702097e-01  -1.3076884e-02  -9.3889838e-03  -9.4021695e-03
  -2.2136813e-01  -1.7112509e-02   6.4449481e-01  -1.3511472e-02  -9.4334683e-03  -8.9307007e-03
  -2.2536023e-01  -4.3477768e-02   6.0622090e-01  -1.3127790e-02  -9.0015684e-03  -9.0017057e-03
  -2.1973293e-01  -4.0954981e-02   5.9014512e-01  -1.3507676e-02  -8.9281786e-03  -8.9783736e-03
  -2.2480507e-01  -7.2372160e-03   6.4936903e-01  -1.3943548e-02  -8.9219146e-03  -9.1593594e-03
  -2.3275860e-01  -5.9436759e-02   6.4448640e-01  -1.3505201e-02  -8.9226617e-03  -9.4221487e-03
  -2.3612659e-01  -6.3191576e-02   6.3601011e-01  -1.3377173e-02  -8.9924521e-03  -9.5073514e-03
  -2.4530699e-01  -4.9792028e-02   6.4947350e-01  -1.3877693e-02  -9.4160580e-03  -9.5777281e-03
  -2.4668618e-01  -4.6985911e-02   6.8675735e-01  -1.3439167e-02  -9.4206216e-03  -9.4147084e-03
  -2.3391543e-01  -6.3739755e-02   6.3651797e-01  -1.3498514e-02  -9.2057256e-03  -9.2724098e-03
  -2.3590750e-01  -5.7590550e-02   6.3235991e-01  -1.4260435e-02  -9.4256479e-03  -9.2551106e-03
  -2.2726627e-01  -4.1894864e-02   6.9491953e-01  -1.4547829e-02  -9.1541295e-03  -9.0531552e-03
  -2.2322991e-01  -7.3611727e-02   6.4001370e-01  -1.3764084e-02  -9.2770535e-03  -9.0427663e-03
  -2.2275004e-01  -5.6282209e-02   6.7485763e-01  -1.4675424e-02  -9.0412545e-03  -9.1174222e-03
  -2.2213305e-01  -1.9526755e-02   6.7417734e-01  -1.4604057e-02  -9.3888965e-03  -8.9621472e-03
  -2.2021082e-01  -3.7279961e-02   6.3850276e-01  -1.4041454e-02  -9.7069739e-03  -8.7803364e-03
  -2.1744359e-01  -6.1437913e-02   6.4179027e-01  -1.4180776e-02  -9.3847577e-03  -9.1387275e-03
  -2.2260798e-01  -4.3260379e-02   7.0796083e-01  -1.4984131e-02  -8.9191668e-03  -9.1268041e-03
  -2.2416932e-01  -6.1532482e-02   6.4558336e-01  -1.3824536e-02  -8.8024667e-03  -9.0329073e-03
  -2.0549386e-01  -5.3592947e-02   6.5447875e-01  -1.4306280e-02  -8.9332344e-03  -8.8786957e-03
  -2.0177272e-01  -4.1336607e-02   6.7390162e-01  -1.4306394e-02  -9.2467497e-03  -8.9174893e-03
  -2.0046119e-01  -2.9246085e-02   6.6410885e-01  -1.3096767e-02  -8.8663412e-03  -8.9648143e-03
  -1.9991138e-01  -6.2973406e-02   6.4614158e-01  -1.3605129e-02  -8.9715818e-03  -9.0357829e-03
  -2.0472649e-01  -4.6031985e-02   6.7851524e-01  -1.3963222e-02  -9.7554445e-03  -9.2221011e-03
  -2.1138208e-01  -6.6280669e-02   7.1012635e-01  -1.4162515e-02  -9.3636930e-03  -9.2171185e-03
  -2.1223937e-01  -3.8924308e-02   6.7338976e-01  -1.2843907e-02  -9.2395018e-03  -9.1525198e-03
  -2.1350351e-01  -5.8587866e-02   6.7560492e-01  -1.4228042e-02  -9.6578242e-03  -9.3700761e-03
  -2.1751652e-01  -5.2981848e-02   6.7449676e-01  -1.4160847e-02  -9.6281516e-03  -9.3745913e-03
  -2.1837162e-01  -4.7461619e-02   6.8339857e-01  -1.4536656e-02  -9.7367267e-03  -9.2087805e-03
  -2.0848200e-01  -3.1288197e-02   6.9116705e-01  -1.4082800e-02  -9.8049670e-03  -9.0679714e-03
  -2.0342609e-01  -4.7051202e-02   6.9055894e-01  -1.3826452e-02  -9.8797380e-03  -9.2527215e-03
  -1.9732498e-01  -6.4722472e-02   6.6227283e-01  -1.3736947e-02  -9.2432399e-03  -9.3644083e-03
  -1.8758404e-01  -6.0253887e-02   6.6004554e-01  -1.3826288e-02  -9.3419277e-03  -9.3239363e-03
  -1.9421168e-01  -3.1102604e-02   6.8323825e-01  -1.4182406e-02  -9.8837939e-03  -9.2849011e-03
  -1.9883444e-01  -4.9375741e-02   6.7517882e-01  -1.3725516e-02  -9.1971832e-03  -9.2317994e-03
  -1.9220158e-01  -4.6631210e-02   6.3501011e-01  -1.2482977e-02  -9.3070253e-03  -9.3166123e-03
  -1.9526528e-01  -3.8760391e-02   6.8125818e-01  -1.4258380e-02  -9.6166718e-03  -9.4061966e-03
  -1.8857843e-01  -3.8357331e-02   6.7058235e-01  -1.3938364e-02  -9.4677617e-03  -8.8327330e-03
  -1.7838314e-01  -5.1627497e-02   6.6603183e-01  -1.3588858e-02  -9.0936897e-03  -8.5999016e-03
  -1.7363498e-01  -5.3293462e-02   6.5987576e-01  -1.3538443e-02  -8.9590443e-03  -8.5370434e-03
  -1.8103220e-01  -3.7064278e-02   6.4908579e-01  -1.3033547e-02  -9.4019808e-03  -8.7113849e-03
  -1.8983336e-01  -3.3815839e-02   6.9040211e-01  -1.4141905e-02  -9.5128268e-03  -8.9604988e-03
  -1.9669160e-01  -4.8821288e-02   6.4936192e-01  -1.3545342e-02  -9.2971651e-03  -9.0127505e-03
  -1.8695380e-01  -5.8518239e-02   6.4832829e-01  -1.3634790e-02  -9.2510553e-03  -9.0654810e-03
  -1.7241603e-01  -5.0948237e-02   6.7443924e-01  -1.3800486e-02  -9.1895226e-03  -9.0453385e-03
  -1.8503062e-01  -4.8116261e-02   7.1937388e-01  -1.3958797e-02  -8.9948635e-03  -9.2242671e-03
  -1.8632739e-01  -7.7557308e-02   6.7912980e-01  -1.3725213e-02  -8.8575578e-03  -9.3358304e-03
  -1.8301007e-01  -4.1574341e-02   6.8994419e-01  -1.3761583e-02  -9.3176451e-03  -9.2998289e-03
  -1.8696036e-01  -7.0145009e-02   6.8671200e-01  -1.3792698e-02  -9.3515930e-03  -9.3572604e-03
  -1.8290164e-01  -6.0131648e-02   6.8015911e-01  -1.4052278e-02  -9.3512856e-03  -9.1836882e-03
  -1.7631320e-01  -7.0059891e-02   6.7658219e-01  -1.3529086e-02  -9.2931850e-03  -9.1525459e-03
  -1.7743850e-01  -4.3876109e-02   7.1457166e-01  -1.3932626e-02  -9.2825306e-03  -9.1297070e-03
  -1.7859209e-01  -5.7393057e-02   7.0826069e-01  -1.3886084e-02  -9.0193156e-03  -9.1541538e-03
  -1.7190665e-01  -8.0226428e-02   6.4638817e-01  -1.3936173e-02  -9.2208157e-03  -8.8575185e-03
  -1.6861612e-01  -3.9525037e-02   6.7433775e-01  -1.3799297e-02  -9.4748998e-03  -8.6347639e-03
  -1.7050676e-01  -3.9885386e-02   6.7617811e-01  -1.3536779e-02  -9.5220666e-03  -8.7875048e-03
  -1.7113663e-01  -5.7064663e-02   6.4362243e-01  -1.2861977e-02  -9.7652174e-03  -8.6128730e-03
  -1.6423936e-01  -4.6888305e-04   7.9948035e-01  -1.1872630e-02  -1.1576580e-02  -4.6725750e-03
