   0.0000000e+00   0.0000000e+00   0.0000000e+00   2.7755576e-17   0.0000000e+00   0.0000000e+00
   2.7508137e-02  -2.9785082e-02   2.6622070e-02  -2.4845841e-03  -4.4424354e-04   4.8140016e-04
   2.0796520e-02  -1.4220986e-02   1.5006545e-02  -2.2689894e-03  -3.0917636e-04   8.6896978e-04
   8.2360902e-03   2.6009724e-03   6.3035378e-02  -3.0082963e-03  -3.4110639e-04   5.2015449e-04
   1.2200555e-02   1.4324084e-02   8.8132195e-02  -4.0321113e-03  -4.7710997e-04   1.5258157e-04
   8.4216782e-03  -6.2531097e-03   8.6295370e-02  -4.4158314e-03  -2.2638219e-04   2.1455289e-04
  -9.2613521e-03  -7.0400216e-03   6.6076567e-02  -4.7896829e-03   2.1454981e-04  -1.2696688e-04
  -3.2566829e-02   1.6123037e-02   8.7924495e-02  -5.1452071e-03   1.1186726e-03  -1.0715214e-03
  -2.6747781e-02   1.8212440e-02   1.1919447e-01  -7.4670215e-03   1.5686639e-03  -1.7604293e-03
  -4.0884116e-02   7.8075210e-04   8.9972576e-02  -7.8518605e-03   2.1648089e-03  -1.7591960e-03
  -9.3677819e-02   4.0624108e-02   3.4928443e-02  -7.7719718e-03   1.8144836e-03  -3.4186703e-03
  -7.1333810e-02   3.6256360e-02   7.8137086e-02  -8.8905367e-03   2.2172329e-03  -2.9021594e-03
  -6.0914261e-02   3.0599063e-02   8.9692403e-02  -9.7907998e-03   2.6554594e-03  -2.4576096e-03
  -6.9107421e-02   6.0613868e-02   1.0484206e-01  -1.1543048e-02   2.8434012e-03  -2.1299684e-03
  -6.5374187e-02   5.0198483e-02   1.0666081e-01  -1.3140052e-02   2.5959603e-03  -2.4966153e-03
  -8.2675268e-02   4.4670183e-02   3.3130255e-01  -1.3431445e-02   2.4601438e-03  -2.9752407e-03
  -8.1596818e-02   7.8015997e-02   5.2974903e-01  -1.8365284e-02   2.5197841e-03  -3.8964213e-03
  -8.7197525e-02   1.1355086e-01   5.2659257e-01  -1.9215266e-02   2.3928138e-03  -4.2687601e-03
  -5.8836898e-02   1.5413567e-01   6.3385957e-01  -1.6670970e-02   5.1891597e-04  -6.8645324e-03
   2.2061962e-03   1.1908168e-01   6.1085549e-01  -1.8624334e-02  -3.6081257e-03  -4.1161241e-03
  -1.1465915e-02   9.5436308e-02   6.7209761e-01  -2.2314746e-02  -3.7402488e-03  -3.4332647e-03
   1.3902215e-02   1.3186765e-01   4.8906731e-01  -2.3948835e-02  -2.6369138e-03  -3.6416336e-03
  -1.8063652e-04   3.9251455e-02   6.8415137e-01  -2.9271548e-02  -3.2494985e-03  -3.2985206e-03
  -4.4962514e-03   9.3435966e-02   7.1427853e-01  -3.0263071e-02  -2.6125508e-03  -3.1897791e-03
  -3.0534617e-03   5.1237828e-02   7.5889101e-01  -3.3717893e-02  -2.3394861e-03  -2.9093412e-03
  -1.8417763e-02   2.1970217e-02   7.1761394e-01  -3.6615247e-02  -1.4277038e-03  -2.8607509e-03
  -1.9133870e-02   5.8051320e-02   6.9649685e-01  -3.6730787e-02  -1.2226020e-03  -2.9567166e-03
  -3.2174723e-02   4.1332230e-02   7.6197548e-01  -3.7846762e-02  -1.2058695e-03  -2.8037603e-03
  -3.4991905e-02   1.7578288e-02   7.2631154e-01  -3.8277026e-02  -9.3881485e-04  -2.7095869e-03
  -4.1121184e-02   3.7949638e-02   6.9251470e-01  -3.7212261e-02  -7.1322080e-04  -2.9900041e-03
  -3.5634217e-02   5.8868552e-02   7.4663284e-01  -3.7903525e-02  -7.0201469e-04  -2.9317645e-03
  -4.8832155e-02   4.5657686e-02   7.1623900e-01  -3.7252094e-02  -1.8437655e-04  -3.1585449e-03
  -5.6849580e-02   3.8780704e-02   6.5060366e-01  -3.4823933e-02   6.1165182e-05  -3.2768059e-03
  -6.1775900e-02   5.8643424e-02   6.0400411e-01  -3.3606517e-02   5.1594164e-04  -3.8232559e-03
  -7.5912342e-02   7.3302815e-02   6.7420287e-01  -3.5080332e-02   5.9183563e-04  -4.0087087e-03
  -7.6838623e-02   5.6486246e-02   6.3913985e-01  -3.5669272e-02   4.6041578e-04  -3.9722692e-03
  -5.5068280e-02   2.8607549e-02   6.0934872e-01  -3.4880253e-02   3.0932929e-04  -3.6763583e-03
  -4.6113858e-02   6.3327837e-02   4.9442788e-01  -3.5984683e-02   1.0905814e-03  -5.1951854e-03
  -2.8311205e-02   8.5354289e-02   5.1734379e-01  -3.1924742e-02   2.8084865e-04  -4.2913033e-03
  -2.7527297e-02   7.9507101e-02   3.0803484e-01  -1.4986064e-02   3.2603509e-03  -5.6406193e-03
  -9.9675840e-03   2.1951499e-01   3.8712849e-01  -1.3305735e-02   5.7674942e-03  -9.1583321e-03
  -2.7549641e-02   5.7211565e-02   5.4666883e-01  -2.5336605e-02   2.4424997e-03  -6.1458154e-03
  -3.3355583e-02   5.2477486e-02   5.3392410e-01  -2.5240787e-02   2.8276590e-03  -5.8784199e-03
  -3.3723709e-02   9.1459641e-02   5.4461858e-01  -2.5349639e-02   2.7264690e-03  -5.5288084e-03
  -3.6138795e-02   9.8664432e-02   6.0942204e-01  -2.7035751e-02   2.7882113e-03  -5.1525096e-03
  -4.9539532e-02   8.4587101e-02   6.0242820e-01  -2.8342664e-02   2.9735042e-03  -4.6221107e-03
  -4.6421600e-02   1.0107672e-01   6.1518707e-01  -2.9238120e-02   3.0934344e-03  -5.1429428e-03
  -3.9959780e-02   7.2762264e-02   6.2879967e-01  -2.9359356e-02   2.6457641e-03  -5.1972201e-03
  -4.8359737e-02   5.6878216e-02   5.9898743e-01  -3.0573300e-02   3.1412917e-03  -4.7478616e-03
  -6.5774651e-02   5.9227407e-02   7.0273917e-01  -3.4870970e-02   2.8688540e-03  -4.4083767e-03
  -5.2828291e-02   9.8441886e-02   6.9035621e-01  -3.4904912e-02   2.4824480e-03  -5.2830076e-03
  -4.1858774e-02   7.3127380e-02   6.0120172e-01  -3.3851234e-02   2.3753062e-03  -5.5635547e-03
  -2.5972499e-02   1.4376251e-01   6.7965963e-01  -3.4860375e-02   1.5684823e-03  -6.3707363e-03
  -1.5050745e-01   2.0990532e-01   7.8529026e-01   1.2751301e-03  -6.7261230e-03  -5.2509501e-03
  -4.3832717e-01   9.0860234e-01   1.2478863e+00   4.9537494e-02  -9.7596236e-03  -6.6570377e-03
  -1.0738751e-01   1.0719503e+00   1.3467079e+00   5.3410506e-02  -1.2295011e-02  -1.3355774e-02
   1.1899798e-01   2.7135989e-01   8.4825962e-01   1.4989701e-02  -1.3298112e-02  -1.0955017e-02
   1.9631637e-01   3.8771457e-01   4.1360623e-01   1.0260882e-02  -8.3025801e-03  -1.4101438e-02
   2.2098351e-01   2.7389745e-01   4.9312168e-01   4.4780321e-03  -7.6289353e-03  -1.4280748e-02
   2.1557563e-01   3.0432100e-01   4.7248391e-01   3.4219615e-03  -7.3780468e-03  -1.2932363e-02
   1.9156200e-01   3.0644349e-01   4.9855963e-01   2.8350738e-03  -7.6616921e-03  -1.2503799e-02
   1.9454933e-01   1.9479825e-01   5.1739807e-01   8.6056828e-04  -6.6656160e-03  -1.3585398e-02
   2.0760406e-01   2.7351449e-01   5.2666260e-01  -5.1850946e-04  -6.5047142e-03  -1.3123008e-02
   1.9100612e-01   2.5785965e-01   5.1598678e-01  -1.0746621e-03  -5.7816421e-03  -1.2974442e-02
   1.8606708e-01   1.7880194e-01   4.8796323e-01  -2.4193079e-03  -5.1089157e-03  -1.3145184e-02
   1.9286036e-01   2.5923416e-01   5.4965754e-01  -4.0377470e-03  -5.2326528e-03  -1.2902655e-02
   1.9124635e-01   2.6634345e-01   5.8266721e-01  -5.6501550e-03  -5.3344963e-03  -1.2864432e-02
   1.8763428e-01   2.3231844e-01   5.6489687e-01  -6.5408293e-03  -4.9585818e-03  -1.3071068e-02
   1.9099734e-01   2.9410555e-01   5.7246654e-01  -8.0131198e-03  -5.0227652e-03  -1.3246656e-02
   1.9220556e-01   2.6414788e-01   5.4478072e-01  -7.6326843e-03  -4.8946563e-03  -1.3256272e-02
   1.9335582e-01   2.9392565e-01   5.4374433e-01  -7.9775767e-03  -4.6978528e-03  -1.3561057e-02
   1.8900659e-01   2.7872158e-01   5.7334355e-01  -9.2968196e-03  -4.4081822e-03  -1.3580859e-02
   1.9971083e-01   2.7540243e-01   5.8277186e-01  -1.0838021e-02  -4.3725967e-03  -1.3539043e-02
   2.0424606e-01   3.0291591e-01   5.4887508e-01  -1.0393552e-02  -4.4695215e-03  -1.3233963e-02
   1.8183484e-01   2.9059588e-01   7.0300789e-01  -1.2381182e-02  -4.5489864e-03  -1.3279225e-02
   2.7343121e-01   7.7599132e-01   4.0447155e+00  -8.7775942e-03  -1.6937723e-03  -1.7724098e-02
   2.9174360e-01   2.5722689e-01   2.1528503e+00  -1.3020227e-02   9.0035785e-04  -1.7005156e-02
   2.9145453e-01   1.8497209e-01   9.7595775e-01  -1.5236044e-02  -3.4199932e-04  -1.6579555e-02
   2.8318923e-01   2.4596522e-01   8.4912789e-01  -1.6483597e-02  -6.0602086e-04  -1.6620966e-02
   2.8714113e-01   2.9132142e-01   7.6376481e-01  -1.8205902e-02  -1.5773624e-03  -1.6456991e-02
   2.7013388e-01   2.5827381e-01   7.3191400e-01  -2.0486207e-02  -1.7830722e-03  -1.6144591e-02
   2.7771407e-01   2.2189804e-01   6.6548703e-01  -2.1419021e-02  -1.7839622e-03  -1.5648192e-02
   2.8130495e-01   2.5496892e-01   6.6446672e-01  -2.2307143e-02  -1.9093061e-03  -1.5498442e-02
   2.7855898e-01   2.2346628e-01   7.2519905e-01  -2.3471742e-02  -2.0147090e-03  -1.5645586e-02
   2.8088947e-01   2.2559092e-01   7.5054070e-01  -2.5060578e-02  -2.3077353e-03  -1.5371425e-02
   2.8995802e-01   2.3703236e-01   7.3041471e-01  -2.5819943e-02  -2.4478382e-03  -1.5074255e-02
   3.5508607e-01   1.5417036e-02   3.9853172e-02  -2.2943641e-02  -3.3702371e-03  -1.5019410e-02
   3.9824546e-01   1.3147436e-01  -2.1110518e-01  -2.6066739e-02  -2.1174711e-03  -1.5833715e-02
   2.4053731e-01   1.3220906e-01  -7.0470780e-02  -2.5672161e-02   1.6179900e-03  -1.4219153e-02
   2.3224236e-01   1.2697136e-01  -2.3406824e-01  -2.4170722e-02   1.2454698e-03  -1.7473795e-02
   3.1017254e-01   1.2623818e-02  -6.8627824e-01  -2.1722063e-02   8.6723611e-04  -1.5516432e-02
   4.6102848e-02   1.8444699e-01  -2.6459343e-01  -1.9391319e-02  -5.5473000e-05  -1.0534378e-02
   2.2320270e-01   1.1881832e-01  -5.2990702e-01  -2.0236481e-02  -1.3616792e-04  -1.1013255e-02
   1.7759852e-01   1.2348791e-01  -4.0670822e-01  -2.0183652e-02   1.5823055e-03  -1.0867153e-02
   1.7716756e-01   1.7565847e-01  -2.0771867e-01  -1.1849341e-02  -2.1911368e-03  -1.0516810e-02
   1.3927701e-01   1.0073177e-01  -3.9438054e-01  -1.0269953e-02  -5.2895464e-03  -9.0305225e-03
   9.9836457e-02   7.7167418e-02  -3.8582140e-01  -1.2207703e-02  -5.7452481e-03  -8.1564974e-03
   1.1769640e-01   1.4340506e-01  -5.1250565e-01  -1.3992018e-02  -4.6558440e-03  -8.9998868e-03
   1.2114427e-01   1.4738872e-01  -4.2821631e-01  -1.4916956e-02  -4.6622103e-03  -9.4422377e-03
   1.0539261e-01   1.2166946e-01  -4.7386668e-01  -1.3441219e-02  -4.9098220e-03  -9.1159757e-03
   1.1508495e-01   1.1902909e-01  -5.8893781e-01  -1.2081921e-02  -4.2796900e-03  -9.6995828e-03
   1.2530880e-01   1.4310819e-01  -4.5574313e-01  -1.3059384e-02  -4.8729951e-03  -9.5872305e-03
   1.1464095e-01   8.2357592e-02  -5.5125634e-01  -1.3060608e-02  -3.9185278e-03  -9.3810543e-03
   1.1602341e-01   1.1529808e-01  -5.2963125e-01  -1.4432580e-02  -3.9569093e-03  -9.6295250e-03
   1.2245668e-01   1.2425812e-01  -5.2081886e-01  -1.4574889e-02  -3.6431076e-03  -9.4825097e-03
   1.1943801e-01   1.1563629e-01  -5.2471697e-01  -1.3949491e-02  -3.5786083e-03  -9.7985318e-03
   1.0448173e-01   1.0750897e-01  -4.8403683e-01  -1.4636376e-02  -3.0495408e-03  -1.0276383e-02
   9.9183463e-02   1.4757363e-01  -5.2807692e-01  -1.5443207e-02  -2.9993257e-03  -1.0081306e-02
   1.2408882e-01   1.3473269e-01  -5.5239933e-01  -1.4681975e-02  -3.2765813e-03  -9.7664926e-03
   1.4220879e-01   1.3637871e-01  -5.1177645e-01  -1.4115222e-02  -3.8214227e-03  -9.7944310e-03
   1.3738355e-01   1.4455071e-01  -5.2818816e-01  -1.3913968e-02  -3.3304599e-03  -9.6123331e-03
   1.2796158e-01   1.6323677e-01  -5.2645314e-01  -1.5401188e-02  -3.4180142e-03  -9.8554511e-03
   1.2522214e-01   1.4156955e-01  -5.8419149e-01  -1.5593997e-02  -3.5696110e-03  -9.9869838e-03
   1.2050184e-01   1.7874244e-01  -5.1129588e-01  -1.5101147e-02  -3.3315298e-03  -9.7985118e-03
   1.2459122e-01   1.7609482e-01  -6.0677653e-01  -1.4552953e-02  -3.0035435e-03  -9.9402358e-03
   1.1166042e-01   1.9498857e-01  -5.6755935e-01  -1.6198454e-02  -2.9872250e-03  -9.9777877e-03
   1.3899718e-01   1.5753150e-01  -6.0035576e-01  -1.5981799e-02  -3.0469534e-03  -9.7485677e-03
   1.3663358e-01   2.0476815e-01  -5.8270501e-01  -1.6583545e-02  -3.0644856e-03  -9.9322488e-03
   1.5292846e-01   1.8008371e-01  -5.9623315e-01  -1.7057641e-02  -3.2451270e-03  -9.5892528e-03
   1.6222354e-01   1.7680069e-01  -6.4910380e-01  -1.6410778e-02  -3.0690084e-03  -9.5178720e-03
   1.3683212e-01   2.0102758e-01  -5.9812936e-01  -1.7385916e-02  -2.8199473e-03  -9.6863581e-03
   1.4576436e-01   1.7432981e-01  -6.2631091e-01  -1.5842618e-02  -2.9824117e-03  -9.6635695e-03
   1.4614484e-01   1.9406754e-01  -6.3742326e-01  -1.5400925e-02  -2.7323110e-03  -9.6766983e-03
   1.4081310e-01   1.9688197e-01  -5.9589452e-01  -1.6237814e-02  -2.6720804e-03  -9.7875133e-03
   1.5239400e-01   1.8051125e-01  -6.1828486e-01  -1.6085155e-02  -2.9009820e-03  -9.6503403e-03
   1.6039837e-01   1.7197540e-01  -6.1892306e-01  -1.5041266e-02  -3.1924376e-03  -9.4019717e-03
   1.3801167e-01   1.9479995e-01  -5.5338535e-01  -1.6180845e-02  -2.7057614e-03  -9.4890698e-03
   1.4493928e-01   1.6800888e-01  -6.0305647e-01  -1.6213012e-02  -2.5649944e-03  -9.4624807e-03
   1.3872197e-01   2.0708476e-01  -5.4466501e-01  -1.6537584e-02  -3.1791266e-03  -9.0327548e-03
   1.5343898e-01   2.0124145e-01  -5.3737710e-01  -2.0110785e-02  -3.1154169e-03  -9.2942639e-03
   1.4528135e-01   2.3484341e-01  -4.6970209e-01  -2.2855114e-02  -2.0223844e-03  -9.1863017e-03
   1.4807192e-01   2.1918227e-01  -4.7774066e-01  -2.0530693e-02  -2.7614051e-03  -1.0076851e-02
   1.6151318e-01   1.7567732e-01  -5.9035547e-01  -1.8999194e-02  -2.2445911e-03  -9.8520308e-03
   1.4592136e-01   2.2479997e-01  -5.1967975e-01  -2.0169047e-02  -2.1762420e-03  -1.0216968e-02
   1.4466320e-01   2.1053676e-01  -5.0075473e-01  -2.0802307e-02  -2.5898470e-03  -1.0388220e-02
   1.5684670e-01   1.9388346e-01  -5.8351336e-01  -2.0338743e-02  -2.5921746e-03  -9.8535848e-03
   1.1984775e-01   2.3821471e-01  -3.4094004e-01  -2.4424042e-02  -3.0055214e-03  -9.3386715e-03
   1.4530121e-01   2.0962567e-01  -4.6421721e-01  -2.2475071e-02  -2.6690716e-03  -9.3679792e-03
   1.5787940e-01   2.5327453e-01  -4.5843369e-01  -2.4341767e-02  -3.2326974e-03  -9.2434939e-03
   1.3764989e-01   2.1026252e-01  -3.0806392e-01  -2.9147455e-02  -4.1769149e-03  -8.4083783e-03
   1.3797604e-01   2.2674845e-01  -4.2773825e-01  -2.7326784e-02  -3.6281179e-03  -9.0091960e-03
   1.3873782e-01   2.5894129e-01  -4.3099517e-01  -2.5306596e-02  -3.4643521e-03  -9.3946132e-03
   1.4079645e-01   2.1170112e-01  -4.6116479e-01  -2.4087129e-02  -3.2273014e-03  -9.1348128e-03
   1.3493000e-01   2.5572779e-01  -4.6547128e-01  -2.4210592e-02  -3.2340185e-03  -9.1916875e-03
   1.4271186e-01   2.4091035e-01  -3.6615436e-01  -2.2882351e-02  -3.3999966e-03  -9.3541769e-03
   1.5504156e-01   1.5794906e-01  -4.5626941e-01  -2.4559344e-02  -3.4094195e-03  -9.5927156e-03
   1.6757416e-01   2.1246372e-01  -3.9500781e-01  -2.2812537e-02  -3.7585933e-03  -1.0062432e-02
   1.6161006e-01   1.6888557e-01  -4.9737275e-01  -2.2255264e-02  -3.1926304e-03  -9.5999692e-03
   1.5990575e-01   1.9142448e-01  -4.8779565e-01  -2.3036492e-02  -3.3720348e-03  -9.9226489e-03
   1.6291232e-01   2.2102798e-01  -3.7500074e-01  -2.3730582e-02  -3.8295440e-03  -1.0079300e-02
   1.6976768e-01   1.8492139e-01  -4.7116799e-01  -2.2433107e-02  -3.7516838e-03  -9.5250908e-03
   1.7370779e-01   2.1253949e-01  -4.6166738e-01  -2.3057790e-02  -3.8700488e-03  -9.4103750e-03
   1.4676889e-01   1.9441210e-01  -3.0571001e-01  -2.6117216e-02  -4.3064853e-03  -9.0879116e-03
   1.5406674e-01   2.2346736e-01  -4.4209859e-01  -2.3817017e-02  -3.5113671e-03  -9.4009719e-03
   1.6101666e-01   2.3385625e-01  -4.9676482e-01  -2.3042355e-02  -3.4122275e-03  -9.5598797e-03
   1.4055624e-01   2.3188787e-01  -3.6797645e-01  -2.4474129e-02  -3.6798028e-03  -9.3007833e-03
   1.5497946e-01   2.2326726e-01  -4.0214148e-01  -2.7548987e-02  -4.3252468e-03  -8.5757841e-03
   1.2699906e-01   2.5206477e-01  -2.5746756e-01  -2.8256826e-02  -3.9330737e-03  -8.7935238e-03
   1.2275669e-01   2.5316597e-01  -2.8298839e-01  -2.8603063e-02  -3.9723767e-03  -9.1509871e-03
   1.4822224e-01   2.4733288e-01  -4.1259275e-01  -2.7511269e-02  -3.8931279e-03  -9.3447443e-03
   1.7747036e-01   2.9501982e-01  -3.0304415e-01  -2.2793562e-02  -4.7584887e-03  -1.0057638e-02
   2.8014779e-01   4.3103150e-01   2.3285663e-01  -1.7841430e-02  -3.4158616e-03  -1.2942663e-02
   2.4005359e-01   4.6546944e-01   2.0670515e+00  -2.2427011e-02  -3.8634711e-03  -1.4241750e-02
   1.9326943e-01   7.9042050e-01   2.0260405e+00   1.8290663e-02  -3.8409533e-03  -1.4057703e-02
   2.1297896e-01   6.9377056e-01   1.8816215e+00   2.4396477e-02  -3.6083587e-03  -1.4814819e-02
   2.5647932e-01   5.7668416e-01   1.7281001e+00   5.8339295e-03  -5.7539069e-03  -1.4961818e-02
   2.4256176e-01   4.0593684e-01   1.6290485e+00   1.5047854e-03  -6.9582916e-03  -1.3636397e-02
   2.0264574e-01   3.9925330e-01   1.7436354e+00  -1.4975256e-02  -6.7588324e-03  -1.4229091e-02
   1.9730630e-01   4.3590537e-01   1.8595764e+00  -1.5545753e-02  -6.6016410e-03  -1.4496352e-02
   1.8460195e-01   2.8753773e-01   1.8213694e+00  -1.6558226e-02  -6.2502843e-03  -1.4062344e-02
   1.7883842e-01   4.3274173e-01   1.8631322e+00  -1.7639556e-02  -5.8603753e-03  -1.4267162e-02
   1.7785128e-01   4.2038965e-01   1.8717117e+00  -8.0256635e-03  -5.0014904e-03  -1.5136928e-02
   1.9450106e-01   2.7146162e-01   1.6422122e+00  -4.0583123e-03  -3.6243024e-03  -1.6367850e-02
   1.9508009e-01   4.5939668e-01   1.6841131e+00  -4.9596618e-03  -3.6809406e-03  -1.6442653e-02
   1.8386583e-01   4.5978930e-01   1.7606395e+00  -6.2309934e-03  -3.6248084e-03  -1.6594137e-02
   1.7722518e-01   3.6909184e-01   1.6904497e+00  -5.7781544e-03  -3.4623093e-03  -1.5892095e-02
   1.9053153e-01   4.4895435e-01   1.7254348e+00  -7.3090112e-03  -3.4239482e-03  -1.6379789e-02
   2.1326155e-01   4.3623053e-01   1.8100581e+00  -5.0411034e-03  -5.0320501e-03  -1.5400937e-02
   2.1615445e-01   4.0387972e-01   1.7815700e+00  -3.6109361e-03  -4.2832652e-03  -1.5566097e-02
   2.2478265e-01   4.3587149e-01   1.7513427e+00  -3.3900726e-03  -3.5304042e-03  -1.5558103e-02
   9.8914573e-02   3.2050217e-01   1.3150445e+00  -1.7565710e-03  -5.7814193e-03  -1.4547177e-02
  -3.6993054e-02   3.7622038e-01   9.6471901e-01   3.4214510e-03  -6.2709630e-03  -1.4590019e-02
  -8.8038661e-02   4.5494367e-01   1.0000660e+00   7.7713852e-03  -5.0747246e-03  -1.2043765e-02
  -2.5723836e-02   4.4736397e-01   1.1438600e+00   7.2424237e-03  -3.4323373e-03  -1.3082716e-02
  -3.7042143e-02   5.4297798e-01   1.1579124e+00   6.5483323e-03  -3.8731257e-03  -1.3627342e-02
  -5.1742828e-02   4.5071025e-01   1.3031927e+00   2.7706660e-03  -5.5696546e-03  -1.3166397e-02
  -4.2351090e-02   4.0345121e-01   1.2707722e+00   2.9721017e-03  -5.1873039e-03  -1.3220999e-02
  -3.3797278e-02   5.7547490e-01   1.2976885e+00   2.7942014e-04  -4.5832242e-03  -1.2991549e-02
