   0.0000000e+00   0.0000000e+00   0.0000000e+00   0.0000000e+00   0.0000000e+00  -3.4694470e-18
  -8.2648965e-03  -3.9385665e-02  -7.1713462e-03   5.2658744e-04  -1.4715240e-05   9.2348998e-05
  -2.7540853e-02   2.5139196e-02   2.2571873e-02  -7.3733343e-04   1.1940189e-04  -2.5820039e-04
  -2.5672216e-02   2.7011901e-03   1.1533803e-01  -1.5685239e-03   1.1834391e-04  -2.3923246e-04
  -3.6952567e-02   2.6199354e-02   1.0083666e-01  -1.9363813e-03   3.1262465e-04  -4.5441679e-04
  -4.0306145e-02   2.8744696e-02   1.8860135e-01  -2.2757002e-03   1.0877481e-04  -4.7767156e-04
  -3.2258842e-02  -2.5476437e-03   5.6951790e-02  -1.4823148e-03   1.4249586e-04  -6.6374151e-04
  -4.6290337e-02   6.7816239e-02   2.3543678e-01  -2.6168733e-03   3.8274991e-04  -8.0729267e-04
  -8.2649981e-02   4.4349297e-02   8.2672350e-02  -1.6708794e-03   1.7317036e-04  -9.4056444e-04
  -1.5447031e-01   2.1402579e-01   1.3014602e-01   5.6677173e-03  -1.7631633e-03  -1.3037895e-03
  -4.8779212e-01   4.8018319e-02   1.9834326e-02   2.4557243e-02  -3.3821150e-04  -2.2928469e-02
  -5.4638131e-01   7.5926648e-02  -1.5694555e-01   4.0646728e-02  -2.9424913e-04  -2.9197289e-02
  -5.2951209e-01   8.2292137e-02   8.8495169e-02   3.7338867e-02  -1.2604934e-03  -2.8074720e-02
  -4.4936054e-01   1.1537062e-02   1.2789694e-03   3.2267279e-02  -1.1093538e-03  -2.4770246e-02
  -4.3048538e-01   5.2942640e-02   7.5589994e-02   2.4644449e-02   5.0419336e-04  -2.1857559e-02
  -3.5509459e-01   2.1608616e-02  -1.3789322e-01   1.8208861e-02  -1.7698019e-04  -1.8282431e-02
  -3.8313472e-01  -1.8265379e-02  -4.2510915e-02   1.6697671e-02  -3.9908510e-04  -1.8990220e-02
  -4.1394036e-01   4.2201431e-02   1.0228060e-02   1.7462204e-02  -1.8203461e-03  -2.0307981e-02
  -3.8067759e-01  -4.6172118e-03  -8.0894499e-02   1.6700691e-02  -2.3081106e-03  -1.9756649e-02
  -3.9897334e-01   4.7594879e-02   5.3265561e-02   1.4753602e-02  -1.9338196e-03  -1.8613224e-02
  -3.4093693e-01   2.7971877e-04  -1.0543463e-02   1.3192853e-02  -3.4903779e-03  -1.7639020e-02
  -3.2389622e-01   6.4714880e-02   8.7959199e-02   1.1599518e-02  -2.8835586e-03  -1.6692582e-02
  -3.1883642e-01   1.6407585e-02   1.7264654e-01   1.0068126e-02  -2.4841809e-03  -1.6481520e-02
  -3.0224448e-01   3.2878874e-02   1.3505497e-01   1.1728613e-02  -3.0147394e-03  -1.6001869e-02
  -3.2354328e-01   1.5826914e-01   3.3059146e-01   1.4745998e-02  -1.0903551e-03  -1.6743696e-02
  -2.4829297e-01   1.1721691e-01   4.3417852e-01   1.3861544e-02  -1.5950512e-03  -1.6880613e-02
  -2.9006364e-01   1.0726241e-01   2.3341322e-01   1.3522949e-02  -7.7014434e-04  -1.5597304e-02
  -2.7723363e-01   1.2740155e-01   9.4928912e-02   1.3063791e-02  -2.7044096e-03  -1.1594403e-02
  -1.8939303e-01   4.0031622e-04  -3.5361566e-01   1.5604370e-02  -4.1964711e-03  -9.1456873e-03
  -1.8913209e-01   5.9486131e-02  -2.8455648e-01   4.4413290e-03  -4.1950038e-03  -6.5908753e-03
  -2.0907808e-01   8.9839605e-02  -9.9230638e-02   1.5221789e-03  -2.6791054e-03  -6.3209632e-03
  -2.0403713e-01   1.5679186e-02  -8.9464448e-02   8.5120018e-04  -3.7685033e-03  -5.6489897e-03
  -1.8082465e-01   5.0803975e-02  -2.1015326e-01   5.9600752e-04  -4.1956361e-03  -5.0071430e-03
  -1.9527598e-01   7.2135882e-02  -7.8390673e-02   6.4783387e-04  -3.9265002e-03  -4.6220712e-03
  -1.8128492e-01   7.5995397e-03  -1.4149756e-01   8.3142567e-04  -4.2704319e-03  -3.9027860e-03
  -1.6923063e-01   1.6989200e-02  -2.6026082e-01   1.5176980e-03  -4.3356488e-03  -3.7538335e-03
  -1.8838419e-01   4.4335035e-02  -1.2568502e-01   3.5468116e-04  -3.9679982e-03  -3.5457077e-03
  -1.6086166e-01  -5.6631409e-03  -3.1419285e-01   1.9004176e-03  -4.2318534e-03  -3.3065134e-03
  -1.9001066e-01   6.3108242e-02  -2.6961458e-01   6.7072842e-03  -3.1430311e-03  -3.6070544e-03
  -1.9924462e-01   7.7603514e-02  -2.6312265e-01   7.3904371e-03  -2.6212047e-03  -3.9554515e-03
  -1.7277449e-01   1.7820334e-02  -3.9110696e-01   6.2352485e-03  -2.8651297e-03  -3.8603499e-03
  -1.9916517e-01   4.6736191e-02  -3.4927070e-01   5.5109850e-03  -2.4396024e-03  -4.0673947e-03
  -2.0814586e-01   3.8214690e-02  -2.8501287e-01   5.2493309e-03  -2.3679113e-03  -3.8470330e-03
  -2.1219291e-01   3.0332057e-02  -4.2338627e-01   5.5144471e-03  -2.5558960e-03  -3.8528063e-03
  -2.0818681e-01   7.0948309e-02  -3.0612690e-01   4.9018690e-03  -2.6407743e-03  -3.9260108e-03
  -1.9179443e-01   3.7206079e-02  -3.6103449e-01   6.2083916e-03  -2.5596766e-03  -3.5273817e-03
  -1.7563394e-01   7.4286618e-02  -3.6392149e-01   5.5322406e-03  -2.7068217e-03  -3.3750965e-03
  -2.0529937e-01   7.2838042e-02  -2.7870181e-01   3.5549423e-03  -2.5338918e-03  -3.0283608e-03
  -2.0115653e-01   4.7753184e-02  -3.4136723e-01   3.9832774e-03  -2.3903127e-03  -3.0744820e-03
  -1.6309911e-01   8.5340148e-02  -3.3654861e-01   3.8975394e-03  -3.1829828e-03  -2.9091697e-03
  -1.3139114e-01   4.4305079e-02  -4.3383010e-01   2.2076277e-03  -3.6354161e-03  -2.5742412e-03
  -1.3699521e-01   6.5638765e-02  -4.2207057e-01   1.9124512e-03  -4.0016467e-03  -3.0149032e-03
  -1.4706850e-01   1.0497871e-01  -3.3595234e-01   1.4941116e-03  -3.7713209e-03  -2.6200720e-03
  -7.2245506e-02   1.0472560e-01  -4.8292093e-01   1.6462199e-03  -4.9788378e-03  -2.2861210e-03
  -9.7607125e-02   1.1495004e-01  -3.9167272e-01   6.2660360e-04  -5.0316616e-03  -2.3376360e-03
  -7.1423148e-02   1.0662437e-01  -5.1157070e-01   9.6358742e-04  -5.1364106e-03  -2.4551498e-03
  -1.1835272e-01   1.2176139e-01  -3.6381460e-01   5.0884541e-04  -4.9497671e-03  -2.1097578e-03
  -7.5565641e-02   7.4884338e-02  -3.9308322e-01   2.0226282e-03  -4.9533693e-03  -1.7975884e-03
  -9.5328891e-02   1.3119333e-01  -3.5185361e-01   1.5144198e-03  -4.6841259e-03  -2.6836335e-03
  -9.1781869e-02   1.0318318e-01  -3.3454817e-01   1.0878362e-03  -5.1410182e-03  -2.9039547e-03
  -8.5443948e-02   6.9926382e-02  -4.1317821e-01   1.3825737e-03  -5.5003510e-03  -2.7802244e-03
  -1.0463985e-01   9.0526848e-02  -3.0976057e-01   2.0666619e-03  -5.5620836e-03  -2.7599940e-03
  -1.0824621e-01   3.0779484e-02  -4.2587635e-01   2.3691232e-03  -5.3546720e-03  -2.6319361e-03
  -9.4908607e-02   8.4836611e-02  -3.5804356e-01   5.5807327e-03  -6.3561081e-03  -1.4755160e-03
  -1.8945299e-01   4.6094086e-02  -8.5874320e-02   1.7350945e-03  -4.7793669e-03  -2.0876018e-03
  -1.0841902e-01   8.6089058e-02  -3.4617596e-01  -4.0924174e-04  -6.4089479e-03  -3.1105022e-03
  -1.2418311e-01   9.1781803e-02  -1.9837872e-01  -1.6392135e-03  -6.4678175e-03  -3.4276133e-03
  -1.2198351e-01   3.6322177e-02  -1.6177734e-01  -1.5294434e-03  -6.7926948e-03  -3.4091775e-03
  -8.9663497e-02   9.1156535e-02  -1.3899328e-01   2.2402574e-04  -7.4330269e-03  -3.1186487e-03
  -1.0873904e-01   1.1274250e-01  -9.5327020e-02  -6.9630047e-04  -6.5354911e-03  -3.3390918e-03
  -8.5713083e-02   2.5079044e-02  -1.1884585e-01  -1.2739466e-03  -5.8952769e-03  -3.1170195e-03
  -5.7806749e-02   2.5619048e-01   3.3095956e-01   3.5700839e-03  -3.9071590e-03  -3.4518672e-03
  -1.3758631e-01   6.9810830e-01   2.4633931e+00   1.1361429e-02   8.5399390e-04  -5.6809003e-03
   2.6580271e-01   4.4396872e-01   2.2964473e+00   1.5625612e-02   5.4876000e-03  -1.0981339e-02
   2.1615905e-01   5.4956664e-01   2.6452659e+00   1.6186687e-02  -4.2619223e-03  -9.6390177e-03
   2.2837622e-01   5.0841417e-01   2.6501454e+00   1.4800758e-02  -6.4035870e-03  -1.0696737e-02
   3.9383065e-01   5.5447177e-01   1.7924197e+00   1.6792822e-02  -5.3548160e-03  -1.1387660e-02
   4.3934784e-01   5.6949350e-01   1.8084598e+00   2.2060137e-02  -3.7283486e-03  -1.0500189e-02
   5.3829641e-01   1.0134247e+00   1.6713506e+00   2.2724901e-02  -3.6114873e-03  -1.2441607e-02
   6.6875599e-01   4.8052771e-01   1.4503434e+00   2.4908840e-02   3.4469706e-03  -1.1242919e-02
   5.6042813e-01   5.2624834e-01   2.1076926e+00   1.9795824e-02   2.2088664e-02  -1.5068570e-02
   7.2288422e-02  -9.0454971e-02   2.2037483e+00   2.4508150e-02   2.0453876e-02  -1.1509289e-02
   4.4168980e-01  -5.1527123e-01   1.6686252e+00   3.2554769e-02   1.3931170e-02  -1.0159042e-02
   4.0396331e-01   4.9444660e-01   3.0244514e+00   1.0577739e-02   5.4187815e-03  -9.4855616e-03
   3.8677367e-01   4.4795644e-01   3.2769593e+00   2.4502203e-03   5.8543734e-04  -1.1164697e-02
   4.5435239e-01   3.5618689e-01   3.2021035e+00   1.0525822e-03   7.3197551e-05  -1.0976491e-02
   4.2527431e-01   3.9339653e-01   3.3496116e+00  -9.6466351e-03   5.3545359e-04  -1.0377122e-02
   4.1749520e-01   3.6184826e-01   3.4602817e+00  -1.4482724e-02   1.0603621e-03  -1.0354310e-02
   4.1448359e-01   3.7315291e-01   3.4673660e+00  -1.7215289e-02   5.1025830e-04  -9.8076255e-03
   4.1084681e-01   3.4491422e-01   3.4626530e+00  -1.8470345e-02   2.3482767e-04  -9.8483882e-03
   3.9933826e-01   3.4853772e-01   3.4382385e+00  -2.0284773e-02  -9.4314723e-05  -1.0087288e-02
   4.1064932e-01   4.8280290e-01   3.4343941e+00  -2.1724455e-02  -6.4753568e-06  -1.0032465e-02
   4.1872918e-01   3.3154741e-01   3.4914926e+00  -2.2071880e-02  -2.1299135e-04  -1.0246277e-02
   4.0481804e-01   3.2048170e-01   3.3745799e+00  -2.1640934e-02  -1.7463944e-04  -1.0277202e-02
   3.9984498e-01   5.4498142e-01   3.4178342e+00  -1.9245121e-02   3.8130775e-04  -1.1209948e-02
   3.8159293e-01   3.6997192e-01   3.4358012e+00  -1.9608831e-02  -1.1779144e-03  -1.0897068e-02
   3.5927196e-01   3.7141865e-01   3.4652354e+00  -1.9897451e-02  -2.9290989e-03  -1.0587689e-02
   3.7696114e-01   5.3645221e-01   3.5096829e+00  -2.0096932e-02  -2.6336497e-03  -1.1157639e-02
   3.5425526e-01   3.8107139e-01   3.5458949e+00  -2.1745718e-02  -3.4448727e-03  -1.1046590e-02
   3.8317104e-01   3.9050867e-01   3.4582676e+00  -2.2214620e-02  -4.4154348e-03  -1.0067304e-02
   3.9533905e-01   4.9012909e-01   3.4952299e+00  -2.3500945e-02  -5.7236296e-03  -9.4038741e-03
   3.7975048e-01   3.8773899e-01   3.5652160e+00  -2.4785071e-02  -6.2009141e-03  -9.4125698e-03
   4.2619774e-01   3.7941456e-01   3.4739119e+00  -2.6681788e-02  -8.4311508e-03  -8.1368131e-03
   3.9071171e-01   3.9922129e-01   3.4895323e+00  -3.0107425e-02  -1.1891597e-02  -7.4848231e-03
   3.7043531e-01   3.3478818e-01   3.4812766e+00  -3.0486466e-02  -1.2388125e-02  -7.0860617e-03
   3.5204524e-01   3.7453467e-01   3.5194953e+00  -3.1557189e-02  -1.0963314e-02  -8.0596852e-03
   3.5195862e-01   3.1179839e-01   3.5255945e+00  -3.1761184e-02  -1.0602726e-02  -8.2503213e-03
   3.5640991e-01   3.3890679e-01   3.4120874e+00  -3.1218912e-02  -1.0293247e-02  -8.3271652e-03
   3.3713957e-01   3.7932339e-01   3.5014010e+00  -3.2229025e-02  -1.0395655e-02  -8.4517933e-03
   3.4375073e-01   2.8177030e-01   3.4687221e+00  -3.0832952e-02  -1.0276341e-02  -8.3717149e-03
   3.5035505e-01   3.7062689e-01   3.5255941e+00  -3.1031293e-02  -9.8296732e-03  -9.2759914e-03
   3.3258828e-01   3.3491079e-01   3.5937778e+00  -3.1368048e-02  -1.0037473e-02  -9.3684589e-03
   3.3448185e-01   2.2691652e-01   3.5337134e+00  -3.0437322e-02  -9.7661778e-03  -9.0855166e-03
   3.5056117e-01   3.4683797e-01   3.4947194e+00  -2.9856913e-02  -9.6604521e-03  -9.2843507e-03
   3.5284769e-01   3.3972071e-01   3.6126679e+00  -2.9956222e-02  -9.8707455e-03  -9.1307629e-03
   3.6398559e-01   2.2668294e-01   3.5642655e+00  -2.8823474e-02  -1.0211675e-02  -8.6366715e-03
   3.5939360e-01   3.4089639e-01   3.5733035e+00  -2.9544673e-02  -1.0188221e-02  -8.5020022e-03
   3.4441940e-01   3.4111244e-01   3.6567975e+00  -3.1264732e-02  -1.0244831e-02  -8.3568363e-03
   3.5621548e-01   2.6591052e-01   3.5439501e+00  -3.2137086e-02  -1.2256056e-02  -7.3850746e-03
   3.3531862e-01   3.3573537e-01   3.5939087e+00  -3.2016142e-02  -1.2054083e-02  -8.0339926e-03
   3.7403186e-01   4.1401230e-01   3.7522450e+00  -2.9793876e-02  -1.0098865e-02  -8.8669497e-03
   3.6037017e-01   3.4426428e-01   3.6824967e+00  -2.8844574e-02  -9.0196410e-03  -8.8587984e-03
   2.5276183e-01   2.9488946e-01   3.5370225e+00  -2.9165089e-02  -9.5104521e-03  -8.2246044e-03
   3.0284946e-01   4.6879526e-01   3.3759487e+00  -1.8407442e-02  -1.1441342e-02  -6.4982993e-03
   2.8314935e-01   4.3587766e-01   3.3750872e+00   5.3992613e-04  -1.1234992e-02  -7.1407800e-03
   2.8951785e-01   6.9257699e-01   3.0321238e+00   1.5536086e-02  -1.1640759e-02  -9.8236922e-03
   2.8215687e-01   4.9176645e-01   3.1435718e+00   6.0228463e-03  -1.1723911e-02  -1.0825770e-02
   2.7927837e-01   5.5757153e-01   3.3423902e+00   1.5049057e-03  -1.2104349e-02  -1.0651092e-02
   2.8136415e-01   4.8185424e-01   3.3515464e+00  -3.0807986e-04  -1.2067601e-02  -1.0878787e-02
   2.7339734e-01   4.9161584e-01   3.3170541e+00  -4.1830276e-04  -1.2161721e-02  -1.1044831e-02
   2.5276888e-01   5.5555023e-01   3.4132703e+00  -1.7282907e-03  -1.1420045e-02  -1.1345547e-02
   2.7837855e-01   4.7180063e-01   3.3957472e+00  -2.6808574e-03  -1.1473914e-02  -1.1211681e-02
   2.7761779e-01   4.8114368e-01   3.3520662e+00  -3.6666991e-03  -1.1569572e-02  -1.1424409e-02
   2.6363383e-01   5.2327809e-01   3.4345348e+00  -4.8087676e-03  -1.1205629e-02  -1.1308593e-02
   2.9301588e-01   4.9569274e-01   3.4838274e+00  -4.1330827e-03  -9.7192038e-03  -1.1319033e-02
   2.5709751e-01   4.4778027e-01   3.4849035e+00  -3.9838649e-03  -1.0423369e-02  -1.1610253e-02
   2.2781732e-01   4.9252121e-01   3.6098175e+00  -5.6326587e-03  -1.0766112e-02  -1.1761540e-02
   2.0577599e-01   4.9893377e-01   3.5670325e+00  -6.3275272e-03  -1.0938328e-02  -1.1810786e-02
   2.0427062e-01   5.1213931e-01   3.4478872e+00  -6.1526699e-03  -1.0902746e-02  -1.1773532e-02
   1.8047509e-01   5.3866173e-01   3.4942039e+00  -5.9102589e-03  -1.0972291e-02  -1.1738214e-02
   1.7087919e-01   5.1076305e-01   3.5845551e+00  -6.9875858e-03  -1.0552940e-02  -1.1831053e-02
   1.8210386e-01   4.8622361e-01   3.5605906e+00  -6.9376374e-03  -9.8708219e-03  -1.1855531e-02
   1.8779386e-01   5.2203621e-01   3.5470387e+00  -7.4216372e-03  -9.8409536e-03  -1.1901981e-02
   1.7407451e-01   4.8482769e-01   3.6270274e+00  -7.8493881e-03  -1.0108907e-02  -1.1799190e-02
   2.0432699e-01   4.6787156e-01   3.5792057e+00  -1.0595503e-02  -1.1228242e-02  -1.0968946e-02
   1.8518625e-01   4.8884396e-01   3.6005276e+00  -1.1420239e-02  -1.0654603e-02  -1.1067045e-02
   2.0098665e-01   4.6487235e-01   3.6305450e+00  -1.3168049e-02  -1.0978080e-02  -1.0799977e-02
   2.0642846e-01   4.9265012e-01   3.5466310e+00  -1.2358267e-02  -1.0718040e-02  -1.1092478e-02
   2.0986087e-01   4.7600698e-01   3.6537500e+00  -1.4137210e-02  -1.1887656e-02  -1.0566349e-02
   2.4125119e-01   4.3464444e-01   3.5424018e+00  -2.2293137e-02  -1.5513444e-02  -8.7764075e-03
   2.2887790e-01   4.3929844e-01   3.6219022e+00  -2.6295822e-02  -1.6465220e-02  -8.0114564e-03
   2.1965068e-01   4.0173260e-01   3.6541629e+00  -2.7309552e-02  -1.8470748e-02  -7.4376248e-03
   2.3491682e-01   4.3380792e-01   3.6087250e+00  -2.8503907e-02  -1.8787547e-02  -7.0782340e-03
   1.6047100e-01   4.2719292e-01   3.7963462e+00  -3.0512739e-02  -1.9274638e-02  -6.9791040e-03
   2.0825401e-01   4.1439401e-01   3.5973532e+00  -3.0201680e-02  -1.9965826e-02  -6.4185572e-03
   1.7042698e-01   4.2073696e-01   3.7629453e+00  -3.0843499e-02  -2.0472094e-02  -6.4981116e-03
   1.8441672e-01   4.3606135e-01   3.5894671e+00  -3.0220593e-02  -2.0141490e-02  -6.6750890e-03
   1.3249342e-01   4.7384920e-01   3.7308368e+00  -3.2503455e-02  -2.0097995e-02  -6.7519206e-03
   2.1606356e-01   4.4485489e-01   3.5185365e+00  -3.1982876e-02  -2.1434227e-02  -6.4152143e-03
   2.1200213e-01   4.4402928e-01   3.4884014e+00  -3.2726834e-02  -2.0349937e-02  -6.7590949e-03
   1.6506600e-01   5.6176604e-01   3.6615114e+00  -3.6852083e-02  -1.9617679e-02  -6.7996577e-03
   1.6746791e-01   3.9518419e-01   3.5223823e+00  -3.4966625e-02  -1.9830703e-02  -6.6845938e-03
   1.2049497e-01   5.2830541e-01   3.6420371e+00  -3.6055218e-02  -1.9082490e-02  -7.7967193e-03
   1.2440571e-01   4.3011515e-01   3.6078197e+00  -3.4256684e-02  -1.6610572e-02  -7.4665245e-03
   1.1360163e-01   4.6292303e-01   3.6549036e+00  -3.5963464e-02  -1.5754878e-02  -7.6829176e-03
   1.1784832e-01   3.4538347e-01   3.7263189e+00  -3.6912157e-02  -1.5862406e-02  -7.6666075e-03
   1.1482213e-01   3.6409811e-01   3.6286344e+00  -3.6264282e-02  -1.5795970e-02  -7.9354100e-03
   9.9832414e-02   3.8241306e-01   3.7764324e+00  -3.7016408e-02  -1.5189390e-02  -7.8760720e-03
   1.1238479e-01   3.4329660e-01   3.7021414e+00  -3.6945008e-02  -1.4976197e-02  -7.9549107e-03
   1.0519489e-01   3.6322568e-01   3.7328191e+00  -3.8515644e-02  -1.4616769e-02  -7.9072953e-03
   1.0524633e-01   3.4295297e-01   3.8069820e+00  -3.9495678e-02  -1.4073349e-02  -8.1400609e-03
   1.5716418e-01   3.2331200e-01   3.7326676e+00  -4.0379466e-02  -1.3734027e-02  -6.9525429e-03
   1.3993010e-01   3.3136559e-01   3.7623755e+00  -4.1120391e-02  -1.3206529e-02  -7.3473100e-03
   1.2748425e-01   3.4214881e-01   3.8130291e+00  -4.1606959e-02  -1.2224305e-02  -7.4139241e-03
   1.4969605e-01   3.4916660e-01   3.7433612e+00  -4.0760426e-02  -1.2139107e-02  -7.2890492e-03
   1.3950205e-01   3.2937636e-01   3.7829323e+00  -4.0777558e-02  -1.2001057e-02  -7.2791907e-03
   1.3655450e-01   3.4557804e-01   3.8367899e+00  -4.1143827e-02  -1.1374872e-02  -6.9992867e-03
   2.1472439e-01   3.3428994e-01   3.7566755e+00  -4.0923197e-02  -1.3531814e-02  -6.7186750e-03
   1.6598404e-01   3.2603786e-01   3.8349996e+00  -4.1401886e-02  -1.4867600e-02  -6.3969374e-03
   1.9493364e-01   3.3815943e-01   3.7623050e+00  -4.1018422e-02  -1.4963359e-02  -6.4018847e-03
   1.6300176e-01   3.5763851e-01   3.8407088e+00  -4.1741450e-02  -1.4281565e-02  -6.8374308e-03
   1.5103498e-01   3.3105589e-01   3.7543097e+00  -4.1273504e-02  -1.3433083e-02  -6.8677387e-03
   1.4681026e-01   3.6857948e-01   3.7821036e+00  -4.1654931e-02  -1.3013309e-02  -6.8876994e-03
   1.5879351e-01   3.6003612e-01   3.7625512e+00  -4.1242348e-02  -1.3894147e-02  -6.7703176e-03
   2.0670692e-01   4.1273987e-01   3.6960313e+00  -3.9649192e-02  -1.4901863e-02  -6.5242595e-03
   1.4687998e-01   4.0862950e-01   3.8440071e+00  -4.0467233e-02  -1.5107929e-02  -6.8415464e-03
   1.3713069e-01   3.7598992e-01   3.7422495e+00  -3.9888357e-02  -1.4421750e-02  -6.8602995e-03
   1.4187905e-01   4.6661459e-01   3.8679203e+00  -4.1307180e-02  -1.4137492e-02  -7.0336076e-03
