   0.0000000e+00   0.0000000e+00   0.0000000e+00   0.0000000e+00   1.3877788e-17   0.0000000e+00
  -4.7993163e-02   3.8693741e-02   1.4359226e-01  -2.0536948e-03   4.2959126e-04  -1.3750255e-04
  -5.0788322e-02   1.2381609e-02   1.6722056e-01  -2.2048457e-03   6.5517663e-04  -5.2303097e-05
  -6.6248172e-02   2.0342273e-02   1.4565137e-01  -2.6044409e-03   1.4677078e-03  -6.1318549e-04
  -8.5243439e-02   3.5422965e-02   2.4956586e-01  -3.9617224e-03   1.9736078e-03  -7.4651534e-04
  -2.9728112e-02   7.0091313e-02   3.2159939e-01  -4.3515068e-03   1.8916574e-03  -2.0050868e-03
  -6.5079589e-02  -7.3546333e-02   8.6011353e-01  -3.8053904e-02   7.6322996e-03  -7.6793492e-03
  -5.3537321e-02  -1.5922402e-01   9.9409906e-01  -4.4908629e-02   7.5771241e-03  -7.8153501e-03
  -8.1413203e-02  -3.8331802e-02   8.8784104e-01  -4.2898327e-02   7.1233998e-03  -7.2825689e-03
  -6.8653658e-02  -9.0919069e-02   8.0179757e-01  -4.0852478e-02   7.3816375e-03  -6.7657036e-03
  -5.6162896e-02  -2.4699819e-02   6.9359108e-01  -3.9151971e-02   7.0921319e-03  -6.4641742e-03
  -7.0830680e-03  -2.2883326e-02   6.8800682e-01  -3.9029608e-02   5.9994892e-03  -5.9956147e-03
  -2.9335498e-02  -3.1851947e-02   7.5914764e-01  -4.0233500e-02   6.2189071e-03  -6.5009457e-03
  -3.5978350e-02   3.3961211e-02   7.7169439e-01  -4.1851296e-02   5.9683956e-03  -6.5404711e-03
   9.7916619e-02   8.7941886e-02   9.7514114e-01  -2.7349201e-02   3.0894810e-03  -6.2320493e-03
   3.4983781e-01   8.3421241e-01   1.0622187e+00   4.6224040e-02   1.1072451e-02  -1.2733572e-02
   3.5427088e-01   2.7246547e-02   3.3952393e-01   3.2204690e-02   7.6981590e-03  -1.2262008e-02
   3.5074447e-01   2.6558148e-01   1.3670715e-01   3.6208126e-02   1.6738407e-02  -1.6788539e-02
   6.5037699e-01  -7.9393427e-01  -6.4010400e-01  -1.7302125e-03   2.1132518e-02  -1.2958599e-02
   6.8519775e-01  -1.9824341e+00  -1.6957947e+00   3.3670712e-02   1.9869517e-02  -1.1746124e-02
   8.8551923e-01  -1.0274236e+00  -2.2698797e+00   5.4730329e-02   1.8502873e-02  -1.0392526e-02
   5.7090007e-01  -3.9337235e-01  -2.5426552e+00   2.6409835e-02   1.3158748e-02  -1.0297911e-02
   5.7855988e-01   1.6999472e-02  -2.5202215e+00   2.6640382e-02   1.2877687e-02  -1.4485372e-02
   6.3782659e-01   9.8081837e-02  -2.0827372e+00   2.3900788e-02   1.2371445e-02  -1.6292176e-02
   6.0299654e-01   1.4140391e-01  -1.8643508e+00   2.8446626e-02   1.0667193e-02  -1.6060454e-02
   5.8085654e-01   8.2876522e-02  -1.7095931e+00   2.9111563e-02   9.5298577e-03  -1.5835395e-02
   5.4186330e-01   4.3429971e-02  -1.6266336e+00   2.8410908e-02   8.5516407e-03  -1.6392531e-02
   5.3551003e-01   9.6902357e-02  -1.5832208e+00   2.5662830e-02   7.5784613e-03  -1.6315367e-02
   6.0203002e-01  -1.5629318e-02  -1.6905550e+00   2.5806751e-02   9.0608095e-03  -1.6490860e-02
   5.6427662e-01   7.6077993e-02  -1.5773172e+00   2.4682837e-02   9.4790565e-03  -1.7256097e-02
   5.4809026e-01   9.1178952e-02  -1.5583943e+00   2.5874902e-02   9.6251579e-03  -1.7706099e-02
   5.4097135e-01   5.1129757e-02  -1.5009088e+00   2.6283095e-02   1.0036745e-02  -1.7336674e-02
   5.4025957e-01   7.2499097e-02  -1.5149127e+00   2.6983636e-02   1.0315662e-02  -1.7248331e-02
   5.4574755e-01   8.8356888e-02  -1.4765056e+00   2.5446775e-02   1.0514860e-02  -1.7666623e-02
   5.4799376e-01   7.4838883e-02  -1.4892395e+00   2.5659939e-02   1.0385619e-02  -1.7607627e-02
   5.4967824e-01   8.3222814e-02  -1.4745716e+00   2.6088229e-02   1.0634888e-02  -1.7766194e-02
   5.6053312e-01   1.2096105e-01  -1.4962453e+00   2.5226783e-02   1.0435898e-02  -1.7188012e-02
   5.2719983e-01   1.5231536e-01  -1.4076541e+00   2.7524225e-02   9.7285838e-03  -1.5765172e-02
   5.4266623e-01   1.2328958e-01  -1.4349784e+00   2.6600479e-02   9.4293797e-03  -1.6223783e-02
   5.4075581e-01   1.2689639e-01  -1.4369929e+00   2.6429795e-02   9.5601722e-03  -1.6350535e-02
   5.4906808e-01   1.3113038e-01  -1.4489221e+00   2.6088558e-02   9.6279213e-03  -1.6334898e-02
   5.5659495e-01   1.2910993e-01  -1.4483674e+00   2.4920768e-02   9.2209212e-03  -1.6224201e-02
   5.5673786e-01   1.1155367e-01  -1.4158176e+00   2.5585484e-02   9.1852346e-03  -1.6249143e-02
   5.5252522e-01   1.6158966e-01  -1.3700687e+00   2.4105162e-02   9.1239718e-03  -1.6445062e-02
   5.4895061e-01   1.1301481e-01  -1.2920566e+00   2.2380697e-02   8.3712291e-03  -1.6638885e-02
   5.5289411e-01   1.4193807e-01  -1.2825871e+00   2.0892139e-02   8.1799954e-03  -1.6615663e-02
   5.5206865e-01   1.9556049e-01  -1.2473560e+00   2.0446016e-02   8.3164402e-03  -1.6571451e-02
   5.4803123e-01   1.5365803e-01  -1.2472155e+00   1.9866139e-02   8.1452202e-03  -1.6703968e-02
   5.3120691e-01   1.6586244e-01  -1.3320868e+00   1.9607552e-02   7.8307446e-03  -1.7361988e-02
   4.8750898e-01   2.7554398e-01  -1.1411296e+00   1.7747131e-02   7.3801698e-03  -1.8098911e-02
   4.5678625e-01   2.0867528e-01  -9.4161075e-01   1.5594263e-02   6.1708852e-03  -1.7940256e-02
   5.9240065e-01   6.9845480e-02  -1.7723583e+00   1.8540199e-02   7.1673674e-03  -1.7074417e-02
   4.7682399e-01   1.4721441e-01  -1.6007181e+00   1.8753114e-02   5.5165397e-03  -1.7851918e-02
   4.9231987e-01   1.9871644e-01  -1.5280792e+00   1.5638362e-02   4.6223654e-03  -1.7827561e-02
   4.7949015e-01   2.2019953e-01  -1.3890525e+00   1.5040466e-02   4.4757564e-03  -1.7855849e-02
   4.5968431e-01   1.9083807e-01  -1.3843381e+00   1.5641037e-02   4.6167685e-03  -1.8063938e-02
   4.6277750e-01   1.9012944e-01  -1.3958641e+00   1.5378981e-02   4.5321433e-03  -1.8102485e-02
   4.6751414e-01   1.8452189e-01  -1.4123247e+00   1.5134038e-02   4.7712492e-03  -1.8289851e-02
   4.7017052e-01   1.7498459e-01  -1.3907238e+00   1.3846630e-02   4.9152253e-03  -1.8418501e-02
   4.7456320e-01   1.9181654e-01  -1.3438816e+00   1.1722576e-02   5.2862606e-03  -1.8652039e-02
   4.7978778e-01   1.7783083e-01  -1.3491713e+00   1.2373549e-02   5.5207644e-03  -1.8777036e-02
   4.7796179e-01   1.6081457e-01  -1.3699265e+00   1.2249403e-02   5.6992656e-03  -1.8628290e-02
   4.8886895e-01   1.9509495e-01  -1.3169767e+00   1.2018077e-02   5.2634496e-03  -1.8581752e-02
   4.7352660e-01   1.9284731e-01  -1.2780887e+00   1.0550187e-02   5.0430049e-03  -1.8456207e-02
   4.8328468e-01   1.8204316e-01  -1.3140061e+00   1.0711747e-02   4.8639132e-03  -1.8155892e-02
   4.7313272e-01   2.1979109e-01  -1.3038581e+00   9.0030652e-03   5.2870378e-03  -1.8874431e-02
   5.0494303e-01   2.6015337e-01  -1.0985584e+00   1.0784869e-02   5.2225502e-03  -1.9747542e-02
   3.9443838e-01   1.4766477e-01  -6.8516134e-01   5.3217453e-03   4.5302318e-03  -1.9991896e-02
   2.8442037e-01   1.8781925e-01  -5.8229830e-01   7.4845252e-03   7.6727657e-03  -2.0011922e-02
   2.5260674e-01   2.4554467e-01  -8.5907610e-01   4.6065582e-03   7.7826742e-03  -1.9744556e-02
   2.3945306e-01   3.3322269e-01  -8.6355998e-01   4.7783614e-03   7.6313329e-03  -1.9851252e-02
   2.5021691e-01   2.7113046e-01  -8.1047650e-01   5.2728712e-03   7.6880306e-03  -1.9364352e-02
   2.8126872e-01   2.5611577e-01  -9.2225790e-01   6.1915422e-03   7.9274657e-03  -1.9389206e-02
   2.8247048e-01   3.1304540e-01  -7.8503347e-01   2.4732948e-03   7.8290215e-03  -1.9712151e-02
   2.8000216e-01   2.2257261e-01  -8.6462306e-01   3.2776450e-03   7.6646755e-03  -1.9627727e-02
   2.9344533e-01   2.2768892e-01  -9.4322822e-01   5.0858671e-03   7.7142757e-03  -1.9748533e-02
   2.9098870e-01   2.5578392e-01  -8.6984934e-01   3.5662238e-03   7.9522876e-03  -1.9726275e-02
   3.1141775e-01   2.1691498e-01  -8.8269105e-01   2.7833401e-03   7.6309925e-03  -1.9694284e-02
   3.1155527e-01   2.2862064e-01  -9.5405591e-01   3.2420272e-03   7.5630157e-03  -1.9894320e-02
   2.9729411e-01   2.6830419e-01  -9.3462169e-01   5.4389601e-03   7.9580985e-03  -1.9938329e-02
   2.9105605e-01   2.6401853e-01  -9.0694431e-01   5.4807138e-03   7.7118572e-03  -1.9990648e-02
   3.0327162e-01   2.5012098e-01  -9.6910222e-01   5.4687735e-03   7.8108919e-03  -1.9989766e-02
   3.2263396e-01   2.6792467e-01  -9.5570352e-01   4.7105048e-03   7.3296559e-03  -1.9776130e-02
   3.2476133e-01   2.4501662e-01  -8.9428210e-01   3.2808576e-03   6.9454885e-03  -1.9323961e-02
   3.3426689e-01   2.4629752e-01  -8.9243436e-01  -5.9760545e-04   5.4075516e-03  -1.9133564e-02
   3.1580630e-01   2.3026155e-01  -8.8395574e-01  -1.9221656e-03   5.0428771e-03  -1.9229318e-02
   3.0429869e-01   2.9074940e-01  -8.5918675e-01  -1.3935367e-03   5.5871730e-03  -1.9388343e-02
   2.9817964e-01   2.1981122e-01  -9.2166351e-01  -1.0308425e-03   5.2261589e-03  -1.8798093e-02
   2.8919977e-01   2.9739449e-01  -9.3448635e-01   2.6859253e-04   4.7058531e-03  -1.8456345e-02
   2.5470499e-01   2.9639554e-01  -8.5763980e-01   4.6676994e-04   5.2699367e-03  -1.8792383e-02
   2.9243373e-01   2.6265450e-01  -9.6406524e-01   5.6093928e-04   4.3853342e-03  -1.8243112e-02
   2.8410994e-01   2.7023592e-01  -9.2315898e-01  -4.4847667e-04   3.9786570e-03  -1.7915805e-02
   2.6646182e-01   2.7384142e-01  -8.5569050e-01   1.7898213e-03   3.8534288e-03  -1.8228765e-02
   2.8136433e-01   2.5674521e-01  -9.5790177e-01   1.1379774e-03   3.7265548e-03  -1.8160691e-02
   2.5589666e-01   2.9405317e-01  -8.8149116e-01  -8.5088827e-04   4.0936667e-03  -1.8283572e-02
   2.8519608e-01   2.2280123e-01  -8.8831446e-01   1.1163149e-03   3.7511294e-03  -1.7969540e-02
   3.0031585e-01   2.5556596e-01  -9.0336445e-01   1.4915552e-03   3.5699111e-03  -1.7921281e-02
   3.1153936e-01   1.3653878e-01  -1.6137095e+00   1.8117082e-03   4.4145513e-03  -1.7355511e-02
   3.2334970e-01   2.2260904e-01  -1.3792728e+00   5.7856385e-04   2.8494250e-03  -1.7770915e-02
   2.9005905e-01   2.6790740e-01  -1.2222272e+00  -1.6710845e-03   2.3825618e-03  -1.7760005e-02
   3.1300701e-01   2.4538221e-01  -1.1918928e+00  -5.9400846e-03   8.4725673e-04  -1.7664685e-02
   2.8972875e-01   2.8490862e-01  -1.1811951e+00  -4.9049318e-03   1.5900683e-03  -1.8068160e-02
   2.8801523e-01   2.7365527e-01  -1.1879646e+00  -4.1573495e-03   2.0762573e-03  -1.7931726e-02
   3.0708882e-01   3.0446930e-01  -1.1681132e+00  -9.6769984e-03   2.4086450e-04  -1.7421542e-02
   2.8995170e-01   2.5894398e-01  -1.0831916e+00  -1.4426427e-02  -1.3626306e-03  -1.6277475e-02
   3.0923400e-01   2.6510596e-01  -1.0623785e+00  -1.6322304e-02  -1.9448002e-03  -1.6322936e-02
   2.7121552e-01   3.9478528e-01  -9.5240725e-01  -1.2798077e-02   9.0657422e-05  -1.7614206e-02
   2.7156236e-01   2.5143665e-01  -1.1378007e+00  -1.1250566e-02   8.4868637e-04  -1.7228114e-02
   2.3655386e-01   3.2990612e-01  -1.0078595e+00  -1.3108622e-02   1.0098927e-03  -1.7311355e-02
   2.4230523e-01   3.5204069e-01  -1.0263833e+00  -1.0808288e-02   1.0863959e-03  -1.7502146e-02
   2.3850829e-01   3.0650578e-01  -1.1333114e+00  -9.6136935e-03   1.4687501e-03  -1.7304460e-02
   2.1809982e-01   3.8106383e-01  -1.0142600e+00  -9.0369546e-03   2.0237915e-03  -1.8411118e-02
   2.3045071e-01   3.0662161e-01  -1.1300773e+00  -7.5212745e-03   1.8525286e-03  -1.7935544e-02
   2.2754316e-01   3.2334848e-01  -1.1300908e+00  -1.0109983e-02   2.0844311e-03  -1.8007822e-02
   2.2462028e-01   3.2670126e-01  -1.0533146e+00  -9.1824847e-03   2.0340611e-03  -1.8019027e-02
   2.3825114e-01   2.8054148e-01  -1.1769759e+00  -7.7221093e-03   2.0231212e-03  -1.7834710e-02
   2.2655509e-01   3.1596118e-01  -1.0729403e+00  -8.1636371e-03   1.9569701e-03  -1.7680153e-02
   2.3445580e-01   2.8107713e-01  -1.0160998e+00  -1.0783433e-02   1.0787462e-03  -1.7585702e-02
   2.8883574e-01   2.5794771e-01  -1.0537676e+00  -1.5625083e-02  -1.0912818e-03  -1.7148052e-02
   2.2864675e-01   2.6364539e-01  -9.1178090e-01  -1.9802728e-02  -1.7659898e-03  -1.6700923e-02
   2.7982711e-01   2.4190350e-01  -9.9221869e-01  -1.9704615e-02  -2.1106692e-03  -1.6503526e-02
   2.4724456e-01   2.8925939e-01  -9.4493808e-01  -1.7358378e-02  -5.4871665e-04  -1.6999056e-02
   2.5827483e-01   2.3609259e-01  -1.0432941e+00  -1.7437014e-02  -3.4529116e-04  -1.6838468e-02
   2.5147409e-01   2.8845617e-01  -1.0218381e+00  -1.6833734e-02  -5.7929527e-04  -1.6826564e-02
   2.8399353e-01   2.7603485e-01  -1.0312719e+00  -1.6512607e-02  -9.8691718e-04  -1.7004296e-02
   2.5389588e-01   3.5852285e-01  -9.9649748e-01  -1.7554959e-02  -5.5507286e-04  -1.7075248e-02
   2.6160070e-01   2.8416409e-01  -1.0077740e+00  -1.5792755e-02  -7.0679916e-04  -1.6695158e-02
   2.6448949e-01   3.2754204e-01  -1.0241227e+00  -1.8470418e-02  -1.5077439e-03  -1.6630328e-02
   2.5841110e-01   3.1566396e-01  -9.0138477e-01  -2.0924584e-02  -2.2199951e-03  -1.6469908e-02
   3.1291117e-01   3.1653618e-01  -1.0258781e+00  -1.9951778e-02  -2.3916348e-03  -1.6712788e-02
   2.7437829e-01   3.2971144e-01  -9.8297745e-01  -2.0791394e-02  -2.9870044e-03  -1.6437334e-02
   2.8209528e-01   3.2753733e-01  -1.0281273e+00  -2.2365656e-02  -3.4237212e-03  -1.6644375e-02
   2.4623147e-01   3.1459668e-01  -9.0471609e-01  -2.2518208e-02  -3.3258442e-03  -1.6691715e-02
   2.6913301e-01   3.2110563e-01  -1.0203067e+00  -2.2009280e-02  -3.2684804e-03  -1.6627231e-02
   2.3034052e-01   3.4846875e-01  -9.2107387e-01  -2.5296631e-02  -3.6420187e-03  -1.6922203e-02
   2.3636425e-01   2.9839580e-01  -9.9027207e-01  -2.4150949e-02  -3.6796377e-03  -1.7366058e-02
   2.4231300e-01   3.8650768e-01  -9.8375985e-01  -2.5876692e-02  -4.2420208e-03  -1.6574094e-02
   1.9548901e-01   3.3161368e-01  -8.6953241e-01  -2.5898789e-02  -3.9443033e-03  -1.6147325e-02
   2.3956146e-01   3.9591722e-01  -1.0602373e+00  -2.7547877e-02  -4.6159227e-03  -1.6843288e-02
   2.4053149e-01   3.5506118e-01  -9.2708811e-01  -2.6084006e-02  -4.9577548e-03  -1.6514686e-02
   2.2208456e-01   3.9571775e-01  -9.5826250e-01  -2.8276091e-02  -4.2451453e-03  -1.7233474e-02
   2.9195374e-01   3.2963117e-01  -1.0255714e+00  -2.6108525e-02  -5.0505252e-03  -1.6726841e-02
   2.6263270e-01   3.8535846e-01  -7.8815376e-01  -2.8572910e-02  -6.2743023e-03  -1.7183873e-02
   2.5325679e-01   3.5346667e-01  -1.0094691e+00  -2.7284647e-02  -5.6680239e-03  -1.6268827e-02
   1.3438279e-01   4.0725196e-01  -7.9852358e-01  -3.0287201e-02  -4.7399651e-03  -1.6365913e-02
   2.2290986e-01   3.3779789e-01  -1.0251149e+00  -2.6750498e-02  -5.5975404e-03  -1.6024146e-02
   8.7516800e-02   4.1259556e-01  -6.9339382e-01  -3.0992722e-02  -3.9559514e-03  -1.5700628e-02
   2.5507249e-01   3.3417897e-01  -1.0206552e+00  -2.7412007e-02  -5.8403150e-03  -1.5249042e-02
   2.5014530e-01   3.7811947e-01  -6.5769667e-01  -2.9597034e-02  -6.7667296e-03  -1.4667005e-02
   2.1994286e-01   3.5397493e-01  -9.1887491e-01  -2.9667178e-02  -5.2516485e-03  -1.5718786e-02
   1.7036307e-01   4.1877819e-01  -7.9428354e-01  -2.9853254e-02  -4.8389195e-03  -1.5683684e-02
   2.1740981e-01   3.0202153e-01  -9.7894159e-01  -2.8038394e-02  -4.8596730e-03  -1.5631107e-02
   1.7602287e-01   4.2511237e-01  -8.9531479e-01  -2.9660556e-02  -4.4491546e-03  -1.5779131e-02
   2.0688458e-01   3.1725272e-01  -9.4634993e-01  -2.5714549e-02  -4.9019391e-03  -1.5455575e-02
   2.0381083e-01   3.2346575e-01  -9.9710449e-01  -2.6206885e-02  -4.9242753e-03  -1.5437760e-02
   1.8027309e-01   3.3516828e-01  -8.5820365e-01  -2.4858769e-02  -4.2994518e-03  -1.5718647e-02
   1.9173018e-01   2.7301184e-01  -9.2788943e-01  -2.3633380e-02  -4.0444744e-03  -1.5653016e-02
   1.7894115e-01   3.0217142e-01  -9.1360454e-01  -2.4430149e-02  -3.8413964e-03  -1.5628041e-02
   1.7480117e-01   2.6579294e-01  -8.5032069e-01  -2.5653400e-02  -4.2652538e-03  -1.5628198e-02
   1.6864342e-01   2.5999727e-01  -9.3236534e-01  -2.3891497e-02  -3.9740483e-03  -1.5469045e-02
   1.5067069e-01   2.7605200e-01  -8.5574974e-01  -2.4863470e-02  -3.7623271e-03  -1.5481919e-02
   1.6531060e-01   2.7344665e-01  -8.4087468e-01  -2.5546776e-02  -3.9977563e-03  -1.5536455e-02
   1.6119621e-01   2.7126533e-01  -9.0250753e-01  -2.4952414e-02  -3.9003482e-03  -1.5463209e-02
   1.3545499e-01   2.9771558e-01  -8.1894254e-01  -2.5867118e-02  -3.5323478e-03  -1.5489848e-02
   1.4880775e-01   2.6027235e-01  -8.6010130e-01  -2.7462231e-02  -3.8500039e-03  -1.5579049e-02
   1.6873124e-01   2.9594959e-01  -8.3114083e-01  -2.9140827e-02  -4.9927972e-03  -1.5501344e-02
   1.6621606e-01   3.2207371e-01  -7.7537178e-01  -2.7800049e-02  -4.9785007e-03  -1.5368040e-02
   2.1211213e-01   2.8442060e-01  -9.6304881e-01  -2.8565832e-02  -5.2901183e-03  -1.5350650e-02
   1.5090462e-01   3.2517133e-01  -7.7725265e-01  -2.9337395e-02  -4.6751278e-03  -1.5555144e-02
   1.7232977e-01   2.9445324e-01  -8.9367708e-01  -2.8891062e-02  -4.9756962e-03  -1.5324406e-02
   1.3671345e-01   3.0398573e-01  -7.8685633e-01  -2.9850191e-02  -4.9834147e-03  -1.5469203e-02
   1.9503814e-01   2.9411189e-01  -8.9240673e-01  -2.8400659e-02  -5.1525328e-03  -1.5026883e-02
   1.2555397e-01   3.7805807e-01  -7.8576053e-01  -3.0492190e-02  -4.8563083e-03  -1.5201304e-02
   1.5332925e-01   3.0837358e-01  -8.3636695e-01  -2.8927800e-02  -4.8808143e-03  -1.5053894e-02
   1.8375397e-01   3.5667097e-01  -8.7947864e-01  -3.0194653e-02  -5.2236575e-03  -1.5368239e-02
   1.6851825e-01   3.4611187e-01  -8.0083314e-01  -2.9421907e-02  -5.3272365e-03  -1.5937050e-02
   1.9035491e-01   3.6097855e-01  -8.9708598e-01  -2.9523559e-02  -5.4912937e-03  -1.5982504e-02
   1.5911676e-01   3.3783931e-01  -7.4730552e-01  -3.0154161e-02  -5.4811100e-03  -1.6073766e-02
   1.7008300e-01   3.8533811e-01  -9.1277686e-01  -3.0570259e-02  -5.9018966e-03  -1.5671304e-02
   1.4482705e-01   3.5123042e-01  -7.3372144e-01  -3.0066658e-02  -6.1325722e-03  -1.5485221e-02
   2.1551550e-01   3.6695658e-01  -9.7641771e-01  -2.9757290e-02  -6.2480671e-03  -1.5117289e-02
   1.7540156e-01   3.9003834e-01  -8.4814525e-01  -2.9876413e-02  -6.1772028e-03  -1.5390210e-02
   1.5005228e-01   4.0205922e-01  -9.2662020e-01  -2.9150803e-02  -5.5725760e-03  -1.5515823e-02
   1.3512662e-01   3.8615660e-01  -8.5528670e-01  -2.8080009e-02  -5.4750213e-03  -1.5254739e-02
   1.3297279e-01   3.3593440e-01  -9.7023712e-01  -2.7074281e-02  -4.9936122e-03  -1.5213236e-02
   1.1530954e-01   3.8206073e-01  -8.7846770e-01  -2.6944755e-02  -5.0978813e-03  -1.5414589e-02
   1.2803226e-01   3.0752665e-01  -9.2278196e-01  -2.5378649e-02  -5.0682955e-03  -1.5246602e-02
   1.3091846e-01   3.4589936e-01  -9.0924821e-01  -2.6567180e-02  -4.3487090e-03  -1.5033392e-02
