   0.0000000e+00   0.0000000e+00  -1.4210855e-14   2.7755576e-17   4.8148249e-35   1.7347235e-18
  -1.0744880e-02   3.2268929e-02   7.9724360e-02  -1.0314611e-03  -5.2473965e-04  -2.9832394e-04
  -1.7212506e-02  -1.3985868e-03   2.0471974e-02   6.6300728e-04   6.8090928e-06  -9.0062688e-06
  -5.1833197e-02   1.5471119e-01   5.8480802e-02   2.8559193e-03   9.1390247e-05   9.4601103e-05
  -5.3279061e-02   1.0313016e-01   5.8844439e-02   1.9638308e-03   8.6995216e-05  -3.1657050e-04
  -4.9537362e-02   6.2352499e-02   4.4678157e-02   2.2106999e-03   2.5153071e-04  -3.2409507e-04
  -3.8631769e-02   7.7517992e-02   3.5476543e-02   2.3001475e-03  -1.7635841e-04  -3.7274510e-04
  -3.1600755e-02   6.8291625e-02   6.6226687e-02   2.0955008e-03  -4.6340973e-05  -5.8415473e-04
  -4.4136028e-02   5.3486855e-02   8.0506192e-02   2.3758480e-03   4.7299531e-04  -4.0560751e-04
  -5.3016621e-02   8.6125648e-02   8.5492997e-02   1.1028887e-03   6.5319811e-04  -5.9900175e-04
  -5.5422364e-02   7.2085298e-02   1.2601756e-01  -5.1146241e-04   4.1006897e-04  -5.9773920e-04
  -5.3726314e-02   7.7175026e-02   1.3255332e-01  -6.9163566e-04   8.3333465e-05  -9.6576883e-04
  -4.1492932e-02   7.0628835e-02   9.4023243e-02  -8.8947281e-04   6.5780594e-04  -9.5890925e-04
  -5.6407945e-02   7.8447418e-02  -5.4938203e-02  -9.1000067e-04   1.7641516e-03  -6.7430514e-04
  -1.0561027e-03   2.5889299e-02  -5.8376736e-01   1.1460959e-03   1.2564343e-03  -4.6404512e-04
  -1.4179288e-02   3.5552322e-02  -4.2237594e-01   1.4899540e-03   7.8608434e-04  -1.1041557e-03
  -1.0315630e-02   6.8843139e-03  -7.6095407e-01   3.1964511e-03   1.3412564e-03  -7.1608071e-04
   8.7204800e-03   1.0804888e-02  -1.0201639e+00   3.5529663e-03   1.2304482e-03  -9.0904227e-04
   1.0461080e-02  -1.1447554e-02  -9.6927468e-01   4.1740283e-03   1.0150457e-03  -8.7435819e-04
   8.8855532e-03   6.3002350e-03  -9.7878720e-01   4.9970139e-03   1.4966207e-03  -5.9001142e-04
   1.0169361e-02  -1.0654654e-02  -9.6635505e-01   4.6799408e-03   1.4499165e-03  -2.4847929e-04
  -9.3287922e-03  -1.5476168e-03  -9.1495402e-01   2.8391348e-03   1.7459338e-03  -2.6400064e-04
   2.1328236e-04   5.9698543e-02  -8.8712493e-01   1.9991320e-03   1.6784747e-03  -6.7703835e-04
   2.3452512e-02   6.1345217e-02  -1.0538237e+00   2.6230442e-03   1.4432355e-03  -1.6121345e-03
  -8.0983997e-03   8.0359300e-02  -1.2255778e+00   2.9809426e-03   1.1553456e-03  -1.3404402e-03
  -7.8293726e-05   7.3933468e-03  -1.1115507e+00   8.7009426e-04   3.2627475e-04  -7.0720933e-04
  -9.7954805e-03   4.7448138e-03  -1.1533032e+00  -2.0075607e-03   3.9514833e-04  -1.9444640e-04
  -1.3670788e-02   4.2605522e-02  -1.1157672e+00  -2.8736194e-03   4.2980403e-04  -4.3907416e-04
  -2.2688958e-02   2.2064381e-02  -1.0376500e+00  -2.5264016e-03   8.6682696e-04  -6.6531841e-04
  -2.0466129e-02   1.4648154e-02  -1.0376632e+00  -2.8793574e-03   1.0553099e-03  -2.1052049e-04
  -2.3587166e-02  -6.4898553e-03  -1.0766116e+00  -3.0639473e-03   1.2941995e-03  -2.4397024e-04
  -1.7507108e-02  -2.6533619e-03  -1.1054430e+00  -3.0377242e-03   1.2187677e-03  -1.6214386e-04
  -1.8430373e-02  -6.0636230e-03  -1.0760594e+00  -3.2492601e-03   1.2579921e-03  -2.8614163e-04
  -2.4063665e-02  -1.5505296e-03  -1.0571696e+00  -2.8382320e-03   1.4550888e-03  -3.9577489e-04
  -2.3551910e-02  -3.4069653e-03  -1.0352436e+00  -3.6501036e-03   1.5033899e-03  -5.9891031e-04
  -2.0176525e-02   1.9476815e-03  -1.0579896e+00  -3.5357218e-03   1.7123518e-03  -5.7119662e-04
  -1.6126863e-02  -2.8866739e-03  -1.0739566e+00  -3.7087087e-03   1.7725148e-03  -3.5379625e-04
  -1.3939516e-02  -1.0472139e-02  -1.0804952e+00  -3.8798902e-03   1.7468288e-03  -3.3414145e-04
  -2.4291024e-02  -9.2054589e-03  -1.0399810e+00  -4.0997366e-03   1.7018931e-03  -3.2195560e-04
  -2.1208728e-02   2.5859886e-02  -1.0395403e+00  -5.1572511e-03   1.6836424e-03  -3.6474008e-04
  -1.4409615e-02  -4.0736516e-02  -1.0491426e+00  -5.3828628e-03   1.5485577e-03  -2.5025214e-04
  -3.1230938e-03  -1.1712953e-02  -1.0445011e+00  -5.6548104e-03   1.1579251e-03  -7.0607608e-05
  -1.4998881e-02   1.7860218e-02  -9.8138494e-01  -7.3142454e-03   1.2479506e-03  -5.5082770e-05
  -1.8209320e-02  -1.2494763e-02  -9.7695872e-01  -8.8237660e-03   1.3116544e-03  -4.9418592e-05
  -1.2434615e-02  -8.0525613e-04  -9.9861111e-01  -9.2143659e-03   1.0182062e-03   2.7250864e-04
  -1.2429338e-02   2.6098835e-02  -9.4291008e-01  -9.9791571e-03   7.1694159e-04   6.5907102e-04
  -1.1856966e-02   2.7400437e-02  -9.2113563e-01  -1.0899721e-02   8.2162117e-04   7.0899472e-04
  -1.1064121e-02   1.3492197e-02  -9.4478741e-01  -1.2317708e-02   9.2141371e-04   7.6393603e-04
  -1.4729114e-02   5.3367352e-02  -1.0036654e+00  -1.3361644e-02   6.4576151e-04   6.4357014e-04
  -4.8953187e-02   1.6404821e-01  -8.6389109e-01  -1.3289479e-02   2.1668267e-04   1.2040302e-03
  -5.3739472e-02   6.9467501e-02  -9.6481720e-01  -9.7285591e-03   4.7803069e-04   5.0856906e-04
  -3.6158322e-02   4.5596719e-02  -1.0624920e+00  -8.1260014e-03   8.0074133e-04   4.7691293e-06
  -3.0856403e-02   8.8283712e-02  -9.9597944e-01  -9.5986862e-03  -7.5431970e-06   6.0728098e-05
  -4.5183786e-02   3.4974747e-02  -9.9614482e-01  -9.1445085e-03   3.8343242e-05  -4.2107397e-05
  -3.3934829e-02   2.0476944e-02  -1.0507944e+00  -8.6072730e-03   1.2827290e-04   2.2258902e-04
  -2.8266568e-02   6.3601398e-02  -9.8495007e-01  -8.9069841e-03  -1.0191396e-04   4.3113344e-04
  -3.2318300e-02   2.5085469e-02  -9.6221200e-01  -9.0589615e-03   2.1540101e-04   7.8549749e-04
  -1.3640002e-02   3.7792672e-02  -9.6739342e-01  -1.0772898e-02  -3.0492478e-04   1.2338392e-03
  -2.3788566e-02   5.2186303e-02  -8.5618789e-01  -1.3456581e-02  -1.0077028e-03   1.4979040e-03
  -4.4024276e-03   1.6402518e-02  -9.5032883e-01  -1.1618600e-02  -6.5024434e-04   1.0726553e-03
  -5.7656656e-03   5.5818211e-02  -9.3231552e-01  -1.1932249e-02  -5.6839722e-04   1.2708169e-03
  -1.8208976e-02   5.8784075e-02  -8.9033941e-01  -1.2326100e-02  -5.5781912e-04   1.3055687e-03
  -6.7784263e-03   6.1216304e-02  -9.4316963e-01  -1.3325262e-02  -9.8713559e-04   1.5519945e-03
  -1.7693295e-02   8.3361288e-02  -8.5066669e-01  -1.4025937e-02  -1.3764065e-03   1.3734377e-03
  -7.7299204e-03   5.6241631e-02  -9.0793370e-01  -1.3259477e-02  -8.2497415e-04   8.5193663e-04
  -8.8077425e-03   5.4208456e-02  -9.8056792e-01  -1.2905198e-02  -7.4379477e-04   9.0912074e-04
  -1.2728854e-02   8.3784819e-02  -9.4784898e-01  -1.2889750e-02  -7.9503734e-04   7.0525276e-04
  -1.6603050e-02   5.7961457e-02  -9.5090385e-01  -1.2604378e-02  -8.0379604e-04   6.3763397e-04
  -9.2372310e-03   4.6936238e-02  -1.0212994e+00  -1.2312939e-02  -6.6835423e-04   6.5438498e-04
  -3.8406674e-04   6.8429914e-02  -1.0029536e+00  -1.3177578e-02  -1.0021271e-03   5.8154331e-04
  -9.4920219e-03   2.4330988e-02  -9.4613827e-01  -1.3087599e-02  -1.3211959e-03   5.0761693e-04
  -5.8867828e-04   2.1656430e-02  -9.7965426e-01  -1.2077476e-02  -1.4076482e-03   6.5041605e-04
   2.5931991e-03   1.8958867e-02  -1.0133200e+00  -1.2041206e-02  -1.3124526e-03   8.4686884e-04
   2.2728828e-04   2.9876153e-02  -9.8148834e-01  -1.2405958e-02  -9.6095591e-04   4.7447787e-04
  -3.2149485e-03   3.9560903e-02  -9.6403651e-01  -1.2725608e-02  -1.0677097e-03   5.3741455e-04
   8.3097186e-03   9.2097064e-03  -1.0074412e+00  -1.2923722e-02  -8.9719711e-04   8.3979234e-04
   1.4454001e-02   2.2726778e-02  -1.0323942e+00  -1.3299527e-02  -8.8986200e-04   7.9425552e-04
   1.4048393e-02   4.4242193e-02  -1.0002938e+00  -1.3624211e-02  -8.9799433e-04   5.3144353e-04
   6.9684726e-03   4.5724424e-02  -9.9027051e-01  -1.3544241e-02  -9.1471977e-04   6.0526397e-04
   1.6851313e-02   2.1688687e-02  -1.0426027e+00  -1.2897882e-02  -1.0192938e-03   5.1891595e-04
   1.2065766e-02   1.7644044e-02  -1.0534630e+00  -1.2218178e-02  -8.7772069e-04   7.4440578e-04
   5.9421458e-03   3.5766543e-02  -1.0061481e+00  -1.3384074e-02  -8.5361567e-04   7.5976978e-04
   1.1250502e-03   2.9271067e-02  -1.0053731e+00  -1.4013464e-02  -8.6702508e-04   7.1421389e-04
   3.3425860e-03   2.1364502e-02  -1.0347918e+00  -1.3500233e-02  -1.0258148e-03   7.3137511e-04
   2.0076179e-03   4.8743511e-02  -9.9396886e-01  -1.3336751e-02  -1.0481697e-03   5.7888373e-04
  -4.2997825e-03   2.1970917e-02  -1.0121337e+00  -1.3681035e-02  -1.0492430e-03   4.7332683e-04
  -4.3975718e-03   1.8826242e-02  -1.0554734e+00  -1.4249963e-02  -1.2816433e-03   6.6720340e-04
  -2.7870442e-02   3.0839732e-02  -9.9262539e-01  -1.5098565e-02  -1.2566812e-03   5.5307974e-04
  -2.2891888e-02   1.7447559e-02  -1.0460761e+00  -1.4366745e-02  -1.1350588e-03   5.1573329e-04
  -1.8440537e-02   6.2616674e-02  -1.0346284e+00  -1.4664863e-02  -1.7611173e-03   4.6815601e-04
  -2.0969544e-02   5.6048141e-02  -1.0073713e+00  -1.4219153e-02  -1.2920148e-03   5.2532442e-04
  -1.6726965e-02   6.1544592e-02  -1.0464050e+00  -1.3765041e-02  -1.4056240e-03   8.4257424e-04
  -1.0479803e-02   6.0988269e-02  -1.0007584e+00  -1.3241999e-02  -1.3893876e-03   1.1368945e-03
  -2.4541048e-02   5.4026427e-02  -9.3191616e-01  -1.4190312e-02  -1.1482963e-03   1.3314496e-03
  -1.0901887e-02   3.0732024e-02  -9.8018156e-01  -1.5295714e-02  -1.5796680e-03   1.4614818e-03
  -3.6367135e-02   6.9453290e-02  -9.3018811e-01  -1.8110076e-02  -2.6091197e-03  -3.5046131e-04
  -2.8287076e-02   4.7356389e-02  -9.8727549e-01  -2.0878068e-02  -2.2645237e-03   1.2097951e-03
  -1.0861392e-01   7.5565365e-02  -9.6857248e-01  -2.3293666e-02  -2.3376989e-03  -1.6339194e-03
  -1.3362851e-01   1.3799020e-01  -8.5112165e-01  -2.6788125e-02  -1.9712964e-03  -1.6461238e-03
  -1.4340827e-01   1.0877278e-01  -8.2585604e-01  -2.8085662e-02  -2.6202076e-03  -8.8378849e-04
  -1.3930046e-01   1.0107315e-01  -8.8101736e-01  -2.7082915e-02  -2.3030862e-03  -8.5907880e-04
  -1.7080505e-01   9.4923369e-02  -8.2254433e-01  -2.9608207e-02  -2.7590533e-03  -1.6010641e-03
  -2.2108994e-01   5.4016829e-02  -7.4657154e-01  -3.1223010e-02  -3.1020588e-03  -2.0405718e-03
  -2.1350027e-01   4.3128442e-02  -7.6426117e-01  -3.0668799e-02  -2.7168969e-03  -2.2993368e-03
  -1.3853740e-01   5.7299166e-02  -7.1889419e-01  -3.2799569e-02  -3.3776219e-03   9.5549623e-04
  -1.5746874e-01   3.5660296e-02  -6.7238882e-01  -3.3847633e-02  -3.8246628e-03   1.1236236e-03
  -1.7415460e-01   2.1596612e-02  -7.1881656e-01  -3.2406178e-02  -3.9553998e-03  -4.3367397e-04
  -1.7337225e-01   7.0203939e-02  -6.9900759e-01  -3.3063171e-02  -4.5014230e-03  -7.5125380e-04
  -2.0326210e-01   3.3262243e-02  -7.1647830e-01  -3.3734039e-02  -4.0817280e-03  -7.0417738e-04
  -2.0285369e-01   1.7570416e-02  -8.3776281e-01  -3.2136155e-02  -4.3836124e-03  -9.7429883e-04
  -2.1527296e-01   3.6299364e-02  -9.1792746e-01  -3.2062560e-02  -4.3331004e-03  -1.7685193e-03
  -2.1235596e-01   1.2695342e-02  -9.6219384e-01  -3.1255125e-02  -4.3475444e-03  -1.4231373e-03
  -2.0085079e-01   7.5058634e-02  -9.2682925e-01  -3.1885603e-02  -4.4505925e-03  -1.0160952e-03
  -2.0919137e-01   5.6087190e-02  -8.2841735e-01  -3.1210207e-02  -4.7435180e-03  -5.9025140e-04
  -1.8344303e-01   4.1848846e-02  -8.4052090e-01  -3.2197455e-02  -4.4730346e-03  -2.4236307e-05
  -2.0304970e-01   8.7892426e-02  -7.6106938e-01  -3.3414029e-02  -4.5233729e-03  -7.1043664e-04
  -2.0341889e-01   3.0821961e-02  -7.7446169e-01  -3.2013108e-02  -4.5715306e-03  -5.3619367e-04
  -2.0285026e-01   5.5507332e-02  -7.9703033e-01  -3.2196643e-02  -4.3185600e-03  -4.9585411e-04
  -2.2942647e-01   9.3302961e-02  -6.9464678e-01  -3.3234062e-02  -4.3658040e-03  -8.6054395e-04
  -2.0286053e-01   6.6598022e-02  -7.9143653e-01  -3.2007442e-02  -4.3219129e-03  -7.6243412e-04
  -2.0004750e-01   1.1491834e-01  -7.7005124e-01  -3.0843978e-02  -3.7756918e-03  -1.1208432e-03
  -1.7729362e-01   8.3081597e-02  -6.9194176e-01  -3.2499436e-02  -4.3153616e-03   4.0577290e-04
  -1.5525398e-01   1.0623314e-01  -7.7345153e-01  -3.3343252e-02  -4.4120715e-03   7.2465297e-04
  -1.8605561e-01   1.0220628e-01  -6.4225393e-01  -3.4694946e-02  -4.4146504e-03   5.4887269e-04
  -1.7936420e-01   7.4308142e-02  -6.8519667e-01  -3.3072961e-02  -4.6691138e-03  -1.6538364e-04
  -1.9517455e-01   8.1967724e-02  -7.7130228e-01  -3.2569884e-02  -4.2186741e-03  -4.8423484e-04
  -2.0047192e-01   9.8833060e-02  -6.4762830e-01  -3.3236583e-02  -4.2881451e-03  -3.7331385e-04
  -1.9207104e-01   5.2510789e-02  -7.5515253e-01  -3.2987034e-02  -3.9387570e-03   2.8194055e-04
  -2.2555705e-01   9.9970001e-02  -5.4468604e-01  -3.5266318e-02  -3.8897684e-03   8.6531571e-04
  -1.3310710e-01   7.4644436e-02  -6.7370856e-01  -3.4073602e-02  -4.8194259e-03   1.9166448e-03
  -1.5353757e-01   9.6601711e-02  -6.6656901e-01  -3.5385147e-02  -4.5457878e-03   1.8519084e-03
  -1.5621026e-01   8.0982451e-02  -6.1021240e-01  -3.5814327e-02  -4.3100703e-03   2.0818779e-03
  -1.3310304e-01   9.7746739e-02  -6.5470987e-01  -3.5621910e-02  -4.6942393e-03   2.3079677e-03
  -1.6077879e-01   9.1276735e-02  -5.5366423e-01  -3.6000578e-02  -4.3319494e-03   2.9765081e-03
  -1.4397611e-01   1.1367267e-01  -6.8220470e-01  -3.6296735e-02  -4.7592894e-03   2.4987744e-03
  -1.4426342e-01   1.2792140e-01  -5.3113511e-01  -3.6859121e-02  -5.1955538e-03   2.4084974e-03
  -1.0961386e-01   1.0968804e-01  -7.1114181e-01  -3.5753333e-02  -4.8637557e-03   2.4118288e-03
  -1.5390139e-01   1.3981097e-01  -5.4155044e-01  -3.7060433e-02  -5.0493839e-03   2.0717321e-03
  -1.6050426e-01   1.1337962e-01  -6.2955020e-01  -3.6538563e-02  -5.2981521e-03   1.3280097e-03
  -1.7126094e-01   1.7377361e-01  -6.3264486e-01  -3.7372124e-02  -5.2157790e-03   8.8981880e-04
  -1.7587200e-01   7.6699419e-02  -6.5549665e-01  -3.6939850e-02  -5.0343253e-03   1.0152692e-03
  -1.7588265e-01   1.2727406e-01  -6.8659469e-01  -3.7407125e-02  -5.2642803e-03   8.6997988e-04
  -1.6306034e-01   1.0978320e-01  -5.9603572e-01  -3.6588958e-02  -5.6961961e-03   1.1608937e-03
  -1.6352768e-01   7.0717672e-02  -7.2335494e-01  -3.6031452e-02  -5.2114649e-03   1.1571334e-03
  -1.6325384e-01   1.1370430e-01  -6.1339115e-01  -3.8233144e-02  -5.4384476e-03   1.1990640e-03
  -1.3491284e-01   4.6218965e-02  -6.5606380e-01  -3.7511069e-02  -5.7059097e-03   1.8474343e-03
  -1.3280310e-01   7.8863175e-02  -6.8235642e-01  -3.7601225e-02  -5.5450520e-03   1.8638957e-03
  -1.5140414e-01   7.9715515e-02  -6.3808531e-01  -3.7485851e-02  -5.3282463e-03   1.8195588e-03
  -1.4838124e-01   2.0086924e-02  -6.7849076e-01  -3.8500720e-02  -5.0771996e-03   1.8270806e-03
  -1.5747104e-01   7.8874407e-02  -6.3559052e-01  -3.8783321e-02  -4.8930585e-03   2.0027319e-03
  -1.5109286e-01   3.9129513e-02  -6.4083387e-01  -3.8632973e-02  -5.0313301e-03   2.0922148e-03
  -1.5235514e-01   6.0728929e-02  -7.1047089e-01  -3.8819433e-02  -4.9356849e-03   2.0112607e-03
  -1.8126950e-01   7.5157579e-02  -6.1944025e-01  -3.9152960e-02  -4.6007861e-03   1.8377874e-03
  -1.7843204e-01   5.4718062e-02  -6.4835037e-01  -3.9467186e-02  -4.5250695e-03   1.7996364e-03
  -1.6376035e-01   5.2196917e-02  -7.0488163e-01  -3.9332293e-02  -4.7119804e-03   1.8510399e-03
  -1.8945366e-01   7.0217755e-02  -5.4911991e-01  -3.8514067e-02  -4.6605965e-03   1.4110093e-03
  -1.7378883e-01   2.9765051e-02  -6.5339741e-01  -3.6272865e-02  -4.3733875e-03   1.0981757e-03
  -1.6512854e-01   4.8602235e-02  -7.1832452e-01  -3.5284809e-02  -4.3278922e-03   8.7375633e-04
  -1.3565109e-01   8.6061032e-03  -8.6540383e-01  -3.4325643e-02  -4.0548832e-03   7.8251505e-04
  -8.7093254e-02   8.7034588e-02  -1.0582526e+00  -2.5249850e-02  -3.2982201e-03   5.7680193e-05
  -1.3177661e-01   6.8571164e-02  -7.0547786e-01  -3.1765543e-02  -9.6918721e-04  -2.5830321e-04
  -1.8754660e-01   1.4585882e-02  -8.5310331e-01  -1.2212845e-02  -3.1931307e-03   2.2749703e-03
  -1.9556718e-01   5.6225446e-01  -1.1281675e+00   4.9685460e-02   8.5218682e-04  -1.7736516e-03
  -1.9475075e-01   1.7575880e-01  -1.2417105e+00   4.6873991e-02  -6.6606845e-04  -2.1821722e-03
  -2.3567841e-01   2.3548776e-01  -1.1335990e+00   4.4554599e-02  -1.2354954e-03  -2.7151866e-03
  -2.2955190e-01   1.4957088e-01  -1.1221171e+00   4.3020366e-02  -2.1232632e-03  -3.5963331e-03
  -2.5924045e-01   9.7383363e-02  -1.1200276e+00   4.0744598e-02  -1.3980039e-03  -3.6199029e-03
  -2.6349533e-01   1.6831315e-01  -1.1389617e+00   3.6921006e-02  -2.5462934e-04  -3.9805645e-03
  -2.2668588e-01   1.3504595e-01  -1.2140800e+00   3.4737385e-02  -1.3837411e-04  -3.8776547e-03
  -2.1866320e-01   9.9578999e-02  -1.2381449e+00   3.0984288e-02  -7.6002765e-04  -3.8945696e-03
  -2.3366720e-01   1.7391420e-01  -1.0817703e+00   2.7950036e-02  -7.1287576e-04  -4.3470738e-03
  -2.0182052e-01   1.6315035e-01  -1.1240510e+00   2.5832266e-02   1.6801949e-04  -3.7313140e-03
  -2.0175946e-01   1.1781456e-01  -1.1039934e+00   2.5599341e-02   1.2313819e-04  -3.4091264e-03
  -1.6852905e-01   1.7189301e-01  -1.1638810e+00   2.3581781e-02  -1.0212471e-03  -4.1534627e-03
  -2.7791008e-01   7.4259621e-02  -1.2237966e+00   2.1843981e-02  -3.1639801e-03  -5.0483712e-04
  -3.8643649e-01   2.4458579e-01  -8.8159790e-01   2.4938735e-02  -3.2347714e-03  -1.5209749e-03
  -3.0107590e-01   5.3410302e-02  -1.8030081e+00   1.7907273e-02  -3.1029238e-03  -1.7604170e-04
  -2.6835693e-01   4.0330460e-02  -1.8671587e+00   1.8396466e-02  -1.7812722e-03   1.1671502e-03
  -2.6664886e-01   1.0898885e-01  -1.7585906e+00   1.7472201e-02  -1.7725159e-03   1.5681452e-03
  -2.8019739e-01   7.4259140e-02  -1.6930009e+00   1.7349226e-02  -1.9400698e-03   1.3633497e-03
  -2.8617872e-01   4.1039530e-02  -1.7860225e+00   1.6512508e-02  -1.3233895e-03   1.3396488e-03
  -2.9802401e-01   1.4151929e-01  -1.7229222e+00   1.5247976e-02  -1.1278916e-03   1.1051717e-03
  -3.0125548e-01   3.8401658e-02  -1.6805058e+00   1.5064181e-02  -1.2280426e-03   1.2963146e-03
  -3.1677641e-01   3.3299322e-02  -1.8446363e+00   1.4812926e-02  -8.2527776e-04   1.1691779e-03
  -3.2388346e-01   1.6147730e-01  -1.7563290e+00   1.3162799e-02  -7.3724367e-04   1.6891647e-03
  -3.1582722e-01   2.1087687e-02  -1.7947932e+00   1.2578946e-02  -4.1072089e-04   1.5300779e-03
  -3.2391747e-01   9.2268098e-02  -1.7241481e+00   1.1479359e-02  -7.4669853e-04   1.4804782e-03
  -3.1273157e-01   1.4208178e-01  -1.7070485e+00   1.1912266e-02  -2.9421800e-04   1.4856400e-03
