   0.0000000e+00  -1.4210855e-14   0.0000000e+00   0.0000000e+00   0.0000000e+00  -1.3877788e-17
  -3.8533945e-02   5.0599952e-02  -1.5289185e-02   1.9365411e-03   2.5740174e-04   9.4699529e-05
   4.9086098e-02   5.0147374e-02   5.2476076e-02  -1.5871190e-03  -1.8915393e-03   7.3229391e-04
   2.4517585e-01   3.3137088e-01   5.7998727e-01  -6.1573215e-03  -7.3281907e-03  -6.6399913e-04
   9.3418993e-02   2.5600162e-01   3.1147335e-01  -6.0489515e-03  -2.2748216e-03  -7.4517211e-05
   2.5991552e-01   4.5749917e-01   4.7287975e-01  -9.3208324e-03  -6.4103614e-03  -8.4447282e-04
   1.8463308e-01   3.3179676e-01   2.0913639e-01  -9.0064785e-03  -4.1608597e-03   2.9579462e-04
   1.3718217e-01   3.3678160e-01   2.7545642e-01  -7.3614634e-03  -2.6761524e-03   8.9957660e-04
   8.7619543e-02   2.4459279e-01   2.1984496e-01  -5.0165319e-03  -1.6987907e-03   6.6675224e-04
   5.1114125e-02   1.6006832e-01  -5.1741265e-01  -5.9253048e-03  -1.5159089e-03   4.5409353e-04
   5.5341234e-02   3.5001602e-01   5.0538518e-01  -4.0018503e-03  -1.2512992e-03  -7.0447455e-04
   2.7982042e-03  -1.8715950e-01   2.0618870e-01   5.7011841e-03  -6.6193055e-04  -7.9792167e-04
  -4.5067073e-02  -1.3205539e-01  -4.4980340e-03   1.5188774e-03   4.7035440e-05   1.1391307e-04
  -5.8077224e-03   6.1538151e-02   2.1666429e-01  -8.0319698e-04  -6.0205946e-04   7.1882000e-04
  -1.1538814e-02   5.5594810e-02   1.3351355e-01  -2.2461981e-03  -2.0056632e-04   5.3413779e-04
  -6.1874464e-03   1.8042662e-01   3.4187242e-01  -2.8741049e-03  -2.1559796e-04   6.6870798e-04
  -1.4262378e-02   6.7399500e-02   1.6776694e-01  -2.6566987e-03   2.0055419e-04   8.3806621e-04
  -1.6214771e-02   1.8998155e-01   3.3293556e-01  -3.9919037e-03   3.2710395e-04   8.6366265e-04
  -1.8304233e-03   1.5093421e-01   3.5337306e-01  -2.6921675e-03   2.0750612e-04   4.2741585e-04
  -6.1660860e-02   2.2784988e-01   2.9439010e-01  -6.3596869e-03   1.4290762e-03  -1.2081010e-03
  -5.1521811e-02  -8.3925622e-03  -2.1458173e-02   2.7545052e-06   4.6441621e-04   2.5489053e-06
  -8.7244098e-04   2.8228841e-02   2.2982519e-01   3.6571047e-03   3.2720975e-04  -3.2163190e-04
  -3.6946719e-03  -3.3053300e-01  -6.1800713e-01   3.9021342e-03   9.5634611e-04  -1.0449114e-04
  -3.7625886e-02   1.8020551e-01   5.7904927e-01   3.0818588e-03   1.8686135e-03   1.0453376e-03
  -4.5501332e-03   4.3423332e-01   6.6103037e-01  -9.7100789e-03   2.4405456e-04  -7.9064204e-04
  -1.4434499e-02   3.0524540e-01  -1.8361126e-01  -1.5796296e-02  -3.1171653e-04  -4.6959870e-03
  -4.8301440e-02   2.0006270e-01  -6.5588630e-01  -1.5022432e-02  -3.6404905e-04  -3.5358880e-03
  -6.1097687e-02   3.7243426e-01  -3.2470758e-01  -1.1958656e-02   6.8384721e-04  -1.9856571e-03
  -5.2939578e-02   5.5736422e-01   9.8080284e-01  -1.5130188e-02   6.8437827e-04  -9.3982564e-04
  -5.7852034e-02   3.6851312e-01  -4.4039268e-02  -1.2731609e-02   4.7949546e-04  -2.5852731e-03
  -4.3766605e-02   3.5392781e-01  -2.1376951e-02  -1.2603161e-02   3.8655757e-04  -2.5806913e-03
  -6.2289724e-02   3.8399055e-01  -2.8402049e-02  -1.2586431e-02   8.5203514e-04  -2.3288452e-03
  -6.3118139e-02   3.2869541e-01   1.2661566e-01  -6.2889389e-03   1.3158331e-03  -2.4800318e-03
  -7.8787325e-02   1.1446670e-01  -1.3259288e-01  -5.1460964e-03   2.0391277e-03  -2.5391465e-03
  -7.4197603e-02   2.7682316e-01   1.2999298e-01  -3.4267121e-03   1.6521843e-03  -2.3832222e-03
  -1.4035568e-01   7.3627623e-02  -7.2987625e-02  -4.0408458e-03   3.5431151e-03  -2.1053562e-03
  -2.6682828e-02   1.9122040e-01  -4.5716328e-02  -7.2916247e-03   5.4446000e-04  -2.1813686e-03
   5.0139576e-02   4.0398222e-01   1.0233073e-01  -1.1127749e-02  -1.5551809e-03  -1.6313768e-03
   9.8290963e-03   3.5556505e-01  -5.5147395e-02  -1.0837424e-02   5.8102332e-04  -2.3372802e-03
  -1.7870299e-01   2.5893509e-01  -3.2022235e-01  -9.4727738e-03   4.4466335e-03  -4.4089427e-03
  -3.1785393e-01   1.8591977e-01  -6.9833797e-02  -4.1920837e-03   5.4697334e-03  -9.4035141e-03
  -3.1307933e-01   1.1814529e-02  -4.7083495e-01  -3.7332786e-03   5.7168342e-03  -9.1510379e-03
  -2.5519594e-01   1.2908187e-01  -1.8564891e-01  -3.8918004e-03   4.7809988e-03  -8.2416881e-03
  -2.5974992e-01   1.8238050e-01  -3.9869853e-01  -7.1625244e-03   5.0522842e-03  -7.4389333e-03
  -2.5353288e-01   2.3338366e-01  -1.4707953e-01  -8.0368415e-03   5.2869113e-03  -7.4292030e-03
  -2.1700970e-01   1.1753358e-01  -3.1060678e-01  -5.9792912e-03   6.2837373e-03  -7.1723386e-03
  -2.4907973e-01   1.4477400e-01  -5.7952991e-01  -6.6028838e-03   6.5991707e-03  -6.5354741e-03
  -1.5871608e-01   1.9079376e-01  -1.5237283e-01  -6.9056753e-03   5.3558828e-03  -5.0493225e-03
  -1.5784295e-01   2.7753176e-01   2.3372698e-01  -8.2528655e-03   5.6416032e-03  -3.4947266e-03
  -1.7226863e-01   2.3601735e-01  -2.4550915e-01  -6.2163994e-03   6.1635089e-03  -3.8634842e-03
  -1.2501941e-01   3.4882423e-01   4.8974383e-01  -6.0904871e-03   5.8569239e-03  -2.5403977e-03
  -1.6407899e-01   4.2277187e-01   7.0112991e-01  -6.2039879e-03   7.7599167e-03  -2.4925705e-03
  -2.1968591e-01   5.6556360e-01   9.9485309e-01  -9.7817787e-03   6.7990375e-03  -4.3439248e-03
  -5.3768056e-02  -4.2083833e-01   7.4753771e-01   8.3626606e-03   1.8743887e-03  -7.6249779e-03
  -1.4461844e-02  -1.6238144e+00  -3.5692632e-01   2.4933139e-02  -5.9885211e-03  -1.5963700e-02
  -9.3217421e-02   9.8130537e-02  -2.3624155e-01  -2.1177090e-02  -6.0634161e-05  -7.5407645e-03
  -8.1944373e-02   2.5708225e-01  -3.3026607e-01  -1.7436687e-02   6.3713051e-04  -6.1263177e-03
  -9.7453379e-02   4.4430979e-01   4.4372638e-02  -1.8055562e-02   9.0771844e-04  -5.5503023e-03
  -6.2466325e-02   2.8958203e-01   1.2516844e-01  -1.6031292e-02   1.1016681e-03  -4.9206369e-03
  -8.7785814e-02   2.9905350e-01  -5.2506485e-02  -1.4531328e-02   1.2644902e-03  -5.2197900e-03
  -1.4909429e-01   1.3073218e-01  -8.7790906e-01  -1.3743349e-02   1.8770686e-03  -6.2862819e-03
  -1.1647641e-01   1.1337798e-01  -9.6592736e-01  -1.3681494e-02   1.7982569e-03  -6.0974073e-03
  -1.0386575e-01   3.8657633e-01  -1.3703632e-01  -1.2924866e-02   1.8423752e-03  -5.5024757e-03
  -9.6569263e-02   2.0398849e-01  -2.6196428e-01  -1.2941364e-02   2.4376099e-03  -5.4542959e-03
  -1.0730506e-01   3.6514010e-01   1.6170824e-01  -1.0280593e-02   3.9793952e-03  -5.4256052e-03
  -1.6709663e-01   7.3525242e-02  -1.8770173e-01  -8.5011289e-03   5.5049002e-03  -5.8381330e-03
  -1.4909187e-01   1.9724741e-01  -7.5533773e-02  -8.3019302e-03   4.9409970e-03  -5.8237909e-03
  -1.5781338e-01   2.0897983e-01  -1.7085268e-01  -7.6885102e-03   4.8886799e-03  -5.8205400e-03
  -9.6291467e-02   1.3140537e-01  -1.4590846e-01  -7.1709479e-03   4.3137980e-03  -4.4940572e-03
  -1.0192549e-01   8.0175659e-02  -2.4467126e-01  -6.8058811e-03   4.1867238e-03  -4.7684870e-03
  -8.7087536e-02   2.3490121e-01  -1.0044928e-01  -7.7431915e-03   3.1491151e-03  -5.1611444e-03
  -2.8742663e-02   2.2631954e-01  -3.7900634e-02  -1.0735345e-02   1.4554687e-03  -4.3399646e-03
   5.0739991e-02   4.0385518e-01   1.4075831e-01  -1.5313582e-02  -1.2503252e-03  -3.5525512e-03
   4.3395648e-02   5.0065975e-01   1.0796906e-01  -1.5811127e-02  -6.1198444e-04  -3.0785852e-03
  -1.2171942e-03   3.7325916e-01   8.1822147e-02  -1.1663010e-02   1.6632756e-03  -3.6024828e-03
  -4.1357403e-02   3.4242453e-01   9.5246324e-02  -1.0767299e-02   2.6893282e-03  -3.8669249e-03
  -2.2197941e-01   5.5710335e-01   7.9849589e-02  -1.6209964e-02   5.6103347e-03  -4.7397782e-03
  -1.4793664e-01   3.7582816e-01   1.9185114e-01  -1.3502584e-02   3.5669487e-03  -4.6951917e-03
  -1.4838428e-01   3.5249296e-01   5.1916548e-02  -1.2964776e-02   3.6978623e-03  -5.3381284e-03
  -9.2935622e-02   2.9645486e-01  -3.7198852e-02  -1.1328662e-02   1.8582741e-03  -5.2074291e-03
  -1.1753912e-01  -1.4445814e-01  -3.8860233e-01  -2.0821962e-03   1.9429045e-03  -4.8044926e-03
  -1.0674878e-01  -7.3096038e-03  -2.1223684e-01  -3.7860851e-03   1.8643019e-03  -4.4491938e-03
  -1.0447802e-01   1.6347959e-01   7.2240728e-02  -7.7198287e-03   1.8725589e-03  -3.8338917e-03
  -7.8671602e-02   9.0026916e-02  -6.9590546e-02  -6.2808683e-03   1.9984031e-03  -3.0564607e-03
  -1.2111575e-01   9.8750921e-02  -6.1052428e-02  -5.1529726e-03   2.6491473e-03  -3.4773644e-03
  -9.5296317e-02   5.0150557e-02   3.3211621e-02  -4.2662885e-03   2.0530432e-03  -2.7175727e-03
  -1.3427013e-01   2.0565185e-01  -2.8271206e-01  -8.6591927e-03   1.5418082e-03  -3.9860429e-03
  -2.3708757e-01  -2.0245761e-01  -1.4994078e+00  -8.1322926e-03   3.3060256e-03  -5.0971383e-03
  -1.7554961e-01  -9.7659134e-02  -1.6212416e+00  -8.5395108e-03   2.6843829e-03  -5.2237791e-03
  -1.4367231e-01   2.0546411e-01  -2.6098207e-01  -5.8802064e-03   3.3193048e-03  -5.9831229e-03
  -5.6072413e-02  -2.3166290e-02  -7.5605702e-01  -4.5341770e-03   1.1536064e-03  -5.6364099e-03
  -4.7799842e-02  -2.8014061e-01  -5.9463797e-01   1.2579561e-03  -1.1448135e-03  -6.5003916e-03
  -1.7298174e-02  -7.2699980e-01  -2.3466345e-01   1.5133147e-02  -3.5589930e-03  -7.1443105e-03
   5.9518357e-02  -2.3146828e+00  -1.3117458e+00   4.3695826e-02  -1.2706633e-02  -9.5534756e-03
  -8.7703887e-02  -1.0436740e+00  -1.2492806e+00   1.2475121e-02  -6.2489558e-03  -9.9813085e-03
  -6.6445522e-02  -6.8298987e-01  -6.7721301e-01   9.2171801e-03  -3.9792523e-03  -9.8542186e-03
  -3.6862605e-01  -3.2190979e-01  -4.1675855e-01  -1.6244549e-03   1.9032763e-03  -1.7942250e-02
  -3.2997080e-01  -3.3509856e-01  -3.7573652e-01   8.6537066e-05   1.9226751e-03  -1.5440262e-02
  -3.2144008e-01  -2.1515368e-01  -3.4915235e-01  -4.9871159e-04   1.7246931e-03  -1.4784193e-02
  -2.8026884e-01  -1.3441827e-01  -2.8487601e-01  -1.3332893e-03   1.2389576e-03  -1.3920937e-02
  -2.5934255e-01  -2.0999618e-01  -1.6922718e-01  -1.3024103e-03   1.4389611e-03  -1.3522994e-02
  -2.7503626e-01   3.1813023e-02   7.6844945e-02  -1.2346102e-03   2.2630500e-03  -1.3089881e-02
  -2.2958894e-01  -2.9984890e-02  -1.2862789e-01  -3.2607492e-03   1.0550453e-03  -1.1768877e-02
  -2.2684959e-01   1.1063194e-02  -2.0894451e-01  -4.5258938e-03   1.6811481e-03  -1.1814413e-02
  -1.7378566e-01  -2.9427391e-02  -1.1982595e-01  -3.0782245e-03   9.3067753e-04  -1.1761086e-02
  -1.3017091e-01   9.5886232e-02  -7.9348382e-03  -7.6654837e-03   8.5694705e-05  -1.0077991e-02
  -1.2930708e-01   3.2911947e-01  -1.0876717e-03  -1.0382203e-02  -1.4666068e-04  -9.0349026e-03
  -1.0434549e-01   2.4119330e-01  -1.0464981e-01  -1.1774308e-02  -3.0738487e-04  -8.6188545e-03
  -8.2586677e-02   3.3291369e-01   1.2715222e-01  -1.1744851e-02  -1.0757048e-03  -8.6464656e-03
  -8.2218332e-02   3.3219467e-01   3.6307808e-02  -1.1319168e-02  -6.3048023e-04  -8.4393485e-03
  -8.2300996e-02   3.8067001e-01   1.7476462e-01  -1.3384794e-02   4.2655071e-06  -8.1114549e-03
  -7.7753189e-02   3.0040396e-01   4.0461939e-02  -1.1593710e-02   1.4042937e-04  -7.6220426e-03
  -3.0206336e-01   4.0010077e-01   9.6451233e-02  -1.0123139e-02   1.9478463e-03  -1.0405366e-02
  -4.9686662e-01   2.2846144e-01   6.0715575e-01  -8.2137867e-03   2.5833515e-03  -1.4239989e-02
  -3.9931704e-01   8.5955698e-02   2.8841539e-02  -8.0795822e-03   3.1938517e-03  -1.1186379e-02
  -3.7376263e-01   1.7904340e-01  -1.9298897e-02  -7.7175472e-03   3.2372418e-03  -1.1002767e-02
  -4.0376789e-01   2.0140613e-01   1.3996433e-01  -6.6291151e-03   4.0100999e-03  -1.0969944e-02
  -3.6829065e-01   4.7154477e-02  -4.0903535e-02  -6.2206657e-03   3.4558430e-03  -1.0743723e-02
  -3.4603790e-01   1.7103351e-01   3.8463349e-03  -6.7223991e-03   2.5955444e-03  -1.1156665e-02
  -3.6554549e-01   6.1741099e-02   6.0862603e-02  -6.4236438e-03   2.8039870e-03  -1.0445878e-02
  -3.0852319e-01   1.9395096e-01   1.8248771e-01  -9.1552068e-03   1.0152741e-03  -9.2063696e-03
  -2.6926414e-01   2.8874213e-01   2.3774836e-01  -1.2618244e-02   9.7478309e-04  -8.9439547e-03
  -2.6358592e-01   2.8463241e-01   3.7330713e-01  -9.0671142e-03   7.7936317e-04  -9.4593751e-03
  -2.3468559e-01   1.8297229e-01   1.7578267e-01  -8.3527881e-03   1.8782771e-03  -1.0499640e-02
  -2.0037774e-01   9.8796054e-02   6.9886352e-01  -1.6974146e-03   9.0898189e-04  -1.1842756e-02
  -1.5086000e-01  -1.2658985e-01   7.1549337e-01   3.1505776e-03   1.4409948e-04  -1.1212440e-02
  -1.4329825e-01  -6.3272734e-02   4.6450903e-01   1.4215826e-03   2.9960630e-04  -9.5437423e-03
  -1.9787412e-01  -1.6836754e-01   5.5298050e-02   3.2854372e-04   2.3477380e-03  -9.6582354e-03
  -1.9873478e-01  -7.4041593e-02   4.3926104e-02  -3.3766334e-05   2.7668502e-03  -1.0093359e-02
  -1.9177659e-01  -9.4629881e-02  -7.2581185e-02  -5.5393046e-04   2.6013364e-03  -9.9894874e-03
  -1.8497475e-01  -8.7051169e-02   8.5565951e-02  -6.9343082e-04   2.8004008e-03  -1.0016015e-02
  -1.8813347e-01  -6.7278472e-02  -4.0496855e-02  -1.0497925e-03   2.9470226e-03  -9.5065064e-03
  -1.9751820e-01   1.6179594e-02   5.6046130e-02  -1.7846032e-03   2.9343602e-03  -9.5903812e-03
  -1.8567103e-01  -1.3576820e-01  -2.1726119e-01  -1.5497605e-03   2.7606201e-03  -9.8603856e-03
  -1.9712304e-01   6.6961969e-02   9.1950840e-03  -1.7403730e-03   2.5493161e-03  -9.6136541e-03
  -2.0125762e-01  -1.5284894e-02  -3.5243984e-02  -2.6967068e-03   2.8800263e-03  -9.9776328e-03
  -2.1501240e-01   2.8544765e-02   7.9257191e-02  -2.1950270e-03   2.8397884e-03  -9.9408731e-03
  -2.2554101e-01  -4.2978504e-02  -6.5650874e-02  -2.0589639e-03   2.4728306e-03  -1.0634839e-02
  -1.0687395e-01   1.4790468e-01   2.6316227e-01  -4.8448223e-03   1.4158854e-04  -9.4373155e-03
  -5.5019099e-02  -1.1681796e-01   3.5880401e-02   2.2884848e-04  -2.2194377e-03  -8.5857691e-03
  -9.2509602e-02   5.2245154e-02   8.3907960e-02  -5.5476168e-04  -1.4098933e-03  -8.4176653e-03
  -1.3916878e-01  -5.2773515e-02  -8.4889004e-04  -1.3843842e-03   3.2002363e-04  -9.2129005e-03
  -1.2600683e-01  -7.5299891e-02   5.4730614e-02   1.1414864e-03   1.0072521e-03  -9.1034924e-03
   3.7069738e-02   4.1080090e-03   4.1628835e-02  -1.8722057e-03  -3.2968411e-03  -7.9178377e-03
   5.4296512e-02   2.0169592e-01   2.7918456e-01  -7.1973368e-03  -4.3932482e-03  -7.1528011e-03
   7.7364140e-03   2.6971213e-01   2.5962849e-01  -7.7668769e-03  -4.0395034e-03  -6.8877778e-03
  -2.9187115e-02   2.5049410e-01   3.0451996e-01  -8.8797406e-03  -3.3063538e-03  -6.7393801e-03
   4.3643440e-03   2.9550223e-01   3.2670204e-01  -9.5457358e-03  -3.8690882e-03  -6.6637669e-03
  -2.6515327e-02   2.9691440e-01   2.4253361e-01  -9.2237818e-03  -3.2305833e-03  -6.5802363e-03
   1.4577763e-02   2.6034020e-01   2.0573538e-01  -7.7356191e-03  -3.4726291e-03  -6.8210513e-03
  -4.2411893e-02   2.2564685e-01   9.3518823e-02  -7.6413961e-03  -2.1534579e-03  -7.3087232e-03
  -4.9451493e-02   3.2343392e-01   1.2434631e-01  -8.7590153e-03  -2.0736118e-03  -7.0038470e-03
  -8.0070569e-02   3.3132284e-01   2.8659461e-01  -8.5187829e-03  -1.6528678e-03  -7.4361237e-03
  -1.3163867e-01   3.1275097e-01   1.4127312e-01  -8.5774929e-03  -8.0321176e-04  -8.7209790e-03
  -1.2632817e-01  -9.5497734e-02   1.5100392e-01   6.4418683e-03  -7.3710910e-04  -9.1556240e-03
  -1.2354986e-01  -6.8319067e-02   1.0198170e-01  -1.8008194e-03  -8.7592370e-04  -9.0469944e-03
  -1.2918852e-01   8.7883271e-02   3.9899691e-01  -4.5523940e-03  -7.9106635e-04  -8.7848597e-03
  -1.7809328e-01   1.3951715e-01   2.3794938e-01  -6.4823407e-03   4.6127017e-04  -8.7539073e-03
  -1.4730960e-01   1.5588741e-01  -7.6569237e-02  -7.2868582e-03   1.0712352e-04  -9.1192787e-03
  -1.7359155e-01   2.2261736e-01   1.1943573e-01  -8.4859547e-03   9.6412019e-04  -9.0644942e-03
  -1.0795688e-01  -5.9892487e-02  -1.1763132e-01  -4.7691401e-03   4.4225526e-04  -8.2093302e-03
  -1.4119061e-01   1.8706120e-01   1.6629370e-01  -4.4992793e-03   5.4407267e-04  -8.0810601e-03
  -4.8010313e-02   1.1530673e-01  -4.0350552e-02  -6.5283746e-03  -1.0824335e-03  -7.2548800e-03
  -9.0726465e-02   1.3213526e-01  -2.2350600e-02  -7.9914378e-03  -1.5042311e-04  -7.4637570e-03
   1.7567337e-02   2.3371002e-01   7.8350706e-02  -7.9460104e-03  -2.7860777e-03  -5.7616791e-03
   2.3113440e-02   1.7209554e-01   1.4284595e-01  -7.7028334e-03  -3.1806120e-03  -5.5664780e-03
  -4.2534641e-02   5.5095816e-02  -7.2198720e-01  -8.3564909e-03  -2.7836692e-03  -6.3229202e-03
  -1.0524696e-01   3.0485157e-01  -4.7984053e-01  -1.1505139e-02  -2.0173949e-03  -7.4275012e-03
  -1.2008130e-01   1.4710483e-01  -5.9800454e-01  -8.9460893e-03  -1.3474741e-03  -7.6203917e-03
  -1.2687914e-01  -8.0576704e-02  -7.0600016e-01  -4.0325752e-03  -7.2437712e-04  -7.8883840e-03
  -1.3437094e-01   1.0003906e-01  -3.5249502e-01  -4.4020357e-03  -4.4285052e-05  -7.8954228e-03
  -1.1437576e-01  -3.1093689e-02  -3.3864361e-01  -4.3730151e-03  -2.8954814e-04  -8.1185354e-03
  -1.2428815e-01   1.7769094e-01  -2.1719779e-01  -6.6493402e-03  -4.1009730e-04  -7.7319599e-03
  -7.4925729e-02  -5.0571179e-02  -3.6722506e-01  -4.2547427e-03  -8.2748386e-04  -7.6138937e-03
  -2.7950947e-02   1.2861284e-01  -1.2393077e-01  -4.6967751e-03  -2.4955491e-03  -7.4007183e-03
   3.2423381e-02   2.2470967e-01  -9.9354163e-02  -9.1201585e-03  -4.0011049e-03  -6.3463519e-03
   2.4882369e-02   2.5554719e-01   1.3395021e-02  -9.8570075e-03  -3.9789023e-03  -6.0790800e-03
   2.9357171e-02   2.3885764e-01   1.8883994e-02  -9.6736915e-03  -4.2111395e-03  -5.8410582e-03
   9.0765296e-02   4.7698178e-01   2.6391475e-01  -1.1572942e-02  -6.3657459e-03  -5.4286918e-03
   3.4970145e-02   3.9954479e-01  -1.3455323e-02  -1.3150003e-02  -3.7310566e-03  -5.4756271e-03
  -1.1206836e-02   2.7732107e-01  -1.1247217e-01  -9.1286180e-03  -2.2577227e-03  -5.8597536e-03
  -2.0989691e-02   4.0731364e-01   4.4472850e-01  -4.0106020e-03  -2.0479767e-03  -6.9644346e-03
  -1.3176611e-01   1.4931260e-01  -2.1075290e-01  -8.3698217e-03   1.5379516e-04  -7.8085983e-03
  -1.3060477e-01   3.0477025e-01  -3.3138386e-02  -8.7931342e-03   9.2791408e-06  -7.0710390e-03
  -1.9546120e-01   3.0550613e-01  -4.2845130e-02  -9.2268598e-03   6.0813731e-04  -7.7888867e-03
  -1.7140571e-01   9.9029264e-02  -2.0999308e-01  -6.1239505e-03   5.3433485e-04  -7.1438212e-03
  -1.5778891e-01   2.3720922e-01  -1.7369664e-02  -7.5694200e-03   7.0042239e-04  -7.4023421e-03
  -1.6278540e-01   3.0236820e-01  -8.7476103e-02  -1.1178855e-02   1.2874436e-03  -6.9250476e-03
