   0.0000000e+00   0.0000000e+00   0.0000000e+00   0.0000000e+00   0.0000000e+00   0.0000000e+00
   7.6756397e-03   1.0495975e-01   2.0204738e-01  -7.8764789e-04  -2.3781724e-04  -2.7447885e-04
   1.5225934e-02   1.4042583e-02   9.9063242e-02  -4.1428017e-04  -2.3446917e-04   1.9243862e-05
  -1.2198313e-02   8.8295637e-02   1.5413961e-01  -8.3014659e-04   2.6385092e-04  -3.1310291e-04
  -1.5541436e-03   8.7179697e-02   1.8585904e-01  -1.1073207e-04  -3.7070168e-05  -1.6657990e-04
  -3.0389040e-03   9.4561817e-02   1.8959989e-01  -1.0536435e-03   1.1117079e-04  -1.8892349e-04
   2.9081973e-02   2.5000543e-01   3.7835443e-01  -2.2459328e-03  -5.4677058e-04   1.0207375e-04
   2.8848341e-02   1.4276676e-01   3.4204322e-01  -1.8273718e-03  -2.6518018e-04   4.0154496e-04
   6.1071238e-03   2.4081826e-01   4.2265733e-01  -2.9267732e-03   4.2184835e-04   4.3318351e-04
   1.7441547e-02   2.2804227e-01   4.1479050e-01  -2.2749459e-03   2.3451749e-04   4.0219430e-04
   1.1856756e-02   1.9850939e-01   3.6525679e-01  -2.7043307e-03   2.5765850e-04   2.8088279e-04
   2.1196654e-02   3.0557891e-01   4.9843264e-01  -3.1136150e-03   2.3150892e-04   5.6340462e-04
   1.5229316e-02   2.2318846e-01   3.2888994e-01  -3.2675392e-03   8.4137184e-04   8.2688999e-04
   1.3274200e-02   2.5008917e-01   2.8172411e-01  -3.8772804e-03   1.0687660e-03   1.3534739e-03
   5.5272428e-02   3.1969521e-01   6.1896456e-01  -2.7386584e-03   3.9654878e-05   1.9397760e-03
   5.8325275e-02   2.7905393e-01   5.8832058e-01  -3.5160813e-03   1.6319390e-04   1.5376263e-03
   5.4500250e-02   3.2598475e-01   7.0189890e-01  -3.8726807e-03  -4.0839143e-05   1.7013002e-03
   7.7240897e-02   3.8873391e-01   8.7402377e-01  -2.5484310e-03  -6.2480261e-04   1.6230748e-03
   8.3674486e-02   3.0045706e-01   8.3873828e-01  -2.8739033e-03  -5.3545595e-04   2.1319150e-03
   7.2284703e-02   3.9963720e-01   9.7217505e-01  -3.8048252e-03  -2.1559274e-04   1.9784540e-03
   9.6579786e-02   3.6713865e-01   8.6397982e-01  -3.0757393e-03  -7.4225080e-04   1.9608108e-03
   9.6865971e-02   3.3415614e-01   9.9558241e-01  -2.9438355e-03  -7.2254992e-04   2.2578360e-03
   1.1943100e-01   4.4571646e-01   1.0906127e+00  -2.8298209e-03  -1.1838319e-03   2.1448553e-03
   1.2313723e-01   4.1422920e-01   1.1626649e+00  -2.9630349e-03  -1.1663717e-03   2.0437872e-03
   9.8799000e-02   4.0773545e-01   1.1451430e+00  -3.0725038e-03  -3.5600506e-04   2.2228478e-03
   1.0149945e-01   4.7620185e-01   1.1698443e+00  -3.0700276e-03  -8.3019729e-04   1.6962542e-03
   1.0684462e-01   3.1414003e-01   1.0421716e+00  -1.8186579e-03  -8.9643744e-04   2.1810428e-03
   8.8645101e-02   4.6194566e-01   1.1623731e+00  -2.9342484e-03  -4.7530292e-04   2.1385899e-03
   1.2562473e-01   4.9385541e-01   1.1806630e+00  -4.0907066e-03  -1.2177459e-03   2.1902113e-03
   1.2806533e-01   4.8612461e-01   1.2748745e+00  -4.2690998e-03  -1.2479619e-03   2.6211911e-03
   1.1479407e-01   4.9959917e-01   1.3024784e+00  -3.9520022e-03  -1.0134987e-03   2.5369615e-03
   1.3931524e-01   5.6758381e-01   1.4425377e+00  -3.7943963e-03  -1.5628717e-03   2.5035875e-03
   1.3961559e-01   4.8934822e-01   1.4052797e+00  -3.5683464e-03  -1.9625213e-03   2.4293612e-03
   1.2187272e-01   5.2706084e-01   1.4069529e+00  -4.1781840e-03  -1.4169846e-03   2.3734523e-03
   1.4140931e-01   4.8905054e-01   1.3494573e+00  -3.8834897e-03  -1.7188092e-03   2.5941416e-03
   7.6773794e-02   3.8959046e-01   1.0063956e+00  -2.9965641e-03  -8.8660730e-04   2.3942186e-03
   1.4233595e-01   5.2471614e-01   1.1301889e+00  -3.6205697e-03  -2.0479416e-03   2.3500563e-03
   1.2935962e-01   4.7741529e-01   1.3869198e+00  -4.2666447e-03  -1.0986669e-03   3.0359160e-03
   1.0407861e-01   5.9768837e-01   1.5833203e+00  -4.3732514e-03   3.4155705e-04   2.8758161e-03
   1.2364247e-01   5.4049216e-01   1.5058286e+00  -3.6707154e-03   8.7490800e-04   2.5781983e-03
   8.6517420e-02   4.7571212e-01   1.4242688e+00  -3.0711175e-03   1.6218359e-03   2.9098944e-03
   1.0209694e-01   5.9113293e-01   1.5484584e+00  -4.4593671e-03   1.3570276e-03   2.7478623e-03
   1.1664130e-01   5.5749197e-01   1.5130605e+00  -4.0062433e-03   1.1917353e-03   2.8960795e-03
   7.8267254e-02   5.3437749e-01   1.4288051e+00  -3.8929421e-03   1.9551866e-03   2.6233246e-03
   8.1088260e-02   5.9902967e-01   1.4429621e+00  -4.1246973e-03   1.9560193e-03   2.7509262e-03
   9.0355946e-02   4.8223175e-01   1.3240890e+00  -3.3808194e-03   2.1474092e-03   3.1984913e-03
   1.0433366e-01   5.4048414e-01   1.3301426e+00  -3.8636346e-03   1.6416262e-03   3.3901108e-03
   9.2496814e-02   5.2644821e-01   1.2534045e+00  -3.4473997e-03   1.6828979e-03   3.0821524e-03
   1.0164845e-01   4.6893985e-01   9.6304900e-01  -4.0366350e-03   5.6662805e-04   2.7672146e-03
   2.3257020e-01   1.0175567e+00   2.0335420e+00  -6.3373051e-03  -3.7353309e-03   1.4807835e-03
   9.4631372e-02   8.7494532e-01   1.5393335e+00  -1.1938121e-02  -3.2960120e-03   2.6654934e-03
   5.5273383e-02   5.2730790e-01   8.1879740e-01  -5.3874653e-03  -2.8854877e-03   2.2207335e-03
   5.8389332e-02   4.5503323e-01   8.0815023e-01  -2.5413723e-03  -2.9613308e-03   1.5093370e-03
   5.4830522e-02   4.7683435e-01   9.1560717e-01  -2.3182973e-03  -3.1418990e-03   1.5695874e-03
   7.2610928e-02   5.0880419e-01   9.4027914e-01  -4.2996016e-03  -3.2820110e-03   1.4711898e-03
   7.8129830e-02   5.5868464e-01   1.0024775e+00  -5.1689001e-03  -2.9023274e-03   1.6337035e-03
   7.0362150e-02   5.5209333e-01   1.0682502e+00  -4.5337968e-03  -2.7120130e-03   1.8614030e-03
   7.9916479e-02   5.4654151e-01   1.1458041e+00  -3.5643052e-03  -2.2626655e-03   1.6621244e-03
   6.2256840e-02   5.7944144e-01   1.2064625e+00  -4.2206109e-03  -1.4859917e-03   1.3474133e-03
   7.9679831e-02   5.7274212e-01   1.1423117e+00  -3.8738904e-03  -1.2906775e-03   9.9823568e-04
   5.5242694e-02   5.4715095e-01   1.0674406e+00  -4.8913290e-03  -5.5015423e-04   1.6078537e-03
   5.9461137e-02   6.6194475e-01   1.1752974e+00  -5.7011685e-03  -8.2182274e-04   2.0166390e-03
   6.2550672e-02   4.8444641e-01   8.7229098e-01  -3.8094643e-03  -1.1468854e-03   2.0690489e-03
   2.6771003e-02   2.9946766e-01   2.7910866e-01  -3.0200052e-03  -9.0935142e-04   1.9599581e-03
   3.2807093e-02   4.5257454e-01   3.7078776e-01  -3.1152494e-03  -1.4230589e-03   1.7501690e-03
   8.4976127e-02   5.8265701e-01   1.0074789e+00  -4.1914471e-03  -2.3978443e-03   2.5012796e-03
   8.0667723e-02   6.2968682e-01   1.1974321e+00  -5.3360912e-03  -1.4041215e-03   1.9528622e-03
   8.8347465e-02   6.7066048e-01   1.2589592e+00  -4.8432397e-03  -1.4828603e-03   2.0618432e-03
   8.7579491e-02   5.0996402e-01   1.1673993e+00  -3.6713918e-03  -1.3094238e-03   2.3235503e-03
   8.7473793e-02   6.8571703e-01   1.3019999e+00  -5.0377307e-03  -1.4128312e-03   2.2014535e-03
   1.5739464e-01   6.6305361e-01   1.2815682e+00  -6.7888109e-03  -2.7609060e-03   2.8329602e-03
   1.6633686e-01   6.9610449e-01   1.3409571e+00  -6.9866029e-03  -2.8974052e-03   3.4700164e-03
   1.4308063e-01   7.3524086e-01   1.4282612e+00  -6.0239505e-03  -2.5617640e-03   4.1688896e-03
   1.2824980e-01   5.6222631e-01   1.0243341e+00  -4.6158585e-03  -1.8547563e-03   2.2635767e-03
   1.0987055e-01   4.7606207e-01   6.3333235e-01  -4.1823650e-03  -8.6965272e-04   1.7451771e-03
   1.0351049e-01   5.4260345e-01   6.4570265e-01  -4.6842123e-03  -1.3494948e-03   8.6924227e-04
   1.3693412e-01   5.3561024e-01   9.0815735e-01  -4.0439351e-03  -2.0433209e-03   1.0730255e-03
   1.1548797e-01   5.6895056e-01   9.8358445e-01  -4.8863249e-03  -1.5881976e-03   1.3153556e-03
   1.3133129e-01   6.3275989e-01   1.1223042e+00  -4.2873969e-03  -2.0808868e-03   9.0230447e-04
   1.3213626e-01   5.3237560e-01   1.0310379e+00  -4.6931393e-03  -1.8459194e-03   1.2788822e-03
   1.2293767e-01   6.5032719e-01   1.1521569e+00  -5.4467559e-03  -1.7529804e-03   1.2276825e-03
   1.6081064e-01   6.1209519e-01   1.1751614e+00  -3.8265495e-03  -2.1636399e-03   9.9142967e-04
   1.2150226e-01   5.1896966e-01   1.0670429e+00  -3.5765030e-03  -1.3177409e-03   1.1497186e-03
   1.9597109e-01   7.5430424e-01   1.4681633e+00  -5.2081982e-03  -2.9065356e-03   1.1607593e-03
   1.6720140e-01   6.5466476e-01   1.6376657e+00  -4.0634614e-03  -1.8087485e-03   1.0952036e-03
   1.4363050e-01   5.4551952e-01   1.2876898e+00  -2.5302696e-03  -1.2467036e-03   8.2586686e-04
   1.6891733e-01   5.6220296e-01   1.2188774e+00  -2.6422752e-03  -1.7083709e-03   1.1372108e-03
   1.6994371e-01   5.3703987e-01   1.2078478e+00  -2.5450760e-03  -1.6882962e-03   1.3438362e-03
   1.8995569e-01   6.3810786e-01   1.2978839e+00  -3.6128844e-03  -1.8573431e-03   1.2242819e-03
   1.7769511e-01   6.0717968e-01   1.2494177e+00  -4.2307681e-03  -1.3015528e-03   1.8327826e-03
   1.8724218e-01   6.5553449e-01   1.3590342e+00  -4.6442790e-03  -2.0693361e-03   2.1183486e-03
   1.8480294e-01   6.8764692e-01   1.4385508e+00  -4.0060028e-03  -1.8816119e-03   1.8345129e-03
   1.7841789e-01   6.4391512e-01   1.3763649e+00  -4.0945489e-03  -1.4088380e-03   1.9224620e-03
   1.3587057e-01   5.7025722e-01   1.0016168e+00  -4.5719562e-03  -1.1097077e-03   2.0378094e-03
   1.6389877e-01   6.6678274e-01   1.4179498e+00  -3.0058578e-03  -1.5838564e-03   1.9308728e-03
   1.4429773e-01   5.2886022e-01   1.2877553e+00  -1.6766922e-03  -7.8277136e-04   2.1464334e-03
   9.9862989e-02   6.1536284e-01   1.5100722e+00  -1.9703417e-03  -2.7750204e-04   1.8973924e-03
  -6.8031690e-02   6.2900985e-01   1.0983888e+00   6.3407795e-04   1.1648694e-03   2.1003395e-03
  -2.3901669e-02   5.1474664e-01   9.3071074e-01   1.2855795e-03  -2.9382948e-04   2.3706619e-03
   2.9072457e-02   5.3579159e-01   1.1570449e+00   1.1479708e-03  -6.9294972e-04   2.3131300e-03
   3.7698430e-02   5.4356262e-01   1.3527735e+00   2.7342440e-03  -8.2339311e-04   1.3730351e-03
   4.4853741e-02   4.5309622e-01   1.2072441e+00   1.9209783e-03  -2.6494612e-04   1.6120323e-03
   3.5862052e-02   5.1455238e-01   1.3429597e+00   1.4082640e-03   3.3621545e-04   1.4817350e-03
  -7.3366726e-03   4.3682367e-01   1.4197388e+00   4.1520222e-03   1.1606359e-03  -3.7379670e-04
  -8.3567047e-02   4.8166257e-01   1.5884313e+00   3.2857979e-03   3.1822081e-03  -1.3159160e-03
  -5.7747646e-02   6.2116350e-01   1.9336869e+00   1.7461086e-03   1.7852900e-03  -9.1338313e-04
   1.9493123e-02   3.3398587e-01   1.2937053e+00   3.8634361e-03   1.0237193e-03  -8.2124880e-04
   1.4688144e-02   4.9131797e-01   1.5693668e+00   4.5134484e-03   1.0086186e-03  -5.0028936e-04
   5.1090818e-02   3.4277624e-01   1.3666788e+00   4.3206593e-03   7.4510101e-04  -8.0943817e-04
   7.2067103e-02   4.9530915e-01   1.5704581e+00   2.6033144e-03   4.7490982e-04  -6.4989668e-04
   1.2090985e-02   4.4661471e-01   1.4008778e+00   3.0759249e-03   1.5136235e-03  -7.8632411e-04
  -3.2175276e-02   4.1682714e-01   1.4034488e+00   3.3177835e-03   1.3993350e-03  -1.6898088e-03
  -3.5023862e-02   1.3495675e-01   4.6527218e-01   5.6733736e-03   6.7879695e-04  -1.6824814e-03
  -2.1922273e-02   6.9397395e-02  -5.2640749e-02   6.0393909e-03  -4.9266529e-04  -1.0892581e-03
   7.7445997e-02   3.4333001e-01   1.0757853e+00   2.5171146e-03  -2.4914396e-03  -7.2975357e-04
   5.1475328e-02   4.3577164e-01   1.3989227e+00   5.0166492e-03  -1.1949438e-03  -1.3921986e-03
   4.2134589e-02   4.1100685e-01   1.2903084e+00   3.2956297e-03  -4.1600395e-04  -1.2224227e-03
   1.5913963e-02   4.2238844e-01   1.3350597e+00   2.7088438e-03  -1.7217719e-04  -1.0949603e-03
   1.8338434e-03   4.5817145e-01   1.4303093e+00   4.5260399e-03  -5.5276134e-05  -1.3141384e-03
   2.8646727e-02   2.9532228e-01   7.5281941e-01   3.6423566e-03  -7.1020367e-04  -8.2547187e-04
   1.4076040e-01   6.2033626e-01   1.7705331e+00  -2.0985353e-05  -2.6546284e-03  -1.3458251e-04
   1.2974785e-01   5.4554554e-01   1.6191651e+00   1.1923667e-03  -2.2411723e-03  -4.2460318e-04
   9.1680990e-02   5.8703442e-01   1.8059798e+00   6.6381820e-04  -1.2695921e-03  -4.9401342e-04
   9.1054319e-02   5.8988443e-01   1.8983872e+00   3.2979571e-03  -1.1664772e-03  -1.1678340e-03
   3.8858216e-02   3.2367059e-01   1.5050147e+00   7.9471698e-03  -8.8124356e-04  -1.1067568e-03
   4.7514341e-02   3.4057616e-01   1.4753555e+00   7.2654615e-03  -1.0841965e-03  -1.0968800e-03
   2.7771576e-03   9.2529846e-02   3.6164605e-01   6.3079599e-03  -4.4807705e-04  -7.2667897e-04
   3.4247968e-02   4.3545642e-01   7.5382968e-01   4.6335296e-03  -1.7606847e-03  -2.6976333e-04
   6.6594653e-02   4.1514853e-01   1.4242183e+00   3.7970752e-03  -1.4143595e-03  -3.6558847e-04
   1.3193544e-01   5.3985951e-01   1.7107749e+00   3.7186062e-03  -2.0456575e-03  -1.4264900e-03
   9.9483839e-02   3.2970832e-01   1.5661007e+00   5.6412202e-03  -7.9187697e-04  -9.5303472e-04
   2.0531201e-01   4.7459807e-01   1.8683819e+00   6.3348604e-03  -5.0065378e-03  -4.0768904e-04
   1.9230646e-01   3.8919850e-01   1.6798170e+00   4.8500132e-03  -3.4218904e-03  -5.8031152e-04
   1.7125196e-01   4.8653692e-01   1.8528394e+00   3.7779847e-03  -3.2916431e-03  -2.5575229e-04
   1.3076066e-01   4.3035399e-01   1.8225688e+00   7.0264453e-03  -2.4392207e-03  -7.0786113e-04
   7.0283531e-02   3.6396415e-01   1.2485422e+00   6.4171966e-03  -1.2233611e-03  -9.6529692e-04
   8.8682831e-02   4.4169330e-01   1.8161440e+00   5.7875946e-03  -1.5555416e-03  -1.2554240e-03
   1.2123326e-01   3.7053612e-01   1.6985354e+00   7.6594402e-03  -2.3123225e-03  -9.5241853e-04
   1.1963360e-01   6.1122164e-01   1.7745609e+00   3.5465795e-03  -1.9703327e-03  -9.3193955e-04
   3.2426037e-01   2.6192674e-01   1.9322656e+00   3.8874238e-03  -6.0132626e-03  -1.5677195e-03
   2.8728924e-01  -6.2327879e-01   8.9244009e-01   1.1774020e-02  -7.7005060e-03  -9.3619346e-04
   1.6418956e-02  -1.6026367e-01   9.7658690e-01   4.1704651e-03  -4.1303950e-03  -1.0420916e-03
   1.5013191e-01   4.1129314e-02   1.2769551e+00   5.8610467e-03  -4.2806969e-03  -1.3234814e-03
   1.2651389e-01   1.9783663e-01   1.3092807e+00   5.6523895e-03  -3.7341605e-03  -1.5330209e-03
   1.0062849e-01   2.5155065e-01   1.3972220e+00   4.5436858e-03  -3.6142312e-03  -1.7381675e-03
   1.2094742e-01   1.7538448e-01   1.4034883e+00   4.7507723e-03  -4.1450955e-03  -1.8558857e-03
   1.3558993e-01   2.3686995e-01   1.4265293e+00   3.9696611e-03  -4.1218517e-03  -1.5339219e-03
   1.2648037e-01   2.9554657e-01   1.1446095e+00   3.6877356e-03  -4.1356559e-03  -8.7180924e-04
   1.4450911e-01   3.5881452e-01   1.5202394e+00   5.9846462e-03  -3.2329717e-03  -6.5878121e-04
   1.0098524e-01   3.9011759e-01   1.5654708e+00   5.7505945e-03  -2.3793428e-03  -1.7249524e-03
   6.2897696e-02   2.6362651e-01   1.5037634e+00   7.7249518e-03  -1.9262753e-03  -1.5308064e-03
   1.2743123e-01   3.6554844e-01   1.5017290e+00   4.9499563e-03  -2.2739189e-03  -1.3972891e-03
   8.1510201e-02   3.7083014e-01   1.6021459e+00   5.6467416e-03  -1.3214193e-03  -1.4070382e-03
   6.5043110e-02   3.4542706e-01   1.5094142e+00   6.2482937e-03  -1.1190497e-03  -1.6230750e-03
  -5.2662247e-02   1.3831942e-01   5.1500666e-01   6.9256992e-03   1.1092752e-03  -1.2523471e-03
  -3.1197691e-02   2.0361877e-01   5.5961089e-01   4.5070710e-03   1.8985382e-03  -7.7861579e-05
   9.8138020e-03   3.3825565e-01   1.1061306e+00   5.1934463e-03   1.5594888e-03  -8.2784210e-04
  -7.3549290e-02   3.2670467e-01   1.0396339e+00   5.6321486e-03   3.5583084e-03  -1.5740948e-03
  -5.1592253e-02   3.4374108e-01   1.3665166e+00   8.2498810e-03   3.0144940e-03  -1.9119291e-03
  -8.5660249e-02  -2.0820430e-02   9.1227346e-01   1.0895204e-02   4.2624865e-03  -1.5631228e-03
   4.2317493e-03   1.2555151e-01   1.2437074e+00   1.3282218e-02   2.3237634e-03  -1.5473804e-03
  -6.0877300e-04  -1.1443465e-01   1.0770586e+00   1.4711168e-02   3.0891357e-03  -2.0866591e-03
   4.6632320e-02   1.5941173e-01   1.1920632e+00   1.1697259e-02   1.7166304e-03  -1.3939196e-03
   5.8636379e-02   1.7722449e-01   1.1350381e+00   8.6967922e-03   1.6510699e-03  -7.4178936e-04
   5.6861255e-02   2.2862434e-01   1.2689651e+00   7.8908017e-03   1.0230318e-03  -5.2177435e-04
   9.0848298e-02   3.2021169e-01   1.5997194e+00   1.0575281e-02  -8.1681409e-04  -6.8110861e-04
   4.9915445e-02   2.4988157e-01   7.5702581e-01   4.6870000e-03  -5.5703010e-04  -1.4401953e-03
   8.3098562e-02   3.2273039e-01   1.3721612e+00   5.8688043e-03  -2.2649165e-03  -7.5963288e-04
   8.1986140e-02   2.8283267e-01   1.8957909e+00   1.1863965e-02  -4.1742043e-04  -2.0012884e-03
   5.9253138e-02  -4.8498636e-02   1.9416376e+00   1.7209907e-02  -4.4085405e-04  -2.8788228e-03
   9.3740310e-02  -5.5467225e-01   1.2590620e+00   2.6243216e-02  -2.7027616e-03  -1.3263333e-03
   6.8494499e-02  -1.5057645e-01   1.2383502e+00   1.7162809e-02  -2.0121835e-03  -1.3598592e-03
   9.6039858e-02  -5.9705458e-03   1.6700410e+00   1.6183643e-02  -1.2961752e-03  -1.4491511e-03
   1.2801183e-01   9.3697554e-02   1.6612213e+00   1.3114710e-02  -6.4002721e-04  -1.2237362e-03
   4.5204858e-02   4.2047096e-02   1.4885590e+00   1.3694829e-02   1.1943021e-03  -1.4306156e-03
   4.2666190e-02  -1.0918308e-02   1.7957553e+00   1.7717588e-02   3.6412527e-03  -2.8758708e-03
   7.7872584e-02  -2.1978901e-01   1.3672891e+00   1.9969510e-02   2.4278138e-03  -2.9180309e-03
   8.5882525e-02  -1.0488767e-01   1.5822299e+00   1.9372809e-02   2.3900772e-03  -2.8120833e-03
   8.9415166e-02  -2.2450939e-01   1.6846521e+00   2.0260758e-02   2.0626045e-03  -2.5265244e-03
   1.1566287e-01  -1.3816315e-01   1.5311284e+00   1.9224499e-02   1.6727947e-03  -2.6604665e-03
   8.9089494e-02   4.6520558e-02   1.7017490e+00   1.5839766e-02   1.0232764e-03  -1.9117763e-03
   9.3618969e-02   3.0241425e-01   1.8686912e+00   1.0123029e-02   9.4508512e-05  -2.1973832e-03
  -1.3369517e-01   9.2708397e-02   6.9599806e-01   1.1691888e-02   1.9814047e-03  -1.2402160e-03
  -1.7242752e-01  -2.8657282e-01  -9.4716210e-02   1.5447179e-02   9.5578567e-04  -1.8415644e-03
  -5.7765792e-02   1.4750691e-02   7.0037949e-01   1.5310280e-02  -1.4871954e-03  -1.0112402e-03
  -1.5376568e-02  -7.7938084e-03   9.3611291e-01   1.6052654e-02  -4.5407407e-04  -2.2804361e-03
  -6.9224681e-02  -1.3199110e-01   9.2416402e-01   1.6133692e-02   3.0463217e-04  -2.1188485e-03
  -6.2196679e-02  -1.0079201e-01   7.8300305e-01   1.6084063e-02   2.6314535e-05  -2.3106916e-03
