   0.0000000e+00   0.0000000e+00   0.0000000e+00   1.3877788e-17   0.0000000e+00   0.0000000e+00
  -6.0782540e-02   7.8198650e-03  -1.1621853e-01   5.7611253e-04   1.0242561e-03   2.0088995e-04
  -1.4311923e-02   4.4902287e-03  -8.4457859e-02   1.7028528e-03   4.2533392e-04   1.8749844e-04
  -8.7813791e-03   1.7562176e-02   1.9200288e-01   1.7737599e-03   2.2271029e-04   1.8457475e-04
  -1.9982776e-02  -8.0162761e-02   8.2590776e-02   4.3240224e-03   7.2407682e-05   3.1059581e-04
  -2.5672458e-02  -1.4380822e-01   1.4845433e+00   2.0772103e-02   4.1098005e-03  -2.5464531e-03
   3.0993264e-03  -5.3987759e-01   8.6580981e-01   2.1192226e-02   4.7823877e-03  -7.4155136e-03
  -6.8771788e-02  -2.1050033e-01   4.2208695e-01   8.4582225e-03   4.4419569e-03  -1.8940608e-03
  -1.3562588e-01  -5.7403857e-03   5.2389104e-01   3.1226299e-03   5.3150901e-03  -8.2600634e-04
  -1.4261852e-01   1.2602569e-02   4.8310337e-01   3.0250140e-03   5.1117715e-03  -1.0786473e-03
  -8.1165486e-02   1.1938168e-01   5.3685952e-01   1.0836961e-04   3.5734812e-03  -7.6239901e-04
  -1.1426979e-01   4.7088588e-02   4.4457516e-01   9.8904382e-04   4.1392202e-03  -5.7871581e-04
  -1.0756049e-01   2.1395744e-01   5.3386389e-01  -1.2536690e-03   3.8715863e-03  -4.5737057e-04
  -1.2080795e-01   9.9995350e-02   4.3960314e-01   2.5183524e-04   4.3540080e-03  -2.3879045e-04
  -1.4222111e-01   1.8196723e-01   4.4033143e-01  -8.1379833e-04   4.8401999e-03  -2.0673824e-04
  -1.0465885e-01   1.2465057e-01   3.7881757e-01   4.7820528e-04   4.1172086e-03  -3.9333188e-04
  -1.4052140e-01   6.3448634e-02   2.6404986e-01   3.8847361e-03   4.6084127e-03   3.3239438e-04
  -1.5169953e-01  -4.1981821e-02  -4.0469549e-01   3.1813556e-03   4.2878473e-03  -8.2888381e-04
  -1.7098778e-01   2.6784503e-03   8.0138885e-03   2.9263211e-03   4.6177373e-03  -5.8170938e-04
  -1.6361319e-01   1.7160484e-01   3.1656244e-01   1.1197734e-03   4.2956786e-03  -6.2207315e-04
  -1.7684562e-01   3.4454660e-02   2.0027566e-01   1.2687096e-03   5.1003849e-03  -4.4801448e-04
  -1.7118089e-01   1.2118409e-01   3.1122869e-01  -3.7435678e-04   5.2294383e-03  -1.2473559e-04
  -1.4268597e-01   1.1970965e-01   3.0506706e-01   1.0007692e-03   4.4177485e-03  -2.1639063e-04
  -1.8224947e-01   1.4737779e-01   2.8071036e-01  -8.7828538e-04   5.3677028e-03  -1.1462171e-04
  -1.7357726e-01   2.0226799e-01   7.3916816e-01   2.1677772e-03   5.8657218e-03   4.7170870e-04
  -2.4447139e-01  -4.9462123e-02  -2.6565257e-01  -3.5102497e-04   6.8680107e-03  -3.2203478e-04
  -1.4862122e-01  -1.3152270e-01  -6.9272705e-01   4.4145384e-03   4.5154701e-03  -6.5465106e-04
  -5.6092700e-02   1.4705949e-01   1.7173541e+00   1.2693770e-02   4.2490826e-03  -2.2028954e-03
  -7.6100839e-02  -1.2841207e-01  -2.4889714e-01   6.5705512e-04   3.7866321e-03  -1.3720315e-03
  -9.2844797e-02   4.3220580e-02   9.6582411e-02   8.9795586e-04   3.4044807e-03  -1.2224701e-03
  -9.2853776e-02   6.4629304e-02   1.2932816e-01  -1.7936424e-04   3.4699545e-03  -1.2157727e-03
  -9.9988036e-02  -8.3538087e-02   1.1622347e-01   1.5635775e-03   3.4467518e-03  -1.4505213e-03
  -6.0125964e-02   1.2042731e-01   1.8086457e-01   2.7923786e-03   1.5004365e-03  -4.0766938e-04
  -6.2900349e-02   1.0347483e-02   2.7791363e-01   4.1287682e-04   2.7904631e-03  -3.5638414e-04
  -7.9256006e-02   3.6225349e-02   1.1195110e-01  -1.2642906e-04   3.1667805e-03  -5.2323040e-04
  -6.3799819e-02  -3.9065659e-02   3.6361729e-02   7.6890490e-04   2.8012439e-03  -3.7162139e-04
  -3.8909206e-02   1.3464377e-01   2.2139081e-01  -7.1469146e-04   1.8264917e-03  -3.5300541e-04
  -2.3882457e-02  -4.4203081e-03   1.9062303e-01   6.7001142e-05   1.8729758e-03  -3.0181931e-04
  -4.2233183e-02   1.3750859e-01   2.7854305e-01  -3.6670216e-04   1.9530334e-03  -4.2312497e-04
  -1.2280567e-01  -4.6816878e-02   1.1100334e-01   2.9714439e-03   2.9978054e-03  -3.0106591e-03
  -3.0153210e-01   4.3123338e-02   5.7490817e-01   7.2714216e-03   5.1487984e-03  -6.8308885e-03
  -1.3731285e-01  -3.7563975e-02   1.7920221e-02   1.5280234e-03   3.7848893e-03  -2.8052261e-03
  -1.2174249e-01   8.1210166e-02   8.1951834e-02  -3.0610435e-04   3.5857030e-03  -2.2791701e-03
  -1.1047860e-01   7.4907587e-03   7.7291778e-03   8.7248991e-04   3.4299726e-03  -1.9720806e-03
  -1.3869822e-01   1.0495288e-01   1.5650327e-01  -5.7144156e-04   3.9777243e-03  -2.1585310e-03
  -1.2240649e-01  -3.1517564e-03  -5.5010868e-02   7.3948692e-04   4.0239629e-03  -2.4645336e-03
  -1.3893676e-01   3.3940389e-02  -2.1560933e-02   1.5093967e-03   4.5004645e-03  -2.0138988e-03
  -1.2395863e-01   1.9764054e-01   7.7403725e-01   1.5315418e-03   5.3573806e-03  -1.2244763e-03
  -1.3568502e-01   1.4579122e-01   6.4156627e-01  -3.2944579e-04   5.4492014e-03  -1.1587116e-03
  -1.3539258e-01  -5.8055129e-02  -1.4888283e-01   2.0787214e-03   3.9161178e-03  -2.1496038e-03
  -1.6162128e-01  -3.6774120e-01  -1.3583291e+00   3.0460621e-03   4.5310776e-03  -2.3757551e-03
  -1.6428581e-01  -2.8183449e-01  -1.2400976e+00   2.7624946e-03   4.3346356e-03  -2.2488132e-03
  -1.0541565e-01  -1.5631790e-01  -9.1776198e-01   4.3829345e-03   2.8627814e-03  -1.2261254e-03
  -7.1613220e-02   1.5591792e-02  -7.4747323e-02   1.3632533e-03   2.1676399e-03  -1.0008621e-03
  -3.6592615e-02   1.5601878e-01   4.3639431e-01   2.1200526e-04   1.4191357e-03  -1.0048310e-03
  -4.6315142e-02   5.6941241e-02   1.1869508e-01   1.9706632e-04   2.0821272e-03  -9.5252370e-04
  -7.5708587e-02   5.2680894e-02   8.0267594e-02  -1.4045474e-04   2.5932636e-03  -9.0480308e-04
  -4.4164850e-02   7.6069050e-02   1.7436965e-01   8.0025948e-04   1.6631380e-03  -7.9641500e-04
  -4.6412523e-02   3.3720658e-02   4.4331479e-02   3.2612757e-04   1.8111594e-03  -9.6480974e-04
  -7.5001727e-02   1.0879825e-01   2.0793468e-01   3.1891908e-04   2.1451910e-03  -1.0048359e-03
  -6.0119716e-02  -1.0688493e-02   6.9614041e-02   1.0067190e-03   2.0470302e-03  -1.0853592e-03
  -8.6581978e-02   7.2354350e-02   1.8222849e-01   2.4473016e-04   2.7879335e-03  -1.1318304e-03
  -8.2040268e-02   1.9412591e-02   1.7777459e-01   7.7718524e-04   3.0330528e-03  -9.5482638e-04
  -8.0645110e-02   9.9676636e-02   2.1110447e-01  -5.2090195e-04   2.8226795e-03  -8.5534610e-04
  -5.3070135e-02   7.6091683e-02   3.0900676e-01   8.0257082e-04   2.0086092e-03  -6.8599292e-04
  -1.1581974e-01   7.9689839e-02   3.8047757e-01  -5.1391363e-04   3.4238396e-03  -1.4264188e-03
  -8.9715110e-02   9.5072463e-02   2.3024389e-01  -4.4550522e-04   3.0470260e-03  -6.7432313e-04
  -6.3956765e-02   6.7270939e-02   4.0672242e-01   1.6051225e-03   2.2019107e-03  -7.9670728e-04
  -6.8885360e-02   7.6163748e-02   2.6346377e-01   1.5464907e-04   2.2337967e-03  -8.9053438e-04
  -9.1782854e-02   1.5572900e-01   4.4537488e-01   3.8967719e-04   2.6410010e-03  -8.1193845e-04
  -4.4864541e-02   2.0452089e-02   3.0017779e-01   1.4589942e-04   1.8730893e-03  -6.0029616e-04
  -6.8701671e-02   1.6680013e-01   5.0632505e-01  -4.0742806e-04   2.2581830e-03  -7.6115972e-04
  -5.2990805e-02   6.1531987e-02   3.1018715e-01  -1.8789957e-04   2.2130607e-03  -5.7133586e-04
  -7.0035977e-02   1.0649991e-01   3.9111168e-01  -9.7911866e-04   2.5129732e-03  -5.5533075e-04
  -4.2130200e-02   7.5294062e-02   3.6616988e-01   3.0290583e-05   2.0218904e-03  -5.7799057e-04
  -7.7297796e-02   1.3200611e-01   3.2009101e-01  -1.3612829e-03   2.5570040e-03  -4.7928242e-04
  -7.4653694e-02   1.2497478e-01   4.5430114e-01   1.7263997e-04   2.5092238e-03  -3.6782751e-04
  -5.1833997e-02   9.5156013e-02   2.7877747e-01  -9.8584682e-04   2.0411179e-03  -5.3967348e-04
  -7.9975291e-02   1.3966317e-01   3.2144050e-01  -7.7882684e-04   2.0493266e-03  -7.4823274e-04
  -9.7337650e-02  -2.1622582e-01  -6.4162860e-01   3.6646709e-03   2.0563962e-03  -1.3711812e-03
  -1.2156427e-01  -2.4139870e-01  -7.8758468e-01   4.9886946e-03   2.4709524e-03  -1.6628172e-03
  -8.5469343e-02  -1.5822684e-02  -1.2503317e-01   4.1198150e-03   1.4377395e-03  -1.2323158e-03
  -7.7938209e-02  -4.0521305e-02  -7.4889982e-02   2.5391163e-03   2.1645230e-03  -1.1648633e-03
  -9.0098070e-02  -1.0689599e-02  -6.4878790e-02   1.4529092e-03   2.3778079e-03  -1.3769298e-03
  -7.0831150e-02   1.1010021e-02  -7.7745834e-03   1.7447159e-03   2.1200328e-03  -9.7955246e-04
  -6.0492308e-02   1.6836996e-03  -4.5796512e-02   1.2737224e-03   1.8629931e-03  -7.8277199e-04
  -6.3786475e-02   4.1126680e-02   5.2961504e-02   1.2860599e-03   2.0579973e-03  -8.8610593e-04
  -6.3840875e-02  -2.1627600e-02  -7.6343339e-03   1.8623646e-03   2.2378746e-03  -1.0286051e-03
  -9.0237838e-02   6.7446643e-02  -7.3061929e-02   2.4350451e-04   2.6252145e-03  -9.9118947e-04
  -4.1840097e-02   6.0837108e-02   3.3126986e-01   2.0790022e-03   1.4785836e-03  -6.6921677e-04
  -5.0175595e-02   5.7295540e-02   1.4537527e-01   1.8963205e-04   1.9354612e-03  -7.5499068e-04
  -6.3035689e-02   1.2388212e-01   2.2499726e-01   1.2722530e-04   1.9523130e-03  -6.9819715e-04
  -4.5992334e-02  -3.3439698e-03   3.8414050e-02   6.5030130e-04   1.9293472e-03  -6.0367532e-04
  -5.9964581e-02   7.4817419e-02   1.7407359e-01  -6.9193885e-05   2.1817916e-03  -8.2037774e-04
  -5.6781920e-02   9.0832654e-02   2.9447944e-01   1.0187901e-03   1.8238055e-03  -6.0653501e-04
  -4.7699129e-02   3.6242650e-02   1.8883842e-01   8.3256328e-04   1.7656834e-03  -5.7835200e-04
  -1.0950594e-01   2.5509775e-01   8.8955946e-01   1.3932393e-03   4.9050465e-03   1.1745803e-03
  -2.2365950e-01   2.4501612e-01   1.2161779e+00  -2.4563491e-03   9.3297568e-03   1.4851772e-03
  -1.8063523e-01   4.0107399e-01   1.7890882e+00  -2.6712991e-03   7.9590240e-03   2.5081780e-03
  -2.3570372e-01   3.8357726e-01   1.9922859e+00  -4.1589486e-03   1.0119565e-02   2.7372460e-03
  -2.1872656e-01   4.1681996e-01   1.9899655e+00  -5.2838170e-03   9.6843392e-03   2.8517626e-03
  -2.1017886e-01   3.6128921e-01   1.9163152e+00  -4.3623837e-03   9.6438873e-03   2.7072151e-03
  -2.1586590e-01   4.3020729e-01   1.9129438e+00  -5.0369880e-03   9.6023144e-03   2.8294427e-03
  -1.0507534e-01   2.8312277e-01   9.8791504e-01  -5.5121109e-03   6.2893630e-03   3.3738101e-04
  -8.8092960e-02   1.6175057e-01   3.2018629e-01  -2.8202911e-03   4.2559992e-03  -5.9234746e-06
  -8.4609355e-02   2.2362150e-01   4.7748085e-01  -1.7704118e-03   3.7335106e-03  -2.8139732e-04
  -1.0052506e-01   1.1235508e-01   5.1061803e-01   9.0413936e-04   4.2695291e-03  -3.2460594e-04
  -1.4089243e-01  -1.3170767e-01  -4.0490065e-01   1.8035417e-03   4.0471568e-03  -1.3195000e-03
  -1.0525787e-01  -1.7820351e-01  -6.5935322e-01   2.8769510e-03   3.2859649e-03  -1.3422127e-03
  -1.2108837e-01  -9.6645369e-02  -5.2310249e-01   3.0440256e-03   3.6235015e-03  -9.3909420e-04
  -8.9179908e-02   1.7709363e-02  -1.2744234e-01   3.2398065e-03   2.8197183e-03  -6.0036877e-04
  -9.4027237e-02   5.8320105e-02  -4.4785018e-02  -9.1491053e-05   3.2613116e-03  -9.3265046e-04
  -1.1239112e-01   1.4889372e-01   7.8454180e-02  -2.1204316e-04   3.4169804e-03  -7.5982895e-04
  -1.2638003e-01   9.9963992e-02   4.7810028e-01   2.1780115e-03   5.1128967e-03   2.3584493e-04
  -1.3353858e-01   1.6087955e-01   2.2651865e-01  -1.4457583e-03   5.0210539e-03  -5.1549550e-04
  -1.0418689e-01   1.1722551e-01   1.8078820e-01   2.0111470e-04   3.9059411e-03  -7.4226243e-04
  -1.1642692e-01   1.4658482e-01   3.4558107e-01  -3.9011010e-04   4.5039320e-03  -4.1800894e-04
  -1.5257580e-01   1.7742395e-01   7.2650608e-01   8.7795210e-04   5.9175112e-03   4.5339354e-05
  -1.6824549e-01   1.7887600e-01   5.6698001e-01  -6.3908757e-04   6.1578919e-03  -2.4414885e-04
  -1.4480868e-01   1.9183564e-01   7.4823148e-01   5.0708040e-04   5.6478099e-03   1.1574839e-04
  -1.7447249e-01   1.5654283e-01   6.7365093e-01  -4.8496196e-04   6.5845121e-03   1.6890350e-04
  -1.0314876e-01   1.9301519e-01   3.2543185e-01  -1.2441354e-03   4.6278792e-03  -3.0153195e-04
  -1.0346174e-01   5.7320720e-02   2.3964257e-01   6.3086380e-04   4.5532177e-03  -3.7187021e-04
  -1.2679044e-01   1.1159409e-01   2.8147363e-01   2.2232232e-04   4.9940341e-03  -4.7457005e-04
  -1.5920614e-01   2.0269320e-02   2.9768212e-01   4.7474809e-03   6.7201301e-03  -8.3380626e-04
  -1.7814184e-01   2.4929248e-02   3.5518866e-01   4.5352142e-03   7.1232243e-03  -1.0627545e-03
  -1.6231358e-01   2.3249975e-02   3.9780636e-01   4.3476934e-03   6.3206854e-03  -1.0829718e-03
  -1.5081274e-01  -1.7542349e-02   3.0692517e-01   3.6317921e-03   6.2019776e-03  -1.3048299e-03
  -1.5856856e-01   7.7861439e-02   3.7857595e-01   3.4392328e-03   6.1773589e-03  -1.2002282e-03
  -1.4028300e-01  -8.7863888e-02   3.2081964e-01   4.7211563e-03   6.0588130e-03  -1.4996941e-03
  -7.4015851e-02   4.7405907e-02   4.5310750e-01   2.6058738e-03   4.3732421e-03  -1.0022432e-03
  -8.4701138e-02  -2.3765697e-03   4.2691183e-01   2.7675129e-03   4.7501148e-03  -5.7126197e-04
  -8.5916386e-02   1.7826161e-01   4.6456240e-01   2.7004520e-04   4.9397394e-03  -7.4003898e-04
  -1.0457867e-01   2.5834037e-02   3.8357041e-01   1.8547045e-03   5.4658147e-03  -5.2377388e-04
  -1.3717570e-01   1.2104466e-01   4.4531877e-01   1.3092942e-03   5.7816721e-03  -7.7839386e-04
  -1.9962910e-01   2.5023880e-01   1.2177641e+00   8.7708334e-03   7.8898879e-03   8.2073343e-04
  -1.2211226e-01   4.4286672e-01   2.4079942e+00   6.5363584e-03   6.0283998e-03   5.7221578e-04
  -1.3590168e-01  -5.1952579e-02   8.2338085e-01   3.8148854e-04   5.8684795e-03  -1.3041989e-03
  -1.1609905e-01  -3.0001641e-01  -5.3756419e-01   5.4159360e-03   3.4591769e-03  -1.6136416e-03
  -1.3919450e-01  -1.9959795e-01  -4.3185766e-01   4.6865325e-03   3.5346804e-03  -1.8166071e-03
  -1.9202163e-01  -6.3502398e-02   1.4573987e-01   7.4137473e-03   5.6066227e-03  -7.7311536e-04
  -2.4766739e-01   7.4795581e-02   1.1344679e+00   5.0059671e-03   9.1574396e-03   1.0349432e-03
  -1.1905895e-01  -3.0406172e-02   1.0451275e+00   8.0290468e-03   6.1782900e-03   5.2498246e-04
   2.7573290e-02  -1.1254600e-01   9.9343346e-01   1.0207445e-02   2.0102975e-03  -4.8458526e-04
  -2.6118494e-01  -8.3661781e-01  -2.1514169e-01   1.5520093e-02   6.1364862e-03  -2.7279980e-03
  -1.6217288e-01  -1.0629896e+00  -6.4487394e-01   2.0108031e-02   2.4585108e-03  -1.0984692e-03
  -1.5795859e-01  -3.5605580e-01  -1.3782221e-01   7.3249192e-03   3.6751278e-03  -9.1507628e-04
  -2.2640155e-01  -7.2982589e-02   7.6639467e-01   6.4003860e-03   6.4161439e-03   2.2873266e-04
  -1.9643337e-01  -1.5064174e-01   7.6564004e-01   7.5620421e-03   5.7754337e-03   9.0555024e-04
  -9.1572155e-02  -2.9478423e-01  -4.5498527e-02   7.8041120e-03   2.4205656e-03  -4.2623285e-04
  -1.2608290e-01  -5.4750255e-01  -6.9436722e-01   1.0265713e-02   1.9278417e-03  -1.1443494e-03
  -9.3006161e-02  -4.4753462e-01  -2.5543187e-01   1.3337687e-02   1.2092738e-03  -1.3638842e-03
  -9.8970306e-02  -6.8766436e-01  -1.1017213e+00   1.3334127e-02   2.0251615e-03  -8.0582867e-04
  -6.3828490e-02  -2.7886913e-01  -7.0232776e-02   1.2467475e-02   2.9638013e-04   5.3227824e-04
  -1.4752174e-01  -2.1696156e-01   8.8880531e-01   1.2048355e-02   4.5199215e-03   1.4375265e-03
  -1.2479400e-01  -1.1131091e-01   1.3191740e+00   1.2235997e-02   3.8714087e-03   2.5363833e-03
  -1.6236279e-01  -2.0289813e-01   1.2186240e+00   1.1884835e-02   5.4849075e-03   2.4915201e-03
  -8.6986612e-02  -1.9340317e-01   7.1906605e-01   9.5181169e-03   3.1562648e-03   8.5284937e-04
  -9.0591846e-02  -4.9900526e-01  -4.9055849e-01   8.8402219e-03   2.4546695e-03   3.3075497e-05
  -8.1574580e-02  -4.7360831e-01  -7.6684707e-01   9.4999679e-03   2.7702489e-03  -5.6316387e-04
  -9.4326822e-02  -4.7256179e-01  -8.7660457e-01   9.8824191e-03   3.7018932e-03  -2.0704969e-04
  -8.9199748e-02  -2.0082298e-02   2.2754212e-01   1.1082919e-02   2.4393553e-03   1.6111928e-03
  -1.0953455e-01   4.4835271e-03   1.2584096e+00   6.6744541e-03   4.8302250e-03   2.6717976e-03
  -1.4937329e-01   7.3921670e-02   1.2827537e+00   5.6064101e-03   5.9124473e-03   2.7292356e-03
  -1.3180015e-01   1.7683753e-02   1.4393098e+00   6.9820030e-03   5.3785613e-03   2.2495441e-03
  -1.5514244e-01   1.2875350e-02   1.2851675e+00   5.8354666e-03   6.4109628e-03   2.2239866e-03
  -1.4033330e-01   1.0795491e-01   1.3547951e+00   5.1518091e-03   5.8861954e-03   2.1213338e-03
  -1.3393627e-01  -8.5643839e-02   9.2373045e-01   6.1146762e-03   5.6289750e-03   1.3682491e-03
  -7.0591510e-02  -3.8401512e-02   4.5658061e-01   6.1445141e-03   4.2555844e-03   2.4079182e-04
  -9.1505195e-02  -2.3491055e-01   2.8539531e-01   8.7509379e-03   4.3155496e-03   6.5809136e-04
  -1.2151153e-01  -1.0820052e-01   4.7137247e-01   9.5684934e-03   3.9304142e-03   8.2274302e-04
  -1.0783781e-01  -2.2301413e-01   3.1292198e-01   9.3426828e-03   4.4075436e-03   5.7030005e-04
  -1.3236274e-01  -1.0844204e-01   5.0591703e-01   8.5518328e-03   3.9656280e-03   4.9672602e-04
  -1.0444873e-01  -2.2309846e-01   4.6139582e-01   1.0972684e-02   4.4916056e-03  -3.1386348e-04
  -1.5034800e-01  -5.0203774e-02   5.3506710e-01   6.2006148e-03   5.6641343e-03  -7.5933975e-04
  -1.4850311e-01  -4.3537699e-02   6.3545384e-01   5.9778452e-03   4.8867409e-03  -2.9284291e-04
  -1.4980433e-01  -5.0864694e-02   3.8099231e-01   4.8007464e-03   5.0795636e-03  -5.2001040e-04
  -1.4580725e-01   1.0926812e-02   6.2960976e-01   5.5331508e-03   4.4016272e-03  -4.5969035e-04
  -1.3006695e-01  -6.3815353e-02   4.3291287e-01   4.4880421e-03   4.3068602e-03  -2.6186124e-04
  -1.3864253e-01   7.4993191e-03   5.1775000e-01   4.1294506e-03   4.2165503e-03   8.2299468e-05
  -1.5472245e-01  -1.8835980e-01   1.0326008e+00   1.7096071e-02   4.2186729e-03  -8.6466147e-04
  -7.0794954e-02  -6.5208904e-01  -2.0380848e-01   1.6247326e-02   2.7122092e-03  -2.4404568e-04
  -1.5710619e-01  -5.8276639e-01  -8.3539631e-01   1.3965153e-02   3.4369504e-03   9.1789501e-04
  -2.0842982e-01  -5.3947476e-01  -9.3454558e-01   1.2665440e-02   4.0149300e-03   6.4139856e-04
  -1.6922406e-01  -4.1734804e-01  -7.5014220e-01   1.1939711e-02   2.8057259e-03   1.1634685e-03
  -1.6068476e-01  -2.3590790e-01  -2.8403635e-01   9.4145430e-03   2.3646380e-03   1.6410434e-03
  -1.3164094e-01  -2.2324578e-01  -1.0545164e-01   1.0139238e-02   1.9017929e-03   1.5925587e-03
  -1.9333143e-02  -3.1747506e-01   3.8224218e-01   1.6217687e-02   1.2469957e-03   1.5091468e-03
