   0.0000000e+00   0.0000000e+00   0.0000000e+00   0.0000000e+00   0.0000000e+00   0.0000000e+00
  -1.2652391e-03  -1.0394647e-02  -1.1480017e-01  -1.2795944e-03   2.2583501e-04  -7.5106372e-06
   3.5065642e-03   5.3133247e-02  -4.0629779e-02  -1.6588489e-03   1.8099006e-04  -3.5144573e-05
   7.8259663e-03  -5.1580024e-02  -1.6000944e-01  -6.3614755e-04   3.3954521e-04   7.0143451e-05
   1.2486842e-02   2.2525749e-02  -5.4476196e-02  -1.1147240e-03   3.2929961e-04  -7.5633915e-05
   2.3906168e-02  -8.7575061e-02  -1.3560789e-01   2.4363009e-04   4.8067279e-04  -1.9403981e-04
   1.0523713e-02  -2.3047733e-02  -6.6272706e-02  -4.1021890e-04   1.1987033e-03  -1.6298807e-04
   3.9487980e-02  -5.4154068e-02  -4.3280706e-02   3.6730547e-04   6.0490216e-04  -1.9950995e-04
   2.5918721e-02  -3.1050073e-02  -7.9019141e-02  -3.5635563e-04   9.7381265e-04  -1.6639864e-04
   5.4345193e-02  -2.1411012e-02  -1.8042919e-02   1.6738186e-04   3.8892876e-04   6.5409376e-05
   2.7428608e-02  -4.7891718e-02  -9.5235711e-02  -2.4286998e-04   7.0438549e-04  -2.5570604e-05
  -2.3199711e-03   3.7030024e-02  -6.9766389e-03  -1.0910239e-03   1.1419050e-03   3.3179251e-04
  -3.6719165e-02  -2.9159954e-02  -1.2773945e-01  -1.2098481e-04   2.0236085e-03  -5.6131305e-04
  -1.6577001e-01  -2.2290171e-01  -6.0355235e-01   3.6209190e-03   4.2024433e-03  -3.9101473e-03
  -1.8719719e-01  -5.5884008e-01  -7.9785115e-01   9.9850714e-03   4.3495490e-03  -6.4866100e-03
  -2.2531619e-01  -5.5554081e-01  -1.1135379e+00   1.5343636e-02   5.2919890e-03  -7.9587905e-03
  -2.6550301e-01  -1.1158039e+00  -1.2895323e+00   2.7843436e-02   5.9692791e-03  -1.0637914e-02
  -1.8447081e-01  -1.2488731e+00  -1.5090472e+00   2.8864556e-02   3.8645959e-03  -1.0376812e-02
  -1.3350847e-01  -1.0602355e+00  -1.1612730e+00   2.6287792e-02   2.1065754e-03  -9.1615363e-03
  -8.0623685e-02  -9.3225771e-01  -1.2694970e+00   2.0483069e-02   2.2646058e-03  -8.5003796e-03
  -1.0399053e-01  -8.6629785e-01  -1.2438078e+00   1.9476788e-02   2.7567613e-03  -8.1374895e-03
  -7.3344980e-02  -7.7548980e-01  -1.0748547e+00   1.8878569e-02   1.9722152e-03  -7.6219011e-03
  -7.0768721e-02  -8.0543359e-01  -1.1864669e+00   1.7197275e-02   2.2019572e-03  -7.1274453e-03
  -7.2451172e-02  -6.6894297e-01  -1.0686116e+00   1.5413227e-02   2.2473507e-03  -6.8294038e-03
  -2.1921753e-02  -7.1131786e-01  -1.1091874e+00   1.6487974e-02   1.3568910e-03  -6.6646457e-03
  -4.1976251e-02  -6.6711403e-01  -7.7965557e-01   1.5834065e-02   1.5231811e-03  -5.9743744e-03
  -3.0231664e-02  -5.6180972e-01  -6.9115924e-01   1.5232044e-02   1.6956404e-03  -6.1637064e-03
  -4.1872614e-02  -6.2762032e-01  -7.7065061e-01   1.4636281e-02   2.2480530e-03  -5.9518485e-03
  -2.3157800e-02  -4.7129692e-01  -5.6942589e-01   1.1488872e-02   1.8050371e-03  -5.4430732e-03
  -1.5489503e-02  -5.0012747e-01  -6.1441558e-01   1.1633759e-02   2.0111498e-03  -5.7072137e-03
  -3.6149639e-02  -4.8127923e-01  -5.3692021e-01   1.2244108e-02   2.4506627e-03  -5.5976851e-03
   2.8252946e-03  -5.4300793e-01  -5.7039877e-01   1.3125061e-02   1.7266473e-03  -5.6054413e-03
  -2.4473635e-02  -4.6432673e-01  -5.6555452e-01   1.0933389e-02   2.2695669e-03  -5.2974637e-03
  -1.6624098e-02  -4.4498613e-01  -4.9001325e-01   1.2096876e-02   2.0830559e-03  -5.7407302e-03
  -1.9070535e-02  -5.4845137e-01  -6.3836441e-01   1.2060752e-02   2.3575916e-03  -5.8353183e-03
  -2.8340992e-02  -4.1923371e-01  -4.8393858e-01   1.1054087e-02   2.2065668e-03  -5.6095915e-03
   1.9966187e-02  -4.7283559e-01  -4.0912959e-01   1.3380406e-02   1.1546890e-03  -5.5741403e-03
   1.6401433e-01  -7.1984011e-02   7.5927851e-01   9.6164622e-03  -1.1461190e-03  -6.4289968e-03
  -3.7136642e-03  -4.5561866e-01  -8.8807878e-01   4.8924546e-03   3.2960749e-03  -6.1208637e-03
  -2.4707145e-02  -4.1922214e-01  -4.7972120e-01   8.5248133e-03   1.9528768e-03  -6.1598974e-03
  -7.0008947e-02  -4.4725518e-01  -4.8447794e-01   1.0890506e-02   2.9224465e-03  -6.8405428e-03
  -3.9016003e-02  -4.8001168e-01  -4.5743536e-01   1.0841370e-02   2.4136713e-03  -6.0957458e-03
  -2.9772325e-02  -3.8913835e-01  -4.1316487e-01   9.0276447e-03   2.3982177e-03  -6.2633338e-03
  -1.2021407e-01  -2.0718931e-01   4.8438036e-01   1.1664978e-02   5.4419937e-03  -3.8935695e-03
  -1.3003692e-01  -1.3577279e-01   9.9117559e-01   6.9934268e-03   7.1097880e-03  -3.5405822e-03
  -5.9925169e-02  -3.3639562e-01   5.9994999e-02   7.8734091e-03   4.6553484e-03  -5.2137205e-03
  -9.3675766e-03  -3.7663939e-01  -1.8520823e-01   8.5384931e-03   3.1438847e-03  -4.9472334e-03
  -2.1227620e-02  -3.2434205e-01  -2.1858251e-01   9.1271326e-03   2.8367220e-03  -5.1247654e-03
  -4.1407320e-02  -3.2072327e-01  -1.7797277e-01   1.0534182e-02   3.2450559e-03  -5.2511153e-03
  -7.0398086e-02  -4.2593220e-01  -2.5103412e-01   1.1630414e-02   4.3644992e-03  -5.8141798e-03
  -1.6713217e-01  -6.3998770e-01  -1.1540075e+00   1.3128728e-02   6.3196480e-03  -7.0768874e-03
  -1.3598708e-01  -7.6587230e-01  -1.4432045e+00   1.4419431e-02   5.8668050e-03  -6.5139704e-03
  -9.9312787e-02  -4.8377994e-01  -6.1202785e-01   1.5401675e-02   4.0372003e-03  -5.7288613e-03
  -7.9640244e-02  -5.5184025e-01  -6.7548063e-01   1.2405477e-02   4.4051211e-03  -6.2549109e-03
  -8.0996661e-02  -4.2503800e-01  -5.3260813e-01   1.1381832e-02   4.1609240e-03  -6.1608153e-03
  -4.1347372e-02  -3.3818455e-01  -5.2823997e-01   8.1781100e-03   3.4805513e-03  -5.4987695e-03
   1.0375460e-03   5.1291811e-02   1.2463717e-01  -5.5386517e-04   3.8887079e-03  -6.0329860e-03
  -6.1671740e-02  -2.6351394e-01  -4.9519830e-01   4.0087766e-03   4.0585733e-03  -4.3400937e-03
  -6.3298621e-02  -3.4428253e-01  -5.9600008e-01   7.1751405e-03   4.2240055e-03  -4.5049186e-03
  -6.1063543e-02  -3.3201891e-01  -5.1573114e-01   8.2184998e-03   3.6985403e-03  -4.6153411e-03
  -6.4051191e-02  -3.4566889e-01  -5.2915094e-01   7.4044826e-03   3.9484744e-03  -4.6661700e-03
  -1.1872129e-01  -2.8646177e-01  -3.4108015e-01   9.6508060e-03   5.2485732e-03  -4.4664027e-03
  -1.1547759e-01  -3.7435022e-01  -5.1523165e-01   8.7065721e-03   4.9031015e-03  -5.4191236e-03
  -1.3314729e-01  -2.5665952e-01  -3.4572536e-01   7.4697280e-03   5.0853099e-03  -5.2343127e-03
  -1.0090932e-01  -3.8001176e-01  -4.6356692e-01   8.2841290e-03   4.7205141e-03  -5.4201629e-03
  -1.1728024e-01  -3.0773059e-01  -4.0144474e-01   7.1222517e-03   5.2439894e-03  -5.2838120e-03
  -1.1582649e-01  -3.4442743e-01  -4.4613829e-01   7.6686118e-03   5.2853345e-03  -5.3112916e-03
  -1.3806592e-01  -3.4313582e-01  -4.9502076e-01   7.1416209e-03   5.6567903e-03  -5.2703839e-03
  -1.0841835e-01  -3.3709417e-01  -4.5822635e-01   7.5890346e-03   5.1257068e-03  -5.2440715e-03
  -1.2239713e-01  -3.1179498e-01  -4.3669458e-01   7.4224189e-03   5.5372561e-03  -4.8764821e-03
  -6.7641086e-02  -3.2458802e-01  -4.4676888e-01   7.6963804e-03   4.8118882e-03  -4.9274528e-03
  -7.5523343e-02  -3.7822554e-01  -4.6898547e-01   7.7797647e-03   5.0250341e-03  -4.5581172e-03
  -5.3889331e-02  -2.0051326e-01  -4.1259741e-01   5.3811046e-03   4.6301223e-03  -4.7079483e-03
  -9.1503541e-02  -3.0514413e-01  -5.0281726e-01   6.4474580e-03   5.4363229e-03  -4.6515109e-03
  -6.6807419e-02  -2.4264558e-01  -3.4298400e-01   6.5585362e-03   4.5865654e-03  -4.9247774e-03
   2.6384149e-02  -3.1918280e-01  -1.2798840e-01   9.8857435e-03   2.4178363e-03  -6.1404071e-03
   1.7489163e-01  -4.1269468e-01  -4.2978444e-01   9.6576846e-03  -7.4529855e-04  -8.3581535e-03
   1.9252542e-01  -5.6360708e-01  -5.1020536e-01   1.2367895e-02  -1.7267636e-03  -8.3954143e-03
  -3.6187958e-02  -4.4428157e-01  -9.5625493e-01   6.8368771e-03   2.3791845e-03  -7.1186973e-03
  -4.9444031e-02  -4.0128368e-01  -1.2283390e+00   3.1840600e-03   2.8017033e-03  -6.3664879e-03
  -5.7197472e-02  -3.2259938e-01  -1.1253995e+00   2.3454177e-03   2.8811750e-03  -6.4472502e-03
  -4.2775113e-02  -2.2956609e-01  -9.9162497e-01   1.6094962e-03   2.2567490e-03  -6.0685850e-03
  -3.7711564e-02  -2.9582666e-01  -1.0434671e+00   1.6975848e-03   2.3535243e-03  -5.8985308e-03
  -1.0725152e-02  -1.4117109e-01  -8.5976463e-01   2.4970067e-04   1.3089353e-03  -5.9069892e-03
  -3.5485906e-02  -2.3580350e-01  -9.5045508e-01   4.6869040e-04   2.2482295e-03  -5.8901502e-03
  -3.7242843e-02  -1.3071336e-01  -8.0020846e-01   1.2660754e-04   2.1637089e-03  -5.4256264e-03
  -3.0690297e-02  -1.1935509e-01  -4.4968663e-01   3.7551352e-03   3.5664979e-03  -4.4027952e-03
  -1.6137053e-01  -3.5738782e-02   3.7720789e-01   4.0477668e-03   7.0341891e-03  -3.0013102e-03
  -2.1405243e-02  -2.9089499e-01  -9.9638502e-01   4.5823844e-03   2.2532247e-03  -4.2724636e-03
  -8.4323864e-02  -3.3457857e-01  -9.7348349e-01   6.2322704e-03   3.9839873e-03  -4.3603254e-03
  -6.2772984e-02  -2.5132222e-01  -5.3106997e-01   8.1838640e-03   3.1724438e-03  -4.5872355e-03
  -1.0831371e-01  -3.2100089e-01  -8.6661963e-01   5.0451630e-03   4.5166739e-03  -4.9062084e-03
  -3.7839095e-02  -2.3522787e-01  -7.0540977e-01   4.3896442e-03   3.0494384e-03  -5.0606896e-03
  -8.1638936e-02  -3.4150979e-01  -8.6159237e-01   4.5710595e-03   4.4708692e-03  -4.9198360e-03
  -5.4742378e-02  -2.4374265e-01  -7.2741325e-01   3.7704552e-03   4.0761048e-03  -5.0860141e-03
  -6.3627718e-02  -3.0108356e-01  -8.2671481e-01   4.1142545e-03   4.3260664e-03  -4.9855959e-03
  -7.4941755e-02  -2.4402872e-01  -8.0898549e-01   3.0326563e-03   4.2111192e-03  -4.9833155e-03
  -6.9133552e-02  -2.4329607e-01  -7.7135392e-01   3.8115081e-03   3.9572458e-03  -5.0791975e-03
  -9.6548906e-02  -2.4166168e-01  -8.2313358e-01   2.8964710e-03   4.4007289e-03  -5.0800964e-03
  -9.3229336e-02  -2.3216817e-01  -7.2686984e-01   4.6603843e-03   4.0297231e-03  -5.4574275e-03
  -1.1305330e-01  -3.5322756e-01  -1.1770338e+00   4.3424245e-03   4.8072531e-03  -6.0095770e-03
  -8.5552806e-02  -2.6758787e-01  -9.9174769e-01   4.4939610e-03   4.4645435e-03  -5.8044199e-03
  -1.2637068e-01  -1.6782848e-01  -4.3703798e-01   4.0998467e-03   6.2679401e-03  -5.2434546e-03
  -1.3669157e-01  -1.5847549e-01  -4.4545183e-01   2.3051609e-03   6.5940751e-03  -5.2823137e-03
  -5.5324221e-02  -2.4959394e-01  -7.8143780e-01   3.7021267e-03   4.4232922e-03  -5.9451876e-03
  -7.8903000e-02  -4.3934546e-01  -1.5622032e+00   3.7842895e-03   4.0648928e-03  -5.5731867e-03
  -9.7427585e-02  -4.0492539e-01  -1.6241521e+00   3.4507651e-03   3.5963737e-03  -6.6923932e-03
  -6.6412701e-02  -4.8212832e-01  -1.9932372e+00   2.5391925e-03   2.9943432e-03  -6.2250951e-03
  -3.3117189e-02  -2.2910184e-01  -1.2849123e+00   2.9608929e-03   1.4938509e-03  -5.2284158e-03
  -5.7942576e-03  -2.9571367e-01  -1.1484204e+00   3.5418903e-03   1.6075417e-03  -5.9046328e-03
  -4.9137913e-02  -2.8744904e-01  -1.1810789e+00   2.2570352e-03   2.4099480e-03  -6.4144210e-03
  -2.2571661e-02  -3.0775145e-01  -1.0902669e+00   3.0624199e-03   1.9888762e-03  -6.4036327e-03
  -5.0574183e-02  -3.2033766e-01  -1.1777617e+00   2.9663646e-03   2.7163323e-03  -6.4629963e-03
  -9.3256355e-03  -2.4862738e-01  -1.0774132e+00   3.1098218e-03   2.0237521e-03  -6.4165819e-03
  -5.4037164e-02  -2.8861802e-01  -1.1072090e+00   2.2563369e-03   3.3051672e-03  -6.3544668e-03
  -2.5467152e-02  -1.6785899e-01  -9.9663975e-01   7.5745102e-04   2.4237288e-03  -5.9216420e-03
  -2.7124959e-02  -2.8043005e-01  -1.0491690e+00   1.6170047e-03   2.8325398e-03  -5.8295313e-03
  -3.6981661e-02  -1.9434057e-01  -9.4958884e-01   1.1352557e-03   2.9782207e-03  -5.9043512e-03
  -3.9163974e-02  -2.3671966e-01  -8.0559218e-01   3.6573186e-03   3.7718657e-03  -5.8322679e-03
  -9.1222746e-02  -2.1087809e-01  -7.2613969e-01   2.2876986e-03   5.0144417e-03  -6.1629982e-03
   7.8605465e-04  -2.2520331e-01  -8.0196000e-01   2.8626587e-03   2.5965073e-03  -6.2714378e-03
  -2.9356487e-02  -3.0016004e-01  -9.1386371e-01   3.6421343e-03   3.1922540e-03  -6.4213203e-03
  -4.4670279e-02  -1.6316420e-01  -7.5932501e-01   1.8846949e-03   3.3930379e-03  -6.2325216e-03
  -2.6097992e-02  -2.4590376e-01  -8.5143456e-01   2.7098494e-03   3.4071594e-03  -6.1639768e-03
  -5.4578057e-02  -2.4669749e-01  -9.0906979e-01   2.4673659e-03   4.1392982e-03  -6.2566057e-03
  -4.9389823e-02  -2.6368722e-01  -8.8621026e-01   3.7931665e-03   4.0794077e-03  -6.3598795e-03
  -4.4058956e-02  -2.9492006e-01  -1.0473879e+00   2.6179089e-03   3.8199875e-03  -6.0079673e-03
  -2.9011950e-02  -1.0333907e-01  -4.2742006e-01   1.3242393e-03   3.1069359e-03  -5.6689402e-03
  -2.6853843e-02  -2.3202936e-01  -7.7237124e-01   2.5705102e-03   3.6933097e-03  -6.1280862e-03
  -5.4069092e-02  -1.7304704e-01  -6.3137241e-01   2.0439387e-03   4.3841851e-03  -6.0831990e-03
  -4.9315643e-02  -1.4982561e-01  -4.9727014e-01   2.3592708e-03   4.5736066e-03  -6.2095604e-03
  -4.5326513e-02  -2.1618098e-01  -5.7588975e-01   3.2487865e-03   4.5606836e-03  -6.1896356e-03
  -7.4376630e-02  -2.6659097e-01  -6.1669860e-01   3.6652006e-03   5.2160555e-03  -6.4025135e-03
  -7.1680164e-02  -1.3619761e-01  -4.9540670e-01   2.9108426e-03   5.2227773e-03  -6.4253961e-03
  -7.1837368e-02  -2.5741121e-01  -6.6573468e-01   3.2587762e-03   5.3854041e-03  -6.3811310e-03
  -1.4403997e-01  -8.1142086e-02  -1.1180651e-02   4.4478587e-03   9.0007895e-03  -6.0834503e-03
  -1.7767026e-01  -2.0859540e-01  -2.2823906e-02   5.6328474e-03   1.0424146e-02  -6.3838606e-03
  -1.4257330e-01  -2.6586499e-01  -1.8243571e-01   6.3859021e-03   9.0223887e-03  -6.7347816e-03
  -1.5594754e-01  -3.1194198e-01  -2.4365459e-01   7.5723425e-03   8.1434610e-03  -6.8381069e-03
  -1.3306871e-01  -3.0952933e-01  -4.3174882e-01   6.6150901e-03   8.1197191e-03  -7.0767061e-03
  -1.4340953e-01  -3.1556218e-01  -5.0493399e-01   6.9792203e-03   8.0819088e-03  -7.0381513e-03
  -1.2750480e-01  -2.9396667e-01  -3.3365933e-01   8.8049330e-03   6.7536284e-03  -7.0863820e-03
  -1.5004814e-01  -3.8919217e-01  -3.8098734e-01   7.9046745e-03   6.4693980e-03  -6.1637583e-03
  -9.6927414e-02  -2.2473241e-01  -1.6845723e-01   6.4644823e-03   5.3254306e-03  -5.7737236e-03
  -1.2232277e-01  -2.6161569e-01  -3.4550399e-01   5.0810990e-03   6.6820397e-03  -6.4687231e-03
  -3.8406943e-01   3.0991928e-01   4.7934256e-01  -4.6280890e-03   6.9962260e-03  -1.2900818e-02
  -4.2043412e-01  -6.6418517e-02  -7.4345021e-01  -9.5470319e-04   7.8156288e-03  -9.6622588e-03
  -3.8056180e-01  -1.9221088e-01  -1.0052188e+00   1.1897456e-03   6.3909598e-03  -9.2403617e-03
  -4.0405240e-01  -2.1536035e-01  -9.5164208e-01   3.0024201e-03   6.7109726e-03  -8.5695049e-03
  -4.1689086e-01  -1.3022738e-01  -9.5270931e-01   1.1405293e-03   6.8271223e-03  -8.7048874e-03
  -4.2985724e-01  -1.6241720e-01  -9.5884565e-01   8.6699040e-04   7.6182011e-03  -8.7101566e-03
  -4.2917287e-01  -1.5198869e-01  -9.4840486e-01   3.1773218e-04   7.9876072e-03  -8.7688410e-03
  -4.4210164e-01  -6.8360732e-02  -8.8409086e-01  -1.0568695e-03   9.0583812e-03  -8.5246556e-03
  -4.2870377e-01  -1.3822165e-01  -9.1057604e-01  -2.3358443e-04   9.1520434e-03  -8.3632849e-03
  -4.2206457e-01  -6.2043526e-02  -9.1102044e-01  -1.6182114e-03   9.2500207e-03  -8.1213476e-03
  -4.0218780e-01  -5.9438012e-02  -7.2697007e-01   4.5206626e-04   9.3474213e-03  -7.9499536e-03
  -3.6646566e-01  -1.0499328e-01  -7.6789621e-01   9.1929187e-04   9.3076222e-03  -7.1996116e-03
  -3.3645113e-01  -4.0120038e-02  -6.3821280e-01   1.3232077e-03   8.6715225e-03  -7.4567633e-03
  -2.8515671e-01  -1.1715569e-01  -7.2167476e-01   1.4336272e-03   8.3289282e-03  -6.9561293e-03
  -3.0741694e-01   4.9459295e-03  -5.5492628e-01  -1.1648265e-03   8.6479513e-03  -7.2817894e-03
  -3.0341351e-01  -6.4051471e-02  -6.7762341e-01  -1.1473816e-03   8.0966507e-03  -7.6879523e-03
  -2.9823777e-01  -2.4737731e-02  -6.5965617e-01  -1.6825928e-03   8.2074569e-03  -8.0874978e-03
  -2.5619909e-01  -1.1430925e-01  -7.0271843e-01   6.3671709e-05   7.6418922e-03  -8.1208096e-03
  -2.7842987e-01  -1.1692625e-01  -7.5674466e-01   2.5234736e-04   7.7429798e-03  -8.3800347e-03
  -2.5942014e-01  -1.0042691e-01  -6.5494742e-01   9.8112175e-04   7.3686757e-03  -8.2246330e-03
  -2.6669392e-01  -8.2685503e-02  -7.2373959e-01  -8.2839398e-04   7.6850228e-03  -8.5399692e-03
  -2.8079122e-01   8.4304917e-03  -5.2730534e-01  -1.2282228e-03   7.2211712e-03  -8.2844672e-03
  -2.7910546e-01  -1.1881165e-01  -6.6904371e-01  -2.4553588e-05   7.5089733e-03  -8.4190883e-03
  -2.9239862e-01  -5.6572584e-02  -6.4542462e-01  -2.5141903e-04   7.8608277e-03  -8.4517799e-03
  -2.9468763e-01  -2.6026356e-02  -3.6367891e-01   1.5890880e-03   7.9257389e-03  -8.2748997e-03
  -2.7923617e-01  -1.3491521e-01  -5.7782253e-01   1.2310778e-03   7.9114619e-03  -8.4132252e-03
  -2.8924836e-01  -5.7396974e-02  -3.8780281e-01   2.9751080e-04   8.1618701e-03  -8.5141388e-03
  -2.7842445e-01  -9.0005414e-02  -4.2751963e-01   9.1700440e-04   8.1243279e-03  -8.4778674e-03
  -2.8408741e-01  -1.0405977e-01  -5.3883248e-01   8.5789209e-05   8.2378875e-03  -8.2320060e-03
  -2.7964370e-01  -3.8917216e-02  -3.2423913e-01   3.4625103e-05   8.1154702e-03  -8.2094529e-03
  -2.9107840e-01  -1.5160886e-01  -4.6858762e-01   6.5548708e-04   8.6103879e-03  -8.3256725e-03
  -3.0863849e-01  -1.2169454e-01  -3.9146737e-01   9.2896420e-04   8.9842210e-03  -8.6581608e-03
  -2.7311035e-01  -1.2430562e-01  -4.3845414e-01   1.2304082e-03   8.4540324e-03  -8.6941004e-03
  -3.3666222e-01  -1.0381485e-01  -4.7110227e-01  -2.9115296e-04   9.5018532e-03  -8.8592493e-03
  -2.7933753e-01  -1.1790483e-01  -3.4656862e-01   1.5317875e-03   8.2939561e-03  -8.7336920e-03
  -2.7202106e-01  -1.7698704e-01  -3.9206374e-01   2.0937632e-03   8.4923709e-03  -8.9548296e-03
  -2.5801596e-01  -7.3556192e-02  -3.5417309e-01   1.1527026e-03   8.3495927e-03  -8.8864401e-03
  -3.0307071e-01  -1.0382216e-01  -4.7718018e-01  -2.3768095e-04   9.1578014e-03  -8.8243218e-03
  -3.0135438e-01  -5.5546797e-02  -3.1028376e-01   1.4948250e-04   8.6975918e-03  -8.9463939e-03
  -3.2014961e-01  -1.3469270e-01  -4.3704311e-01   1.5530480e-03   8.3284244e-03  -9.4887282e-03
  -3.7981736e-01  -9.7674945e-02  -3.9498746e-01   1.2041172e-03   7.3340012e-03  -1.1606631e-02
  -3.4441955e-01  -7.5039848e-02  -2.6729839e-01   1.3717498e-03   6.6215290e-03  -1.1524459e-02
  -3.3534300e-01  -1.0560841e-01  -4.2204988e-01   4.6824345e-04   6.8752111e-03  -1.1300686e-02
