   0.0000000e+00   0.0000000e+00   0.0000000e+00   0.0000000e+00   0.0000000e+00   0.0000000e+00
   1.7022277e-02   3.8545697e-02  -5.2313650e-02  -1.0731247e-03  -7.1799284e-04  -3.3708417e-04
   4.3251752e-03  -1.1966161e-01  -6.9989921e-01  -7.7468990e-04  -1.2340996e-03  -8.9452246e-04
   2.8608404e-02   1.2838234e-01  -5.5692761e-02  -1.7550851e-04  -1.8161279e-03  -4.4856583e-04
   4.8508204e-02   7.9439294e-02  -1.2387748e-01  -2.9278703e-03  -1.1431490e-03   1.8691561e-05
   3.9535412e-02   1.8179467e-01  -2.5825123e-02  -3.8204626e-03  -3.9407039e-04  -1.3358976e-04
   1.7639598e-02   2.0992722e-01   1.1198192e-01  -2.8331508e-03  -1.1304721e-04  -1.5027182e-04
   3.0588477e-02   1.1949199e-01  -1.9737677e-02  -2.0009840e-03  -1.1609262e-04  -3.5403365e-04
   2.6795765e-02   1.7945489e-01   1.3694067e-02  -3.2427505e-03   1.9138230e-04  -1.8654499e-04
   5.0842539e-02   1.9289423e-01   1.4253490e-01  -1.9171665e-03  -1.0176933e-04  -5.2069282e-06
   5.0422798e-02   1.7006600e-01   7.6647809e-02  -2.5680232e-03   6.3434762e-04   4.3797776e-04
   4.1792919e-02   2.8976905e-01   2.8234228e-01  -4.7971239e-03   1.5959228e-03   7.0770017e-04
   3.5269423e-02   3.3033486e-01   2.7285707e-01  -5.3141462e-03   2.0070152e-03   4.3674225e-04
   1.3982868e-02   2.4122290e-01   9.5053711e-02  -4.4083683e-03   2.7668529e-03   3.9592954e-04
  -3.2862268e-02   1.7402719e-01   5.0752795e-03  -2.7079043e-03   3.5049731e-03  -2.8508275e-05
   1.3708650e-02   8.5163909e-02  -1.3142324e-02  -9.5845425e-04   3.4299827e-03  -4.1288137e-04
   2.7484248e-02   9.0600959e-02   1.4904416e-01  -2.1807792e-05   3.7507197e-03  -5.5216356e-04
   5.4967042e-02   1.3900153e-01   1.4327668e-01  -1.0181432e-03   3.4113314e-03  -6.0690971e-04
   1.6941312e-02   9.1191591e-02   6.9587750e-02  -1.4706070e-03   4.1736788e-03  -4.6401890e-04
   2.6241030e-03   1.7230462e-01   2.7610000e-01  -2.3869270e-04   4.6248941e-03  -9.2521733e-04
   7.8104343e-03  -5.1244512e-03   5.5378192e-02   1.4049851e-03   5.1637841e-03  -1.8193641e-03
   3.7549129e-02   2.4549828e-02   1.2757281e-01   2.8248687e-03   3.7390323e-03  -9.0493181e-04
   4.6196153e-03  -3.9329182e-02  -1.5825376e-01   2.3589745e-03   4.1635314e-03  -8.3230471e-04
   3.0258358e-02   2.5508355e-02  -1.3098389e-03   2.2820583e-03   3.5699370e-03  -3.6340743e-04
   1.7134511e-02   4.0496993e-02   8.4010637e-03   6.7091964e-04   4.1564316e-03  -5.5361737e-04
   1.2525161e-02   7.5748614e-02   2.1052512e-01   1.0744891e-03   4.1054003e-03  -7.5708838e-04
   4.1272863e-03   5.2591920e-02   9.3749003e-02   4.1576077e-04   4.3393450e-03  -1.1646431e-03
   2.1772883e-02   7.0225778e-02   1.0726657e-02  -1.7635831e-05   3.6608566e-03  -4.1261292e-04
   1.0219111e-02   1.5258374e-01   1.6973157e-01  -1.0946590e-03   3.9489820e-03  -1.0019186e-03
   4.0049278e-03   3.3723615e-02   2.3016798e-02  -1.5245644e-04   4.5271931e-03  -7.6432735e-04
  -2.0757035e-02   1.1325570e-01   8.3777450e-02  -5.9110871e-04   4.7240144e-03  -9.3633456e-04
  -1.7890941e-03   2.6387356e-02   8.1542462e-02   6.8209393e-04   5.0609737e-03  -7.1860967e-04
  -1.2706502e-02   4.7732507e-02   9.2384300e-02   2.1660718e-04   5.4984546e-03  -1.2093961e-03
  -2.7421605e-02   1.4860244e-01   1.4290048e-01  -7.8081616e-04   5.6446841e-03  -1.0105314e-03
   1.3708799e-02   8.5286941e-02  -2.3981075e-02  -6.0200910e-04   4.7100295e-03  -6.3070873e-04
  -5.7709590e-02  -9.0156282e-02  -6.0853760e-01   2.2660443e-04   4.3171535e-03  -3.6376135e-04
  -4.6873053e-02   3.2796901e-02  -5.0924975e-01   1.2830329e-03   2.8251407e-03  -6.0927189e-04
  -1.7500120e-01   4.6676390e-02   1.3469108e-02  -1.3138450e-04   4.5511840e-03  -6.4554243e-03
  -5.1876385e-01  -2.2519397e-01  -1.3496096e-01  -2.8899957e-04   5.0517045e-03  -1.4303993e-02
  -2.8800754e-01  -5.8491585e-02  -3.1285536e-01  -9.5943294e-04   6.4179957e-03  -6.0939090e-03
  -3.0412243e-01  -2.3950222e-02  -2.6347403e-01  -1.2074219e-03   7.9435293e-03  -5.4138839e-03
  -2.6517489e-01   3.2991921e-02  -1.1133690e-01  -2.9982140e-04   7.7718518e-03  -4.8311790e-03
  -2.2550615e-01  -8.9993545e-02  -3.3334015e-01  -6.6350576e-05   7.3682942e-03  -4.6309085e-03
  -1.2798409e-01  -5.6688074e-02  -3.9489316e-01  -3.9289979e-04   5.5635131e-03  -2.0736876e-03
   1.6722374e-03   1.5389595e-01   3.2735604e-01  -1.0207925e-03   2.4001969e-03  -3.5458051e-04
  -1.6738543e-02   7.0946949e-02   1.1997549e-01  -1.9782384e-03   3.4803574e-03  -2.2540749e-04
   2.6162083e-02   1.5280132e-01  -5.4674426e-02  -9.8542456e-04   2.4650134e-03   5.0729264e-05
   1.7810861e-02   1.6924152e-01   2.3269011e-01  -2.7307913e-03   3.4113897e-03   5.1101030e-04
   1.0213113e-02   1.8751464e-01   1.8472734e-01  -3.3723152e-03   3.3264055e-03   1.7238642e-04
  -5.5832624e-02   2.6657018e-01   2.8776839e-01  -2.8826794e-03   3.2111452e-03  -1.2181938e-04
  -9.8736166e-02  -1.5438150e-01  -1.8422316e-01   2.5895356e-03   3.5456896e-03  -1.4196850e-03
  -1.0095336e-01   3.9347778e-03   7.4358084e-02   1.9867153e-03   4.5881582e-03  -1.9838609e-03
  -1.1122365e-01  -8.4407451e-02   1.0144631e-01   2.9908256e-03   5.1783542e-03  -2.0864948e-03
  -1.0089717e-01   5.2036997e-02   1.4572645e-01   1.0447060e-03   4.8864099e-03  -2.1836722e-03
  -7.6986885e-02  -4.1554016e-02   8.5747805e-02   5.9425894e-04   5.2155651e-03  -1.6633933e-03
  -9.4563680e-02  -5.9289683e-03   1.9134814e-01   1.5407170e-03   5.2088288e-03  -1.3484195e-03
  -6.5065643e-02  -4.4327464e-02   7.5255726e-02   3.1743459e-03   5.1527747e-03  -1.5095402e-03
  -1.0142887e-01  -1.7237891e-01   2.7571037e-03   4.8317149e-03   5.5458045e-03  -1.7756437e-03
  -1.8833867e-02  -1.1004825e-02   1.9116227e-01   1.1825377e-03   3.8555251e-03  -1.8069353e-03
   1.2395412e-02   8.4171829e-02   3.1421805e-01  -1.3227202e-03   3.4232665e-03  -3.1405210e-04
  -1.2773871e-02   1.3372038e-01   3.0303253e-01  -3.5978569e-04   5.0232855e-03  -7.5612391e-04
  -5.2615120e-02  -1.8137493e-02   1.9186853e-01   1.1847581e-03   5.7315068e-03  -8.5289855e-04
  -4.8223188e-02   7.0846844e-02   2.1188752e-01   3.1618569e-04   5.4322746e-03  -4.0422812e-04
  -7.6454730e-02  -3.2359631e-02   1.6692887e-01   3.9610853e-03   6.2731029e-03  -1.4250564e-03
  -1.1488478e-01  -1.8079608e-01  -6.5817964e-02   4.8033734e-03   6.8549411e-03  -1.7533661e-03
  -8.3391359e-02   5.4530033e-02   2.2035641e-01   2.1044059e-03   5.5935495e-03  -2.2375020e-03
  -1.1150828e-01   1.2144272e-02   1.8735604e-01   8.2679524e-05   5.7847609e-03  -1.7525039e-03
  -1.4384253e-01  -1.3803484e-01   7.7335896e-02   2.0549508e-03   6.4591026e-03  -2.1516603e-03
   3.3013394e-02   3.2704687e-01   5.9929606e-01  -6.4160183e-03  -1.2662721e-03  -5.6217207e-04
   1.8196548e-01   4.4579028e-01   5.3529524e-01  -1.1066151e-02  -3.4025741e-03   1.3767292e-03
   3.0516501e-01   7.1225171e-01   6.4395492e-01  -1.5523440e-02  -7.2726608e-03   2.6532462e-03
   2.6438231e-01   6.0215419e-01   6.0140656e-01  -1.4580273e-02  -6.5696767e-03   3.2867116e-03
   2.3320391e-01   7.7465791e-01   6.2189386e-01  -1.6863808e-02  -5.1250705e-03   2.7677331e-03
   1.7619944e-01   6.2753338e-01   4.9901062e-01  -1.2579175e-02  -3.1309697e-03   2.2401491e-03
   8.6305916e-02   4.4393145e-01   3.4293690e-01  -8.9093397e-03  -1.4325595e-03   1.2988064e-03
   7.6495356e-02   4.3634653e-01   5.3714306e-01  -5.7811781e-03  -1.3409096e-03   8.6147331e-04
   5.3256732e-02   4.9369260e-01   5.1621802e-01  -6.3352906e-03  -1.1514084e-03   1.6405698e-04
   4.3446976e-02   3.8502216e-01   4.6169658e-01  -6.2450704e-03   1.7194404e-05  -7.6228853e-05
   4.8586197e-02   3.2849829e-01   4.9675276e-01  -3.7368134e-03   7.4773264e-04  -1.4525367e-04
   3.5220495e-02   4.3013528e-01   6.9717435e-01  -6.1575730e-03   1.0104237e-03   7.4507316e-05
   6.1604659e-02   3.1424381e-01   5.3471310e-01  -5.5143352e-03   1.6646590e-03   5.0763413e-04
   6.6279259e-02   2.7243090e-01   4.0038855e-01  -5.4541589e-03   3.6089182e-04   3.9228849e-04
   5.1672755e-02   3.4707742e-01   6.1363552e-01  -4.6164939e-03   5.1405459e-04  -3.0775454e-05
   7.9033304e-03   2.7576961e-01   5.2811711e-01  -3.8278988e-03   1.7320612e-03  -7.7393567e-04
   3.4290113e-02   3.0698275e-01   6.4903979e-01  -2.9835758e-03   9.9505062e-04  -5.0751578e-04
   4.9470139e-03   2.7399727e-01   6.0520332e-01  -4.6434748e-03   1.9465393e-03  -6.3050081e-04
   3.3205045e-03   3.5416949e-01   8.1925422e-01  -5.6401365e-03   2.0860600e-03  -5.8509970e-04
  -1.0446331e-02   2.8388514e-01   7.2094949e-01  -4.8398151e-03   3.7098505e-03  -7.9505910e-04
  -3.5482949e-02   3.8802601e-01   9.2607095e-01  -6.8994378e-03   3.4525956e-03  -6.5137596e-05
  -2.4633026e-02   3.9500861e-01   8.8967126e-01  -7.5704973e-03   3.7977754e-03   5.7149650e-05
  -5.0303455e-03   5.0843132e-01   8.6128173e-01  -8.8099237e-03   3.4548765e-03   9.4595624e-05
  -1.4205346e-02   4.2089797e-01   8.7207426e-01  -6.8485030e-03   3.7041557e-03   2.6506321e-04
  -5.0473385e-02   4.1319034e-01   7.6285324e-01  -5.8669588e-03   3.7375917e-03  -4.4201579e-04
  -3.3652346e-02   3.9661483e-01   9.9068044e-01  -5.0139357e-03   2.5250857e-03  -6.6604843e-04
  -1.8303800e-01   3.5030216e-01   2.3513319e-01  -1.8849976e-03   4.2286194e-03  -2.9994557e-03
  -2.3196779e-01   3.1549311e-02  -1.8663280e-01   1.5715235e-03   4.8271970e-03  -2.8696120e-03
  -1.9858658e-01   8.4058388e-02  -8.8363007e-02   2.2355977e-03   4.8494828e-03  -2.8292844e-03
  -1.6757372e-01   4.6831225e-02  -9.5561445e-02   1.3940561e-03   5.4546155e-03  -2.5445917e-03
  -1.4558349e-01   2.2905654e-01  -5.5277416e-02  -2.2815375e-03   4.6867345e-03  -2.5532590e-03
  -2.1647534e-02   2.2177633e-01   1.2972799e-01  -4.2327348e-03   2.4742937e-03  -2.8939520e-03
  -1.0719265e-01   8.5548994e-02  -2.7075472e-01  -4.3294743e-03   3.8938548e-03  -3.4187574e-03
  -6.2152293e-02   1.0273058e-01  -2.2163432e-01  -2.8032830e-03   3.0642306e-03  -2.6486440e-03
  -5.7644907e-02   9.0136826e-02  -2.8933555e-01  -1.4170207e-03   1.9483326e-03  -2.7525501e-03
  -2.0698829e-02   3.4429864e-02  -2.6133802e-01  -1.3497733e-03   1.5231845e-03  -2.0453065e-03
  -1.5718037e-02   1.2602828e-01  -2.9523683e-01  -2.9023317e-03   2.2226290e-03  -8.3959159e-04
   7.9582457e-02   3.4424950e-01   2.3609847e-01  -7.1666971e-03   1.8323454e-04   9.2941365e-04
   9.4246709e-02   4.6158831e-01   4.7075313e-01  -7.2667956e-03   8.5504915e-04   2.8361286e-04
   2.1614924e-02   3.2366277e-01   3.7069047e-01  -5.9079838e-03   3.1503897e-03  -3.2040117e-04
   2.0608089e-03   3.9842622e-01   5.5606030e-01  -3.8413660e-03   4.1431877e-03  -1.3290364e-03
  -4.1411191e-02   1.9862440e-01   3.3168325e-01  -1.7777218e-03   5.5208449e-03  -1.6934524e-03
  -4.0982656e-02   2.9828060e-01   5.0032559e-01  -2.4785024e-03   4.0802236e-03  -1.6448588e-03
   4.0117836e-03   2.1461314e-01   4.6438279e-01  -2.9257830e-03   1.7875125e-03  -1.9462214e-03
  -1.0796485e-01   4.9831097e-01   3.8610305e-01  -6.2231290e-03   4.1544903e-03  -2.2717768e-03
  -6.6388554e-02   2.7645662e-01   2.7285531e-01  -4.9446377e-03   5.0114516e-03  -2.6009833e-03
  -5.5577959e-02   2.5395637e-01   3.8523217e-01  -1.9703139e-03   4.8030926e-03  -2.5203609e-03
  -1.5663399e-01   1.9282182e-01  -1.1357745e-01  -1.0689156e-03   5.8996908e-03  -3.0113280e-03
  -2.1565262e-02   1.8216975e-01   3.1521349e-01   5.0753431e-04   3.9740061e-03  -2.0798962e-03
   3.3681347e-01   2.3316161e-01   8.4334754e-01  -1.8860434e-03  -1.1782459e-03   1.4601317e-05
   6.0487856e-01   3.9744623e-01   1.1002792e+00  -2.2173974e-03  -3.3689792e-03   3.6138809e-04
   7.1619367e-01   4.1925855e-01   1.1094896e+00  -5.5937375e-03  -7.4619209e-03   1.4412944e-03
   6.0270195e-01   5.0268716e-01   9.1790890e-01  -7.6550496e-03  -6.2798230e-03   2.2016994e-03
   4.4094740e-01   6.2019859e-01   8.3173705e-01  -9.4341059e-03  -3.0347531e-03   2.4377123e-03
   4.1034149e-01   5.8198137e-01   9.2257203e-01  -9.5688667e-03  -2.2052284e-03   2.1220573e-03
   2.8266911e-01   6.1230848e-01   7.8992113e-01  -9.0094090e-03  -1.1601856e-03   1.4456286e-03
   1.8434549e-01   4.6021621e-01   6.2358790e-01  -6.7683773e-03   1.4233630e-04   5.4336173e-04
   1.5483324e-01   4.1545413e-01   8.7803888e-01  -5.4324702e-03   2.1558644e-03   5.2668881e-04
   1.0719701e-01   3.8998508e-01   6.7770364e-01  -6.0784572e-03   3.8551170e-03   1.7034603e-05
   7.4007821e-02   3.7933979e-01   7.8874379e-01  -6.2328219e-03   5.0339812e-03  -3.8337829e-04
   7.7685725e-02   4.7013591e-01   7.3714765e-01  -7.0311843e-03   4.6557443e-03  -6.4637619e-04
   3.4817563e-02   3.4697447e-01   5.4185797e-01  -6.5216594e-03   5.9118950e-03  -6.4924164e-04
  -2.3747791e-02  -1.2915602e-01  -4.6193219e-01   6.1476287e-04   7.1293341e-03  -2.2111570e-04
  -4.7649300e-02   4.1517227e-02   9.9085576e-02   3.5388018e-04   7.7578408e-03  -1.9051204e-03
  -9.4743845e-02   1.9749187e-01   3.2729678e-01  -2.3948851e-03   9.1095307e-03  -2.2204308e-03
   4.6703910e-02   2.2399086e-01   5.4742516e-01   4.2808180e-04   7.4037655e-03  -2.4132401e-03
   1.1545314e-02   4.0111242e-01   1.3440950e+00  -7.8823215e-03   1.0064554e-02  -3.5199871e-03
   6.5373996e-03   2.8019415e-01   3.7620935e-01  -7.1216864e-03   9.5810746e-03  -1.4894586e-03
  -8.2062159e-02   3.9947888e-01   3.2212613e-01  -8.3048599e-03   1.0592941e-02  -1.7415820e-03
  -2.8901054e-02   3.2189514e-01   4.9574363e-01  -8.2534751e-03   9.5350415e-03  -2.6561529e-03
  -8.6520306e-02  -2.3333620e-01   7.3602788e-02  -3.9717221e-03   7.1861254e-03  -2.4373290e-03
  -1.4401964e-01  -5.1351306e-01  -4.1578793e-01  -1.6173059e-04   7.7083022e-03  -5.3767891e-04
  -1.1037648e-01   1.0241727e-01  -2.0743996e-02  -7.4104813e-03   8.6491381e-03  -1.3414234e-03
  -1.4737706e-01   2.7270513e-01   5.3000771e-02  -8.3721095e-03   8.7706135e-03  -2.0996343e-03
  -1.3654389e-01   2.3324102e-01  -7.3152489e-02  -8.0457108e-03   7.8809112e-03  -2.4753891e-03
  -1.0749722e-01   3.3555523e-01   1.1460617e-01  -9.8844820e-03   7.5536800e-03  -1.7007240e-03
  -1.2105337e-01   4.2965288e-01   2.0976757e-01  -1.1773584e-02   8.0036044e-03  -1.6670756e-03
  -1.5292406e-01   4.4778851e-01   4.2738881e-01  -9.2485084e-03   9.6266879e-03  -2.4508501e-03
  -1.8100161e-01   2.7141510e-01   1.1368718e-01  -7.9029725e-03   1.0826215e-02  -2.6856568e-03
  -1.5379382e-01   2.8735011e-01   2.3065578e-01  -6.2949914e-03   1.0837869e-02  -2.8910398e-03
  -1.3730568e-01   2.5091607e-01   2.9350341e-01  -5.2620281e-03   1.0678760e-02  -2.8429924e-03
   7.6132163e-03   3.8709048e-01   6.5073245e-01  -6.7044776e-03   8.1449767e-03  -2.4654482e-03
   8.9893389e-02   2.8874996e-01   7.1048416e-01  -6.0437962e-03   7.5133314e-03  -1.5372010e-03
   1.3934679e-02   5.7153772e-01   6.5353621e-01  -9.5601846e-03   8.6199114e-03  -1.8584970e-03
  -1.9180286e-02   4.1879977e-01   5.4349221e-01  -9.6701584e-03   9.2444479e-03  -1.6821753e-03
  -2.4480237e-02   5.0027223e-01   5.3722677e-01  -1.0832358e-02   8.9137270e-03  -1.3952395e-03
  -1.8869151e-02   4.1111731e-01   5.8854191e-01  -6.4596851e-03   6.7212591e-03  -1.0817745e-03
  -5.3543134e-03   3.3353207e-01   4.1967786e-01  -6.3209979e-03   6.5330009e-03  -9.2282637e-04
  -3.1443954e-02   3.8462078e-01   5.5784706e-01  -7.7397216e-03   6.4508655e-03  -1.2523998e-03
  -2.9436788e-02   4.5917292e-01   6.4901227e-01  -7.4595999e-03   5.8277553e-03  -1.2407284e-03
  -5.5208090e-02   2.3746587e-01  -6.8616552e-02  -6.2008216e-03   5.5560989e-03  -9.6050477e-04
  -1.6340006e-02   3.6788422e-01   5.3958148e-01  -5.1544043e-03   6.0042925e-03  -1.5673086e-03
  -5.8355954e-02   2.6117362e-01   4.0134513e-01  -4.9499420e-03   7.9969202e-03  -2.1734296e-03
  -5.6669454e-02   3.1134467e-01   5.4858400e-01  -5.6890161e-03   8.9029301e-03  -1.8657787e-03
  -2.0599881e-02   2.2645824e-01   5.9500863e-01  -3.0400772e-03   8.5326359e-03  -1.9501936e-03
   3.2462810e-02   2.2791010e-01   6.2726780e-01  -4.2202745e-03   7.3726725e-03  -1.4333483e-03
   2.7224247e-02   3.6855438e-01   6.3367711e-01  -7.1187414e-03   8.0464546e-03  -1.1949482e-03
  -1.4343341e-02   3.6075024e-01   4.7095424e-01  -7.5564294e-03   8.6094254e-03  -1.0412200e-03
   6.7808293e-03   3.7304729e-01   6.1076809e-01  -7.1641111e-03   8.4601309e-03  -1.4962497e-03
  -1.4297991e-02   3.7205302e-01   4.7016619e-01  -7.5935721e-03   9.0204047e-03  -1.1792038e-03
   5.2463778e-03   4.0793856e-01   5.1321245e-01  -8.2728046e-03   8.5303531e-03  -8.7483026e-04
   2.7007456e-02   3.7543067e-01   6.8450358e-01  -7.0707049e-03   8.1212147e-03  -8.9323639e-04
   3.6083293e-02   4.2518221e-01   6.6464788e-01  -7.3388138e-03   8.1586618e-03  -1.1051796e-03
  -2.5268678e-02   3.4202389e-01   4.8796471e-01  -7.5348297e-03   9.2871699e-03  -8.5790634e-04
  -5.7071720e-02   4.3593457e-01   9.0175063e-01  -6.6748449e-03   1.0233078e-02  -8.7164120e-04
  -5.9250056e-02   5.1861181e-01   1.4778496e+00  -8.1673832e-03   1.0638609e-02   4.4392467e-04
  -6.1448660e-02   4.0026254e-01   1.1118512e+00  -7.3908078e-03   1.0536890e-02  -3.0483283e-04
   5.4301567e-02   3.0519304e-01   6.0011720e-01  -6.2679360e-03   7.5744284e-03  -5.7498403e-05
   3.0136550e-01   5.5133070e-01   1.0782276e+00  -9.6469526e-03   6.2872982e-04   3.0613883e-03
   1.5962455e-01   5.2769737e-01   8.4866117e-01  -1.0399366e-02   5.3309919e-03   1.2818920e-03
   9.5640093e-02   4.0002121e-01   8.4020420e-01  -7.4007725e-03   7.3048219e-03   9.6550952e-04
   2.0928300e-01   4.5556100e-01   7.7334036e-01  -8.1538760e-03   3.6249380e-03   2.4520079e-03
   2.5083128e-01   5.9437519e-01   8.7377548e-01  -1.1221812e-02   9.0983539e-04   3.2853180e-03
   3.1763123e-01   6.9634173e-01   9.8737249e-01  -1.2907075e-02  -2.2294956e-03   4.3330673e-03
   3.3864822e-01   7.5353041e-01   1.0328138e+00  -1.5635637e-02  -2.7350042e-03   4.3863985e-03
   2.4692092e-01   7.7897588e-01   9.8199850e-01  -1.4415098e-02   9.9666177e-04   3.1557291e-03
   1.8540326e-01   6.8188701e-01   8.2808680e-01  -1.1565215e-02   3.2537260e-03   2.0683871e-03
   1.2609412e-01   5.4974451e-01   9.3829706e-01  -9.5072529e-03   4.8563385e-03   1.7789417e-03
   2.7448888e-01   6.7779156e-01   1.1609175e+00  -1.0244472e-02   2.3314733e-04   2.6212127e-03
   3.0062058e-01   6.8127875e-01   1.0718184e+00  -1.2516800e-02  -2.3829817e-03   4.7076712e-03
