   0.0000000e+00   0.0000000e+00   0.0000000e+00  -1.3877788e-17   1.7347235e-18   2.4074124e-35
  -9.2930381e-03  -6.2643524e-02  -2.5820446e-01   2.5389382e-04   3.1020879e-04   1.7187065e-04
  -4.7165130e-02   8.7567259e-03  -1.5401647e-01   5.4578747e-04   7.3224949e-04  -1.9807737e-04
  -4.4361601e-02  -4.0190789e-02  -1.9109112e-01   1.3377742e-03   9.4534669e-04  -3.3297743e-05
  -9.9778634e-02   8.8351199e-03  -1.4665581e-01   9.6424510e-05   1.2764804e-03  -1.5573963e-03
  -7.6127401e-02  -5.5553128e-02   1.4749204e-01   4.2447905e-03   1.6908516e-03  -4.1908082e-03
  -1.6393149e-01  -1.4634035e-01   1.5218109e-01   4.0883557e-03   3.8240067e-03  -7.3525552e-03
  -1.3398312e-01  -8.9922274e-02   2.4972729e-01   2.4951036e-03   5.3084030e-03  -5.9987996e-03
  -6.1420802e-02  -6.4140880e-02   2.3246611e-01   2.6807768e-03   5.7257956e-03  -4.4731535e-03
  -9.6238997e-02   3.1092155e-02   4.9061651e-02  -8.4269972e-05   5.6383488e-03  -2.8739572e-03
  -1.2028978e-01  -7.0689905e-02  -3.3588319e-01   1.9641079e-03   5.1450792e-03  -2.6350674e-03
  -6.7784710e-02   3.9353796e-02   1.3186120e-01   1.5405297e-03   4.7172216e-03  -1.8674564e-03
  -8.4693563e-02   4.3343052e-02   2.3020254e-01  -3.8601602e-04   5.1837547e-03  -2.2251659e-03
  -1.3430732e-01   5.2781237e-02   4.4386780e-01   1.8701350e-03   5.7096239e-03  -3.4069219e-03
  -2.2565009e-01  -6.2946696e-02   1.4061469e-03   5.1966172e-04   7.6810168e-03  -5.4210704e-03
  -2.2965569e-01   9.8811483e-03   1.9126987e-01   1.2027402e-03   8.3580488e-03  -5.9291985e-03
  -2.2934154e-01  -8.3433568e-02   1.2885580e-01   1.0951381e-03   8.7292253e-03  -5.3776080e-03
  -1.6923249e-01   3.9873573e-02   2.6320403e-01  -2.7807515e-04   8.2273960e-03  -5.1146183e-03
  -1.6676262e-01  -6.1456387e-02   1.8164370e-01   1.1586440e-03   8.3487754e-03  -5.4380546e-03
  -2.5252553e-01  -5.6077111e-02   2.2698297e-01   1.1106556e-03   9.0139188e-03  -7.4646760e-03
  -2.5624693e-01  -5.8560816e-02   3.2004327e-01   9.3722716e-04   9.0374658e-03  -7.3915913e-03
  -3.0195878e-01  -5.8488503e-02   2.7137658e-01   7.5153654e-04   9.8569336e-03  -7.0424412e-03
  -1.3668475e-01  -1.8298820e-01   3.5194368e-01   4.8815433e-03   4.1678183e-03  -4.4442438e-03
   5.6822239e-03  -1.0218681e-01   4.0303680e-01   4.3057308e-03   7.4438651e-04  -2.4604776e-03
  -5.6113505e-02  -6.6213970e-02   2.6400523e-01   1.3055354e-03   3.7493985e-03  -3.2342673e-03
  -1.0583917e-01   1.2702175e-02   3.8032383e-01  -4.5545088e-05   4.7768076e-03  -3.7746376e-03
  -3.0876485e-01   6.2465572e-02   1.0502328e+00   5.0203146e-03   7.0004605e-03  -1.2265940e-02
  -4.3373441e-01  -1.6417271e-01   4.9003268e-01   4.9262544e-03   8.7396817e-03  -1.1495960e-02
  -4.6650288e-01  -4.5212550e-01  -7.7694563e-01   8.2274630e-03   9.5828111e-03  -9.4866810e-03
  -3.1624383e-01  -3.1852207e-01  -2.1126535e-01   9.4709166e-03   7.8656850e-03  -7.4909953e-03
  -3.2224807e-01  -1.8040146e-01   2.8862277e-02   7.0115407e-03   8.1214182e-03  -7.4402450e-03
  -3.0986799e-01  -2.9889347e-01  -1.9948866e-01   7.6228331e-03   7.4085221e-03  -7.4635022e-03
  -3.0359704e-01  -2.0323173e-01   5.5813679e-02   7.1479509e-03   7.9554182e-03  -7.9213365e-03
  -3.5374799e-01  -2.2913980e-01  -3.5958813e-02   5.7876733e-03   8.6014740e-03  -8.9144177e-03
  -3.9465185e-01  -1.7056097e-01   2.3740591e-01   3.8511301e-03   8.3611157e-03  -1.0168396e-02
  -1.3944907e-01   1.7335865e-02   2.2889382e-01  -1.5255773e-03   2.9994143e-03  -6.1748387e-03
  -1.5289438e-01   1.4662083e-01   2.0110129e-01  -4.1500927e-03   4.6821827e-03  -5.2285909e-03
  -2.2805860e-01  -7.9262760e-03   2.0216976e-01   2.4161503e-04   6.6146439e-03  -6.2576119e-03
  -1.6346719e-01   3.3674283e-02  -5.9005952e-01   2.0177320e-03   5.7380446e-03  -4.7195834e-03
  -1.2897840e-01   1.1789231e-01   6.5455594e-01  -2.0946108e-03   6.3998776e-03  -4.2896916e-03
  -1.7150087e-01   2.4876671e-01   7.9670267e-01  -2.5073021e-03   8.2849546e-03  -4.8886431e-03
  -2.1067688e-01   1.2156256e-01   6.6690823e-01  -1.4613630e-03   9.4217789e-03  -5.0018232e-03
  -2.3616220e-01   1.9916829e-01   7.9139016e-01  -1.7665792e-03   1.0720537e-02  -5.9986266e-03
  -2.6936979e-01   7.0320473e-03   5.5105135e-01   6.3034439e-04   1.1492666e-02  -6.2152466e-03
  -2.5901474e-01   1.3784231e-01   8.2339323e-01  -1.2293083e-03   1.1241131e-02  -6.3833639e-03
  -1.9849715e-01   1.0982069e-01   8.2697472e-01  -4.3551146e-04   9.9663859e-03  -6.2017441e-03
  -1.6627642e-01   6.0733449e-02   6.9083098e-01  -5.4342005e-04   9.4283417e-03  -5.9482503e-03
  -7.6120795e-02   2.1010649e-01   9.4317059e-01  -1.3156262e-03   4.8604218e-03  -3.8845306e-03
  -5.2100690e-02   3.0586400e-01   8.3499790e-01  -4.0832689e-03   5.2984458e-03  -3.7544847e-03
  -1.3146680e-01   2.7021198e-01   7.5123131e-01  -4.0220519e-03   6.7601525e-03  -4.2345515e-03
  -1.9574474e-01   3.0290559e-01   9.8951983e-01  -3.1867313e-03   8.0850351e-03  -6.0403354e-03
  -6.6744332e-01  -5.4088176e-02   1.3388067e+00   5.2250177e-04   1.1948191e-02  -2.5014976e-02
  -5.8845862e-01  -3.5242840e-01   7.5070861e-01   3.5177568e-03   1.0249987e-02  -2.1391676e-02
  -5.1580636e-01  -3.2713527e-01   4.7624310e-01   5.9027879e-03   1.0218298e-02  -1.5949217e-02
  -4.6343399e-01  -2.1097696e-01   5.8422565e-01   5.0852029e-03   1.0530226e-02  -1.4060276e-02
  -4.6827320e-01  -2.3057506e-01   5.3514075e-01   5.1756916e-03   1.0725094e-02  -1.3438702e-02
  -4.5333184e-01  -1.6185512e-01   4.2900001e-01   3.9756596e-03   1.1406586e-02  -1.2470976e-02
  -4.7695848e-01  -1.3443342e-01   6.3557137e-01   2.7765659e-03   1.2377128e-02  -1.2381355e-02
  -4.6136627e-01  -1.3111722e-01   6.8823660e-01   3.6447935e-03   1.2210013e-02  -1.2525376e-02
  -4.7632868e-01  -1.9327879e-01   5.2688377e-01   3.6420013e-03   1.2531459e-02  -1.2440659e-02
  -4.7234928e-01  -6.7408610e-02   7.0241294e-01   3.0610748e-03   1.2370700e-02  -1.2727181e-02
  -4.3967921e-01  -2.1395786e-01   5.9848048e-01   3.5145516e-03   1.1612745e-02  -1.2413964e-02
  -3.9113004e-01  -9.1292611e-02   7.1934666e-01   2.4867155e-03   1.0290212e-02  -1.1986386e-02
  -3.9131123e-01  -7.5988290e-02   7.5139640e-01   2.3063969e-03   1.0492895e-02  -1.2058187e-02
  -4.7882805e-01  -2.3218364e-01   3.1857557e-01   3.0976052e-03   1.1436459e-02  -1.2600953e-02
  -4.3901101e-01  -2.8940194e-02   6.5226334e-01   3.2293191e-03   1.0526009e-02  -1.2516810e-02
  -4.2503094e-01  -1.9026168e-01   4.7196839e-01   3.3231254e-03   1.0188102e-02  -1.2718641e-02
  -1.0759373e-01   1.3034494e-01   9.9589423e-01  -1.8520947e-03   2.3587940e-03  -8.9926636e-03
  -2.5582432e-02   1.3863567e-01   7.3642409e-01  -4.3554285e-03   6.8886634e-04  -7.1346865e-03
  -1.4597248e-01   3.0817097e-01   8.5320068e-01  -5.6003051e-03   3.8113668e-03  -8.0521277e-03
  -1.9551642e-01   1.9820883e-01   7.5240779e-01  -4.1628220e-03   5.1721295e-03  -8.6392635e-03
  -2.9770230e-01   1.4919054e-01   5.5794020e-01  -2.7697442e-03   6.8103248e-03  -1.0049982e-02
  -2.4884817e-01   2.0614596e-01   8.9122988e-01  -1.5581573e-03   5.8775917e-03  -1.0299576e-02
  -2.0509928e-01   2.2657546e-01   7.0168005e-01  -3.8639398e-03   5.8255770e-03  -8.6308829e-03
  -1.9292261e-01   1.9799061e-01   6.4670027e-01  -4.2355960e-03   5.9626960e-03  -8.6405662e-03
  -2.0163523e-01   2.2380284e-01   1.0099074e+00  -3.0248623e-03   6.1162016e-03  -9.6966157e-03
  -2.6370082e-01   1.5397429e-01   7.2420372e-01  -1.8730859e-03   6.8779135e-03  -1.0142916e-02
  -2.7987250e-01   1.2121201e-01   7.7504911e-01  -1.6940578e-03   7.2562846e-03  -9.9627908e-03
  -1.4852171e-01   2.0082692e-01   7.3953670e-01  -3.7861969e-03   4.6110048e-03  -7.6937677e-03
  -9.7969729e-02   3.7851009e-01   9.9591250e-01  -6.2077078e-03   9.3854351e-04  -5.8457494e-03
  -1.4894700e-02   3.4078665e-01   8.6565131e-01  -7.2187152e-03  -7.0705750e-04  -3.9177352e-03
   6.0444556e-02   4.9947290e-01   1.1327854e+00  -9.1462463e-03  -3.4826399e-03  -3.0179856e-03
  -1.6097326e-02   4.4821920e-01   8.3892199e-01  -8.5920711e-03  -5.0789094e-04  -4.3180370e-03
  -1.3224626e-01   3.9261815e-01   8.0699846e-01  -7.7528739e-03   2.2680589e-03  -6.3894495e-03
  -1.6920783e-01   3.2688201e-01   8.0415962e-01  -4.6903580e-03   2.8280078e-03  -7.6198218e-03
  -1.4680166e-01   2.5712045e-01   5.6183336e-01  -4.3520366e-03   1.4899527e-03  -6.7929997e-03
  -5.5082068e-02   4.0852648e-01   8.9088200e-01  -5.8198060e-03  -5.4679453e-05  -4.8246497e-03
  -1.0190925e-01   2.8817967e-01   7.4389011e-01  -5.4387558e-03   1.6909914e-03  -5.2653536e-03
  -1.8126945e-02   4.6460946e-01   9.1190759e-01  -7.1120201e-03   8.2507711e-04  -4.9608565e-03
   4.5818924e-02   3.1648149e-01   7.2590152e-01  -6.2235439e-03  -1.8550554e-04  -4.6379937e-03
   1.9374366e-02   5.1016252e-01   8.5116770e-01  -7.6037966e-03  -1.5942187e-04  -4.4062258e-03
   2.0507589e-02   4.3333539e-01   7.2761419e-01  -7.9429761e-03  -1.3472357e-03  -3.4433622e-03
   1.3347766e-02   5.1080431e-01   7.7866545e-01  -8.5661279e-03  -1.0507655e-03  -2.9824353e-03
   4.0815344e-02   5.1189877e-01   8.4621002e-01  -9.2089580e-03  -1.1385551e-03  -3.4521159e-03
   7.5407877e-02   4.4199712e-01   7.4443320e-01  -8.4973187e-03  -1.7639218e-03  -3.1350488e-03
   6.0305726e-02   5.4267131e-01   8.5136764e-01  -1.0073169e-02  -2.4271717e-03  -2.4613260e-03
   1.5147816e-02   5.9485465e-01   8.1476221e-01  -1.1346945e-02  -1.8506213e-03  -2.1207727e-03
  -2.7163237e-02   5.1224609e-01   7.8824139e-01  -1.0444790e-02  -1.7509134e-03  -2.2316201e-03
   2.5625447e-02   5.8107638e-01   8.2040659e-01  -1.0858858e-02  -3.0728017e-03  -1.7106360e-03
   1.8492858e-02   5.9683382e-01   8.5207871e-01  -1.2186990e-02  -3.1190058e-03  -2.1381233e-03
   4.6419579e-02   6.6655515e-01   8.4744915e-01  -1.2344958e-02  -3.1426452e-03  -2.2767624e-03
   4.3460583e-02   6.2895813e-01   7.3434864e-01  -1.2298666e-02  -2.9195886e-03  -2.1377363e-03
   3.4477854e-02   6.4682268e-01   7.7454100e-01  -1.2429321e-02  -2.6044171e-03  -2.3203581e-03
   2.9942231e-02   6.6969540e-01   1.2615290e+00  -7.7140887e-03  -2.0831610e-03  -2.9012469e-03
  -1.7311291e-02   2.1641156e-01   8.7363090e-01  -1.0568214e-03  -1.1671013e-03  -3.7343677e-03
  -9.4271064e-03   3.0016073e-01   1.2517916e+00  -2.7186525e-03   1.9832565e-04  -3.1713109e-03
  -3.1306905e-02   2.4548405e-01   1.1000966e+00  -2.0733785e-03   1.2580673e-03  -4.2245488e-03
  -1.7835732e-01   3.1382464e-02   4.6846385e-01   1.5633850e-03   4.2011074e-03  -5.5074213e-03
  -1.6196612e-01  -5.4913100e-02  -3.3194213e-01   2.4088409e-03   5.3301099e-03  -4.7393582e-03
  -5.8438135e-02   2.4533398e-02   1.1423761e-01   1.8288490e-03   3.3508020e-03  -3.1411197e-03
  -7.7945435e-02   9.4013551e-02   2.5597586e-01   6.3284648e-04   4.0239100e-03  -3.3762262e-03
  -6.4673244e-02   2.1318686e-02   2.0333918e-01   2.4866463e-03   4.0630015e-03  -3.9327370e-03
  -8.5493428e-02   4.4055843e-01   5.5049909e-01  -5.8154713e-03   4.6127496e-03  -3.8588822e-03
  -1.2438310e-01   2.7343522e-01   1.2383080e-01  -7.8915286e-03   5.3284585e-03  -3.2258902e-03
  -1.1508678e-01   2.9996861e-01   4.1280750e-01  -4.8945590e-03   4.3350419e-03  -3.5936659e-03
  -6.4722786e-02  -2.6194234e-01   1.6367138e-01   7.8337266e-03   2.5068040e-03  -3.2739194e-03
  -9.2055335e-02  -1.8809137e-01   1.1496322e-01   7.5526388e-03   2.1461049e-03  -3.2886459e-03
  -1.0111908e-01  -1.3469036e-02   2.1886145e-01   2.4201930e-03   3.2505859e-03  -3.5078194e-03
  -1.7688861e-01   1.2329271e-01   6.3560731e-02  -1.4521587e-03   5.7658931e-03  -5.0009115e-03
  -1.8579067e-01   5.6783717e-02  -2.6029367e-02  -6.2495551e-04   6.9325797e-03  -6.1470458e-03
  -2.1160730e-01   1.0456238e-01   1.8556143e-01  -5.1388303e-04   8.0170406e-03  -6.9653429e-03
  -2.0497882e-01   6.5994781e-02   1.0452992e-01  -1.2838033e-03   8.1186182e-03  -6.3945537e-03
  -2.1549984e-01   2.5433394e-01   1.3617457e-01  -6.2565191e-03   8.3978839e-03  -5.7408669e-03
  -1.8985248e-01   1.8439213e-01   2.4554918e-01  -1.7463493e-03   7.1956891e-03  -5.2823307e-03
  -1.7355060e-01   1.6133093e-01   2.3065817e-01  -5.2472038e-04   5.5206279e-03  -4.5608565e-03
  -1.6880141e-01   2.8014482e-01   5.2924011e-01  -2.6364863e-03   5.6815591e-03  -4.7082428e-03
  -1.7001048e-01   1.8392624e-01   4.6540745e-01  -2.1482733e-03   6.3426507e-03  -5.2086128e-03
  -2.2933223e-01   2.2409978e-01   2.8300573e-01  -2.5268988e-03   7.3323553e-03  -5.7394055e-03
  -2.0055538e-01   2.6989926e-01   4.2712347e-01  -3.0465245e-03   6.9854379e-03  -5.6395704e-03
  -2.2316050e-01   2.6943084e-01   5.0063966e-01  -3.6673600e-03   7.4167182e-03  -6.0424340e-03
  -1.1558603e-01   3.4835848e-01   6.7197498e-01  -4.7099771e-03   4.2531411e-03  -4.5942772e-03
   1.7464694e-02   5.0542677e-01   8.3601943e-01  -1.0541690e-02  -5.1617770e-04  -1.8874541e-03
   1.1092054e-01   5.3192226e-01   8.0307227e-01  -1.1297304e-02  -2.6706209e-03  -1.1219265e-03
   1.1364032e-01   6.9739225e-01   9.9513135e-01  -1.3160816e-02  -2.6604333e-03  -1.2132822e-03
   9.8439426e-02   6.0807281e-01   7.6222451e-01  -1.2750825e-02  -1.5865685e-03  -1.3677925e-03
   4.9079555e-02   6.3329950e-01   6.8383437e-01  -1.2958842e-02  -6.5253735e-04  -1.6110829e-03
   5.6451003e-02   6.8069313e-01   7.6400107e-01  -1.2052580e-02  -9.9532011e-04  -1.5327590e-03
   1.2591019e-02   6.3746292e-01   6.7785199e-01  -1.1035332e-02  -3.4087959e-04  -2.0071148e-03
  -1.1553411e-03   5.9195286e-01   7.3251646e-01  -8.5342964e-03  -4.7127005e-04  -2.4025561e-03
  -1.0723423e-01   4.0403646e-02   2.8545531e-01  -7.7864175e-04   8.6868828e-04  -5.7702549e-03
  -1.9021108e-01  -2.0128777e-02   8.0805604e-02  -1.6849422e-03   1.5120022e-03  -8.7974827e-03
  -2.8742424e-01   1.9626309e-01   4.4866845e-01  -3.8808262e-03   3.7326260e-03  -1.0452150e-02
  -2.7473109e-01   3.6365748e-01   1.1166107e+00  -5.0161301e-03   7.3345350e-03  -8.5956111e-03
  -3.8079471e-01   3.7468907e-01   1.1670604e+00  -7.7312728e-03   1.1063170e-02  -9.3243122e-03
  -4.0224256e-01   3.0310033e-01   9.0592472e-01  -6.8118615e-03   1.0795243e-02  -1.2390624e-02
  -3.2695091e-01   2.6683246e-02   2.9411184e-01  -3.0307915e-03   9.4936423e-03  -1.2687151e-02
  -2.3638857e-01   2.8086250e-01   7.3775328e-01  -4.5241177e-03   8.0823900e-03  -1.0129227e-02
  -1.8728808e-01   3.5002493e-01   8.0968475e-01  -7.0959250e-03   4.3560813e-03  -7.1973193e-03
  -1.8552396e-01   5.1738633e-01   8.1610314e-01  -9.2034355e-03   5.4062177e-03  -7.1908451e-03
  -1.8539954e-01   4.6425819e-01   6.8551641e-01  -9.4608318e-03   5.9153920e-03  -6.8002768e-03
  -1.9421572e-01   4.6591893e-01   6.7444767e-01  -9.5933836e-03   6.0080759e-03  -6.9396594e-03
  -2.1524367e-01   3.4571109e-01   7.2804468e-01  -4.4067442e-03   6.7383748e-03  -7.4477059e-03
  -1.5389031e-01   3.4134306e-01   7.0556195e-01  -5.4631584e-03   4.4903403e-03  -6.2373174e-03
  -2.4898776e-02   5.3630245e-01   8.9490137e-01  -9.0790027e-03   1.7277394e-04  -3.7889834e-03
   1.1969849e-01   5.2625164e-01   8.4756044e-01  -9.9336171e-03  -4.2672558e-03  -1.3519835e-03
   1.3333910e-01   5.9503311e-01   8.5302680e-01  -1.1612998e-02  -4.5975845e-03  -1.0851511e-03
   1.0114844e-01   6.5321651e-01   9.8166202e-01  -1.2568806e-02  -4.2781337e-03  -1.1545317e-03
   9.4528981e-02   6.9928643e-01   8.9263290e-01  -1.3261761e-02  -3.2063228e-03  -1.7578696e-03
  -1.8247492e-02   6.8026162e-01   8.2006001e-01  -1.4464240e-02  -1.0055056e-03  -2.3162467e-03
  -1.0794727e-02   7.2255944e-01   9.7780459e-01  -1.3367069e-02  -1.5410288e-03  -3.1494675e-03
  -2.0499852e-02   7.3663827e-01   8.4922926e-01  -1.2759252e-02  -1.8342483e-03  -3.2348488e-03
  -6.2766939e-02   4.4926627e-01   3.5369028e-01  -1.0223088e-02  -1.8846226e-03  -3.7829297e-03
  -1.3340208e-01   1.7617106e-01  -7.3789447e-01  -7.4426304e-03   2.9989814e-04  -4.3279989e-03
  -5.6854253e-02   3.0965133e-01  -4.6701532e-01  -5.6481276e-03  -6.8833530e-04  -3.1702002e-03
   3.0012292e-02   3.5040699e-01   3.7888467e-01  -6.6942383e-03  -1.8922095e-03  -1.8071451e-03
   3.2720935e-02   3.4082510e-01   4.2752875e-01  -4.2627720e-03  -2.0307100e-03  -2.1139840e-03
  -6.6586325e-02   2.8166009e-01   3.6545651e-01  -4.3814959e-03  -2.3745612e-04  -3.1270835e-03
   1.1110565e-02   3.9992562e-01   6.0690374e-01  -7.2925526e-03  -1.3128771e-03  -2.3606493e-03
   5.7230222e-02   5.1247793e-01   8.6477827e-01  -9.3858152e-03  -3.1490651e-03  -1.4766036e-03
   3.8436772e-02   4.6142720e-01   6.1916646e-01  -8.2464838e-03  -1.7640780e-03  -1.6473600e-03
  -7.6146086e-03   4.1200239e-01   5.6888226e-01  -7.6606394e-03  -9.3137973e-04  -2.1887845e-03
  -2.4566179e-02   4.7198228e-01   7.4630252e-01  -7.7500044e-03  -9.2238388e-04  -2.2789365e-03
  -6.8512908e-02   3.1824509e-01   5.9886089e-01  -4.5336447e-03  -6.4260421e-05  -3.5422606e-03
  -1.4097059e-01   2.5934471e-01   4.8304372e-01  -3.9574404e-03   1.2140355e-03  -4.8654079e-03
   2.3875421e-03   3.9205582e-01   7.6067224e-01  -4.9088090e-03  -1.5127577e-03  -3.6665303e-03
   7.9938886e-02   3.8280206e-01   7.4394427e-01  -8.0096469e-03  -4.7901049e-03  -1.6596568e-03
   1.2878073e-01   5.3121936e-01   6.8418235e-01  -1.0118989e-02  -5.9678843e-03  -1.2877298e-03
   1.4352103e-01   5.3244631e-01   7.6190865e-01  -1.0213855e-02  -6.5178821e-03  -1.0837470e-03
   1.4387066e-01   4.9550153e-01   6.6579093e-01  -1.0360025e-02  -5.9256991e-03  -8.8587934e-04
   1.4195323e-01   6.2421836e-01   7.2705006e-01  -1.2068705e-02  -5.2353028e-03  -9.2150195e-04
   3.8040776e-02   5.6772613e-01   7.0211287e-01  -1.1002203e-02  -2.0312194e-03  -1.0909480e-03
  -5.5590058e-03   4.4408745e-01   7.8045626e-01  -9.5489813e-03  -1.3972500e-03  -1.5481978e-03
   4.0532974e-02   6.0859500e-01   7.6231720e-01  -9.9188098e-03  -3.1992332e-03  -2.2864672e-03
  -6.4423973e-03   5.6030500e-01   7.0569695e-01  -1.0833005e-02  -3.5330994e-03  -1.2447827e-03
  -8.1955961e-03   6.5419466e-01   8.4668624e-01  -1.1458685e-02  -3.7543285e-03  -9.2746043e-04
   1.3834240e-02   5.7469567e-01   8.7268450e-01  -1.0976857e-02  -3.4999822e-03  -6.2475474e-04
   1.1223730e-01   7.0385102e-01   9.1068298e-01  -1.2597923e-02  -4.9538782e-03   1.0011591e-04
   9.6501124e-02   6.2768397e-01   7.6491418e-01  -1.1903937e-02  -4.2887540e-03   1.3394899e-04
