   0.0000000e+00   0.0000000e+00   0.0000000e+00   0.0000000e+00   0.0000000e+00   0.0000000e+00
  -3.0959690e-02   5.4721763e-02   1.3996775e-01  -9.9915337e-05   3.3116544e-04  -6.9624747e-04
  -3.1360546e-02  -8.2780293e-02  -8.4637113e-02   1.0977350e-03   5.5614963e-04  -3.2016427e-04
  -3.3327511e-02  -4.5193040e-02   4.4929664e-02   1.6792509e-03   5.1981450e-04  -4.4539663e-04
  -2.9337096e-02   4.4446152e-02   6.3975817e-02   9.2567546e-05   4.5539645e-04  -1.5633073e-04
  -1.4844024e-02   7.9656670e-02   1.1636749e-01  -1.9192211e-03   6.6023560e-04   1.7865794e-04
  -2.3993414e-02   1.2557261e-01   1.0599911e-01  -3.7823434e-03   9.0820812e-04   1.8277711e-04
  -2.6824670e-02   1.3095281e-01   1.7880185e-01  -3.8777775e-03   9.2636334e-04   4.7359669e-04
  -1.6911199e-02   2.0490188e-01   2.2045392e-01  -4.6035523e-03   6.5362216e-04   6.2282334e-04
  -6.6196451e-03   2.1266027e-01   1.4206529e-01  -6.0536280e-03   8.8742213e-04   5.2367415e-04
  -1.7038777e-02   2.7147611e-01   2.6976562e-01  -7.0881196e-03   1.0600801e-03   6.9301598e-04
   3.0447070e-03   3.3344144e-01   3.5766690e-01  -7.8225090e-03   6.0584082e-04   9.3772365e-04
  -3.9829600e-03   3.1660625e-01   2.6351170e-01  -8.9860930e-03   1.0531605e-03   1.1033736e-03
  -1.8331813e-02   3.8297513e-01   3.2821389e-01  -9.7197288e-03   1.1819762e-03   8.8233375e-04
  -2.1403176e-03   4.2133455e-01   4.0909051e-01  -1.0281984e-02   5.1640915e-04   8.0494781e-04
   4.0192725e-04   3.9647947e-01   3.3356301e-01  -1.0358561e-02   8.3121526e-04   1.0504631e-03
  -2.7864427e-02   4.2738303e-01   3.3487146e-01  -1.1301873e-02   1.4796167e-03   1.0458447e-03
  -2.3747122e-02   4.5056510e-01   3.8041014e-01  -1.2333453e-02   1.4406062e-03   1.0209466e-03
  -4.1008509e-03   4.8560071e-01   4.2361991e-01  -1.2513098e-02   9.8101205e-04   1.1831969e-03
  -3.1819524e-02   5.0796700e-01   2.9525933e-01  -1.3993673e-02   1.5830763e-03   8.2405178e-04
  -2.7961301e-02   5.3502973e-01   3.2353047e-01  -1.4453110e-02   1.4833978e-03   8.0489481e-04
  -3.2865532e-02   5.6790373e-01   4.3731814e-01  -1.4562885e-02   1.3547606e-03   1.2071731e-03
  -1.0745109e-02   5.7589095e-01   3.3318394e-01  -1.5314651e-02   1.2288572e-03   8.9976791e-04
  -2.2365839e-02   5.3027022e-01   3.1694448e-01  -1.5556925e-02   1.4152414e-03   1.0029726e-03
  -2.7976819e-02   5.7620253e-01   4.6350647e-01  -1.5324805e-02   1.2936517e-03   1.0046951e-03
  -1.2354945e-02   6.0602595e-01   4.3060532e-01  -1.5192374e-02   9.0920007e-04   6.2518817e-04
  -2.6988025e-02   5.3116109e-01   3.0827630e-01  -1.5532019e-02   1.5783574e-03   1.0257346e-03
  -4.3404360e-02   5.5443502e-01   3.4700582e-01  -1.6122077e-02   1.9073204e-03   1.0101948e-03
  -2.4227431e-02   6.4693259e-01   4.2246918e-01  -1.6566241e-02   1.6344665e-03   9.6220244e-04
  -1.7016465e-02   5.7621267e-01   3.6769395e-01  -1.6307966e-02   1.8464567e-03   1.2925981e-03
  -2.6759129e-02   6.0131864e-01   3.6491155e-01  -1.6744210e-02   2.1231616e-03   1.2603231e-03
  -3.0323904e-02   6.2036244e-01   4.1742359e-01  -1.7336699e-02   2.0954702e-03   1.2059337e-03
  -1.9215429e-02   6.5975611e-01   5.2098839e-01  -1.7544157e-02   1.8788994e-03   1.7466878e-03
  -1.4208683e-02   6.6599124e-01   4.5664825e-01  -1.7777337e-02   2.1154169e-03   1.5908716e-03
  -1.5854835e-02   6.7686591e-01   4.0798336e-01  -1.8838121e-02   2.2506071e-03   1.5834777e-03
  -3.3377805e-02   6.5170832e-01   4.2291874e-01  -1.8647192e-02   2.4118351e-03   1.7794487e-03
  -1.5948962e-02   6.9050016e-01   5.5082939e-01  -1.8877418e-02   2.3719810e-03   1.5907004e-03
  -8.7925035e-03   6.7510064e-01   5.4522415e-01  -1.8458244e-02   2.4649628e-03   1.5943015e-03
  -3.4684567e-02   6.9994039e-01   4.6834025e-01  -1.8377656e-02   3.6153809e-03   1.0892011e-03
  -3.1907845e-02   6.7099298e-01   4.1725406e-01  -1.9088521e-02   3.6974386e-03   1.2700961e-03
  -5.1271712e-02   7.3251249e-01   4.6924477e-01  -2.0581629e-02   4.3872650e-03   1.2503788e-03
  -2.2138114e-02   7.5379780e-01   5.5460922e-01  -1.9746873e-02   3.5738096e-03   6.8883211e-04
  -3.8159562e-02   7.4705597e-01   4.6980343e-01  -2.0212937e-02   4.2481111e-03   6.0417754e-04
  -4.2583474e-02   6.8385438e-01   4.4228884e-01  -2.0204765e-02   4.5157547e-03   5.5975194e-04
  -5.7017751e-02   7.5239181e-01   5.7314623e-01  -1.9870305e-02   4.3411321e-03   7.4382916e-04
  -6.0379005e-02   7.6349536e-01   5.5818293e-01  -1.9995706e-02   4.3792739e-03   4.4539822e-04
  -7.3802070e-02   7.0319292e-01   4.3464580e-01  -2.0078139e-02   4.5699197e-03   7.0185997e-04
  -1.1238976e-01   7.2743996e-01   5.1330456e-01  -1.9550923e-02   4.8049364e-03   1.7922224e-04
  -8.6688637e-02   7.5029302e-01   5.4509871e-01  -1.9323325e-02   4.2364357e-03   2.0761888e-04
  -8.7934471e-02   7.5495648e-01   4.7126910e-01  -1.9816459e-02   4.5853418e-03   4.3319619e-04
  -9.8038602e-02   6.8792788e-01   4.1521777e-01  -1.9665376e-02   4.7876335e-03   3.1307674e-04
  -1.0342801e-01   7.6428303e-01   5.8095196e-01  -1.9733044e-02   4.7659998e-03   5.8328317e-04
  -9.0468228e-02   7.4270065e-01   4.6854518e-01  -1.9593969e-02   4.7594014e-03   4.4441542e-04
  -1.0342301e-01   7.0044682e-01   4.6785924e-01  -1.9698722e-02   4.9631131e-03   6.6556345e-04
  -8.5527482e-02   7.5510423e-01   6.0791735e-01  -2.0143367e-02   4.6838941e-03   2.6346286e-04
  -9.2015276e-02   7.7772806e-01   5.7951885e-01  -2.0432495e-02   4.8310631e-03   3.4260817e-04
  -9.1042152e-02   7.7061981e-01   5.1860643e-01  -2.0293810e-02   4.7680881e-03   5.4295450e-06
  -1.2595288e-01   7.2309108e-01   5.0719665e-01  -1.9980251e-02   4.9842944e-03   1.4979005e-04
  -1.1632924e-01   7.6863037e-01   6.1375787e-01  -2.0076468e-02   4.5193240e-03  -1.3466100e-04
  -1.1262000e-01   7.8514538e-01   6.2893454e-01  -1.9966483e-02   4.4606886e-03  -3.4465854e-04
  -1.1084587e-01   7.7551077e-01   5.1280706e-01  -2.0426053e-02   4.8241552e-03  -2.9552174e-04
  -1.2513736e-01   7.5177064e-01   5.6503862e-01  -1.9971654e-02   4.7562879e-03  -3.1077553e-04
  -1.1740496e-01   8.0458724e-01   6.7219851e-01  -2.0028631e-02   4.2298767e-03  -5.3061570e-04
  -1.2026546e-01   7.6404526e-01   5.7848113e-01  -1.9640472e-02   4.3627295e-03  -1.4903957e-04
  -1.0905282e-01   7.9441267e-01   4.7614862e-01  -2.1003166e-02   4.6103472e-03  -1.6293047e-04
  -1.1504797e-01   7.6680099e-01   5.3011131e-01  -2.1187749e-02   4.9587056e-03  -2.9964270e-05
  -1.0033411e-01   8.4486060e-01   6.7844100e-01  -2.0897538e-02   4.6661756e-03  -4.3524541e-04
  -1.0724239e-01   8.0820389e-01   5.6579141e-01  -2.0990659e-02   5.0109749e-03  -1.2678168e-04
  -1.1064445e-01   7.6684814e-01   5.3480042e-01  -2.1291540e-02   5.2892187e-03  -2.4248466e-04
  -1.1465024e-01   7.7945556e-01   5.9438811e-01  -2.1220577e-02   5.2053949e-03  -6.0113568e-05
  -7.8063993e-02   8.2417209e-01   7.1070930e-01  -2.1007503e-02   4.4093547e-03  -4.3121677e-04
  -8.9568784e-02   7.6344833e-01   5.9446121e-01  -2.1165546e-02   5.0544097e-03  -1.3998821e-04
  -8.6760336e-02   7.4047556e-01   5.8530264e-01  -2.0683801e-02   4.9480954e-03  -4.3903794e-04
  -9.7344888e-02   8.0409662e-01   6.7923984e-01  -2.0453026e-02   4.8604490e-03  -3.9123841e-04
  -9.7953693e-02   8.0649704e-01   5.3768405e-01  -2.1354827e-02   5.1582217e-03  -4.3761368e-04
  -1.0798184e-01   7.5413829e-01   6.0306571e-01  -2.1232494e-02   5.1620104e-03  -9.5793943e-05
  -9.2318375e-02   8.0472392e-01   7.2522118e-01  -2.1311504e-02   4.7160414e-03  -3.7483373e-04
  -7.5109632e-02   8.0674335e-01   7.2916794e-01  -2.0936629e-02   4.7678832e-03  -2.1252253e-04
  -1.0380691e-01   8.2687966e-01   5.9849880e-01  -2.1926611e-02   5.4537015e-03  -2.5919367e-04
  -1.0736819e-01   7.9388006e-01   6.1637479e-01  -2.1901868e-02   5.2621941e-03  -9.2493278e-05
  -1.0726946e-01   8.3607405e-01   7.7594315e-01  -2.1103789e-02   5.1015088e-03  -2.1687216e-05
  -8.0960247e-02   8.3940539e-01   6.3273435e-01  -2.2005245e-02   4.9136773e-03  -2.1387013e-04
  -9.2761124e-02   7.5700412e-01   6.6410040e-01  -2.1056413e-02   5.1859267e-03  -4.9535213e-05
  -8.9909049e-02   8.6246036e-01   8.4055620e-01  -2.1365090e-02   5.2523047e-03  -4.3911982e-04
  -1.0097613e-01   8.2251099e-01   7.0533476e-01  -2.1756648e-02   5.4335607e-03  -2.6596640e-04
  -1.2320039e-01   8.4985979e-01   6.5299164e-01  -2.2175809e-02   5.9003945e-03  -1.3556172e-05
  -1.0272889e-01   8.0806178e-01   7.4684768e-01  -2.1537285e-02   5.4788542e-03  -3.8401688e-04
  -1.1708613e-01   8.5012966e-01   7.4257360e-01  -2.1464571e-02   5.8186673e-03  -1.8997781e-04
  -1.1560820e-01   8.2804977e-01   6.3303980e-01  -2.2211393e-02   6.0025449e-03  -4.0092901e-04
  -1.2939096e-01   7.9762305e-01   7.2322403e-01  -2.1785301e-02   5.9993297e-03  -4.5134697e-04
  -1.3954924e-01   8.7484719e-01   7.6520282e-01  -2.1790640e-02   6.1118951e-03  -3.0488426e-04
  -1.3461775e-01   8.2983400e-01   6.3606984e-01  -2.2129297e-02   6.3653093e-03  -4.3249343e-04
  -1.5734187e-01   8.0232339e-01   7.1194618e-01  -2.1448738e-02   6.5323640e-03  -2.8172593e-04
  -1.4748876e-01   8.6902231e-01   7.3227939e-01  -2.2096368e-02   6.2486649e-03  -6.3318410e-04
  -1.3802170e-01   8.5016272e-01   6.3900196e-01  -2.2758109e-02   6.4136903e-03  -4.0952912e-04
  -1.5427206e-01   7.7953634e-01   5.9607472e-01  -2.1893723e-02   6.4515579e-03  -3.8560847e-04
  -1.4398540e-01   8.5644898e-01   7.2457460e-01  -2.2307592e-02   6.1256131e-03  -6.4105808e-04
  -1.5186728e-01   8.2100589e-01   6.1962466e-01  -2.1712082e-02   6.1750354e-03  -5.8775519e-04
  -1.7592321e-01   8.0137423e-01   5.4928198e-01  -2.2132768e-02   6.7113444e-03  -7.4192783e-04
  -1.7038204e-01   8.3871236e-01   6.9888466e-01  -2.2336693e-02   6.7175140e-03  -5.2873630e-04
  -1.7245352e-01   8.7016237e-01   7.0310157e-01  -2.2062865e-02   6.6271796e-03  -5.2130651e-04
  -1.7474767e-01   8.1565107e-01   6.0067674e-01  -2.2632554e-02   6.9501285e-03  -3.3269833e-04
  -1.8429798e-01   8.5166843e-01   6.9369883e-01  -2.2689709e-02   7.2726912e-03  -3.8353601e-04
  -1.5911699e-01   8.6273286e-01   7.6200402e-01  -2.2154322e-02   6.8053624e-03  -5.3755935e-04
  -1.8139805e-01   8.4024636e-01   6.1461570e-01  -2.2598403e-02   7.3632496e-03  -3.0208001e-04
  -1.8661041e-01   8.4173651e-01   6.4311970e-01  -2.2950315e-02   7.2794648e-03  -6.5394585e-04
  -1.7407049e-01   8.8575685e-01   7.6417590e-01  -2.2337017e-02   6.8307876e-03  -3.4343633e-04
  -1.4021322e-01   8.5507174e-01   6.4765369e-01  -2.2679131e-02   6.7575924e-03  -3.3758426e-04
  -1.6501541e-01   8.0791480e-01   6.6653707e-01  -2.2284799e-02   7.2242891e-03  -3.5110972e-04
  -1.6721718e-01   8.5984922e-01   7.7237353e-01  -2.2204282e-02   7.0179668e-03  -7.9289713e-04
  -1.5895907e-01   8.5228322e-01   6.8435773e-01  -2.2414087e-02   7.1536781e-03  -5.3892905e-04
  -2.1741628e-01   8.5559080e-01   6.1669304e-01  -2.3660392e-02   8.1681639e-03   1.9707378e-05
  -1.9431589e-01   9.3642353e-01   8.5162040e-01  -2.3966401e-02   7.7969655e-03  -4.8620187e-05
  -2.1899406e-01   8.6310739e-01   7.0744486e-01  -2.3108299e-02   9.0277344e-03  -5.2919387e-05
  -2.5554087e-01   8.5448990e-01   7.6236447e-01  -2.3003272e-02   1.0204945e-02  -3.9449571e-04
  -2.2300774e-01   9.2301694e-01   8.6460471e-01  -2.3174988e-02   9.3230246e-03  -5.9567471e-04
  -2.1554485e-01   8.7734834e-01   7.7100678e-01  -2.1632663e-02   9.5377836e-03  -4.0721167e-04
  -2.6640390e-01   6.6606973e-01   5.4022865e-01  -1.9997846e-02   1.0848012e-02  -6.1035625e-04
  -2.7370486e-01   6.4944258e-01   4.7716157e-01  -1.4382085e-02   1.0475208e-02  -6.9565947e-04
  -3.0748311e-01   2.7890776e-01   7.5132206e-02  -9.1938286e-03   1.1275104e-02   3.6840833e-04
  -2.9754623e-01   4.9368657e-01   3.1641263e-01  -1.2867441e-02   1.1273871e-02  -2.9279366e-04
  -3.1191049e-01   5.3558948e-01   2.6351676e-01  -1.4083200e-02   1.1846419e-02  -9.9722720e-04
  -3.2317042e-01   5.3796552e-01   3.2662666e-01  -1.5132977e-02   1.1932858e-02  -5.2160820e-04
  -3.2008717e-01   6.0524860e-01   5.1044701e-01  -1.5611580e-02   1.2220407e-02  -5.7393680e-04
  -3.1309156e-01   6.0544739e-01   4.8204469e-01  -1.6202143e-02   1.2188092e-02  -7.4150859e-04
  -3.2796112e-01   5.7248562e-01   4.2570268e-01  -1.6147777e-02   1.2503720e-02  -5.4678239e-04
  -3.3653322e-01   6.2428943e-01   6.1559405e-01  -1.7026053e-02   1.2853893e-02  -8.1642020e-04
  -2.8200515e-01   6.4202553e-01   5.9332696e-01  -1.8197573e-02   1.1677002e-02  -1.0380221e-03
  -2.8106992e-01   6.4398367e-01   4.1506826e-01  -1.8606710e-02   1.1985493e-02  -5.6041456e-04
  -2.8406956e-01   6.2890917e-01   4.5738875e-01  -1.8050601e-02   1.2070570e-02  -5.7188160e-04
  -2.8332802e-01   7.1275300e-01   6.6469836e-01  -1.8383799e-02   1.2010807e-02  -6.9026917e-04
  -2.7017376e-01   6.9669174e-01   5.6667570e-01  -1.9360582e-02   1.2229298e-02  -4.7076288e-04
  -2.7697951e-01   6.6452478e-01   6.0019714e-01  -1.8696460e-02   1.2316744e-02  -5.0995889e-04
  -2.4339719e-01   7.1166839e-01   6.9997973e-01  -1.8243213e-02   1.1118095e-02  -8.2462809e-04
  -2.4465001e-01   6.4465905e-01   5.9106352e-01  -1.8116016e-02   1.1639143e-02  -6.0670215e-04
  -2.6569828e-01   6.6524511e-01   6.4855217e-01  -1.8879754e-02   1.2125661e-02  -5.8624570e-04
  -2.3153680e-01   7.2347925e-01   7.7742064e-01  -1.8339910e-02   1.1415371e-02  -5.6666738e-04
  -2.4613868e-01   6.5190608e-01   6.3180607e-01  -1.8699635e-02   1.2066039e-02  -1.4560960e-04
  -2.6689431e-01   6.9429444e-01   7.5334865e-01  -1.8790493e-02   1.2573495e-02  -3.7094405e-04
  -2.2351239e-01   7.2281624e-01   7.6861845e-01  -1.7562613e-02   1.1758872e-02  -9.8248192e-04
  -2.4601119e-01   7.0455197e-01   6.8599774e-01  -1.7629936e-02   1.1997702e-02  -4.7339023e-04
  -2.5539775e-01   6.5824063e-01   6.6023209e-01  -1.8098885e-02   1.2559056e-02  -8.2431952e-04
  -2.4106430e-01   7.0766983e-01   8.2290644e-01  -1.7307841e-02   1.2183642e-02  -6.7295109e-04
  -2.5640670e-01   6.9842937e-01   7.2771249e-01  -1.7285595e-02   1.2225292e-02  -7.8014429e-04
  -2.3684193e-01   6.3373702e-01   6.9653193e-01  -1.7378417e-02   1.2489312e-02  -4.9465493e-04
  -2.2164151e-01   7.4445804e-01   8.5488490e-01  -1.7863887e-02   1.1749745e-02  -4.8176574e-04
  -2.1158187e-01   7.1356871e-01   8.1809243e-01  -1.7286750e-02   1.2137592e-02  -1.0230139e-03
  -1.9216585e-01   6.2627356e-01   8.5200962e-01  -1.6888084e-02   1.3249561e-02  -6.5242980e-04
  -2.3824126e-01   6.3837202e-01   7.5048400e-01  -1.7671057e-02   1.3956025e-02  -1.3440382e-03
  -2.4824137e-01   6.7133406e-01   7.5967488e-01  -1.7454647e-02   1.3790783e-02  -8.2501950e-04
  -2.4379556e-01   6.8793461e-01   6.8136822e-01  -1.8287568e-02   1.3694401e-02  -1.0723508e-03
  -2.5550865e-01   6.2742930e-01   7.1332375e-01  -1.7903503e-02   1.3874483e-02  -1.1967929e-03
  -2.4830822e-01   7.1494089e-01   8.1219686e-01  -1.8225395e-02   1.3313986e-02  -1.2769088e-03
  -2.3327840e-01   6.7379787e-01   6.8615616e-01  -1.7922714e-02   1.2910767e-02  -8.4295642e-04
  -2.5946961e-01   6.4682452e-01   7.1774232e-01  -1.7933813e-02   1.3338791e-02  -1.3475494e-03
  -2.8628115e-01   7.2506580e-01   8.7619422e-01  -1.7573528e-02   1.3553715e-02  -1.3363599e-03
  -3.1024073e-01   7.1817011e-01   7.1419642e-01  -1.8362480e-02   1.4407259e-02  -1.1866474e-03
  -3.0929988e-01   6.6791233e-01   6.9670409e-01  -1.8113660e-02   1.4601100e-02  -9.4996901e-04
  -3.1355056e-01   7.0306776e-01   8.2563429e-01  -1.8409768e-02   1.4745500e-02  -1.2484485e-03
  -2.9937626e-01   6.9993147e-01   8.6410856e-01  -1.7646443e-02   1.4298218e-02  -1.1710189e-03
  -3.2051976e-01   6.6029804e-01   7.3369463e-01  -1.8377029e-02   1.5042483e-02  -1.1167909e-03
  -3.0643135e-01   6.8592990e-01   8.7194568e-01  -1.8263011e-02   1.4760680e-02  -1.1045922e-03
  -3.1494747e-01   7.0674734e-01   8.9637320e-01  -1.7453863e-02   1.4612183e-02  -1.1469792e-03
  -3.3855945e-01   6.5414903e-01   7.7273697e-01  -1.8018319e-02   1.5140916e-02  -1.2332334e-03
  -3.4954362e-01   6.4471946e-01   8.9691942e-01  -1.7368476e-02   1.5699848e-02  -7.7501172e-04
  -2.8855501e-01   6.9899299e-01   9.4623109e-01  -1.6227047e-02   1.5347990e-02  -6.5405131e-04
  -3.1521202e-01   6.2186687e-01   7.9202182e-01  -1.6944373e-02   1.5950210e-02  -5.4937026e-04
  -3.3164849e-01   6.9042903e-01   9.0986174e-01  -1.7454407e-02   1.5887824e-02  -6.3930200e-04
  -3.3455939e-01   6.6708785e-01   8.2331758e-01  -1.7113678e-02   1.6030365e-02  -6.0848531e-04
  -3.5753290e-01   6.1915402e-01   8.0646347e-01  -1.6684925e-02   1.6607966e-02  -3.7764526e-04
  -3.2694940e-01   6.8571718e-01   9.8805044e-01  -1.7433344e-02   1.6331823e-02  -8.0891938e-04
  -3.2187986e-01   6.5127151e-01   9.3732998e-01  -1.6182246e-02   1.6120752e-02  -4.1398458e-04
  -3.3850735e-01   6.7208027e-01   8.1120343e-01  -1.7245971e-02   1.6791860e-02  -5.6502488e-04
  -3.4466647e-01   6.4670009e-01   8.5648220e-01  -1.7241124e-02   1.6681653e-02  -7.7692941e-04
  -3.5744542e-01   6.6337933e-01   9.4689531e-01  -1.6908539e-02   1.6579791e-02  -7.7661362e-04
  -3.6249938e-01   6.6974724e-01   8.1040802e-01  -1.7100447e-02   1.6960142e-02  -4.8219228e-04
  -3.6993267e-01   6.4054317e-01   8.1310754e-01  -1.6982941e-02   1.7040015e-02  -5.3749091e-04
  -3.5534012e-01   6.6762354e-01   9.7507453e-01  -1.7028393e-02   1.6560741e-02  -7.7511535e-04
  -3.6174716e-01   6.2994186e-01   8.6701052e-01  -1.6221848e-02   1.6858266e-02  -4.2850467e-04
  -3.7034792e-01   5.8258380e-01   8.1167771e-01  -1.6117858e-02   1.7393731e-02  -7.7671215e-04
  -3.7038484e-01   6.7503875e-01   9.9501993e-01  -1.6181995e-02   1.6820533e-02  -6.4209794e-04
  -4.1205681e-01   6.8056900e-01   8.6503835e-01  -1.6279540e-02   1.7416763e-02  -1.1613523e-03
  -3.6420214e-01   6.5451439e-01   7.6695352e-01  -1.7067033e-02   1.7715700e-02  -7.3394948e-04
  -3.6413878e-01   6.9875217e-01   9.6269967e-01  -1.7224036e-02   1.7826687e-02  -6.2980153e-04
  -3.7755025e-01   6.7306242e-01   9.0941168e-01  -1.6330256e-02   1.8386868e-02  -1.8397575e-04
  -3.8767818e-01   6.0010677e-01   7.6930974e-01  -1.6039334e-02   1.8907328e-02  -7.1798656e-04
  -3.6910312e-01   6.9209520e-01   9.8718349e-01  -1.4875245e-02   1.8477185e-02  -6.2774618e-04
  -3.7986982e-01   6.1550997e-01   8.5871325e-01  -1.5704746e-02   1.9052729e-02  -8.6041653e-04
  -3.8316252e-01   6.2267083e-01   9.7820632e-01  -1.5595224e-02   1.9296514e-02  -1.0641893e-03
  -3.8001787e-01   6.2834266e-01   9.7686739e-01  -1.4779354e-02   1.9257560e-02  -8.1361881e-04
  -3.9858241e-01   5.6484049e-01   8.4501806e-01  -1.5120738e-02   1.9551266e-02  -8.8160123e-04
  -3.8570572e-01   5.9231732e-01   9.5800582e-01  -1.5358021e-02   1.9338475e-02  -9.9022793e-04
  -3.8009948e-01   6.0507522e-01   9.9850553e-01  -1.5189892e-02   1.9229123e-02  -9.3951426e-04
  -3.8948902e-01   5.2931583e-01   8.5086970e-01  -1.4940241e-02   1.9714013e-02  -8.2950035e-04
  -3.8843576e-01   5.8916638e-01   1.0285652e+00  -1.3811904e-02   1.9213817e-02  -7.4369023e-04
  -3.9574564e-01   5.9417715e-01   9.6057977e-01  -1.4242980e-02   1.9605707e-02  -5.6115825e-04
  -3.8723515e-01   5.5841833e-01   9.4503382e-01  -1.4691785e-02   1.9918770e-02  -5.5164482e-04
  -4.0953475e-01   5.4527050e-01   9.8531621e-01  -1.4182858e-02   1.9873327e-02  -4.6714603e-04
  -4.1027964e-01   6.0344061e-01   1.0383789e+00  -1.3985073e-02   1.9962480e-02  -4.7043863e-04
  -4.2395922e-01   5.4802939e-01   9.5115816e-01  -1.3876167e-02   2.0219649e-02  -2.2349790e-04
  -4.1806065e-01   5.5921299e-01   1.0107826e+00  -1.4145283e-02   2.0104415e-02  -4.5838215e-04
  -4.0782118e-01   6.2892130e-01   1.1550203e+00  -1.3512260e-02   1.9347163e-02  -3.7520828e-04
  -3.9664922e-01   5.5223710e-01   1.0103333e+00  -1.3112220e-02   1.9280092e-02  -3.0523303e-04
  -3.3018031e-01   8.5029662e-01   1.2255452e+00  -1.5689986e-02   1.7898545e-02  -1.4007250e-03
  -3.2708958e-01   2.6654685e-01   8.4422325e-01  -9.0181363e-03   1.8089954e-02  -1.2150354e-03
  -3.4776296e-01   2.7891913e-01   5.6774234e-01  -6.6014655e-03   1.8095951e-02  -1.1643240e-03
  -3.8450114e-01   3.4047898e-01   7.0626364e-01  -5.9155355e-03   1.8315994e-02  -1.2600082e-03
  -3.7811801e-01   3.2846436e-01   7.8777187e-01  -6.8183100e-03   1.8110818e-02  -1.4748847e-03
  -3.8876701e-01   3.7739085e-01   9.8599482e-01  -6.6301991e-03   1.8475163e-02  -1.7229298e-03
  -3.9889888e-01   3.5581865e-01   9.7853939e-01  -5.9471813e-03   1.8897654e-02  -1.5889471e-03
  -3.9849121e-01   3.3878979e-01   8.9151684e-01  -6.8151245e-03   1.9240805e-02  -1.6280011e-03
  -4.2079052e-01   3.4968799e-01   9.3148302e-01  -6.9611252e-03   1.9562192e-02  -1.3648106e-03
  -4.4669182e-01   3.7410066e-01   1.0015151e+00  -5.4809372e-03   1.9779151e-02  -1.7050883e-03
  -4.6182142e-01   3.5788756e-01   9.3161068e-01  -5.0385569e-03   2.0227341e-02  -1.8008918e-03
  -4.7684816e-01   2.8717619e-01   8.7991968e-01  -4.9982015e-03   2.0948887e-02  -1.2591895e-03
  -4.7679797e-01   3.8476202e-01   1.0765486e+00  -5.7068760e-03   2.0426443e-02  -1.4530980e-03
  -4.6066647e-01   3.5686273e-01   9.9776949e-01  -5.5227216e-03   1.9816877e-02  -1.3498521e-03
  -4.6360731e-01   3.4442334e-01   9.5985319e-01  -6.2641778e-03   2.0317271e-02  -1.3805992e-03
  -4.6229229e-01   4.2348415e-01   1.1481799e+00  -6.2080686e-03   2.0292821e-02  -1.2793858e-03
  -4.5007276e-01   4.2222404e-01   1.0894126e+00  -6.8082157e-03   2.1008845e-02  -1.2755979e-03
  -4.7573889e-01   3.3938712e-01   1.0099140e+00  -6.6329687e-03   2.2182787e-02  -8.7067692e-04
  -4.6963446e-01   4.1711080e-01   1.1103090e+00  -7.8384271e-03   2.2131578e-02  -8.8327043e-04
  -4.5729304e-01   4.2470297e-01   1.1684612e+00  -6.6775346e-03   2.1585569e-02  -8.9282183e-04
  -4.7544216e-01   4.1704793e-01   1.1070911e+00  -7.9033210e-03   2.2290601e-02  -9.3575779e-04
  -4.9381249e-01   4.0882390e-01   1.1560779e+00  -8.0993554e-03   2.2480925e-02  -6.3962565e-04
  -5.0705336e-01   4.5162690e-01   1.2126978e+00  -8.6191160e-03   2.2845562e-02  -5.1181226e-04
  -5.1751460e-01   4.4610490e-01   1.2162062e+00  -7.7513809e-03   2.2744093e-02  -5.5057281e-04
  -5.2539438e-01   4.3666171e-01   1.1508018e+00  -8.5390614e-03   2.2926372e-02  -5.5183389e-04
  -5.3523057e-01   4.1588225e-01   1.2272040e+00  -8.0670582e-03   2.2846753e-02  -7.7575533e-04
  -4.9660708e-01   4.9019249e-01   1.2803337e+00  -8.4002004e-03   2.2125236e-02  -6.8520507e-04
  -4.0257925e-01   4.3244139e-01   9.9401045e-01  -8.2331287e-03   2.0823327e-02  -9.7670297e-04
  -5.0732539e-01   4.0822611e-01   1.2232994e+00  -6.9966237e-03   2.2558584e-02  -1.2878878e-03
  -5.1234948e-01   4.6633031e-01   1.2815930e+00  -7.5600540e-03   2.3247721e-02  -9.7364639e-04
  -5.2065226e-01   4.4024795e-01   1.2212991e+00  -8.4854606e-03   2.3552692e-02  -6.6381535e-04
  -5.2688459e-01   4.1194567e-01   1.2442570e+00  -8.0389422e-03   2.3359194e-02  -9.3271046e-04
  -5.4145060e-01   4.8604958e-01   1.3455767e+00  -7.9265448e-03   2.3405135e-02  -9.2044961e-04
  -5.0472938e-01   4.5977269e-01   1.2543127e+00  -7.2275966e-03   2.3518659e-02  -9.7869785e-04
  -5.1806111e-01   4.0872695e-01   1.1893531e+00  -7.3927648e-03   2.4538923e-02  -8.6131839e-04
  -5.1285143e-01   4.5389715e-01   1.3284747e+00  -8.0075214e-03   2.3887010e-02  -1.2076318e-03
  -5.3661078e-01   4.0618099e-01   1.2320123e+00  -6.9891209e-03   2.4050833e-02  -9.9025298e-04
  -5.2112365e-01   3.6759008e-01   1.1674426e+00  -7.0645503e-03   2.3911881e-02  -1.1272414e-03
  -5.2807081e-01   5.0086703e-01   1.3314919e+00  -7.8687660e-03   2.3246006e-02  -1.3876788e-03
  -5.1351125e-01   4.0525508e-01   1.1771205e+00  -7.5583277e-03   2.3523193e-02  -1.2508361e-03
  -5.2725551e-01   3.9965045e-01   1.2608394e+00  -7.4812498e-03   2.3912044e-02  -1.0841476e-03
  -5.3750880e-01   4.1063136e-01   1.3312124e+00  -6.2142111e-03   2.4064696e-02  -1.5216955e-03
  -5.3800506e-01   3.3308960e-01   1.1662418e+00  -4.4593283e-03   2.3075375e-02  -2.4738101e-03
  -4.7697689e-01   2.4224399e-01   1.1462175e+00  -2.3494031e-03   2.0927787e-02  -4.4816681e-03
  -4.8957533e-01   3.2215450e-01   1.2916662e+00  -1.9135856e-03   2.0730991e-02  -4.4074145e-03
  -5.0831451e-01   2.4426992e-01   1.1367608e+00  -2.7053002e-03   2.2099887e-02  -3.8964121e-03
  -4.8757136e-01   3.7221439e-01   1.3225382e+00  -3.3230246e-03   2.1950144e-02  -3.7916134e-03
  -5.0104235e-01   2.2395102e-01   1.1594222e+00  -2.9885761e-03   2.2697980e-02  -3.5271678e-03
  -5.2660375e-01   3.1863603e-01   1.2762068e+00  -3.7920922e-03   2.3144643e-02  -3.2441803e-03
  -5.3227652e-01   3.0951392e-01   1.2777479e+00  -2.7805213e-03   2.2849814e-02  -3.6995420e-03
  -5.4662002e-01   2.2811793e-01   1.1627008e+00  -2.0052568e-03   2.2562969e-02  -4.1350910e-03
  -4.4560648e-01   2.1442304e-01   1.1675317e+00  -7.0304865e-04   2.0264542e-02  -6.1149073e-03
  -4.4105670e-01   2.5057666e-01   1.2456104e+00  -5.6474122e-04   1.9585446e-02  -5.6396524e-03
  -4.5365972e-01   1.5692850e-01   1.1291263e+00  -3.1650016e-04   2.0742085e-02  -5.3419417e-03
  -5.2662310e-01   2.0695390e-01   1.2929234e+00  -7.8412412e-04   2.2188964e-02  -4.5994467e-03
  -5.2315334e-01   2.7412738e-01   1.3597079e+00  -7.1996176e-04   2.2055392e-02  -5.2929113e-03
  -5.7953139e-01   1.3247373e-01   1.2675695e+00  -3.1270158e-04   2.3439800e-02  -4.5248300e-03
  -5.8537853e-01   2.4896597e-01   1.3727127e+00  -1.0720391e-03   2.3256645e-02  -4.6847857e-03
  -5.6903256e-01   2.3942728e-01   1.3596923e+00  -3.8450055e-04   2.2848467e-02  -4.8585581e-03
  -6.0558129e-01   1.6379539e-01   1.2594902e+00  -3.6910649e-04   2.3604199e-02  -4.6170265e-03
  -5.7887600e-01   2.2733496e-01   1.4041122e+00  -2.9704054e-04   2.3437973e-02  -5.2754110e-03
  -5.8305030e-01   1.8150535e-01   1.3668543e+00   5.5730213e-04   2.3793959e-02  -5.2472490e-03
  -5.6082679e-01   2.0757222e-01   1.7302857e+00   9.0945545e-04   2.3937646e-02  -5.4057516e-03
  -5.6294106e-01   3.2428618e-01   1.9765276e+00  -5.7321588e-04   2.3835851e-02  -5.7574957e-03
  -4.8679758e-01   1.4853252e-01   1.4220022e+00   3.6070756e-04   2.3301970e-02  -7.0240647e-03
  -4.5393434e-01   5.3644872e-02   1.4148754e+00   3.4546626e-03   2.2452224e-02  -7.5936674e-03
  -4.6476640e-01   1.0082150e-01   1.3896518e+00   3.6596462e-03   2.2127798e-02  -7.7561346e-03
  -4.6468911e-01   7.4461919e-02   1.4985937e+00   3.5874805e-03   2.1911616e-02  -7.6733952e-03
  -4.7134614e-01   1.0650368e-01   1.4409602e+00   3.8120258e-03   2.1892271e-02  -7.6425625e-03
  -4.9133236e-01   7.2276624e-02   1.4088409e+00   3.5298288e-03   2.2487768e-02  -7.6046364e-03
  -4.7227770e-01   1.4972730e-01   1.4947900e+00   3.6304486e-03   2.2006349e-02  -7.6123827e-03
  -4.8956059e-01   1.9935376e-02   1.3924811e+00   4.7688408e-03   2.2541131e-02  -7.2326948e-03
  -4.7582009e-01   1.5605182e-01   1.5189653e+00   3.2475726e-03   2.2147561e-02  -7.4299343e-03
  -4.3695188e-01  -1.7613790e-02   1.3203900e+00   4.4977576e-03   2.1949143e-02  -7.5094274e-03
  -4.3126626e-01   1.5002888e-01   1.5117189e+00   3.6184034e-03   2.1294265e-02  -7.7116530e-03
  -4.2205676e-01   2.6206708e-02   1.2956240e+00   3.4919417e-03   2.1804857e-02  -7.6208518e-03
  -3.9238909e-01   1.0956308e-01   1.4968758e+00   3.1467437e-03   2.1232732e-02  -7.6236940e-03
  -3.8737026e-01   9.8082247e-02   1.3224132e+00   2.5221802e-03   2.1748740e-02  -7.5353643e-03
  -4.1666722e-01   9.1952081e-02   1.3486383e+00   2.5145282e-03   2.1603752e-02  -7.0444336e-03
  -4.2759072e-01   1.5552911e-01   1.4553175e+00   2.8840091e-03   2.0792881e-02  -7.5298693e-03
  -4.0721260e-01   1.2966971e-01   1.3063954e+00   2.9040082e-03   1.9815207e-02  -7.5413650e-03
  -4.0739792e-01   1.2378470e-01   1.2758812e+00   2.4759550e-03   1.9318725e-02  -7.5174978e-03
  -4.0374747e-01   1.4788594e-01   1.4304461e+00   1.9175832e-03   1.8628581e-02  -7.6558694e-03
  -4.1873236e-01   1.2138805e-01   1.4135394e+00   3.5872459e-03   1.8774638e-02  -7.8365445e-03
  -4.1204912e-01   1.0490812e-01   1.2320548e+00   2.5779097e-03   1.8782385e-02  -7.8687286e-03
  -4.3207133e-01   1.4085963e-01   1.3756422e+00   2.4163738e-03   1.8961004e-02  -8.0441641e-03
  -4.4566023e-01   8.3685906e-02   1.4492580e+00   4.8186926e-03   1.8988714e-02  -8.2951039e-03
  -4.5203673e-01   5.2746624e-02   1.3006205e+00   3.6773030e-03   1.9565132e-02  -8.3644328e-03
  -4.5918600e-01   1.0153810e-01   1.4272386e+00   2.9726704e-03   2.0085768e-02  -8.0267304e-03
  -4.2994776e-01   8.5818368e-02   1.4434413e+00   3.7524021e-03   1.9139517e-02  -8.0812895e-03
  -4.3658041e-01   7.3123579e-02   1.3191169e+00   3.6162617e-03   1.9524564e-02  -7.8174624e-03
  -4.4342363e-01   5.6370234e-02   1.3178657e+00   3.4903038e-03   1.9273929e-02  -8.0749706e-03
  -4.6214515e-01   1.0089355e-01   1.4478357e+00   3.8205149e-03   1.9461736e-02  -8.0747524e-03
  -4.2385956e-01   5.1749480e-02   1.2670244e+00   3.7553896e-03   1.8609302e-02  -8.1680483e-03
  -4.2030654e-01   8.2767864e-02   1.2666154e+00   3.2493604e-03   1.7736426e-02  -8.0546201e-03
  -4.0768953e-01   8.7664401e-02   1.4787580e+00   5.1981903e-03   1.8345373e-02  -8.6255074e-03
  -4.2619469e-01   7.8895314e-02   1.3012973e+00   4.1215455e-03   1.8966233e-02  -8.4110460e-03
  -4.0647587e-01   5.9090209e-02   1.0956147e+00   3.3102932e-03   1.8895657e-02  -8.0065425e-03
  -3.9293260e-01   1.3798051e-01   1.3095427e+00   3.7369700e-03   1.8555716e-02  -8.4322349e-03
  -3.9870653e-01   1.0268790e-01   1.1331966e+00   4.3013904e-03   1.9266351e-02  -7.9708733e-03
  -3.9051550e-01   1.0052903e-01   1.0800195e+00   3.1215911e-03   1.9592805e-02  -7.8843972e-03
  -3.9816502e-01   1.4630712e-01   1.3720838e+00   4.2590955e-03   1.9409495e-02  -7.8136520e-03
  -3.9844774e-01   8.6845165e-02   1.2253776e+00   4.7432936e-03   1.9734262e-02  -8.1289151e-03
  -4.2229553e-01   7.1950880e-02   1.1866567e+00   4.3031695e-03   2.0180022e-02  -7.9713615e-03
  -4.2782192e-01   1.4989951e-01   1.3195394e+00   5.0263021e-03   2.0645366e-02  -8.3265790e-03
  -4.3620856e-01   5.3241186e-03   1.1640053e+00   5.3313476e-03   2.1569266e-02  -8.0225065e-03
  -4.1635979e-01   1.2910280e-01   1.3507934e+00   4.0901789e-03   2.0828804e-02  -8.0200748e-03
  -4.1656462e-01   9.6693769e-02   1.2186200e+00   4.9335116e-03   2.0830544e-02  -8.0002840e-03
  -4.0488281e-01   1.1035019e-01   1.0694771e+00   3.7277068e-03   2.0563209e-02  -8.0782620e-03
  -3.9309282e-01   1.4882596e-01   1.2671657e+00   3.3596622e-03   2.0292905e-02  -8.0567637e-03
  -3.8450463e-01   8.1625895e-02   1.2552541e+00   5.4923594e-03   1.9985423e-02  -8.0620839e-03
  -3.9066838e-01   3.2627417e-02   1.1189952e+00   5.1016343e-03   2.0670968e-02  -8.2851330e-03
  -3.7505302e-01   9.5359730e-02   1.3425222e+00   4.9597170e-03   1.9816138e-02  -7.9310794e-03
  -3.8341445e-01   6.1979168e-02   1.3137758e+00   6.2217143e-03   1.9823819e-02  -8.4951985e-03
  -3.8295970e-01  -7.5911622e-03   1.4069963e+00   6.9962608e-03   1.9729669e-02  -8.4109957e-03
  -3.9500817e-01   4.7523845e-02   1.4576439e+00   6.1999833e-03   1.9777697e-02  -8.3033926e-03
  -3.9453269e-01   3.6728392e-02   1.3838642e+00   6.3280723e-03   1.9780435e-02  -8.3967429e-03
  -3.9341577e-01  -3.4862935e-02   1.3599261e+00   7.2878192e-03   2.0184191e-02  -8.4193841e-03
  -3.9926929e-01   4.7957510e-02   1.4528459e+00   6.7516170e-03   2.0024195e-02  -8.4132931e-03
  -3.9193862e-01   5.9733563e-02   1.3871049e+00   6.3774244e-03   1.9868090e-02  -8.6359133e-03
  -3.9669626e-01   4.2340274e-02   1.1985185e+00   5.4749772e-03   2.0392926e-02  -8.3911536e-03
  -4.0810536e-01   1.0322812e-01   1.4205314e+00   5.2139227e-03   1.9745465e-02  -8.6428739e-03
  -3.8658812e-01   5.2999077e-02   1.3504229e+00   6.3418487e-03   1.9550431e-02  -8.5221750e-03
  -4.1011732e-01   1.7763438e-02   1.3191461e+00   5.9741983e-03   2.0388414e-02  -9.0593931e-03
  -4.0545424e-01   4.6306393e-02   1.4877428e+00   8.3831163e-03   1.9709648e-02  -9.1577895e-03
  -4.3068839e-01  -7.1563935e-02   1.3308728e+00   8.1157913e-03   2.0614826e-02  -9.3479136e-03
  -4.5900000e-01  -4.2304638e-03   1.4447178e+00   7.5310925e-03   2.0723244e-02  -9.1728261e-03
  -4.6595583e-01   6.2897885e-02   1.5700490e+00   7.0803039e-03   2.1122660e-02  -9.6626586e-03
  -4.5788548e-01  -1.3067143e-01   1.4311178e+00   9.0246829e-03   2.1362900e-02  -8.8093264e-03
  -4.2094715e-01   7.8583389e-03   1.5134114e+00   8.4017890e-03   2.1025548e-02  -9.3828734e-03
  -3.9137100e-01  -1.7812755e-01   1.3016914e+00   9.4557744e-03   2.1242993e-02  -9.0165438e-03
  -4.0211285e-01  -6.6313432e-02   1.3634532e+00   9.1988365e-03   2.1821863e-02  -9.7143187e-03
  -3.9768039e-01  -1.4183461e-01   1.3100782e+00   8.9020267e-03   2.1743591e-02  -9.7071588e-03
  -4.1546063e-01  -4.6608558e-02   1.4120969e+00   7.9559906e-03   2.1028657e-02  -9.3877228e-03
  -4.0992550e-01  -6.6782236e-02   1.3397693e+00   9.1365723e-03   2.0033244e-02  -9.8138713e-03
  -4.2326577e-01  -2.1568396e-02   1.1924790e+00   8.2039864e-03   1.9503754e-02  -9.6208944e-03
  -4.3912546e-01  -1.8640575e-01   1.0779932e+00   1.0629403e-02   1.8813510e-02  -9.7441122e-03
  -4.0035453e-01  -2.3300462e-01   1.2020927e+00   1.2616305e-02   1.8565036e-02  -9.3918453e-03
  -4.0417169e-01  -2.1817261e-01   1.0583664e+00   1.1223128e-02   1.9004256e-02  -9.6880021e-03
  -4.4051809e-01  -2.0633404e-01   1.1063513e+00   1.0434980e-02   1.9462787e-02  -9.7292943e-03
  -4.2367781e-01  -1.3543527e-01   1.2810847e+00   1.0574658e-02   1.9083720e-02  -1.0048592e-02
  -4.2335166e-01  -1.7040199e-01   1.1583368e+00   1.0570550e-02   1.9392191e-02  -9.9653757e-03
  -4.4355238e-01  -2.1810073e-01   1.1806456e+00   1.0935565e-02   1.9680150e-02  -1.0020117e-02
  -4.3886577e-01  -1.2699784e-01   1.3453994e+00   1.1019926e-02   1.9626409e-02  -1.0149691e-02
  -4.5919421e-01  -2.0126596e-01   1.2533622e+00   1.2113696e-02   1.9929178e-02  -1.0331246e-02
  -4.1476051e-01   1.3777053e-01   1.1334052e+00   4.3734748e-03   1.9007569e-02  -1.0230393e-02
  -4.1156999e-01   3.2726912e-02   1.5264759e+00   6.3091323e-03   1.8909005e-02  -1.0077123e-02
  -4.2263996e-01  -1.7036129e-01   9.5609876e-01   7.7180056e-03   1.9199455e-02  -9.2103278e-03
  -4.2922771e-01  -2.5740704e-01   6.5143889e-01   1.0760108e-02   1.7699893e-02  -1.0099414e-02
  -4.2494480e-01  -3.1213157e-01   6.4657601e-01   1.2039428e-02   1.7130718e-02  -1.0212812e-02
  -3.7845471e-01  -2.7886166e-01   7.1995298e-01   1.2211865e-02   1.5665968e-02  -9.8370519e-03
  -3.9292987e-01  -1.9933165e-01   7.8351056e-01   1.1492486e-02   1.5723505e-02  -1.0450769e-02
  -4.1531017e-01  -2.6344966e-01   8.4174631e-01   1.1675051e-02   1.6036905e-02  -1.0619596e-02
  -4.1864396e-01  -1.9393310e-01   1.0671843e+00   1.2753290e-02   1.5885462e-02  -1.0752489e-02
  -4.3580288e-01  -2.6034909e-01   9.5788672e-01   1.3541104e-02   1.6378033e-02  -1.0793297e-02
  -4.8082719e-01  -3.4647911e-01   9.1998205e-01   1.3947985e-02   1.7171755e-02  -1.1152398e-02
  -4.6809835e-01  -2.6769333e-01   1.0665328e+00   1.3266958e-02   1.6913438e-02  -1.0996155e-02
  -4.5027051e-01  -3.1150433e-01   1.0185407e+00   1.4117114e-02   1.6438871e-02  -1.0786447e-02
  -4.6808050e-01  -2.7055999e-01   1.0126514e+00   1.2961437e-02   1.6445344e-02  -1.0532344e-02
  -4.3466529e-01  -1.6747640e-01   1.1528030e+00   1.2238965e-02   1.5874355e-02  -1.0448227e-02
  -4.4373303e-01  -2.0787867e-01   1.0897823e+00   1.1657654e-02   1.6617710e-02  -1.0331976e-02
  -4.4421707e-01  -2.0306273e-01   1.1462617e+00   1.1855420e-02   1.6470468e-02  -1.0413404e-02
  -4.4582385e-01  -2.1838292e-01   1.0843215e+00   1.2298815e-02   1.6619536e-02  -1.0388910e-02
  -4.7175776e-01  -2.3401828e-01   1.0907337e+00   1.2210919e-02   1.6937667e-02  -1.0483376e-02
  -4.8805077e-01  -1.6459255e-01   1.1593144e+00   1.2430246e-02   1.7643171e-02  -1.1390735e-02
  -5.2760951e-01  -2.9358284e-01   1.0213466e+00   1.2840684e-02   1.7592668e-02  -1.2860340e-02
  -5.1411773e-01  -2.9467153e-01   1.0544551e+00   1.2476682e-02   1.6969547e-02  -1.2977909e-02
  -4.9049935e-01  -2.2577063e-01   1.1032719e+00   1.3227135e-02   1.6552557e-02  -1.3262410e-02
  -4.9037961e-01  -3.6469549e-01   9.4048096e-01   1.3548762e-02   1.6743160e-02  -1.3531629e-02
  -4.7620166e-01  -2.3685274e-01   1.0693698e+00   1.3083966e-02   1.6291297e-02  -1.3581918e-02
  -5.0733238e-01  -1.9357733e-01   8.0873578e-01   9.7325208e-03   1.6759725e-02  -1.4218745e-02
  -5.0451251e-01  -1.8045685e-01   7.3506763e-01   7.5719704e-03   1.6396854e-02  -1.6515265e-02
  -5.4633148e-01  -3.4630768e-01   5.9738913e-01   9.9995128e-03   1.6215093e-02  -1.7160613e-02
  -5.7792095e-01  -2.2183250e-01   3.8710396e-01   1.1653152e-02   1.5632573e-02  -1.7756583e-02
  -5.3383196e-01  -8.7278797e-02   3.1514824e-01   7.4871159e-03   1.5200642e-02  -1.5803110e-02
  -5.3833689e-01  -3.1137448e-01   2.9273408e-01   9.5965141e-03   1.6062214e-02  -1.5020004e-02
  -5.2925755e-01  -3.6789310e-01   1.3422683e-01   9.9075476e-03   1.4989028e-02  -1.3366623e-02
  -5.8766235e-01  -2.6465991e-01   2.3670976e-01   9.8148547e-03   1.5294673e-02  -1.4095728e-02
  -5.7482356e-01  -3.3992074e-01   1.2935818e-01   9.6491819e-03   1.5101863e-02  -1.3711706e-02
  -5.9343142e-01  -3.1346163e-01   3.0981694e-01   1.0029732e-02   1.5283926e-02  -1.3857828e-02
  -5.6590820e-01  -3.2080177e-01   3.2479818e-01   1.2881979e-02   1.5027366e-02  -1.4874561e-02
  -6.0070780e-01  -4.5436963e-01   2.3230963e-01   1.3836196e-02   1.5771119e-02  -1.5054926e-02
  -5.9027640e-01  -4.3648227e-01   3.5766984e-01   1.4117362e-02   1.6142844e-02  -1.5734364e-02
  -6.1307008e-01  -4.7617440e-01   2.2533165e-01   1.5029383e-02   1.6377243e-02  -1.5921368e-02
  -6.1290994e-01  -5.6201729e-01   2.6475471e-01   1.6450377e-02   1.6189310e-02  -1.6832234e-02
  -6.1455577e-01  -5.5002089e-01   2.0576094e-01   1.6099340e-02   1.6972984e-02  -1.7131226e-02
  -6.3373597e-01  -5.5986619e-01   3.1842426e-01   1.6026444e-02   1.6790118e-02  -1.7556521e-02
