   0.0000000e+00   0.0000000e+00   0.0000000e+00   0.0000000e+00   0.0000000e+00   0.0000000e+00
  -1.0160113e-01   2.1188444e+00   1.3532734e+00   1.7611238e-01   2.9871802e-02   9.9611311e-03
  -2.1227667e-01   1.5708345e+00   1.5538134e+00   1.6939885e-01   2.8954761e-02   1.0576473e-02
  -4.5197904e-02   7.9924795e-01   3.1123933e+00   1.3356694e-01   7.8319948e-03   2.7617348e-02
  -2.7444358e-01   1.2673478e+00   1.3461685e+00   1.0035170e-01   1.9501439e-02   1.2961033e-02
  -1.5712435e-01   2.0206803e+00   7.4593103e-02   1.0436612e-01   2.6023255e-02   6.0569654e-03
  -1.9958817e-01   1.7821452e+00   1.7061727e+00   1.2158006e-01   2.4755843e-02   1.0479405e-02
  -2.8297683e-01   1.8106930e+00   1.5641227e+00   1.0736682e-01   1.9032121e-02   8.1971138e-03
  -3.1434543e-01   2.3064774e+00   1.1335772e+00   1.1579411e-01   1.5913019e-02   7.0841718e-03
  -3.7934945e-01   3.5093875e+00   1.3006502e+00   1.2394229e-01   2.0979069e-02   5.9599286e-03
  -1.3201105e-01   8.0040488e-01  -8.4341831e-01   1.5741380e-01   1.9940744e-02   1.4279193e-02
  -7.5793258e-02   2.4499475e+00  -5.5243367e-01   1.5777718e-01   2.4212980e-02   2.0305028e-02
  -1.9305299e-01   2.3968789e+00  -2.5777822e-01   1.5039078e-01   2.6760353e-02   1.8030115e-02
  -1.9812702e-01   2.5518474e+00   6.2137527e-01   1.3941581e-01   2.5661238e-02   1.8371379e-02
  -1.9294524e-01   2.4547440e+00   6.2241252e-01   1.3512124e-01   2.6409806e-02   1.7690179e-02
  -1.6810273e-01   2.4712581e+00   6.4333623e-01   1.3384339e-01   2.6247750e-02   1.7842878e-02
  -1.6764498e-01   2.0081216e+00   2.1807530e+00   1.1697541e-01   1.7446146e-02   1.5025373e-02
  -8.3703550e-01   4.3007435e-01   4.6635841e+00   4.9743473e-02  -2.7983212e-04   1.9779712e-02
  -5.6065058e-01   2.4991191e+00   6.4556417e-01   1.2210789e-01   1.5230763e-02   1.6062687e-02
  -3.5710879e-01   2.5000315e+00   1.3227382e+00   1.2582465e-01   1.9547858e-02   1.7071174e-02
  -3.6297374e-01   2.3817346e+00   1.0820321e+00   1.2615297e-01   2.0663130e-02   1.6420720e-02
  -3.1944758e-01   2.3125391e+00   1.5262034e+00   1.2127648e-01   1.9463787e-02   1.6584973e-02
  -3.2504010e-01   2.3342632e+00   1.5030852e+00   1.2169240e-01   1.9127093e-02   1.6737671e-02
  -3.2063641e-01   2.3523045e+00   1.5538056e+00   1.2202997e-01   1.9435794e-02   1.7650511e-02
  -3.3143934e-01   2.3611171e+00   1.5859375e+00   1.2363266e-01   2.0365915e-02   1.7302137e-02
  -3.1109303e-01   2.3327302e+00   1.6063766e+00   1.2255859e-01   1.8657006e-02   1.7685985e-02
  -2.6696800e-01   2.3314030e+00   1.7296431e+00   1.2363371e-01   1.5583821e-02   1.9691600e-02
  -2.0749543e-01   2.2264040e+00   2.9474077e+00   1.1813244e-01   1.1890843e-02   2.0166145e-02
  -2.9587974e-01   2.0237498e+00   2.8664532e+00   1.1662935e-01   1.6649626e-02   1.7924688e-02
  -6.8446951e-01   1.8383773e+00   1.9497203e+00   1.2918262e-01   1.4526764e-02   1.9354066e-02
  -6.8236467e-01   2.0138935e+00   2.1811419e+00   1.2624600e-01   1.4447127e-02   1.9351711e-02
  -2.5595545e-01   3.1345324e+00   4.5147779e+00   2.9741651e-01   3.5023736e-02   1.2217724e-02
  -2.9945375e-01   3.1557901e+00   4.5841187e+00   1.9523327e-01   3.3973796e-02   1.4814984e-02
  -2.7570190e-01   3.3856235e+00   4.4212498e+00   1.9775656e-01   3.3039033e-02   1.4908612e-02
  -2.7503716e-01   3.4600333e+00   5.0323789e+00   1.9317407e-01   3.2766752e-02   1.5568628e-02
  -2.8107099e-01   3.4405575e+00   5.0843601e+00   1.8872926e-01   3.2597407e-02   1.5838892e-02
  -3.4096384e-01   3.6174100e+00   4.5066621e+00   2.2035165e-01   3.2208776e-02   1.5869857e-02
  -3.0237358e-01   4.2648217e+00   5.7521715e+00   2.7537060e-01   2.9512973e-02   1.6664413e-02
  -3.0312289e-01   4.1544492e+00   5.7151240e+00   2.6313583e-01   3.0232073e-02   1.6030516e-02
  -2.8563992e-01   4.0349328e+00   5.6845099e+00   2.5988008e-01   3.1252102e-02   1.4764061e-02
  -2.7364726e-01   4.0114987e+00   5.5209217e+00   2.5712311e-01   3.2324128e-02   1.3718493e-02
  -2.2871725e-01   4.0781979e+00   5.4884706e+00   2.5273963e-01   3.3236331e-02   1.3086035e-02
  -2.1517733e-01   3.9776261e+00   5.5754859e+00   2.5046965e-01   3.2996998e-02   1.2857045e-02
  -2.0891467e-01   3.9657519e+00   5.4415310e+00   2.5131888e-01   3.2687129e-02   1.3242087e-02
  -2.1493951e-01   4.0326294e+00   5.3802906e+00   2.5076417e-01   3.3495821e-02   1.3435912e-02
  -1.8472083e-01   4.0071028e+00   5.6680995e+00   2.4795261e-01   3.3960965e-02   1.3191516e-02
  -1.9440674e-01   4.0085683e+00   5.2762042e+00   2.4805663e-01   3.3722946e-02   1.2736876e-02
  -1.8878617e-01   4.0492906e+00   5.1994668e+00   2.4705334e-01   3.3355386e-02   1.2530515e-02
  -1.8745834e-01   4.0067846e+00   5.1118745e+00   2.4321934e-01   3.6756123e-02   1.0690481e-02
  -1.0842309e-01   3.8876885e+00   5.9555568e+00   2.3812421e-01   3.5057302e-02   1.0252155e-02
  -1.6601463e-01   3.7940709e+00   5.4023806e+00   2.2906716e-01   3.2020662e-02   1.1649601e-02
  -2.1122551e-01   3.9629923e+00   4.7630546e+00   2.2638334e-01   3.4036512e-02   1.2660306e-02
  -2.3414878e-01   3.7139353e+00   5.4904437e+00   2.1995434e-01   3.2805576e-02   1.2376564e-02
  -1.9987440e-01   3.8797229e+00   5.3232923e+00   2.3564825e-01   3.4196574e-02   1.1308731e-02
  -2.0634317e-01   4.2886469e+00   6.6207615e+00   2.9578311e-01   3.1551879e-02   1.5036861e-02
  -3.1699881e-01   3.4896034e+00   4.1617672e+00   2.3602294e-01   3.3349129e-02   1.6230483e-02
  -3.3645353e-01   3.6036709e+00   2.3558516e+00   2.1034397e-01   3.9270132e-02   1.1907121e-02
   2.7899345e-01   2.8211350e+00   3.4849206e+00   1.4098011e-01   4.4781299e-02   1.9204455e-02
   1.3996280e-01   2.2165251e+00  -1.7949624e+00   7.0769555e-02   4.6294042e-02   1.6816687e-02
   1.7973779e-01   2.6322233e+00  -1.5533989e-01   7.3212071e-02   4.4496682e-02   1.8626174e-02
   1.7125020e-01   2.5297999e+00  -1.6469595e-01   7.5141483e-02   4.3659864e-02   1.8274662e-02
   1.1858145e-01   2.5204602e+00  -1.3306682e-01   7.5820207e-02   4.3808954e-02   1.7508520e-02
  -1.1064426e-01   2.6368072e+00   1.4517942e-01   1.2271092e-01   2.9057927e-02   2.9311577e-02
  -1.2834275e-01   2.6231360e+00   3.4337013e-03   1.1985285e-01   3.1142546e-02   2.8221395e-02
  -1.0084757e-01   2.5649384e+00   1.8983377e-02   1.1826896e-01   3.1910066e-02   2.6415705e-02
  -5.7549127e-03   2.5088240e+00   7.5139215e-01   1.1233186e-01   3.4040098e-02   2.5698336e-02
  -2.7000157e-02   2.4904365e+00   6.8158662e-01   1.0859894e-01   3.4970118e-02   2.4204420e-02
  -3.3478733e-02   2.5903857e+00   5.5723255e-01   1.0875381e-01   3.5620462e-02   2.3477376e-02
  -2.2291111e-02   2.3644132e+00   7.6410843e-01   1.2518400e-01   3.5099517e-02   2.4573228e-02
  -1.9273121e-01   3.9913234e+00   5.4330668e+00   3.0787003e-01   3.4887250e-02   3.0137195e-02
  -4.4299558e-01   3.8963352e+00   6.3114909e+00   2.8207337e-01   3.1888047e-02   2.9278322e-02
  -3.7830410e-01   3.7248349e+00   4.9128785e+00   2.6901959e-01   3.4113198e-02   2.6549193e-02
  -3.2424688e-01   3.8953878e+00   5.1123174e+00   2.4724048e-01   3.4980574e-02   2.5773865e-02
  -3.0114948e-01   3.8277302e+00   5.1851346e+00   2.3931091e-01   3.6267109e-02   2.3811033e-02
  -2.9925061e-01   3.7442113e+00   5.1737930e+00   2.3165148e-01   3.9873472e-02   2.2328031e-02
  -2.7776870e-01   3.8241503e+00   5.1338202e+00   2.3246329e-01   4.2105719e-02   2.0801351e-02
  -2.6604987e-01   3.8435340e+00   5.0258847e+00   2.3326876e-01   4.3866248e-02   1.9633100e-02
  -2.6539616e-01   3.8592876e+00   5.0113170e+00   2.3280921e-01   4.3689524e-02   1.9567380e-02
  -2.0815938e-01   3.8331417e+00   5.0238181e+00   2.3261225e-01   4.2721112e-02   2.0008497e-02
  -1.9167195e-01   3.8319993e+00   4.9136906e+00   2.2839450e-01   4.2925544e-02   2.0137123e-02
  -1.6375140e-01   3.8357133e+00   4.8658159e+00   2.2724344e-01   4.2104368e-02   2.0276515e-02
  -7.8985040e-02   3.8176638e+00   5.1840624e+00   2.2922540e-01   4.0854523e-02   1.9694008e-02
  -6.2674732e-02   3.8439100e+00   5.6437928e+00   2.2771599e-01   3.8381215e-02   2.0724663e-02
  -1.0066654e-01   3.7563018e+00   5.7392789e+00   2.2543555e-01   4.0266221e-02   2.0714083e-02
  -1.0720529e-01   3.8146918e+00   5.3127944e+00   2.2540640e-01   3.7522574e-02   2.1331331e-02
  -2.0900295e-01   3.8926181e+00   5.3028367e+00   2.3170496e-01   4.0470038e-02   2.0727761e-02
  -2.3836260e-01   3.8634515e+00   5.3025628e+00   2.2713545e-01   4.0646868e-02   2.1305461e-02
  -2.3005271e-01   3.8351620e+00   5.1173262e+00   2.2712802e-01   4.1058645e-02   2.0466790e-02
  -2.2978103e-01   3.8173742e+00   4.9105506e+00   2.2570949e-01   4.1515575e-02   2.0247644e-02
  -2.4395360e-01   3.7825894e+00   4.7847101e+00   2.2217673e-01   3.9717742e-02   1.9837360e-02
  -2.2330774e-01   3.8151443e+00   4.6342578e+00   2.1666287e-01   4.0147591e-02   1.9158138e-02
  -1.8308491e-01   3.6986674e+00   4.5409453e+00   2.1408751e-01   4.1217650e-02   1.9513735e-02
  -1.4429227e-01   3.8055778e+00   4.6030513e+00   2.2907149e-01   4.1543561e-02   1.8882975e-02
  -2.1477541e-01   4.3880543e+00   6.0696303e+00   2.7202463e-01   4.0791712e-02   1.9284940e-02
  -5.3357782e-01   1.7476725e+00   1.0867628e+01   1.5637551e-01   3.0734929e-02   2.6316243e-02
  -4.9123177e-01   1.0444434e+00   1.2093743e+01   1.2571938e-01   3.1837601e-02   2.7513299e-02
  -5.1529842e-01   1.1627033e+00   1.1801226e+01   1.2946409e-01   3.2327762e-02   2.6652848e-02
  -4.3013812e-01   1.6676052e+00   9.9973340e+00   1.2863149e-01   3.5121778e-02   2.5109228e-02
  -2.8583366e-01   3.3887714e+00   5.2796424e+00   1.8253113e-01   4.6241127e-02   1.9524445e-02
  -3.1173722e-01   3.7395609e+00   4.2205446e+00   1.8962968e-01   4.3854739e-02   1.9003415e-02
  -3.0786282e-01   3.6631302e+00   4.2610928e+00   1.8203558e-01   4.3992147e-02   1.9273611e-02
  -3.0543992e-01   3.5979677e+00   4.0248090e+00   1.8268573e-01   4.2793595e-02   1.9260391e-02
  -2.4098108e-01   3.6152516e+00   4.2594975e+00   1.8154958e-01   4.4044761e-02   1.9802591e-02
  -3.0933160e-01   3.7146202e+00   4.6790578e+00   2.0371508e-01   4.3557868e-02   1.8101446e-02
  -5.0331209e-01   4.3127710e+00   4.5492309e+00   2.5302807e-01   3.6120723e-02   2.4178693e-02
  -4.7060828e-01   4.0596651e+00   4.6345238e+00   2.4173568e-01   3.5458786e-02   2.3493125e-02
  -4.3139194e-01   4.0298497e+00   4.5275877e+00   2.2870971e-01   3.6727140e-02   2.2288298e-02
  -3.8082925e-01   3.9508083e+00   4.4688656e+00   2.1628817e-01   3.7951084e-02   2.1387193e-02
  -3.6503440e-01   3.7758231e+00   4.1829634e+00   2.0743985e-01   3.9463028e-02   2.0106427e-02
  -3.2034458e-01   3.7281918e+00   3.9872927e+00   1.9890354e-01   4.0161031e-02   1.9854180e-02
  -2.7077343e-01   3.6999209e+00   4.1404071e+00   1.9386094e-01   4.0945627e-02   1.9652897e-02
  -3.7526837e-01   4.0381929e+00   4.3944233e+00   2.2653462e-01   3.4426202e-02   2.2806714e-02
  -4.6469664e-01   4.0034178e+00   4.3121851e+00   2.2095044e-01   3.3088297e-02   2.5210545e-02
  -4.0809695e-01   3.8401867e+00   4.1941742e+00   2.0471919e-01   3.5584507e-02   2.3590860e-02
  -3.3489539e-01   3.7227232e+00   4.0545444e+00   1.9651738e-01   3.9053884e-02   2.1480950e-02
  -3.0943709e-01   3.6891703e+00   3.7656633e+00   1.9396285e-01   3.9618182e-02   2.1051722e-02
  -2.8041927e-01   3.7035157e+00   3.8176597e+00   1.8906912e-01   3.9839798e-02   2.1005731e-02
  -2.9239376e-01   4.1171404e+00   4.6573076e+00   2.4892853e-01   3.6125130e-02   2.1704317e-02
  -4.0215849e-01   4.2402814e+00   4.8868494e+00   2.6524629e-01   3.3710008e-02   2.3725275e-02
  -3.8142523e-01   4.1538134e+00   5.1284125e+00   2.5555125e-01   3.3817426e-02   2.3382930e-02
  -4.5723754e-01   3.9199227e+00   4.4239866e+00   2.3080106e-01   3.1838444e-02   2.4417237e-02
  -4.3419875e-01   3.8961362e+00   4.3552297e+00   2.1658333e-01   3.2668771e-02   2.4894174e-02
  -3.9618509e-01   3.8863600e+00   4.3482146e+00   2.1277330e-01   3.2868272e-02   2.4587621e-02
  -3.6148524e-01   3.8539341e+00   4.1879763e+00   2.0879438e-01   3.3239655e-02   2.3970195e-02
  -3.9025924e-01   3.8368097e+00   4.0852361e+00   2.0649849e-01   3.4288410e-02   2.3398875e-02
  -3.7844897e-01   3.8110415e+00   4.0625720e+00   2.0193959e-01   3.5012956e-02   2.3363835e-02
  -3.6695809e-01   3.7878720e+00   4.0564755e+00   2.0033876e-01   3.5145637e-02   2.3166316e-02
  -3.6225894e-01   3.7476252e+00   3.8128959e+00   1.9751254e-01   3.4894051e-02   2.3192115e-02
  -3.4240825e-01   3.9060733e+00   4.1532342e+00   2.1716600e-01   3.3133367e-02   2.3738855e-02
  -5.2260257e-01   4.0728998e+00   3.5416718e+00   2.3008891e-01   2.8096235e-02   2.5868353e-02
  -4.2546471e-01   3.4436991e+00   7.4423649e+00   1.7618631e-01   3.5839432e-02   2.6253442e-02
  -4.8089035e-01   3.7268466e+00   4.8467518e+00   1.9837305e-01   3.3592543e-02   2.5332662e-02
  -4.6802313e-01   3.9454055e+00   4.3736993e+00   2.1444675e-01   3.4863678e-02   2.3809522e-02
  -4.2227780e-01   3.9476741e+00   4.5382722e+00   2.0682811e-01   3.5892592e-02   2.3237301e-02
  -3.9763452e-01   3.7993494e+00   4.3818713e+00   1.9693525e-01   3.7114967e-02   2.2345847e-02
  -3.7512190e-01   3.6350337e+00   4.1668666e+00   1.8505734e-01   3.8554211e-02   2.1253239e-02
  -3.3132852e-01   3.6310285e+00   4.2391112e+00   1.8176958e-01   3.8591340e-02   2.1324207e-02
  -3.3635396e-01   3.6039776e+00   4.1076030e+00   1.8204353e-01   3.8949129e-02   2.1262703e-02
  -3.2528899e-01   3.6013604e+00   4.2438104e+00   1.8010778e-01   3.9220165e-02   2.1428102e-02
  -3.0364674e-01   3.5997829e+00   4.2898609e+00   1.7905372e-01   3.9355020e-02   2.1654835e-02
  -2.9400261e-01   3.5825272e+00   4.2548553e+00   1.7964448e-01   3.9321149e-02   2.1509022e-02
  -2.8595096e-01   3.5696041e+00   4.0092062e+00   1.7984531e-01   3.8749152e-02   2.1891693e-02
  -4.5231993e-01   4.2661944e+00   4.7075604e+00   2.6194288e-01   3.0395133e-02   2.4654462e-02
  -3.8294444e-01   4.1623792e+00   4.7278374e+00   2.4908973e-01   3.2649461e-02   2.3291770e-02
  -3.4161030e-01   4.0905526e+00   4.6473555e+00   2.3846740e-01   3.3960623e-02   2.1522367e-02
  -3.1999554e-01   4.0094809e+00   4.1767290e+00   2.2879336e-01   3.5082388e-02   2.0548269e-02
  -2.4941167e-01   4.0213668e+00   4.3844265e+00   2.2355409e-01   3.6536887e-02   1.9664776e-02
  -2.3235603e-01   4.1466588e+00   4.5909253e+00   2.2749708e-01   3.6159777e-02   1.9795216e-02
  -2.6963396e-01   4.0887353e+00   4.4253863e+00   2.3052169e-01   3.6415403e-02   1.9714382e-02
  -1.8991049e-01   3.6299990e+00   6.1807808e+00   1.8113403e-01   3.5972605e-02   2.3685867e-02
  -2.9967733e-01   3.6678798e+00   3.9050895e+00   1.8916774e-01   3.8072148e-02   2.1735472e-02
  -3.0488423e-01   3.8372875e+00   4.1603561e+00   2.0085232e-01   3.7068618e-02   2.1372385e-02
  -2.5356530e-01   3.7773849e+00   4.3506534e+00   1.9903250e-01   3.9152586e-02   1.9837913e-02
  -3.0238726e-01   3.7052398e+00   4.3186757e+00   1.9417921e-01   3.6826530e-02   2.0963717e-02
  -3.0115313e-01   3.7522653e+00   4.2461516e+00   1.9195624e-01   3.7361803e-02   2.0921873e-02
  -2.9460211e-01   3.7211912e+00   4.1752604e+00   1.8879619e-01   3.7666782e-02   2.0976058e-02
  -2.7536203e-01   3.6894181e+00   4.2374122e+00   1.8644767e-01   3.7043428e-02   2.1125994e-02
  -2.8120390e-01   3.6883881e+00   4.2392935e+00   1.8579711e-01   3.7343089e-02   2.1242739e-02
  -3.1128182e-01   3.6360655e+00   4.0787117e+00   1.8574737e-01   3.8231682e-02   2.0959983e-02
  -2.9614630e-01   3.6407270e+00   4.0958888e+00   1.8387759e-01   3.8241331e-02   2.0903988e-02
  -3.0146099e-01   3.6530872e+00   4.1168036e+00   1.8110263e-01   3.8104925e-02   2.0963519e-02
  -3.2457800e-01   3.6093393e+00   3.8792082e+00   1.8119845e-01   3.8682891e-02   2.1003404e-02
  -2.9017718e-01   3.6295765e+00   3.7951164e+00   1.8056993e-01   3.8400751e-02   2.1492832e-02
  -2.7661093e-01   3.6350243e+00   3.9220343e+00   1.7907668e-01   3.8292827e-02   2.1512464e-02
  -2.6372687e-01   3.6111996e+00   3.7797015e+00   1.8244485e-01   3.8273914e-02   2.1592414e-02
  -2.4802604e-01   4.0484064e+00   3.7149464e+00   2.3999729e-01   3.5768696e-02   2.0936012e-02
  -2.9364573e-01   4.0821276e+00   7.1380007e+00   2.9235519e-01   3.2829517e-02   2.5092588e-02
  -2.8026719e-01   3.7892338e+00   6.9784487e+00   2.5799517e-01   3.4038775e-02   2.3007147e-02
  -2.9941255e-01   4.0353887e+00   6.1640562e+00   2.6505784e-01   3.5628997e-02   2.0462352e-02
  -2.6210511e-01   4.1031338e+00   6.3695715e+00   2.5970757e-01   3.6433222e-02   2.0058780e-02
  -2.9294678e-01   4.0661650e+00   5.7228518e+00   2.6107701e-01   3.6949325e-02   1.9335180e-02
  -2.8193339e-01   4.0780277e+00   5.5516631e+00   2.6045053e-01   3.7348744e-02   1.8465076e-02
  -2.7128007e-01   4.1157184e+00   5.4816002e+00   2.5793539e-01   3.6862257e-02   1.8578142e-02
  -2.7073289e-01   4.1330119e+00   5.4475611e+00   2.5647145e-01   3.6235152e-02   1.8922073e-02
  -2.7559094e-01   4.1166888e+00   5.3613765e+00   2.5195377e-01   3.5311354e-02   1.8794740e-02
  -2.8338841e-01   4.0483314e+00   5.1390390e+00   2.5016264e-01   3.4129725e-02   1.9146512e-02
  -2.8723335e-01   4.0608101e+00   5.1945594e+00   2.4683970e-01   3.5030273e-02   1.9511938e-02
  -2.9280878e-01   4.0124668e+00   5.1216545e+00   2.3822864e-01   3.6511720e-02   1.9326000e-02
  -2.4311885e-01   3.9131951e+00   5.4975628e+00   2.2579636e-01   3.3382942e-02   2.0878133e-02
  -6.1367290e-01   3.7290287e+00   4.8823224e+00   2.1262457e-01   3.0390775e-02   1.8673041e-02
  -6.0252891e-01   3.3777293e+00   5.7270049e+00   2.0273555e-01   2.7042199e-02   1.7661002e-02
  -3.2918174e-01   2.9364398e+00   6.2487327e+00   1.9927699e-01   3.3182308e-02   1.7529611e-02
  -3.7739823e-01   4.2942990e+00   6.0866484e+00   2.4336698e-01   3.8033368e-02   1.7480389e-02
  -3.1283308e-01   4.1251064e+00   6.2279369e+00   2.4345638e-01   3.8204183e-02   1.7224921e-02
  -3.2936020e-01   4.0895940e+00   6.2653695e+00   2.4059375e-01   3.6452479e-02   1.7802558e-02
  -3.5607022e-01   3.9665279e+00   6.1401741e+00   2.3836765e-01   3.5453458e-02   1.7957923e-02
  -3.3998938e-01   4.0709926e+00   6.1077214e+00   2.3609328e-01   3.4146257e-02   1.8308223e-02
  -2.9838822e-01   1.3020210e+00   4.0152573e+00   1.3683641e-01   2.2246412e-02   1.3139266e-02
