   0.0000000e+00   0.0000000e+00   0.0000000e+00   0.0000000e+00   0.0000000e+00   0.0000000e+00
  -5.4808856e-02   1.9072550e-02  -5.2581118e-03   2.4319799e-03   4.0547749e-04  -2.2647332e-04
  -4.8985901e-02   5.1575064e-02   1.0585003e-02   1.8419620e-03  -2.1818010e-05  -7.9661647e-05
  -3.8550375e-02   1.2230553e-01   2.4895583e-01  -5.2955083e-05  -1.1029331e-03   3.5247137e-04
  -7.3390375e-02   5.1111492e-02  -2.7413664e-02   9.0685012e-03  -1.4663928e-03   2.3771314e-04
  -6.8076077e-02   1.5754554e-01  -2.1038288e-02   9.8970410e-03  -3.7042121e-03   1.4913117e-03
  -5.7681355e-02   1.1404552e-01   1.2696906e-01   3.7749016e-03  -3.8919536e-03   9.7493164e-04
  -4.9319562e-02   1.2437928e-01  -1.3291859e-01   3.0117967e-03  -3.6570778e-03   3.8293447e-04
   6.3785584e-03   2.1144621e-01   6.6681468e-02   1.5374951e-03  -4.4920356e-03   1.0977270e-03
  -4.2856923e-03   8.9865654e-02  -9.6120645e-02  -1.1739097e-04  -4.3381883e-03   3.9447075e-04
  -5.2734387e-03   1.4404242e-01  -1.9087699e-01  -7.4855352e-04  -3.5023491e-03   1.8073669e-04
   6.0140762e-02   2.9055461e-01  -1.5809687e+00   3.6691461e-02  -1.7944331e-03  -7.2017857e-04
  -2.1618115e-01   1.0324395e+00  -4.2286804e+00   9.0039457e-02   4.4858065e-03  -4.5696173e-03
  -1.2259191e-01   7.1300445e-01  -1.2512101e+00   6.2323237e-02  -1.9823281e-04   1.8591156e-03
  -1.7208418e-01   5.4131318e-01  -8.5303380e-01   5.2955696e-02  -2.1687399e-03   3.0465109e-03
  -1.5646489e-01   4.7484320e-01  -5.5307958e-01   4.4447649e-02  -1.7005816e-03   2.0006396e-03
  -1.7035776e-01   5.4285307e-01  -6.3663853e-01   3.9017382e-02   2.1973227e-04   9.4076943e-04
  -1.1666392e-01   5.3204184e-01  -5.9824916e-01   3.2771774e-02   1.3732028e-04   4.2095777e-04
  -1.0836874e-01   5.1024441e-01  -6.0634207e-01   2.7729020e-02  -5.4466586e-04   2.9107091e-04
  -9.7350197e-02   5.3983172e-01  -6.9130996e-01   2.4227435e-02  -2.7900753e-04  -1.3527896e-04
  -8.0044414e-02   5.5904709e-01  -7.4555365e-01   2.0970468e-02   1.0365610e-05  -3.6869135e-04
  -7.1872341e-02   5.6450696e-01  -8.2329284e-01   1.6874718e-02   9.3418033e-05  -6.6237782e-04
  -8.6114014e-02   4.2565443e-01  -1.1384825e+00   5.5673898e-02  -6.6656539e-03   3.7717577e-03
  -3.5254888e-01   4.9597316e-01  -7.1804106e+00   1.2088868e-01  -9.4766258e-03   2.5336302e-03
  -1.8420019e-01   8.9406615e-01  -2.1070048e+00   8.5099813e-02  -8.3399877e-03   8.3244871e-03
  -1.9735760e-01   6.9813981e-01  -1.9711057e+00   7.6593606e-02  -5.1092760e-03   7.6560200e-03
  -3.1958135e-01   8.5590208e-01  -3.0664639e+00   7.5802011e-02  -2.8322882e-03   5.3617660e-03
  -3.2373863e-01   8.4155379e-01  -3.1251757e+00   7.0644985e-02  -1.5060746e-03   3.8307367e-03
  -2.8586827e-01   8.7416251e-01  -2.5658945e+00   6.6763030e-02  -7.4853208e-05   3.4392054e-03
  -2.7199439e-01   8.4312040e-01  -2.4741519e+00   6.1812781e-02  -3.8040337e-04   3.4196322e-03
  -2.7811307e-01   8.7667387e-01  -2.6738927e+00   5.9472852e-02  -1.1394707e-03   3.1782721e-03
  -2.6699955e-01   9.5584767e-01  -2.7635778e+00   5.5641834e-02  -1.6120086e-03   3.1008992e-03
  -2.3739335e-01   9.4506203e-01  -2.7856165e+00   5.1086409e-02  -2.3619988e-03   2.5743298e-03
  -2.3255038e-01   9.0411670e-01  -2.8018938e+00   4.8134161e-02  -2.3365869e-03   2.1168621e-03
  -2.2206848e-01   9.9570129e-01  -2.8863321e+00   4.5169342e-02  -2.6388456e-03   1.9970938e-03
  -1.8433335e-01   8.9893730e-01  -2.2169845e+00   4.1935107e-02  -1.6293470e-03   2.9927705e-03
  -2.6216805e-01   8.8936568e-01  -3.0599729e+00   4.5112483e-02  -4.0061895e-03   4.3623909e-03
  -2.2999862e-01   9.7755138e-01  -2.5860026e+00   4.4304392e-02  -3.4424053e-03   3.7459386e-03
  -2.0563717e-01   8.9633365e-01  -2.3393420e+00   4.1038619e-02  -4.2238621e-03   4.0984704e-03
  -1.9751078e-01   9.1144634e-01  -2.2224192e+00   4.1182613e-02  -4.1452730e-03   3.7472728e-03
  -2.1663340e-01   8.7342996e-01  -2.2678702e+00   3.8989035e-02  -3.7393379e-03   3.0019962e-03
  -2.3226169e-01   9.2170681e-01  -2.6146580e+00   3.3888960e-02  -2.4307203e-03   1.9895374e-03
  -1.8926853e-01   8.7310255e-01  -2.4786781e+00   2.5371786e-02  -1.6909620e-03   1.4353014e-03
  -1.7384081e-01   8.2004771e-01  -2.6611289e+00   2.2543077e-02  -1.0729636e-03   7.8541460e-04
  -1.4108854e-01   8.8004339e-01  -2.7400856e+00   2.0659842e-02  -1.1105249e-03   9.0681911e-04
  -1.2556261e-01   8.3219718e-01  -2.5710167e+00   1.8271179e-02  -1.1627148e-03   6.7583413e-04
  -1.1832365e-01   7.8653884e-01  -2.7936803e+00   1.9923143e-02  -1.3805666e-03   1.1269926e-03
  -6.5115147e-02   8.6825280e-01  -3.8110506e+00   5.3357394e-02  -6.0726881e-03   3.3392752e-03
  -4.7467648e-02   1.0325834e+00  -5.5950449e+00   1.2669246e-01  -3.0949606e-03   4.0562006e-03
  -2.4354303e-01   7.6412717e-01  -3.1633169e+00   9.9208871e-02  -2.5207242e-03   4.6258269e-03
  -2.5698646e-01   6.7852156e-01  -3.1747306e+00   9.3503959e-02  -3.4848622e-04   3.0467668e-03
  -2.5957309e-01   7.9982798e-01  -2.9588992e+00   8.6995374e-02  -4.8644090e-04   2.5901570e-03
  -2.3910828e-01   8.6202938e-01  -3.0074198e+00   7.6342285e-02  -1.6682407e-03   1.9070486e-03
  -2.2543744e-01   9.3147469e-01  -3.1534561e+00   6.7583274e-02  -3.7407123e-03   2.2975078e-03
  -1.8306844e-01   9.8592913e-01  -3.2014843e+00   6.2308704e-02  -4.6074028e-03   2.6635056e-03
  -1.6701559e-01   9.4168319e-01  -3.1039178e+00   5.9925139e-02  -4.2333404e-03   2.5453607e-03
  -1.5359181e-01   1.0109605e+00  -3.1081528e+00   6.0235706e-02  -4.0593844e-03   2.4735679e-03
  -1.3951911e-01   9.9920642e-01  -3.1979758e+00   5.8505933e-02  -4.7257552e-03   2.5126683e-03
  -1.3164671e-01   1.0285882e+00  -3.0928752e+00   5.5106401e-02  -4.5508334e-03   2.7635086e-03
  -1.7661234e-01   8.1255389e-01  -5.0863105e+00   1.0794967e-01  -1.1384860e-02   7.2021212e-04
  -1.6599029e-01   1.0109395e+00  -3.8616688e+00   1.1367166e-01  -7.8210753e-03   5.3325640e-03
  -1.8857632e-01   8.5442622e-01  -4.2870637e+00   1.0822524e-01  -5.6518786e-03   4.4953409e-03
  -2.2869622e-01   8.1965791e-01  -4.1682872e+00   1.0288990e-01  -5.3802608e-03   3.9860950e-03
  -2.4088349e-01   9.1178670e-01  -4.0630033e+00   1.0091626e-01  -4.7547230e-03   3.5288208e-03
  -2.4376580e-01   9.3299511e-01  -4.0415646e+00   9.9836042e-02  -4.3509958e-03   3.3469063e-03
  -2.3627681e-01   9.6036935e-01  -3.8870368e+00   9.7508762e-02  -4.1862267e-03   3.0508852e-03
  -2.3926657e-01   9.2303339e-01  -3.9513564e+00   9.4619924e-02  -4.5992881e-03   2.7682844e-03
  -2.1793035e-01   1.0082185e+00  -3.9751357e+00   9.1676046e-02  -4.2913552e-03   2.6725607e-03
  -2.0490229e-01   9.8090765e-01  -3.8831129e+00   8.9932138e-02  -4.3822316e-03   2.4207502e-03
  -2.0657359e-01   9.9520157e-01  -3.8983385e+00   8.7729878e-02  -4.9329021e-03   2.4085777e-03
  -1.9753759e-01   1.0299347e+00  -3.9577525e+00   8.6979893e-02  -5.0007971e-03   2.3363638e-03
  -1.8784883e-01   1.0497200e+00  -3.9084386e+00   8.5313887e-02  -5.1801764e-03   2.6346285e-03
  -2.0202339e-01   9.9031383e-01  -3.8773658e+00   8.5465841e-02  -5.2050652e-03   2.2632434e-03
  -2.0037480e-01   1.0453164e+00  -3.9550760e+00   8.4402322e-02  -5.2904358e-03   2.3635302e-03
  -1.9463505e-01   1.0235722e+00  -4.0428525e+00   8.2000629e-02  -5.4089581e-03   2.1548233e-03
  -1.8724913e-01   1.0390561e+00  -3.9412966e+00   8.1299828e-02  -4.9282606e-03   2.1647339e-03
  -1.9606008e-01   1.1216460e+00  -3.9450606e+00   7.7770659e-02  -5.6263510e-03   2.1123963e-03
  -2.2231723e-01   1.0645654e+00  -4.0180375e+00   7.4136048e-02  -6.2551772e-03   2.2699966e-03
  -3.6880601e-01   1.0094869e+00  -7.0382012e+00   1.0023566e-01  -1.5731490e-02   5.0437654e-03
  -2.4224104e-01   1.2001332e+00  -6.5747917e+00   8.2003784e-02  -1.3038326e-02   4.8877062e-03
  -2.2967306e-01   1.1920347e+00  -5.7272487e+00   7.5246630e-02  -1.1168954e-02   4.2726689e-03
  -2.4020003e-01   1.2093459e+00  -5.5690805e+00   6.4152992e-02  -9.6988279e-03   3.7449466e-03
  -2.1793783e-01   1.2531783e+00  -5.3794093e+00   5.7006125e-02  -9.6446250e-03   3.6528348e-03
  -2.0130113e-01   1.1857687e+00  -5.1664647e+00   6.7887041e-02  -9.3201175e-03   3.5818424e-03
  -2.0496250e-01   9.3933999e-01  -5.9451340e+00   1.2375627e-01  -1.1844229e-02   4.8323777e-03
  -1.9950818e-01   8.4725952e-01  -4.7480972e+00   1.1174359e-01  -8.6759465e-03   4.7920192e-03
  -2.0763925e-01   8.7690087e-01  -4.6188296e+00   1.0601174e-01  -8.4491233e-03   4.2788234e-03
  -1.9504830e-01   8.8629516e-01  -4.7404927e+00   1.0770014e-01  -9.5040610e-03   4.7093934e-03
  -2.2418641e-01   8.3652737e-01  -5.5429423e+00   1.1817727e-01  -1.1547077e-02   5.2768060e-03
  -2.6503336e-01   8.7806027e-01  -4.8399068e+00   1.0820211e-01  -1.1008916e-02   5.2294885e-03
  -2.6004613e-01   9.6712513e-01  -4.6139967e+00   1.0122355e-01  -1.1022162e-02   5.1810054e-03
  -2.6419443e-01   8.9740297e-01  -4.8941960e+00   1.0637779e-01  -1.0655148e-02   1.5161509e-03
  -3.0277652e-01   9.1960361e-01  -6.0633395e+00   1.2171494e-01  -6.0929764e-03  -1.6112153e-04
  -3.3364544e-01   1.0192163e+00  -3.0901628e+00   9.5968038e-02  -4.5737721e-03   2.1622453e-03
  -3.1652697e-01   7.0305581e-01  -2.9448236e+00   8.5886348e-02  -5.4418504e-03   4.8262034e-03
  -3.1124878e-01   9.2167454e-01  -2.9378733e+00   9.0848995e-02  -3.9976769e-03   4.3854257e-03
  -3.0701760e-01   9.4575872e-01  -2.6284751e+00   8.6205604e-02  -3.7428188e-03   4.0534730e-03
  -2.9119515e-01   8.6261753e-01  -2.5194983e+00   8.0965071e-02  -2.8297293e-03   3.4202643e-03
  -2.8339134e-01   9.7518680e-01  -2.4545123e+00   8.1753334e-02  -3.1760872e-03   3.6035822e-03
  -2.8339336e-01   9.7373162e-01  -2.3991037e+00   7.7928563e-02  -3.4194029e-03   3.1851888e-03
  -2.9408451e-01   9.0055299e-01  -2.1868137e+00   8.3381087e-02  -6.1430171e-03   1.2791890e-03
  -2.5802095e-01   9.9760059e-01  -2.3610831e+00   7.4259642e-02  -4.1552345e-03   2.0640169e-03
  -2.3976513e-01   1.0302653e+00  -2.4663335e+00   6.9331410e-02  -5.4957199e-03   3.0239985e-03
  -2.1981003e-01   9.5426620e-01  -2.3527385e+00   8.3274133e-02  -5.8127988e-03   4.1776656e-03
  -3.4651354e-01   8.7790118e-01  -4.2343567e+00   1.2696985e-01  -6.8026124e-03   5.3413495e-03
  -2.8397394e-01   7.6908066e-01  -1.9046495e+00   1.0132246e-01  -5.0401043e-03   6.4892421e-03
  -2.3661496e-01   6.3386678e-01  -1.3782805e+00   9.0744934e-02  -5.1776633e-03   6.5893485e-03
  -2.6897364e-01   7.2202800e-01  -1.9002660e+00   9.1844628e-02  -4.6662201e-03   5.3561681e-03
  -2.6289517e-01   8.0386746e-01  -1.8027979e+00   8.8266956e-02  -5.7795605e-03   4.4932388e-03
  -2.8032458e-01   8.7756853e-01  -1.8434740e+00   8.3475011e-02  -6.6242772e-03   5.3250760e-03
  -2.6099343e-01   8.8231132e-01  -1.8464331e+00   7.9724025e-02  -6.6759531e-03   5.0716174e-03
  -1.1157701e-01   7.1977906e-01  -3.6540508e+00   1.1127019e-01  -1.5376093e-02   6.9320618e-03
  -1.7511231e-01   8.1386654e-01  -5.5448740e+00   1.3489761e-01  -1.0068093e-02   5.1140867e-03
  -2.2903978e-01   9.3028953e-01  -4.0490293e+00   1.1762497e-01  -6.6304354e-03   4.7558314e-03
  -2.1462073e-01   9.1697763e-01  -2.9676331e+00   1.0866755e-01  -6.4254839e-03   4.8299771e-03
  -2.2483225e-01   9.6297450e-01  -3.1998277e+00   1.0620791e-01  -5.4684280e-03   4.1938397e-03
  -2.4826612e-01   9.0238598e-01  -3.3194822e+00   1.0495075e-01  -4.1662295e-03   3.3815695e-03
  -1.8130985e-01   9.9347976e-01  -3.2578766e+00   1.0044194e-01  -4.3343673e-03   3.6082367e-03
  -1.9133217e-01   1.0352112e+00  -3.2309745e+00   9.8079812e-02  -3.7573052e-03   2.6184214e-03
  -2.0868928e-01   9.9168014e-01  -3.1014444e+00   9.7706275e-02  -3.4538474e-03   2.4705707e-03
  -2.7123299e-01   8.9133388e-01  -2.4968309e+00   9.2523908e-02  -2.5302304e-03   2.1313331e-03
  -2.7981741e-01   1.0131441e+00  -2.4096156e+00   8.8879469e-02  -2.9297817e-03   1.8973658e-03
  -2.4331886e-01   9.5040171e-01  -2.4087150e+00   8.8740701e-02  -3.0602708e-03   2.4388319e-03
  -2.9441396e-01   8.9099569e-01  -2.3428259e+00   9.1257149e-02  -3.3431663e-03   2.2077061e-03
  -1.7335457e-01   4.3477198e-01  -1.5649330e+00   7.6136587e-02  -5.9945406e-03   1.6301149e-03
   3.0181013e-02   5.0436682e-01  -2.4168096e+00   6.5073115e-02  -1.6708447e-02   1.2616720e-03
  -9.8045896e-02   6.6220782e-01  -1.5406041e+00   6.5448471e-02  -1.9362693e-02   3.4745223e-03
  -3.3458032e-01   8.3368202e-01  -2.1498202e+00   6.6967336e-02  -1.3437298e-02   3.1973313e-03
  -2.9025415e-01   8.3348909e-01  -2.1371386e+00   7.1044359e-02  -1.0691042e-02   3.1131387e-03
  -2.6097146e-01   8.8224439e-01  -1.8679311e+00   7.0548351e-02  -1.0501274e-02   3.2816182e-03
  -2.6521356e-01   8.0299870e-01  -2.1531182e+00   7.2211926e-02  -1.0640699e-02   3.1186928e-03
  -2.2596973e-01   8.5736855e-01  -2.1084515e+00   7.0291739e-02  -1.0850496e-02   3.1201555e-03
  -2.1510484e-01   8.4700910e-01  -2.0887608e+00   6.8811669e-02  -1.1007262e-02   2.8550417e-03
  -2.0723811e-01   6.9736711e-01  -1.4294510e+00   6.4223820e-02  -1.1518594e-02   3.7803665e-03
  -2.3441690e-01   8.0864702e-01  -1.5180930e+00   5.9519849e-02  -1.2260256e-02   3.2393299e-03
  -2.1681888e-01   8.4083777e-01  -1.7869434e+00   5.3239622e-02  -1.1327700e-02   2.8260374e-03
  -1.6966618e-01   7.7322194e-01  -2.1267243e+00   4.8653463e-02  -1.0539225e-02   2.1758216e-03
  -1.6341399e-01   8.5882853e-01  -2.0701664e+00   4.7376036e-02  -1.1011163e-02   1.9341536e-03
  -1.8816795e-01   8.2568752e-01  -2.3499645e+00   4.9571148e-02  -1.1831277e-02   2.5637536e-03
  -1.8227315e-01   8.8874515e-01  -2.4130770e+00   4.8103916e-02  -1.2219102e-02   2.8368543e-03
  -1.5121456e-01   8.6771351e-01  -2.5033736e+00   7.6362687e-02  -1.2282260e-02   4.1578247e-03
  -3.5140266e-01   8.4806144e-01  -4.9101109e+00   1.4050482e-01  -1.4147965e-02   8.5447793e-03
  -2.1524546e-01   6.0584050e-01  -1.6214360e+00   1.0333094e-01  -1.4324399e-02   1.0554936e-02
  -2.1452813e-01   6.4782397e-01  -1.9077346e+00   1.0153549e-01  -1.3452260e-02   8.6109149e-03
  -2.1171816e-01   7.1581348e-01  -2.0487054e+00   1.0105224e-01  -1.0037641e-02   5.5733486e-03
  -1.7266405e-01   7.5520632e-01  -2.2675390e+00   9.7196438e-02  -1.1337285e-02   5.3785305e-03
  -1.5379145e-01   8.7956655e-01  -2.3232946e+00   8.9587151e-02  -1.2909786e-02   5.0687904e-03
  -1.6114416e-01   9.0777435e-01  -2.2891256e+00   8.3280678e-02  -1.3807507e-02   4.4991086e-03
  -1.4623990e-01   9.3432629e-01  -2.4147740e+00   7.9148176e-02  -1.3836524e-02   4.3551079e-03
  -1.3945675e-01   9.4877110e-01  -2.3035156e+00   7.5242815e-02  -1.3182810e-02   3.9325743e-03
  -7.5985929e-02   6.8118916e-01  -3.2740095e+00   1.0950945e-01  -9.5786621e-03   3.9560571e-03
  -2.8245403e-01   2.3738488e-01  -6.8596974e+00   1.6221200e-01  -3.3684599e-03  -1.7524000e-03
  -2.4951077e-01   7.6301558e-01  -4.1192825e+00   1.3767991e-01  -4.5055970e-03   1.2019643e-03
  -1.5583636e-01   8.2218742e-01  -1.9892391e+00   1.0934658e-01  -5.8877116e-03   3.3690278e-03
  -1.5521887e-01   6.9354287e-01  -1.6962477e+00   1.0115966e-01  -6.9373405e-03   3.7511856e-03
  -1.5120350e-01   7.2604116e-01  -1.4892508e+00   9.6434031e-02  -7.4114264e-03   3.7148166e-03
  -1.4212983e-01   7.4548550e-01  -1.4763268e+00   9.3642073e-02  -8.1742271e-03   3.7649970e-03
  -1.6781306e-01   7.3503947e-01  -1.4651366e+00   9.0521423e-02  -7.7953276e-03   3.4141879e-03
  -1.4541017e-01   7.2446254e-01  -9.7445285e-01   8.2001634e-02  -8.8964212e-03   3.6324281e-03
  -1.6393051e-01   7.3762085e-01  -8.7903307e-01   7.6159188e-02  -8.8820168e-03   3.7574451e-03
  -1.3845965e-01   7.4216760e-01  -9.7013800e-01   7.3433461e-02  -8.2689761e-03   3.1497540e-03
  -1.2931530e-01   7.9552973e-01  -1.0232137e+00   6.9619166e-02  -8.1712207e-03   2.8652903e-03
  -1.1461809e-01   7.5649087e-01  -1.2846442e+00   6.8651791e-02  -7.2418432e-03   2.4874100e-03
  -9.5412148e-02   8.0488649e-01  -1.1440616e+00   7.4882978e-02  -7.1946249e-03   2.7085471e-03
  -2.4735680e-01   6.9056555e-01  -3.8533045e+00   1.0526127e-01  -8.5843583e-03   4.6018053e-03
  -3.8991092e-01   8.3227000e-01  -4.6079426e+00   1.2452877e-01  -8.2050945e-03   3.2316317e-03
  -2.6599665e-01   1.0524796e+00  -2.2160778e+00   1.0346125e-01  -8.0007953e-03   4.7845969e-03
  -2.1069107e-01   8.4558239e-01  -1.4222475e+00   9.1650541e-02  -8.3844483e-03   4.6049392e-03
   4.5327278e-02   1.1271503e+00  -1.9221184e+00   8.2844532e-02  -1.1451243e-02   4.3725465e-03
   5.6742410e-02   8.9619750e-01  -1.2528191e+00   7.1021736e-02  -1.3007335e-02   4.7918939e-03
   1.6308169e-02   7.9187742e-01  -1.1430453e+00   7.0288896e-02  -1.2805716e-02   5.0778725e-03
   2.2989489e-02   8.2337177e-01  -1.0533589e+00   6.8841988e-02  -1.2791621e-02   5.0284014e-03
   3.1180077e-02   7.8220926e-01  -1.0082770e+00   6.5907590e-02  -1.2879859e-02   4.6112346e-03
   4.5294715e-02   7.7025991e-01  -1.0667800e+00   6.3176814e-02  -1.3143560e-02   4.4299054e-03
   4.8416050e-02   7.9602714e-01  -1.0115890e+00   6.1431593e-02  -1.2604435e-02   4.0514701e-03
   4.5585432e-02   7.2208820e-01  -7.6129481e-01   5.9551861e-02  -1.1472289e-02   3.6898221e-03
   7.6347363e-02   7.3328169e-01  -1.1964096e+00   6.6031161e-02  -1.3550682e-02   2.8377752e-03
   3.0570950e-03   9.8936667e-01  -3.4716265e+00   8.3498645e-02  -1.4582732e-02  -2.7637370e-03
   4.6800378e-02   9.8981440e-01  -2.3856902e+00   8.3712991e-02  -1.2421834e-02  -2.5771551e-03
  -6.4336642e-02   9.9902210e-01  -2.7691694e+00   8.3471585e-02  -1.1888352e-02   1.2430962e-03
  -5.1307010e-02   1.0271804e+00  -1.5905936e+00   7.7323441e-02  -9.7089411e-03   3.2408408e-03
  -1.0646678e-01   7.8302663e-01  -1.7106767e+00   7.9630313e-02  -9.3045881e-03   2.4508587e-03
  -9.3330321e-02   8.9349909e-01  -1.5596689e+00   7.9335490e-02  -8.9425038e-03   2.1458465e-03
  -9.3853734e-02   8.7913000e-01  -1.5096841e+00   7.8245336e-02  -8.9474022e-03   1.8248394e-03
  -9.7494497e-02   8.2094820e-01  -1.5836868e+00   7.8775635e-02  -9.0675306e-03   1.6677644e-03
  -8.6306193e-02   8.7466224e-01  -1.5694461e+00   7.7558112e-02  -9.1507606e-03   1.6562658e-03
  -6.0668108e-02   9.0467306e-01  -1.5971064e+00   7.7016265e-02  -9.4196656e-03   1.5803536e-03
  -9.7550534e-02   9.8057249e-01  -2.2438747e+00   7.5989370e-02  -7.2646212e-03   2.7708163e-04
