   0.0000000e+00   0.0000000e+00   0.0000000e+00   0.0000000e+00   0.0000000e+00   0.0000000e+00
   4.8132000e-01  -1.8810776e+00   4.3971914e-01  -2.0695912e-02  -3.9668263e-03  -2.2029273e-02
   1.0423632e+00  -4.7737860e+00   1.7352818e-01  -6.4186839e-02   1.6509111e-04  -1.0726767e-01
   6.3438697e-02  -3.9456714e-01   1.4426870e+00   6.1307408e-02  -1.8003216e-02  -2.4712358e-02
   5.6956083e-01  -9.5245435e-01   3.8925837e+00   5.5701088e-02  -1.6003274e-02  -2.9839787e-02
   4.6400128e-01  -6.3398109e-01   1.9563379e+00   5.8853149e-02  -1.4239164e-02  -2.8881667e-02
   3.7318777e-01  -4.1417245e-01   1.3198160e+00   4.2768144e-02  -1.2613890e-02  -3.1189773e-02
   1.9844144e-01  -3.0243164e-01   1.3854241e+00   4.4350234e-02  -8.7283959e-03  -2.8784280e-02
   8.9762125e-02  -1.2673516e-01   1.9664569e+00   4.9725775e-02  -8.2366306e-03  -2.7852458e-02
   8.4584894e-02  -1.5004636e-01   1.9025960e+00   4.8522077e-02  -7.8134813e-03  -2.7643148e-02
   1.0683641e-01  -3.2963798e-01   1.8248611e+00   4.1252412e-02  -8.0256976e-03  -2.7042657e-02
   1.2687916e-01  -2.0944278e-01   1.7815584e+00   3.2522930e-02  -1.0187538e-02  -2.5701248e-02
   1.2124414e-01  -2.1953137e-01   1.8251126e+00   2.9405648e-02  -8.0400206e-03  -2.5818288e-02
   1.3025569e-01  -3.1904061e-01   1.7392263e+00   2.8198386e-02  -7.5405015e-03  -2.6135765e-02
   1.0961854e-01  -2.3523177e-01   1.5342008e+00   3.0135881e-02  -5.3113188e-03  -2.5714797e-02
   1.8748715e-01  -2.0140367e-01   1.8328744e+00   2.8881581e-02  -7.8369950e-03  -2.5661224e-02
   4.6495053e-01  -2.3884859e-01   2.9607786e+00   2.9875678e-02  -1.5801646e-02  -2.5799839e-02
   4.7929147e-01  -2.7665113e-01   2.6494809e+00   2.7640670e-02  -7.0166775e-03  -2.3695330e-02
   6.0373438e-01  -1.8286295e+00  -5.8386275e+00  -5.5712531e-02   9.6718558e-03  -3.2833719e-02
   1.6492543e-01  -5.1852040e-01  -5.4434807e+00  -5.1939149e-02   6.0151037e-03  -2.5738682e-02
   1.4854275e-01  -5.0788526e-01  -4.2865662e+00  -2.9221053e-02   2.6008862e-03  -2.2700754e-02
   6.1403511e-02  -7.7214525e-01  -3.6655440e+00   3.4206418e-03  -1.0665008e-02  -1.6210301e-02
  -1.0473257e-01  -8.6555163e-01  -3.4028677e+00   2.2433717e-02  -8.8316327e-03  -1.7168020e-02
  -8.2387252e-02  -7.5457911e-01  -2.8470288e+00   1.0306789e-02  -5.0900104e-03  -1.8004861e-02
  -3.8513681e-02  -6.0406296e-01  -2.8429385e+00   3.1353734e-03  -1.7855077e-03  -1.9595738e-02
   8.5588308e-04  -5.2151794e-01  -2.7466051e+00  -4.9813653e-03  -6.9867850e-05  -2.0487097e-02
   2.5633076e-02  -4.7237719e-01  -2.8467595e+00  -1.3511591e-02  -8.6101585e-04  -2.0150962e-02
   2.4635502e-03  -4.4695406e-01  -3.0488908e+00  -1.5370788e-02  -1.0676903e-03  -2.0393992e-02
   9.3361773e-02  -4.2370473e-01  -2.1921390e+00  -1.6063041e-02  -4.3576647e-03  -2.2038647e-02
   4.0111599e-01  -2.9667240e-01  -2.9282292e+00  -2.2585476e-02  -6.6158004e-03  -2.4106713e-02
   2.3477539e-01  -4.3681202e-01  -2.0895156e+00  -2.6327015e-02  -8.4356137e-03  -2.1644518e-02
   2.5661010e-01  -5.0332522e-01  -1.7728040e+00  -3.0054676e-02  -9.4125141e-03  -2.1525623e-02
   2.9088582e-01  -5.6842438e-01  -1.5084222e+00  -3.2130400e-02  -6.0404556e-03  -2.1686751e-02
   2.8617402e-01  -4.9112313e-01  -1.4784723e+00  -3.5958466e-02  -7.2968920e-03  -2.1551825e-02
   2.3721450e-01  -5.5036713e-01  -1.4821054e+00  -3.7369889e-02  -5.9912934e-03  -2.1554481e-02
   2.2154777e-01  -5.6118127e-01  -1.1443545e+00  -3.9947478e-02  -5.7627374e-03  -2.1120189e-02
   2.0345473e-01  -4.7122325e-01  -1.6621298e+00  -3.8019825e-02  -5.7049837e-03  -2.1058095e-02
   1.9533437e-01  -4.8947929e-01  -1.7439451e+00  -3.5944460e-02  -6.2706716e-03  -2.1060340e-02
   1.7224241e-01  -4.3226766e-01  -2.0506799e+00  -3.6011542e-02  -5.3991300e-03  -2.1529698e-02
   1.9089166e-01  -4.0617926e-01  -2.2103631e+00  -3.7949696e-02  -5.4494697e-03  -2.1661625e-02
   1.2971666e-01  -4.1919616e-01  -2.1543958e+00  -1.9540339e-02  -8.1617307e-03  -2.0805898e-02
  -4.9271582e-01  -8.5904328e-01  -2.9049216e+00  -3.1714590e-02  -9.6319293e-03  -2.7181943e-02
  -4.5316890e-01  -7.8785938e-01  -2.2022987e+00  -2.3670049e-02  -1.5234849e-02  -2.7963979e-02
  -5.3865721e-03  -5.1373288e-01  -1.0288023e+00  -2.5451031e-02  -1.1123733e-02  -2.1733580e-02
  -3.1632643e-02  -3.1614995e-01  -2.1961924e+00  -1.5769664e-02  -7.9005425e-03  -1.8291432e-02
   1.1538459e-02  -4.0664080e-01  -1.9470044e+00  -1.8045729e-02  -7.3725278e-03  -1.8805552e-02
   6.4888731e-02  -4.2632749e-01  -1.8274646e+00  -1.8921826e-02  -7.2986454e-03  -1.9484245e-02
   5.4230688e-02  -4.3523581e-01  -1.6747791e+00  -2.3747770e-02  -7.9293135e-03  -2.1329999e-02
   5.6724273e-03  -3.6762994e-01  -1.6148679e+00  -2.7638800e-02  -1.2192986e-02  -2.0220999e-02
   4.9013905e-02  -3.8300959e-01  -1.5647411e+00  -3.3322650e-02  -1.1064514e-02  -2.0343493e-02
   6.1030932e-02  -4.0093826e-01  -1.5760463e+00  -3.5316703e-02  -1.0114109e-02  -2.0706023e-02
   8.2168951e-02  -3.6796310e-01  -1.5482299e+00  -3.8534963e-02  -8.9527049e-03  -2.1182237e-02
   1.0881957e-01  -3.6698916e-01  -1.4460310e+00  -4.2511179e-02  -8.5780739e-03  -2.1395946e-02
   1.1726211e-01  -3.7614067e-01  -1.6340735e+00  -4.4593738e-02  -8.2952058e-03  -2.1580170e-02
   1.3550623e-01  -3.4493117e-01  -1.7630164e+00  -4.5119083e-02  -7.5253669e-03  -2.1512619e-02
  -1.5911485e-02  -8.2797257e-01  -9.6536525e-01   2.0105636e-02  -1.7188926e-02  -1.6472370e-02
  -6.3831817e-01  -1.3720697e-01   1.3480440e+00   1.1439151e-01  -3.2454278e-02  -2.0294251e-04
  -5.5319488e-01  -2.7342180e-01   1.8843031e+00   1.0566964e-01  -3.0584118e-02  -2.5769739e-03
  -3.3690561e-01   1.9426910e-02   1.7130021e+00   8.8391180e-02  -2.7151275e-02  -6.1938016e-03
   6.6851895e-02  -2.3827277e+00   2.9405309e+00   6.3518019e-02  -1.2532122e-02  -1.8489551e-02
   8.0570378e-01  -3.6030638e+00   5.3414339e+00   1.1960996e-02  -9.0965546e-03  -2.0873967e-02
   1.0371123e+00  -2.9873359e+00   4.1720949e+00   1.5435439e-02  -6.3782705e-03  -1.2693195e-02
   1.1702138e+00  -1.8726441e+00   2.5947011e-01   2.9703589e-02  -3.5808835e-03  -2.3399009e-02
   5.9799967e-01  -2.0075104e-01   7.1599821e-01   3.9686600e-02  -7.2671381e-03  -1.6593836e-02
   3.5537259e-01  -3.2893713e-01   9.6535600e-01   3.5190240e-02  -8.2411808e-03  -1.6517194e-02
   2.6881556e-01  -2.0199189e-01   6.4278804e-01   4.7080547e-02  -4.8926485e-03  -1.8105528e-02
   1.7409723e-01   6.5508856e-02   1.0914054e+00   4.7972707e-02  -3.5981724e-03  -2.0400823e-02
   1.9503612e-01  -1.2382265e-01   7.9797078e-01   3.9756779e-02  -5.8456148e-03  -1.6847428e-02
   2.3729569e-01  -6.8359262e-02   7.0925174e-01   4.3853333e-02  -6.8030572e-03  -1.5603112e-02
   1.5199881e-01  -5.2953217e-01   1.3276609e+00   3.5114830e-02  -1.4920503e-02  -1.6774153e-02
   4.7319010e-01  -1.0767336e+00   1.3758966e+00   1.4044845e-02  -1.9205337e-02  -1.9843777e-02
   6.2807820e-01  -9.1857083e-01   2.1377646e+00   5.0350517e-03  -1.4285649e-02  -2.4170212e-02
   5.6836248e-01   4.2693259e-01   1.2543957e+00   1.0294090e-03  -1.2856235e-03  -2.3117962e-02
   2.1247409e-01  -7.4843047e-01  -6.1715250e+00  -4.4119353e-02  -3.4097087e-02  -2.6614958e-02
   5.8417193e-01  -1.8510604e-02  -1.9187906e+00  -3.4341823e-02  -3.1649048e-02  -2.0926656e-02
   3.7260462e-01  -4.3263755e-01  -2.5426893e+00  -3.5587319e-02  -2.7844834e-02  -2.3108818e-02
   3.4240957e-01  -2.5084890e-01  -1.6166998e+00  -3.8800625e-02  -3.0175860e-02  -1.8004702e-02
   3.8051104e-01  -3.5310926e-01  -1.6582065e+00  -4.1104629e-02  -2.8870957e-02  -1.8811310e-02
   4.0616225e-01  -3.0458752e-01  -1.6872775e+00  -4.2480551e-02  -2.8125006e-02  -1.9519070e-02
   3.9541532e-01  -2.4085536e-01  -1.7326715e+00  -4.2725083e-02  -2.7094694e-02  -2.0004969e-02
   3.9621866e-01  -2.4772008e-01  -1.7263444e+00  -4.1519863e-02  -2.7148814e-02  -2.0273363e-02
   4.0812060e-01  -2.0020042e-01  -1.7830073e+00  -4.3164172e-02  -2.6751935e-02  -2.1024996e-02
   4.1729085e-01  -2.2843235e-01  -1.7988411e+00  -4.3976689e-02  -2.6896677e-02  -2.0857624e-02
   4.2513697e-01  -2.2633572e-01  -1.8495689e+00  -4.4574173e-02  -2.6741300e-02  -2.1041110e-02
   4.2945648e-01  -2.1853856e-01  -1.8851313e+00  -4.4579473e-02  -2.6775407e-02  -2.0423891e-02
   4.3447846e-01  -1.4656880e-01  -1.8022338e+00  -4.5461285e-02  -2.7164970e-02  -2.0341665e-02
   4.3144074e-01  -1.6374619e-01  -1.9020305e+00  -4.7012950e-02  -2.7152269e-02  -2.0318768e-02
   4.2600179e-01  -1.6557851e-01  -1.7515168e+00  -4.7722930e-02  -2.6295292e-02  -2.0109265e-02
   4.4429219e-01  -1.7057005e-01  -1.5564736e+00  -5.0199373e-02  -2.6938031e-02  -1.9424533e-02
   7.7304704e-01   3.8439983e-02   1.2595260e+00   1.3303186e-01  -2.4685931e-03  -1.6558832e-02
   1.3484419e+00  -5.3765775e-02   3.4152650e+00   1.3624117e-01   2.0076900e-02  -3.0998183e-02
   8.5437542e-01   4.5167926e-01   3.7739021e+00   1.1205904e-01   8.4839010e-03  -2.5098576e-02
   7.2126902e-01   3.5771578e-01   3.2868496e+00   1.0668403e-01   5.5862616e-03  -2.4923042e-02
   7.6316321e-01   3.7709191e-01   3.1383703e+00   1.0757147e-01   8.2878333e-03  -2.5491706e-02
   8.1454385e-01   3.9921330e-01   3.1110307e+00   1.0774881e-01   9.6110884e-03  -2.6140726e-02
   8.2531781e-01   4.0924225e-01   3.0152752e+00   1.0508164e-01   9.2654649e-03  -2.6139196e-02
   8.0214213e-01   3.9323096e-01   2.8932943e+00   1.0180344e-01   9.3840147e-03  -2.6129472e-02
   8.3779150e-01   3.7314845e-01   2.8776991e+00   1.0035427e-01   8.9691071e-03  -2.6111362e-02
   8.5545430e-01   3.7940089e-01   2.8003871e+00   9.8951557e-02   9.2613751e-03  -2.6365474e-02
   8.9020652e-01   4.9757843e-01   3.0329434e+00   9.6828441e-02   9.3274844e-03  -2.6616427e-02
   8.7068087e-01   3.3006481e-01   2.9240585e+00   9.6725075e-02   9.0793547e-03  -2.6596330e-02
   9.1340063e-01   4.3943741e-01   2.8967610e+00   9.3435566e-02   8.6071930e-03  -2.6287923e-02
   8.6921743e-01   3.6839370e-01   2.9212264e+00   9.1938732e-02   7.2748555e-03  -2.6200041e-02
   8.3721332e-01   3.7743750e-01   3.0068244e+00   9.3121243e-02   5.3064378e-03  -2.6147909e-02
   8.2868377e-01   4.5307938e-01   3.1326284e+00   8.3584796e-02   2.2250927e-03  -2.5546754e-02
   6.9416992e-01   1.1386604e-01   2.0372393e+00   7.0776811e-02  -4.3393049e-03  -2.4070393e-02
   7.7282811e-01   1.1277319e-01   2.0248940e+00   6.5946396e-02  -8.5596092e-03  -2.3112567e-02
   7.3433639e-01   2.7863194e-01   1.7997999e+00   6.9279076e-02  -6.7034761e-03  -2.3364019e-02
   5.8453277e-01   4.2711086e-01   1.5768726e+00   5.6158939e-02   3.5207165e-03  -2.1800812e-02
   5.5964287e-01   3.9422140e-01   1.9135143e+00   5.7004357e-02   3.4818824e-03  -2.3197251e-02
   5.1426858e-01   3.6994015e-01   1.9841466e+00   5.7526316e-02   7.8482764e-05  -2.2790199e-02
   5.8764188e-01   3.9185265e-01   1.9991959e+00   5.3430003e-02   4.8098896e-03  -2.2432667e-02
   6.1256237e-01   3.3437959e-01   2.3109408e+00   4.9120384e-02   5.2984815e-03  -2.2713499e-02
   5.5008396e-01   3.2379492e-01   2.1382512e+00   3.9183211e-02   2.1684188e-03  -2.0918528e-02
   5.0062567e-01   2.6423061e-01   1.9232160e+00   3.6525228e-02   3.0923820e-03  -2.1981955e-02
   4.9062441e-01   2.3791236e-01   1.4323112e+00   3.8381360e-02   4.4677610e-03  -2.0979625e-02
   5.1598157e-01   2.8773567e-01   1.4495861e+00   4.0331177e-02   4.8749705e-03  -2.1078039e-02
   6.0665168e-01   6.2213363e-01   2.6879704e+00   9.3997338e-02   1.7814130e-03  -2.1722056e-02
   6.0140964e-01   6.8515144e-01   2.8277758e+00   1.2487744e-01   4.4062044e-03  -2.2453275e-02
   5.9254333e-01   6.5771313e-01   2.6688662e+00   1.1307305e-01   4.7946059e-03  -2.3167719e-02
   5.9575551e-01   6.3346120e-01   2.4878863e+00   9.9065742e-02   4.6243709e-03  -2.3637371e-02
   6.0092159e-01   6.0854942e-01   2.4115243e+00   9.2473437e-02   4.8069448e-03  -2.4477384e-02
   6.2194913e-01   6.0556066e-01   2.3228899e+00   8.9961248e-02   4.9891298e-03  -2.4686201e-02
   6.2806575e-01   6.2744325e-01   2.1138707e+00   8.6274788e-02   4.5380753e-03  -2.4595320e-02
   6.2351691e-01   5.9727258e-01   2.0045806e+00   8.1064676e-02   3.7345340e-03  -2.4419785e-02
   7.8173862e-01  -6.6516024e-01   6.4202697e-01  -1.1461530e-02   4.7553226e-03  -2.5469857e-02
   6.1429352e-01  -2.8070822e-01  -2.0660917e+00  -3.4137506e-02  -4.7658318e-04  -2.1771681e-02
   5.9049484e-01  -4.5567631e-02  -1.8849171e+00  -3.0969091e-02   1.2691424e-03  -2.2544363e-02
   6.2154857e-01  -2.4758404e-02  -1.8196922e+00  -3.2948357e-02   9.6327169e-04  -2.2891800e-02
   6.2183235e-01  -4.4355319e-03  -1.7569637e+00  -3.5422655e-02  -4.5184934e-04  -2.2781629e-02
   6.2192585e-01  -6.1780704e-02  -1.7128199e+00  -3.6165944e-02  -4.5549307e-04  -2.2893127e-02
   6.6849552e-01   2.1116107e-02  -3.3488103e+00  -7.7109568e-03  -2.2275008e-03  -2.2343865e-02
   8.5774859e-01   3.9042065e-02  -2.2011810e+00  -1.9791207e-02  -5.6905785e-03  -2.2862490e-02
   9.8699474e-01  -1.2089371e+00  -1.0156383e+00  -3.8007096e-02  -3.5939727e-03  -2.2847039e-02
   6.5714889e-01   3.9104090e-02  -1.9667671e+00  -3.6422358e-02  -1.1933825e-03  -2.0061845e-02
   6.9184608e-01   2.2978899e-02  -1.7476571e+00  -3.7323703e-02   9.7851655e-04  -2.1423930e-02
   6.9295871e-01  -3.5306178e-02  -1.6823556e+00  -3.6077885e-02   1.8955961e-03  -2.2121006e-02
   7.0010002e-01  -5.7890785e-02  -1.6096221e+00  -3.6980527e-02   1.9553447e-03  -2.2489402e-02
   7.0821338e-01  -6.5664343e-02  -1.5837218e+00  -3.6611114e-02   1.7440999e-03  -2.2593124e-02
   6.9905179e-01  -6.5247898e-02  -1.5415444e+00  -3.6472803e-02   1.9833617e-03  -2.2839015e-02
   7.1451920e-01  -6.4113979e-02  -1.5940535e+00  -3.7352428e-02   1.3591782e-03  -2.2792884e-02
   8.3635675e-01   1.0183462e-02  -1.7535353e+00  -3.7738343e-02  -1.4621207e-03  -2.4097817e-02
   8.0097507e-01  -1.1030093e-01  -1.6548840e+00  -3.6671167e-02  -1.4159335e-03  -2.3970781e-02
   5.9085930e-01  -1.9053686e+00  -8.5158127e-01  -4.1351069e-02  -3.5503207e-03  -2.2609476e-02
   7.7040198e-01  -1.8907202e+00  -1.1222160e+00  -3.7317274e-02  -1.5479427e-03  -2.2756987e-02
   4.4526094e-01  -6.9662278e-01   6.1473845e-01   6.9485940e-02   1.6397652e-03  -1.9624746e-02
   1.3259888e-01   8.2167418e-01   4.1570614e+00   1.2852349e-01  -3.1050069e-03  -1.4295751e-02
   5.6165522e-02   7.2076974e-01   3.4198489e+00   1.1150867e-01  -2.9837459e-03  -1.4927836e-02
  -5.9147212e-03   3.3265951e-01   1.6659075e+00   5.3686053e-02   1.0138423e-03  -1.2967315e-02
   1.2575256e-01   4.0428202e-01   1.5982200e+00   3.5903968e-02   2.7636887e-03  -1.3327097e-02
   1.9458187e-01   4.3170689e-01   1.9017478e+00   3.3061889e-02   1.9567627e-03  -1.3538220e-02
   1.8972037e-01   3.9013444e-01   1.8542035e+00   3.4834288e-02   1.5399980e-03  -1.3706680e-02
   1.8167652e-01   5.5490214e-01   2.0417733e+00   3.8577182e-02   5.9856304e-04  -1.3333039e-02
   2.0074054e-01   4.1821079e-01   2.1200666e+00   3.5916336e-02   8.5773691e-04  -1.3590183e-02
   2.0560773e-01   4.0520394e-01   1.8871956e+00   3.6134821e-02   2.0254332e-03  -1.3761669e-02
   2.9181005e-01   4.6652935e-01   2.0366620e+00   3.6267082e-02   4.5542979e-03  -1.5156855e-02
   2.6086978e-01   4.9150227e-01   2.1300112e+00   3.9422672e-02   3.7417690e-03  -1.5444515e-02
   2.4811720e-01   4.4860918e-01   1.9906880e+00   3.8193715e-02   4.0277498e-03  -1.5286181e-02
   2.4004415e-01   4.2800253e-01   1.8980902e+00   3.7193149e-02   4.1272180e-03  -1.5049108e-02
   2.6471251e-01   4.5144299e-01   1.9648226e+00   3.9013892e-02   3.9859948e-03  -1.5162639e-02
   2.5704510e-01   5.1649605e-01   2.1263555e+00   4.1545940e-02   2.9337761e-03  -1.4996268e-02
   2.4447951e-01   5.0645037e-01   2.1820432e+00   4.4673780e-02   1.2766681e-03  -1.4794075e-02
   3.5293119e-01   5.0629865e-01   2.8068874e+00   4.6332607e-02   2.0717598e-03  -1.7136634e-02
   5.5305086e-01   3.4334261e-01   2.7417835e+00   4.4131435e-02  -8.1910137e-03  -1.5554840e-02
   4.6132580e-01   6.0629437e-01   4.2301660e+00   7.9609296e-02  -1.0664888e-02  -1.5749195e-02
   1.4152578e+00   1.2048170e+00   6.7382671e+00   8.3577603e-02  -6.6000621e-03  -2.1098463e-02
   1.2447040e+00   3.1694723e+00   5.5211639e+00   7.0072328e-02   2.8459781e-05  -2.6838847e-02
   7.4068887e-01   8.0090805e-01   3.7121464e+00   5.9868560e-02  -2.9415299e-04  -2.0643286e-02
   7.5672715e-01   1.5048697e+00   4.7061656e+00   6.1211496e-02  -5.6352441e-04  -2.0054276e-02
   7.6249745e-01   1.5069626e+00   5.1707228e+00   6.1227368e-02  -3.4709953e-04  -2.0766492e-02
   7.5376576e-01   1.5154191e+00   5.3870113e+00   6.5430812e-02   3.1998347e-04  -2.1516089e-02
   7.5255524e-01   1.4464431e+00   5.4411695e+00   6.3395154e-02   1.4554637e-03  -2.2295633e-02
   7.4886376e-01   1.4247819e+00   5.6554960e+00   6.0685564e-02   2.3420125e-03  -2.2200219e-02
   7.4192043e-01   1.3280233e+00   5.8400456e+00   5.6873562e-02   1.6827839e-03  -2.2208524e-02
   7.2415680e-01   1.2529153e+00   5.6804966e+00   5.4881124e-02   2.0722313e-03  -2.2468395e-02
   7.3280179e-01   1.2757552e+00   5.6715996e+00   5.3835061e-02   1.5420203e-03  -2.2317833e-02
   8.3619536e-01   1.1040811e+00   5.5511288e+00   4.9467090e-02  -1.6580159e-03  -2.0199621e-02
   4.0362331e+00  -1.2440180e+01   7.2036350e+00  -9.2908592e-02  -1.9860513e-02   4.3574493e-02
   2.0180028e+00  -1.2000791e+00   5.0026915e+00   5.5977882e-02  -1.2566763e-02   1.5213454e-02
   1.0040860e+00  -6.6205392e-01   3.6460335e+00   6.5715008e-02  -1.1612911e-02   3.5103289e-03
   1.0125895e+00  -3.6834711e-01   2.9646405e+00   7.2886384e-02  -1.9657588e-02   3.3160923e-03
   1.2556650e+00   9.2974277e-01   3.8076444e+00   7.3645366e-02  -1.8144515e-02   8.1044346e-04
   1.1038717e+00   5.3107061e-01   3.9001289e+00   6.0272039e-02  -4.9222815e-03  -4.0598891e-03
   9.5425334e-01   2.7667183e-01   2.6207613e+00   6.5640270e-02   6.2033341e-03  -1.1007721e-02
   9.4005296e-01   3.7062502e-01   2.6381002e+00   6.1246869e-02   4.9039437e-03  -1.1226711e-02
   9.3470951e-01   3.9174354e-01   2.6393191e+00   6.0632505e-02   4.8639028e-03  -1.1521452e-02
   9.3440015e-01   3.6895924e-01   2.6554411e+00   5.9708469e-02   3.9821053e-03  -1.1602966e-02
   9.6998792e-01   2.5202476e-01   3.9345330e+00   4.8802095e-02   1.9357103e-03  -1.1864022e-02
