   0.0000000e+00   0.0000000e+00   0.0000000e+00   0.0000000e+00   0.0000000e+00   0.0000000e+00
   4.8579877e-02   4.7168345e-02   2.5776398e-01  -4.7971500e-03  -1.5606129e-03  -3.5467568e-04
   7.8398554e-02  -4.8118223e-01   7.0992861e-01   1.2683562e-02   1.6742718e-03  -2.3966998e-03
  -3.8314849e-02  -1.6866269e-01  -1.5335028e-01   6.7232420e-02   5.2718777e-03  -4.8517998e-03
  -1.0412395e-01  -4.2201950e-01   8.3676807e-01   5.3058835e-02   4.0271867e-03  -3.0154388e-03
  -7.3392375e-02  -3.2749529e-01   6.9493548e-01   4.5849554e-02   4.1986939e-03  -3.7250832e-03
  -5.1231133e-02  -2.7936835e-01   6.5897401e-01   3.8554206e-02   4.8681382e-03  -3.9040928e-03
  -4.4052271e-02  -3.5945958e-01   5.2817850e-01   2.7470167e-02   6.1035420e-03  -4.3018857e-03
   1.4926447e-02  -2.7638578e-01   5.1654923e-01   1.9473912e-02   5.9958035e-03  -4.9654860e-03
   5.3915876e-02  -2.3122646e-01   4.2595185e-01   1.6190127e-02   5.7366288e-03  -4.9986434e-03
   7.1706615e-02  -2.7247724e-01   3.7479383e-01   1.3434518e-02   5.7884714e-03  -5.2019021e-03
   1.7143291e-03  -5.2623310e-01  -2.4697068e-01   5.6692083e-02  -3.8469118e-03  -1.4761432e-03
  -5.2515114e-01   2.3220732e-01   6.7444309e-01   1.8939189e-01  -1.1581774e-02   1.3925728e-02
  -2.2832336e-01  -2.9995441e-01   5.7321639e+00   1.2455624e-01  -4.7941619e-03   1.0737202e-02
  -2.4519412e-01  -1.4235411e-01   4.3277639e+00   1.2664913e-01  -2.1358268e-03   7.9203894e-03
  -2.4019266e-01  -1.2303045e-03   3.9746405e+00   1.2369590e-01  -7.6740083e-04   5.9769646e-03
  -2.4282613e-01  -8.5985330e-02   3.9676170e+00   1.2062999e-01  -7.6035579e-04   5.6705924e-03
  -2.1488758e-01   6.8414000e-02   3.9236320e+00   1.1870368e-01  -1.2957872e-03   5.7221152e-03
  -2.1603128e-01   9.4471028e-02   3.7913455e+00   1.1652390e-01  -1.5599045e-03   5.3602951e-03
  -2.2547004e-01   2.7975252e-04   3.4340988e+00   1.1671371e-01  -2.2961593e-03   5.2509742e-03
  -3.5178387e-01   4.6097897e-01   2.3873084e+00   1.2346143e-01  -5.1284044e-03   6.4213943e-03
  -3.3452180e-01   3.6765556e-01   2.6870482e+00   1.1404970e-01  -5.1767395e-03   7.1467306e-03
  -3.2668738e-01   2.0099571e-01   2.7678411e+00   1.0979670e-01  -4.8283604e-03   6.5931190e-03
  -2.8569141e-01   3.1624668e-01   2.7185241e+00   1.0724057e-01  -5.0133583e-03   6.2580036e-03
  -2.8318224e-01   2.8759527e-01   2.4601521e+00   1.0682443e-01  -5.3469084e-03   6.5635644e-03
  -2.8591743e-01   2.8072434e-01   2.5968882e+00   1.0492309e-01  -5.0032342e-03   6.7719665e-03
  -2.7843540e-01   3.1021069e-01   2.7102416e+00   1.0356640e-01  -5.0588371e-03   6.5477000e-03
  -2.8890894e-01   2.9018607e-01   2.5305417e+00   1.0249561e-01  -5.3050352e-03   6.4735987e-03
  -2.7312939e-01   3.5453794e-01   2.4742870e+00   1.0036608e-01  -5.3542036e-03   6.7355714e-03
  -2.5519745e-01   3.3526521e-01   2.5058815e+00   9.9843765e-02  -5.5836103e-03   6.5589813e-03
  -2.5674868e-01   3.0956828e-01   2.4978968e+00   9.9403530e-02  -5.2791793e-03   6.2614582e-03
  -2.4406982e-01   3.8226007e-01   2.3556618e+00   1.0002578e-01  -5.6892616e-03   6.5083076e-03
  -2.5377445e-01   3.1495775e-01   2.4212925e+00   1.0055405e-01  -5.8657440e-03   6.6570033e-03
  -2.5844157e-01   3.4947462e-01   2.3515615e+00   1.0399323e-01  -5.7409123e-03   6.6474025e-03
  -2.2999027e-01   3.6080183e-01   2.6804204e+00   1.0164640e-01  -6.4537285e-03   7.5950513e-03
  -2.1425210e-01   3.4293263e-01   2.9195672e+00   9.7764934e-02  -6.1637528e-03   7.0925159e-03
  -2.3073711e-01   2.8607120e-01   2.6460803e+00   9.8616902e-02  -7.2393391e-03   7.0448935e-03
  -2.2201617e-01   4.1774358e-01   2.4981969e+00   9.7484543e-02  -7.3418890e-03   7.1455950e-03
  -2.3017878e-01   2.8428707e-01   2.5183162e+00   9.7534622e-02  -7.5515953e-03   7.3335608e-03
  -2.2412385e-01   3.1986477e-01   2.8012831e+00   9.7318735e-02  -7.2532362e-03   7.2905044e-03
  -2.2412870e-01   3.2246216e-01   2.6472593e+00   9.7657904e-02  -7.3784430e-03   7.0761996e-03
  -2.2575965e-01   2.9476726e-01   2.6129357e+00   9.7440750e-02  -6.9980796e-03   7.0783813e-03
  -2.2580334e-01   3.2601144e-01   2.6820923e+00   9.5908986e-02  -6.8119579e-03   7.0654254e-03
  -2.4624910e-01   2.9186785e-01   2.5480862e+00   9.7258399e-02  -6.9550506e-03   6.8939202e-03
  -2.3594532e-01   3.2478292e-01   2.5695231e+00   9.8007096e-02  -7.2228187e-03   7.1296052e-03
  -2.4202378e-01   2.8914087e-01   2.5646639e+00   9.6475979e-02  -7.3580735e-03   7.2862337e-03
  -2.4873640e-01   2.6989588e-01   2.6755906e+00   9.6207579e-02  -7.5022070e-03   7.4370723e-03
  -2.5724763e-01   2.8504639e-01   2.5373030e+00   9.5565532e-02  -7.3630334e-03   7.1325798e-03
  -2.8014350e-01   3.1122114e-01   2.3716292e+00   9.4891630e-02  -7.0116834e-03   6.6279205e-03
  -2.6877729e-01   2.3023299e-01   2.4371340e+00   9.1813497e-02  -6.6680907e-03   6.5968210e-03
  -2.7436450e-01   4.0783063e-01   2.6933176e+00   9.7513441e-02  -7.7083642e-03   7.7080899e-03
  -2.5672852e-01   3.3627550e-01   2.7129720e+00   9.7932217e-02  -8.1670271e-03   7.5396066e-03
  -2.7417204e-01   2.3591674e-01   2.5050488e+00   9.6761331e-02  -7.8429764e-03   7.5408802e-03
  -2.6183965e-01   3.1894494e-01   2.9616877e+00   9.5508362e-02  -7.6757972e-03   7.2067610e-03
  -2.3821439e-01   3.7462983e-01  -9.0897637e-01   8.4652035e-02  -1.1195356e-02  -2.0084289e-03
   4.5984538e-01   3.7364158e+00   5.3447104e+00   1.0567673e-01  -1.5004839e-02  -4.3375225e-03
   7.0164845e-01   1.6680045e-01   2.7186608e+00   9.8411972e-02  -4.3987346e-03  -6.7096856e-03
   1.9209602e-01   7.3889354e-01   3.0174302e+00   9.8305549e-02  -5.7034223e-03   9.1330684e-04
   1.3758481e-01   8.7364889e-01   3.1061260e+00   9.4916612e-02  -5.8201641e-03   2.3969464e-04
   1.3094870e-01   9.1862095e-01   3.2282460e+00   9.4652139e-02  -6.3340310e-03   2.5923349e-05
   1.3392764e-01   9.3065884e-01   3.2026091e+00   9.3892643e-02  -6.6002060e-03   1.7251149e-04
   1.1043087e-01   9.2282815e-01   3.2343746e+00   9.5423315e-02  -8.1894241e-03   8.0540346e-04
   9.6804453e-02   9.8975789e-01   3.4154022e+00   9.5350595e-02  -9.2853069e-03   1.3733626e-03
   9.0776158e-02   9.4449253e-01   3.5697402e+00   9.4686980e-02  -9.3974520e-03   1.1685920e-03
   8.0765683e-02   8.8923137e-01   3.4673891e+00   9.4287960e-02  -8.5856017e-03   1.2234180e-03
   9.1824544e-02   8.7031118e-01   3.4999182e+00   9.1811577e-02  -7.8876232e-03   1.0415340e-03
   9.7591683e-02   9.1227201e-01   3.6707171e+00   9.2401741e-02  -8.3081506e-03   1.0208847e-03
   8.8871441e-02   8.5560622e-01   3.3907773e+00   9.2020046e-02  -8.7662204e-03   6.7357354e-04
   9.0444632e-02   9.5056439e-01   3.5242787e+00   9.4687909e-02  -9.1309584e-03   1.0662343e-03
   9.2332744e-02   8.9981618e-01   3.6453209e+00   9.4172238e-02  -8.4361642e-03   8.5297711e-04
   8.2133698e-02   8.8090210e-01   3.6007833e+00   9.3981575e-02  -8.5546750e-03   6.6755602e-04
   9.9397418e-02   8.8649399e-01   3.5149878e+00   9.3600544e-02  -8.9844610e-03   8.2281858e-04
   1.1071223e-01   9.1305976e-01   3.3910227e+00   9.1110799e-02  -9.0118147e-03   7.9758006e-04
   1.2671005e-01   9.2120010e-01   3.4170743e+00   9.0258027e-02  -8.9696590e-03   5.5882462e-04
   1.1688510e-01   8.7892141e-01   3.4630160e+00   9.1429505e-02  -8.6466065e-03   3.4813241e-04
  -3.4137189e-03   1.3138672e+00   6.9357027e+00   2.2988861e-01  -4.9236244e-03   5.4098005e-03
  -8.2202572e-02   1.1422733e+00   5.8556834e+00   2.1979920e-01  -4.1300219e-03  -9.4036655e-04
  -8.8358048e-02   1.3801089e+00   6.6908704e+00   1.9955167e-01  -1.6347788e-03  -1.1318565e-03
  -8.6496939e-02   1.3874047e+00   7.1136741e+00   1.9092722e-01  -1.8602946e-03  -8.1362857e-04
  -1.0529464e-01   1.3402697e+00   5.9995339e+00   1.8585662e-01  -9.3859154e-04  -1.3146498e-03
  -8.4545543e-02   1.3400684e+00   5.7392735e+00   1.8422833e-01  -1.5731222e-04  -1.9690813e-03
  -6.3826863e-02   1.3567292e+00   5.7567001e+00   1.8071338e-01   4.3504131e-04  -2.5135380e-03
  -3.7648739e-02   1.2597304e+00   5.7280350e+00   1.7788683e-01   9.7916802e-04  -2.9256688e-03
  -1.6685115e-02   1.3267863e+00   5.5015241e+00   1.7671230e-01   1.5336535e-03  -2.9917975e-03
   1.5266601e-02   1.3556540e+00   5.5802191e+00   1.7377410e-01   2.6063849e-03  -3.6570781e-03
  -1.6093372e-02   1.2235247e+00   5.1247248e+00   1.7609023e-01   2.9174079e-03  -4.3475139e-03
   4.9661640e-02   1.4283049e+00   6.1627113e+00   1.7274698e-01   2.8957353e-03  -3.5582309e-03
   4.2773070e-02   1.2958873e+00   5.8359788e+00   1.6941215e-01   2.6545032e-03  -3.2613579e-03
   3.9153676e-02   1.2265188e+00   5.7335680e+00   1.7030337e-01   2.9000610e-03  -3.8974038e-03
   6.9350397e-02   1.3226701e+00   5.6435686e+00   1.6961722e-01   3.1453070e-03  -3.9741490e-03
   6.7101281e-02   1.3104887e+00   5.5070819e+00   1.6771250e-01   3.6733673e-03  -4.1531335e-03
   8.1764188e-02   1.2838473e+00   5.4232692e+00   1.6523082e-01   3.6948850e-03  -4.2175541e-03
   7.5948796e-02   1.2683020e+00   5.2921429e+00   1.6465793e-01   3.5351270e-03  -4.3084919e-03
   8.1448037e-02   1.2664727e+00   5.3820721e+00   1.6192204e-01   3.5489559e-03  -4.3499442e-03
  -3.3831836e-02   1.4036739e+00   6.4157827e+00   1.8951439e-01  -2.2292387e-03  -1.0781013e-03
   4.1069888e-01  -3.2489199e+00   8.8133847e+00   1.5249661e-01   9.3547990e-03  -2.7990403e-03
   2.1470159e+00  -1.3922477e+01   5.5352368e+00  -7.6696553e-02  -1.6022779e-03  -1.8174576e-02
  -1.0591863e+00  -2.4307681e+00  -2.7117901e+00   3.8790771e-02   6.7773866e-03  -1.5379414e-02
  -4.8821242e-01  -3.1586078e-01  -3.4988876e+00   9.3484560e-02   7.5167672e-03  -1.5300716e-02
  -1.6934698e-01  -2.4709153e-02  -2.9846527e+00   7.4063930e-02  -3.9375542e-03  -1.5674776e-02
   1.5217640e-01  -2.0133792e-01  -2.0211429e+00   8.7299681e-02   9.3879195e-04  -1.4746148e-02
   1.6450678e-01  -1.3648421e-01  -1.9271290e+00   8.5224692e-02   4.4945837e-03  -1.4155381e-02
   1.3688731e-01  -2.0384335e-01  -2.0723168e+00   8.3058445e-02   3.3482040e-03  -1.3271882e-02
   1.3569328e-01  -1.4618216e-01  -2.0600725e+00   8.2638054e-02   2.8430279e-03  -1.3480880e-02
   1.7149451e-01  -1.3629301e-01  -1.8774407e+00   7.9622555e-02   3.8145742e-03  -1.3264772e-02
   3.3902480e-01  -2.3804990e-01  -1.0006240e+00   7.3445355e-02   2.6307086e-03  -1.2062644e-02
   1.1833299e-01  -1.0475721e-01  -1.5155938e+00   6.9749992e-02   5.3117564e-03  -1.1385125e-02
   8.8315115e-02  -1.9650956e-02  -1.3428599e+00   7.1576281e-02   4.1494900e-03  -1.1530362e-02
   5.1998873e-02  -1.3465122e-01  -1.7741490e+00   7.1384188e-02   4.4533904e-03  -1.1852637e-02
   5.6628096e-02  -8.1910903e-02  -1.8267667e+00   6.8073507e-02   5.6511375e-03  -1.2375133e-02
   5.9615369e-02  -8.9131768e-02  -1.6555277e+00   6.9270227e-02   5.4441201e-03  -1.2827964e-02
   6.1780888e-02  -1.3394103e-01  -1.8469739e+00   7.0020208e-02   5.5191300e-03  -1.2889158e-02
  -3.1278575e-03  -6.5487554e-02  -1.8646367e+00   7.8179266e-02   3.6287825e-03  -1.1628622e-02
  -1.5812565e-01   1.6680753e-01  -2.0615902e+00   9.8093338e-02  -7.3177431e-04  -9.5841884e-03
  -1.3095804e-01   3.6571002e-02  -2.1622460e+00   9.3686210e-02   4.1824460e-04  -1.0622933e-02
  -1.0524298e-01   5.4617653e-02  -1.1755781e+00   8.7840547e-02   1.7022487e-03  -9.6864595e-03
  -9.3028829e-02   3.1411508e-02  -1.5813719e+00   8.4698607e-02   1.5834901e-03  -9.3642752e-03
  -8.5449105e-02   4.7410457e-02  -5.3723298e-01   8.0665939e-02   2.0332537e-03  -8.9855754e-03
  -5.9431249e-02   3.9154774e-02  -1.2077460e+00   8.4152059e-02  -1.6017616e-03  -6.7210241e-03
  -1.3144008e-01   1.2627130e-02  -1.9064976e+00   8.7338746e-02  -1.1473433e-03  -7.8302115e-03
  -1.6810336e-01   5.9111410e-02  -2.1369164e+00   8.7554060e-02  -5.0001192e-05  -9.2562293e-03
  -1.4057737e-01   8.9804770e-02  -2.0272194e+00   8.5589705e-02   3.1986448e-04  -9.5440111e-03
  -1.3403804e-01   8.6450083e-02  -2.1375462e+00   8.5351543e-02   2.7965111e-04  -9.7088189e-03
  -1.4603636e-01   5.2967651e-02  -2.3011549e+00   8.5056655e-02  -3.0091873e-04  -8.7232857e-03
  -1.5172007e-01   1.1554296e-01  -1.9060233e+00   8.3590093e-02  -1.5567672e-04  -9.0389122e-03
  -1.4170732e-01   8.1836199e-02  -2.2072538e+00   7.6582667e-02   1.0319260e-03  -1.0119482e-02
  -1.3956497e-01   2.7996595e-02  -2.5638174e+00   7.2904604e-02   2.4632606e-03  -1.1013583e-02
  -1.0652537e-01   2.7242548e-02  -2.4927900e+00   7.0814916e-02   3.6080657e-03  -1.1235792e-02
  -1.0229340e-01  -6.1298051e-02  -1.8994543e+00   1.0453594e-01   1.0903663e-03  -9.9108028e-03
  -2.8908834e-01  -1.4188695e-01  -7.8636631e-01   9.8149751e-02  -1.2709087e-03  -5.9015268e-03
  -2.8762120e-01   6.4196209e-02  -3.1514461e+00   9.8185689e-02  -2.7720915e-03  -7.9691492e-03
  -2.8065345e-01   3.5688367e-02  -2.8689355e+00   8.9993420e-02  -9.2359730e-04  -8.4290784e-03
  -2.6042879e-01   1.9634867e-01  -2.1771524e+00   9.5774660e-02  -2.6122766e-03  -7.2397411e-03
  -1.9094442e-01   9.9339403e-02  -1.9999206e+00   8.9992863e-02  -2.2158478e-03  -7.6680921e-03
  -1.1290741e-01   1.4443939e-01  -1.7078445e+00   8.6429748e-02  -2.8924789e-04  -8.0406106e-03
  -1.5269784e-01   6.2833909e-02  -1.8801819e+00   8.1980330e-02  -3.5714313e-04  -8.4069159e-03
  -1.2146638e-01   7.5077633e-02  -1.9568943e+00   7.6267018e-02  -1.0005329e-03  -8.9333823e-03
  -9.5616626e-02   9.9248674e-02  -2.0865704e+00   7.2900209e-02  -1.4498701e-03  -9.5632454e-03
  -8.1853027e-02   6.0900632e-02  -2.2560804e+00   7.0224495e-02  -1.3299823e-03  -9.2079952e-03
  -8.3503729e-02   7.1779800e-02  -2.3082463e+00   6.8904027e-02  -1.1057739e-03  -9.0816864e-03
  -6.2951210e-02   6.7106645e-02  -2.2098374e+00   6.7756122e-02  -9.8684142e-04  -9.2230294e-03
  -4.1526617e-02   3.9792554e-02  -2.4270179e+00   6.7401196e-02  -1.0318525e-03  -9.2012217e-03
   2.5089747e-02   1.8877774e-01  -2.0518651e+00   1.0282230e-01   4.0589333e-04  -1.2031939e-02
   8.6484926e-03   1.0586397e+00  -1.7453164e+00   8.7447627e-02  -5.3755233e-04  -1.4199226e-02
  -1.3864583e-01   1.6723772e-01  -6.3045197e+00   7.3967882e-02   1.2547170e-02  -1.4309513e-02
   8.6369997e-02   5.6728550e-01  -6.2499653e-01   7.0231883e-02   1.0665255e-02  -1.0405146e-02
   7.1751222e-02   3.3230938e-01  -3.3156250e-01   7.2718271e-02   6.4108234e-03  -8.1113397e-03
  -1.9299566e-02   3.6737016e-01  -2.3846522e-01   8.3929487e-02   2.4426876e-03  -6.2194989e-03
  -6.2675788e-03   2.5036427e-01  -2.8839511e-01   8.0995454e-02   2.5900271e-03  -6.4987930e-03
  -9.5108155e-03   2.9766004e-01  -3.3948409e-01   7.7009137e-02   2.6470150e-03  -6.4207604e-03
  -2.6205906e-02   2.6121360e-01  -4.5360376e-01   7.2231617e-02   3.3703751e-03  -6.9694421e-03
  -2.5928604e-02   3.0059567e-01  -6.8092397e-01   6.8075478e-02   4.5242923e-03  -7.1743454e-03
   1.3010472e-03   2.9629515e-01  -7.5769729e-01   6.3335026e-02   5.4420883e-03  -7.8238936e-03
   4.4367443e-03   2.7356369e-01  -9.9201558e-01   5.9198988e-02   6.2118112e-03  -8.5356227e-03
   1.7301932e-02   2.8009196e-01  -1.2721505e+00   5.5616157e-02   6.0605337e-03  -8.1806878e-03
   5.4787862e-02   2.9044043e-01  -1.1101667e+00   5.4721022e-02   5.9064465e-03  -8.3360967e-03
   5.8474217e-02   2.6686096e-01  -1.2768398e+00   5.3792204e-02   5.9756140e-03  -8.2087021e-03
   6.9945567e-02   2.6917050e-01  -1.4534122e+00   5.3114638e-02   6.0348880e-03  -7.8770898e-03
   9.3916196e-02   2.5732000e-01  -1.3255148e+00   5.3097110e-02   6.0336378e-03  -7.9924117e-03
   3.5117169e-01  -3.9592753e-02   4.0093705e+00   2.1954827e-01   7.6760781e-03  -1.8843365e-03
  -4.2841552e-02   3.6671853e-01   1.0951205e+00   1.1670126e-01   1.3809974e-02  -6.1591261e-04
   3.4228565e-02   6.5183335e-01   1.8249192e+00   1.0928664e-01   1.4163154e-02  -9.3308166e-05
   1.6631414e-02   7.4989340e-01   1.5997401e+00   1.1302052e-01   1.3405152e-02  -7.8959458e-04
  -2.2822680e-02  -7.3745350e-01  -1.5809054e+00   2.8547807e-02   4.1768892e-03   6.9479726e-04
  -9.2482339e-02   4.5573867e-01  -3.5361666e+00   3.4442360e-02  -2.5740840e-03   1.7517742e-03
  -4.2388565e-02   2.3082204e-01  -3.2340892e+00   3.2145492e-02  -4.1469811e-04   2.8619010e-03
   1.7742669e-02   2.1257263e-01  -3.2186874e+00   3.0186295e-02   8.2464515e-04   2.2996313e-03
   3.3393778e-02   2.5634408e-01  -3.1501701e+00   2.6641580e-02   1.0584424e-03   1.8758235e-03
   3.8950790e-02   2.6765767e-01  -3.1042653e+00   2.3875294e-02   2.0925226e-03   1.0029181e-03
   1.1076731e-01   2.5866343e-01  -2.7670335e+00   2.2800103e-02   2.5553182e-03   1.5364525e-03
   1.1126167e-01   2.4236511e-01  -2.8274343e+00   2.1513595e-02   2.3565115e-03   1.5051266e-03
   1.1944482e-01   2.3038726e-01  -2.8692192e+00   2.0359092e-02   2.1526972e-03   9.5244189e-04
   1.2055585e-01   2.5949747e-01  -2.8724651e+00   1.9275395e-02   2.1224717e-03   9.1307582e-04
   1.3867444e-01   2.7204718e-01  -2.6696631e+00   1.8022129e-02   1.9119974e-03   1.2511693e-03
   1.4773085e-01   2.2393546e-01  -2.8036831e+00   1.7640717e-02   1.4460146e-03   1.1010879e-03
   1.4543699e-01   2.5597156e-01  -2.8729094e+00   1.8428921e-02   1.3589664e-03   1.0922453e-03
   1.3702168e-01   3.1607879e-01  -2.7488906e+00   1.9074038e-02   1.4123758e-03   1.1972837e-03
   1.3962685e-01   2.6112017e-01  -2.6315831e+00   1.7506435e-02   1.8605356e-03   8.1818198e-04
   1.4305089e-01   2.3163611e-01  -2.7313925e+00   1.7416112e-02   1.5655671e-03   7.5244230e-04
   1.5887106e-01   2.5497032e-01  -2.7814769e+00   1.7244699e-02   1.1301932e-03   6.6700440e-04
   1.2130076e-01   2.4270684e-01  -2.7219392e+00   1.6597845e-02   1.2643118e-04   1.0625235e-03
   6.0788849e-02   2.3978236e-01  -2.5309212e+00   1.6513498e-02  -1.7344458e-03   1.2103347e-03
   7.7270634e-02   2.5267079e-01  -2.6766086e+00   1.7510877e-02  -2.1184748e-03   1.0574256e-03
   9.2942618e-02   2.3096085e-01  -2.7898989e+00   1.8133690e-02  -2.9865733e-03   1.2893945e-03
   1.0472418e-01   2.7956795e-01  -2.5662388e+00   1.6200090e-02  -3.5923109e-03   1.3892562e-03
   1.1013863e-01   2.3691939e-01  -2.6680494e+00   1.7329347e-02  -4.2975525e-03   1.7109535e-03
   9.3403502e-02   2.1669202e-01  -2.6472454e+00   1.8345159e-02  -4.5183907e-03   1.7404921e-03
   1.0381432e-01   2.6564510e-01  -2.4827949e+00   1.6760994e-02  -5.7993641e-03   1.9126765e-03
