   0.0000000e+00   0.0000000e+00   0.0000000e+00   0.0000000e+00   0.0000000e+00   0.0000000e+00
   3.8013204e-02   4.9239437e-03   4.6096461e-01  -5.7626805e-03  -1.5743645e-03   6.5351426e-04
   3.4847837e-02  -1.1970118e-01   3.7083078e-01  -6.8823119e-03  -6.8464845e-05  -4.1201851e-04
   6.9938189e-02  -1.3802114e-01   4.7047744e-01  -6.3786106e-03  -1.7446598e-04  -6.3453040e-04
   1.1737412e-01   2.2948384e-01  -2.0996891e+00   5.5826911e-02   1.8913708e-03   9.3710547e-05
   7.7444523e-02  -9.3051247e-02  -1.0548658e+00   4.8921336e-02   1.4400591e-03  -3.8813565e-04
   1.2062574e-01  -1.2117242e-01  -4.8693156e-01   3.8222024e-02   2.2122474e-03  -2.9994609e-04
   1.2200837e-01  -1.6828877e-01  -2.4300255e-01   3.5273436e-02   3.3152883e-03  -9.4868808e-04
   7.8270131e-02  -8.4231173e-02  -3.2600693e-01   3.1171460e-02   2.6951201e-03  -7.4012595e-04
   8.1056703e-02  -8.3804434e-02  -2.7785785e-01   2.9800550e-02   3.4444918e-03  -1.0587888e-03
   9.3762427e-02  -1.1712647e-01  -2.5805114e-01   2.9217980e-02   3.5132275e-03  -1.3032547e-03
   1.1021455e-01  -5.3535736e-02  -5.4512482e-02   2.6246196e-02   3.7887005e-03  -1.6097804e-03
   1.2198862e-01  -7.4352490e-02  -2.1824961e-01   2.5279727e-02   3.8041262e-03  -2.1733935e-03
   1.4618875e-01  -4.1431844e-02  -1.0297392e-01   2.2264528e-02   3.5810358e-03  -2.2109946e-03
   1.4594341e-01  -6.8556317e-02  -1.5676954e-02   2.1150387e-02   3.8018638e-03  -2.3157903e-03
   1.5926856e-01  -3.5053296e-02  -1.2918462e-01   2.1649241e-02   3.9339238e-03  -2.5294814e-03
   1.7891911e-01  -1.8818461e-02  -1.5367213e-01   2.1788374e-02   3.7300338e-03  -2.2817715e-03
   1.6376732e-01  -3.2218927e-02   6.5796603e-02   2.1044027e-02   4.4868945e-03  -2.7164823e-03
   1.6334756e-01  -5.6232139e-02  -4.6485718e-02   2.2368403e-02   4.3413594e-03  -2.7376911e-03
   1.6458301e-01  -4.0519785e-03  -5.1331264e-02   2.2646248e-02   4.1277573e-03  -2.5445512e-03
   1.6833564e-01  -6.9374407e-02   9.1841456e-02   2.0293750e-02   4.4558992e-03  -2.8965474e-03
   1.4530198e-01  -7.2132523e-02  -1.6962403e-02   2.2645647e-02   4.3650147e-03  -2.9285060e-03
   1.7289550e-01  -2.1613368e-02  -1.2572877e-01   2.0784579e-02   3.8730865e-03  -2.5136829e-03
   1.7078142e-01  -4.8432001e-02   3.4439184e-02   1.7561418e-02   4.1591126e-03  -2.8327029e-03
   1.6456305e-01  -7.3589164e-02  -9.8399083e-02   1.9170641e-02   4.1355197e-03  -2.7864189e-03
   1.7457892e-01  -3.2038730e-02  -6.3312159e-02   2.2324473e-02   4.0519660e-03  -2.4834362e-03
   1.5580381e-01  -5.0282240e-02   2.1743658e-02   2.2288831e-02   3.8021500e-03  -2.4730648e-03
   1.4970516e-01  -3.6173292e-02   9.1522816e-02   2.1504941e-02   3.7177580e-03  -2.5411765e-03
   1.4751306e-01  -3.9697977e-02  -6.1671003e-02   2.2212293e-02   3.7256018e-03  -2.6264669e-03
   1.8117909e-01  -1.7674131e-02  -8.6110910e-02   2.1085582e-02   2.9082426e-03  -2.3725846e-03
   1.6420635e-01  -2.7498912e-02   7.3493783e-02   1.8772457e-02   3.2742144e-03  -3.3275849e-03
   1.7985248e-01  -5.2522125e-02  -1.2085093e-02   1.8921135e-02   3.4236772e-03  -2.8889361e-03
   1.9406186e-01  -2.9950062e-02  -3.7993413e-02   2.0555612e-02   3.0732657e-03  -2.3645652e-03
   1.8788191e-01  -5.1836510e-02   7.7728414e-02   2.0411007e-02   1.8358945e-03  -2.7217123e-03
   1.3616877e-01  -8.9026237e-03  -3.3624117e+00   7.1844898e-02  -1.0631164e-02   6.6088806e-03
   6.3885120e-02  -2.0452737e-01  -2.9152194e+00   6.7291237e-02  -4.1425207e-03   1.9165355e-03
   1.1393803e-01  -8.0754299e-02  -9.3226109e-01   4.6843310e-02  -2.5545701e-03   2.0796108e-03
   1.2427051e-01  -1.9276053e-01  -6.7534087e-01   4.3064369e-02  -1.7176739e-03   1.0255618e-03
   1.3448457e-01  -1.2936447e-01  -5.6107355e-01   3.8871492e-02  -9.9591600e-04   3.7658977e-04
   1.5397769e-01  -8.0448058e-02  -7.0134124e-01   3.7130609e-02  -1.0114717e-03   1.3310858e-04
   1.4811113e-01  -4.2331768e-02  -5.0298096e-01   3.5630552e-02  -1.3379735e-03  -6.9472787e-05
   1.3259972e-01  -8.1987556e-02  -4.8225437e-01   3.4247400e-02  -1.4085836e-03  -4.2766515e-04
   1.7218907e-01  -1.3387463e-02  -6.4360409e-01   3.3053146e-02  -2.7410687e-03  -6.1084606e-04
   3.0017878e-01   2.3807628e-02  -5.6966890e+00   6.6219726e-02   1.7827399e-03  -1.2427035e-03
  -8.8268448e-02   2.5193340e-01  -4.7598796e+00   6.5744357e-02   3.8067194e-04  -1.9017589e-03
  -6.8594944e-02   1.0176484e-01  -3.3086580e+00   5.0816789e-02  -1.0911505e-03  -4.4057319e-05
  -6.8522822e-02   1.5023949e-01  -3.1310192e+00   4.4342198e-02  -1.8567139e-04  -8.1361803e-04
  -3.2700290e-02   1.3660748e-01  -3.0291304e+00   4.0446082e-02   1.2506532e-04  -1.2468462e-03
  -1.5137188e-02   1.9091962e-01  -2.8573303e+00   4.0839515e-02   8.5701976e-04  -1.6404263e-03
   4.5497731e-02  -3.1040699e-01  -2.5223119e+00   7.5271120e-02  -2.6655956e-03   2.6871540e-03
  -1.8421693e-02  -5.4703375e-01  -2.4716249e+00   7.9709042e-02  -8.2604911e-04   4.0193855e-03
  -8.7937526e-02  -3.7290373e-01  -2.5396072e+00   7.4484601e-02  -2.1724441e-04   2.2609518e-03
  -5.8420292e-02  -3.1645235e-01  -2.5069360e+00   7.3130091e-02   5.1609303e-04   1.6411739e-03
  -4.9745003e-02  -2.8236085e-01  -2.5967509e+00   7.1621257e-02   9.7281944e-04   1.5949280e-03
  -2.7340932e-02  -2.0954932e-01  -2.4557641e+00   6.7615795e-02   1.6514715e-03   7.0853519e-04
  -3.0274342e-02  -1.5104470e-01  -2.5391303e+00   6.7101698e-02   1.4726258e-03   6.7012562e-04
  -3.8639782e-02  -1.7792610e-01  -2.6297691e+00   6.6816989e-02   1.5012899e-03   6.4739270e-04
  -4.2937617e-02  -1.3757231e-01  -2.4938955e+00   6.4480499e-02   1.6105445e-03   3.3702087e-04
  -3.2455150e-02  -1.0883044e-01  -2.3849307e+00   6.2927821e-02   1.5642305e-03   1.4146742e-04
  -3.4991382e-02  -1.2423957e-01  -2.4400405e+00   6.2249386e-02   1.8826369e-03  -2.4883060e-04
  -1.5397815e-02  -1.0365721e-01  -2.4606923e+00   6.0913520e-02   1.9208903e-03  -2.6961009e-04
   6.9839121e-04  -8.4111602e-02  -2.3447229e+00   5.9585380e-02   2.0999953e-03  -5.6577049e-04
   6.4067794e-03  -9.6966122e-02  -2.5278498e+00   5.9415485e-02   1.7346093e-03  -3.3958285e-04
  -1.7843981e-02  -6.0304283e-02  -2.5252382e+00   5.8765131e-02   1.9551295e-03  -3.7684838e-04
  -1.0828430e-02  -7.9020190e-02  -2.3309928e+00   5.7029060e-02   1.8401809e-03  -7.3943154e-04
   4.0362587e-01  -2.9665151e-02  -5.0313465e+00   8.4871538e-02   1.1910379e-03   7.5834714e-03
   2.3467863e-01  -6.6499573e-02  -4.1339702e+00   8.5753884e-02   6.8969768e-03   1.0162806e-03
   7.5135660e-02  -5.0750868e-02  -3.2948113e+00   7.1784764e-02   1.8329965e-03   1.8892565e-03
   7.1591789e-02  -1.1810467e-01  -3.0858673e+00   6.5807074e-02   3.0700827e-03   6.9444885e-04
   5.9413552e-02  -5.1617064e-02  -3.0339383e+00   5.8876612e-02   4.0349727e-03  -4.6760970e-05
   7.4793732e-02  -3.2446746e-02  -2.8366544e+00   5.3832511e-02   3.3686763e-03  -6.4798181e-04
   6.9951876e-02   2.0081818e-02  -2.7205861e+00   4.9005782e-02   2.8442776e-03  -1.4833370e-03
   7.4315216e-02   5.8976700e-02  -2.6869245e+00   4.6898104e-02   2.8862773e-03  -1.3430199e-03
   8.5269336e-02   8.3120991e-02  -2.6689492e+00   4.5058745e-02   2.7329265e-03  -1.3089650e-03
   1.1721850e-01   1.0246940e-01  -2.7272817e+00   4.3549814e-02   2.5560924e-03  -9.4874696e-04
   8.9256206e-02   1.9308282e-01  -2.4745746e+00   5.1652070e-02   2.2461641e-03  -1.0181272e-03
   6.7301019e-02  -1.1508189e-02  -2.6144684e+00   5.1830420e-02   2.4225541e-03  -1.3457496e-03
   9.4127153e-02   7.6095956e-02  -2.6974202e+00   4.7805330e-02   1.9406228e-03  -1.3651654e-03
   1.6331430e-02  -1.0569063e-01  -2.8512676e+00   6.9980051e-02  -1.9379257e-03   1.2689524e-03
  -5.2586827e-02  -2.6677133e-01  -3.0673494e+00   7.9579144e-02  -1.6096305e-03   2.7155019e-03
  -1.7993049e-04  -2.0710529e-01  -2.7527969e+00   7.2692882e-02  -5.6483894e-04   1.9184319e-03
   1.3125194e-02  -1.3422553e-01  -2.6291277e+00   6.7636292e-02   2.3336011e-05   1.0179439e-03
  -4.6079201e-03  -2.7656097e-02  -2.6722368e+00   6.2367592e-02  -2.1841175e-03   1.9429205e-03
  -7.9449272e-03  -4.6236795e-02  -2.8384351e+00   6.4539527e-02  -1.2709274e-03   2.2659854e-03
   2.4814781e-03  -8.3702677e-02  -2.4719934e+00   6.0452886e-02  -5.5128334e-04   1.9069270e-03
  -1.3657571e-02  -2.0712036e-02  -2.4644336e+00   5.9511428e-02  -1.6237937e-04   1.6850781e-03
  -3.9462226e-02  -4.3188169e-02  -2.3279429e+00   5.7232126e-02  -3.2655221e-04   9.2987893e-04
  -1.0738227e-02  -2.2550649e-02  -2.3309864e+00   5.4243089e-02   2.6452212e-04   4.4034454e-04
   2.6790914e-02   5.5105748e-03  -2.4020668e+00   5.1960516e-02   2.1470384e-04   3.6956479e-04
   4.2584561e-02   3.9227059e-02  -2.2702919e+00   4.8544578e-02   6.7154263e-04  -1.2687570e-04
   2.9528677e-02   2.6550609e-02  -2.3456340e+00   4.7729692e-02   3.9897774e-04  -4.1196928e-05
   4.8294355e-02   6.0706738e-02  -2.3919797e+00   4.7401807e-02  -2.6004209e-04   3.5019117e-04
   6.0815146e-02   5.0779535e-02  -2.1816069e+00   4.5977435e-02  -3.8350577e-04   1.0630984e-04
   9.0397909e-02   3.3612448e-02  -2.8377174e+00   4.8211342e-02  -1.5778174e-03   8.7268708e-04
   1.1512406e-01   1.9517772e-01  -3.1685021e+00   5.1518048e-02  -2.2202136e-03   8.2191276e-04
   8.1395314e-02   1.7232334e-01  -3.0320144e+00   4.8429169e-02  -1.7478596e-03   1.6042974e-03
  -8.8214260e-02   1.6633011e-01  -2.5877343e+00   5.5277782e-02  -6.8566517e-03   5.1730523e-03
  -9.6396090e-02   2.0893829e-01  -2.5416472e+00   6.4059013e-02  -5.2742624e-03   5.0914764e-03
  -1.4096347e-01  -9.5378482e-02  -1.7605340e+00   4.7885463e-02  -2.3331430e-03   3.2869691e-03
  -1.1973544e-01   6.2343662e-03  -1.4256561e+00   4.5664457e-02  -1.2385992e-03   2.3850278e-03
  -1.1716315e-01  -2.8043005e-02  -1.2506768e+00   4.2961906e-02  -1.0404087e-03   1.9481827e-03
  -1.0301505e-01  -1.4077844e-03  -8.0203947e-01   3.9158631e-02  -1.0648840e-03   1.4607985e-03
  -1.0818996e-01  -9.1643665e-02  -8.5776127e-01   3.9952064e-02  -8.1961348e-04   1.1583312e-03
  -8.4452735e-02  -4.0358568e-02  -7.7740927e-01   3.6654918e-02  -4.3464459e-04   6.5638846e-04
  -7.7563635e-02  -4.7503818e-02  -5.3296836e-01   3.4351801e-02  -1.2238772e-03   1.4781863e-04
  -8.4793220e-02  -7.5736911e-02  -5.5597673e-01   3.1813371e-02  -1.0883843e-04  -1.7310598e-04
  -6.9502656e-02  -9.0146794e-02  -5.1598287e-01   2.7340547e-02  -1.3204638e-05  -1.1990997e-04
  -5.9425890e-02  -3.8444811e-02  -4.8441382e-01   2.4806756e-02  -2.3250539e-04  -2.9615362e-04
  -5.1411992e-02  -3.1130847e-02  -4.3495584e-01   2.3102438e-02  -4.2082601e-04  -2.3042699e-04
  -3.9898837e-02  -6.1125963e-02  -3.9302687e-01   2.1202180e-02  -9.0250045e-04   1.8415143e-04
  -2.6043997e-02  -4.7471262e-02  -3.5349689e-01   1.9771802e-02  -6.4351214e-04   7.6108083e-05
  -1.5188661e-02  -5.5644469e-02  -4.7056688e-01   2.1184727e-02  -6.1069083e-04   6.0177285e-04
  -3.5122929e-02  -6.6920636e-02  -2.1507304e+00   3.2582076e-02   5.9031091e-04   9.9791208e-04
  -1.0860145e-01   1.0770890e-01  -3.7647224e+00   4.6356478e-02   9.9662260e-04  -4.3794338e-04
  -8.5006936e-02   2.1979231e-01  -2.3716348e+00   4.2894917e-02  -1.3000313e-03   2.0906757e-04
  -4.2523168e-02   1.7413503e-02  -7.0826457e-01   3.1695927e-02  -1.9753522e-03   2.1278169e-03
  -7.0655759e-02  -7.6937562e-02  -6.5076999e-01   2.8975350e-02  -1.7082216e-03   2.0085166e-03
  -9.0832334e-02  -6.6197999e-02  -5.3642838e-01   2.4547199e-02  -1.1499037e-03   1.6844228e-03
  -7.4931185e-02  -4.9421617e-02  -4.8381206e-01   2.0674215e-02  -6.6508605e-04   8.2001117e-04
  -5.1752990e-02  -2.3676034e-02  -5.4146235e-01   1.8771927e-02  -8.0738385e-04   5.1297457e-04
  -2.9901159e-02  -3.8450982e-02  -5.8983369e-01   1.7943414e-02  -1.1070680e-03   4.8421812e-04
  -1.3240612e-02   2.7347632e-02  -5.1916988e-01   1.4760432e-02  -1.0477342e-03   2.4134147e-04
   1.1110310e-02  -1.4218787e-02  -5.4210826e-01   1.4645229e-02  -1.2949208e-03   4.0220715e-04
   6.5361819e-03  -1.2775868e-02  -6.0102253e-01   1.6740279e-02  -1.6215749e-03   7.1195058e-04
   1.7733579e-02   2.5492562e-02  -3.4988159e-01   1.0199932e-02  -1.4515764e-03   4.9635203e-04
   1.9931669e-02  -6.1510468e-02  -6.0576447e-01   1.1221597e-02  -1.6212603e-03   2.7523538e-04
   3.3412127e-02  -4.5961507e-03  -6.4875811e-01   1.0381367e-02  -1.2612049e-03   1.8941217e-04
   2.9797276e-02  -5.6544089e-02  -6.0507785e-01   1.6932953e-02  -6.2872409e-03   1.8302490e-04
  -2.4330939e-01  -2.1355693e-01  -2.3881082e+00   1.4182559e-01  -2.2175260e-02   1.7048764e-02
  -4.5425413e-01  -1.6411705e-01   5.1685440e-01   1.3780191e-01  -1.7774572e-02   2.1886231e-02
  -4.5603329e-01  -5.7957354e-02   6.7914198e-01   1.2924063e-01  -1.6072658e-02   2.0415737e-02
  -4.1616794e-01   3.6414207e-02   6.0374749e-01   1.2345532e-01  -1.4173411e-02   1.8752885e-02
  -3.9436896e-01   1.4305764e-01   6.2609859e-01   1.1797500e-01  -1.3209868e-02   1.7495740e-02
  -4.0381976e-01   5.7500245e-02   6.8228203e-01   1.1507537e-01  -1.3173223e-02   1.7133687e-02
  -3.5683752e-01   1.8513650e-01   5.9679767e-01   1.1101197e-01  -1.1704609e-02   1.6209684e-02
  -3.3593690e-01   2.5605922e-01   6.7307821e-01   1.0625196e-01  -1.0335527e-02   1.5607567e-02
  -3.4134213e-01   1.3015427e-01   6.8434558e-01   1.0367989e-01  -9.5694287e-03   1.4853672e-02
  -3.1905874e-01   3.0585713e-01   6.2126910e-01   1.0139128e-01  -9.2418308e-03   1.4396516e-02
  -2.9693819e-01   3.1793192e-01   5.6316384e-01   9.9524018e-02  -8.8481472e-03   1.4063799e-02
  -2.8867235e-01   2.7457552e-01   5.9913852e-01   9.3020796e-02  -7.5433668e-03   1.3143430e-02
  -2.8179555e-01   3.3347281e-01   5.3135368e-01   8.9938018e-02  -6.9963977e-03   1.2343986e-02
  -2.8049520e-01   3.6932055e-01   3.7117890e-01   8.7300312e-02  -6.8678099e-03   1.1822503e-02
  -2.6401452e-01   3.1694383e-01   5.4874043e-01   8.3559497e-02  -6.4534003e-03   1.1045329e-02
  -2.4912856e-01   3.4760045e-01   4.8917219e-01   8.2497706e-02  -6.1451014e-03   1.0934315e-02
  -2.3635758e-01   3.9525124e-01   4.2881921e-01   8.2107798e-02  -5.8910957e-03   1.0776866e-02
  -1.6697348e-01   3.6480716e-01   3.1278084e-01   8.6578978e-02  -2.0286860e-03   9.0259963e-03
  -1.6566553e-01   4.2636066e-01  -1.8659841e+00   1.2233001e-01   2.2292265e-03   4.4924174e-03
  -2.0599934e-01   4.7344736e-01  -6.6668508e-01   1.1196298e-01   1.4692743e-03   7.7526942e-03
  -2.4221383e-01   5.4663926e-01   4.8414015e-02   9.7989912e-02  -1.1428987e-04   8.4674616e-03
  -2.6474547e-01   4.3945483e-01   5.9587184e-01   8.9353828e-02  -7.0924198e-04   9.2796430e-03
  -3.2723407e-01   3.8956777e-01   1.0893975e+00   8.3325846e-02  -2.1858250e-03   9.9127632e-03
  -2.6651299e-01   5.6845642e-01   1.2013044e+00   8.1209541e-02  -1.0150668e-03   8.8957656e-03
  -2.8226602e-01   2.7756424e-01   1.0832771e+00   6.8225217e-02  -1.0231446e-02   6.2526157e-03
  -1.1550473e-01   9.4042838e-02   1.0846210e+00   4.8899766e-02  -9.4038781e-03   3.5764468e-03
  -1.8609720e-01  -3.3720240e-01   1.4822114e+00   4.2953927e-02  -4.8229631e-03   6.1627517e-03
  -3.2389184e-01   3.7977097e-01   7.4696926e-01   5.3222610e-02   4.3248550e-04   8.2138143e-03
  -3.1723248e-01   5.3523486e-01   9.0792265e-01   5.3611996e-02   2.5141697e-03   6.8028094e-03
  -3.4226350e-01   4.2918227e-01   9.5975821e-01   5.6436118e-02   2.3975163e-03   6.5414450e-03
  -3.4071938e-01   4.8178727e-01   9.1427473e-01   5.6444668e-02   2.9027270e-03   6.2731821e-03
  -3.4995339e-01   3.4929500e-01   8.9793460e-01   5.3957121e-02   2.9943584e-03   6.1008895e-03
  -3.2200961e-01   6.6622929e-01  -2.7959771e-02   4.6688447e-02   5.5760729e-03   5.7182541e-03
  -3.3538251e-01   3.6996916e-01   1.2719292e-01   5.4724535e-02   3.9703636e-03   5.9958424e-03
  -3.2327891e-01   3.5808632e-01   2.9754953e-01   5.6931936e-02   6.4142399e-03   7.5489192e-03
  -2.2029804e-01   4.9717804e-01   5.9536619e-01   5.4283989e-02   1.0388760e-02   3.1021462e-03
  -3.0904855e-01   3.7942843e-01   5.6029525e-01   5.1362147e-02   6.3525242e-03   4.8004860e-03
  -3.2093501e-01   3.6292740e-01   5.6719864e-01   4.4850754e-02   5.6304193e-03   5.5957877e-03
  -3.0532545e-01   4.3309358e-01   6.2342327e-01   4.3494759e-02   5.5341692e-03   5.5996353e-03
  -3.1270804e-01   4.4510448e-01   6.3036674e-01   4.3125528e-02   4.7823951e-03   5.8364678e-03
  -3.2084306e-01   3.9303799e-01   6.1414864e-01   4.1068510e-02   4.0694557e-03   5.8225822e-03
  -3.2233578e-01   4.5139598e-01   5.7567516e-01   3.9400648e-02   8.4213824e-04   3.7694213e-03
  -3.5108915e-01   2.4135861e-01  -2.5715096e+00   3.1235386e-02  -1.5716846e-02   7.1080443e-03
  -1.9390435e-01   6.6241656e-01  -6.2710517e-02   3.7439523e-02  -8.9949299e-03   8.6739823e-03
  -2.0785062e-01   6.2210026e-01   1.0565433e+00   4.2665053e-02  -6.8437177e-03   8.8704673e-03
  -3.1016480e-01   5.3002172e-01   9.1799339e-01   4.3217996e-02  -5.4192107e-03   9.5679495e-03
  -2.5293036e-01   3.4395133e-01   1.3957391e+00   3.4682622e-02  -5.2486254e-03   9.8308348e-03
  -2.8014272e-01   3.3574790e-01   1.2006445e+00   3.0457437e-02  -3.6294815e-03   9.3325626e-03
  -2.5677216e-01   3.5229370e-01   1.2526296e+00   3.0213518e-02  -3.4422245e-03   1.0475595e-02
  -2.5364917e-01   3.8985097e-01   1.2349273e+00   3.0399215e-02  -3.6005925e-03   1.0639182e-02
  -2.6617394e-01   3.7292244e-01   1.2036191e+00   2.9809167e-02  -3.8010411e-03   9.2279662e-03
  -2.3895575e-01   3.6304559e-01   1.1709599e+00   2.6427717e-02  -3.2400577e-03   8.5126869e-03
  -2.7147206e-01   4.3412791e-01   1.2514486e+00   3.9437066e-02  -5.0469681e-03   1.0009054e-02
  -3.3992328e-01   5.5265629e-01   1.1992355e+00   5.0444059e-02  -7.6510407e-03   1.1988861e-02
  -3.2516271e-01   4.7706930e-01   1.2533482e+00   4.8160525e-02  -7.7308963e-03   1.1385520e-02
  -3.1252013e-01   4.2357576e-01   1.2141561e+00   4.6233090e-02  -8.0631270e-03   1.1461380e-02
  -2.6467691e-01   6.0819059e-01   1.7754650e+00   4.9208322e-02  -7.6766324e-03   1.1039313e-02
  -3.0142564e-01   3.9507031e-01   1.5910775e+00   5.7320096e-02  -7.0797002e-03   1.0614030e-02
  -2.7396625e-01   5.5057998e-01   1.8509514e+00   5.7913144e-02  -6.3918630e-03   1.0254609e-02
  -1.2399647e-01   5.6813685e-01   7.3328816e-01   7.3641326e-02   2.7243439e-03   9.3470138e-03
