   0.0000000e+00   0.0000000e+00   0.0000000e+00   0.0000000e+00   0.0000000e+00   0.0000000e+00
  -1.9734691e-01   6.8407924e-02  -3.8159067e+00   4.1410565e-02   7.1397755e-03  -4.2745814e-03
  -1.8398460e-01   1.4783769e-01  -1.0590435e+00   3.6933812e-02   4.1552591e-03  -2.3200185e-03
  -1.8268039e-01  -5.1453566e-02   2.5828237e-01   2.8561434e-02   4.4752344e-03  -6.1319604e-04
  -1.8434243e-01  -5.6626474e-02   5.0537725e-01   2.4280735e-02   5.5879589e-03  -1.0677510e-03
  -2.2560293e-01  -7.3993944e-02   4.1439130e-01   1.8798713e-02   5.2105450e-03  -1.3348502e-03
  -2.0390145e-01  -8.5570267e-02   3.5430168e-01   1.7252170e-02   7.0910300e-03  -2.0988145e-03
  -1.6777192e-01  -1.0943124e-01   4.6449680e-01   1.5290599e-02   7.9726019e-03  -3.0095664e-03
  -1.2691720e-01   6.4925446e-03   2.1164982e-01   1.0740764e-02   8.9571164e-03  -3.7429727e-03
  -1.1768273e-01  -1.5056653e-02   3.2246478e-03   7.5216161e-03   9.1008888e-03  -3.8633206e-03
  -6.0381455e-02  -1.9462615e-02   2.4635137e-01   4.4163696e-03   9.3213692e-03  -4.3027193e-03
  -5.6778210e-02  -2.6022990e-02   3.1770588e-01   4.0056046e-03   9.1378248e-03  -4.1522423e-03
  -5.4529313e-02   1.8987073e-02   3.0397419e-01   2.9011329e-03   9.2433451e-03  -4.1841052e-03
  -5.7253487e-02  -2.4390882e-02   2.4866817e-01   2.9380905e-03   9.2510414e-03  -4.2950930e-03
  -4.5195041e-02   2.9138118e-02   3.6837397e-01   1.7977170e-03   8.8817070e-03  -4.1176272e-03
  -4.7389299e-02  -1.1745636e-02   3.7273686e-01   1.9160327e-03   8.5984879e-03  -4.1545395e-03
  -3.8163309e-02   5.4589788e-03   2.9182032e-01   2.7730002e-03   8.5822531e-03  -4.0419368e-03
  -3.2734494e-02   5.6331589e-03   2.8279241e-01   4.1143692e-03   8.4646581e-03  -4.0326695e-03
  -1.9740502e-02   1.5165715e-02   3.6806475e-01   2.0501703e-03   8.5115377e-03  -4.0232633e-03
  -1.4760942e-02  -2.1181920e-03   3.4815706e-01   1.2050458e-03   8.3243156e-03  -4.0581474e-03
  -1.9336963e-02  -1.7092962e-03   2.1009772e-01   1.7632326e-03   8.1589197e-03  -4.0739233e-03
  -2.8064890e-02   3.1460267e-02   2.5306656e-01   1.2803728e-03   8.3299342e-03  -3.9441632e-03
  -2.4475112e-02   3.6162313e-02   3.5712746e-01  -3.8587370e-05   8.2794026e-03  -3.7665918e-03
  -3.0814692e-02   1.5502826e-02   3.2997444e-01   1.1793600e-03   8.1657469e-03  -4.0409541e-03
  -3.4551732e-02   1.6471358e-02   2.3886170e-01   3.9300575e-04   8.1697115e-03  -4.0939602e-03
  -2.9155372e-02   6.7883493e-02   3.6176387e-01  -2.5489945e-03   8.2000495e-03  -4.7006391e-03
  -3.6547516e-02   1.0287012e-03   3.4321079e-01  -2.2772338e-03   8.2742896e-03  -4.2872225e-03
  -1.0654576e-02   1.3418838e-03   2.5502507e-01   4.0950292e-04   7.7360619e-03  -3.3457608e-03
  -2.4222702e-02   5.0342294e-02   3.2461272e-01  -2.5818953e-03   7.3788051e-03  -3.8535950e-03
  -1.2195280e-02  -8.2374907e-03   3.2223368e-01  -3.6674999e-03   7.4943419e-03  -3.9645112e-03
  -7.1424042e-02  -7.6854643e-02  -1.8541591e+00   3.4062749e-02  -4.6770353e-04  -7.5576316e-04
  -1.7717428e-01  -1.8741706e-02  -2.2485904e+00   5.1166017e-02  -1.1160699e-04   4.0287172e-04
  -1.6455340e-01   5.8102559e-02   1.7544511e-01   2.7292888e-02   1.6657741e-03   2.8441849e-04
  -1.5188821e-01  -1.4350991e-01   6.2482999e-01   1.9509275e-02   2.4189325e-03  -2.2553649e-04
  -1.6294751e-01  -1.0275141e-01   3.6163890e-01   1.9887093e-02   3.2878646e-03  -6.1074582e-04
  -1.3634555e-01  -9.3618820e-02   4.3032187e-01   1.7642280e-02   3.3445454e-03  -7.1787452e-04
  -1.0793906e-01  -3.4436754e-02   4.9125813e-01   1.4881060e-02   3.5133277e-03  -1.0229346e-03
  -1.0409738e-01  -7.7715966e-02   5.7337389e-01   1.1350347e-02   3.8588848e-03  -1.4759550e-03
  -9.5379628e-02  -2.0684017e-02   4.2008544e-01   8.3715115e-03   3.5814793e-03  -1.9519033e-03
  -8.8724077e-02  -5.5741155e-02   6.2550074e-01   5.4201530e-03   3.4330729e-03  -2.1400725e-03
  -6.4824837e-02  -2.1760720e-02   8.1218048e-01   4.6152861e-03   3.9446506e-03  -2.2563461e-03
  -3.6343231e-02   5.5497496e-02   8.4958817e-01   3.6484351e-03   2.3203116e-03  -1.2214867e-03
  -1.3075941e-02  -1.6271755e-01  -8.9603850e-01  -1.2697619e-03  -5.0905170e-03  -2.4070487e-03
   1.4118543e-01  -1.8980533e-01   1.2421976e+00  -5.1299750e-03   9.4776487e-04  -3.0195605e-03
  -5.4567777e-02  -1.3040052e-01   8.2556438e-01  -9.9636701e-04   3.4546709e-03   2.6462903e-04
  -1.5171852e-01  -5.6684715e-02   6.8336564e-01  -2.2002626e-03   6.8732128e-03  -1.1040011e-03
  -2.2076868e-01   9.9443364e-03   8.9469428e-01  -6.0419356e-03   5.0381807e-03  -4.8493921e-04
  -2.0330618e-01  -1.0580898e-01   9.0652909e-01  -8.9295644e-03   5.1101009e-03  -8.9472585e-04
  -1.7561356e-01  -2.2895875e-02   1.0324980e+00  -1.2133630e-02   4.7036910e-03  -1.0098138e-03
  -1.5807493e-01  -7.8408786e-02   1.1276690e+00  -1.5460659e-02   4.9525256e-03  -1.9672319e-03
  -1.2088548e-01  -8.9996095e-02   1.0091033e+00  -2.0261875e-02   5.5924675e-03  -1.9859932e-03
  -1.1158526e-01  -1.2550932e-01   1.1131509e+00  -2.2291085e-02   5.7900451e-03  -2.1557049e-03
  -1.0730480e-01  -1.4475544e-01   1.0857224e+00  -2.4039745e-02   6.1342460e-03  -2.3759390e-03
  -8.7545020e-02  -1.0522964e-01   9.5263978e-01  -2.3406114e-02   6.2440318e-03  -2.1225605e-03
  -7.7145911e-02  -1.1823449e-01   1.1019763e+00  -2.5254878e-02   5.9268049e-03  -2.2839897e-03
  -7.6180148e-02  -1.4444471e-01   1.0494674e+00  -2.6072728e-02   6.1907082e-03  -2.4709402e-03
  -7.7454509e-02  -1.4811871e-01   9.1853730e-01  -2.6039203e-02   6.5914265e-03  -2.3033752e-03
  -4.7504060e-02  -1.5733569e-01   9.5482622e-01  -2.8422283e-02   6.6802629e-03  -2.3307772e-03
  -4.6121897e-02  -1.4501032e-01   1.0257975e+00  -2.8673425e-02   6.4453023e-03  -2.3775781e-03
  -5.8844469e-02  -1.2830400e-01   6.7861111e-01  -8.1925831e-03   3.3083272e-03  -5.4627378e-04
  -2.2931965e-01   9.1533249e-02  -6.5356131e-01   3.7463975e-02   8.6260839e-04   1.1386605e-03
  -2.3182230e-01   1.0774456e-02  -4.8996783e-01   3.1994300e-02   3.1772384e-03  -2.8495911e-04
  -2.0387682e-01   2.3167713e-02  -4.5561752e-01   2.7648229e-02   4.1392423e-03  -8.1828025e-04
  -1.7835717e-01   2.2052211e-02  -7.2200148e-02   2.2633687e-02   4.8316024e-03  -1.3917086e-03
  -1.8296483e-01  -3.8630781e-02   8.1888954e-01   1.4268410e-02   4.7374833e-03  -8.5885300e-04
  -1.5705142e-01  -9.6809263e-02   8.4503785e-01   1.2582289e-02   5.0796805e-03  -1.4290972e-03
  -1.3813125e-01  -5.2551819e-02   8.5844126e-01   1.0451753e-02   5.5199706e-03  -1.6377035e-03
  -1.4154080e-01  -6.5133479e-02   9.9420106e-01   8.1655704e-03   5.6264324e-03  -1.8756291e-03
  -1.3712039e-01  -7.3344695e-02   1.1342837e+00   5.2243089e-03   5.0248599e-03  -1.3771256e-03
  -1.1836807e-01  -4.6422550e-02   1.0624736e+00   2.1125469e-04   5.1176558e-03  -1.7839185e-03
  -1.0073077e-01  -5.6024444e-02   1.1155428e+00  -3.4111396e-03   5.6158034e-03  -2.2849138e-03
  -7.6940840e-02  -5.3271303e-02   9.8826182e-01  -7.4995935e-03   5.8001413e-03  -2.2107741e-03
  -7.5791725e-02  -3.6587875e-02   9.9488774e-01  -1.2263982e-02   5.3404101e-03  -2.4469309e-03
  -7.9676905e-02  -9.3656987e-02   1.0617766e+00  -1.5660675e-02   6.0333361e-03  -2.8730972e-03
  -7.2670644e-02  -9.1854022e-02   9.2321613e-01  -1.8847367e-02   6.3960420e-03  -2.7378005e-03
  -4.1275380e-02  -6.9724054e-02   8.8358722e-01  -2.1335643e-02   6.1020441e-03  -2.6829287e-03
  -3.0260872e-02  -6.8772932e-02   1.0203777e+00  -2.2066064e-02   6.1333487e-03  -2.6528858e-03
  -9.7341078e-02   7.1302664e-02   8.5308934e-01  -7.8036016e-03   6.6137118e-03  -2.3967364e-03
  -4.3823494e-02   4.8600407e-02   2.6849978e-01   4.6679131e-03   2.2968580e-03  -1.4536838e-03
  -3.7902325e-02  -8.5698198e-02   1.4932331e+00  -4.5061587e-03   3.8907067e-03  -1.3800315e-03
  -1.8660770e-02  -1.6226119e-01   1.4096901e+00  -5.3477304e-03   4.8401527e-03  -2.2555810e-03
  -2.3220965e-02  -1.4710314e-01   1.5013560e+00  -5.4095749e-03   5.9392345e-03  -2.4294792e-03
  -5.4326225e-02  -1.3069132e-01   1.4941386e+00  -5.0614200e-03   6.3435457e-03  -2.3797959e-03
  -7.6485085e-02  -1.6177083e-01   1.3897021e+00  -7.1788286e-03   6.3649099e-03  -1.9638764e-03
  -6.0460002e-02  -1.4134073e-01   1.4339792e+00  -7.6439511e-03   5.7919786e-03  -2.0148322e-03
  -2.8085485e-02  -1.3423312e-01   1.4825973e+00  -8.4229896e-03   5.8374414e-03  -2.2068487e-03
  -1.5990850e-02  -1.3235773e-01   1.2621978e+00  -9.1051768e-03   5.2952634e-03  -2.0668356e-03
   1.9554428e-03  -4.9762533e-02   1.3414504e+00  -9.5810141e-03   4.9121492e-03  -1.9801991e-03
  -1.8082329e-03  -1.1090480e-01   1.4208239e+00  -1.1989818e-02   4.2060423e-03  -1.7152768e-03
   2.7954095e-03  -8.9850972e-02   1.2364406e+00  -1.2760242e-02   4.2614547e-03  -1.6623738e-03
  -2.4872799e-02  -6.1602897e-02   1.1422435e+00  -9.7426888e-03   4.2627145e-03  -1.4829369e-03
  -3.3207891e-02   2.2095594e-02   1.8856848e+00  -1.3169880e-02   4.0949806e-03  -1.1722730e-03
  -4.4894233e-02  -2.6714954e-01   2.4882364e+00  -2.1686124e-02   3.6112971e-03  -4.0614087e-04
  -6.0956714e-02  -2.7468754e-01   1.7728414e+00  -1.8417786e-02   4.9594503e-03  -1.1768791e-03
  -6.9934172e-02  -2.3342328e-01   1.6558392e+00  -2.0137441e-02   5.0548291e-03  -2.0735838e-03
  -5.9421844e-02  -1.9847406e-01   1.5387925e+00  -2.2141467e-02   5.6166586e-03  -2.1193949e-03
  -1.9600332e-02  -1.9524738e-01   1.5562479e+00  -2.6388170e-02   6.2751286e-03  -1.7605506e-03
  -1.5569554e-02  -2.1564031e-01   1.6460988e+00  -2.7629044e-02   5.8408502e-03  -1.7419194e-03
  -1.1970123e-02  -2.4477736e-01   1.6346792e+00  -2.7641911e-02   6.2098727e-03  -1.8545858e-03
  -5.9492621e-02  -1.6805606e-01   1.5357551e+00  -2.0536215e-02   4.9962494e-03  -1.1734828e-03
  -2.4774140e-02  -1.8492426e-01   1.6436037e+00  -2.5469923e-02   5.0960397e-03  -1.2261236e-03
  -2.4591233e-02  -2.4081385e-01   1.6826565e+00  -2.9056426e-02   5.5540250e-03  -1.5609982e-03
  -2.3995470e-02  -1.9985810e-01   8.8178622e-01  -4.7719293e-03   1.5407201e-03   3.6169682e-04
  -2.2318108e-01   8.1391423e-02  -3.0758222e+00   5.2386788e-02   2.8687686e-03  -1.6760223e-04
  -1.7159974e-01   5.3876509e-02   8.0732273e-01   2.4411290e-02   3.2282806e-03   1.6105175e-05
  -1.7502022e-01  -1.0101950e-01   1.2199694e+00   9.4239872e-03   4.3190132e-03   8.6833318e-05
  -1.5504392e-01  -1.1899975e-01   1.4210623e+00   2.7166103e-03   5.6753637e-03  -8.7706272e-04
  -1.2069104e-01  -1.2371926e-01   1.6059768e+00  -4.3928726e-04   4.6146574e-03  -5.2199548e-04
  -1.0581691e-01  -1.2154021e-01   1.4763178e+00  -4.7930233e-03   4.7908020e-03  -7.4228673e-04
  -8.9790815e-02  -1.4431278e-01   1.4660012e+00  -8.1307869e-03   5.4403528e-03  -1.3842095e-03
  -6.5569857e-02  -1.1476285e-01   1.5288324e+00  -1.1151891e-02   5.4385348e-03  -1.5647819e-03
  -4.1716849e-02  -1.3164980e-01   1.3811899e+00  -1.4671510e-02   5.9708238e-03  -1.8028014e-03
  -9.1299508e-03  -1.5216550e-01   1.4684311e+00  -1.9061555e-02   6.1858149e-03  -2.1207537e-03
  -3.8326468e-03  -1.4108366e-01   1.3601014e+00  -2.1732289e-02   5.8615294e-03  -2.0857511e-03
   1.0940619e-01  -1.7388624e-01   5.9127740e-01  -4.5303752e-03   3.1245856e-05  -7.4301523e-03
  -6.1903346e-02   4.2419732e-03  -1.4652087e+00   4.7249225e-02   1.6288308e-03  -1.1873499e-02
  -8.5443727e-02  -3.4407822e-02  -1.6630257e+00   4.0665674e-02   2.5540185e-03  -1.2031454e-02
  -8.1217818e-02   4.9236992e-03  -1.0411468e+00   3.6195808e-02   3.2517265e-03  -1.1572079e-02
  -7.1603177e-02   9.3334964e-02   5.6592526e-01   1.9176256e-02   3.1279666e-03  -8.9993894e-03
  -3.3715348e-02  -7.1053217e-02   1.3451745e+00   7.7646442e-03   4.0189260e-03  -7.5440071e-03
  -3.1977353e-02  -1.6562033e-01   1.4971526e+00   2.1761265e-03   4.3532854e-03  -7.4128471e-03
  -3.5670042e-02  -9.3536816e-02   1.5199780e+00  -1.7518424e-03   5.6359682e-03  -7.6409798e-03
  -2.6786735e-03  -1.5709331e-01   1.5150280e+00  -8.2411880e-03   8.1306546e-03  -6.5174513e-03
   1.7067900e-02  -1.8040305e-01   1.6038247e+00  -1.3022507e-02   8.1388501e-03  -5.8923956e-03
   3.4910333e-02  -1.7826005e-01   1.4954577e+00  -1.5727706e-02   7.9683787e-03  -5.6290834e-03
   4.5945727e-02  -1.8351883e-01   1.6196004e+00  -1.9434977e-02   8.2573890e-03  -5.5338423e-03
   5.3351559e-02  -2.2049098e-01   1.5761214e+00  -2.0584814e-02   8.1896597e-03  -5.4449874e-03
  -1.0291883e-02  -1.8750558e-01   6.0470586e-02   1.4889755e-02   1.0736984e-04  -1.5003215e-03
  -3.8039741e-01   5.5873801e-02  -1.5845351e+00   5.9488463e-02  -6.2279328e-03   3.0375630e-03
  -2.7704287e-01   1.4598268e-02  -1.3514956e-01   3.7971732e-02  -3.2306058e-03   1.3535419e-03
  -2.6991624e-01  -2.1068055e-01   9.5498524e-01   2.4058946e-02  -8.4699742e-05   2.7922292e-04
  -2.3116657e-01  -2.0636474e-01   1.3672705e+00   1.6104859e-02   5.0762310e-04   1.5812915e-04
  -2.1037816e-01  -1.6779164e-01   1.2925457e+00   1.3584470e-02   1.2811711e-03  -3.0714869e-04
  -1.9273264e-01  -2.3780636e-01   1.6979401e+00   9.2082722e-03   1.6482896e-03  -1.0081311e-03
  -1.5675380e-01  -1.8265133e-01   1.9166785e+00   5.2198568e-04   1.9259102e-03  -5.6109812e-04
  -6.5782883e-02  -2.3282300e-01   2.0297025e+00  -6.8626217e-03   1.4845393e-04  -6.6936530e-05
  -1.5000075e-01  -3.2017661e-01   1.9055081e+00  -7.6909018e-03   1.8814590e-03  -7.2464055e-04
  -1.4756519e-01  -1.7890928e-01   1.8761750e+00  -1.0101199e-02   3.5637130e-03  -1.2793478e-03
  -1.2347610e-01  -2.3058559e-01   1.9847362e+00  -1.2770826e-02   4.1715223e-03  -1.8623691e-03
  -1.4798895e-01  -2.9958100e-01   1.8661734e+00  -1.2243773e-02   4.8066859e-03  -2.2185774e-03
  -1.3304014e-01  -1.7207105e-01   1.8731973e+00  -1.6853562e-02   5.0615554e-03  -2.4307213e-03
  -1.2149392e-01  -2.5677336e-01   1.8892998e+00  -2.3356149e-02   4.8379090e-03  -2.6361232e-03
  -1.3249654e-01  -2.5604724e-01   1.7132718e+00  -2.2899029e-02   5.1319748e-03  -2.1452804e-03
  -1.1217440e-01  -2.2063265e-01   1.8341676e+00  -2.6114713e-02   5.5757637e-03  -2.6404277e-03
  -1.0043502e-01  -2.5953958e-01   1.9066780e+00  -3.0247860e-02   5.6766349e-03  -2.5916039e-03
  -8.0028025e-02  -2.6092999e-01   1.6836792e+00  -3.1201039e-02   5.6064231e-03  -2.5157668e-03
  -6.5586094e-02  -2.5972941e-01   1.8147185e+00  -3.4080524e-02   5.5476220e-03  -2.6183993e-03
  -7.0015907e-02  -3.0301868e-01   1.7540447e+00  -3.3610274e-02   5.3582636e-03  -2.3361730e-03
  -2.1695438e-01  -6.8945546e-03  -1.0143838e+00   2.7665279e-02   1.7479456e-03  -6.7994603e-04
  -2.3314885e-01   2.2203167e-01  -9.5747486e-01   4.4215872e-02   4.5452304e-03  -1.9791798e-03
  -1.8443787e-01  -3.8319068e-04   1.4381699e+00   1.4848917e-02   2.2400256e-03   1.3921467e-03
  -1.9622632e-01   9.8177252e-02   1.5196049e+00   7.9610896e-03   2.1347887e-03   1.8536401e-03
  -2.5361135e-01  -1.0606514e-01   1.8718066e+00   2.3075863e-03   3.2454941e-03   1.3146399e-03
  -3.0204414e-01  -1.4103391e-01   1.8784970e+00  -2.4955156e-03   3.1101983e-03   1.1496468e-03
  -2.9271091e-01  -6.1089091e-02   1.9209425e+00  -3.7194512e-03   3.4517614e-03   1.0467158e-03
  -2.6251398e-01  -1.6344857e-01   2.0015079e+00  -7.9784466e-03   4.4542934e-03   1.4777783e-04
  -2.4589195e-01  -1.3567316e-01   1.8324963e+00  -9.0359944e-03   4.1518758e-03   1.5804316e-05
  -2.0767119e-01  -8.1299716e-02   2.0299122e+00  -9.9627898e-03   3.3766597e-03   2.3313219e-05
  -2.1399682e-01  -1.9476143e-01   2.2569560e+00  -1.1992850e-02   3.4349454e-03   7.5017218e-04
  -2.2841066e-01  -1.9249159e-01   2.1881851e+00  -1.5388437e-02   5.8788480e-03  -5.6903193e-04
  -2.0486845e-01  -1.8963582e-01   2.1539840e+00  -1.6168086e-02   5.5404146e-03  -3.7054064e-04
  -1.8783294e-01  -1.8667399e-01   2.1298100e+00  -1.9067838e-02   5.7646566e-03  -6.0496490e-04
  -1.7472269e-01  -2.0063060e-01   2.1780226e+00  -2.0484211e-02   4.8096132e-03  -6.3593562e-04
  -1.3732641e-01  -2.5633214e-01   2.0056899e+00  -2.3609493e-02   4.9597865e-03  -8.8023577e-04
  -1.2475999e-01  -1.8630253e-01   2.1024004e+00  -2.3640697e-02   5.0847861e-03  -1.2637357e-03
  -1.0415856e-01  -2.2770399e-01   2.0278538e+00  -2.8307534e-02   5.7938268e-03  -1.8352197e-03
  -9.3660595e-02  -2.6894122e-01   1.9562240e+00  -2.9234012e-02   5.5031223e-03  -1.7859532e-03
  -8.3546294e-02  -2.5621887e-01   2.0448194e+00  -3.0610544e-02   5.7850054e-03  -1.9675239e-03
  -7.4831203e-02  -2.8565046e-01   1.9053114e+00  -3.2487334e-02   6.4803749e-03  -2.1724163e-03
  -5.8762260e-02  -2.7730691e-01   1.8618858e+00  -3.4756435e-02   6.4701224e-03  -2.2628057e-03
  -9.2151106e-02  -1.7333880e-01   1.0239603e+00   3.5957237e-03   1.1531054e-03   1.6938104e-03
  -3.5416049e-01   6.2608809e-02  -2.3771274e+00   5.6484810e-02   1.2971083e-03   1.3957868e-03
  -2.6021653e-01   2.4076890e-01  -2.6866082e-01   3.6834003e-02   1.2462774e-03   1.3386735e-03
  -1.5320596e-01  -1.8619961e-01   2.0906955e+00   6.6093765e-03   2.0267127e-03   2.1365936e-03
  -1.5285737e-01  -2.3910558e-01   2.2641654e+00   6.0345583e-04   4.0343062e-03   6.9846741e-04
  -1.8925819e-01  -2.2949418e-01   2.2085464e+00  -7.0438619e-03   4.7272168e-03  -3.9016250e-05
  -1.4451516e-01  -2.3089452e-01   2.3485752e+00  -1.1577595e-02   4.4027584e-03  -3.5260774e-04
  -1.1743312e-01  -2.2968740e-01   2.4342434e+00  -1.4248422e-02   4.8662916e-03  -6.0430335e-04
  -1.1171188e-01  -2.5950721e-01   2.2787390e+00  -1.3724882e-02   4.8000520e-03  -6.6010394e-04
  -8.8617288e-02  -1.9895128e-01   2.3561557e+00  -1.7465945e-02   4.5513417e-03  -7.3491493e-04
  -6.8109073e-02  -2.7670207e-01   2.5347285e+00  -1.9912391e-02   4.9370798e-03  -1.0789804e-03
   6.7822260e-02  -2.6544889e-02   2.0407269e+00  -2.7270061e-02   2.3237116e-03  -3.0941540e-03
   1.7310989e-01  -2.2791481e-01   3.6404577e+00  -2.3735097e-02   2.3915746e-03  -8.4086871e-04
  -1.8269274e-02  -5.0005078e-01   2.3928375e+00  -2.7106684e-03   6.3656091e-03  -1.2504254e-03
  -6.5089113e-02  -4.5595101e-01   2.6119721e+00  -4.5608490e-03   8.0507262e-03  -2.2715787e-03
  -7.1696037e-02  -3.7532831e-01   2.7405664e+00  -8.3833386e-03   6.8490833e-03  -2.0159701e-03
  -8.1201575e-02  -3.1017032e-01   2.7403343e+00  -1.0404607e-02   6.8110544e-03  -1.7480813e-03
   4.9294877e-01   2.8365712e+00   1.0721437e+01   1.4230075e-01   1.4315331e-02  -5.3994490e-03
