   0.0000000e+00   0.0000000e+00   0.0000000e+00   0.0000000e+00   0.0000000e+00   0.0000000e+00
  -1.9189920e-02  -1.8658385e-02   7.4799605e-02  -1.5224845e-03   2.3906549e-04  -6.6219977e-04
  -1.4994951e-02  -5.6161637e-03   2.2511551e-01  -2.7471486e-03  -2.2215785e-04  -4.6090623e-04
  -2.7664391e-02  -2.0388594e-02  -1.7553813e-01  -1.9026123e-03  -2.4087034e-04  -5.3444513e-04
  -3.9303513e-02   3.5222771e-02  -2.0516705e-01  -3.1409957e-03  -2.4860046e-03  -7.5076564e-04
  -2.6371451e-02   1.1516692e-01  -3.2566508e-01  -3.7801401e-03  -1.7956615e-03  -6.3616914e-04
  -2.9372729e-02   1.3151140e-01  -2.7904336e-01  -2.2980105e-03  -1.8587225e-03  -9.1997292e-04
  -4.5786593e-02   1.3508702e-01  -2.8018725e-01  -5.5987646e-03  -2.0226307e-03  -7.4101572e-04
  -2.4651789e-02   1.6306371e-01  -2.1896173e-01  -7.8431176e-03  -2.5705036e-03  -7.7175688e-04
   3.4038576e-01  -5.8070639e-01  -2.6603827e+00  -2.3657043e-02   3.4611707e-03  -3.4179977e-03
  -1.2929702e-01  -9.6896306e-02  -6.0289913e+00  -4.1436817e-02   5.1739133e-03  -3.0853937e-03
   9.6025654e-02   5.4529934e-01  -2.6352351e+00  -2.5083100e-02   5.9042873e-03  -2.5585033e-03
   1.2390666e-01   4.3889744e-01  -2.5026685e+00  -2.5318341e-02   6.1591223e-03  -3.4293639e-03
   1.6228853e-01   4.4325077e-01  -2.5812964e+00  -2.9204406e-02   6.4130037e-03  -3.7572733e-03
   1.5215394e-01   3.9958340e-01  -2.4704817e+00  -3.2166984e-02   5.6216945e-03  -3.7644737e-03
  -1.2532834e-01   6.8948822e-02  -1.2547485e+00  -2.2625273e-02  -4.2278091e-03  -5.2487261e-03
  -1.3241787e-01   3.0466918e-01  -1.6097720e+00  -1.9237544e-02  -1.6745530e-03   4.1042809e-05
  -5.3022065e-02   4.9163791e-01  -1.9423960e+00  -1.3882269e-02   4.5990004e-03  -2.1346818e-03
  -7.2868811e-02   4.0945695e-01  -1.7804944e+00  -1.9473381e-02   1.7606560e-03  -8.4073088e-04
  -1.0018646e-01   5.2352327e-01  -2.0325473e+00  -3.0538351e-02  -1.1976952e-03   1.6836114e-04
  -9.2451139e-02   3.5884348e-01  -1.7975210e+00  -3.4249068e-02  -1.7015717e-03   2.6862232e-04
  -9.0862466e-02   3.7583870e-01  -2.0263809e+00  -3.8181086e-02  -2.3432262e-03   2.8810612e-04
  -8.7072836e-02   4.3280790e-01  -2.2848828e+00  -3.9822536e-02  -3.2536209e-03   3.7662813e-04
  -6.9230189e-02   4.1888333e-01  -2.3406559e+00  -4.3170826e-02  -4.1314896e-03   3.7117709e-04
  -4.2189395e-02   4.1107904e-01  -2.0178234e+00  -4.8372410e-02  -6.0261698e-03  -7.2938105e-05
   6.1705823e-02   1.8568299e-01  -3.0979273e+00  -5.0839591e-02  -1.2122116e-03  -1.4107904e-03
   2.2546185e-01   9.3318961e-01  -1.6337955e+00  -2.8724370e-02  -2.1302228e-03  -2.6058795e-03
   1.5923466e-01   4.9618280e-01  -1.4893742e+00  -3.1205681e-02  -2.9058124e-03  -1.4428343e-03
   1.2402844e-01   3.6323663e-01  -1.0875052e+00  -3.2326779e-02   1.2471559e-03  -1.8822966e-03
   5.7147950e-02   4.5244941e-01  -1.2943414e+00  -3.6958333e-02   2.8151113e-03  -2.8594835e-03
   5.4982255e-02   4.4289179e-01  -1.2547707e+00  -4.2374327e-02   4.0580856e-03  -2.9925183e-03
   4.3528803e-02   2.9349271e-01  -1.0713751e+00  -4.2638812e-02   4.4074661e-03  -3.5520698e-03
   4.4957812e-02   4.1604317e-01  -1.0337208e+00  -4.3022344e-02   4.0338418e-03  -3.5583960e-03
   1.9422435e-02   4.5824171e-01  -9.6601082e-01  -3.3644959e-02   2.3077911e-03  -3.0403072e-03
  -9.5908022e-02   3.7368582e-01  -3.0141284e+00   1.8675962e-02  -2.9388421e-03  -1.1497951e-03
   3.4926520e-01   1.0607260e+00  -2.9085004e+00   9.7896705e-03   2.6396736e-03  -3.4485803e-03
   4.6460406e-01   2.4694152e+00  -1.2653232e+00  -4.2186773e-03   3.8914842e-04  -7.6306621e-03
   3.1166552e-01   5.8297655e-01  -3.2928401e+00  -2.7043995e-03   2.6861454e-03  -4.4441606e-03
   1.7190252e-01   5.0789174e-01  -3.1442170e+00  -1.2667294e-02   3.8892741e-03  -2.2989642e-03
   1.9202660e-01   7.6368510e-01  -2.5176049e+00  -2.2527510e-02   4.1347975e-03  -3.4327554e-03
   2.8923175e-01   8.5132753e-01  -2.2127499e+00  -2.9293930e-02   2.7939160e-03  -3.7153941e-03
   3.6472436e-01   6.3446600e-01  -1.5876984e+00  -2.5000914e-02   4.6127494e-03  -5.6102963e-03
   5.4367220e-01  -7.0123340e-01  -1.1067742e+00  -3.0880030e-02   5.5714182e-03  -3.7661838e-03
   9.3888544e-01  -2.3754788e+00  -1.3770598e+00  -3.7985014e-02   5.8611330e-03  -1.6379388e-03
   8.5233238e-01  -1.4733125e+00  -5.0295691e-01  -4.5187131e-02   5.9867086e-03   5.3928200e-04
   4.6920483e-01  -2.2987620e-02  -5.2564831e-01  -3.9759979e-02   2.2699652e-03  -1.5844286e-03
   1.2016138e-01   5.6032985e-01  -5.0154351e-01  -3.7102835e-02   1.3011887e-03  -4.8058131e-03
  -4.7214207e-02   6.4373772e-01  -1.8847692e+00  -4.6017795e-02  -9.6800675e-04  -3.2750174e-03
  -2.9168193e-02   7.6976980e-01  -1.6852904e+00  -4.8661853e-02  -1.8805477e-03  -2.4155414e-03
  -7.0066040e-02   5.7464884e-01  -2.0148971e+00  -4.7872037e-02  -1.9621119e-03  -2.6431861e-03
  -1.8925546e-02   6.7401796e-01  -1.8484956e+00  -4.9503366e-02  -2.7239694e-03  -2.5904961e-03
   3.5877772e-02   5.0316258e-01  -1.2965657e+00  -5.2624698e-02  -1.2646581e-03  -2.8942515e-03
   4.3853604e-02   5.6927070e-01  -1.2895711e+00  -5.6275867e-02  -1.1192495e-03  -3.1945307e-03
   1.5618385e-01   6.3067508e-01  -1.3516255e+00  -4.2094346e-02  -2.1627700e-03  -2.9840945e-03
   2.5489815e-01   1.6002084e-01  -6.3455700e+00  -2.3384970e-02   1.3440999e-02   9.1152506e-04
   1.2413860e-01   5.3649450e-01  -6.6531872e+00  -1.0118079e-02   4.7914161e-03  -2.5672267e-03
  -3.7429464e-02   6.0579409e-01  -5.3669461e+00   5.7576897e-03  -3.6033748e-04  -2.1343418e-03
   3.0002848e-01   5.3422952e-01  -2.0378791e+00  -4.8462651e-03  -1.8075286e-03  -2.5720209e-03
   3.3144651e-01   1.4108607e-01  -1.5668309e+00  -1.1698344e-02  -6.5915458e-04  -2.1981349e-03
   5.7443026e-01  -5.5217757e-01  -1.0204479e+00  -2.2109769e-02  -1.9365562e-03  -2.9874605e-03
   8.9377933e-01  -4.1243003e-01  -2.6493558e+00  -2.9695866e-02   9.7163882e-05  -6.9529285e-03
   7.9471305e-01  -4.1441517e-01  -3.1611876e+00  -1.5990104e-02   2.7283197e-03  -4.3873939e-03
   1.0471481e+00  -5.6730992e-01  -4.4201379e+00   1.6388638e-03   7.2171735e-03   1.1615070e-02
   5.6386793e-01   6.5260888e-01  -4.5863166e+00  -3.6086180e-03   3.8004344e-03  -5.0309158e-04
   3.2698446e-01   5.4953099e-01  -3.2418320e+00  -6.3904626e-03   7.1350390e-03  -4.7293999e-03
   2.6789105e-01   5.7545008e-01  -3.1631098e+00  -4.0282604e-03   9.5019241e-03  -6.8800362e-03
   2.6073771e-01   5.1662728e-01  -3.0892966e+00  -4.8556583e-03   1.0902679e-02  -7.1707923e-03
   2.6220895e-01   6.5134107e-01  -3.0927853e+00  -9.0463217e-03   1.1081358e-02  -7.0790094e-03
   2.5755690e-01   6.9595496e-01  -3.0732013e+00  -9.8874993e-03   1.1246013e-02  -7.1786775e-03
   2.2538146e-01   4.8784366e-01  -2.8701093e+00  -8.5033561e-03   7.2771781e-03  -6.2980232e-03
   7.2743610e-01  -2.3890118e+00  -1.3318862e+00  -1.9094312e-02   7.9592511e-03  -6.4299306e-03
   5.6280853e-01  -5.8331933e-01  -1.1418489e+00  -2.0751278e-02   5.8287758e-03  -6.5137285e-03
   2.3951068e-01   5.7926663e-01  -2.4070734e+00  -1.4909992e-02   7.0959639e-03  -5.2270216e-03
   1.5177848e-01   4.1745784e-01  -2.1957171e+00  -7.4996424e-03   6.7921499e-03  -6.2482477e-03
   1.3221186e-01   3.9985832e-01  -1.8648663e+00  -1.4858866e-02   6.9880411e-03  -5.9436369e-03
   1.4965756e-01   4.3368573e-01  -1.7820300e+00  -2.1409045e-02   6.7715808e-03  -5.6936594e-03
   1.6816903e-01   4.8135711e-01  -1.7614908e+00  -2.3732742e-02   6.5472327e-03  -5.7494542e-03
   2.0009205e-01   4.9873198e-01  -1.5574140e+00  -2.8256404e-02   6.1555383e-03  -6.0192805e-03
   2.0552367e-01   4.7780656e-01  -1.6612326e+00  -2.7607113e-02   6.2087860e-03  -6.2004640e-03
   2.7992272e-01   6.5227654e-01  -1.3104371e+00  -3.5107156e-02   3.5434979e-03  -5.5195309e-03
   2.1923839e-01   3.3758398e-01  -1.6067656e+00  -2.6542747e-02   2.1578675e-03  -4.4218665e-03
   3.7662105e-01   3.6293668e-02  -2.9114182e+00   1.8181995e-02   3.8245541e-03  -4.7981002e-03
   4.3165754e-01   2.4102617e-01   4.1141084e-01   6.5555748e-02   2.8682769e-03   4.4209097e-03
   1.9436467e-01   1.2036772e-01   5.8526957e-01   5.1264077e-02   5.9795013e-04   1.0443036e-03
   2.3198452e-01   2.9359384e-01   4.5642419e-01   4.9065666e-02   7.7333611e-04   7.0984350e-04
   2.5414104e-01   3.6549926e-01   2.4840126e-01   4.4205656e-02   1.3849572e-03   2.1595759e-04
   2.7194815e-01   4.3736585e-01   6.5081644e-03   4.0184428e-02   2.5852538e-03  -7.8334125e-04
   2.9771748e-01   4.9503061e-01  -2.5525066e-01   3.5264743e-02   3.8140236e-03  -1.7066447e-03
   2.9954834e-01   5.1686113e-01  -4.3215808e-01   2.8360499e-02   3.8397445e-03  -2.5893130e-03
   2.7213432e-01   5.5641927e-01  -3.1961813e-01   3.8630710e-02  -9.4438029e-04   1.5693884e-04
   2.3589062e-01   5.6754845e-01  -6.5039545e-01   3.1834879e-02  -2.3522641e-03   7.6280246e-04
   3.1236121e-01   4.9290505e-01  -1.7609498e-01   4.9473599e-02  -1.4706336e-04  -1.6126099e-04
   2.8703281e-01   3.8092386e-01  -3.8752131e-01   6.2726673e-02   1.9552120e-03  -3.7672294e-04
   4.4297144e-01   7.4228876e-01   7.3371827e-01   5.1083679e-02   1.1182866e-03  -4.3119222e-04
   3.7580145e-01   5.1460993e-01  -7.5991031e-01   3.6839134e-02   1.9549739e-04  -2.2362768e-03
   9.3625432e-02   4.7288104e-01  -1.8514830e+00   1.9337466e-02   3.9090409e-03  -2.2498380e-03
   1.1780503e-01   7.1007442e-01  -5.6876098e-01   1.9847262e-02   5.9902532e-03  -3.2048783e-03
   1.5393705e-01   7.6263606e-01  -4.0996849e-01   2.6022716e-02   5.7591649e-03  -3.1997288e-03
   1.5271835e-01   7.5278811e-01  -4.3943355e-01   2.3265980e-02   5.4804309e-03  -3.2237195e-03
   1.2686478e-01   6.6236504e-01  -5.2077075e-01   3.4314117e-02   3.5749441e-03  -2.6751251e-03
   1.7396822e-01   7.7116380e-01  -5.0589833e-01   3.4131351e-02   4.7084827e-03  -3.2693319e-03
   1.6874915e-01   6.6931393e-01  -6.1778241e-01   3.2158384e-02   5.0028288e-03  -3.4789524e-03
   1.8042266e-01   7.2928832e-01  -6.1041332e-01   3.1367082e-02   4.7714651e-03  -3.5493146e-03
   1.6473999e-01   7.3855332e-01  -6.5791456e-01   2.9491717e-02   4.0361652e-03  -3.2497491e-03
   1.8241109e-01   7.5849547e-01  -5.5668778e-01   2.5828056e-02   4.8329081e-03  -3.2369579e-03
   2.0190794e-01   7.1866095e-01  -5.9281525e-01   2.5610513e-02   5.1451309e-03  -3.6467114e-03
   2.1881570e-01   7.5363190e-01  -6.1750334e-01   2.4130638e-02   4.5198098e-03  -3.2507502e-03
   2.1799702e-01   8.3338241e-01  -5.6969476e-01   1.9928643e-02   2.9125835e-03  -2.9654446e-03
   2.2199376e-01   7.2625870e-01  -7.9426398e-01   1.6446518e-02   3.3917412e-03  -3.0056541e-03
   2.2193657e-01   7.0599692e-01  -1.0091771e+00   1.2261947e-02   3.8899913e-03  -3.2677553e-03
   2.6690071e-01   7.8109956e-01  -9.1895282e-01   7.9094081e-03   3.6853929e-03  -3.1854293e-03
   2.7633431e-01   6.6325426e-01  -1.2072744e+00   5.7993839e-03   3.9084703e-03  -3.3658238e-03
   2.8681968e-01   6.3301362e-01  -1.1521376e+00   4.0882998e-02  -1.8832408e-04  -3.4252639e-03
  -1.7333147e-02   8.2704863e-01  -4.6790831e-01   5.6800410e-02  -8.6053782e-03   2.1879224e-05
   6.8394935e-02   5.9334697e-01  -6.2801327e-03   3.8361821e-02  -4.2539292e-03  -5.4327870e-04
   1.2943985e-01   6.6012552e-01  -1.2246234e-01   3.6752768e-02  -2.0289910e-03  -1.3622842e-03
   1.6895282e-01   7.2595284e-01  -1.2247632e-01   3.4610327e-02  -1.5723444e-03  -1.6182673e-03
   1.6997745e-01   6.7045676e-01  -1.7872970e-01   3.2661581e-02  -1.4539219e-03  -1.7516759e-03
   1.8291296e-01   6.4018597e-01  -3.2561680e-01   3.2346923e-02  -1.9757842e-03  -1.6702190e-03
  -1.6052778e-01   5.2819301e-01  -1.1076253e+00   1.0361212e-02  -1.0018142e-02  -1.2217206e-02
   3.3835192e-01  -1.8260775e+00  -6.1376319e+00  -1.6034099e-01  -2.0485068e-02  -4.6845285e-02
   4.2754005e-01  -4.4892852e-01  -5.7237587e+00  -1.3690896e-01  -1.5523704e-02  -3.6787067e-02
   5.0734749e-01  -4.0208999e-01  -5.5473282e+00  -1.4312671e-01  -1.3976996e-02  -3.6987270e-02
   5.4142760e-01  -5.5613976e-01  -5.2732568e+00  -1.5325424e-01  -1.4285125e-02  -3.7575870e-02
   5.7204203e-01  -6.7242694e-01  -4.9807490e+00  -1.6327904e-01  -1.3581423e-02  -3.7450035e-02
   6.0714802e-01  -4.9287161e-01  -4.6370733e+00  -1.6134650e-01  -9.4643224e-03  -3.5687914e-02
   6.6280206e-01  -9.5709278e-01  -4.1502447e+00  -1.3007715e-01  -7.3019091e-03  -3.0510652e-02
   3.6868870e-01   9.1123876e-01   3.4706440e+00   4.8786795e-02  -6.6443595e-04  -2.2900965e-03
   2.2425779e-01   6.0052241e-01   7.3260785e-01   4.4145456e-02   6.5700424e-03  -7.7856975e-03
   2.8369418e-01   7.2998389e-01   1.2107000e+00   4.0966653e-02   7.4093410e-03  -8.8599756e-03
   3.0373012e-01   7.5965921e-01   1.1600841e+00   3.8821947e-02   8.9205025e-03  -9.7244405e-03
   3.2275456e-01   7.2016645e-01   1.1548317e+00   3.1967309e-02   1.0425117e-02  -1.0159913e-02
   3.3744037e-01   7.3355299e-01   1.0803307e+00   2.8502457e-02   1.0524141e-02  -1.0503670e-02
   3.5130228e-01   7.5904578e-01   9.9019660e-01   2.0635317e-02   1.0018524e-02  -1.0642079e-02
   3.6057731e-01   6.9922587e-01   8.9694371e-01   1.4829316e-02   1.0523094e-02  -1.1577296e-02
   3.7456848e-01   6.8753763e-01   5.7586303e-01   8.8414460e-03   1.0409681e-02  -1.1357679e-02
   4.0877683e-01   7.2236018e-01   5.2469052e-01   1.4082393e-03   1.0966285e-02  -1.1514157e-02
   4.0776576e-01   6.7242489e-01   2.7464236e-01  -3.0929542e-03   1.1473354e-02  -1.1916544e-02
   4.3198623e-01   6.6922324e-01   1.5931891e-01  -3.9429906e-03   1.0785721e-02  -1.1724376e-02
   3.8669737e-01   9.9555125e-01   1.1392796e+00   3.7023695e-02   4.3622479e-03  -8.7587935e-03
   2.6975596e-01   8.2245275e-01   1.2032042e+00   4.3882993e-02   4.4750220e-04  -6.6967181e-03
   2.8507716e-01   7.6011745e-01   8.9679540e-01   4.3867297e-02   8.8665074e-04  -7.4288684e-03
   2.1283255e-01   5.8379033e-01  -8.6594827e-01   6.3228717e-02   3.7357374e-03  -9.0250592e-03
   2.6234239e-01   6.9710254e-01   5.9581127e-01   4.8113064e-02   2.4674833e-03  -7.6907274e-03
   2.5466342e-01   8.2545060e-01   4.3924781e-01   4.6276302e-02   3.1133735e-03  -8.0803410e-03
   2.6163572e-01   8.0847284e-01   4.2520434e-01   4.4089217e-02   2.3504655e-03  -7.8687801e-03
   2.6209931e-01   8.6632875e-01   3.5351434e-01   3.8784404e-02   2.8177621e-03  -7.9720305e-03
   2.6087144e-01   8.2072484e-01   8.9744988e-02   3.2990028e-02   2.9107321e-03  -8.8163476e-03
   2.6715545e-01   8.4015362e-01  -1.2696853e-01   2.4953165e-02   3.4809977e-03  -8.9213777e-03
   2.5252819e-01   7.4309013e-01   2.3529295e-01   5.4708593e-02  -2.0390646e-03  -6.2997273e-03
   2.0988396e-01   3.3025208e-01  -1.6917886e+00   3.8193035e-02  -8.6185279e-03  -6.6204904e-03
   1.1076548e+00  -1.7737581e+00  -4.4693691e+00  -6.0811514e-02   6.0823814e-03  -2.8273682e-02
   1.0156895e+00   2.1621179e-01  -3.0351307e+00   1.7459280e-02   9.1311048e-03  -1.4561041e-02
   5.5383726e-01   1.7537825e-01  -4.4194982e+00   1.6238165e-02   1.2158777e-02  -1.1429157e-02
   4.3746220e-01   4.4096652e-01  -3.2919250e+00   7.9551897e-03   1.1113598e-02  -1.1277722e-02
   4.2004498e-01   4.8477341e-01  -2.5018806e+00   6.8053661e-03   1.1313949e-02  -1.2861362e-02
   4.2259945e-01   6.0453342e-01  -2.1425431e+00   4.5793949e-03   9.8057650e-03  -1.1876616e-02
   4.2801558e-01   4.9316049e-01  -2.2562903e+00   5.0359845e-03   8.7789560e-03  -1.2461272e-02
   4.2180529e-01   5.7188275e-01  -2.1593317e+00   3.7775983e-03   7.8992949e-03  -1.2188866e-02
   3.9449026e-01   5.8020235e-01  -2.4813130e+00   3.2245741e-03   7.3772428e-03  -1.2224172e-02
   3.9637704e-01   5.7936610e-01  -2.5250114e+00  -2.1742397e-03   5.9535656e-03  -1.2212033e-02
   3.8835222e-01   5.2894827e-01  -2.2699970e+00  -5.3847706e-03   8.9353949e-03  -1.2349984e-02
   2.9996850e-01  -1.4060365e-01  -2.6258022e+00  -4.6947021e-03  -3.1755846e-03  -1.6736590e-02
   3.4441136e-01   3.5849990e-01  -3.4605735e+00   2.9999661e-02   4.5461966e-03  -1.5653406e-02
   5.2656479e-01   6.6056962e-01  -1.9513453e+00   1.5901417e-02   4.1676987e-03  -1.3650578e-02
   1.1834008e+00   1.3651785e+00   2.4519831e+00  -4.0855832e-03   5.8534991e-03  -9.1478256e-03
   5.3293764e-01   5.5587669e-01  -2.8894410e+00   1.2850385e-02   1.1012781e-02  -8.8112834e-03
   4.5626167e-01   1.0044405e+00  -2.0419639e+00   7.8261149e-04   7.2212179e-03  -8.8453703e-03
   3.3117962e-01   9.2067446e-01  -1.9420378e+00  -2.3727513e-03   4.5182770e-03  -8.9942097e-03
   2.7775625e-01   9.7187959e-01  -2.1508471e+00  -3.3200282e-03   5.3468505e-03  -9.5800403e-03
   1.8607647e-01   1.0081329e+00  -1.2959987e+00  -3.7220850e-03   4.2521167e-03  -1.0390282e-02
   8.7247768e-02   8.4589590e-01  -1.4233819e+00  -1.1784610e-02   9.4820274e-04  -1.0198861e-02
   1.4211270e-01   9.2366346e-01  -1.3070699e+00  -1.7155069e-02   7.9555577e-04  -1.0018682e-02
   2.9667487e-01   9.1028478e-01  -1.8745293e+00  -4.6024738e-03   5.4031889e-03  -1.1199079e-02
   2.9366377e-01   8.7883844e-01  -1.9232094e+00  -6.8952670e-03   5.4569978e-03  -1.1104415e-02
   4.5620168e-01   6.6982825e-01  -7.8438049e-01   4.8029132e-02   1.2359529e-02  -7.9461863e-03
   4.8864292e-01   6.4767493e-01  -4.0969413e-01   4.3461735e-02   1.3598399e-02  -8.7699590e-03
   4.8790593e-01   6.8526743e-01  -6.3667680e-01   3.7929570e-02   1.3033973e-02  -9.9457381e-03
   4.5336095e-01   7.8010020e-01  -8.7042183e-01   2.6967769e-02   1.0326355e-02  -1.0751437e-02
   4.9934010e-01   7.4985436e-01  -6.7951526e-01   2.6078420e-02   1.0623070e-02  -1.0992787e-02
   4.9667784e-01   7.1914553e-01  -8.4542228e-01   2.2504689e-02   9.0551137e-03  -1.0423762e-02
   4.8694473e-01   7.9342565e-01  -9.1809552e-01   2.0314542e-02   8.6845112e-03  -9.8906117e-03
   4.8987271e-01   8.1878401e-01  -8.9625855e-01   1.8790325e-02   8.2454548e-03  -9.7791788e-03
   4.9231473e-01   8.0942466e-01  -1.0332531e+00   1.6829838e-02   7.2881536e-03  -9.4734460e-03
   5.0056125e-01   8.3934630e-01  -1.1479382e+00   1.4221416e-02   6.9628816e-03  -9.4867116e-03
   5.0325030e-01   8.5134633e-01  -1.2184713e+00   1.0145222e-02   6.8846497e-03  -9.9623966e-03
   4.9941966e-01   8.2352896e-01  -1.2413683e+00   9.9944139e-03   6.1900875e-03  -9.9806705e-03
   4.8779597e-01   1.0134052e+00  -6.0777718e-01   1.7130216e-02   8.3291579e-03  -1.0286310e-02
