   0.0000000e+00   0.0000000e+00   0.0000000e+00   1.3877788e-17   0.0000000e+00   0.0000000e+00
   1.3975375e-01  -1.4812805e-01   1.0773374e+00  -1.3167203e-02   2.6594095e-03  -1.4386685e-03
   1.8671911e-01  -2.0926066e-01   1.7155577e+00  -2.1964669e-02   3.0014568e-03  -1.9933702e-03
   1.8572665e-01  -2.6668677e-01   1.8224924e+00  -2.5614699e-02   2.8861310e-03  -3.1257498e-03
   1.9383790e-01  -2.2557807e-01   1.7780833e+00  -2.7104600e-02   3.4493368e-03  -3.8883979e-03
   2.1695993e-01  -2.9949472e-01   2.3003788e+00  -3.0373757e-02   1.4681818e-03  -3.7180831e-03
   3.1798653e-01  -2.4940873e-01   2.1324544e+00  -3.1915993e-02  -2.4610233e-03  -3.6072377e-03
   2.2471864e-01  -3.3217144e-01   2.0260201e+00  -3.0715854e-02   8.5624750e-04  -4.8356182e-03
   2.9242938e-01  -2.0279762e-01   2.0433135e+00  -2.9665435e-02   2.0205703e-03  -5.3500936e-03
   3.0382514e-01  -2.6660415e-01   2.1441525e+00  -3.1227875e-02   2.4001671e-03  -5.3022909e-03
   2.8583976e-01  -3.1655348e-01   2.0277471e+00  -3.1417745e-02   2.5238179e-03  -5.5221904e-03
   2.8283186e-01  -1.9467788e-01   2.2989444e+00  -3.4059611e-02   1.9771411e-03  -5.0520435e-03
   2.8555636e-01  -3.9167371e-01   2.1776318e+00  -1.6728939e-02  -4.7953511e-04  -2.6523477e-03
   3.8837676e-01   1.2448500e+00   4.9819041e+00   1.3155371e-01   3.4538775e-03  -7.8242843e-03
   3.1297504e-01   1.3447596e+00   5.3656462e+00   9.2876908e-02   5.8735511e-03  -1.4754622e-02
   4.1024451e-01   1.3770102e+00   5.8266707e+00   8.8684410e-02   6.4461057e-03  -1.5546152e-02
   3.8421236e-01   1.2300164e+00   5.7606424e+00   8.8663594e-02   7.2269098e-03  -1.6109824e-02
   3.6471642e-01   1.4170981e+00   5.5435233e+00   8.5573794e-02   6.4871148e-03  -1.6083478e-02
   4.1211767e-01   1.5627225e+00   5.6491677e+00   8.2356431e-02   3.5955588e-03  -1.4573439e-02
   4.3836489e-01   1.0752960e+00   6.5865189e+00   8.8619488e-02   1.1970539e-03  -1.6233775e-02
   2.8595015e-01   7.0712145e-01   6.6134310e+00   7.8781589e-02   1.2461364e-03  -2.2830261e-02
  -6.3523222e-02   6.7233372e-02   7.2582670e+00   7.3914871e-02  -3.7326092e-04  -1.8678212e-02
   5.7324562e-02   1.4597053e+00   5.0847653e+00   1.1526240e-01   1.2098046e-02  -2.2449998e-02
   1.7579188e-01   1.8090956e+00   5.6075944e+00   1.1958183e-01   1.2148772e-02  -1.8894012e-02
   1.2818007e-01   1.8203325e+00   5.5528792e+00   1.1889925e-01   9.5511154e-03  -1.7928668e-02
   1.4010983e-01   1.7715740e+00   7.5628407e+00   1.0927257e-01   8.1125010e-03  -1.6803137e-02
   1.3437934e-01   1.5431979e+00   6.6372210e+00   8.5779483e-02   4.2602770e-03  -1.5625623e-02
   1.2266329e-01   1.9599421e+00   8.4562459e+00   9.6384184e-02   1.0996868e-03  -1.1532138e-02
  -3.6683986e-02   1.7540403e+00   6.5003156e+00   1.1065865e-01   5.2387351e-03  -1.3071364e-02
   2.6567384e-02   1.8225403e+00   6.5750524e+00   1.0652683e-01   6.6785462e-03  -1.4098975e-02
   9.1095538e-02   1.8234224e+00   6.5937659e+00   1.0213454e-01   8.2410964e-03  -1.4566759e-02
   1.1689279e-01   1.7653320e+00   6.4945422e+00   9.7424555e-02   8.6046626e-03  -1.5263978e-02
   1.2819662e-01   1.7399488e+00   6.4012239e+00   9.3292378e-02   8.4279849e-03  -1.5595084e-02
   1.2750433e-01   1.7326104e+00   6.2835912e+00   9.0933012e-02   7.9561008e-03  -1.5594201e-02
   2.1788649e-01   1.9083910e+00   6.9304956e+00   8.8812819e-02   5.0080636e-03  -1.4628148e-02
   1.9787720e-01   1.5804997e+00   6.7660658e+00   8.6586688e-02   4.2103252e-03  -1.5015745e-02
   2.8648952e-01   1.5360486e+00   7.7195979e+00   8.0268885e-02   3.4227225e-03  -1.4232668e-02
  -2.0120443e-01   1.3943457e+00   5.6913743e+00   6.0762912e-02   1.1028959e-03  -1.1852608e-02
   6.7502180e-01   1.6553643e+00   1.0928325e+01   5.3792466e-02  -1.3251518e-03  -1.1336662e-02
   3.2314786e-01   1.5373399e+00   3.9454850e+00   7.2486716e-02   6.5458521e-03  -1.6972143e-02
   1.8272107e-01   2.0904136e+00   4.1539756e+00   8.1740400e-02   6.8647959e-03  -1.7800522e-02
   1.0974218e-01   2.0107300e+00   4.4741603e+00   8.3144775e-02   4.3591221e-03  -1.7668489e-02
   1.2178841e-01   1.9717923e+00   4.6048174e+00   8.1955466e-02   3.8439688e-03  -1.7706736e-02
   1.4468691e-01   2.1047202e+00   4.7863029e+00   7.9254768e-02   4.5653347e-03  -1.8569769e-02
   1.0864145e-01   1.8979783e+00   4.7263261e+00   7.3459423e-02   4.3606842e-03  -1.8493681e-02
   1.1360376e-01   1.8710109e+00   4.7116308e+00   7.1005549e-02   3.9274874e-03  -1.8406476e-02
   1.4118808e-01   2.0278936e+00   4.8154150e+00   7.0148642e-02   2.9397255e-03  -1.8360730e-02
   9.3415699e-02   1.8270029e+00   4.6258381e+00   6.5422819e-02   2.0785990e-03  -1.7820314e-02
   7.1701094e-02   1.8584644e+00   4.3604461e+00   7.1670957e-02   2.1231778e-03  -1.7360625e-02
   1.6973328e-01   2.2308275e+00   6.1213060e+00   8.0218618e-02   1.8310351e-03  -1.7914356e-02
   9.0413238e-02   1.9723210e+00   6.5326793e+00   8.5220680e-02  -3.6739059e-03  -1.4566676e-02
   3.7676219e-02   2.2680361e+00   5.6320351e+00   1.0951143e-01  -2.1197703e-03  -1.4930993e-02
   1.0031310e-01   2.0860241e+00   6.6395440e+00   9.7198442e-02  -1.5824338e-03  -1.4888661e-02
   3.3098247e-02   2.0260840e+00   5.9058886e+00   1.0020861e-01  -5.6328768e-04  -1.6057418e-02
   1.0977582e-02   2.0669790e+00   5.3926648e+00   1.0124217e-01   4.4240736e-04  -1.7054600e-02
   9.6246299e-03   2.0089742e+00   5.8041818e+00   1.0383665e-01   3.5274359e-04  -1.6755764e-02
  -4.1690938e-02   2.5055343e+00   5.4494485e+00   1.3128103e-01  -8.2639482e-04  -1.5897135e-02
  -2.5433686e-02   2.2405484e+00   5.7147792e+00   1.2125160e-01  -1.2041603e-03  -1.5689532e-02
   1.5178328e-01   1.6966355e+00   4.8096293e+00   9.0236080e-02   2.4733132e-04  -1.3414409e-02
  -1.0174761e-01   1.7641655e+00   5.7793495e-01   8.2455476e-02   4.1152782e-03  -1.5794977e-02
   6.0122931e-02   2.3706145e+00   4.6005251e+00   7.7897605e-02   1.6691617e-03  -1.5092657e-02
   3.8543738e-02   1.7940372e+00   4.8397187e+00   6.9905633e-02   2.3384486e-03  -1.5338509e-02
   5.7507951e-03   1.9156461e+00   3.9912464e+00   7.1916699e-02   4.7152489e-03  -1.6806990e-02
   1.0095604e-02   1.9197419e+00   3.9296586e+00   7.2782289e-02   3.4871517e-03  -1.6706913e-02
   3.9329323e-02   1.8115695e+00   4.7889480e+00   7.5611979e-02   2.3255142e-03  -1.6609619e-02
  -1.3442542e-02   1.5927569e+00   5.0283797e+00   5.8679495e-02  -8.7401544e-03  -1.6593878e-02
  -6.9837394e-02   1.9097815e+00   5.2520559e+00   7.6007382e-02  -4.3091040e-03  -1.5173151e-02
  -4.1432039e-02   1.9431240e+00   5.0404360e+00   7.4337839e-02  -3.2718938e-04  -1.6104271e-02
  -7.2931214e-02   1.7986914e+00   4.8512920e+00   7.0922938e-02  -6.4416519e-04  -1.6164691e-02
  -6.2195875e-02   1.8397554e+00   4.8796071e+00   7.1148135e-02  -9.6107819e-04  -1.6524824e-02
  -5.2295993e-02   1.9210566e+00   4.8300234e+00   7.1603870e-02  -1.4454077e-03  -1.6313063e-02
  -5.4966514e-02   1.8331196e+00   4.7917307e+00   7.0915165e-02  -1.7697676e-03  -1.6275337e-02
  -4.9961019e-02   1.8730029e+00   4.7255684e+00   6.8845158e-02  -2.2716530e-03  -1.6420893e-02
  -3.2089436e-02   2.0177030e+00   4.6189592e+00   6.5325262e-02  -2.9915136e-03  -1.5548350e-02
  -2.5152228e-01   7.7467338e-01  -8.1700028e-01   3.9564578e-02  -1.4306547e-02  -1.9995402e-02
  -6.4126483e-01   1.2009551e+00  -5.7938679e+00   2.2652855e-02  -1.1991697e-02  -2.7871926e-02
  -3.0852277e-01   1.7171803e+00  -1.9455919e+00   3.0252181e-02  -8.0775345e-03  -2.3194869e-02
  -2.4268038e-01   1.5982905e+00  -8.2353471e-01   2.6516761e-02  -5.2448104e-03  -2.2077920e-02
  -2.7702247e-01   1.3958850e+00  -1.0903881e+00   2.7386878e-02  -3.0960376e-03  -2.3749239e-02
  -1.9296033e-01   1.4526312e+00  -5.6431459e-01   2.5915409e-02  -2.3121994e-03  -2.5535007e-02
  -1.5947933e-02   1.7874960e+00   1.0333803e-01   2.6241115e-02  -7.3340241e-03  -2.6034459e-02
  -1.5572823e-01   1.2312301e+00  -1.3810685e+00   3.3711706e-02  -9.7813165e-03  -2.4476993e-02
  -3.3036267e-02   1.4329437e+00   7.8167295e-01   3.1736726e-02  -4.9933720e-03  -2.4365275e-02
  -1.2860181e-02   1.3098219e+00   9.7729180e-01   2.6628826e-02  -4.1642341e-03  -2.4915073e-02
  -3.0924906e-02   1.2828884e+00   1.0515314e+00   2.2134011e-02  -4.7583728e-03  -2.4531689e-02
  -2.1610495e-02   1.3197936e+00   1.0110611e+00   1.8205457e-02  -4.7009161e-03  -2.4653239e-02
  -5.0008070e-02   1.2834746e+00   1.0416402e+00   1.6923315e-02  -3.6080261e-03  -2.5198056e-02
  -3.0406937e-02   1.2449611e+00   1.0354744e+00   1.4790765e-02  -3.8903052e-03  -2.5301599e-02
  -1.7436587e-02   1.2749867e+00   7.7449488e-01   1.3776795e-02  -5.0132783e-03  -2.5110634e-02
  -1.9637324e-02   1.3560421e+00   9.8460909e-01   9.2005793e-03  -6.4566746e-03  -2.5241799e-02
  -5.4457366e-02   1.1975277e+00   5.2371243e-01   5.9087735e-03  -6.9275448e-03  -2.4892272e-02
  -5.2687070e-03   1.2832492e+00   6.1806833e-01   6.4878838e-03  -6.8986545e-03  -2.4516853e-02
  -4.7445869e-03   1.2583309e+00   7.5144724e-01   4.8152576e-03  -7.0474897e-03  -2.4664447e-02
   7.4527405e-03   1.0850793e+00   5.0385369e-01   2.2692654e-02  -7.8753571e-03  -2.3342928e-02
  -4.4031073e-01   1.0309292e+00  -4.4508523e+00   1.2126998e-01  -5.7274934e-03  -2.4891893e-02
  -3.0835963e-01   1.3365090e+00  -3.3067201e+00   1.0625757e-01  -8.5491314e-03  -2.3682897e-02
  -1.7263695e-01   1.5538491e+00  -1.1964437e+00   8.1448473e-02  -1.0290915e-02  -2.1161562e-02
  -1.5111215e-01   1.4534044e+00  -4.6456998e-01   7.4184223e-02  -7.4737584e-03  -2.2653742e-02
  -2.5857100e-01   1.6043128e+00  -5.4823093e-01   6.6754474e-02  -5.9174132e-03  -2.2317780e-02
  -2.3859834e-01   1.4554522e+00   9.4685197e-02   6.0161794e-02  -7.2956286e-03  -2.0445900e-02
  -2.0213024e-01   1.4673319e+00   3.3397499e-01   5.7514139e-02  -7.2706161e-03  -2.0982356e-02
  -1.8100825e-01   1.4852765e+00   4.4624094e-01   5.2369976e-02  -7.8774270e-03  -2.1224530e-02
  -1.7599296e-01   1.4567229e+00   4.1899192e-01   5.0310238e-02  -7.7396489e-03  -2.1736229e-02
  -1.3837240e-01   1.4908021e+00   4.2047424e-01   4.7695232e-02  -7.8385258e-03  -2.1945770e-02
  -1.2567100e-01   1.4785231e+00   4.6899077e-01   4.4956826e-02  -7.5164353e-03  -2.2118045e-02
  -1.2717430e-01   1.4545831e+00   4.1950877e-01   4.3413880e-02  -8.1936000e-03  -2.2279943e-02
  -9.4431292e-02   1.4839602e+00   3.8542873e-01   4.2591266e-02  -8.7950284e-03  -2.2009479e-02
  -7.1818744e-02   1.4413831e+00   4.6992757e-01   3.7895831e-02  -8.7222910e-03  -2.2286171e-02
  -9.6861400e-02   1.4502869e+00   3.6089842e-01   3.6766477e-02  -9.1437098e-03  -2.2349304e-02
  -9.2228465e-02   1.4489606e+00   2.2810927e-01   3.6053044e-02  -9.0547699e-03  -2.2505722e-02
  -6.3320578e-02   1.4749763e+00   2.5903053e-01   3.1211392e-02  -9.5118807e-03  -2.2613049e-02
  -6.6284292e-02   1.4487082e+00   2.6399933e-01   2.9770912e-02  -9.7788786e-03  -2.2681100e-02
  -7.5706787e-02   1.4383435e+00   2.1180126e-02   2.9665965e-02  -9.7282940e-03  -2.3136120e-02
  -6.6224007e-02   1.4509307e+00   8.5001801e-02   2.7941174e-02  -9.6703759e-03  -2.3156307e-02
  -6.1891233e-02   1.4273642e+00   1.3425872e-01   2.4886510e-02  -9.6152108e-03  -2.3685041e-02
  -5.7859074e-02   1.4412807e+00   4.6066600e-02   2.3110192e-02  -9.8007658e-03  -2.3759766e-02
  -4.7139139e-02   1.4760720e+00  -4.3025775e-02   2.8735755e-02  -8.6192254e-03  -2.3793739e-02
  -1.1074681e-01   1.3573871e+00  -1.2584049e+00   9.1348772e-02  -5.5736877e-03  -2.3758576e-02
  -5.6973179e-02   1.4818413e+00  -1.8407700e+00   9.6308903e-02  -9.2797559e-03  -2.3658244e-02
  -4.6400184e-02   1.8685229e+00  -6.3964193e-01   7.6005508e-02  -7.6734298e-03  -2.2348392e-02
  -1.9043331e-01   1.4305699e+00   2.3199347e-02   6.5727810e-02  -9.2904417e-03  -2.2102293e-02
  -1.7914162e-01   1.4950597e+00   2.7065912e-01   6.1897219e-02  -8.5583236e-03  -2.1871099e-02
  -1.9093609e-01   1.4263626e+00   3.1182252e-01   5.6528626e-02  -1.2035746e-02  -2.1093726e-02
  -1.3060700e-01   1.4776198e+00   6.6745341e-01   4.9570038e-02  -1.0837798e-02  -2.1127688e-02
  -7.7612245e-02   1.4869016e+00   8.9424738e-01   5.2411229e-02  -1.0335053e-02  -2.1221660e-02
  -1.1070852e-01   1.4629793e+00   7.4595913e-01   5.7031888e-02  -9.0920903e-03  -2.1375238e-02
  -2.6839582e-02   1.2275250e+00   1.8522569e+00   5.6368866e-02  -7.3587900e-03  -2.1518248e-02
  -9.0842969e-03   1.1446720e+00   1.9400199e+00   5.1866882e-02  -6.3980023e-03  -2.2099377e-02
  -1.2831393e-01   1.3933249e+00   6.2047584e-01   4.1498125e-02  -1.0748317e-02  -2.7819747e-02
  -2.8381963e-01   1.4334650e+00  -1.5791883e+00   5.2372381e-02  -1.0939347e-02  -3.0126807e-02
   1.8771249e-01   9.5624587e-01  -1.2649171e+00   5.3406669e-02  -3.2812582e-03  -3.1604773e-02
  -1.2491562e-01   9.6704695e-01  -1.5068752e+00   6.3912230e-02  -1.1950876e-02  -2.7672527e-02
  -2.1255329e-01   1.6731268e+00  -5.1145354e-01   7.2148939e-02  -1.2354963e-02  -2.6576827e-02
  -2.3879180e-01   1.3779545e+00  -2.5626073e-01   6.7024340e-02  -1.0448455e-02  -2.6734180e-02
  -9.4332605e-02   1.4486914e+00  -4.6674547e-01   8.0344495e-02  -8.0425249e-03  -2.4632476e-02
  -4.2202000e-02   1.5010619e+00  -5.7374011e-01   7.6765846e-02  -1.5243806e-02  -2.1648831e-02
  -1.5373973e-02   1.6819638e+00   7.4461798e-01   6.9971594e-02  -1.7365442e-02  -1.7858983e-02
   5.9760782e-02   1.3389682e+00   1.8739988e+00   6.3936279e-02  -1.3377873e-02  -1.7784322e-02
   6.2012625e-02   1.4921750e+00   1.1619524e+00   6.6653796e-02  -1.1997516e-02  -1.9486096e-02
   5.7364528e-02   1.4300241e+00   1.0086496e+00   6.5010841e-02  -1.0975883e-02  -2.0179905e-02
   9.0444658e-02   1.4227844e+00   1.1275131e+00   6.2483382e-02  -1.0237481e-02  -2.0657524e-02
   9.2574910e-02   1.4372607e+00   1.1595558e+00   6.0140544e-02  -1.0596835e-02  -2.1137532e-02
   7.0761959e-02   1.4539428e+00   1.1624833e+00   5.7341892e-02  -1.2802139e-02  -2.0487441e-02
   5.0562198e-02   1.4483875e+00   1.1410579e+00   5.4070642e-02  -1.4456610e-02  -1.9879612e-02
   2.7582374e-03   1.4799944e+00   1.1067798e+00   5.3446856e-02  -1.5483053e-02  -1.9765267e-02
   2.9319143e-01   1.0637430e+00   3.5839548e+00   8.8232602e-02  -9.7319989e-03  -1.5200179e-02
   4.7031646e-01   2.0030734e+00   5.1670614e+00   1.4853931e-01  -1.5537436e-04  -2.0728694e-02
   2.5470171e-01   1.9667611e+00   5.4925884e+00   1.4322724e-01  -3.9055948e-03  -2.0000638e-02
   2.2616408e-01   2.0869360e+00   5.0660008e+00   1.4033250e-01  -3.5746824e-03  -2.2115239e-02
   2.2854535e-01   2.0342845e+00   5.3066927e+00   1.3292155e-01  -3.9920481e-03  -2.2026859e-02
  -1.1248092e-01   1.9778859e+00   3.9172822e+00   1.2137210e-01  -5.8134615e-03  -2.0925938e-02
  -6.4608140e-02   2.1317368e+00   4.0311945e+00   1.2025059e-01  -4.5258148e-03  -2.2514504e-02
  -6.7379668e-02   2.1335369e+00   4.0727402e+00   1.1738103e-01  -4.7571547e-03  -2.2496609e-02
  -6.2589979e-02   2.0937154e+00   3.9923805e+00   1.1461069e-01  -4.9774227e-03  -2.2408548e-02
  -5.5633772e-02   2.1285959e+00   3.8902389e+00   1.1168743e-01  -5.2777244e-03  -2.2335638e-02
  -4.0584984e-02   2.0701098e+00   3.8022671e+00   1.0690553e-01  -5.8568984e-03  -2.2315893e-02
  -4.4300261e-02   2.0524475e+00   3.6134278e+00   1.0218439e-01  -6.6166699e-03  -2.1927771e-02
  -2.1224975e-02   2.0534183e+00   3.8059267e+00   9.7218385e-02  -7.7823362e-03  -2.1973031e-02
  -1.2011195e-01   2.3240569e+00   4.6141185e+00   1.8747541e-01  -8.5503286e-03  -1.8894635e-02
   2.5668530e-02   2.3332637e+00   5.2096887e+00   1.8494478e-01  -6.0321789e-03  -1.9750262e-02
   7.6486192e-02   2.3134046e+00   6.5037210e+00   1.4838339e-01  -3.7738184e-03  -2.0717023e-02
  -5.1181757e-03   2.2529590e+00   4.8859222e+00   1.4804359e-01  -4.3890613e-03  -2.3508085e-02
   1.0129661e-01   2.4051991e+00   5.1777640e+00   1.4698617e-01  -3.3088402e-03  -2.4046269e-02
   8.7892382e-02   2.3702216e+00   5.2000451e+00   1.4316819e-01  -2.5662567e-03  -2.4768966e-02
   6.0154597e-02   2.3389931e+00   5.0758478e+00   1.3842780e-01  -2.3817874e-03  -2.4829066e-02
   7.4460331e-02   2.3881458e+00   4.9580672e+00   1.3350220e-01  -2.5965853e-03  -2.4951104e-02
   9.2089176e-02   2.3981630e+00   5.0087347e+00   1.3856713e-01  -2.1452973e-03  -2.4610038e-02
   8.2601421e-02   2.4856195e+00   4.9953405e+00   1.4211545e-01  -3.1683235e-03  -2.4316726e-02
   7.2022497e-02   2.3816968e+00   4.8963794e+00   1.3840739e-01  -3.7943827e-03  -2.4405190e-02
  -2.1502065e-01   1.7090145e+00   1.4799036e+00   7.9690006e-02  -5.5669168e-03  -2.1236142e-02
  -6.7833494e-03   2.1805938e+00   3.1586762e+00   8.1470398e-02  -3.7470123e-03  -2.3370505e-02
   8.4091660e-02   2.1258593e+00   4.0404659e+00   9.2269526e-02  -3.0060998e-03  -2.3986478e-02
   8.4524313e-02   2.3262825e+00   3.8952899e+00   1.0394750e-01  -3.2897551e-03  -2.4355367e-02
   1.0588107e-01   2.2609834e+00   4.8030005e+00   1.0226765e-01  -3.6765581e-03  -2.3765363e-02
  -4.0294522e-01   2.0862123e+00   4.2284112e+00   9.4534016e-02  -1.6248598e-02  -1.8575624e-02
  -1.6136335e-01   1.3673540e+00   4.2563175e+00   3.5371584e-02  -1.5175040e-02  -2.4889686e-02
   9.9156638e-01  -4.9746229e+00   1.9556081e+00  -1.3470830e-01  -1.1519201e-02  -1.0776252e-01
   6.8217721e-01  -1.8932563e-01   2.1944285e-01  -2.7051364e-02  -1.6143535e-02  -6.8472738e-02
   7.1481592e-01  -4.1089772e-01  -4.8953000e-01  -2.1770534e-02  -1.5145112e-02  -6.7848647e-02
   7.2304419e-01  -3.2282205e-01  -1.4863123e-01  -2.3186113e-02  -1.4810554e-02  -6.7024595e-02
   7.3367447e-01  -2.5688477e-01  -2.0999490e-01  -2.4378782e-02  -1.4581968e-02  -6.7011296e-02
   7.1771019e-01  -2.6350354e-01  -3.3095857e-01  -2.4161881e-02  -1.5613859e-02  -6.6536706e-02
   7.1372774e-01  -2.0337940e-01  -3.0431999e-01  -2.6739322e-02  -1.5993784e-02  -6.6161790e-02
   7.2360787e-01  -1.8342770e-01  -2.2544289e-01  -2.8031942e-02  -1.6436254e-02  -6.6029377e-02
   7.2973059e-01  -1.6833433e-01  -2.7419278e-01  -2.7246565e-02  -1.7185545e-02  -6.5856949e-02
   7.2483092e-01  -1.2163423e-01  -3.8487482e-01  -2.7901614e-02  -1.7726308e-02  -6.5571857e-02
   7.3704369e-01  -1.1030520e-01  -2.5702137e-01  -2.9733927e-02  -1.8012371e-02  -6.5449346e-02
   6.8076264e-01   1.4092933e-01  -1.5184818e+00  -1.8491904e-02  -1.9141851e-02  -6.4710486e-02
