   0.0000000e+00   0.0000000e+00   0.0000000e+00   0.0000000e+00   0.0000000e+00   0.0000000e+00
  -3.3232466e-02  -2.2634171e-02   9.5759423e-03   4.3921676e-04   3.4097583e-04   1.2158988e-04
  -4.4575525e-02   1.0774256e-02   3.1748070e-02   1.0141194e-03   6.9457058e-04   1.0539472e-05
  -5.5837652e-02  -5.4714729e-02   4.4206664e-02   2.3072802e-03   5.7418158e-04  -1.0058443e-04
  -4.0866872e-02   1.0407435e-02   6.7165882e-02   1.8854811e-03   4.3098355e-04   4.7463121e-05
  -5.5459770e-02  -1.8261074e-02   4.7242220e-02   2.0598334e-03   5.5659083e-04   2.9901013e-05
  -5.3730449e-02   3.0955564e-02   4.5833334e-02   1.6314469e-03   8.2063300e-04   9.6500017e-05
  -5.6090631e-02   3.9850413e-02   6.0522693e-02   1.3124129e-03   8.2901552e-04   4.1792263e-05
  -5.1937884e-02   1.1487296e-02   3.8422980e-02   2.3624741e-03   8.1636055e-04   1.2151973e-05
  -3.6626839e-02   5.0717436e-02   9.4618289e-02   2.2029506e-03   4.0279694e-04  -1.2044160e-04
  -6.5245355e-02   4.1990959e-03   5.2861519e-02   1.9413184e-03   8.0761413e-04   6.6546962e-05
  -4.9779817e-02   5.0881599e-02   8.3320872e-02   2.0533476e-03   8.8572159e-04   8.8956212e-05
  -5.8607341e-02   1.7390726e-02   6.6348992e-02   1.6129905e-03   8.9221320e-04   9.4394436e-05
  -7.4601075e-02   1.1626501e-03   5.3419345e-02   2.4877608e-03   1.2845222e-03   1.3536722e-04
  -6.4056634e-02   1.5467908e-03   1.2237282e-01   3.6855767e-03   9.0202206e-04  -5.0430616e-05
  -1.0706304e-01  -1.9112475e-02   5.5562486e-02   3.5020389e-03   1.6223055e-03   1.2764666e-05
  -8.7598983e-02   5.0063952e-02   1.0405563e-01   2.2089576e-03   1.3598110e-03  -9.0932224e-05
  -9.3179985e-02   1.7576483e-02   8.4546144e-02   2.8117698e-03   1.4600223e-03  -1.1869753e-04
  -1.2849724e-01  -4.5040054e-02   6.6101436e-02   4.3900636e-03   1.8641280e-03  -3.0529339e-04
  -9.5916518e-02   8.4076037e-02   1.3557586e-01   2.2014624e-03   1.5964996e-03  -1.5629482e-04
  -1.2507926e-01  -2.4303720e-02   5.2642242e-02   2.3540771e-03   2.1189164e-03  -1.4810515e-05
  -9.8789984e-02   5.1673326e-02   1.3668450e-01   2.8082138e-03   1.7007852e-03  -6.5124463e-05
  -1.2958479e-01  -6.0378434e-02   4.7988276e-02   4.4340375e-03   2.0660876e-03  -1.4111056e-04
  -1.1624384e-01   2.3850251e-02   8.7536679e-02   3.7427630e-03   2.1758606e-03  -3.0556524e-05
  -9.0478469e-02  -4.3906280e-03   1.4279642e-01   3.8607515e-03   1.8109221e-03   4.4111849e-05
  -8.4472333e-02   1.1014512e-02   1.4696415e-01   2.9354759e-03   1.5170765e-03   1.8635869e-04
  -9.1953904e-02  -9.9200986e-03   6.5625425e-02   3.4465743e-03   1.8691786e-03   3.7738001e-04
  -6.0422663e-03   2.6651657e-01   1.6861068e-01   4.7565305e-03   2.3243800e-03   1.3982286e-03
  -1.7450999e-02  -3.0299603e-02   1.0147221e-01   1.9838635e-03   2.4590071e-04   7.8776938e-04
  -1.2427688e-02   4.3332159e-02   1.7231526e-01   2.2962471e-03  -4.4027504e-04   2.4667930e-04
   1.2967743e-02   5.6128779e-02   1.6588824e-01   2.4477856e-03  -7.1803960e-04   1.5092834e-04
  -1.0449276e-03  -9.2296838e-03   1.5634961e-01   2.6566564e-03  -5.8162577e-04   2.7621278e-04
   1.3537007e-02   8.1388625e-02   1.4956808e-01   1.9013021e-03  -5.5179413e-04   3.5996236e-04
   4.4688836e-03   4.3501314e-02   1.1789992e-01   2.5111430e-03  -3.8492765e-04   3.7593818e-04
  -5.9322783e-03   1.4588977e-02   1.2843116e-01   2.8564593e-03  -1.8355309e-04   4.8692492e-04
   1.9160529e-03   3.0713568e-02   1.7127018e-01   3.2648005e-03  -5.1136775e-04   3.7421486e-04
  -2.3659622e-02  -1.8866683e-02   1.4150182e-01   3.4493461e-03  -2.8097390e-04   4.5087264e-04
  -7.7462957e-03   5.7853612e-02   1.7412989e-01   2.7967331e-03  -3.1190247e-04   3.2706173e-04
  -4.4408370e-02  -1.3087698e-02   1.2828660e-01   3.9552742e-03   2.4459549e-04   4.7502510e-04
  -2.6275453e-02   8.4543497e-02   1.7958092e-01   2.2782873e-03   3.5007160e-05   3.8849659e-04
  -3.5283374e-02   3.6392164e-02   1.3895396e-01   2.1666345e-03   8.7977412e-05   3.1399643e-04
  -1.4206145e-02   8.8807630e-02   1.5822543e-01   1.9895880e-03  -1.9244682e-04   3.2683311e-04
  -3.2203755e-02  -1.4779062e-02   1.4296182e-01   3.3653575e-03  -1.9166809e-04   3.9130932e-04
  -2.4291352e-02   8.2689950e-02   1.3632363e-01   3.4274308e-03  -4.7656614e-05   3.5442571e-04
  -4.1766354e-02   3.5922445e-02   1.1160626e-01   2.8179170e-03   1.6134470e-04   3.0252575e-04
  -4.7932674e-02   6.9670811e-02   1.1356647e-01   2.7199175e-03   5.2235765e-04   4.1116757e-04
  -5.8751379e-02  -4.8857679e-03   1.0236763e-01   4.6823011e-03   5.6953600e-04   3.0771101e-04
  -3.3287426e-02   6.7774568e-02   1.7299506e-01   3.5740364e-03  -8.5890676e-06   1.1150640e-04
  -6.7046699e-02  -8.0847970e-03   9.2867048e-02   3.7998010e-03   5.7807658e-04   1.9818636e-04
  -4.3438901e-02   1.1021555e-01   1.3464364e-01   2.6715103e-03   2.4265331e-04   1.6958453e-04
  -6.3902407e-02   4.7503756e-02   8.9486767e-02   2.4764671e-03   6.2189090e-04   2.5818776e-04
  -4.3187736e-02   6.1595285e-02   1.5302455e-01   4.1746407e-03   2.9083361e-04   2.4305289e-05
  -7.1623146e-02   3.6471851e-02   8.9658793e-02   4.4436949e-03   7.1789355e-04   1.3845055e-04
  -5.9649033e-02   8.7105296e-02   1.3821939e-01   3.1602705e-03   6.0084743e-04   3.4030450e-05
  -5.3575673e-02   8.1451551e-02   8.8675521e-02   2.2551986e-03   5.0563098e-04   1.9039106e-04
  -3.5356902e-02   9.8435498e-02   1.4684791e-01   2.1750046e-03   1.6385821e-04   1.3955203e-05
  -4.3423474e-02   3.2633309e-02   9.6592877e-02   2.6198527e-03   1.9809853e-04   9.3006171e-05
  -2.6583393e-02   5.0070442e-02   1.2953632e-01   3.2558985e-03  -5.9048417e-05   6.5567258e-05
  -2.6764908e-02   4.3035484e-02   1.5025845e-01   3.3036310e-03  -2.2675923e-04   8.5344234e-05
  -3.1955990e-02   3.8617554e-02   8.9342829e-02   3.2565338e-03   8.1446696e-07   2.3456775e-04
  -1.4887392e-02   1.1270856e-01   1.6228163e-01   2.4940350e-03  -2.2582181e-04   1.3254194e-04
  -3.8219653e-02  -1.3563944e-02   1.2267642e-01   3.0505401e-03  -2.3457840e-05   8.7834424e-05
  -3.2592703e-02   1.9761135e-02   1.2776998e-01   4.0436279e-03  -1.1187983e-04   5.1458851e-05
  -5.5876753e-02  -2.2444747e-02   1.2111871e-01   4.7216809e-03   2.4898770e-05  -4.2234544e-06
  -4.2821769e-02   5.3177536e-02   1.7085757e-01   3.3856090e-03  -9.0920333e-05  -1.3570464e-04
  -7.0726378e-02  -1.6219034e-03   9.8523968e-02   3.7814937e-03   4.6897565e-04  -1.4597679e-05
  -3.8437648e-02   3.5773646e-02   1.5964745e-01   4.0185784e-03  -6.1560995e-05  -4.8336324e-04
  -3.9202132e-02  -1.4713613e-02   6.8615522e-02   3.4821704e-03  -2.4031216e-04  -2.3763547e-04
  -2.0621555e-02   5.0899871e-02   1.8275240e-01   3.3455597e-03  -6.0084694e-04  -4.3583139e-04
  -5.8139379e-03   8.4392032e-02   9.6728488e-02   5.9829894e-03  -4.6211748e-05   2.4320410e-04
   6.4194172e-02   8.2914023e-02   2.1197676e-01   2.5211084e-03  -6.6331334e-03  -2.6349785e-03
   4.1636411e-02   1.0751300e-01   2.1523591e-01   1.0229068e-04  -8.1238762e-03  -3.3964297e-03
   2.6715285e-02   8.5044873e-02   1.9166001e-01   1.1122852e-03  -6.9330742e-03  -2.7041403e-03
   6.6211558e-02   1.1723245e-01   2.5177281e-01   1.4607330e-03  -7.5996470e-03  -2.8652435e-03
   4.4851886e-02   5.2030127e-02   2.0992829e-01   1.5300582e-03  -7.4149597e-03  -2.6354838e-03
   5.6186708e-02   1.2368548e-01   2.3095206e-01   9.0518622e-04  -7.3447301e-03  -2.5776953e-03
   4.6114486e-02   1.2143369e-01   2.2973088e-01   8.5774968e-04  -6.9694251e-03  -2.5234023e-03
   2.9583949e-02   1.0211883e-01   1.9321126e-01   9.0684938e-04  -6.5972597e-03  -2.3592517e-03
   3.3982851e-02   1.2848221e-01   2.2999876e-01   4.6336387e-04  -6.7366572e-03  -2.4380226e-03
   3.3416847e-02   1.0515986e-01   2.0776760e-01   9.9600852e-04  -6.6902078e-03  -2.3936056e-03
   4.0639101e-02   8.9946041e-02   2.3833192e-01   2.0599186e-03  -7.0682012e-03  -1.9167678e-03
  -1.9638852e-02   4.6196232e-02   1.8351070e-01   2.4088761e-03  -6.0316206e-03  -1.8846787e-03
  -9.4074288e-04   1.2226206e-01   2.4076691e-01   1.0531575e-03  -5.9979861e-03  -2.6836077e-03
   2.7193662e-03   7.4225335e-02   3.7360576e-01  -3.3971784e-04  -6.7016138e-03  -3.1613419e-03
  -9.5117583e-02   1.2492597e-01   7.6063835e-01  -3.5168291e-03  -3.8892111e-03  -3.3554195e-03
   2.4368257e-03   1.3255914e-01   2.8839596e-02   3.4052549e-03  -4.3283978e-03  -2.8792153e-03
  -3.7107486e-02  -1.1764519e-02  -1.5163842e-01   4.0937386e-03  -3.9560906e-03  -2.9865445e-03
  -4.3314391e-02   3.3950731e-03  -1.6665821e-01   4.0476410e-03  -3.5608285e-03  -2.6824725e-03
  -3.7190374e-02  -6.7778112e-03  -1.4490042e-01   4.2275754e-03  -3.7562056e-03  -2.5804847e-03
  -7.2421710e-02  -8.2804016e-02  -1.4769253e-01   4.9700205e-03  -3.2653282e-03  -2.3540622e-03
  -4.4062938e-02  -8.2972259e-03  -1.2652347e-01   4.3203861e-03  -3.7238825e-03  -2.6897481e-03
  -8.4248446e-02  -7.9484626e-02  -1.5332336e-01   4.6703220e-03  -3.1058759e-03  -2.2582558e-03
  -7.3069969e-02  -1.4589865e-02  -1.3147092e-01   4.2067430e-03  -3.0925861e-03  -2.4197633e-03
  -9.8906178e-02  -8.7949301e-02  -1.6726903e-01   4.6400296e-03  -2.6987239e-03  -2.1917354e-03
  -8.7138398e-02  -3.4714824e-03  -1.4981251e-01   4.0212515e-03  -2.6321432e-03  -2.1060818e-03
  -1.0621758e-01  -7.5652616e-02  -1.6739560e-01   4.2469369e-03  -2.4990468e-03  -2.2024154e-03
  -9.0366634e-02  -4.3495436e-02  -1.3223439e-01   4.7657730e-03  -2.7509889e-03  -2.5351174e-03
  -9.9904896e-02  -1.0015442e-01  -1.6112644e-01   5.1711694e-03  -2.6899972e-03  -2.4562993e-03
  -9.8298186e-02  -1.7851222e-02  -1.6137104e-01   4.4643913e-03  -2.3864851e-03  -2.3427343e-03
  -1.2319293e-01  -9.4718539e-02  -1.9694277e-01   5.0777044e-03  -1.9668415e-03  -2.3476205e-03
  -8.7414430e-02   6.6621953e-03  -1.3840003e-01   4.4923803e-03  -2.5099570e-03  -2.5348837e-03
  -1.2430060e-01  -1.3306555e-01  -2.0390225e-01   6.8242568e-03  -1.8134709e-03  -2.3577869e-03
  -1.0276851e-01  -1.4351147e-02  -1.3561852e-01   4.7512388e-03  -2.3014095e-03  -2.3771678e-03
  -1.1668217e-01  -6.1668625e-02  -2.2209462e-01   4.3244380e-03  -2.0572236e-03  -2.2643451e-03
  -9.2505439e-02  -1.4031981e-02  -1.5783383e-01   4.9216413e-03  -2.3608341e-03  -2.3825002e-03
  -1.1755357e-01  -1.0447073e-01  -2.1312765e-01   6.5866787e-03  -1.9805121e-03  -2.3437659e-03
  -9.0775388e-02  -1.0578444e-02  -1.2799523e-01   6.4702002e-03  -2.2674628e-03  -2.3530002e-03
  -1.4564067e-01  -9.8827784e-02  -1.8829177e-01   6.4205735e-03  -1.2484316e-03  -2.1162657e-03
  -1.2423402e-01  -9.3887058e-02  -1.1883531e-01   7.4816764e-03  -1.6348333e-03  -2.2421883e-03
  -1.0019362e-01  -2.1000619e-02  -8.4980115e-02   5.7225928e-03  -2.2673232e-03  -2.4439537e-03
  -1.1675105e-01  -1.1209448e-01  -1.9262611e-01   6.2531618e-03  -1.7340100e-03  -2.2075679e-03
  -1.0535947e-01  -4.4690449e-02  -1.5897941e-01   5.3057747e-03  -1.7165127e-03  -2.1373149e-03
  -1.0076490e-01  -5.9470549e-02  -1.6439184e-01   5.8481921e-03  -1.9067288e-03  -2.1881698e-03
  -1.1091541e-01  -1.0674615e-01  -2.0911276e-01   6.9847055e-03  -1.8322473e-03  -2.1599924e-03
  -9.6006473e-02  -7.3972281e-02  -1.2273406e-01   6.8658658e-03  -2.1684354e-03  -2.2836194e-03
  -1.1202464e-01  -1.6727815e-01  -1.6653481e-01   7.1615031e-03  -2.0916859e-03  -2.1946438e-03
  -9.4219648e-02  -6.4986907e-02  -1.3179687e-01   6.0484068e-03  -2.1431237e-03  -2.1082124e-03
  -1.1089654e-01  -1.3171113e-01  -1.4512516e-01   6.7542733e-03  -2.0065027e-03  -2.1337119e-03
  -1.1356239e-01  -1.3890502e-01  -1.3966748e-01   7.9694245e-03  -1.6407726e-03  -2.1368477e-03
  -1.3036431e-01  -1.6511653e-01  -1.3525711e-01   7.9981808e-03  -1.5202447e-03  -2.1058377e-03
  -9.3489484e-02  -4.6679059e-02  -1.0479359e-01   6.1547467e-03  -2.1227883e-03  -2.1897127e-03
  -1.2707788e-01  -1.5344493e-01  -1.6597087e-01   6.4060946e-03  -1.5288772e-03  -2.1513563e-03
  -1.0889842e-01  -7.7427785e-02  -1.2578238e-01   6.5535182e-03  -1.5917414e-03  -2.2452897e-03
  -1.3000087e-01  -2.0363855e-01  -1.5531025e-01   8.2999658e-03  -1.4183151e-03  -2.2233130e-03
  -9.3909298e-02  -8.1780874e-02  -1.1529015e-01   7.3537516e-03  -1.7822423e-03  -2.3095176e-03
  -1.4411801e-01  -1.5789297e-01  -1.6538444e-01   7.6789115e-03  -8.8758384e-04  -2.2486055e-03
  -1.4299206e-01  -1.3716375e-01  -1.4281207e-01   8.2401019e-03  -7.0387804e-04  -2.0715383e-03
  -1.1955391e-01  -1.0887262e-01  -8.4139249e-02   8.1014906e-03  -1.2458440e-03  -2.3898133e-03
  -1.2003438e-01  -1.4447182e-01  -1.7982107e-01   7.3031255e-03  -1.3576147e-03  -2.2032459e-03
  -1.0320861e-01  -6.0481556e-02  -1.6206866e-01   6.1604933e-03  -1.2995437e-03  -2.1129668e-03
  -1.0522431e-01  -1.0270764e-01  -1.7647845e-01   6.5342373e-03  -1.2733080e-03  -2.0476575e-03
  -9.9934124e-02  -1.0033392e-01  -1.8906113e-01   7.5833571e-03  -1.2083143e-03  -2.0368762e-03
  -1.0295749e-01  -1.4650988e-01  -1.6187969e-01   9.0176166e-03  -1.3915320e-03  -2.0083746e-03
  -8.0425848e-02  -4.3702316e-02  -1.2080997e-01   7.1576684e-03  -1.7023263e-03  -2.0032982e-03
  -8.7015691e-02  -1.3100916e-01  -1.4761844e-01   7.8533431e-03  -1.6794509e-03  -2.0351348e-03
  -9.4202465e-02  -9.7784961e-02  -1.2770941e-01   7.7555743e-03  -1.4665815e-03  -1.9590403e-03
   1.5251537e-01  -5.5752399e-01  -4.8219702e-01   1.8552804e-02  -3.6344504e-03   1.6568359e-03
   7.5210742e-02  -1.6685051e-01  -5.3585208e-01   8.1073065e-03  -5.9327216e-04   1.9754315e-03
   8.6337773e-02  -4.5632026e-02  -2.6191840e-01   6.7749013e-03  -2.0435304e-03  -2.4665128e-05
   6.8435231e-02  -1.4470982e-01  -2.8172799e-01   7.9937953e-03  -1.9105552e-03   4.4647239e-05
   6.4754660e-02  -9.2561642e-02  -2.8779452e-01   7.6040526e-03  -1.7457563e-03   1.7431585e-04
   6.3146789e-02  -6.4644252e-02  -2.6611332e-01   7.0652490e-03  -1.9411263e-03  -1.0781539e-04
   4.3772883e-02  -1.0228390e-01  -3.0342064e-01   6.5901491e-03  -1.6437719e-03  -2.6279390e-06
   5.1396998e-02  -5.8701324e-02  -2.2753897e-01   7.5224030e-03  -1.7448748e-03  -3.8884325e-05
   1.0627266e-02  -1.2420213e-01  -2.3395355e-01   7.8638283e-03  -1.3878630e-03   3.0745179e-04
   2.5722756e-02  -3.9715647e-02  -1.8468970e-01   6.8188349e-03  -1.5238352e-03   1.0301814e-04
  -4.7461496e-02  -1.1722431e-01  -2.5708236e-01   7.0790060e-03  -5.4407750e-04   2.2267136e-04
  -2.8043792e-02  -3.0133156e-02  -1.8245112e-01   6.6437664e-03  -3.8984378e-04  -2.9732455e-04
  -4.9974884e-02  -1.3815618e-01  -1.9695809e-01   7.7808250e-03  -2.8080849e-04  -2.5716281e-04
  -4.1255446e-02  -8.5559708e-02  -1.7857380e-01   8.0119561e-03  -3.6597961e-04  -2.7748781e-04
  -4.8860905e-02  -1.5318090e-02  -1.9669052e-01   4.4526676e-03  -1.0566868e-04  -2.8883163e-04
   8.9205858e-02   6.1229748e-01  -2.8730926e-02  -2.8066222e-02  -3.5402308e-03  -1.7391196e-03
  -6.7768896e-02   3.4368197e-01  -1.4794593e-01  -2.7157033e-02  -8.9813656e-05  -4.6496524e-03
  -2.4240427e-01   8.8035528e-02  -6.1837458e-01   3.1758459e-02   6.7098804e-04   1.0371997e-02
  -2.5094584e-01   1.4028762e-02  -5.2892310e-01   2.0563302e-02   7.5607817e-04   8.1564026e-03
  -9.0034013e-02  -7.2467321e-02  -7.3057544e-01   2.3277838e-02  -8.3620949e-04   9.0186210e-03
  -1.5792558e-01   4.4641251e-02  -4.1998856e-01   1.9451266e-02  -5.8885529e-04   7.0385594e-03
  -1.8486801e-01   1.2058000e-01  -3.7015653e-01   1.6892036e-02  -1.4487987e-04   4.9064130e-03
  -1.5748024e-01   2.5377502e-01  -3.4196211e-01   1.5060560e-02  -6.2602753e-04   3.8271023e-03
  -1.8450961e-01   1.5897998e-01  -3.1872425e-01   1.4772842e-02  -4.7294057e-04   3.5191285e-03
  -1.7152573e-01   1.9392110e-01  -3.1936298e-01   1.4102483e-02  -7.2078110e-04   3.3040585e-03
  -1.5101302e-01   2.1963956e-01  -2.5411301e-01   1.3380727e-02  -1.4842623e-03   2.8580628e-03
  -6.8151222e-02   7.5505393e-01   1.7200234e-01  -6.5132124e-03  -4.2141063e-03   1.8586662e-03
   1.6235845e-02   9.2945027e-01   4.2390319e-01  -3.0457983e-02  -8.6001824e-03  -1.0632529e-03
   7.6050533e-02   9.5039308e-01   1.6050642e-01  -2.5408035e-02  -9.6532962e-03  -1.8859316e-03
   5.3812206e-02   1.3288652e-01  -1.6779366e-02   2.1511633e-02  -6.5854113e-03   7.2096800e-03
  -1.5478494e-01  -1.7299837e-01  -8.6668202e-01   4.5975119e-02   4.8962905e-04   1.1038606e-02
  -2.7534693e-01   4.5034642e-01  -6.7850995e-01   1.9269219e-02  -1.3127617e-03   9.7082649e-03
  -4.2753791e-02   5.3296245e-01  -3.9537968e-01   1.8632520e-03  -1.0177859e-02  -1.3643561e-04
   1.3219952e-01   9.5331134e-01  -2.8598823e-01  -1.5090002e-02  -2.1037920e-02  -5.7275673e-03
   1.7019609e-01   7.9826318e-01  -4.1623157e-01  -8.1390023e-03  -2.0167943e-02  -5.6831975e-03
   3.7016305e-01   8.0025569e-01  -5.6285851e-01  -2.0246821e-02  -4.8435310e-02  -1.9905454e-02
   4.8744642e-01   9.0176031e-01  -7.5400173e-01  -1.3285693e-02  -4.8357303e-02  -2.0285122e-02
   4.1417140e-01   9.4049820e-01  -6.7719418e-01  -1.2100232e-02  -4.0848351e-02  -1.7651027e-02
   5.6620325e-01   8.4812880e-01  -8.8012372e-01  -8.7262154e-03  -3.7540953e-02  -1.6217222e-02
   7.1739871e-01   6.0999769e-01  -9.2449709e-01  -7.5323229e-04  -4.0543172e-02  -1.5818536e-02
   6.5616911e-01   6.7055299e-01  -9.2430314e-01  -2.8376484e-02  -4.0966004e-02  -1.4075981e-02
   6.0414364e-01   1.0235370e+00  -7.3638229e-01  -5.2110467e-02  -4.0817427e-02  -1.7623754e-02
   5.3107630e-01   9.8157296e-01  -8.7870741e-01  -2.9372878e-02  -3.6311731e-02  -1.7193266e-02
   1.0920555e+00   6.6817041e-01  -1.0653359e+00  -5.4084121e-02  -2.1519078e-02  -9.5001129e-04
   9.0840720e-01   1.0004688e+00  -7.9958415e-01  -3.1855851e-02  -2.6247775e-02  -7.3432773e-03
   7.6357398e-01   1.0020392e+00  -8.0011518e-01  -2.0355265e-02  -2.5292948e-02  -8.2574258e-03
   7.1449785e-01   8.9367873e-01  -7.9925371e-01  -1.7253126e-02  -2.7037630e-02  -1.0253506e-02
   7.0543464e-01   9.0448210e-01  -8.3700488e-01  -1.3540103e-02  -2.7981497e-02  -1.1900796e-02
   6.8953990e-01   8.9151354e-01  -8.0028019e-01  -1.4107249e-02  -2.8842874e-02  -1.3116491e-02
   6.7977089e-01   8.2843831e-01  -7.8560097e-01  -9.5355340e-03  -2.8943099e-02  -1.2241905e-02
   6.7931864e-01   8.8932169e-01  -7.9378085e-01  -1.0328097e-02  -2.9767962e-02  -1.2978001e-02
   6.7754683e-01   8.2680469e-01  -7.8314233e-01  -1.0093781e-02  -2.9308750e-02  -1.3122611e-02
