   0.0000000e+00   0.0000000e+00   0.0000000e+00   0.0000000e+00   0.0000000e+00   0.0000000e+00
  -9.2171857e-04   3.7880757e-02   3.3413027e-02  -4.0737463e-04   2.8048249e-04  -6.9979700e-05
  -2.2492990e-02   1.5485195e-02   2.6506061e-02  -6.2418483e-04   8.0156318e-04   4.7775774e-05
  -1.8585939e-02   2.3647873e-02   1.6952261e-02  -4.8407494e-04   8.5509822e-04   1.7496229e-04
  -2.8657840e-02   7.1630063e-04   1.8430461e-02   7.7070288e-04   1.9077500e-03  -3.6741499e-04
  -5.9897930e-02  -4.2986669e-02  -7.0364766e-03   1.5223238e-03   2.9538029e-03  -6.8740807e-05
  -4.4510499e-02   2.3739140e-02  -7.4375966e-03   1.7590986e-04   2.7551777e-03  -3.2146001e-04
  -5.6643725e-02  -9.3694051e-02  -8.3584044e-03   2.2447837e-03   2.9079657e-03  -2.9211969e-04
  -2.5430641e-02   1.0388709e-02  -3.9093372e-02   9.0425556e-04   2.6436452e-03  -6.5817867e-04
  -4.2154135e-02  -5.2031141e-02  -4.2668869e-02   1.4502971e-03   3.1219656e-03  -6.4789706e-04
  -1.7090720e-02   3.4398060e-02  -4.0411635e-02   2.7864990e-04   2.7629427e-03  -7.5459586e-04
  -2.2552445e-02  -8.3027469e-02  -2.9287755e-02   2.7220412e-03   2.6039563e-03  -8.6924136e-04
  -1.5009159e-02   1.7413057e-02  -3.9691095e-02   1.5954414e-03   2.6561056e-03  -8.2295065e-04
  -6.1486078e-02  -6.1446475e-02  -3.8504879e-02   2.6049880e-03   3.6550721e-03  -2.8388442e-04
  -3.6293405e-02  -3.2280638e-02   1.1453105e-03   3.7056048e-03   3.1434638e-03  -1.4376875e-04
  -8.5147047e-03  -3.8757094e-02   1.7865630e-03   3.4392771e-03   2.2510357e-03  -5.2536143e-04
   1.2905116e-02   1.7131796e-02   4.4884309e-02   1.9146264e-03   1.9646481e-03  -1.1518112e-03
   4.4271537e-03  -6.7530113e-02   6.6203845e-02   3.3951934e-03   2.6696298e-03  -1.1605169e-03
   3.2977826e-02  -2.5513360e-03   6.5137688e-02   3.2357725e-03   2.1361766e-03  -1.5236175e-03
   2.0669555e-02  -1.8832841e-02   4.6553310e-02   3.1982217e-03   2.4607926e-03  -1.4326099e-03
  -1.2992329e-01  -1.5780514e-02  -5.1041094e-01   1.9822435e-03   4.1680613e-03   5.2053045e-04
  -2.2748336e-01  -1.3301325e-01  -4.6541339e-01   3.2453112e-03   6.3818059e-03  -2.1349699e-03
  -3.4498931e-01  -1.0205961e-01  -8.0255196e-02   4.0809515e-03   9.4945233e-03   1.6103966e-03
  -1.4866315e-01  -8.0614854e-02  -1.3277127e-02   6.7250093e-03   6.2843751e-03   2.1126305e-03
  -1.3052760e-01  -1.5415688e-01   4.5500296e-02   9.4590636e-03   6.8360522e-03   1.6684528e-03
  -1.1053325e-01  -1.3309913e-01   1.2768450e-01   9.0007968e-03   6.3111590e-03   1.3567222e-03
  -1.1369513e-01  -2.2414250e-01   1.5763624e-01   1.0803808e-02   6.3016218e-03   1.6271182e-03
  -1.1337800e-01  -1.7103274e-01   1.6330205e-01   1.0196832e-02   6.4792264e-03   1.3659251e-03
  -1.1974360e-01  -2.0351082e-01   1.7575493e-01   1.0131635e-02   6.5749579e-03   1.4047467e-03
  -1.1830732e-01  -1.7232141e-01   1.7217033e-01   1.0003240e-02   6.6849837e-03   1.4425991e-03
  -1.2175077e-01  -2.1238241e-01   2.0725959e-01   1.0786507e-02   6.7048533e-03   1.6149422e-03
  -1.3633040e-01  -2.1836907e-01   1.7393103e-01   1.0676043e-02   7.1647515e-03   1.4628719e-03
  -1.3389244e-01  -2.0870587e-01   1.8590471e-01   1.0164073e-02   7.0897481e-03   1.4579040e-03
  -1.2855902e-01  -2.1402614e-01   1.6530768e-01   1.0579859e-02   7.0920449e-03   1.3683869e-03
  -1.3277154e-01  -2.4489635e-01   1.8061884e-01   1.1059473e-02   7.1346298e-03   1.5225921e-03
  -1.4814645e-01  -1.9480392e-01   1.4263601e-01   1.0505909e-02   7.6496281e-03   1.5709767e-03
  -1.3808151e-01  -1.9560218e-01   1.6486690e-01   1.0049076e-02   7.5074908e-03   1.3927570e-03
  -1.4237595e-01  -2.4938546e-01   1.3393337e-01   1.1329079e-02   7.6389657e-03   1.3021547e-03
  -1.4657174e-01  -2.1653339e-01   1.5905008e-01   1.1108497e-02   7.6572649e-03   1.2586078e-03
  -1.6791457e-01  -2.1539554e-01   1.0198623e-01   1.1295468e-02   8.2488179e-03   1.2236438e-03
  -1.6636236e-01  -2.5918262e-01   1.1927306e-01   1.3254142e-02   8.1050631e-03   8.8338598e-04
  -1.7483406e-01  -1.9496472e-01   1.3338464e-01   1.2031953e-02   8.3979327e-03   9.9754645e-04
  -1.9575186e-01  -2.4903459e-01   1.1542212e-01   1.2173047e-02   8.9823674e-03   1.4666501e-03
  -1.4770361e-01  -1.6007766e-01   1.6061949e-01   1.1363935e-02   8.1198647e-03   7.4687778e-04
  -1.6061994e-01  -2.7953666e-01   1.1677811e-01   1.3001338e-02   8.3080501e-03   8.8476745e-04
  -1.4719674e-01  -1.7367618e-01   1.5137206e-01   1.1755903e-02   8.1652098e-03   6.9621858e-04
  -1.7877731e-01  -2.3478280e-01   8.7762676e-02   1.2949294e-02   8.8207164e-03   8.6888388e-04
  -1.5553539e-01  -1.6844055e-01   1.4968830e-01   1.2779138e-02   8.4133551e-03   3.9410896e-04
  -1.7449316e-01  -2.6799534e-01   1.0414074e-01   1.3399453e-02   8.5710152e-03   7.6898650e-04
  -1.6102531e-01  -1.3603245e-01   1.4084602e-01   1.1624370e-02   8.5181074e-03   6.5343282e-04
  -1.8396488e-01  -2.4736740e-01   9.5573989e-02   1.2856494e-02   8.9745640e-03   1.0026419e-03
  -1.6506210e-01  -1.7615427e-01   1.5392511e-01   1.3057916e-02   8.6186672e-03   5.7564733e-04
  -1.7333035e-01  -2.4343658e-01   1.0036257e-01   1.4381877e-02   8.7263166e-03   7.1657522e-04
  -1.6857107e-01  -1.7389172e-01   1.3419618e-01   1.3454383e-02   8.7730666e-03   4.7870452e-04
  -1.8518391e-01  -2.0082984e-01   1.0421549e-01   1.2925053e-02   9.0133603e-03   9.8429733e-04
  -1.6787515e-01  -1.7102624e-01   1.5534581e-01   1.2286617e-02   8.7965080e-03   7.4083418e-04
  -1.8995825e-01  -2.2990419e-01   9.6305243e-02   1.2940367e-02   9.1358737e-03   1.2318097e-03
  -1.4967535e-01  -1.3102060e-01   1.4774284e-01   1.1753510e-02   8.5765638e-03   5.9428532e-04
  -1.4846808e-01  -2.6715113e-01   1.2837661e-01   1.3459722e-02   8.4072793e-03   4.7913245e-04
  -1.4660363e-01  -2.2581571e-01   1.2253163e-01   1.3140203e-02   8.4215924e-03   5.7410794e-04
  -1.4173595e-01  -2.1418667e-01   1.5422224e-01   1.2776509e-02   8.2711619e-03   3.9781810e-04
  -1.6532918e-01  -2.7442609e-01   1.2264590e-01   1.3066485e-02   8.5946353e-03   7.5628668e-04
   1.3888834e-01  -1.9810905e-01  -1.3414629e+00  -3.8877006e-02  -6.4657974e-03  -3.0251303e-03
   1.1934388e-01  -9.8058235e-02  -9.8073381e-01  -1.5248583e-02  -6.5216651e-04   6.5368230e-04
   9.4133935e-02  -2.3783093e-03  -7.3244434e-01  -6.8332272e-03   1.3709729e-03   6.4924265e-04
   6.1534123e-02  -4.5665935e-02  -6.4855942e-01  -5.1649573e-03   2.4447225e-03   1.7076541e-04
   2.7095944e-02  -2.1543306e-02  -6.1140918e-01  -4.4623452e-03   3.2105191e-03   1.7089329e-04
   1.2446760e-02  -3.2033334e-02  -5.2504089e-01  -3.3329380e-03   3.5559054e-03   7.2163250e-05
  -1.3954154e-02  -7.1625172e-02  -5.1194621e-01  -1.6431547e-03   4.0852706e-03  -4.2248150e-06
  -3.0050282e-02  -1.0159882e-01  -4.7836066e-01  -1.2227575e-04   4.4131431e-03   1.0384570e-04
  -3.8582577e-02  -1.7885094e-02  -4.3456690e-01  -8.1183112e-04   4.6948078e-03  -8.5491311e-05
  -5.9656523e-02  -6.7086643e-02  -4.4573092e-01  -1.3197645e-03   5.1239114e-03   2.4956986e-04
  -5.3507085e-02  -1.1000555e-02  -3.9206224e-01  -1.6113550e-03   4.9948644e-03  -2.8447724e-04
  -6.4138361e-02  -1.0342484e-01  -4.0645349e-01   5.4641682e-04   5.2456320e-03  -2.7790185e-05
  -4.7176994e-02  -6.3108783e-02  -3.8956373e-01   8.9275808e-04   4.9749775e-03  -3.8277765e-04
  -6.1240140e-02  -1.0842093e-01  -4.0746552e-01   1.6463149e-03   5.2229235e-03  -1.8996781e-04
  -6.1520517e-02   7.4402128e-03  -3.5256155e-01   7.2040459e-04   5.3782852e-03  -6.1508534e-04
  -5.6734105e-02  -1.0456711e-01  -3.7415521e-01   1.0413751e-03   5.0688254e-03  -4.0887654e-04
  -5.9854568e-02  -7.3210647e-02  -3.6397840e-01   1.6023938e-03   5.1824946e-03  -6.2767988e-04
  -1.0216169e-01  -1.1296213e-01  -4.0720826e-01   3.0744390e-03   6.2518919e-03  -6.9537566e-04
  -7.8205083e-02  -9.5946766e-03  -3.0804647e-01   1.1118938e-03   6.0016517e-03  -9.7454647e-04
  -9.1464796e-02  -1.1565829e-01  -3.8364468e-01   1.5873068e-03   6.2306100e-03  -5.7651360e-04
  -6.4646845e-02  -3.2273472e-02  -3.0259078e-01   9.8808139e-04   5.7576349e-03  -1.0076065e-03
  -7.2047604e-02  -1.1303093e-01  -3.6876864e-01   2.1660445e-03   5.7817451e-03  -8.7398364e-04
  -5.8231353e-02  -1.3776906e-02  -3.3859208e-01   1.1397759e-03   5.6288612e-03  -1.2041134e-03
  -7.5803670e-02  -8.8581713e-02  -3.4597433e-01   2.1228724e-03   6.1153734e-03  -8.9461085e-04
  -8.2458671e-02  -9.2582513e-02  -3.5663274e-01   2.4564255e-03   6.2637596e-03  -6.1109296e-04
  -6.7227977e-02  -4.1967959e-02  -2.8507751e-01   1.9508807e-03   5.9075187e-03  -8.1100525e-04
  -8.0889763e-02  -9.8188940e-02  -3.5277040e-01   1.9856541e-03   6.2497314e-03  -8.5800202e-04
  -6.1364073e-02  -6.9361189e-03  -3.0229721e-01   4.9116876e-04   5.9063466e-03  -1.0818799e-03
  -7.3240930e-02  -1.1669808e-01  -3.2651692e-01   2.0991167e-03   6.0210370e-03  -9.8412111e-04
  -6.9614680e-02  -1.0803057e-01  -3.4025982e-01   2.0532101e-03   5.8558741e-03  -1.0362099e-03
  -5.7568418e-02  -6.9719032e-02  -3.0004405e-01   1.7949057e-03   5.5585445e-03  -1.1075482e-03
  -8.0168584e-02  -1.2577334e-01  -3.4150054e-01   2.5090441e-03   5.9726411e-03  -7.8277815e-04
  -7.1468612e-02  -6.3337481e-02  -3.0978955e-01   1.8007439e-03   5.9929384e-03  -9.1046734e-04
  -9.5243675e-02  -1.1679366e-01  -3.6056297e-01   2.8166750e-03   6.5042215e-03  -7.8368985e-04
  -7.6908238e-02  -7.4625490e-02  -2.8994522e-01   3.6714840e-03   6.2196077e-03  -1.1041506e-03
  -9.2476798e-02  -1.3377808e-01  -3.3253441e-01   4.5873748e-03   6.5107228e-03  -8.0437811e-04
  -1.0303471e-01  -1.0583001e-01  -3.2482868e-01   4.3163740e-03   6.9234548e-03  -7.1022931e-04
  -9.0877428e-02  -5.6597287e-02  -2.7141981e-01   2.4873508e-03   6.4299464e-03  -4.6601634e-04
  -9.6678369e-02  -1.0957451e-01  -3.4850443e-01   2.5199307e-03   6.6455746e-03  -4.4468583e-04
  -8.2047864e-02  -2.7077222e-02  -3.0608126e-01   1.2262061e-03   6.7107165e-03  -6.0733044e-04
  -1.0667859e-01  -1.0869800e-01  -3.5108402e-01   2.0681986e-03   7.1217452e-03  -1.7836557e-04
  -6.4899316e-02  -2.0731106e-02  -3.2416648e-01   2.4266321e-03   6.4462566e-03  -8.9233079e-04
  -5.2188585e-02  -6.5064036e-02  -3.1477780e-01   2.9237551e-03   5.9906462e-03  -8.1210538e-04
  -7.1837131e-02  -1.0773509e-01  -3.5098749e-01   3.5177631e-03   6.3392883e-03  -5.7118348e-04
  -6.9782751e-02  -3.0481251e-02  -3.0440641e-01   2.4969615e-03   6.4435850e-03  -7.1350471e-04
  -7.9513724e-02  -1.3886630e-01  -3.1936862e-01   3.7333282e-03   6.5058415e-03  -6.6865336e-04
  -7.6561489e-02  -9.6797190e-02  -3.1280524e-01   3.3354963e-03   6.4070922e-03  -6.1044837e-04
  -8.4644087e-02  -8.9404911e-02  -2.9995158e-01   3.1686675e-03   6.5466925e-03  -5.6529218e-04
  -9.7819810e-02  -8.5793485e-02  -3.3817772e-01   2.7425423e-03   6.9276306e-03  -4.9707533e-04
  -9.7068361e-02  -1.4115932e-01  -3.0243791e-01   4.7120328e-03   6.8772375e-03  -6.3803577e-04
  -9.8687320e-02  -8.6118339e-02  -3.0610767e-01   3.9394151e-03   6.7634872e-03  -8.8092869e-04
  -1.2043705e-01  -1.3369329e-01  -3.5439202e-01   4.4918188e-03   7.1686129e-03  -8.3736728e-04
  -1.1572748e-01  -9.4310204e-02  -3.0955959e-01   3.5665244e-03   6.9257302e-03  -8.3288260e-04
  -1.0723908e-01  -8.7506122e-02  -3.2472877e-01   3.1905514e-03   6.6950313e-03  -9.0080886e-04
  -1.1977835e-01  -1.1474016e-01  -3.2420506e-01   3.8953368e-03   7.0915268e-03  -7.2383029e-04
  -1.1617050e-01  -6.2364511e-02  -3.5554029e-01   3.4913545e-03   7.2642933e-03  -8.5241873e-04
  -1.0662305e-01  -1.3949156e-01  -3.3864207e-01   5.8235924e-03   7.1687978e-03  -8.3979669e-04
  -1.0617146e-01  -5.1491579e-02  -2.4601707e-01   5.8553800e-03   7.4422875e-03  -5.8156795e-04
  -1.0328661e-01  -1.5082187e-01  -2.6964644e-01   5.0017256e-03   6.9442462e-03  -2.0274126e-04
  -7.4256061e-02  -4.2663692e-02  -2.4055003e-01   3.2501823e-03   6.4394376e-03  -5.5548662e-04
  -9.0280077e-02  -8.2485834e-02  -2.8000218e-01   3.5945401e-03   7.0332534e-03  -3.2476174e-04
  -8.4199491e-02  -7.5401755e-02  -2.7617180e-01   3.9690391e-03   7.0007246e-03  -2.3202404e-04
  -5.1698576e-02  -6.8119217e-02  -2.1155832e-01   4.6505958e-03   6.2316705e-03  -5.0623853e-04
  -6.0175363e-02  -8.7089262e-02  -2.5498128e-01   4.7010534e-03   6.5651720e-03  -8.0525982e-05
  -5.5305607e-02  -3.3665963e-02  -2.0401633e-01   3.6646210e-03   6.5718004e-03  -4.9528277e-04
  -6.0049987e-02  -1.5456179e-01  -2.1163874e-01   5.3232407e-03   6.5024099e-03  -4.2279664e-04
  -5.2681071e-02  -9.8790052e-02  -2.1656164e-01   4.8938205e-03   6.2333971e-03  -3.5764486e-04
  -5.7408774e-02  -8.0644681e-02  -1.9559919e-01   4.4314947e-03   6.4167590e-03  -3.2481200e-04
  -7.1212760e-02  -1.2236339e-01  -2.2235765e-01   4.3896587e-03   6.7329081e-03  -8.6774188e-05
   1.0770202e-01   1.2197485e-01  -2.0218139e-01  -1.4404267e-02   2.8832386e-03   2.9565003e-03
   1.5467146e-01   1.2455481e-01  -5.1369491e-02  -2.5493824e-02   1.6871089e-03   6.3211824e-03
   1.4635777e-01   2.2484717e-01  -3.6811866e-02  -2.1531759e-02   1.3529635e-03   4.6951620e-03
   1.3294716e-01   2.2626819e-01  -6.1248526e-02  -1.8073456e-02   1.4778673e-03   4.2939557e-03
   1.1485852e-01   1.9023518e-01  -1.1119506e-01  -1.6216720e-02   1.9160308e-03   4.1699195e-03
   1.4240621e-01   2.5255328e-01  -5.6465147e-02  -1.5336407e-02   1.9633003e-03   4.0923854e-03
   1.2153989e-01   2.2670370e-01  -1.3478954e-01  -1.3692185e-02   2.8332795e-03   4.3722739e-03
   1.3754398e-01   2.9532539e-01  -7.3232084e-02  -1.3221730e-02   3.1506248e-03   4.3663383e-03
   1.2023646e-01   2.3292016e-01  -1.3806988e-01  -1.0338273e-02   3.7678955e-03   4.0648388e-03
   9.0216436e-02   1.9923695e-01  -1.3648119e-01  -9.2219069e-03   4.7161276e-03   4.0389429e-03
   1.1469288e-01   2.8758883e-01  -7.2614192e-02  -1.1082956e-02   4.3084829e-03   3.8104203e-03
   1.0267918e-01   1.9593969e-01  -1.4697540e-01  -8.7891326e-03   4.7495075e-03   3.8817945e-03
   1.2252988e-01   2.5508618e-01  -8.9292520e-02  -7.5015329e-03   4.6623078e-03   3.4530693e-03
   1.0208012e-01   2.2522625e-01  -1.8646916e-01  -7.3649888e-03   5.2981020e-03   3.7045020e-03
   9.3692768e-02   2.4510381e-01  -1.4524511e-01  -5.6602486e-03   5.4945280e-03   3.3251877e-03
   9.3099393e-02   2.1648936e-01  -1.5096516e-01  -6.5136236e-03   5.3993951e-03   3.2076090e-03
  -3.5806888e-02   9.6728018e-01   9.9018657e-03  -6.1388888e-03   5.5327204e-03   3.2224417e-03
  -1.1498801e+00   2.4659261e+00   8.2193170e+00  -5.2390129e-02  -1.2964558e-02  -4.6783316e-04
  -1.1484069e+00   9.6092361e-01   6.9397934e+00  -5.4707749e-02  -6.6004298e-03  -6.8476102e-03
  -9.8650748e-01   1.0575249e+00   5.7072704e+00  -4.2718822e-02  -5.3614493e-03  -7.2833779e-03
  -7.8782921e-01   9.4809358e-01   4.0774843e+00  -4.1058304e-02  -6.9971314e-03  -5.3759880e-03
  -6.8851872e-01   9.6491222e-01   2.7453629e+00  -2.9672988e-02  -6.8726020e-03  -2.9054395e-03
  -8.0609867e-01   1.3382523e+00   3.2287505e+00  -2.3366372e-02  -4.8136846e-03  -2.8632538e-03
  -5.8456126e-01   9.8574891e-01   2.4081160e+00  -2.1867635e-02  -6.9283031e-03  -1.3729613e-03
  -5.6258096e-01   1.0212888e+00   2.1995312e+00  -1.5070641e-02  -6.0531847e-03  -3.4912379e-04
  -5.8107686e-01   1.0694869e+00   2.1672572e+00  -1.4205390e-02  -5.0659769e-03  -2.9983841e-04
  -5.5814921e-01   8.6113283e-01   2.1514932e+00  -1.2676683e-02  -4.6456122e-03  -9.5267471e-04
  -5.6000013e-01   9.9897147e-01   2.1310940e+00  -1.3761508e-02  -4.3443280e-03  -1.0862352e-03
  -5.5873814e-01   1.0071784e+00   2.1725777e+00  -1.4908064e-02  -4.4727189e-03  -1.4712055e-03
  -5.8554097e-01   9.0878356e-01   2.1048044e+00  -1.3426034e-02  -3.8251675e-03  -1.7113480e-03
  -5.7014150e-01   1.0715742e+00   2.1029664e+00  -1.4630120e-02  -4.0067364e-03  -2.4362461e-03
  -5.8400933e-01   9.7634691e-01   2.0716717e+00  -1.3118644e-02  -3.8436010e-03  -2.3399902e-03
  -5.8174328e-01   9.7554854e-01   2.0575164e+00  -1.2657073e-02  -3.6876409e-03  -2.3714961e-03
  -5.7638283e-01   9.8719215e-01   2.0695872e+00  -1.2445144e-02  -3.9051479e-03  -2.5849748e-03
  -6.0467998e-01   9.3685300e-01   2.0326493e+00  -1.1525667e-02  -3.0509797e-03  -2.1612393e-03
  -5.7915406e-01   1.0536426e+00   2.0515004e+00  -1.2032057e-02  -3.4113014e-03  -2.7070921e-03
  -6.2316154e-01   9.2862663e-01   2.0058860e+00  -1.1315227e-02  -2.6895653e-03  -2.3297062e-03
  -6.0816814e-01   9.8148815e-01   2.0307075e+00  -1.1299376e-02  -2.9141202e-03  -2.6528610e-03
  -6.3981066e-01   9.7358267e-01   1.9780194e+00  -9.4980636e-03  -2.2440404e-03  -2.3969391e-03
  -6.5607796e-01   9.3424611e-01   1.9715830e+00  -8.8303932e-03  -1.5940181e-03  -2.4436151e-03
  -7.7113713e-01   8.5414966e-01   1.8635012e+00  -6.4617310e-03   1.3946604e-03  -1.9451120e-03
  -7.0400331e-01   1.0144779e+00   1.9292222e+00  -6.2559455e-03   9.9478503e-04  -2.4748755e-03
  -7.0665261e-01   8.8190583e-01   1.9298369e+00  -6.7626525e-03   8.7750087e-04  -1.9488950e-03
  -6.6587201e-01   9.4514155e-01   1.9408151e+00  -7.5676494e-03   7.4709956e-04  -2.1956416e-03
  -6.7112853e-01   9.9083073e-01   1.9217587e+00  -7.1950504e-03   8.4780413e-04  -2.1206913e-03
  -6.4527529e-01   8.4770007e-01   1.8333268e+00  -8.7990069e-04   2.0471014e-03  -1.6786280e-03
  -6.1734760e-01   8.5845977e-01   1.8522696e+00   8.5292930e-04   1.3650518e-03  -2.5272602e-03
  -6.4933325e-01   8.8408529e-01   1.8018592e+00   5.3096473e-04   1.7580620e-03  -2.4437276e-03
  -6.3086939e-01   8.8955742e-01   1.8277672e+00  -5.5947769e-04   1.5305926e-03  -2.7447391e-03
  -5.8930992e-01   8.1850896e-01   1.8299142e+00  -3.4155212e-05   1.9233411e-03   1.9976219e-03
  -4.0998937e-01   8.4172605e-01   1.9338013e+00  -2.0828027e-03   7.5969096e-04   1.6262014e-02
  -3.9320463e-01   8.8511465e-01   2.0114701e+00  -3.1780126e-03   1.5002054e-03   1.5607575e-02
  -3.8960708e-01   8.2746922e-01   1.8515787e+00   6.6461320e-03   2.8525911e-03   1.4462141e-02
  -3.8279986e-01   8.5022448e-01   1.9084109e+00   3.7843812e-03   2.4580863e-03   1.4301833e-02
  -4.0079965e-01   7.7700007e-01   1.8953519e+00   5.4317017e-03   2.6262721e-03   1.4405410e-02
  -3.8011831e-01   8.7127591e-01   1.9203201e+00   4.0693512e-03   2.1265220e-03   1.3980927e-02
  -4.0267954e-01   7.8383916e-01   1.9003855e+00   2.9926600e-03   6.5854349e-04   1.1881699e-02
