   0.0000000e+00   0.0000000e+00   0.0000000e+00   0.0000000e+00   0.0000000e+00   0.0000000e+00
  -1.2644336e-02   1.8936033e-02   7.1837057e-02   2.0943969e-05   1.7704283e-04  -2.3867596e-05
  -1.8174025e-02   2.5009230e-02   9.2371825e-02   2.1750781e-04   5.5234878e-04  -3.6202731e-05
  -2.0775504e-02   5.9780821e-03   5.9316481e-02   3.4821631e-04   1.9978506e-03   4.6038274e-04
  -1.8195479e-02   2.4882822e-02   1.0360097e-01   1.0323681e-03   1.6258803e-03  -6.5788960e-04
  -3.5920244e-02  -3.3460472e-02   1.1268119e-01   1.8416672e-03   1.9570610e-03  -1.2819054e-04
  -6.5801646e-02   1.8185631e-02   1.1736779e-01   1.6381390e-03   2.7975338e-03  -3.5580688e-04
  -1.2906751e-01  -4.0730113e-02   1.1695410e-01   2.8902316e-03   4.6800234e-03   4.5314731e-05
  -9.3873281e-02   1.3280441e-02   1.4142704e-01   2.8671912e-03   4.0268194e-03  -5.2668505e-04
  -1.3288081e-01  -3.7671111e-02   1.3942313e-01   2.9645235e-03   4.8717125e-03  -1.2598487e-05
  -1.4090414e-01   2.2731865e-02   1.3403330e-01   1.7723676e-03   5.2844570e-03  -4.8193931e-04
  -1.7954278e-01  -7.1051279e-02   1.3630845e-01   4.0820353e-03   6.4207159e-03  -4.5687592e-04
  -2.0825397e-01   2.6509672e-02   1.1948138e-01   2.6491806e-03   7.3700431e-03  -1.2317871e-03
  -6.2024221e-01   1.0094932e-02   4.9913479e-02  -3.5658030e-03   1.2261301e-02  -6.2462106e-03
  -5.4042077e-01   1.7937895e-02   7.7616620e-02  -1.5416144e-03   1.1609045e-02  -5.5457948e-03
  -5.3005474e-01   4.7717934e-02   8.1489279e-02  -2.0899346e-04   1.2228508e-02  -5.0513357e-03
  -5.0644994e-01   9.5210677e-02   8.5317809e-02  -9.5174658e-04   1.2173178e-02  -5.0415941e-03
  -5.5210291e-01  -1.6265365e-02   1.3045103e-01   2.0131449e-03   1.3657198e-02  -4.3670445e-03
  -5.8900106e-01   8.8358794e-03   1.6197668e-01   3.5296738e-03   1.5687832e-02  -3.6973800e-03
  -5.6291026e-01   6.8046434e-02   1.6433961e-01   3.3259762e-03   1.5698270e-02  -4.0621408e-03
  -5.8884408e-01  -3.2656139e-02   1.8936445e-01   4.3585527e-03   1.6013857e-02  -3.8297814e-03
  -5.7370572e-01   5.4577489e-02   1.6788677e-01   3.1259839e-03   1.5972289e-02  -4.2637093e-03
  -6.1117047e-01  -1.9776961e-02   1.7899427e-01   4.4099566e-03   1.6886541e-02  -3.7036781e-03
  -5.6486955e-01   5.4923050e-02   1.8208789e-01   3.8650615e-03   1.5882135e-02  -4.3071052e-03
  -5.7600532e-01   2.0674611e-02   1.5750503e-01   3.8919554e-03   1.5787347e-02  -4.0105107e-03
  -5.3039354e-01   6.1480654e-02   2.0298004e-01   3.2866933e-03   1.4835985e-02  -4.5262024e-03
  -4.8556327e-01  -3.5142356e-03   2.0712949e-01   5.2303112e-03   1.3798397e-02  -5.2182305e-03
  -4.4827575e-01   6.5568695e-02   2.1317288e-01   4.0384350e-03   1.3299924e-02  -6.2288381e-03
  -3.9823066e-01   2.2440527e-02   2.1883760e-01   4.0064689e-03   1.2161516e-02  -6.8365519e-03
  -2.8205539e-01  -7.5627406e-02  -2.0928556e+00  -5.5660610e-02   1.0629219e-02  -8.3127753e-03
  -1.4666638e-01   3.7187264e-01  -2.1571540e+00  -7.7858344e-02   5.4495410e-03  -1.2093070e-02
  -7.4474515e-03   4.7395605e-01  -1.9960153e+00  -6.1476622e-02   8.1698845e-03  -1.4682528e-02
  -6.8701522e-02   5.2987452e-01  -1.8916155e+00  -5.0015755e-02   1.1071681e-02  -1.4569164e-02
  -9.7437073e-02   4.8234028e-01  -1.7138792e+00  -4.3598379e-02   1.1520167e-02  -1.3060782e-02
  -8.3779918e-02   5.5275177e-01  -1.6150577e+00  -4.1660977e-02   1.1475951e-02  -1.2590202e-02
  -1.0787196e-01   4.5291021e-01  -1.5447563e+00  -3.9298345e-02   1.2271191e-02  -1.1886340e-02
  -1.3676874e-01   4.7406141e-01  -1.4920214e+00  -3.7687151e-02   1.2640742e-02  -1.1499772e-02
  -1.4282466e-01   5.0887601e-01  -1.4163184e+00  -3.5266196e-02   1.2925003e-02  -1.0746162e-02
  -1.9277915e-01   4.0842492e-01  -1.3455264e+00  -3.2759865e-02   1.3711475e-02  -9.7195512e-03
  -2.0017237e-01   4.4816871e-01  -1.2842297e+00  -3.2265017e-02   1.4043652e-02  -9.3593770e-03
  -2.5343604e-01   3.7009759e-01  -1.2699052e+00  -3.0494319e-02   1.4858416e-02  -8.5649877e-03
  -2.7126599e-01   3.6914684e-01  -1.2461860e+00  -2.9518235e-02   1.5363776e-02  -8.6794318e-03
  -3.4746722e-01   3.1987197e-01  -1.2365382e+00  -2.8406313e-02   1.7116955e-02  -8.1303007e-03
  -3.4963666e-01   4.1141090e-01  -1.2042041e+00  -2.7714358e-02   1.7459273e-02  -8.2478789e-03
  -3.5081644e-01   4.0521713e-01  -1.2123571e+00  -2.8551717e-02   1.8147043e-02  -7.6284734e-03
  -2.3392335e-01   1.0594529e-01  -1.3263978e+00  -2.6497934e-02   1.5174314e-02  -7.2664407e-03
   3.6627435e-02   7.5655264e-02  -1.4843984e+00  -7.9951215e-03   6.7223789e-03  -7.0694405e-03
   2.3197977e-01   3.5845349e-01  -5.6802839e-01  -1.5900693e-02  -7.2622768e-03  -1.7189818e-02
   2.7734989e-01   4.8136457e-01  -8.1719837e-02  -1.0228825e-02  -5.2687183e-03  -1.5602926e-02
  -5.4749141e-02   3.5793980e-01   5.9680761e-01  -4.7766857e-04  -1.3822951e-03  -1.2217385e-02
  -1.5845037e+00   4.6191249e-01  -4.2367384e-01  -1.3524089e-02   2.5300806e-02  -1.0724402e-03
  -6.6583376e-01   2.3970933e-01  -5.3013174e-01  -5.3676058e-03   1.5416935e-02  -3.1372954e-03
  -2.1154724e-01   1.5742846e-01  -1.0484485e+00  -7.6698519e-03   7.8560248e-03  -4.9676642e-03
  -1.8516026e-01   3.4685581e-01  -8.5942454e-01  -1.0389753e-02   7.2686245e-03  -6.1976579e-03
  -2.0365680e-01   3.0789503e-01  -8.3709810e-01  -9.6517286e-03   8.7068308e-03  -6.7550081e-03
  -1.8916072e-01   2.8814330e-01  -8.6107689e-01  -1.1490330e-02   9.2443128e-03  -7.8193324e-03
  -2.3833525e-01   2.7393262e-01  -8.9483098e-01  -1.0232144e-02   1.0739395e-02  -7.4561928e-03
  -1.8597864e-01   3.6479132e-01  -8.3069385e-01  -1.1195638e-02   9.9476218e-03  -8.5134929e-03
  -1.8293584e-01   2.5027310e-01  -7.8418527e-01  -8.0362326e-03   1.0470781e-02  -8.8458104e-03
  -1.5851752e-01   4.3798405e-01  -2.0231237e-01  -2.5954916e-03   1.0917184e-02  -7.4493927e-03
  -7.1130425e-02  -1.0627388e-02  -4.3447797e-01  -1.8825531e-04   9.6479829e-03  -9.9201925e-03
  -7.2779582e-02  -2.3553924e-01  -1.0647797e+00  -7.6062507e-04   5.6883227e-03  -9.8119280e-03
   3.5931790e-02  -2.7361076e-01  -1.5497727e+00   7.2525364e-03  -8.7246662e-04  -2.1385515e-03
   1.4921814e-01   9.4192666e-02  -5.9668685e-01  -1.3525846e-02  -9.5395067e-03  -1.6321756e-03
   8.5569709e-02   1.8738118e-01  -5.2479413e-01  -7.2410712e-03  -3.0413969e-03  -2.8678897e-03
   6.3782237e-02   1.7711984e-01  -5.5321247e-01  -6.4131034e-03  -1.5276200e-03  -3.9191457e-03
   4.7457690e-02   1.8523450e-01  -5.1760045e-01  -6.2662529e-03  -4.5656109e-04  -4.4503290e-03
   5.5817438e-02   2.3410746e-01  -4.1218301e-01  -6.6090446e-03  -1.4974599e-04  -8.9865296e-03
   3.2811425e-02   1.7170136e-01  -5.0894443e-01  -6.1424827e-03   2.1096333e-03  -1.0413235e-02
   6.2036693e-02   1.9747600e-01  -5.8852845e-01  -6.2607657e-03   2.6073116e-03  -1.0445859e-02
  -3.7734791e-02   3.8376859e-01  -2.2684116e-01  -5.0724301e-03   5.0037778e-03  -1.1048594e-02
  -4.0653441e-02   6.1284615e-02  -2.3684173e-01  -6.4059604e-04   5.6750339e-03  -9.1176617e-03
  -9.0607386e-02   9.6237768e-02  -2.6926416e-01  -8.0915307e-04   6.5375400e-03  -8.5255452e-03
  -5.5884026e-02   1.4729920e-01  -3.3229461e-01   3.9569723e-05   5.5052890e-03  -8.9257006e-03
  -3.1807927e-02   1.0467419e-02  -3.8832667e-01   1.6852773e-03   3.7108086e-03  -8.0658283e-03
   7.6739254e-02   3.6716740e-02  -4.1425436e-01  -4.0050751e-05   4.5515598e-04  -4.9212347e-03
   6.3091207e-02   1.2652238e-01  -3.9361886e-01   1.2256973e-03   9.7434763e-04  -6.2883915e-03
  -1.7289384e-02   1.0823548e-02  -4.9409237e-01   1.6227024e-03   2.9290345e-03  -5.7125130e-03
  -3.9151276e-02   8.5242499e-02  -4.8650168e-01  -1.6042083e-04   3.4796068e-03  -6.1600298e-03
  -1.0457506e-01   4.9445785e-02  -4.6478669e-01   2.5080720e-04   4.2054021e-03  -5.9593830e-03
  -1.1070055e-01  -5.5639549e-03  -4.9307517e-01  -3.9693604e-04   4.5274712e-03  -5.5439129e-03
  -6.6437368e-02  -1.2559806e-01  -8.7516932e-01  -1.6759444e-03   3.6766185e-03  -2.6064756e-03
   3.1606458e-01  -5.3176077e-01  -1.3698166e+00  -3.4055547e-02  -7.7752211e-03  -1.6248326e-03
   3.2370545e-01  -2.9237473e-01  -1.6313421e+00  -7.2501184e-03  -3.5052315e-03   3.6803873e-04
   9.4334096e-02  -4.1733233e-02  -5.3224731e-01  -6.2421283e-03  -5.3064411e-03  -2.1938279e-03
   7.7193518e-02   9.7705741e-03  -7.0024968e-01  -2.8871497e-03  -2.4858640e-03  -3.2543371e-03
   1.2343441e-03  -6.0404395e-04  -6.6825809e-01  -2.3456775e-03  -3.8955100e-04  -3.4489765e-03
  -2.1886794e-02   7.5483452e-02  -6.9413528e-01  -3.5115126e-03   6.8733354e-04  -3.7391739e-03
   1.3122979e-02  -1.0229708e-01  -7.7381283e-01  -1.6070339e-04  -4.5852932e-04  -3.6035229e-03
   1.9373640e-01   2.0058536e-02  -8.8787969e-01  -5.8359500e-03  -6.6136901e-03  -1.9216631e-03
   1.6378435e-01   6.4624661e-02  -7.5187459e-01  -8.3968458e-03  -8.6219639e-03  -1.0781756e-03
   1.7197386e-01   1.8355971e-01  -8.4378242e-01  -9.4796862e-03  -8.3493875e-03  -1.3560627e-03
   1.4932714e-01   1.4741049e-01  -8.5428604e-01  -8.1770214e-03  -7.4577859e-03  -9.5284115e-04
   1.8678684e-01   1.2839640e-01  -8.4355689e-01  -7.7069001e-03  -8.2982704e-03  -8.1883705e-04
   1.4645816e-01   1.2425184e-01  -8.5340690e-01  -7.7177826e-03  -7.0176611e-03  -4.1105906e-04
   1.7783874e-01   4.9071174e-02  -8.4862914e-01  -3.1135338e-03  -7.4898568e-03   5.1005294e-05
   2.7440565e-01  -3.7734416e-01  -1.3479275e+00   2.3079224e-02  -4.0932853e-03   1.2041546e-02
   1.6863540e-01  -1.6712847e-01  -1.1332304e+00   1.0447124e-02  -3.5049466e-03   8.0819716e-03
   6.9930456e-02  -8.8944366e-02  -9.4400687e-01   7.7907375e-03  -2.6706376e-03   4.5901894e-03
   1.0326560e-01  -1.0646962e-01  -8.5754604e-01   7.0173647e-03  -4.1636007e-03   4.4069124e-03
   1.0310896e-01  -2.7963343e-01  -1.0867646e+00   8.6094743e-03  -4.2898606e-03   6.1074794e-03
   5.6051028e-02  -2.5083032e-01  -1.0887196e+00   9.3449315e-03  -1.6251280e-03   7.3556620e-03
   2.9566664e-01  -5.7628624e-01  -1.4479504e+00   1.6206104e-02  -3.9693094e-03   7.9533005e-03
   2.5753365e-01  -2.5509782e-01  -1.0631334e+00   8.2529453e-03  -9.7323124e-03   9.5698825e-03
   2.1750822e-01  -7.1984659e-02  -9.3274508e-01   4.1773056e-03  -1.0404684e-02   7.6075744e-03
   1.6999330e-01  -6.4353547e-02  -8.8393593e-01   4.4119324e-03  -1.0199606e-02   4.9989406e-03
   1.1130776e-01  -8.4779444e-02  -7.5329919e-01   5.4400870e-03  -9.3656182e-03   1.3873121e-03
   1.0105455e-01  -5.5064020e-02  -6.9420525e-01   5.4025892e-03  -8.7037391e-03   1.3181742e-03
   9.5934058e-02  -1.2195835e-01  -6.8852129e-01   5.8227618e-03  -8.9344333e-03   1.1702516e-03
   2.0619625e-01  -3.5095110e-01  -9.3726271e-01   8.9253980e-03  -9.3979225e-03   4.1040572e-03
   1.7828746e-01  -4.6236265e-01  -1.0289575e+00   2.6242629e-02  -6.6431373e-03   5.3885810e-03
   3.7304941e-01   4.8715729e-02  -1.9403018e-01   1.6678419e-02  -1.8229361e-02  -1.7954053e-03
   2.8592601e-01  -1.6671581e-01   6.0929797e-01   1.2332649e-02  -1.6200646e-02  -2.4851023e-03
   3.0653217e-01  -8.7334386e-02   5.4184211e-01   1.1742451e-02  -1.5650253e-02  -1.5143491e-04
   2.5952112e-01   3.5623719e-02   5.1176572e-01   7.7492762e-03  -1.4734401e-02  -1.9299713e-03
   2.8104831e-01   1.3086806e-02   4.6207205e-01   7.7114591e-03  -1.4763869e-02  -1.7872255e-03
   2.6881915e-02   5.1489811e-01  -1.2477551e-01  -2.7893464e-04  -1.4640753e-02  -3.0382182e-03
  -5.2169906e-01  -2.8985747e-01   1.1356706e+00  -1.2512334e-02  -1.1321189e-02  -4.4262394e-03
  -8.5558560e-01  -4.8964103e-01   1.2258706e+00  -2.5983594e-02  -4.5659732e-03  -5.4449914e-05
  -2.6329904e-01   2.3709391e-01  -1.6752353e-01  -1.4960886e-02  -3.2902469e-03  -7.4863388e-03
  -4.0587472e-01   3.6817543e-01   5.0410754e-01  -1.4752622e-03  -7.1867769e-03  -4.2022893e-03
  -4.8753449e-01   4.4405214e-02   7.0600166e-01   1.6406106e-03  -4.1468844e-03  -3.0645430e-03
  -5.1071859e-01   4.4938270e-02   6.0632352e-01   1.8039345e-03  -3.0423378e-03  -2.4815929e-03
  -5.2460166e-01   2.4088054e-03   6.0429894e-01   3.2698703e-03  -1.9444325e-03  -2.4314242e-03
  -5.3521853e-01  -4.8073667e-02   6.2236209e-01   5.1233885e-03  -1.8741856e-03  -2.1272864e-03
  -5.3662989e-01  -6.5533914e-02   6.5220373e-01   5.2854195e-03  -2.2249368e-03  -2.7110385e-03
  -5.4589437e-01  -1.7943975e-04   6.3371659e-01   4.3283157e-03  -1.7915520e-03  -2.5310632e-03
  -5.5575968e-01  -1.3613472e-01   6.9267267e-01   5.9464977e-03  -1.9124344e-03  -2.5911923e-03
  -5.5296081e-01  -6.7681164e-02   6.6683897e-01   5.5008095e-03  -1.9811788e-03  -2.6087705e-03
  -5.6413866e-01  -9.2220419e-02   6.7637055e-01   5.1072917e-03  -1.6152653e-03  -2.4529068e-03
  -4.8046483e-01  -1.4672445e-01   6.1007415e-01   5.9517013e-03  -3.4285659e-03  -9.3586970e-04
  -4.3538972e-01  -5.7949977e-01  -7.2062732e-02   1.5345170e-02  -4.1391871e-03   4.4532983e-04
  -3.0355547e-01  -4.9052134e-01  -2.5935969e-01   2.1603838e-02  -1.1575000e-02  -1.4008679e-03
  -2.9216590e-01  -3.2263878e-02   5.6347000e-01  -7.2568541e-04  -1.9609313e-02  -9.7486883e-03
  -3.0477723e-01   5.7182341e-02   6.2597224e-01   2.7994308e-03  -1.9904602e-02  -8.2427065e-03
  -3.5335877e-01   2.9986183e-02   6.4385669e-01   3.8140693e-03  -1.8311269e-02  -7.0611764e-03
  -3.6228005e-01   2.4414188e-02   6.5639979e-01   2.9443575e-03  -1.7894119e-02  -7.0806511e-03
  -3.3164614e-01  -1.3818749e-02   7.3989327e-01   5.4360360e-03  -1.8823120e-02  -7.5781795e-03
  -2.8901815e-01   1.0363781e-01   1.2458352e+00   8.0107157e-03  -1.6849034e-02  -8.7614383e-03
  -3.0765885e-01  -1.2797877e-01   1.1522508e+00   1.0977130e-02  -1.4847023e-02  -7.4227779e-03
  -3.1568214e-01  -5.8766920e-02   1.0889701e+00   1.0395389e-02  -1.4535475e-02  -7.2750450e-03
  -3.7332536e-01  -1.5337131e-01   1.1223543e+00   1.2760743e-02  -1.3641653e-02  -6.1054598e-03
  -3.9927893e-01  -1.2007230e-01   1.0856530e+00   1.3421711e-02  -1.3252294e-02  -5.7664099e-03
  -4.9232358e-01  -1.6512771e-01   1.0741963e+00   1.3448157e-02  -1.1927750e-02  -5.4118358e-03
  -4.8925393e-01  -1.0437219e-01   1.0679393e+00   1.2196615e-02  -1.2113048e-02  -5.7733091e-03
  -5.2357252e-01  -1.6076609e-01   1.0565911e+00   1.3179148e-02  -1.1727790e-02  -5.4616383e-03
  -5.2334919e-01  -1.3549094e-01   1.0542509e+00   1.2837169e-02  -1.1550761e-02  -5.3333971e-03
  -5.6335079e-01  -1.8457791e-01   1.0422766e+00   1.3767847e-02  -1.0640881e-02  -5.1115270e-03
  -5.5612965e-01  -1.0223367e-01   1.0310108e+00   1.2646577e-02  -1.0415199e-02  -5.0063627e-03
  -5.7608661e-01  -2.0581334e-01   1.0598502e+00   1.4497525e-02  -1.0237975e-02  -4.7768516e-03
  -5.2960887e-01  -1.4664807e-01   1.0494044e+00   1.4298602e-02  -1.1251805e-02  -4.8006004e-03
  -5.7100636e-01  -2.1663090e-01   1.0443541e+00   1.4803646e-02  -1.0547097e-02  -4.0774734e-03
  -5.5721547e-01  -1.5025077e-01   1.0071169e+00   1.3681891e-02  -1.0504189e-02  -4.2114621e-03
  -5.8862994e-01  -2.1756722e-01   1.0220774e+00   1.4652912e-02  -1.0053297e-02  -3.8270430e-03
  -5.9355331e-01  -1.9937593e-01   1.0064617e+00   1.5574623e-02  -9.9865033e-03  -3.7511026e-03
  -5.9963170e-01  -2.1608166e-01   1.0368258e+00   1.5427990e-02  -9.8033532e-03  -3.6149150e-03
  -6.0754080e-01  -2.2007642e-01   1.0370660e+00   1.6048735e-02  -9.7027359e-03  -3.2421156e-03
  -5.8303814e-01  -1.6292184e-01   1.0256290e+00   1.4812286e-02  -9.7360667e-03  -3.7221192e-03
  -6.1915588e-01  -2.5844115e-01   1.0042225e+00   1.6140260e-02  -9.0270673e-03  -3.1375548e-03
  -5.9831749e-01  -1.9993542e-01   9.9763998e-01   1.6922108e-02  -9.3408304e-03  -3.2914442e-03
  -6.3971445e-01  -2.7375562e-01   1.0239515e+00   1.7263948e-02  -8.6887911e-03  -2.9220842e-03
  -6.2504488e-01  -1.9142281e-01   1.0080850e+00   1.6057344e-02  -8.7852387e-03  -3.0146075e-03
  -6.7666954e-01  -2.7294049e-01   1.0440695e+00   1.6713194e-02  -7.7542154e-03  -2.5518837e-03
  -3.3309785e-01  -2.0772463e-01   8.8396590e-03  -7.5936078e-03  -1.9793759e-02  -1.0942494e-02
  -3.2861128e-01  -1.2677826e-01  -1.2578625e-02  -9.1862895e-03  -2.0061774e-02  -1.1499941e-02
  -3.3079890e-01   5.3432686e-02   1.3942890e-01  -5.5157833e-03  -1.9079420e-02  -1.0931944e-02
  -4.1000333e-01  -1.8809663e-02   2.0579722e-01  -1.9930906e-03  -1.6431206e-02  -9.3038119e-03
  -4.0840604e-01   1.9439753e-02   2.6856121e-01  -8.8329020e-06  -1.6030857e-02  -9.0159822e-03
  -4.1607998e-01  -1.9311183e-02   3.2400325e-01   6.9533044e-04  -1.6412140e-02  -8.3175568e-03
  -4.3076361e-01   3.5283851e-02   7.0014847e-01   6.8535993e-03  -1.6510860e-02  -6.6244066e-03
  -4.4708432e-01   3.5843467e-02   1.1784112e+00   6.6571434e-03  -1.3708420e-02  -6.5653766e-03
  -4.5824065e-01  -3.5606176e-02   1.0656169e+00   5.7766712e-03  -1.2695727e-02  -6.2981162e-03
  -4.7792619e-01  -1.1316803e-01   8.9838911e-01   8.5357391e-03  -1.1789739e-02  -5.5412070e-03
  -4.8723950e-01  -1.3583052e-01   8.9037774e-01   9.9773731e-03  -1.1461587e-02  -5.4419251e-03
  -4.7920811e-01  -1.1741560e-01   9.1500697e-01   1.0097230e-02  -1.1535877e-02  -5.2565287e-03
  -5.0362924e-01  -1.7580899e-01   9.0899858e-01   1.2081150e-02  -1.1219948e-02  -4.8404156e-03
  -5.0016906e-01  -1.1546561e-01   9.2668400e-01   1.0333561e-02  -1.1396098e-02  -4.9935089e-03
  -4.9471115e-01  -1.1179376e-01   9.3953136e-01   9.6667234e-03  -1.1526368e-02  -4.9956609e-03
  -5.2551747e-01  -1.5964622e-01   9.2963383e-01   1.0167045e-02  -1.0931940e-02  -4.7857114e-03
  -5.0162605e-01  -8.9401814e-02   9.3423775e-01   9.2391343e-03  -1.1254934e-02  -4.8881382e-03
  -5.2864372e-01  -1.5003133e-01   9.2368490e-01   1.0073889e-02  -1.0578513e-02  -4.5276539e-03
  -5.1917396e-01  -1.3822899e-01   9.1832934e-01   1.0230142e-02  -1.0539476e-02  -4.3453844e-03
  -5.2293928e-01  -1.6137436e-01   9.2929189e-01   1.0941215e-02  -1.0785302e-02  -4.2400375e-03
  -5.3209654e-01  -1.4205444e-01   9.1966197e-01   1.1012014e-02  -1.0191573e-02  -4.0283940e-03
  -5.3474256e-01  -1.6424287e-01   9.3163637e-01   1.0657990e-02  -1.0058517e-02  -3.5993830e-03
  -5.5234432e-01  -1.9150346e-01   9.3580125e-01   1.1508094e-02  -9.6327645e-03  -3.5103476e-03
  -5.4186832e-01  -1.6463997e-01   9.4777888e-01   1.1250693e-02  -9.8219475e-03  -3.4392627e-03
  -5.6966552e-01  -2.0313235e-01   9.2468773e-01   1.1468021e-02  -9.2706424e-03  -3.1353371e-03
