   0.0000000e+00   0.0000000e+00   0.0000000e+00   0.0000000e+00   0.0000000e+00   0.0000000e+00
  -1.8034601e-02  -5.1942006e-02  -3.4689602e-02   1.9898844e-04  -8.1492859e-06   2.0081651e-04
  -8.8704396e-03   8.1945448e-03   3.9562444e-02  -2.2792744e-04  -1.7821483e-04   1.5024594e-04
  -2.1727798e-02   7.7696200e-05  -1.1810202e-02  -7.3864034e-04   9.1077041e-05   1.7709227e-04
  -1.6685663e-02  -2.8674003e-02   1.7994467e-02  -2.6930242e-05  -9.7276003e-05  -1.0308734e-04
  -1.1566370e-02  -7.2970430e-03   4.8325865e-02  -1.7612720e-05  -1.3163700e-04   1.3673822e-05
  -3.0976967e-02  -5.2370810e-02  -1.7321191e-02   4.1636394e-04   1.0681579e-04   3.1489212e-06
  -6.3492101e-03   7.2782646e-02   8.9082637e-02  -5.4244523e-04  -8.9053658e-05  -1.4601849e-04
  -3.1661710e-02  -3.9482958e-02  -2.9177262e-02   6.6810777e-05   2.0286713e-04   2.6105165e-05
   2.2523312e-03   5.0623048e-02   9.2338213e-02   3.3299790e-04  -3.6203002e-04  -1.9190814e-04
  -6.3512607e-03  -2.3381083e-02   1.6976773e-02  -8.9187303e-04  -2.2663518e-04   1.4038578e-04
   7.7405061e-04   7.9168569e-02   8.5888967e-02  -1.3966934e-03  -1.7156983e-04   1.8154168e-04
  -1.3978099e-02   2.5722746e-02   2.0273916e-02  -1.6951509e-03   1.4406564e-04   2.6622289e-04
  -9.4116218e-03   5.4769962e-03   2.7433453e-03  -8.8339043e-04   1.7398985e-04   3.0760861e-04
   5.4259846e-03   4.0794241e-02   8.6991718e-02  -4.5460946e-04  -2.6694749e-04   1.6719881e-04
  -1.5401576e-02  -1.7455207e-02   1.9684592e-02  -7.8938423e-04   2.6235628e-05   1.8521672e-04
  -1.7539741e-02   7.1072121e-03   3.4921401e-02  -5.6043870e-04   2.2499088e-04   3.2005874e-04
  -9.3767413e-03   9.2179796e-03   8.3373386e-02  -5.4655761e-04  -1.2945004e-04   5.6507147e-05
  -1.3274156e-02  -4.5211854e-02   4.6447075e-02  -1.2266333e-04  -3.1669565e-04  -9.9801297e-06
   2.8587442e-04   2.7866375e-03   7.2260054e-02  -7.3228816e-04  -3.9290051e-04   2.4775121e-05
   6.1653080e-03   1.7207884e-02   5.1010521e-02  -1.2191685e-03  -4.9080397e-04  -5.4080578e-05
  -6.9693237e-03   1.0046392e-02   1.1349511e-02  -1.1353185e-03  -7.4561274e-05   9.4435917e-05
   7.4751272e-03   5.3985687e-02   6.2612413e-02  -1.5985187e-03  -4.1223191e-04   2.4215010e-05
  -1.8996107e-03  -4.7835872e-02   2.8468529e-02  -6.2284921e-04  -4.4326327e-04  -2.8697681e-05
   3.0566292e-03   1.0210432e-02   2.8668911e-02  -9.3431524e-04  -4.9823097e-04   4.0110167e-05
   1.1871537e-02   4.7224255e-03   3.2400005e-02  -1.1736333e-03  -6.7133710e-04  -8.2699114e-05
  -9.2641038e-03   1.4135509e-02  -4.7144887e-03  -1.2789375e-03  -1.8627543e-04   1.9342757e-04
   9.6242260e-03   7.6986257e-02   4.4192707e-02  -2.0965289e-03  -3.0269147e-04   3.9565003e-05
   3.3661288e-03  -3.9360718e-02   1.1124876e-02  -1.0597235e-03  -4.9425764e-04   3.8463449e-05
   8.3587185e-03   1.4373259e-02   2.2968029e-02  -1.0227368e-03  -4.1915448e-04   4.7902179e-05
   1.5815163e-02   6.4474768e-03   3.0966637e-02  -1.1184407e-03  -6.0327653e-04  -5.7840617e-05
  -1.2335210e-04  -1.2331210e-02  -1.8286295e-02  -5.0176158e-04  -2.4491810e-04   2.1635264e-04
   2.0414382e-02   7.1822290e-02   3.6695067e-02  -1.7645938e-03  -5.8086914e-04   4.9866082e-05
  -1.4171400e-02   8.3898090e-03  -7.2883499e-03  -1.7502369e-03  -3.0788056e-05   6.5939625e-05
   1.7799413e-02   6.9312427e-02   5.7957263e-02  -1.9758277e-03  -5.1551083e-04  -4.1761606e-05
  -1.9682286e-03  -3.6064007e-02   1.3841401e-02  -9.2241362e-04  -4.7229804e-04  -7.7957416e-05
   9.3205137e-03   4.9119355e-02   4.6889315e-02  -1.2797087e-03  -4.5597407e-04  -2.8254426e-05
   5.5745406e-03   1.2295043e-02   2.0405498e-02  -4.2138531e-04  -5.9783963e-04  -9.0381334e-05
  -1.1282220e-02   2.9945951e-02  -1.4009895e-02  -1.3074755e-03  -2.0105947e-04  -5.7958283e-05
   8.1300319e-03   6.4206474e-02   4.2579766e-02  -1.6563574e-03  -4.9179031e-04  -1.1581410e-04
  -1.6004667e-02   3.4426823e-02  -1.7279984e-02  -1.3477210e-03   2.8870764e-05  -9.8181418e-05
   1.4350039e-02   8.0263977e-02   6.5181664e-02  -1.4824560e-03  -5.2168749e-04  -2.7942672e-04
  -1.4011878e-02  -1.7479369e-02  -1.1633572e-02  -4.5925526e-04  -3.0980490e-04  -2.5193168e-04
   1.2665917e-02   8.0518962e-02   5.7517602e-02  -8.1968244e-04  -5.8283631e-04  -3.4529140e-04
  -1.4213732e-02  -4.9989065e-03   1.7689651e-03  -8.2219019e-04  -2.9668002e-04  -4.9392778e-05
  -3.0288852e-03   6.3700958e-02   3.7804618e-02  -1.4989608e-03  -3.0433020e-04   1.5926652e-05
  -1.0095273e-02   2.5369348e-02   1.7593715e-02  -1.4929804e-03  -2.7519132e-04  -1.5151147e-04
  -1.1867737e-02   2.2782045e-02  -4.9601342e-03  -1.5742284e-03  -1.7933654e-04  -7.1208068e-05
  -2.0937301e-04   1.2293996e-02   3.5186402e-02  -1.0542896e-03  -4.3741470e-04  -2.1261112e-04
  -1.2390609e-02  -1.2776971e-02  -8.7700561e-03  -4.8030725e-05  -3.4430423e-04  -1.7424082e-04
   4.3095704e-03   3.9282207e-02   4.2728417e-02  -1.0814193e-03  -6.1306823e-04  -2.4478689e-04
  -2.6069490e-02  -1.5240740e-02  -1.7613445e-02  -8.4405620e-04  -2.0281748e-04  -1.0862182e-04
  -1.2697379e-03   5.4807289e-02   5.2473948e-02  -7.5692162e-04  -4.9082664e-04  -2.6291679e-04
  -2.5978902e-02  -5.4941271e-02   5.3745806e-03   1.9810728e-06  -3.0381384e-04  -3.0682922e-04
   6.3594675e-03   3.6781067e-02   6.0705361e-02  -6.6621519e-04  -9.3186561e-04  -3.9618099e-04
  -2.1177232e-02   5.3758485e-03  -1.3221865e-02  -1.1362216e-03  -3.3267427e-04  -2.7724293e-04
  -2.6760656e-03   8.2618526e-02   5.6092503e-02  -1.8013695e-03  -4.9222690e-04  -2.8843182e-04
  -1.6958441e-02  -1.0596109e-02  -6.5399158e-04  -7.6830634e-04  -6.3510416e-04  -3.3579517e-04
  -1.4496097e-02   2.8332528e-02   4.7272793e-02  -8.7798273e-05  -5.7818910e-04  -3.2394325e-04
  -2.7692868e-02  -2.6596719e-02  -8.5654044e-03   1.0568881e-04  -5.2888001e-04  -3.0773255e-04
  -1.1448146e-02   7.0825620e-02   5.3697879e-02  -1.1696083e-03  -6.0586964e-04  -3.0126441e-04
  -3.0814500e-02  -3.1516836e-02   7.6125799e-03  -8.1392086e-04  -4.9551778e-04  -3.8571913e-04
  -1.1119803e-02   3.2252593e-02   5.6965146e-02  -4.4242577e-05  -7.8568537e-04  -4.2355871e-04
  -2.9009263e-02  -4.6195993e-02  -4.0705191e-03   5.5267951e-04  -5.3846657e-04  -2.7441323e-04
  -1.3119699e-02   4.5691048e-02   5.3918478e-02  -2.6105425e-04  -7.5841652e-04  -3.6451344e-04
  -2.6682967e-02  -3.5794009e-03  -1.5065458e-02  -9.7363698e-04  -4.7572732e-04  -4.4436694e-04
  -7.8796613e-03   5.0455556e-02   2.5836046e-02  -1.1685812e-03  -7.0400871e-04  -3.8579696e-04
  -9.0451672e-03  -1.3406197e-03   3.1090909e-02  -2.4052311e-04  -8.4460407e-04  -4.9429706e-04
  -1.1555082e-02  -1.8045716e-02  -2.3350771e-02   8.9743930e-04  -7.6477386e-04  -3.3830397e-04
  -3.7336204e-03   5.6854050e-02   4.5596731e-02  -3.1322469e-04  -8.7323005e-04  -4.7312875e-04
  -2.0419998e-02  -2.6499961e-02  -1.9992578e-02  -3.9951245e-04  -7.9406697e-04  -2.6178353e-04
  -8.0699374e-03   6.4025740e-02   4.5637112e-02  -1.0367325e-03  -7.2683775e-04  -3.1433311e-04
  -1.7644256e-02  -1.4394861e-02   1.1135842e-02  -1.1869751e-04  -7.1267812e-04  -3.6773913e-04
  -1.3368200e-02  -2.6531346e-03   1.6073754e-02   7.9804977e-04  -7.9471047e-04  -3.9610712e-04
  -2.2586278e-02  -4.2012202e-02   1.8705775e-02   1.1452065e-03  -8.6245900e-04  -5.7676696e-04
  -1.5449574e-02   2.5795455e-02   3.2892801e-02   1.7164418e-04  -1.0007411e-03  -4.1324779e-04
  -1.9346363e-02  -1.0895802e-02   1.1355690e-02  -2.2818469e-04  -9.9830968e-04  -4.9711973e-04
  -2.0616199e-02   4.6517904e-02   1.3930732e-02  -7.3532854e-04  -7.4061937e-04  -4.2845912e-04
  -3.9355022e-02  -4.3225108e-02  -3.1769765e-02   8.2847008e-04  -5.8138827e-04  -5.9151841e-04
  -2.0930957e-04   3.3070063e-02   6.5480118e-02   1.3395820e-03  -1.1531082e-03  -6.9379438e-04
  -2.4122447e-02  -3.3567352e-02  -2.4735233e-02   5.2984143e-04  -9.1395873e-04  -6.1367094e-04
   1.7454152e-04   4.3140854e-02   7.1814897e-02  -3.5252122e-04  -1.1604390e-03  -5.1993341e-04
  -1.9308460e-02  -1.8819567e-02  -3.5233785e-02  -5.4145533e-04  -8.9421688e-04  -3.5292152e-04
  -3.2627977e-03   8.0961636e-02   4.4901405e-02  -9.6954430e-04  -9.3448550e-04  -3.0167655e-04
  -1.4598504e-02   3.9018304e-03   4.0723274e-03  -4.5888887e-04  -7.9490463e-04  -3.0228967e-04
  -1.2346368e-02   4.2708115e-02  -7.4742538e-03  -5.2747569e-04  -5.7910054e-04  -3.8944294e-04
  -4.3048397e-03   2.0277548e-02   6.0832486e-02   3.1627393e-04  -8.2875854e-04  -4.1274055e-04
  -1.9110444e-02  -8.8380375e-02   6.1348157e-03   1.4074741e-03  -9.2572851e-04  -3.1889456e-04
  -1.1068764e-02  -3.5040982e-03   6.6236354e-02   8.1224922e-04  -1.0332014e-03  -3.9816649e-04
  -3.0610771e-02  -7.9033891e-02   5.1743085e-03   1.4449059e-03  -9.5697619e-04  -4.4246727e-04
  -2.3975217e-02   2.7082914e-02   8.0676900e-02   2.5763788e-04  -7.8664871e-04  -4.3400012e-04
  -2.6119449e-02  -1.5908111e-02   5.9931827e-02   3.3446886e-04  -9.9204184e-04  -5.2722262e-04
  -3.3843854e-02  -6.1431012e-02   5.1425547e-03   1.3279123e-03  -8.3286754e-04  -5.3859399e-04
  -2.4691896e-02   5.9067415e-03   6.5860271e-02   3.8384584e-04  -1.1890206e-03  -6.6859622e-04
  -3.1466481e-02  -1.5875841e-02   7.7318991e-04   1.7395403e-04  -9.4813198e-04  -5.2131720e-04
  -2.4636505e-02   2.0524438e-02   4.6053330e-02   7.7681139e-05  -1.0183967e-03  -5.1806323e-04
  -3.6271934e-02  -2.2181142e-02  -2.4849709e-02   1.8468219e-04  -7.5185666e-04  -4.5434102e-04
  -1.8494624e-02   3.0099816e-02   5.9853861e-02  -1.7646392e-04  -1.0963871e-03  -6.5234887e-04
  -2.9809320e-02  -7.9903135e-02   4.0166066e-03   1.0624474e-03  -1.0486958e-03  -6.4686793e-04
  -1.5346120e-02  -1.4261605e-02   4.4085783e-02   6.4565593e-04  -1.1817844e-03  -6.0061016e-04
  -2.6084718e-02  -2.0061314e-02   3.1630017e-02   3.5740670e-04  -1.0870033e-03  -5.4198758e-04
  -3.8021913e-02  -1.7544218e-02  -2.0863600e-02   4.4308060e-04  -6.9954375e-04  -5.4384867e-04
  -3.1971246e-02  -7.2765079e-02   1.9449909e-02   2.1842697e-03  -9.0642194e-04  -6.6800944e-04
  -2.4784913e-02  -2.4542961e-02   2.3042704e-02   7.0306259e-04  -1.0713646e-03  -5.3768803e-04
  -2.8275303e-02  -1.7951911e-03   2.6177640e-02  -1.5025730e-04  -1.0209048e-03  -5.6544130e-04
  -3.6260778e-02   3.4121788e-04  -5.3718330e-03  -6.8866453e-05  -6.5860848e-04  -5.6830551e-04
  -1.0269239e-02  -5.3129462e-03   1.5513708e-02  -1.7216397e-03  -3.2905756e-04   4.5052799e-04
  -2.6387762e-02   2.9697415e-02  -3.7637188e-02  -9.4487274e-04  -5.7120039e-04  -2.8249097e-04
  -2.6104196e-02   5.4981964e-02  -1.8822979e-02  -6.2708146e-04  -6.8805620e-04  -5.5113594e-04
  -2.8019348e-02   3.7915514e-02  -4.1834972e-02  -3.5210188e-04  -5.7588232e-04  -5.4476940e-04
  -3.5852577e-02   3.2715225e-02  -4.5032999e-02  -8.5840275e-04  -4.1476623e-04  -5.2853252e-04
  -2.5544934e-02   9.8201348e-02   2.9590878e-03  -1.3626055e-03  -4.6142905e-04  -5.0741509e-04
  -3.0398838e-02   4.0744395e-02  -2.8081609e-02  -8.7715762e-04  -5.9055603e-04  -6.2851656e-04
  -2.4963471e-02   4.9686021e-02  -2.7096244e-02  -6.9744974e-04  -7.3386117e-04  -6.8716482e-04
  -3.0186823e-02   4.4356232e-02  -2.9764398e-02  -2.0942959e-04  -7.3491742e-04  -9.0763105e-04
  -4.2831966e-02  -2.1214762e-02  -5.9480647e-02   3.2989108e-04  -7.7478463e-04  -9.1808908e-04
  -2.9607628e-02   6.1717709e-02  -1.1435740e-02  -5.6893851e-04  -9.2091770e-04  -7.8273410e-04
  -4.4595167e-02   8.9098381e-04  -4.7968973e-02  -3.7741099e-04  -8.9938630e-04  -8.9776497e-04
  -3.6952780e-02   7.5571965e-02  -2.1394849e-02  -1.0308909e-03  -8.4842569e-04  -7.0959079e-04
  -4.7895096e-02   1.0128588e-02  -5.5390807e-02  -5.2429022e-04  -7.7055593e-04  -7.1097848e-04
  -4.3226840e-02   7.7804590e-02  -2.1862970e-02  -9.8845225e-04  -6.0243957e-04  -9.2021060e-04
  -4.3894227e-02  -3.8940438e-02  -4.1365253e-02   1.6202316e-03  -7.6419991e-04  -1.0581168e-03
  -2.4449731e-02   3.3261694e-02   1.5326977e-02   5.7752763e-04  -1.0654149e-03  -1.1276321e-03
  -3.9657057e-02   1.7014139e-02  -5.0308626e-02  -5.0294535e-04  -8.4195750e-04  -9.9455591e-04
  -2.5720503e-02   1.0499295e-01   1.9115965e-02  -1.3251497e-03  -8.7038149e-04  -9.5420879e-04
  -3.8719617e-02   6.2656138e-03  -4.2429233e-02  -7.0983794e-04  -8.7468570e-04  -9.4117765e-04
  -3.1809840e-02   3.4389521e-02  -3.0530833e-02   3.5982057e-04  -8.9010752e-04  -9.9158345e-04
  -2.6060191e-02   3.1733978e-02   4.7567332e-03   6.0835746e-04  -1.0799351e-03  -1.2221269e-03
  -4.9938009e-02  -1.8925774e-02  -5.3654918e-02   7.8916837e-04  -8.4984562e-04  -1.0781105e-03
  -5.0565086e-02   7.2560594e-03  -3.5940504e-02   7.2076147e-04  -7.7473387e-04  -1.2715527e-03
  -4.6320578e-02   7.0238821e-02   7.5241039e-03  -5.7804182e-04  -7.9533905e-04  -1.0952133e-03
  -6.7323864e-02  -6.8548920e-02  -6.2437244e-02   1.6195999e-03  -4.9517378e-04  -1.4342659e-03
  -3.5497624e-02   5.1580153e-02   1.1816292e-02  -1.9179800e-04  -1.2058965e-03  -1.3847818e-03
  -4.2963585e-02   2.9410379e-02  -6.0610699e-02  -7.3959594e-04  -8.1448378e-04  -1.0993406e-03
  -3.4910855e-02   8.4074492e-02   1.0414277e-02  -1.4077415e-03  -8.6647159e-04  -1.0700116e-03
  -4.6481440e-02   1.1533171e-02  -6.3560846e-02  -1.1729086e-03  -7.0360890e-04  -1.0810382e-03
  -2.6935235e-02   6.5426379e-02   1.8248875e-03  -7.8769276e-04  -9.8369980e-04  -1.2548731e-03
  -3.2819904e-02   2.9536335e-02  -9.5979338e-03   3.4019386e-05  -9.5143537e-04  -1.1941666e-03
  -3.8647654e-02   3.0585050e-02  -6.9776259e-02  -2.7494474e-04  -8.0053287e-04  -1.1237803e-03
  -3.3099564e-02   9.4853347e-02   8.0441731e-04  -8.0584769e-04  -7.4666395e-04  -1.2681233e-03
  -4.2583044e-02   1.7101317e-02  -4.1874296e-02  -3.3548859e-04  -8.1036736e-04  -1.1981343e-03
  -3.5653894e-02   2.3862195e-02  -2.4740342e-02   4.0579563e-05  -9.0320612e-04  -1.1770111e-03
  -3.6820321e-02  -3.9237553e-03  -2.7267659e-04   1.3018132e-03  -1.0531420e-03  -1.2313299e-03
  -4.7739453e-02   7.4209111e-03  -6.1823325e-02   6.3909043e-04  -9.4959304e-04  -1.1886933e-03
  -4.8861417e-02   2.2449551e-02  -1.0345099e-02   1.8652698e-04  -9.5877533e-04  -1.2388217e-03
  -5.2476100e-02  -1.4858026e-06  -4.1032155e-02   6.2105046e-04  -7.8723501e-04  -1.2510390e-03
  -4.9841939e-02  -4.7541480e-02  -3.8244845e-02   1.2357451e-03  -1.0391603e-03  -1.4433722e-03
  -3.3518965e-02   1.7881540e-02  -1.1182372e-02   9.4503972e-04  -1.0710360e-03  -1.5555551e-03
  -7.1421326e-02  -4.1370264e-02  -9.3747811e-02   9.0452717e-04  -3.8537084e-04  -1.3697159e-03
  -3.2699705e-02   6.0002267e-02  -5.3735125e-03   5.9942502e-04  -9.0259552e-04  -1.4671872e-03
  -4.3095602e-02  -2.4399092e-02  -8.4620223e-02   1.0975270e-04  -9.8177191e-04  -1.3603364e-03
  -2.0957813e-02   6.5205737e-02   6.3405329e-03   3.1106856e-04  -1.2418527e-03  -1.2915045e-03
  -4.1003708e-02   9.9153977e-04  -9.9519435e-02   3.0690438e-05  -9.6747905e-04  -1.2650106e-03
  -2.4191113e-02   1.1642527e-01  -3.3254847e-02  -6.4092219e-04  -1.0159844e-03  -1.2217567e-03
  -3.7308131e-02   4.3664132e-02  -6.1547974e-02  -2.8269799e-04  -7.7156612e-04  -1.2595635e-03
  -3.7174627e-02   2.4940722e-02  -8.1180310e-02   8.2286429e-05  -7.3088008e-04  -1.2446682e-03
  -2.0654189e-02   2.6046599e-02  -1.2282044e-02   6.8439713e-04  -1.0624110e-03  -1.3790218e-03
  -3.8364604e-02  -1.1649775e-01  -2.6318692e-02   1.2667344e-03  -1.0015584e-03  -1.6461482e-03
   1.3892460e-01  -1.8014483e-01  -1.2685359e+00  -2.8869617e-03  -6.3555511e-04   4.7568018e-04
   1.2198578e-01  -1.6810304e-01  -8.9022506e-01  -2.3080419e-03  -1.7358598e-03  -1.2105146e-03
   2.6721320e-02   3.0059274e-01   2.0599361e+00  -1.0612721e-02  -4.5549059e-03  -5.3022044e-03
   4.1189030e-02   2.6341527e-01   1.0372865e+00  -1.1033820e-02  -4.7764492e-03  -3.5150934e-03
   8.4104946e-03   2.0595061e-01   8.6081562e-01  -9.4100239e-03  -2.6878160e-03  -3.0232812e-03
   4.5571387e-03   3.0825256e-01   8.6398893e-01  -9.2880478e-03  -2.2224379e-03  -3.1459956e-03
  -3.5635813e-02   2.6696546e-01   7.5808544e-01  -8.7365239e-03  -1.3577270e-03  -2.9161723e-03
   1.2563362e-02   3.1172244e-01   6.6933914e-01  -9.3689006e-03  -1.7298011e-03  -3.0600728e-03
  -2.7608313e-03   2.9229992e-01   5.4939207e-01  -7.5413820e-03  -1.5199612e-03  -3.0084933e-03
  -2.7189904e-02   2.7714929e-01   5.3468581e-01  -7.1691856e-03  -1.1105838e-03  -3.0039062e-03
  -2.5614546e-02   3.4626534e-01   5.7908126e-01  -7.4605257e-03  -1.1537809e-03  -2.8587757e-03
  -4.0904171e-02   2.8033057e-01   5.6830047e-01  -6.5797180e-03  -1.0906797e-03  -3.1960871e-03
  -3.7819843e-02   3.3171405e-01   5.7242027e-01  -6.8639767e-03  -1.2426048e-03  -3.1306498e-03
  -4.2434214e-02   3.3585622e-01   5.9127157e-01  -7.0050104e-03  -1.2582744e-03  -3.2072550e-03
  -5.4082163e-02   3.0122154e-01   5.6447060e-01  -7.1953779e-03  -1.0185461e-03  -3.0726776e-03
  -4.3795262e-02   3.7797313e-01   5.9869735e-01  -8.0583701e-03  -1.2386026e-03  -3.2022631e-03
  -6.2934481e-02   2.6406623e-01   5.7914026e-01  -6.8746038e-03  -9.8188282e-04  -3.0931125e-03
  -3.9488956e-02   3.4172704e-01   6.0691993e-01  -6.8062905e-03  -1.3262580e-03  -3.1297717e-03
  -5.4988802e-02   2.6908639e-01   5.8889017e-01  -5.9561117e-03  -1.2252660e-03  -3.1837656e-03
  -4.5088627e-02   3.7311007e-01   6.2845589e-01  -6.5172642e-03  -1.2778662e-03  -3.1217553e-03
  -6.4186061e-02   2.8137988e-01   5.7789719e-01  -6.0281326e-03  -9.7637479e-04  -3.1348550e-03
  -4.6391286e-02   3.5815468e-01   6.3246590e-01  -5.8124066e-03  -1.3117862e-03  -3.2825654e-03
  -6.1053771e-02   2.5253672e-01   5.7382833e-01  -4.1703375e-03  -1.3937268e-03  -3.3817162e-03
  -5.1394374e-02   3.3558059e-01   5.8940928e-01  -5.2943999e-03  -1.5740633e-03  -3.3832925e-03
  -5.9300724e-02   3.5448720e-01   5.6105350e-01  -6.6637281e-03  -1.1356944e-03  -3.1852590e-03
  -5.2459796e-02   3.3943526e-01   5.9687604e-01  -6.3863087e-03  -1.2367909e-03  -3.3047615e-03
  -5.0381231e-02   3.4997523e-01   5.8967342e-01  -6.3699639e-03  -1.2871876e-03  -3.3024747e-03
  -4.5885299e-02   3.5838691e-01   6.0850047e-01  -6.3726521e-03  -1.3807794e-03  -3.3785672e-03
  -5.9367240e-02   3.4821197e-01   5.3924805e-01  -6.2566232e-03  -1.0535845e-03  -3.2238877e-03
  -4.4544759e-02   4.1374820e-01   6.0685159e-01  -7.3659587e-03  -1.2645760e-03  -3.3201251e-03
