   0.0000000e+00   0.0000000e+00   0.0000000e+00   0.0000000e+00   0.0000000e+00   0.0000000e+00
   1.2762067e-01   3.5014911e-02  -4.7278548e-01  -1.2882302e-03   2.1081647e-03   1.1691252e-03
   5.7526146e-02  -2.2291818e-02  -2.4490312e-01  -3.3667786e-03   1.3827768e-03   1.6835755e-03
   4.0060752e-02   3.0021651e-02  -2.0150341e-01  -2.6323191e-03   2.0541118e-03   2.2678735e-03
   1.3008569e-01   7.9432886e-02  -2.5746915e-01  -3.3262243e-03   4.6087815e-04   2.4116488e-03
   1.6802372e-01  -2.4978139e-03  -3.4267919e-01  -2.4512430e-04   5.3347690e-04   3.5220181e-03
   1.1573540e-01  -6.7887715e-03  -2.8505024e-01  -4.3994783e-05   1.2666635e-03   3.3176960e-03
   1.3655358e-01   2.0346081e-03  -3.2450763e-01   1.1194808e-03   1.6707307e-04   3.8136826e-03
   8.6802847e-02  -6.1587392e-02  -2.7563996e-01  -6.1944146e-04   2.3232569e-03   4.8873831e-03
   1.6402373e-01   1.0434834e-01  -3.1997187e-01  -6.5244192e-03   4.2875989e-03   4.4729283e-03
   2.3329668e-02   7.0613304e-02  -5.2704202e-01  -1.1733400e-03   9.7390464e-03   7.3803146e-03
  -3.0737848e-02  -4.7460678e-02  -5.2696407e-01  -3.6661430e-03   5.9517622e-03   8.1697468e-03
  -9.7637357e-03  -8.3110812e-03  -4.6391204e-01  -4.2904458e-03   5.4392140e-03   8.7067644e-03
   6.2497627e-03   3.5475340e-02  -3.7870470e-01  -3.7771935e-03   4.7204796e-03   8.0717110e-03
  -2.9275858e-02   4.4579832e-02  -3.3566394e-01  -3.9875813e-03   4.9744366e-03   7.9659432e-03
  -1.4545212e-02   7.6331187e-02  -3.3945597e-01  -5.0303787e-03   4.8642062e-03   7.4373581e-03
  -5.6077987e-02   3.8640436e-02  -3.0598108e-01  -3.5968326e-03   5.2181759e-03   7.5819565e-03
  -6.1313866e-02   7.3204215e-02  -2.8406371e-01  -4.2889172e-03   5.3972384e-03   7.3686119e-03
  -9.6945190e-02   1.4290265e-03  -2.7543093e-01  -3.5962299e-03   6.2468819e-03   8.3171333e-03
  -9.8923240e-02   9.4049821e-02  -2.5352796e-01  -4.3666596e-03   6.2074431e-03   8.3717133e-03
  -1.0574475e-01  -2.0479373e-02  -2.3188504e-01  -2.3418217e-03   6.2472572e-03   8.6039080e-03
  -1.0094117e-01   7.8806100e-02  -2.5453067e-01  -3.3176276e-03   6.2559872e-03   8.2811110e-03
  -1.2520056e-01   4.6910641e-02  -2.3614786e-01  -3.6118550e-03   6.3315519e-03   8.4028802e-03
  -1.1568025e-01   6.8528619e-03  -2.1385393e-01  -2.5857649e-03   6.2350904e-03   8.2052045e-03
  -1.1112009e-01   5.1253063e-02  -2.1742351e-01  -3.4796286e-03   6.0593596e-03   8.1239653e-03
  -1.3191829e-01   1.0216168e-03  -2.3828058e-01  -3.1049545e-03   6.4203517e-03   8.4263802e-03
  -1.1094684e-01   3.9062686e-02  -2.0989186e-01  -3.0249613e-03   5.9918420e-03   8.0717283e-03
  -1.4839575e-01  -2.5142464e-02  -2.0200837e-01  -2.6524032e-03   6.7007858e-03   8.5143383e-03
  -1.2847555e-01   8.5366683e-02  -1.9891579e-01  -4.0782303e-03   6.1164236e-03   8.0917145e-03
  -1.5544838e-01  -4.7883540e-02  -1.7449249e-01  -2.1373094e-03   6.5354207e-03   8.6046128e-03
  -1.5863670e-01  -4.8615569e-02  -2.0234681e-01  -2.1834446e-03   6.3371213e-03   8.1890987e-03
  -7.9076488e-02   4.8016611e-03  -1.4713686e-01  -6.8308718e-03   6.3085021e-03   6.3510692e-03
  -2.0289516e-01  -5.9303523e-02   5.6036619e-02  -2.8667265e-03   6.9429877e-03   8.6842042e-03
  -4.6481382e-01  -5.5977926e-01  -1.1852026e+00   1.9883639e-02   1.4997927e-02   2.1474964e-02
  -5.5081227e-01  -5.0384352e-01  -4.9098801e-01   4.3417629e-03   1.0004799e-02   1.7304954e-02
  -3.3938948e-01  -4.3220763e-01  -5.8214099e-01   5.6708348e-03   7.4242019e-03   1.6033135e-02
  -3.1647173e-01  -3.8155802e-01  -4.2318281e-01   3.8743898e-03   6.8467588e-03   1.6901063e-02
  -3.0204068e-01  -2.7773263e-01  -3.6990971e-01   2.4273121e-03   6.3032200e-03   1.5878241e-02
  -3.2958364e-01  -3.0800845e-01  -3.4213266e-01   2.9960849e-03   6.7314566e-03   1.6037046e-02
  -3.1322961e-01  -2.2186334e-01  -3.2735262e-01   1.5828849e-03   6.0700707e-03   1.5072668e-02
  -3.4355059e-01  -3.3658630e-01  -3.1010735e-01   2.5457206e-03   6.1787802e-03   1.5207408e-02
  -3.2477881e-01  -2.5730062e-01  -3.0743795e-01   2.1859676e-03   5.7529527e-03   1.4478197e-02
  -3.5329144e-01  -3.3212997e-01  -3.1513890e-01   3.0587187e-03   6.0799846e-03   1.4893552e-02
  -3.3765726e-01  -2.1297224e-01  -3.3637491e-01   1.9906004e-03   5.9986466e-03   1.4549842e-02
  -3.6981168e-01  -2.9177617e-01  -3.4814115e-01   2.0894218e-03   6.5266466e-03   1.4876570e-02
  -3.4933854e-01  -2.2347998e-01  -3.5222488e-01   1.8940988e-03   6.2125884e-03   1.4559219e-02
  -3.6649970e-01  -2.9052435e-01  -3.6265171e-01   3.1880810e-03   6.3194242e-03   1.4812929e-02
  -3.5949620e-01  -2.4947777e-01  -3.5916063e-01   3.0410170e-03   6.3354856e-03   1.4949851e-02
  -3.5456647e-01  -2.5108795e-01  -3.5304923e-01   2.4535233e-03   6.1949882e-03   1.4673355e-02
  -3.6251828e-01  -2.8092851e-01  -3.6123668e-01   3.5101259e-03   6.1329287e-03   1.4391467e-02
  -3.2814410e-01  -3.1227494e-01  -3.5028183e-01   3.8839310e-03   5.9383474e-03   1.3828994e-02
  -3.7428650e-01  -4.5198595e-01  -5.1491847e-01   5.9973691e-03   6.3116663e-03   1.5122158e-02
  -6.2398900e-01  -9.5692953e-01  -1.2271445e+00   2.3813256e-02   1.3689302e-02   1.8304952e-02
  -7.2096824e-01  -4.0729890e-01  -1.0125488e+00   3.9454721e-03   9.1415292e-03   1.1539207e-02
  -6.5981963e-01  -3.8388753e-01  -5.0441073e-01  -4.5245224e-04   5.2479103e-03   9.7761810e-03
  -4.9924219e-01  -5.7822706e-01  -8.9751020e-01   4.9231065e-03   5.5570253e-03   1.2775037e-02
  -5.0851445e-01  -3.9438922e-01  -5.7559897e-01   1.4032205e-03   4.2388921e-03   1.2120920e-02
  -4.8740707e-01  -3.1794829e-01  -5.4676148e-01   1.4213914e-03   4.0654394e-03   1.1162572e-02
  -4.8917419e-01  -3.4126035e-01  -5.1208963e-01   2.1338492e-03   3.9198520e-03   1.1215732e-02
  -4.8468416e-01  -3.6081810e-01  -4.8403235e-01   3.0068442e-03   3.8325783e-03   1.1062312e-02
  -5.0119962e-01  -3.0833386e-01  -4.7221360e-01   2.3812450e-03   4.3451915e-03   1.1656916e-02
  -5.6778850e-01  -4.0088945e-01  -4.5533476e-01   3.6655850e-03   6.0857709e-03   1.2557563e-02
  -5.8225731e-01  -3.0417488e-01  -3.8086594e-01   3.5246425e-03   6.1213277e-03   1.2438293e-02
  -5.6810296e-01  -4.0350913e-01  -3.7645115e-01   4.4353104e-03   6.1718491e-03   1.2800443e-02
  -5.1095706e-01  -3.8984545e-01  -3.5754497e-01   4.1053622e-03   4.9035386e-03   1.2186927e-02
  -4.7489043e-01  -3.6848816e-01  -3.9667933e-01   3.6877615e-03   4.3465461e-03   1.1973868e-02
  -5.0689442e-01  -4.3508000e-01  -4.0046866e-01   4.9351058e-03   4.8122419e-03   1.2584379e-02
  -5.0067855e-01  -3.4300580e-01  -3.9113956e-01   3.9843946e-03   5.0098795e-03   1.2511136e-02
  -5.3683216e-01  -3.8656408e-01  -3.8241988e-01   4.1600720e-03   5.6343652e-03   1.3042609e-02
  -5.2383072e-01  -3.3739597e-01  -3.6861713e-01   4.2321139e-03   5.4400135e-03   1.2904844e-02
  -5.2195885e-01  -4.0852919e-01  -3.7108047e-01   5.0471269e-03   5.2793020e-03   1.2839111e-02
  -5.1210748e-01  -3.8019168e-01  -3.6540399e-01   4.7186758e-03   5.2070935e-03   1.2621874e-02
  -5.1597726e-01  -3.6993371e-01  -3.6669249e-01   3.9387947e-03   5.3584784e-03   1.2518971e-02
  -4.7850977e-01  -4.0132879e-01  -4.5251891e-01   2.0280982e-03   5.4676911e-03   1.2965164e-02
  -5.5820192e-01  -6.3296365e-01  -9.3787693e-01   1.0642948e-02   9.5824372e-03   1.4806627e-02
  -3.4787420e-01  -2.8121489e-01  -1.1139175e+00   1.8091693e-03  -7.0749005e-04   4.1740197e-03
  -3.8995474e-01  -5.1844333e-01  -3.6774695e-01   3.8876925e-03  -2.8646124e-03   7.6139506e-03
  -3.4551791e-01  -4.8900931e-01  -6.4108955e-01   5.5750570e-03  -3.4864436e-04   1.0524436e-02
  -3.9827555e-01  -4.2165544e-01  -5.7982331e-01   5.1118489e-03   6.5836689e-04   1.1689675e-02
  -4.0243100e-01  -3.8362116e-01  -5.6091512e-01   4.6394312e-03   3.6295883e-04   1.0868646e-02
  -4.2707994e-01  -3.8253174e-01  -5.4036581e-01   5.1399477e-03   4.9720555e-04   1.0670107e-02
  -4.4294306e-01  -3.2587053e-01  -5.2625602e-01   4.2708045e-03   6.6340455e-04   1.0471250e-02
  -4.5056770e-01  -3.6606894e-01  -5.0272957e-01   3.9914322e-03   6.9729827e-04   1.0355125e-02
  -4.6712356e-01  -4.4741432e-01  -4.8894361e-01   4.8842346e-03   9.2621099e-04   1.0491324e-02
  -4.5742999e-01  -3.7891264e-01  -5.0239802e-01   3.9846807e-03   7.6544045e-04   1.0129543e-02
  -4.9069912e-01  -4.3244588e-01  -5.1830496e-01   4.6532488e-03   1.1463161e-03   1.0514236e-02
  -5.0669570e-01  -4.0301346e-01  -5.3098449e-01   4.0521977e-03   1.5843086e-03   1.0642712e-02
  -4.7241880e-01  -3.2431620e-01  -5.3721792e-01   3.1089782e-03   1.0739204e-03   1.0220527e-02
  -4.9214238e-01  -4.3013074e-01  -5.3346571e-01   4.8044529e-03   1.3372465e-03   1.0502166e-02
  -4.7060174e-01  -3.9289065e-01  -5.3802456e-01   4.6400165e-03   1.1106441e-03   1.0201995e-02
  -4.3376598e-01  -2.5823517e-01  -6.5735592e-01   3.9419292e-04   9.9020919e-04   9.7622333e-03
  -5.1821836e-01  -5.3872338e-01  -8.8538444e-01   4.6091243e-03   4.3421854e-03   1.0177098e-02
  -5.7067465e-01  -6.2200403e-01  -1.2964640e+00   1.2891508e-02   1.0065066e-02   1.0178543e-02
  -5.4080193e-01  -3.6296596e-01  -6.4981815e-01  -1.0755058e-04   2.2132257e-03   3.4820020e-03
  -4.8974233e-01  -2.1401251e-01  -6.7851823e-01   3.8985130e-04   9.6612825e-04   4.9532522e-03
  -5.0983264e-01  -2.6472594e-01  -6.3885378e-01   8.6636231e-04   1.0146332e-03   5.5878642e-03
  -4.4546442e-01  -2.2693045e-01  -7.1100918e-01   2.4076128e-03   4.5642942e-04   5.8669600e-03
  -4.0848075e-01  -3.0017573e-01  -8.5903681e-01   2.2560096e-03   2.9200770e-04   8.4670985e-03
  -4.2876274e-01  -2.0996215e-01  -7.3494581e-01   1.4324913e-03  -7.9553598e-04   6.8092510e-03
  -4.4137152e-01  -2.5334180e-01  -7.0111656e-01   1.9553274e-03  -6.3535896e-04   6.7758841e-03
  -4.2501337e-01  -2.3651066e-01  -7.0059221e-01   1.7068526e-03  -1.1048621e-03   6.5514979e-03
  -4.4639235e-01  -3.1066895e-01  -6.8996793e-01   3.3159807e-03  -8.3530703e-04   6.5739610e-03
  -4.3556908e-01  -2.2492466e-01  -7.0008109e-01   2.2422033e-03  -5.5342534e-04   6.5843441e-03
  -4.5691645e-01  -2.8209528e-01  -7.0072272e-01   2.3852315e-03  -1.3012951e-04   6.7086350e-03
  -4.4522053e-01  -2.1483908e-01  -7.0899711e-01   1.1978838e-03  -4.4190529e-04   6.6537681e-03
  -4.6030993e-01  -2.8263975e-01  -7.0975559e-01   2.8240055e-03  -2.4865458e-04   6.7689330e-03
  -4.5884918e-01  -2.3675578e-01  -7.0851755e-01   2.0872731e-03  -2.3231809e-04   6.6444051e-03
  -4.7873645e-01  -2.3800026e-01  -7.2869860e-01   1.9023300e-03   2.1654385e-04   6.8101826e-03
  -4.6394889e-01  -2.1972737e-01  -7.1461122e-01   1.9754384e-03  -3.0706111e-04   6.5990166e-03
  -4.6331117e-01  -2.8293934e-01  -7.1818943e-01   2.6983145e-03  -2.3927959e-04   6.8529283e-03
  -4.6332276e-01  -2.4515177e-01  -7.2030314e-01   2.5952728e-03  -8.3681376e-05   6.9389263e-03
  -4.8148732e-01  -2.3913003e-01  -7.1329451e-01   1.9509869e-03   2.5791888e-04   7.1166331e-03
  -4.6012764e-01  -1.9085222e-01  -7.0859167e-01   1.8042633e-03  -4.4374490e-04   6.4904530e-03
  -4.7887800e-01  -3.0745768e-01  -7.0437704e-01   3.3238043e-03   1.0930019e-04   6.5371113e-03
  -4.5051775e-01  -1.5540408e-01  -7.2051298e-01   9.0044244e-04   1.6044137e-04   6.4157743e-03
  -4.5088155e-01  -3.7038436e-01  -7.8063515e-01   2.4214274e-03   6.6827200e-04   7.2783528e-03
  -4.4277415e-01  -7.3857178e-01  -1.1074281e+00   1.3597228e-02   3.8180067e-03   1.0041541e-02
  -5.5717042e-01  -9.9477321e-01  -1.6690972e+00   1.6233837e-02   1.0823211e-02   1.5155799e-02
  -5.6780761e-01  -5.0761397e-01  -8.0318247e-01   9.5260994e-05  -1.1826270e-03   6.8053239e-03
  -5.3832407e-01  -3.0988367e-01  -7.7724599e-01  -5.0853254e-04  -2.0116769e-03   6.4800379e-03
  -5.4176745e-01  -3.3297460e-01  -7.3015977e-01  -7.4604559e-04  -2.1015264e-03   6.6440446e-03
  -5.2535759e-01  -3.1398914e-01  -6.9873646e-01  -2.4259045e-04  -2.5557994e-03   6.2280071e-03
  -5.2965535e-01  -3.0912481e-01  -6.3055791e-01   2.7163475e-04  -2.7514956e-03   6.2724849e-03
  -5.3187128e-01  -2.1133556e-01  -5.9765874e-01  -1.5208340e-03  -2.5494766e-03   6.1406105e-03
  -5.4552220e-01  -2.5935383e-01  -6.0412131e-01  -1.2227414e-03  -1.9700804e-03   6.2181106e-03
  -5.2203505e-01  -2.8120605e-01  -7.8381535e-01  -8.1278378e-04  -1.3445753e-03   6.8101590e-03
  -4.6735682e-01  -4.7745668e-01  -1.0221935e+00   4.9586957e-03  -3.6035917e-04   9.7029877e-03
  -4.8561433e-01  -3.0407084e-01  -8.2898565e-01   3.0075967e-03  -8.8113788e-04   9.1458117e-03
  -4.6692648e-01  -2.1402712e-01  -7.8675068e-01   2.6348014e-03  -1.4881576e-03   8.0781487e-03
  -5.0851360e-01  -2.9044341e-01  -7.4870624e-01   2.8478803e-03  -1.0591048e-03   8.3201883e-03
  -4.9509740e-01  -1.5655244e-01  -7.6918813e-01   1.2921907e-03  -1.2412997e-03   8.2069367e-03
  -5.1942543e-01  -2.8729615e-01  -7.4439441e-01   2.8146049e-03  -1.0607108e-03   8.5174651e-03
  -5.3430426e-01  -2.4957679e-01  -7.2463548e-01   2.4650738e-03  -1.0396345e-03   8.2832738e-03
  -5.4987298e-01  -2.5464224e-01  -7.4651476e-01   3.5002942e-03  -8.7114166e-04   8.3880107e-03
  -5.9811937e-01  -2.6305631e-01  -7.6345415e-01   2.1881565e-03  -1.7306718e-04   8.3047092e-03
  -5.9482566e-01  -2.3291637e-01  -7.4635372e-01   1.9624460e-03  -4.6466624e-04   7.7566041e-03
  -6.2547078e-01  -2.9077346e-01  -7.7269077e-01   3.4916602e-03   7.4707246e-05   8.0338381e-03
  -5.6819824e-01  -2.3080433e-01  -7.9947505e-01   1.5859822e-03  -3.8494262e-04   8.3808382e-03
  -6.3648371e-01  -6.5324068e-01  -1.0672912e+00   6.9541938e-03   1.8183672e-03   1.3550917e-02
  -6.7213091e-01  -6.8434298e-01  -1.3103455e+00   1.6953404e-02   5.2584950e-03   1.2333922e-02
  -6.1690310e-01  -1.6762917e-01  -6.2065959e-01  -5.8186952e-03  -6.8981845e-03  -3.0937768e-03
  -5.6956314e-01  -3.8420387e-02  -6.7677574e-01  -4.4957232e-03  -6.0569463e-03  -1.2721712e-03
  -5.2948302e-01  -1.7276054e-01  -6.8977384e-01  -7.9837787e-04  -6.2226387e-03   6.8291448e-04
  -4.2147636e-01  -8.8641327e-02  -7.5384983e-01  -1.4809596e-03  -7.2796752e-03  -1.6589524e-04
  -4.7365939e-01  -2.7548728e-01  -6.6925234e-01  -4.6577531e-04  -5.7159604e-03   1.0779635e-03
  -4.3925590e-01  -2.3878252e-01  -2.9277522e-01   7.6827395e-04  -3.5836226e-03   3.0331756e-03
  -4.2457286e-01  -3.5817835e-01  -3.5144753e-01  -3.3540860e-03  -3.8510645e-03   3.2595211e-03
  -2.2273831e-01  -5.8546155e-01  -1.3868998e+00   9.8543192e-04  -2.0635088e-03   6.0154507e-03
  -3.9504272e-01  -5.1939739e-01  -7.0680226e-01   7.1440041e-03   2.2599174e-03   8.7633345e-03
  -6.5054415e-01  -2.2132335e-01   9.0724860e-01   2.9432604e-03   3.5245207e-03   8.8437308e-03
  -6.3263691e-01  -1.9333212e-01   9.5325081e-01   3.3417549e-03   2.6949368e-03   9.3798169e-03
  -6.7871827e-01  -2.3648841e-01   9.5146185e-01   3.0111964e-03   2.8771195e-03   1.0014729e-02
  -6.7464968e-01  -1.7206482e-01   9.5123835e-01   2.7884392e-03   2.0136313e-03   8.7521596e-03
  -6.9475886e-01  -1.6625681e-01   9.6018760e-01   2.8049920e-03   2.1940928e-03   8.5664558e-03
  -6.6565009e-01  -2.3848498e-01   9.1897013e-01   2.6007957e-03   1.4429907e-03   8.6250679e-03
  -6.4759522e-01  -2.7625084e-01   5.9381021e-01   3.1376030e-03   9.3280525e-04   9.7945185e-03
  -7.7362267e-01  -6.5377958e-01  -1.3234192e-01   1.0945788e-02   2.9324047e-03   1.2731738e-02
  -8.0573760e-01  -8.2004831e-01  -4.6294523e-01   2.2238826e-02   4.6143624e-03   1.3448857e-02
  -9.0363928e-01  -3.0565972e-01   6.2665039e-01   2.9443087e-03  -6.5894204e-03   4.8307139e-03
  -8.8892163e-01  -9.7675750e-02   9.5737579e-01   2.3887291e-03  -5.3898215e-03   6.4575697e-03
  -1.0039076e+00   5.5084241e-02   1.6593626e+00   1.4457449e-03  -2.8128057e-03   8.4158807e-03
  -1.0175276e+00   9.2363291e-02   1.8172297e+00  -2.1509688e-03  -3.3399777e-03   1.0763011e-02
  -8.6967194e-01  -1.6051506e-01   9.5664692e-01  -2.8880430e-03  -3.3951411e-03   1.0354437e-02
  -8.5334588e-01  -1.7189814e-01   9.5704788e-01  -4.9706205e-05   1.5628980e-04   1.3351932e-02
  -9.0778119e-01  -7.7553942e-02   9.9536668e-01  -4.4604147e-04   1.2108365e-03   1.2478813e-02
  -9.6992169e-01  -2.2841675e-01   9.9948267e-01   2.5079134e-03   2.5614084e-03   1.2909546e-02
  -9.5955666e-01  -1.1689089e-01   9.2044948e-01   2.2320047e-03   3.6197219e-03   1.3059308e-02
  -1.0562385e+00  -2.5876057e-01   9.6206599e-01   3.5339097e-03   5.1856403e-03   1.2982721e-02
  -1.0569790e+00  -1.5939209e-01   9.5923735e-01   2.0915225e-03   5.0603803e-03   1.2401707e-02
  -1.1052091e+00  -2.1354166e-01   9.6626095e-01   2.9102534e-03   6.0574875e-03   1.2661658e-02
  -1.0990327e+00  -1.4611751e-01   9.8069905e-01   2.2341116e-03   6.0965733e-03   1.2609401e-02
  -1.1021674e+00  -2.3584590e-01   9.7871801e-01   3.6455553e-03   5.8717526e-03   1.2565903e-02
  -1.0897619e+00  -1.9034902e-01   9.3545447e-01   3.6437068e-03   5.7256376e-03   1.2360892e-02
  -1.1368742e+00  -2.2085046e-01   9.5272420e-01   3.7525340e-03   6.3775166e-03   1.3008024e-02
  -1.1437910e+00  -1.8965771e-01   9.2967735e-01   3.3368443e-03   6.7736830e-03   1.2823690e-02
  -1.1968829e+00  -2.0241487e-01   9.3049272e-01   3.1747740e-03   7.7279199e-03   1.3128699e-02
  -1.1836225e+00  -1.7392605e-01   9.2565473e-01   3.1116262e-03   7.7364353e-03   1.2751623e-02
  -1.2520330e+00  -2.5012515e-01   9.2172408e-01   3.7903937e-03   8.8826620e-03   1.2909409e-02
  -1.2674461e+00  -1.9738873e-01   8.7717022e-01   3.8744660e-03   9.8025102e-03   1.2733482e-02
  -1.2958433e+00  -2.2681407e-01   8.8979001e-01   4.2218982e-03   1.0904814e-02   1.3260394e-02
  -1.3392884e+00  -2.4893147e-01   8.6739132e-01   5.2368077e-03   1.2081952e-02   1.3257654e-02
  -1.3510621e+00  -2.2256553e-01   8.8435416e-01   4.9796934e-03   1.3127766e-02   1.3151035e-02
  -1.3727487e+00  -2.5262169e-01   8.7776688e-01   5.2117608e-03   1.3862689e-02   1.3336423e-02
  -1.3550140e+00  -2.5058824e-01   8.8691115e-01   5.3595614e-03   1.3602408e-02   1.3238398e-02
  -1.3563506e+00  -2.6472234e-01   8.7603748e-01   5.5847221e-03   1.3765933e-02   1.3220514e-02
  -1.3657901e+00  -2.3995812e-01   8.9334405e-01   4.9933700e-03   1.3974343e-02   1.3525517e-02
  -1.3641774e+00  -2.5104303e-01   8.8604883e-01   5.3501660e-03   1.3855942e-02   1.3475209e-02
  -1.3528613e+00  -2.1369725e-01   9.2394814e-01   5.7596242e-03   1.0820291e-02   1.0364604e-02
