   0.0000000e+00   0.0000000e+00   0.0000000e+00   0.0000000e+00   0.0000000e+00   0.0000000e+00
   5.7227511e-03   4.8268071e-02   4.3269408e-02  -1.1252076e-03  -3.1515525e-04  -2.3446853e-04
  -2.2685380e-03  -6.0428224e-03   2.8595040e-02   3.4316421e-05  -4.6306696e-04  -3.3779253e-04
   6.5360036e-03   3.7268699e-02   3.5676129e-02  -1.8987170e-04  -3.8169998e-04  -3.1716749e-04
   4.7995197e-03   5.9410385e-02   3.0799149e-02  -3.4053155e-04  -2.5288211e-04  -1.7826454e-04
  -1.1674049e-02   3.2578266e-02   8.3986539e-03  -5.4396390e-04   1.0925866e-04  -5.9873179e-05
   6.1656361e-03   7.8069982e-02   4.2814754e-02  -7.3550878e-04  -1.3427631e-04  -7.7926784e-05
   3.1401476e-03   3.7364688e-03   2.9246333e-02   4.1171231e-04  -3.5390941e-04  -1.2307486e-04
   4.2773840e-03   4.4415725e-02   1.8276095e-02   3.2836412e-04  -1.5952554e-04   1.0506867e-04
   1.6277853e-02   7.6203057e-02   3.1303398e-02  -3.0000264e-04  -3.0161112e-04  -1.2690825e-05
   4.5768264e-03   4.9166450e-02   1.5229106e-02  -3.9458130e-04  -4.2464343e-05   8.7549398e-05
   1.7666791e-02   6.7359634e-02   3.7759249e-02  -1.0713521e-04  -2.0841343e-04   7.2834085e-05
   2.3350447e-02   4.4239416e-02   5.8243208e-02   5.0303035e-04  -3.1459538e-04   2.3271886e-07
   8.1381538e-03   3.4565751e-02   2.7300975e-02   2.1227901e-04  -1.2958932e-04   1.6763142e-04
   1.4673785e-02   8.5524046e-02   3.6978769e-02  -3.4715618e-04  -8.2216167e-05   2.0300930e-04
   1.2685455e-02   8.2067896e-02   3.8522638e-02  -4.4278064e-04  -1.0594189e-04   1.3211066e-04
  -5.2458211e-03   5.3761551e-02   7.8120289e-04  -1.1709961e-04   3.6266672e-04   1.8801199e-04
   2.4465309e-02   9.3814984e-02   3.8875916e-02   7.3231363e-05  -1.6323546e-04   3.9002000e-05
   1.2725995e-02   1.9547146e-02   1.9831600e-02   1.0856840e-03  -1.0457604e-04   1.0160213e-04
   1.1263084e-02   7.0191104e-02   3.8624656e-03   6.6199124e-04   6.2848286e-05   3.3481540e-04
   1.2044032e-02   8.6691784e-02   1.6332071e-02   2.2887718e-04   4.9150463e-05   2.7790833e-04
   9.4314648e-03   7.4609248e-02   1.3894497e-02  -1.5029282e-04   1.6034164e-04   2.4507125e-04
   2.2278729e-03   5.7485692e-02   6.6091044e-03   3.7357592e-04   1.6925444e-04   2.1915138e-04
   2.2402780e-02   7.2836527e-02   5.0850501e-02   7.5652749e-04  -1.1560772e-04   1.5471080e-04
   6.4633220e-03   2.0490803e-02   2.1968489e-02   9.4652909e-04   1.1083886e-05   3.1554013e-04
   1.6062064e-02   1.1446876e-01   3.8148984e-02  -7.0325993e-05   9.7234030e-05   3.3353056e-04
   1.0644902e-02   5.8297378e-02   2.7847791e-02   7.4299094e-05   1.8135290e-04   3.8800912e-04
   2.3207779e-03   6.5509837e-02   1.3592631e-02   2.1478191e-04   3.3731257e-04   3.3206534e-04
   2.1272875e-02   9.4087596e-02   4.8267600e-02   6.7509470e-04   1.6342348e-06   2.0321288e-04
   4.6836285e-03   3.2250000e-02   9.7086035e-03   8.6214825e-04   1.1175634e-04   3.9258750e-04
   1.4073202e-02   1.2811068e-01   1.5372372e-02  -3.6312770e-05   3.5918154e-04   4.7922825e-04
   1.7014579e-02   1.1247843e-01   1.4145929e-02  -7.8309007e-05   2.4065139e-04   3.3775728e-04
   1.7697087e-02   6.8635720e-02  -1.2660803e-03   9.1196788e-04   7.9695580e-05   3.2528478e-04
   2.4421206e-02   1.0657333e-01   3.6122402e-02   7.9670469e-04   9.1050228e-05   3.7965065e-04
   1.7108204e-02   8.8524694e-02   2.0377363e-02   5.0271059e-04   1.5436413e-04   3.6300538e-04
   7.4886813e-03   9.1850885e-02   1.0920837e-03   1.7520378e-04   5.1364797e-04   5.8192053e-04
   1.5803592e-02   1.5135385e-01  -5.7343543e-03  -1.4138802e-03   4.5821525e-04   5.6039761e-04
  -8.7375856e-03   9.8813000e-03   1.5148856e-03   9.4432425e-04   5.5993586e-04   4.0733260e-04
  -1.1136592e-02   1.1094231e-01   1.7181248e-02   1.2947332e-03   2.6802782e-04   3.2530758e-04
  -2.0071360e-02  -1.3528427e-03  -9.2754251e-04   2.6587867e-03   3.1544854e-04   4.5522064e-04
  -1.6555482e-02   5.9623762e-02  -4.0921611e-04   2.1374803e-03   3.8418153e-04   5.9376502e-04
  -4.2790024e-03   1.1345875e-01   1.1738335e-02   1.4055993e-03   2.5420757e-04   4.2715669e-04
  -3.0955400e-02   4.5808488e-02  -1.3785593e-02   1.6195895e-03   7.5043264e-04   5.6760013e-04
  -4.9402317e-03   1.2317375e-01   3.5123933e-02   1.0329867e-03   4.2033242e-04   4.2518722e-04
  -1.2546522e-02   1.3835344e-02   2.1626351e-02   2.6770837e-03   3.5217961e-04   3.5387803e-04
  -4.2986005e-03   8.4950475e-02   2.2479953e-02   2.0636942e-03   2.8512707e-04   4.3800684e-04
  -1.0690569e-04   9.8883713e-02   3.1060616e-02   1.5322842e-03   1.4359510e-04   3.5892868e-04
  -3.0519534e-02   5.5604045e-02  -3.6976189e-03   1.5694560e-03   6.8154813e-04   5.3742448e-04
  -1.2737659e-02   1.2179310e-01   3.8067372e-02   1.0825943e-03   4.5359227e-04   2.5591393e-04
  -1.9938448e-02   6.5963847e-02   1.2922978e-02   1.4347682e-03   3.8256943e-04   1.6970363e-04
  -1.4915308e-02   5.7367694e-02  -1.6648660e-03   2.0991373e-03   4.2360284e-04   1.7246458e-04
  -3.7437944e-03   8.6043002e-02   2.2514756e-02   2.1822519e-03   1.4913734e-04   1.2893094e-04
  -2.4779052e-02   4.4434342e-02  -2.3611056e-02   2.1751469e-03   4.5380790e-04   2.1555224e-04
  -1.0168267e-02   1.3102120e-01   1.4210314e-02   1.4223610e-03   3.5808587e-04   1.8447262e-04
  -2.8009545e-02   6.9465978e-02  -1.0295384e-02   1.5560213e-03   4.7971553e-04   1.4358197e-04
  -2.9147721e-02   1.0957564e-01  -1.8072795e-02   1.3444872e-03   5.7157254e-04   3.4215351e-05
  -2.2602924e-02   1.1241140e-01   7.6559402e-03   1.6749381e-03   2.9910674e-04  -9.9201904e-05
  -2.6347032e-02   3.0063019e-02  -4.3915836e-05   3.1756745e-03   2.1471234e-04  -1.6521256e-06
  -2.3429836e-02   9.0240399e-02  -1.4604479e-02   2.6462091e-03   3.5202273e-04   9.7766577e-06
  -2.0995819e-02   1.0070771e-01   3.5676675e-03   2.2426771e-03   2.3263155e-04  -7.4216188e-05
  -4.3077156e-02   6.5932672e-02  -2.4113568e-03   2.4754375e-03   5.8961328e-04   1.6176792e-04
  -4.0831943e-02   1.2745536e-01   4.0865959e-02   1.9589232e-03   5.4407137e-04   4.5508401e-05
  -5.3487706e-02   6.0602944e-02   2.4632515e-02   2.1444995e-03   6.9543050e-04  -2.0705483e-05
  -4.8310718e-02   6.9144281e-02   1.1216649e-02   2.2116548e-03   6.3536503e-04  -6.0781928e-05
  -3.5898677e-02   7.9363819e-02   4.4942940e-02   2.7863062e-03   3.2186112e-04  -1.4524359e-04
  -5.9079776e-02   7.0863496e-03   1.5157070e-02   3.4524716e-03   6.6875192e-04  -1.7640463e-04
  -3.5370024e-02   9.9804400e-02   6.2959857e-02   2.8383771e-03   3.2258610e-04  -2.0381844e-04
  -5.4575998e-02   3.6761013e-02   1.1849739e-02   2.8265532e-03   6.6788506e-04  -2.6986710e-05
  -4.9347967e-02   1.1269813e-01   6.3656812e-02   2.0622418e-03   8.4685180e-04  -5.9842243e-05
  -4.5698526e-02   4.9166056e-02   4.7388097e-02   2.6842467e-03   5.0397078e-04  -1.4739196e-04
  -5.0396154e-02   5.1923916e-02   3.3401786e-02   3.0898838e-03   6.3130414e-04  -1.8389278e-04
  -3.7110001e-02   8.3237116e-02   7.2465795e-02   3.0818425e-03   3.5697056e-04  -1.2477915e-04
  -5.2958016e-02   2.8447217e-02   1.3493545e-02   3.2621656e-03   6.0057127e-04  -7.5453448e-05
  -4.1766371e-02   1.0033757e-01   5.5974507e-02   2.7286748e-03   5.4264795e-04   6.8117817e-05
  -4.7570643e-02   6.2542716e-02   3.8902493e-02   2.8844748e-03   6.2737017e-04   1.4620463e-04
  -5.4611665e-02   6.5686213e-02   8.7705849e-03   2.8955412e-03   8.2399952e-04   2.0371628e-04
  -4.9099725e-02   1.0099393e-01   5.7345067e-02   2.5653374e-03   7.8951138e-04   1.5379804e-04
  -5.2755421e-02   4.3465249e-02   2.7180224e-02   3.2051483e-03   8.2360609e-04   7.7194059e-05
  -4.2270976e-02   5.9683284e-02   4.3478482e-02   3.7393438e-03   6.4161441e-04   1.1301752e-04
  -3.8375961e-02   5.4898526e-02   7.4315844e-02   3.9492602e-03   5.1225843e-04   1.0818978e-05
  -5.9487747e-02   3.0881763e-02   1.9494988e-02   3.8369724e-03   8.2091860e-04   9.1711681e-05
  -4.7990887e-02   1.0627611e-01   6.8254326e-02   3.0907950e-03   7.0475704e-04   6.0254148e-05
  -5.7854180e-02   4.1933025e-02   4.7306039e-02   3.0955659e-03   7.8383563e-04   4.3246232e-05
  -5.4336487e-02   7.6439015e-02   3.3949756e-02   2.9785530e-03   8.6251072e-04   1.0632685e-04
  -3.9661933e-02   8.0714595e-02   6.7797968e-02   3.4929197e-03   5.1481654e-04  -1.6393956e-05
  -5.8431668e-02  -2.2324578e-02   3.4238247e-02   4.6815432e-03   7.2952757e-04  -4.4364246e-05
  -4.2760680e-02   8.1671502e-02   8.3082513e-02   3.9266693e-03   5.8966986e-04  -2.3288627e-05
  -5.7445862e-02   2.9217030e-02   2.8368629e-02   3.4821881e-03   8.9731973e-04   2.0722650e-04
  -5.0289735e-02   9.3051189e-02   7.7306368e-02   2.6823541e-03   9.4978771e-04   1.3054807e-04
  -4.4706903e-02   3.2945244e-02   5.4301185e-02   3.4694538e-03   5.6880699e-04   3.3282071e-06
  -4.9260101e-02   3.0603346e-02   5.0598394e-02   4.0247370e-03   7.0849228e-04   1.9029654e-05
  -3.5486723e-02   7.3849908e-02   9.3778009e-02   3.9416815e-03   4.5984075e-04  -1.3647241e-05
  -5.5804198e-02   2.5207281e-02   3.3326688e-02   4.1024693e-03   8.1154409e-04   1.3948577e-04
  -4.6386463e-02   1.0202492e-01   8.5804221e-02   3.5012521e-03   8.9035175e-04   2.1275291e-04
  -5.0609689e-02   5.6451746e-02   6.3722055e-02   3.8831223e-03   8.6674204e-04   1.2139698e-04
  -4.9991816e-02   4.2399051e-02   5.3242645e-02   4.9205454e-03   8.9262735e-04   2.7149812e-05
  -3.7702820e-02   6.6750560e-02   1.1149707e-01   5.2906709e-03   6.6231508e-04  -6.3034535e-05
  -5.3372472e-02   1.6665540e-02   6.2321618e-02   5.1162086e-03   7.4101404e-04   1.2500544e-04
  -4.3160914e-02   8.8930159e-02   1.0378728e-01   4.4423487e-03   7.2982642e-04   1.6909824e-04
  -5.6589203e-02   2.8456340e-02   7.9361851e-02   4.4362969e-03   9.6590341e-04   1.4670575e-04
  -5.7121989e-02   5.0709625e-02   7.2852279e-02   4.4403402e-03   9.7352174e-04   2.3202707e-04
  -4.4738886e-02   3.7765975e-02   1.2250055e-01   5.3276086e-03   6.8917401e-04   1.0247979e-04
  -5.7540654e-02  -5.3038725e-03   8.1300863e-02   5.5849444e-03   8.0173424e-04   2.0645666e-04
  -3.7059199e-02   7.0801854e-02   4.8800940e-02   5.9599586e-03   3.3787983e-04   4.7478927e-04
   1.5682669e-02  -1.7159185e-01  -1.4694707e-01   9.6387290e-03  -8.7138281e-04   3.1002873e-03
  -1.0139845e-02   3.5181375e-02   1.2075505e-01   8.1716336e-03  -9.8846990e-04   4.7406764e-04
  -2.8669952e-02  -9.2492386e-02   7.7692149e-02   9.3690846e-03  -7.0736145e-04   3.3210813e-05
  -1.6835012e-02  -3.1500122e-02   1.0187310e-01   8.9646025e-03  -7.5280213e-04   3.2398205e-04
  -5.5039104e-03  -5.1392086e-04   1.1611741e-01   8.4889484e-03  -1.0300921e-03   2.5241161e-04
  -3.0867922e-02  -8.8596230e-02   7.3719765e-02   9.0251869e-03  -6.3513237e-04   4.4750521e-04
  -2.6385454e-03   6.0975041e-03   1.1897314e-01   8.2935452e-03  -9.5569974e-04   3.1430492e-04
  -1.1285362e-02  -4.1527028e-02   1.0481892e-01   8.1777394e-03  -9.9919697e-04   3.1669060e-04
  -2.0333714e-02  -6.1552449e-02   7.4307583e-02   8.2840541e-03  -7.4830904e-04   4.4729810e-04
  -6.5188042e-03  -1.5552163e-02   1.2384977e-01   7.9270482e-03  -7.7930671e-04   3.5769112e-04
  -2.7536246e-02  -8.0146389e-02   9.1077931e-02   8.3502587e-03  -5.0512783e-04   3.8714557e-04
   2.4542261e-03  -2.6497960e-03   1.3861717e-01   8.1972804e-03  -1.0148307e-03   3.4168014e-04
  -2.2176893e-02  -1.0005387e-01   1.1349583e-01   9.0483307e-03  -7.4164150e-04   3.2100326e-04
  -9.0672572e-03  -9.0634714e-03   1.3758371e-01   8.5212128e-03  -7.9370509e-04   3.8892028e-04
  -3.0280991e-02  -6.5606874e-02   9.2612727e-02   8.4866496e-03  -5.0669663e-04   3.9897459e-04
  -1.4159038e-02   3.7215778e-02   1.2759982e-01   7.7749231e-03  -4.1712424e-04   4.3267714e-04
  -1.6930691e-02  -1.0672251e-02   1.2321488e-01   8.1851471e-03  -5.1947572e-04   3.2540939e-04
  -1.6864060e-02  -2.1803006e-02   1.0548425e-01   8.4411048e-03  -6.7486028e-04   3.5199245e-04
  -2.6794961e-02  -1.9219027e-02   1.4591962e-01   9.0818459e-03  -7.5183974e-04   3.2190801e-04
  -4.7627924e-02  -5.8677557e-02   9.1054856e-02   8.9870817e-03  -5.1599188e-04   3.8977449e-04
  -4.5793221e-02  -1.1967407e-03   1.5006021e-01   8.2517689e-03  -6.6486423e-04  -4.9331116e-05
  -4.7018132e-02  -1.0411510e-02   1.2085303e-01   8.4618950e-03  -8.2074107e-04  -5.2364254e-04
  -6.5736739e-02  -6.3030886e-02   7.6977242e-02   8.6087866e-03  -3.9616638e-04  -3.8472001e-04
  -4.3554874e-02   1.0480135e-02   1.5472905e-01   8.3966512e-03  -5.7905341e-04  -4.1934998e-04
  -6.2808370e-02  -8.7623449e-02   1.2623145e-01   9.6979870e-03  -4.8255276e-04  -4.0868493e-04
  -5.4250848e-02  -4.0127450e-02   1.3417853e-01   9.0886029e-03  -6.2494059e-04  -4.6395296e-04
  -5.3170834e-02  -1.1470439e-02   1.4254871e-01   8.6945832e-03  -6.8817589e-04  -5.1706637e-04
  -6.7284868e-02  -4.6435033e-02   9.4975060e-02   8.7359163e-03  -3.8805143e-04  -3.2980358e-04
  -5.2724138e-02   1.9290325e-02   1.6257394e-01   8.0341521e-03  -5.3181344e-04  -4.1889639e-04
  -6.0629496e-02  -6.9953429e-02   1.1966712e-01   8.8221421e-03  -5.4827106e-04  -4.4693376e-04
  -5.4257849e-02  -5.0422363e-02   1.3642057e-01   9.4756043e-03  -5.8884892e-04  -5.2455859e-04
  -6.0896297e-02  -4.5903557e-02   1.3874696e-01   9.2999537e-03  -6.7152141e-04  -5.6076574e-04
  -6.9278913e-02  -6.5873810e-02   1.0295428e-01   8.9820631e-03  -4.7578834e-04  -4.7699855e-04
  -6.0054218e-02   2.9970791e-03   1.4997728e-01   8.0764005e-03  -3.8851045e-04  -5.2952026e-04
  -6.3610187e-02  -6.4311719e-02   1.2327357e-01   8.9093299e-03  -5.5068675e-04  -5.9408088e-04
  -6.1901489e-02  -4.0763887e-02   1.4237584e-01   9.1853758e-03  -5.3073409e-04  -6.3171461e-04
  -6.0706502e-02  -4.1769183e-02   1.4456680e-01   9.3013406e-03  -7.0084104e-04  -6.3561340e-04
  -7.1893949e-02  -3.6894140e-02   9.2412848e-02   9.0109934e-03  -2.7523804e-04  -5.0453523e-04
  -6.8096148e-02   1.9068737e-03   1.3659318e-01   8.5751354e-03  -3.5353100e-04  -5.7186243e-04
  -6.4966170e-02  -4.2733458e-02   1.2268595e-01   9.4210658e-03  -2.8524118e-04  -5.5136664e-04
  -6.0001263e-02  -2.0099795e-02   1.7034596e-01   9.3546339e-03  -5.8888243e-04  -6.1329848e-04
  -7.3734774e-02  -4.1471425e-02   9.7596686e-02   9.0598723e-03  -2.1232177e-04  -4.6380108e-04
  -6.5527664e-02   1.3852029e-02   1.7151497e-01   8.5152770e-03  -2.2138542e-04  -5.7244016e-04
  -7.2908109e-02  -7.0450617e-02   1.0075644e-01   9.1361504e-03  -3.0074984e-04  -5.9261073e-04
  -5.9432862e-02   5.0575134e-03   1.9601374e-01   9.1472119e-03  -6.1927263e-04  -6.7119878e-04
  -8.5011037e-02  -9.3887477e-02   9.6879637e-02   9.5103966e-03  -2.5139845e-04  -5.7128898e-04
  -6.5757491e-02   3.9296818e-02   1.7153372e-01   8.4695962e-03  -4.1599039e-04  -5.6595943e-04
  -8.9096767e-02  -4.3600101e-02   1.1200420e-01   8.7165144e-03  -2.0393669e-05  -5.8060993e-04
  -7.3215378e-02  -5.9576516e-03   1.2406437e-01   8.6687025e-03  -2.7064764e-04  -5.9740106e-04
  -7.3685556e-02  -2.8233788e-02   1.5479482e-01   9.7655849e-03  -3.8377044e-04  -6.6151298e-04
  -7.4027511e-02  -6.0104370e-02   9.6111842e-02   9.8834886e-03  -4.0549008e-04  -6.4017525e-04
  -6.3078574e-02   2.5342034e-02   1.5070817e-01   9.0880527e-03  -3.7473909e-04  -5.6917785e-04
  -7.6757933e-02  -3.5749327e-02   1.1744068e-01   9.3641921e-03  -1.4191051e-04  -6.5855475e-04
  -7.6160363e-02  -3.2361748e-02   1.1398829e-01   9.5331621e-03  -1.4948199e-04  -6.4516011e-04
  -7.3868781e-02  -5.3380791e-02   1.7050161e-01   1.0487568e-02  -4.4725564e-04  -8.0332568e-04
  -8.3251834e-02  -6.1965271e-02   1.1405978e-01   1.0039438e-02  -3.7629042e-04  -6.8337224e-04
  -7.4253905e-02   3.2566984e-04   1.5887612e-01   9.0594483e-03  -4.2390800e-04  -6.7751037e-04
  -8.8716484e-02  -6.3969963e-02   1.3132450e-01   9.1962842e-03  -2.2796203e-04  -6.9639437e-04
  -8.1034951e-02  -1.5960791e-02   1.2243688e-01   8.9812548e-03  -2.2098103e-04  -7.5532345e-04
  -7.4008964e-02  -8.0552679e-03   1.8741189e-01   9.6511086e-03  -4.4444603e-04  -8.4412180e-04
  -8.7614541e-02  -8.9608638e-02   1.0854369e-01   1.0294116e-02  -2.9691468e-04  -7.9720116e-04
  -7.7036608e-02   2.0731439e-02   1.7935554e-01   9.5436700e-03  -4.5671766e-04  -8.0579168e-04
  -8.6760878e-02  -5.3977398e-02   1.0099665e-01   9.4788531e-03  -3.3422732e-04  -7.8066341e-04
  -7.8451233e-02   1.9246312e-02   1.6215235e-01   8.7814039e-03  -3.0731172e-04  -7.1251249e-04
  -8.5319426e-02  -3.9063521e-02   1.3204510e-01   9.1221114e-03  -2.9011016e-04  -9.4479944e-04
  -8.1632213e-02  -2.4244761e-02   1.1534382e-01   9.3314578e-03  -3.7113425e-04  -8.8492718e-04
  -7.7159505e-02  -4.1633622e-02   1.6808089e-01   1.0478106e-02  -5.7340418e-04  -9.7505549e-04
  -8.8054603e-02  -4.2448172e-02   1.0296980e-01   1.0085015e-02  -3.9012704e-04  -8.5380096e-04
  -8.1799236e-02  -7.8356923e-03   1.7449450e-01   9.6800440e-03  -5.2393394e-04  -9.1171947e-04
  -9.7797666e-02  -3.7128861e-02   9.8081704e-02   9.3772527e-03  -1.5266100e-04  -8.2676473e-04
  -8.6990804e-02   1.0458356e-02   1.7692438e-01   9.1811836e-03  -4.3475793e-04  -9.5782005e-04
  -9.1814586e-02  -8.1205126e-02   1.1272187e-01   1.0443154e-02  -5.2134220e-04  -9.7308622e-04
  -7.5972294e-02  -4.6448067e-04   1.7006640e-01   1.0162870e-02  -7.4046599e-04  -9.7405434e-04
  -8.4047985e-02  -2.7643082e-02   1.5312567e-01   1.0192283e-02  -6.4601846e-04  -9.9251845e-04
  -8.4854189e-02  -2.7413180e-02   1.0173286e-01   9.9755640e-03  -4.4720233e-04  -9.0526441e-04
  -8.0960437e-02   3.3544412e-02   1.7598023e-01   9.4159419e-03  -4.0035356e-04  -8.9959840e-04
  -8.6209965e-02  -4.7159336e-02   1.2330021e-01   1.0146170e-02  -3.7899782e-04  -9.7683833e-04
  -7.6328903e-02  -2.8165063e-02   1.5197157e-01   1.0556175e-02  -5.6565004e-04  -9.8809519e-04
  -7.7774006e-02  -3.2340695e-02   1.9431679e-01   1.0690518e-02  -6.8073995e-04  -1.1182544e-03
  -8.8197445e-02  -6.0317149e-02   1.0718569e-01   1.0370000e-02  -4.1946954e-04  -1.0114758e-03
  -7.3882478e-02   2.8937708e-02   1.8631136e-01   9.4757216e-03  -6.0268959e-04  -1.0476012e-03
  -9.0672038e-02  -5.0737937e-02   1.2581200e-01   9.6669109e-03  -3.8192633e-04  -1.0081075e-03
  -9.1597821e-02  -8.8462310e-03   1.3699053e-01   9.2172926e-03  -2.5435308e-04  -1.0233453e-03
  -8.4234970e-02  -1.1667877e-02   1.6639424e-01   9.9322316e-03  -5.5659172e-04  -9.9532930e-04
  -9.0090666e-02  -7.8594072e-02   1.0604824e-01   1.1103576e-02  -4.7984251e-04  -1.0662253e-03
  -8.3185051e-02  -5.0199073e-03   1.7197331e-01   1.0717985e-02  -6.6856366e-04  -1.0287650e-03
  -9.1519857e-02  -4.6656259e-02   1.0173929e-01   1.0462423e-02  -4.3737571e-04  -9.5381137e-04
  -8.2488313e-02   3.5032345e-02   1.7538510e-01   9.6067753e-03  -5.2442776e-04  -1.0324345e-03
  -9.7365018e-02  -5.0183978e-02   1.3188691e-01   1.0061022e-02  -3.7990446e-04  -1.0945888e-03
  -8.2363682e-02  -5.6193524e-03   1.5368945e-01   1.0118445e-02  -5.8923143e-04  -1.1956992e-03
  -9.5195101e-02  -8.2217509e-02   1.4588791e-01   1.1222178e-02  -6.1202322e-04  -1.1689390e-03
  -8.8873676e-02  -6.5870296e-04   1.5955980e-01   1.0190805e-02  -4.9247553e-04  -1.1130200e-03
  -9.4911867e-02  -2.6807452e-02   1.6371762e-01   1.0128339e-02  -4.9412917e-04  -9.7664146e-04
  -1.0061085e-01  -2.5937804e-02   1.1430558e-01   9.9543832e-03  -2.3384888e-04  -9.5856527e-04
  -8.8354621e-02  -2.2534266e-02   1.5220998e-01   1.0376604e-02  -5.6992724e-04  -1.1449547e-03
  -8.3342639e-02  -3.7471530e-02   1.4154430e-01   1.0707432e-02  -5.7305407e-04  -1.1118950e-03
  -8.5047685e-02  -1.5484356e-02   1.9065554e-01   1.0995787e-02  -6.6128351e-04  -1.1119627e-03
  -9.7807760e-02  -4.2993159e-02   9.7316721e-02   1.0819814e-02  -3.5600619e-04  -1.0072893e-03
  -8.3557540e-02   3.5802369e-02   1.9233536e-01   9.9217900e-03  -4.9008369e-04  -1.1103305e-03
  -9.4030685e-02  -4.6644984e-02   1.3023979e-01   1.0425972e-02  -4.0810313e-04  -1.1134088e-03
  -8.2263811e-02  -1.8247722e-02   1.5192864e-01   1.0599829e-02  -7.1866966e-04  -1.0909583e-03
  -8.8913324e-02  -9.7401017e-03   1.8760931e-01   1.0777778e-02  -6.8686001e-04  -1.2082414e-03
  -9.7937796e-02  -5.3806318e-02   1.0833667e-01   1.0925081e-02  -5.0975353e-04  -1.1060278e-03
  -9.0558686e-02   1.2085747e-02   1.7102312e-01   1.0262977e-02  -5.6193109e-04  -1.1273402e-03
  -1.1081011e-01  -9.0351104e-02   9.4840633e-02   1.0632508e-02  -3.0213569e-04  -1.0679439e-03
  -9.7155703e-02   3.0353604e-02   1.8981087e-01   9.7991356e-03  -4.7825886e-04  -1.0584882e-03
  -1.0314406e-01  -8.0076169e-02   1.2995018e-01   1.0802703e-02  -5.1099575e-04  -1.1105841e-03
  -9.5325638e-02  -3.7382597e-02   1.7170088e-01   1.0762459e-02  -6.2458828e-04  -1.2147313e-03
  -1.0304362e-01  -6.5228141e-02   1.5712333e-01   1.1148153e-02  -6.1744018e-04  -1.2451883e-03
  -9.6297340e-02  -1.2435686e-02   1.3731853e-01   1.0258452e-02  -5.4262296e-04  -1.0636819e-03
  -9.9504421e-02  -3.4661901e-02   1.5398013e-01   1.0470171e-02  -4.6900394e-04  -1.1889868e-03
  -8.9801847e-02  -2.5205012e-02   1.4083948e-01   1.0540296e-02  -6.4693129e-04  -1.0787617e-03
  -1.0300561e-01  -8.2181709e-02   1.5143903e-01   1.1449021e-02  -5.9182773e-04  -1.1330222e-03
  -9.1494670e-02   2.3144922e-02   1.9347716e-01   1.0610584e-02  -5.7980684e-04  -1.0837678e-03
  -9.9617661e-02  -2.2657080e-02   1.5910105e-01   1.0445128e-02  -4.4961900e-04  -1.0635294e-03
  -9.9504506e-02   1.6280415e-04   1.3165855e-01   9.8825988e-03  -2.5173783e-04  -9.8441686e-04
  -9.4064901e-02   3.1399831e-02   1.9182699e-01   1.0219350e-02  -4.2791869e-04  -1.1704718e-03
  -9.8645684e-02  -7.1643733e-02   1.1234722e-01   1.1373939e-02  -5.4363280e-04  -1.0971429e-03
  -8.5199320e-02   3.7993362e-02   1.7972750e-01   1.0467799e-02  -6.1642122e-04  -1.1120833e-03
  -1.0242682e-01  -4.7402397e-02   1.2191753e-01   1.0654113e-02  -3.7532347e-04  -1.0675651e-03
  -9.4395983e-02   4.4448485e-02   1.8577028e-01   1.0034302e-02  -4.0730878e-04  -1.0818089e-03
  -9.8161057e-02  -7.6463566e-02   1.4279605e-01   1.1247424e-02  -5.8019701e-04  -1.2600066e-03
  -8.4916885e-02   8.9653587e-03   1.8172586e-01   1.0789935e-02  -6.3456092e-04  -1.1946979e-03
  -9.1647501e-02  -3.2448446e-02   1.7103771e-01   1.1277250e-02  -6.2283658e-04  -1.2097720e-03
  -9.6123039e-02   5.0856298e-03   1.3497349e-01   1.0775530e-02  -3.5865457e-04  -9.9917317e-04
  -9.1006557e-02  -2.2891651e-03   2.0096583e-01   1.1297577e-02  -5.8820098e-04  -1.2281661e-03
  -9.8136755e-02  -5.7472161e-02   1.5087385e-01   1.2068976e-02  -5.1293461e-04  -1.1982559e-03
  -9.0522296e-02  -8.8762807e-03   2.3380013e-01   1.1533620e-02  -7.4573145e-04  -1.1398032e-03
  -9.9107628e-02  -2.9403791e-02   1.4223965e-01   1.0844250e-02  -4.7092343e-04  -9.8633977e-04
  -9.1519352e-02   3.2207260e-02   2.3579323e-01   1.0033299e-02  -6.4636894e-04  -1.1498440e-03
  -1.0070218e-01  -3.7600266e-02   1.5144836e-01   1.0130495e-02  -3.7655369e-04  -1.1373592e-03
  -8.7051577e-02   2.3540590e-02   2.4260100e-01   1.0593063e-02  -7.5692567e-04  -1.2649739e-03
  -1.0031892e-01  -6.0736207e-02   1.4422968e-01   1.1435860e-02  -6.4828100e-04  -1.2241654e-03
  -8.5199718e-02   6.2299290e-02   2.1020304e-01   1.0499882e-02  -7.0634634e-04  -1.2325889e-03
  -9.8823706e-02  -1.6687433e-02   1.7226080e-01   1.0777028e-02  -4.4075135e-04  -1.2215507e-03
  -9.4545289e-02   1.8611597e-03   1.4348273e-01   1.1078177e-02  -4.7250310e-04  -1.1705275e-03
  -8.4552709e-02   2.0173660e-02   2.2702377e-01   1.1813897e-02  -8.0088027e-04  -1.3419751e-03
  -9.2053101e-02  -5.2890263e-02   1.5556253e-01   1.2007308e-02  -6.9108802e-04  -1.2518877e-03
  -9.2130028e-02   2.6873762e-02   1.8911114e-01   1.1284836e-02  -6.0199288e-04  -1.1820415e-03
  -9.9185545e-02   4.9618878e-03   1.7725470e-01   1.1221011e-02  -5.6719158e-04  -1.1647083e-03
  -9.7665097e-02  -8.3988089e-03   1.5740756e-01   1.0896737e-02  -4.0079925e-04  -1.2323555e-03
  -9.9127447e-02  -1.8262439e-03   1.9703781e-01   1.1711944e-02  -6.1288172e-04  -1.3204114e-03
  -1.0346435e-01  -5.4317922e-02   1.4036399e-01   1.2000630e-02  -5.9233560e-04  -1.3113462e-03
  -1.0619512e-01   3.7185916e-03   1.9621897e-01   1.1236415e-02  -5.1032810e-04  -1.3238790e-03
  -1.1221131e-01  -2.6096286e-02   1.5362262e-01   1.1244152e-02  -4.2379434e-04  -1.2369313e-03
  -1.1265984e-01  -1.0756986e-02   1.3568722e-01   1.0778206e-02  -2.3178441e-04  -1.2781263e-03
  -9.9071579e-02   3.5640494e-03   2.0331203e-01   1.1335638e-02  -5.0580757e-04  -1.3153210e-03
  -1.0374015e-01  -6.6753467e-02   1.2104056e-01   1.2200905e-02  -4.5371946e-04  -1.3806445e-03
  -8.5741430e-02   3.5708335e-02   2.1897516e-01   1.1553144e-02  -6.9775238e-04  -1.3762877e-03
  -1.0656049e-01  -5.4647365e-02   1.0812227e-01   1.1710011e-02  -3.5097931e-04  -1.3159747e-03
  -1.0700366e-01   4.7875879e-03   1.4837886e-01   1.1104342e-02  -2.3886269e-04  -1.4051559e-03
  -9.5690298e-02  -8.9243500e-03   1.5023432e-01   1.1124047e-02  -5.5471102e-04  -1.3475600e-03
  -1.1094583e-01  -5.6408827e-02   1.5461192e-01   1.1693206e-02  -4.8839441e-04  -1.3826177e-03
  -9.9747986e-02   3.6124004e-03   1.6666539e-01   1.0993263e-02  -4.6190482e-04  -1.3034090e-03
  -1.0637013e-01  -2.1563166e-02   1.4487962e-01   1.1091017e-02  -3.3390788e-04  -1.2481576e-03
  -1.0445776e-01   7.9682036e-03   1.1857253e-01   1.0711176e-02  -1.7785123e-04  -1.2617598e-03
  -1.0204562e-01  -4.6491036e-02   1.6668580e-01   1.2270040e-02  -4.4135237e-04  -1.4354475e-03
  -1.0031080e-01  -1.7788741e-02   1.5129542e-01   1.1646914e-02  -4.6514231e-04  -1.2566833e-03
  -1.0183615e-01   8.8541085e-03   1.9366059e-01   1.1459365e-02  -3.9349460e-04  -1.2862693e-03
  -1.1036650e-01   7.5851334e-03   1.3328104e-01   1.0824418e-02  -1.5306041e-04  -1.1904558e-03
  -1.0335163e-01   4.2564564e-02   2.2790833e-01   1.0841484e-02  -3.8793296e-04  -1.3003533e-03
  -1.0765368e-01  -5.8055619e-02   1.3511051e-01   1.2045309e-02  -4.9091754e-04  -1.3356486e-03
  -9.9394433e-02   3.8411651e-02   2.2005159e-01   1.1492723e-02  -5.4839851e-04  -1.2415693e-03
  -1.0940148e-01  -1.6830064e-02   1.5709414e-01   1.1537044e-02  -3.4312297e-04  -1.2722285e-03
  -1.0660436e-01   4.6307299e-02   1.7585376e-01   1.0482182e-02  -1.5131463e-04  -1.1216694e-03
  -1.0919014e-01  -5.5321361e-02   1.5269094e-01   1.2235552e-02  -4.6061135e-04  -1.3197131e-03
  -9.6438592e-02   4.4017458e-02   2.2553107e-01   1.1488705e-02  -6.0939846e-04  -1.2354521e-03
  -1.1013197e-01  -3.2300730e-02   1.4765283e-01   1.1600166e-02  -3.8598981e-04  -1.2224906e-03
  -1.0220092e-01   3.6149461e-02   1.5389683e-01   1.0879094e-02  -4.1574299e-04  -1.2003133e-03
  -1.1002393e-01   1.6596508e-02   1.5887204e-01   1.1204433e-02  -2.9184643e-04  -1.1746327e-03
  -1.0871188e-01   5.7768952e-03   1.1741573e-01   1.1253443e-02  -1.5197410e-04  -1.2055089e-03
  -9.1718582e-02   3.0959820e-02   2.2530132e-01   1.2196529e-02  -5.6775767e-04  -1.3680846e-03
  -1.0198506e-01  -5.2713323e-02   1.5452996e-01   1.2516381e-02  -4.9774753e-04  -1.2775243e-03
  -9.4280387e-02   2.4574562e-02   1.9416188e-01   1.1587210e-02  -4.9190048e-04  -1.3302893e-03
  -1.0357273e-01  -6.2380026e-03   1.8567161e-01   1.1631174e-02  -3.7857675e-04  -1.3092017e-03
  -1.0568462e-01   6.8310071e-04   1.5094629e-01   1.1299951e-02  -2.5472645e-04  -1.3200003e-03
  -9.3608901e-02   2.7122480e-02   2.3920541e-01   1.1823489e-02  -6.8455395e-04  -1.4219647e-03
  -1.0439603e-01  -6.5254357e-02   1.5400262e-01   1.2334101e-02  -4.9674011e-04  -1.4541534e-03
  -9.2652392e-02   3.1415744e-02   2.0224137e-01   1.1427524e-02  -5.8817297e-04  -1.3508864e-03
  -1.1728045e-01  -5.3012668e-02   1.2640997e-01   1.1548574e-02  -1.7468686e-04  -1.3584523e-03
  -1.0214971e-01   5.4702788e-02   2.2291140e-01   1.1193230e-02  -3.4842933e-04  -1.3823207e-03
  -1.1037694e-01  -7.8901601e-02   1.4524362e-01   1.2440458e-02  -4.0638250e-04  -1.4593819e-03
  -9.6854820e-02   3.4802649e-02   2.1610479e-01   1.1555451e-02  -4.4456980e-04  -1.3421785e-03
  -1.1784823e-01  -5.1769121e-02   1.2143018e-01   1.1813797e-02  -1.1254725e-04  -1.2224214e-03
  -9.5487102e-02   5.3368782e-02   2.2938819e-01   1.1544102e-02  -3.4154113e-04  -1.2711057e-03
  -1.1126877e-01  -6.9148053e-02   1.2868486e-01   1.2615782e-02  -3.3909395e-04  -1.3311079e-03
  -9.3790178e-02   5.6798754e-02   2.1428611e-01   1.1595572e-02  -4.7975819e-04  -1.2920357e-03
  -1.1659368e-01  -2.3715889e-02   1.1013038e-01   1.1311093e-02  -2.9583268e-05  -1.1763695e-03
  -9.8739483e-02   7.0107487e-02   2.0279053e-01   1.0751886e-02  -2.6915818e-04  -1.2871836e-03
  -1.0915128e-01  -5.5412849e-02   1.4231712e-01   1.2590334e-02  -3.0814860e-04  -1.3951038e-03
  -9.3383425e-02   4.3565796e-02   1.9412083e-01   1.2092783e-02  -5.0159066e-04  -1.2959067e-03
  -1.1498680e-01  -2.8433534e-02   1.2538359e-01   1.2273444e-02  -1.5691048e-04  -1.2414117e-03
  -1.0390465e-01   7.9360621e-02   1.9869730e-01   1.1177934e-02  -1.2436017e-04  -1.2824736e-03
  -1.0624589e-01  -2.0266025e-02   1.5691757e-01   1.2266871e-02  -4.9004545e-04  -1.4219474e-03
  -1.0562999e-01  -6.0577610e-03   1.5357455e-01   1.2141575e-02  -5.2666068e-04  -1.3708682e-03
  -1.0765062e-01   2.8584671e-02   1.9973669e-01   1.2048615e-02  -5.3835508e-04  -1.4394476e-03
  -1.1812905e-01  -3.5273232e-02   1.1762784e-01   1.2052892e-02  -3.5790449e-04  -1.3120852e-03
  -1.1021493e-01   3.9715633e-02   1.9382686e-01   1.1276304e-02  -2.4735010e-04  -1.3370331e-03
  -1.1332614e-01  -3.5074910e-02   1.6468416e-01   1.2168494e-02  -4.2237559e-04  -1.4213113e-03
  -1.0784857e-01  -1.9362183e-02   1.7349941e-01   1.2405126e-02  -5.1152786e-04  -1.4452435e-03
  -1.2301539e-01  -5.4045666e-02   1.4701175e-01   1.2462208e-02  -3.1219702e-04  -1.3372829e-03
  -1.1123316e-01   5.6076493e-02   2.0803934e-01   1.0993483e-02  -2.9379349e-04  -1.2854886e-03
  -1.2089971e-01  -7.0578817e-02   1.1991394e-01   1.2180904e-02  -3.7727470e-04  -1.3571476e-03
  -1.0231200e-01   4.5433140e-02   2.3042980e-01   1.2090328e-02  -6.8705199e-04  -1.3989610e-03
  -1.2001300e-01  -3.7804297e-02   1.3085349e-01   1.2324559e-02  -3.0723453e-04  -1.2488686e-03
  -1.1079025e-01   5.8845774e-02   2.0238739e-01   1.1330156e-02  -2.9101881e-04  -1.1715983e-03
  -1.1379723e-01  -4.4529944e-02   1.3454687e-01   1.2646058e-02  -3.8509290e-04  -1.3167067e-03
  -9.9581668e-02   2.6102893e-02   1.9253037e-01   1.2572843e-02  -6.0310641e-04  -1.3088082e-03
  -1.1967362e-01  -2.7487759e-02   1.3244195e-01   1.2495706e-02  -2.3099912e-04  -1.2571652e-03
  -1.0642702e-01   8.0170411e-02   2.1716945e-01   1.1441341e-02  -2.3912046e-04  -1.2391828e-03
  -1.2019497e-01  -6.1043332e-02   1.3163815e-01   1.3090892e-02  -2.1511794e-04  -1.2838260e-03
  -1.0650841e-01   4.9413481e-02   2.2711827e-01   1.2894470e-02  -4.7777772e-04  -1.3587180e-03
  -1.1881873e-01   1.9388459e-03   1.2823797e-01   1.2072635e-02  -2.0266723e-04  -1.1788655e-03
  -1.1079050e-01   5.8291917e-02   2.2974181e-01   1.1683644e-02  -3.6115409e-04  -1.2832382e-03
  -1.2004750e-01  -4.5827063e-02   1.1944340e-01   1.2476175e-02  -2.7233241e-04  -1.2773989e-03
  -1.0293074e-01   3.0121669e-02   2.3048233e-01   1.2916759e-02  -5.5148306e-04  -1.2925622e-03
  -1.2339762e-01  -3.8139520e-02   1.1292802e-01   1.2650737e-02  -1.5468481e-04  -1.2189856e-03
  -1.0950373e-01   6.7839967e-02   2.3949799e-01   1.1831296e-02  -2.7655093e-04  -1.2224244e-03
  -1.1214174e-01  -2.3363688e-02   1.4779605e-01   1.2393595e-02  -4.1375248e-04  -1.2986901e-03
  -1.0660669e-01   2.7796359e-02   2.1543119e-01   1.2301359e-02  -6.0922840e-04  -1.3818333e-03
  -1.1167824e-01   2.0231021e-02   1.8936321e-01   1.2235713e-02  -3.0571101e-04  -1.3572443e-03
  -1.1381139e-01   1.7284897e-02   1.2088516e-01   1.2043148e-02  -1.4065721e-04  -1.1565149e-03
  -1.0954407e-01   4.9568427e-02   2.1930528e-01   1.2441770e-02  -1.8821661e-04  -1.3323536e-03
  -1.0637629e-01   9.7405090e-03   1.6698134e-01   1.2790161e-02  -4.1112961e-04  -1.4014604e-03
  -1.1037072e-01  -1.7545931e-02   1.5257071e-01   1.2673531e-02  -3.9199533e-04  -1.2879295e-03
  -1.0521473e-01   4.8042844e-02   2.1315045e-01   1.2177197e-02  -3.8313860e-04  -1.3508359e-03
  -1.1513499e-01   2.6395083e-03   1.6749469e-01   1.2248015e-02  -2.2206403e-04  -1.2413820e-03
  -1.1640024e-01   1.6244220e-02   1.6648400e-01   1.1923415e-02  -1.3774741e-04  -1.3180502e-03
  -1.0766158e-01   1.8155323e-02   2.2489119e-01   1.3041987e-02  -3.7608070e-04  -1.3977176e-03
  -1.1391561e-01  -4.4104688e-02   1.4887395e-01   1.3445006e-02  -4.5973618e-04  -1.2882074e-03
  -9.8584501e-02   4.4775090e-02   2.1968930e-01   1.2977736e-02  -6.2961679e-04  -1.4784001e-03
  -1.2063472e-01  -3.3857084e-02   1.1365944e-01   1.2782091e-02  -3.3789652e-04  -1.2955511e-03
  -1.0696897e-01   5.7405345e-02   2.1878578e-01   1.2124694e-02  -4.5596074e-04  -1.4292414e-03
  -1.1855673e-01  -5.4137635e-02   1.1877480e-01   1.3359463e-02  -4.1130563e-04  -1.3823146e-03
  -9.9726693e-02   3.0875299e-02   2.2018059e-01   1.3603269e-02  -6.7545269e-04  -1.4518949e-03
  -1.1534690e-01  -9.8332015e-03   1.2305330e-01   1.2662352e-02  -3.4878203e-04  -1.3587234e-03
  -1.0808582e-01   8.3526069e-02   2.1360734e-01   1.1686071e-02  -2.7385354e-04  -1.2787252e-03
  -1.1403032e-01  -2.1485878e-02   1.2328391e-01   1.2272298e-02  -2.5295158e-04  -1.2604467e-03
  -1.0268650e-01   3.4100393e-02   2.0159626e-01   1.2733847e-02  -4.9487225e-04  -1.3896801e-03
  -1.0894057e-01  -3.6819938e-02   1.6148664e-01   1.3300573e-02  -5.4710068e-04  -1.3227512e-03
  -1.1209318e-01   2.4696027e-02   1.4374048e-01   1.2736341e-02  -3.1663365e-04  -1.1599093e-03
  -1.1720334e-01  -2.7271515e-02   1.5375223e-01   1.3791670e-02  -3.6628800e-04  -1.4390924e-03
  -1.0723895e-01   4.9989196e-03   1.8103268e-01   1.2943437e-02  -6.0898451e-04  -1.2555402e-03
  -1.1489126e-01   3.2245974e-02   1.8721222e-01   1.2359786e-02  -3.7783301e-04  -1.2977079e-03
  -1.1951259e-01   1.3115501e-02   1.2365429e-01   1.2019376e-02  -2.5709621e-04  -1.1946473e-03
  -1.1156149e-01   6.2001975e-02   2.1329825e-01   1.1813017e-02  -3.8709057e-04  -1.2742561e-03
  -1.1195318e-01  -1.3808778e-02   1.3007676e-01   1.2610719e-02  -3.2628986e-04  -1.3061491e-03
  -9.7459125e-02   2.3645313e-02   1.8346633e-01   1.3418735e-02  -5.9080111e-04  -1.3793910e-03
  -1.0252660e-01   2.5453330e-02   1.9910546e-01   1.3412440e-02  -5.1366855e-04  -1.3981052e-03
  -1.1019316e-01  -3.0182316e-03   1.1600873e-01   1.3022051e-02  -3.2157696e-04  -1.2048398e-03
  -1.0402649e-01   5.2171710e-02   2.1650658e-01   1.3069945e-02  -3.4560896e-04  -1.2792744e-03
  -1.2128056e-01  -8.1343121e-02   1.2439811e-01   1.4797476e-02  -3.0388840e-04  -1.4478322e-03
  -1.2042655e-01   5.2249820e-05   1.7444693e-01   1.3822690e-02  -3.5987068e-04  -1.4852831e-03
  -1.1248448e-01   5.6909184e-02   1.7323452e-01   1.1859425e-02  -3.9487078e-04  -1.2288471e-03
  -1.2029372e-01  -2.2877900e-03   1.7628548e-01   1.2083439e-02  -3.2337580e-04  -1.2980849e-03
  -1.1082134e-01   1.1178240e-04   1.3440192e-01   1.2732194e-02  -4.8974662e-04  -1.3138498e-03
  -1.0248691e-01   2.6876992e-02   2.0674926e-01   1.3136256e-02  -7.1704875e-04  -1.3754382e-03
  -1.1547381e-01  -2.1546547e-02   1.1336672e-01   1.3407863e-02  -4.8200964e-04  -1.3057488e-03
  -9.6144822e-02   7.8161663e-02   1.9692745e-01   1.2473964e-02  -5.8382931e-04  -1.3197991e-03
  -1.1783716e-01  -4.3668723e-02   1.1786182e-01   1.3194027e-02  -3.2916888e-04  -1.2914438e-03
  -9.4192216e-02   4.2844064e-02   2.0018771e-01   1.3640487e-02  -7.7624655e-04  -1.5451676e-03
  -1.1428635e-01  -4.2204478e-02   1.2107360e-01   1.3654799e-02  -6.4114909e-04  -1.4120846e-03
  -1.0240175e-01   5.6927446e-02   1.5532595e-01   1.2728058e-02  -5.8442117e-04  -1.3635682e-03
  -1.1067792e-01   5.2632783e-03   1.3634843e-01   1.2806515e-02  -4.6804701e-04  -1.4506656e-03
  -1.0852294e-01   3.0529534e-02   1.1685872e-01   1.2885603e-02  -4.4991476e-04  -1.3551047e-03
  -9.8269329e-02   1.3321888e-02   1.7768719e-01   1.3775075e-02  -6.4372763e-04  -1.5096525e-03
  -1.1498375e-01  -3.0486730e-02   1.1279956e-01   1.4083985e-02  -4.4319317e-04  -1.4285309e-03
  -9.9507163e-02   4.8605441e-02   1.6009654e-01   1.3197380e-02  -6.4396070e-04  -1.4030976e-03
  -1.2241315e-01   2.4505331e-04   9.8246086e-02   1.2853112e-02  -2.4098877e-04  -1.3122846e-03
  -9.7281647e-02   7.1622846e-02   1.8109821e-01   1.2641634e-02  -6.1958659e-04  -1.4618723e-03
  -1.1454336e-01  -5.8349159e-02   1.0163271e-01   1.3970363e-02  -5.0347977e-04  -1.4363083e-03
  -9.4498263e-02   6.0767714e-02   1.6884625e-01   1.3250031e-02  -6.5493279e-04  -1.4245396e-03
  -1.1756554e-01  -1.2787979e-02   8.1811353e-02   1.3234011e-02  -2.4402573e-04  -1.2162862e-03
  -9.2496931e-02   4.6878372e-02   1.7627125e-01   1.3091469e-02  -5.3552574e-04  -1.3928296e-03
  -1.1583047e-01  -4.7855183e-02   9.6186946e-02   1.4027241e-02  -4.3496330e-04  -1.4478460e-03
  -1.0216506e-01   2.7577451e-02   1.6131421e-01   1.3722301e-02  -6.5402704e-04  -1.4432491e-03
  -1.1144732e-01   3.1565063e-02   1.0879610e-01   1.2654331e-02  -4.3700703e-04  -1.2796367e-03
  -1.1440008e-01   3.1396565e-02   1.4980220e-01   1.2898201e-02  -3.8494530e-04  -1.3599761e-03
  -1.0852811e-01   2.3481123e-02   9.2589139e-02   1.3296980e-02  -5.1012492e-04  -1.4018053e-03
  -1.0188829e-01   3.5702815e-02   1.5570240e-01   1.3729351e-02  -6.9615244e-04  -1.4564572e-03
  -1.1128409e-01   7.6283178e-03   8.6418205e-02   1.3551522e-02  -3.9594137e-04  -1.3071449e-03
  -1.0100129e-01   6.3012926e-02   1.6208428e-01   1.3008527e-02  -5.9135037e-04  -1.3274463e-03
  -1.1040592e-01   1.8778795e-02   8.6978527e-02   1.2969847e-02  -2.6633573e-04  -1.3228128e-03
  -9.2571291e-02   5.5467534e-02   1.8457367e-01   1.3423363e-02  -6.0233634e-04  -1.4289515e-03
  -1.0585092e-01  -4.5972823e-02   1.0605089e-01   1.4017035e-02  -4.9925426e-04  -1.3343616e-03
  -9.8251370e-02   5.2690187e-02   1.8497193e-01   1.3102144e-02  -5.9301789e-04  -1.4300498e-03
