   0.0000000e+00   0.0000000e+00   0.0000000e+00   0.0000000e+00   0.0000000e+00   0.0000000e+00
  -1.0285770e-02  -1.2370433e-02   2.3153687e-02   1.7776804e-04   2.3365968e-04   3.4804118e-04
   6.1344084e-03  -3.5237642e-03   6.1429698e-02   5.0578505e-04  -1.7506986e-04   2.5126060e-04
  -7.1606649e-02  -7.4036059e-02   3.5374793e-02   1.5027757e-03   1.2370119e-03   9.1148923e-04
  -3.6392963e-02   2.6358141e-02   4.4433835e-02   3.4281076e-04   6.8498317e-04   6.8466843e-04
  -3.6773102e-02  -1.7737063e-02   6.9918140e-02   1.0046901e-03   5.7899621e-04   9.0129856e-04
  -1.0252249e-02  -1.6359122e-03   8.6337536e-02   1.4316505e-03  -1.5921092e-04   5.2426390e-04
  -2.8554974e-03  -3.8383881e-03   9.0103466e-02   1.5637220e-03  -5.6667339e-04   3.2548630e-04
  -1.3406040e-02  -7.0404741e-03   6.6264479e-02   1.8178502e-03  -2.4106783e-04   6.3158468e-04
   6.4764990e-04   4.4930492e-02   7.9015824e-02   5.4749089e-04  -3.8308715e-04   5.4169122e-04
  -7.1399772e-03  -6.4272864e-02   8.3389761e-02   2.7297803e-03  -5.4997154e-04   7.9870162e-04
  -1.0517667e-02  -1.1900569e-02   7.8870243e-02   2.2337877e-03  -4.3622811e-04   7.2195558e-04
  -9.4908298e-03   2.9354016e-03   8.3802994e-02   1.3510638e-03  -4.7285342e-04   7.5676739e-04
  -6.0905324e-02  -3.2033772e-02   6.3163227e-02   1.7566271e-03   6.5791450e-04   1.1365465e-03
  -3.5114698e-02  -3.0477514e-02   9.1666390e-02   2.6146795e-03   4.1502875e-04   1.0148301e-03
  -5.9589790e-02  -4.4521728e-02   7.5479543e-02   2.9376893e-03   9.8225717e-04   1.0901026e-03
  -5.8682026e-02  -1.0291783e-02   8.5419762e-02   2.9047407e-03   1.0100734e-03   9.7251907e-04
  -1.0079013e-01  -1.7638897e-02   6.0584659e-02   2.4989630e-03   1.8097515e-03   1.4084946e-03
  -1.0372912e-01  -5.2139765e-02   8.0525793e-02   3.1839607e-03   1.6255273e-03   1.3280914e-03
  -8.4838532e-02  -9.2436581e-03   9.0354596e-02   2.6014735e-03   1.5294644e-03   1.2244655e-03
  -1.0296626e-01  -3.8376249e-02   7.1001510e-02   2.4660460e-03   1.7505640e-03   1.3663617e-03
  -4.7528356e-02   3.0569340e-02   1.1033354e-01   1.9949625e-03   7.9261721e-04   8.1931679e-04
  -6.0039602e-02  -6.9359244e-02   9.9436153e-02   2.8656258e-03   9.3423185e-04   1.0897036e-03
  -5.1744003e-02  -4.9045126e-03   9.6158551e-02   2.0572456e-03   9.2151425e-04   9.8690618e-04
  -4.1084122e-02  -4.0245690e-03   1.0908184e-01   2.0350919e-03   6.0290552e-04   7.9712754e-04
  -7.0382600e-02  -4.1767457e-02   8.5312752e-02   2.9856646e-03   1.5140812e-03   1.3981361e-03
  -3.3620936e-02  -3.9166388e-03   1.3321964e-01   3.1754504e-03   6.1864318e-04   1.0295756e-03
  -7.4787319e-02  -7.4061388e-02   1.0338835e-01   3.6722502e-03   1.2275692e-03   1.4722728e-03
  -6.0352097e-02   9.2508544e-03   1.2118634e-01   2.0524455e-03   1.1047119e-03   1.2742263e-03
  -7.2317497e-02  -7.0398049e-02   1.3445877e-01   3.6142559e-03   1.0533832e-03   1.2651238e-03
  -7.1423760e-02  -4.5915381e-02   1.2510586e-01   3.4520278e-03   1.1341641e-03   1.3092334e-03
  -8.3124944e-02  -6.7416722e-02   1.2436707e-01   3.3193524e-03   1.3545491e-03   1.5034548e-03
  -6.0837286e-02   1.1466674e-02   1.3259582e-01   2.0750675e-03   1.1909928e-03   1.2680629e-03
  -7.0115164e-02  -8.3927434e-02   1.4299586e-01   3.2045143e-03   1.2757079e-03   1.3145519e-03
  -6.3963952e-02  -7.0580219e-02   1.2156885e-01   3.4348298e-03   1.2587262e-03   1.3611952e-03
  -6.8404808e-02  -4.3421737e-02   1.3370008e-01   2.9601293e-03   1.0584114e-03   1.3970386e-03
  -1.1600634e-01  -8.0231437e-02   8.9785658e-02   3.4914854e-03   2.0035865e-03   1.9603922e-03
  -9.8052012e-02  -6.3204662e-02   1.3123031e-01   4.1715874e-03   1.5766214e-03   1.7653521e-03
  -1.1614358e-01  -7.5760782e-02   1.0955349e-01   4.3292024e-03   2.1131125e-03   1.9041324e-03
  -1.5511383e-01  -8.3901216e-02   9.8344021e-02   4.1555174e-03   2.6997104e-03   2.2885277e-03
  -1.2171520e-01  -1.5281492e-02   1.5012795e-01   2.9354207e-03   2.3089737e-03   1.9596880e-03
  -1.6276330e-01  -1.1818991e-01   8.9033103e-02   4.8987457e-03   3.0160711e-03   2.2478987e-03
  -1.1921740e-01  -1.6352288e-02   1.3465732e-01   3.1440728e-03   2.2669463e-03   1.8986948e-03
  -1.5898212e-01  -5.8320838e-02   8.1813385e-02   3.8304780e-03   3.1641103e-03   2.1037709e-03
  -1.8479976e-01  -9.3056001e-02   7.9811612e-02   4.8607082e-03   3.8314088e-03   2.0610399e-03
  -1.2523288e-01   2.7531359e-02   1.3511160e-01   2.2466707e-03   2.6909711e-03   1.6613030e-03
  -1.3188771e-01  -4.3898322e-02   1.0315818e-01   2.9587551e-03   2.7824630e-03   1.8447374e-03
  -1.0103607e-01  -3.3809931e-02   1.1034960e-01   3.3089839e-03   2.2052278e-03   1.5043525e-03
  -7.2451202e-02   7.8360830e-03   1.3829974e-01   3.2064663e-03   1.6954697e-03   1.2511447e-03
  -4.9122844e-02  -4.1462636e-02   1.0483114e-01   3.9367644e-03   1.3260518e-03   1.3843732e-03
  -4.1965698e-02   2.2153756e-02   1.3130491e-01   2.4318951e-03   1.0896093e-03   1.0474678e-03
  -3.7228823e-02  -1.8865046e-02   1.4135589e-01   2.5217693e-03   8.8890411e-04   1.0810989e-03
  -4.4530623e-02  -6.0558198e-02   1.2238578e-01   3.4827228e-03   1.0530877e-03   1.2566193e-03
  -3.0451581e-02  -1.0996348e-02   1.7286785e-01   3.1119619e-03   4.6007823e-04   8.2058053e-04
  -4.9422963e-02  -9.0741740e-02   1.5203926e-01   3.8044542e-03   6.5023791e-04   1.1181979e-03
  -4.5729199e-02  -2.6801959e-02   1.5889067e-01   2.9631353e-03   5.4835560e-04   9.2286680e-04
  -5.1557800e-02  -3.6555106e-02   1.5461463e-01   3.0082300e-03   5.9422153e-04   9.0589407e-04
  -5.8802815e-02  -3.0820156e-02   1.3962551e-01   3.0812803e-03   9.3271501e-04   1.1726897e-03
  -4.5212315e-02   1.7340572e-02   1.5425263e-01   2.2000552e-03   6.9700351e-04   9.1559831e-04
  -5.7338121e-02  -7.1434224e-02   1.5597954e-01   3.1830155e-03   7.7227738e-04   1.0087217e-03
  -6.0849935e-02  -3.6077360e-02   1.3775893e-01   2.8714742e-03   7.8692208e-04   9.1120997e-04
  -5.0963340e-02  -4.9548296e-02   1.5060892e-01   3.1839521e-03   6.5752017e-04   9.0195603e-04
  -5.8116876e-02  -8.0923818e-02   1.4492159e-01   3.5068521e-03   4.5402188e-04   9.0263858e-04
  -3.3464536e-02   1.0159557e-02   1.5326750e-01   1.8846162e-03   3.7081373e-05   5.2687813e-04
  -6.4136738e-02  -8.0824701e-02   1.3433357e-01   2.9096368e-03   5.9989958e-04   8.4375023e-04
  -3.9103536e-02   2.8025488e-02   1.3453895e-01   1.5071723e-03   3.3717375e-04   5.0598959e-04
  -6.3530128e-02  -4.8156104e-02   1.1876572e-01   2.6297008e-03   9.4045203e-04   9.4897616e-04
  -5.7517611e-02   2.6912245e-02   1.2275923e-01   1.5625125e-03   1.0005352e-03   8.4386613e-04
  -6.7491271e-02  -6.7473278e-02   1.1861662e-01   3.4301558e-03   7.9916417e-04   9.9796604e-04
  -6.3863122e-02  -2.1453969e-02   1.0732213e-01   3.3605158e-03   7.4678748e-04   8.8900167e-04
  -9.4175704e-02  -6.0839381e-02   1.0406072e-01   3.4530972e-03   9.9268450e-04   9.8953301e-04
  -8.1490941e-02   1.0110517e-02   1.1412066e-01   2.5417507e-03   9.2899910e-04   6.9850312e-04
  -1.3919724e-01  -4.7919865e-02   7.0991677e-02   3.5059623e-03   2.1354535e-03   1.1897664e-03
  -9.3484347e-02   1.4382547e-02   1.3126904e-01   2.7980651e-03   1.4280257e-03   7.5413022e-04
  -1.3684121e-01  -7.3177109e-02   8.6267367e-02   4.1537889e-03   1.8563563e-03   1.0104758e-03
  -1.2249236e-01   8.5954155e-03   1.1159054e-01   3.2340595e-03   1.9668942e-03   6.5306272e-04
  -1.7138632e-01  -2.7139675e-02   4.4694947e-02   3.5403329e-03   2.8530133e-03   1.2387828e-03
  -1.1602502e-01   8.7534543e-02   1.2927521e-01   1.3262454e-03   2.0370308e-03   5.6051900e-04
  -1.1919446e-01  -1.8708278e-02   8.4249571e-02   2.7737051e-03   2.0913044e-03   9.0807695e-04
  -8.6715578e-02   3.7611256e-02   9.4787766e-02   2.6746413e-03   1.7979599e-03   6.3592541e-04
  -7.0270331e-02   3.7746168e-02   1.3424369e-01   3.1225308e-03   1.3820312e-03   3.3357922e-04
  -7.7139708e-02  -1.0062066e-02   8.0335685e-02   2.9842573e-03   1.7461174e-03   5.8006568e-04
  -6.4454864e-02   3.4576668e-02   1.1056004e-01   2.6973936e-03   1.8033516e-03   3.5988568e-04
  -5.3949303e-02  -6.4446427e-04   1.3871372e-01   2.3599730e-03   1.3411257e-03   1.8410694e-04
  -4.8026552e-02  -2.9201313e-02   1.0215895e-01   2.5477219e-03   2.3579083e-03   1.6892573e-04
  -3.1531892e-02   1.4743728e-02   1.4246368e-01   1.5391280e-03   2.6863258e-03  -4.1489795e-04
  -1.7365879e-02  -1.4512303e-02   1.0341083e-01   2.0544981e-03   2.1334464e-03  -3.7551440e-04
  -1.6771063e-02  -3.6717986e-02   6.0779875e-02   2.4168485e-03   1.9712139e-03  -1.4448308e-04
  -1.8243432e-02  -1.1100154e-02   7.6157651e-02   1.8298178e-03   1.7358694e-03  -3.5596548e-04
  -1.4602997e-02  -3.7182243e-02   5.1855835e-02   2.5817790e-03   1.5218470e-03  -2.8870204e-04
  -2.2399704e-02  -3.8051264e-02   3.9639318e-02   2.7491229e-03   1.8114904e-03  -1.0979641e-04
  -1.1526827e-02  -1.6204216e-02   8.2803441e-02   1.9733906e-03   1.3264306e-03  -3.6618188e-04
  -2.2861611e-02  -5.5402872e-02   5.0481565e-02   2.4745012e-03   1.5467359e-03  -1.8509334e-04
  -3.1821739e-02  -1.3806715e-02   5.1877514e-02   1.9512200e-03   1.6185849e-03   4.8190755e-06
  -3.3223244e-02  -4.0549727e-03   5.6516309e-02   2.3318017e-03   1.5545661e-03  -2.9738175e-04
  -7.0336047e-02  -2.7026091e-02   3.0504899e-02   2.8567016e-03   2.0783918e-03   3.8588183e-04
  -3.7404118e-02   3.6689773e-02   7.4764996e-02   1.9252763e-03   1.7005494e-03   7.8614740e-05
  -8.1962350e-02  -7.5690517e-02   2.0073207e-02   3.2503852e-03   2.0742008e-03   5.4531476e-04
  -7.1380875e-02  -6.0568174e-03   2.2702590e-02   2.2005024e-03   1.9405926e-03   2.8612286e-04
  -8.7971977e-02  -8.1657943e-02   1.1790573e-02   4.2250464e-03   2.0946235e-03   4.8384051e-04
  -8.3674092e-02  -2.7082795e-02   8.7413847e-03   3.7625031e-03   2.0880398e-03   4.4054987e-04
  -9.1847193e-02  -3.8506334e-02   1.4768250e-02   4.4742447e-03   2.3204487e-03   3.4763376e-04
  -1.1275137e-01  -3.1357086e-02  -1.3152536e-02   3.6956368e-03   2.7787156e-03   6.4161229e-04
  -1.2069137e-01  -2.6456200e-02   1.0333784e-02   4.0684274e-03   3.0938562e-03   3.9454749e-04
  -1.1251753e-01  -1.7432700e-02  -3.5490885e-03   2.8088497e-03   3.2064986e-03   5.6899656e-04
  -7.7552925e-02  -1.2065638e-02   4.2520358e-02   3.3045700e-03   2.2594283e-03   2.8821388e-04
  -9.7191754e-02  -4.9817663e-02  -6.0542569e-03   3.8013681e-03   2.7327408e-03   5.9789948e-04
  -7.3721262e-02   1.3804494e-02   3.9374724e-02   2.4208877e-03   2.4744401e-03   3.3043068e-04
  -8.9558978e-02  -5.6885689e-02   1.0264566e-02   3.1261994e-03   2.8250888e-03   4.5961146e-04
  -9.4883511e-02   8.4609762e-03  -1.1239632e-02   2.3768210e-03   2.9903394e-03   7.0338424e-04
  -7.7665291e-02  -2.8809524e-02   3.9775253e-02   3.1926608e-03   2.3749497e-03   3.4273745e-04
  -8.2328498e-02  -6.5059038e-02  -6.6693939e-04   3.9612849e-03   2.5099859e-03   4.8659616e-04
  -7.1292231e-02  -2.5893544e-02   2.8617295e-02   3.1555896e-03   2.4208433e-03   3.4951438e-04
  -8.3210132e-02  -5.0869290e-02   1.9171418e-02   3.2335325e-03   2.6023719e-03   5.0046419e-04
  -9.2555524e-02  -2.3982177e-02  -9.0548185e-03   2.7763838e-03   2.8276487e-03   5.7442233e-04
  -7.6785858e-02   5.4891072e-03   3.0368603e-02   2.1337127e-03   2.6241499e-03   4.5790851e-04
  -9.6003455e-02  -6.2563755e-02  -2.4224638e-03   3.6460196e-03   2.9934287e-03   6.2369866e-04
  -8.3905415e-02  -1.4673077e-02   3.9262271e-03   2.9099152e-03   2.6957560e-03   5.4782079e-04
  -8.1208820e-02  -6.9966208e-02   1.5269244e-02   3.6375706e-03   2.4960334e-03   4.8450885e-04
  -9.7815248e-02  -5.5988663e-02  -1.1870071e-02   3.7282020e-03   2.8268648e-03   6.3467449e-04
  -8.2575283e-02  -1.9941494e-02   1.1436087e-02   3.5266544e-03   2.3592294e-03   3.2859751e-04
  -1.0803038e-01  -5.6201773e-02  -2.0825787e-02   3.5657236e-03   3.0251101e-03   7.2345330e-04
  -8.0268383e-02   4.1917830e-03   1.3038603e-02   3.2245914e-03   2.4913660e-03   3.4500349e-04
  -1.0506999e-01  -7.7830169e-02  -1.8450281e-02   4.0637196e-03   2.9173779e-03   6.7219692e-04
  -7.9225940e-02  -2.3267240e-02   2.0038785e-02   3.3717928e-03   2.6499029e-03   4.4420552e-04
  -1.5998908e-01  -6.8995002e-02  -6.5895485e-02   4.3968849e-03   4.0305965e-03   6.7637949e-04
  -1.3807439e-01  -2.6407289e-02  -4.7858976e-02   4.7528025e-03   4.2021144e-03   5.7093056e-04
  -1.2009245e-01  -4.1182734e-02  -5.4303382e-02   4.3031095e-03   4.2867776e-03   7.3810201e-04
  -1.0816080e-01  -1.9099898e-02  -2.4278318e-02   2.9563444e-03   3.5890171e-03   5.2271802e-04
  -1.1683227e-01  -2.0526733e-02  -7.3652527e-02   2.3452341e-03   3.9235226e-03   6.6136460e-04
  -9.2954292e-02   8.8411633e-03  -7.7302691e-03   2.1056234e-03   3.5204869e-03   4.2492131e-04
  -1.0160196e-01  -5.3803649e-02  -5.6727963e-02   3.9592547e-03   3.7502748e-03   5.2491853e-04
  -7.5628588e-02   1.6255532e-02  -1.0617015e-02   3.0425180e-03   3.3258815e-03   2.3360793e-04
  -7.5528718e-02  -2.5181840e-02  -7.2695958e-03   2.9136261e-03   3.0756191e-03   4.5596611e-04
  -7.1534436e-02  -1.1250928e-02  -2.4531369e-02   2.2285904e-03   2.9906626e-03   3.8514576e-04
  -5.9983007e-02   1.3450974e-02   9.6457370e-03   1.8318843e-03   2.8799325e-03   2.3638376e-04
  -7.9339541e-02  -9.7237194e-02  -2.4195073e-02   4.2952550e-03   3.0630560e-03   4.6863049e-04
  -6.9227464e-02  -3.9135037e-02  -1.9105404e-02   3.8255625e-03   2.9105072e-03   3.3353639e-04
  -6.4707836e-02  -2.5809080e-02  -1.8588121e-03   3.4716292e-03   2.8514711e-03   2.5815284e-04
  -9.7395595e-02  -4.7134390e-02  -4.2131685e-02   3.3677091e-03   3.4887952e-03   5.3327005e-04
  -8.3301894e-02  -3.9629606e-03   8.7704223e-03   3.0213535e-03   3.0188882e-03   2.5619491e-04
  -1.3532780e-01  -8.9350316e-02  -4.7144656e-02   4.7331789e-03   3.7384746e-03   3.9485016e-04
  -1.1005963e-01  -3.5941781e-02   4.7985229e-03   4.5348070e-03   3.3926781e-03   9.6372526e-05
  -1.6065425e-01  -6.5238765e-02  -7.1363193e-02   4.3815958e-03   4.5822685e-03   5.9076076e-04
  -1.6575142e-01  -7.1303397e-02  -5.4820565e-02   4.1653961e-03   4.4749111e-03   4.2545435e-04
  -1.0849411e-01   4.8407847e-03   5.0640926e-03   3.1697462e-03   3.6940855e-03   4.7299282e-05
  -1.2486544e-01  -9.4653691e-02  -6.3234598e-02   4.3205115e-03   4.0212942e-03   5.8310631e-04
  -1.0691595e-01   9.0181737e-03  -2.8212728e-02   2.3565895e-03   3.6845074e-03   3.1394656e-04
  -1.2264853e-01  -5.1060856e-02  -5.5854075e-02   3.9467619e-03   3.9090956e-03   4.1407909e-04
  -1.1439898e-01  -3.9521647e-02  -4.6949139e-02   4.0577116e-03   3.7366871e-03   3.1744624e-04
  -1.1708953e-01  -5.2605842e-02  -2.7112397e-02   4.2017659e-03   3.5942716e-03   3.4699983e-04
  -1.1634801e-01  -1.5470498e-02  -4.1338717e-02   3.0066183e-03   3.7379979e-03   3.8826285e-04
  -1.0364813e-01  -2.4121931e-02  -1.7143333e-03   3.0650659e-03   3.5260783e-03   2.3932067e-04
  -9.4176808e-02  -3.5907828e-02  -6.1202497e-02   2.7338035e-03   2.7931737e-03   1.0790642e-04
   5.6528450e-03   6.6338185e-02  -1.5218023e-01  -5.5930421e-03  -2.0705810e-03  -2.0144395e-03
  -4.7021615e-02  -1.4491966e-02  -3.8902801e-02  -3.6499269e-03  -9.7626817e-04  -1.8294109e-03
  -4.3734789e-02   6.7501245e-02   3.0803869e-02  -3.3609314e-03  -6.3506660e-04  -1.9885714e-03
  -4.3287251e-02   4.4577932e-02   3.9153431e-02  -2.7990956e-03  -4.0382722e-04  -1.8339310e-03
  -6.8159024e-02   2.0937202e-02  -2.8782146e-02  -2.1146287e-03   1.4210505e-04  -1.4763296e-03
  -4.7476277e-02   8.2105465e-02   1.6966384e-02  -3.3500918e-03  -1.1584458e-04  -1.8894472e-03
  -6.6757140e-02   6.7062233e-02   1.1031977e-02  -3.3988714e-03   2.4931838e-04  -1.6579667e-03
  -7.2338644e-02   5.8997641e-02  -3.0626299e-02  -2.2977708e-04   1.8468756e-03  -1.3377170e-03
  -7.3362085e-02  -1.1008433e-02  -1.5099160e-02   1.3494022e-03   1.4664788e-03  -1.3712109e-03
  -7.4783539e-02   8.3606664e-03  -3.4037675e-02   1.4037494e-03   1.2367580e-03  -1.4131431e-03
  -6.7086595e-02   3.9768832e-02   9.6221879e-04   7.6484146e-04   1.0632231e-03  -1.3089960e-03
  -1.4052647e-01  -2.2562935e-02  -7.8169508e-02   1.8776692e-03   2.2835310e-03  -1.1292861e-03
  -1.3643971e-01   2.1060542e-02  -5.7409843e-02   1.9130105e-03   2.6010249e-03  -1.3685563e-03
  -9.4909910e-02   8.3057984e-03  -3.2195224e-02   1.0820865e-03   1.7866559e-03  -1.2570223e-03
  -9.9307246e-02   3.3927449e-02  -6.3035034e-03   2.3608816e-04   1.5260776e-03  -1.4673210e-03
  -1.0192840e-01   3.6334440e-02  -5.4594123e-02   4.0054828e-04   1.9540828e-03  -1.0846301e-03
  -6.7573647e-02   8.3420403e-02   8.0693061e-03  -9.6048020e-04   1.3424632e-03  -1.4765146e-03
  -6.1236464e-02  -1.0520487e-02  -3.2909668e-02   7.7305056e-04   1.1424951e-03  -1.3191041e-03
  -5.4459815e-02   2.6012527e-02  -1.9466616e-02   7.8261285e-04   8.6253412e-04  -1.3233052e-03
  -5.7675011e-02   2.2669566e-02   3.5019091e-03   9.6867525e-04   8.9685662e-04  -1.2704641e-03
  -1.2379879e-01   4.6718773e-03  -1.3154140e-01   4.1126628e-04  -6.1159865e-04  -5.8173316e-04
  -1.3850605e-01   4.8147341e-02  -9.7295395e-02  -1.1819336e-03  -1.4209536e-03  -1.9833967e-04
  -1.5321517e-01  -1.1042328e-02  -9.8819293e-02  -1.5705747e-04  -9.3221253e-04  -1.2060442e-04
  -1.3820770e-01   2.3884045e-02  -1.0204521e-01  -4.2383575e-04  -1.0172710e-03  -2.5381469e-05
  -1.3790789e-01  -2.2028175e-02  -7.4923364e-02   3.0088001e-04  -1.2531281e-03  -1.6925197e-04
  -1.4490551e-01  -2.4027473e-02  -1.1376412e-01   6.4411513e-04  -1.0120282e-03  -4.7550755e-05
  -1.3047108e-01   2.7775550e-02  -6.8634967e-02  -3.4278323e-05  -1.4504695e-03  -3.8697238e-04
  -1.6953923e-01  -4.4817392e-02  -1.1960925e-01   3.6590365e-04  -8.2530350e-04   4.2117445e-05
  -1.6349242e-01   1.2409702e-02  -9.3650626e-02  -4.9928459e-04  -8.4927325e-04  -1.3556446e-04
  -1.6579253e-01  -1.2487330e-03  -1.1520371e-01  -4.3318312e-04  -7.4757043e-04  -9.9138376e-05
  -1.6452563e-01  -3.8562453e-02  -9.7239008e-02   7.5719136e-05  -8.2689755e-04  -2.7618122e-04
  -1.6777591e-01   1.6833374e-02  -1.1497559e-01  -7.1325039e-04  -7.9178536e-04  -1.7327564e-04
  -1.6149665e-01   1.7827210e-02  -9.9236065e-02  -1.5878731e-03  -8.8600365e-04  -2.8731500e-04
  -1.3107835e-01  -1.9059723e-02  -1.1931919e-01  -1.9619240e-04   2.4928053e-04   1.3650368e-03
