   0.0000000e+00   0.0000000e+00   0.0000000e+00   0.0000000e+00   0.0000000e+00   0.0000000e+00
  -1.2665164e-02  -1.6111539e-01  -5.3426035e-02  -5.2174437e-03   2.8104746e-03   1.7468117e-03
  -1.0731257e-01   9.9212732e-02  -1.6649636e-01  -3.0485984e-03  -7.2181760e-04   2.1773095e-03
  -1.6395703e-01   2.7833420e-01   1.5370016e-01  -6.5722066e-03  -4.8548322e-03   9.5579737e-04
  -1.4410245e-01   2.6987352e-01  -1.3546815e-01  -5.0325541e-03  -4.8226889e-03   1.0471209e-03
  -1.7432185e-01   3.5698901e-01   3.4806056e-02  -8.3795638e-04  -3.4635759e-03  -2.3179409e-04
  -1.8120712e-01   3.2649788e-01   9.5451998e-02   1.3430961e-04  -4.6948376e-03   2.1308764e-04
  -1.4706573e-01   2.7221152e-01   3.8367855e-02  -3.7159276e-04  -4.6917732e-03   7.4836473e-04
  -1.3987024e-01   3.1374760e-01   1.9892838e-01   1.2114534e-03  -5.1578471e-03   5.0275294e-04
  -1.3981459e-01   1.9005692e-01   1.3002246e-01   2.7649173e-03  -5.6956682e-03   8.3006401e-04
  -2.0240163e-01   2.6893271e-01  -7.3850835e-01  -1.2133918e-03  -5.6081978e-03  -1.6230167e-03
  -2.0136788e-01   2.7332033e-01  -8.1543100e-01  -8.3314475e-04  -5.0928668e-03  -2.1357258e-03
  -1.6990892e-01   2.9296079e-01  -4.8539530e-01  -8.8257522e-04  -5.1993248e-03  -1.6156369e-03
  -1.2278940e-01   3.3837920e-01  -3.3122263e-01  -2.7954961e-03  -4.8732796e-03  -1.3014890e-03
  -1.2502584e-01   3.1837940e-01   4.3421429e-02  -6.5143450e-03  -4.5141121e-03  -1.3743113e-03
  -1.2642106e-01   3.7101123e-01   1.2400057e-01  -5.1222905e-03  -4.4170872e-03  -1.5422458e-03
  -1.3927212e-01   3.9936830e-01   7.2124740e-02  -6.1793107e-03  -4.5254214e-03  -1.3281914e-03
  -1.2471573e-01   3.3847429e-01   4.8754575e-02  -5.2957774e-03  -5.4577795e-03  -5.2740434e-04
  -1.4568126e-01   3.7066271e-01   1.0479728e-01  -3.8369871e-03  -6.0372469e-03  -7.1945510e-04
  -1.7817476e-01   2.0295097e-01  -4.2766610e-01  -3.5744572e-03  -6.3955423e-03  -2.5896692e-05
  -1.7470770e-01   1.3677117e-01  -6.6445879e-01  -1.8299434e-03  -5.9982731e-03  -7.3756883e-05
  -1.7285413e-01   2.0131004e-01  -6.0970168e-01  -1.9714587e-03  -5.8955592e-03  -2.2131325e-05
  -1.8693806e-01   2.3885808e-01  -4.4102802e-01  -3.2102504e-03  -6.1360253e-03   4.7483638e-05
  -1.7230720e-01   2.4349957e-01  -2.6334755e-01  -4.4896257e-03  -6.5406715e-03  -1.5885209e-04
  -2.1851713e-01   3.1923652e-01   2.6231273e-02  -1.1119626e-02  -6.3781819e-03  -7.7047046e-04
  -2.8423178e-01   2.5100995e-01  -4.4635424e-01  -1.1285012e-02  -3.3570061e-03  -1.0295786e-03
  -2.6120759e-01   3.5273560e-01  -1.8689643e-01  -1.1865443e-02  -3.7194620e-03  -1.5863727e-03
  -2.7223237e-01   3.0438441e-01  -1.7004773e-01  -1.2134380e-02  -3.5242093e-03  -1.1265434e-03
  -2.6541894e-01   2.6217577e-01  -1.5796555e-01  -1.2152264e-02  -3.6757007e-03  -1.5963892e-03
  -2.5853652e-01   3.5583894e-01  -1.1070985e-01  -1.2533651e-02  -3.9397722e-03  -1.5991366e-03
  -2.6084238e-01   3.4142805e-01  -2.4042778e-01  -1.2904732e-02  -4.0428231e-03  -1.1881964e-03
  -2.5747967e-01   2.8755721e-01  -2.3061598e-01  -1.1551397e-02  -4.1782920e-03  -1.2956840e-03
  -2.5178288e-01   3.5069244e-01  -1.0973038e-01  -1.1834795e-02  -4.3600974e-03  -1.2270117e-03
  -2.5822628e-01   3.7650446e-01  -2.6819663e-02  -1.2297327e-02  -4.3055374e-03  -1.5154809e-03
  -2.7110356e-01   3.2698596e-01  -7.6052847e-02  -1.2882930e-02  -4.2036245e-03  -1.2570293e-03
  -2.6869763e-01   3.4350359e-01  -2.3660445e-01  -1.1652695e-02  -2.9883225e-03  -1.6620654e-03
  -2.7394300e-01   3.8247364e-01  -6.9311644e-02  -1.3252001e-02  -2.2476730e-03  -2.0709154e-03
  -2.8656701e-01   3.3075783e-01  -1.6846378e-01  -1.4040989e-02  -1.9033598e-03  -2.3474615e-03
  -3.0274840e-01   4.1794014e-01   6.0633713e-02  -1.4643809e-02  -3.1125024e-03  -2.3608979e-03
  -3.1177824e-01   3.3567576e-01  -2.5737284e-01  -1.3812548e-02  -2.2161481e-03  -2.5735434e-03
  -2.9532812e-01   4.4436543e-01  -6.7692469e-02  -1.2710336e-02  -2.2611062e-03  -2.6289732e-03
  -2.9699343e-01   3.7185304e-01  -1.8380535e-01  -1.2999806e-02  -2.0704830e-03  -2.3785317e-03
  -2.9379066e-01   4.2914856e-01   9.8922025e-03  -1.4152343e-02  -2.5615999e-03  -2.4330683e-03
  -2.8925480e-01   3.9806983e-01  -1.7512768e-01  -1.3057297e-02  -2.1471780e-03  -2.2378246e-03
  -2.5157145e-01   4.5692269e-01   3.1170294e-02  -1.2888757e-02  -2.2818169e-03  -1.8478354e-03
  -2.4230729e-01   3.3949098e-01  -1.6695524e-01  -1.2329388e-02  -1.3037176e-03  -1.3979977e-03
  -2.3173070e-01   4.2999351e-01  -1.9504134e-02  -1.3136910e-02  -1.3774344e-03  -1.6040400e-03
  -2.1478601e-01   3.5487114e-01  -1.8688220e-01  -1.1980221e-02  -1.8881710e-03  -1.2316695e-03
  -2.2525220e-01   3.7510992e-01  -3.0340443e-02  -1.1386274e-02  -1.8702711e-03  -1.2519739e-03
  -2.4175571e-01   4.7295912e-01   6.6553813e-02  -1.1977676e-02  -2.8601475e-03  -1.0971184e-03
  -2.5648122e-01   4.0212785e-01   6.6811062e-02  -1.2601795e-02  -3.1833494e-03  -1.0507102e-03
  -2.4830174e-01   3.5678477e-01  -5.2210377e-02  -1.1047151e-02  -2.5717121e-03  -1.3749314e-03
  -2.5089407e-01   5.0836933e-01   3.3029647e-01  -1.3119241e-02  -3.6426893e-03  -1.1377609e-03
  -2.1653060e-01   3.3727470e-01   1.7551867e-01  -1.2469911e-02  -3.7191386e-03  -6.8545413e-04
  -2.0552920e-01   4.3711433e-01   1.3589935e-01  -1.2094120e-02  -3.1867493e-03  -6.5605120e-04
  -1.9767402e-01   4.8436747e-01   6.3053105e-01  -1.2825080e-02  -3.6307900e-03  -2.9476231e-04
  -3.0073694e-01   3.6545560e-01   1.2089046e+00  -1.7795272e-02  -3.4331016e-03  -1.0177284e-03
  -3.0859849e-01   4.1146116e-01   1.7147478e+00  -2.3076001e-02  -4.9957706e-03  -1.2458421e-03
  -2.8695073e-01   3.7238008e-01   1.8596815e+00  -2.3294408e-02  -5.3022875e-03  -1.2697094e-03
  -2.5525818e-01   4.5408046e-01   1.9360094e+00  -2.3618838e-02  -5.3788447e-03  -1.1066718e-03
  -2.4602880e-01   4.5522324e-01   1.8311185e+00  -2.2516443e-02  -5.2774209e-03  -9.4383312e-04
  -2.2805549e-01   4.4561652e-01   1.9321319e+00  -2.3446905e-02  -5.5220258e-03  -8.5949838e-04
  -2.1439976e-01   4.9900027e-01   1.8588389e+00  -2.2554164e-02  -5.5035069e-03  -9.1692700e-04
  -2.0072192e-01   5.6633512e-01   2.0150303e+00  -2.3802425e-02  -5.9962069e-03  -6.0129617e-04
  -2.0315222e-01   4.5798322e-01   1.7513834e+00  -2.2810617e-02  -5.3228282e-03  -5.1400882e-04
  -1.9997819e-01   6.0186007e-01   1.9284976e+00  -2.3434728e-02  -5.3800029e-03  -7.0905792e-04
  -1.9719497e-01   5.4549170e-01   1.7193714e+00  -2.3615270e-02  -4.8651309e-03  -6.1201851e-04
  -2.1762193e-01   5.0744972e-01   1.5830120e+00  -2.4563479e-02  -3.9017442e-03  -1.1696375e-03
  -2.1469253e-01   5.9529657e-01   1.6177300e+00  -2.5422970e-02  -3.0455949e-03  -1.5716272e-03
  -1.9818987e-01   5.7714661e-01   1.6460107e+00  -2.5442590e-02  -3.3201002e-03  -1.1577004e-03
  -2.0150211e-01   5.9953052e-01   1.7289160e+00  -2.6271507e-02  -3.6799563e-03  -1.2195117e-03
  -2.0527330e-01   5.8645192e-01   1.8001862e+00  -2.8228900e-02  -3.1623694e-03  -1.5122573e-03
  -2.3186357e-01   5.8397923e-01   2.3837432e+00  -3.3851049e-02  -3.5519627e-03  -1.8929909e-03
  -2.2077100e-01   5.8358670e-01   2.7122541e+00  -3.7075216e-02  -4.7503821e-03  -1.3772435e-03
  -2.1079268e-01   6.8270221e-01   2.7963878e+00  -3.6019216e-02  -5.6805268e-03  -1.3617303e-03
  -2.2518102e-01   5.5235087e-01   2.6134870e+00  -3.4803442e-02  -4.9326648e-03  -1.4903850e-03
  -2.0108019e-01   6.8363221e-01   2.6775639e+00  -3.6162258e-02  -5.2824249e-03  -1.5447534e-03
  -2.0472430e-01   6.1734966e-01   2.4269059e+00  -3.5115197e-02  -5.0619754e-03  -1.5709588e-03
  -2.0624425e-01   6.6971810e-01   2.3927130e+00  -3.4854950e-02  -5.3395990e-03  -1.6269285e-03
  -1.5531892e-01   7.3198857e-01   1.9024375e+00  -2.8981775e-02  -5.6443741e-03  -2.0097572e-04
  -1.3635009e-01   7.2248325e-01   1.9811723e+00  -2.8626902e-02  -5.9465146e-03  -4.7938271e-05
  -1.5518198e-01   6.2089096e-01   1.3513859e+00  -2.4037509e-02  -5.6074326e-03   5.8040396e-04
  -2.0190053e-01   7.2341743e-01   5.7803874e-01  -1.7842929e-02  -3.6411135e-03   6.3034771e-04
  -1.2837105e-01   8.8230084e-01   6.5867025e-01  -1.3960606e-02  -4.0656139e-03  -7.2017092e-04
  -8.0105202e-02   6.2209346e-01   8.3981836e-01  -1.4306255e-02  -3.0446140e-03   8.9731994e-04
  -1.8318165e-01   2.2529384e-01   5.7593379e-01  -1.5627558e-02  -5.2133350e-04   1.1917019e-03
  -2.6296232e-01   3.5933054e-01   5.9278591e-01  -1.5868941e-02   2.3206393e-03  -1.4168646e-03
  -4.1559605e-01   4.7654553e-01  -5.8963621e-01  -2.3748232e-02   2.4826649e-03  -3.3783475e-03
  -4.2333972e-01   4.4565275e-01  -5.7387292e-01  -2.0843495e-02   2.0682817e-03  -3.1605000e-03
  -4.0530458e-01   4.8736206e-01  -4.3202707e-01  -2.0796043e-02   2.3602018e-03  -2.8469966e-03
  -3.5346338e-01   4.9813099e-01  -2.1485421e-01  -2.1315429e-02   1.9251848e-03  -1.3492982e-03
  -3.3573189e-01   4.2400669e-01  -3.7585717e-01  -2.0502430e-02   2.6028794e-03  -1.1846888e-03
  -3.2739115e-01   5.0840871e-01  -8.5830107e-02  -2.0807792e-02   2.2211759e-03  -8.7452981e-04
  -3.1845232e-01   4.0441952e-01  -3.6182568e-01  -1.9283899e-02   2.7066557e-03  -5.5790442e-04
  -3.2294703e-01   4.6361637e-01  -3.8106675e-01  -1.9417316e-02   3.1756023e-03  -7.2745246e-04
  -3.2730031e-01   5.0565308e-01  -1.8160274e-01  -1.9593465e-02   3.2972628e-03  -1.0028522e-03
  -3.1902694e-01   4.4553942e-01  -4.0604496e-01  -1.9184784e-02   3.6838281e-03  -8.0322231e-04
  -3.2087920e-01   5.3337199e-01  -4.1975317e-01  -2.0563853e-02   4.3398251e-03  -1.0081724e-03
  -3.1017367e-01   5.3557765e-01  -4.4611675e-01  -2.0533957e-02   5.1087263e-03  -1.3146446e-03
  -3.1756020e-01   5.5144526e-01  -1.4689079e-01  -2.2044500e-02   5.3017891e-03  -2.2358724e-03
  -3.1835831e-01   5.2632720e-01  -1.6510585e-01  -2.0464304e-02   4.7041664e-03  -1.2525547e-03
  -3.1625917e-01   4.4459664e-01  -2.9881821e-01  -1.9462146e-02   4.9060995e-03  -1.1278943e-03
  -3.1955318e-01   4.5766581e-01  -4.8204413e-01  -1.8189109e-02   4.8680212e-03  -8.9235276e-04
  -3.0074231e-01   3.9032138e-01  -1.0582328e+00  -1.7368154e-02   4.8449419e-03  -2.9919583e-04
  -3.5307898e-01   4.2338417e-01  -4.4493068e-01  -2.0960779e-02   4.6975134e-03  -1.6600226e-03
  -3.4045824e-01   4.8606762e-01  -2.0195266e-01  -2.3074969e-02   3.8990502e-03  -2.0902952e-03
  -3.3141288e-01   4.3720211e-01  -2.5838850e-01  -2.3291137e-02   4.1408968e-03  -2.0824253e-03
  -3.5235226e-01   4.9948153e-01  -2.7421943e-01  -2.3814251e-02   4.3075018e-03  -1.9734340e-03
  -3.3419709e-01   5.7262459e-01   4.4706043e-02  -2.3456630e-02   3.1900135e-03  -9.6011009e-04
  -3.1712910e-01   5.2704989e-01  -1.6979091e-02  -2.2448393e-02   2.5747363e-03  -8.5347199e-04
  -3.1762078e-01   4.5084507e-01  -1.8028709e-01  -2.1079584e-02   3.6297439e-03  -1.0947134e-03
  -3.2360947e-01   5.8905439e-01   2.7170290e-01  -2.3104024e-02   2.7865700e-03  -1.3311974e-03
  -3.1081710e-01   4.8358372e-01   1.4478193e-01  -2.2406185e-02   2.8447205e-03  -1.3984983e-03
  -3.0816301e-01   5.5291083e-01  -5.7942623e-02  -2.2161747e-02   3.2390442e-03  -1.4798108e-03
  -3.1226811e-01   4.9935487e-01  -3.2670960e-01  -2.0425613e-02   4.0857106e-03  -1.1433929e-03
  -2.8571106e-01   4.9505090e-01  -2.1874033e-01  -2.0596747e-02   3.6798193e-03  -1.0088886e-03
  -2.9377706e-01   4.8163490e-01  -3.4422783e-01  -1.9050016e-02   3.7388789e-03  -9.9340117e-04
  -2.9342937e-01   4.9567201e-01  -2.9440314e-01  -1.9908574e-02   4.0221769e-03  -1.0118352e-03
  -2.9839784e-01   5.0848641e-01  -2.2075198e-01  -1.9990286e-02   4.1200914e-03  -1.0927397e-03
  -3.0854678e-01   5.2726355e-01  -1.6269284e-01  -2.0517792e-02   3.9343312e-03  -1.3134964e-03
  -3.1207743e-01   5.2603516e-01  -1.3913532e-01  -2.0607593e-02   3.8618871e-03  -1.3803745e-03
  -3.1423963e-01   5.2127195e-01  -6.6769437e-02  -2.3243943e-02   4.4125541e-03  -1.2766147e-03
  -3.6673384e-01   4.9479413e-01  -2.2505348e-01  -2.3876010e-02   4.2238686e-03  -1.6787214e-03
  -3.5519671e-01   4.8442007e-01  -1.2178196e-01  -2.2939438e-02   4.2102038e-03  -1.6513856e-03
  -3.3392154e-01   5.0016161e-01  -5.7046114e-01  -1.9648973e-02   3.9163439e-03  -1.7379205e-03
  -3.5451737e-01   4.4408508e-01  -4.7805360e-01  -1.8283673e-02   4.0007520e-03  -2.0708373e-03
  -3.6427924e-01   5.9558760e-01  -2.0980822e-01  -1.9215016e-02   3.3110036e-03  -2.5419663e-03
  -3.5458238e-01   4.6962823e-01  -3.4759223e-01  -1.5825148e-02   3.6857970e-03  -2.7392410e-03
  -3.3957199e-01   4.2397262e-01  -4.5142432e-01  -1.4731209e-02   3.5313962e-03  -2.0522772e-03
  -3.0673004e-01   5.2147045e-01  -2.4188957e-01  -1.5079961e-02   3.1369720e-03  -1.8880565e-03
  -3.0323498e-01   5.1574262e-01  -5.8865869e-01  -2.8029673e-02   5.0917336e-03  -2.1253213e-03
  -3.2280771e-01   5.0830378e-01  -3.3089836e-01  -3.3329842e-02   5.1313615e-03  -2.8505072e-03
  -3.1535693e-01   4.1201619e-01  -5.0165403e-01  -2.7489937e-02   4.8974452e-03  -2.2843386e-03
  -3.3615302e-01   5.3239895e-01  -2.8615527e-01  -2.5547761e-02   3.8792064e-03  -2.3350476e-03
  -3.2967857e-01   4.5574109e-01  -4.6527954e-01  -2.4251301e-02   4.0849636e-03  -2.0167829e-03
  -3.1837279e-01   4.9843882e-01  -3.0530029e-01  -2.4689553e-02   4.1136532e-03  -2.1001225e-03
  -3.3451833e-01   4.6705765e-01  -4.6326775e-01  -2.1746171e-02   3.8800381e-03  -2.3845386e-03
  -3.4458700e-01   6.9399417e-01   2.8231787e-02  -2.0921372e-02   2.7022469e-03  -2.4509146e-03
  -3.6046990e-01   5.8021022e-01  -1.0144995e-01  -1.9752978e-02   2.3723093e-03  -2.3919605e-03
  -3.5050398e-01   3.9664764e-01  -2.1617047e-01  -1.9590080e-02   2.6084057e-03  -2.2083421e-03
  -3.4677872e-01   4.8100925e-01  -2.7542170e-01  -2.1457277e-02   2.8870215e-03  -2.5192236e-03
  -3.5827740e-01   3.6304538e-01  -5.7084906e-01  -2.2679936e-02   2.9464532e-03  -2.3988690e-03
  -4.4940660e-01   4.9703948e-01  -1.2273975e+00  -2.0230808e-02   3.2999323e-03  -5.5744124e-03
  -4.7361660e-01   3.5046172e-01  -1.8137861e+00  -1.9279479e-02   2.0102361e-03  -6.8686314e-03
  -4.6143826e-01   3.7819729e-01  -1.6829025e+00  -1.8710474e-02   1.4458139e-03  -7.1457049e-03
  -4.5799389e-01   2.9508889e-01  -1.6335170e+00  -1.9290802e-02   1.5783235e-03  -7.1221116e-03
  -4.5768312e-01   3.0659647e-01  -1.6415446e+00  -2.0086014e-02   1.4222531e-03  -6.8446861e-03
  -4.4251348e-01   3.4456369e-01  -1.5943587e+00  -2.1083097e-02   1.1503439e-03  -6.7425086e-03
  -4.4274921e-01   3.0572107e-01  -1.6250356e+00  -2.0484634e-02   1.0185044e-03  -6.7218331e-03
  -4.3102320e-01   3.4020157e-01  -1.6062670e+00  -2.2459075e-02   8.2905247e-04  -6.6956294e-03
  -4.4132374e-01   2.8978311e-01  -1.6818940e+00  -2.4448953e-02   5.3091996e-04  -6.8170330e-03
  -4.3930647e-01   3.1431621e-01  -1.9411976e+00  -2.5913891e-02   1.0952935e-03  -7.0044655e-03
  -4.2936304e-01   2.1697491e-01  -2.0282351e+00  -2.6356188e-02   1.2452307e-03  -6.7842513e-03
  -4.2653105e-01   2.4637458e-01  -1.8499945e+00  -2.6944579e-02   1.4067713e-03  -6.8388236e-03
  -4.4807424e-01   3.9712388e-01  -1.2044115e+00  -2.9146291e-02   2.0997447e-03  -7.7146231e-03
  -4.4173320e-01   4.7536309e-01  -7.6872881e-01  -3.0604282e-02   9.7599452e-04  -7.0288480e-03
  -4.1789573e-01   4.6527723e-01  -6.9503151e-01  -2.9327912e-02   4.9658177e-04  -7.0712638e-03
  -4.0405451e-01   4.8087378e-01  -6.3358208e-01  -2.7959181e-02   1.5628318e-04  -6.9523625e-03
  -3.8969461e-01   5.0764417e-01  -5.4040137e-01  -2.9080186e-02   9.1762930e-05  -6.8686242e-03
  -3.9124259e-01   3.2358854e-01  -7.6494533e-01  -2.6674088e-02  -3.0516537e-04  -6.3438521e-03
  -3.7730216e-01   3.0123922e-01  -1.7086610e+00  -2.3458777e-02  -3.6040183e-04  -6.6106050e-03
  -3.8351411e-01   2.3581251e-01  -1.7938242e+00  -2.0285672e-02  -2.1696494e-04  -6.6309038e-03
  -3.8405944e-01   2.9505285e-01  -1.6617977e+00  -1.9893248e-02  -1.8339703e-04  -6.6158753e-03
  -3.7320586e-01   2.8920645e-01  -1.6589599e+00  -2.0318720e-02   2.2060016e-04  -6.7196939e-03
  -3.6365893e-01   2.9626590e-01  -1.5679440e+00  -2.2654677e-02  -1.0691194e-04  -6.4476099e-03
  -3.6610007e-01   2.5557687e-01  -1.5806180e+00  -2.1956885e-02  -1.1580443e-04  -6.3525057e-03
  -3.6515460e-01   3.0524732e-01  -1.5786752e+00  -2.2139748e-02  -2.8335967e-04  -6.2882327e-03
  -3.7814847e-01   3.1051740e-01  -1.5078173e+00  -2.0481891e-02  -2.9778719e-05  -6.7104160e-03
  -3.8966907e-01   3.8054974e-01  -9.4620676e-01  -2.5658639e-02   2.7990239e-05  -7.2014488e-03
  -3.6043842e-01   4.5044668e-01  -5.6916066e-01  -2.3542993e-02   4.5354217e-04  -6.8787458e-03
  -3.7418507e-01   4.5942567e-01  -6.9358364e-01  -1.9860261e-02  -4.7596994e-04  -6.0640853e-03
  -4.1683165e-01   4.0112988e-01  -2.3397592e-01  -2.0889868e-02  -4.5637429e-04  -6.4991100e-03
  -4.4229938e-01   4.1199417e-01   1.6664142e-01  -2.4929485e-02  -1.4403762e-03  -6.5589671e-03
  -4.2796939e-01   5.1806816e-01   4.0639599e-01  -2.4562805e-02  -2.7169399e-03  -6.4435696e-03
  -4.2047027e-01   4.5825096e-01   2.2446420e-01  -2.3810482e-02  -2.6947549e-03  -6.5534583e-03
  -4.1761896e-01   3.7576697e-01  -3.9666373e-01  -2.0727879e-02  -1.9746229e-03  -5.8686955e-03
  -3.9717433e-01   5.1136977e-01   1.3924999e-01  -2.3090243e-02  -4.2147874e-05  -6.2649978e-03
  -3.5749572e-01   5.0171869e-01   4.4143760e-01  -2.6770144e-02  -3.8845714e-03  -6.2912853e-03
  -3.6894398e-01   3.4775455e-01  -1.0763851e-01  -2.1542455e-02  -2.8853518e-03  -6.1891364e-03
  -3.9692785e-01   5.4357831e-01  -4.2216518e-01  -2.1614419e-02  -2.0656588e-03  -6.6967573e-03
  -4.1123911e-01   4.6953333e-01  -2.8100153e-01  -1.9337446e-02  -1.5575501e-03  -6.6065053e-03
  -3.9289553e-01   5.3083584e-01   4.8609956e-01  -2.5216081e-02  -2.1827563e-03  -6.7364903e-03
  -4.0919847e-01   4.8686208e-01  -7.3082741e-01  -2.4175316e-02  -1.1519412e-03  -7.4453251e-03
  -3.5145779e-01   4.1424101e-01  -7.2284823e-01  -2.2234966e-02  -1.5246133e-03  -6.5975236e-03
  -3.3323334e-01   4.2705002e-01  -6.7976228e-01  -2.1879882e-02  -2.1294775e-03  -6.2583287e-03
  -3.1581786e-01   3.7000259e-01  -7.5290307e-01  -1.8921367e-02  -1.8734611e-03  -5.7547391e-03
  -3.1597844e-01   4.5023662e-01  -6.3188499e-01  -2.0505127e-02  -1.8954841e-03  -6.0236372e-03
  -2.8111497e-01   4.2066538e-01  -7.5156912e-01  -1.8218387e-02  -1.4867565e-03  -5.3427028e-03
