   0.0000000e+00   0.0000000e+00   0.0000000e+00   0.0000000e+00  -6.9388939e-18   0.0000000e+00
   3.0098789e-03  -5.3904758e-03  -6.0218886e-02   9.2133645e-04   3.7318628e-04  -7.4867948e-05
   1.2485215e-02   7.9155664e-02   2.4439558e-01  -4.6024239e-04   3.1605419e-05   5.0754698e-05
   5.0983090e-02  -4.9878718e-03   3.2554422e-02   1.3406084e-03   2.9208157e-04   5.1400084e-04
  -2.1219357e-02   9.1184659e-02   2.4470983e-01   1.6900531e-03  -8.8822090e-04  -1.1239612e-04
   8.8376487e-02   1.0003169e-01  -6.5427596e-03   1.0159950e-03  -1.5464060e-04   8.3753365e-04
   6.5978366e-02   5.3729231e-02   2.4991840e-03   1.9481124e-03   3.0762308e-05   8.0724940e-04
   6.1811151e-02   1.1284983e-01   1.8130344e-01   1.2366694e-04  -1.0470965e-04   7.5583265e-04
   8.1047972e-02   4.3127583e-02   1.5437214e-02   1.4248404e-03   1.8503831e-05   1.1855225e-03
   6.4348757e-02   1.0945057e-01   1.6521783e-01   1.5696698e-03  -2.7036109e-04   9.0333165e-04
   8.7394721e-02   8.0578489e-02   1.6105427e-01   1.6185654e-03  -7.3326512e-04   1.3003894e-03
   1.0793604e-01   9.4572851e-02   2.4543732e-01   1.8678943e-03  -1.2072601e-03   1.4057223e-03
   1.2024799e-01   6.7287482e-02   1.6913821e-01   3.1400717e-04  -6.2492670e-04   1.7979322e-03
   1.1825863e-01   3.6187541e-02   1.0776796e-01   7.9377054e-04   8.8515879e-04   1.8332346e-03
   1.0886835e-01   1.0877186e-01   1.7914323e-01   1.3026674e-03   1.4536946e-03   1.2323515e-03
   1.2600264e-01   5.6716252e-02   1.0646184e-01   2.0260667e-03   1.0101276e-03   1.6999251e-03
   1.2255725e-01   5.4757189e-02   1.0963944e-01   2.2859146e-03   1.3712064e-03   1.4958680e-03
   1.2161179e-01   6.5937687e-02   2.7693580e-01   1.3859111e-03   8.4729340e-04   1.5734905e-03
   4.3421989e-02   6.1418582e-02  -1.1693510e-01  -6.8367909e-04   2.7325416e-03   8.6902815e-04
   6.7543229e-02   1.1134624e-01   2.1243196e-01  -1.6427326e-03   2.4734067e-03   1.0209766e-03
   8.7016049e-02   6.2179412e-02   4.9365090e-02   3.1201623e-04   2.2765873e-03   1.1414869e-03
   9.6138000e-02   9.6318453e-02   1.4537714e-01   5.7664857e-04   1.8324018e-03   1.1136495e-03
   8.1070692e-02   7.4251017e-02   8.9011809e-04  -5.4719882e-04   2.5891876e-03   1.2239059e-03
   7.7118298e-02   1.3160917e-01   2.3841902e-01  -1.4005268e-03   2.2697501e-03   1.0041668e-03
   8.7677216e-02   3.7100118e-02  -3.0901691e-02   7.2381254e-06   2.8399002e-03   1.2747329e-03
   6.1209256e-02   1.0677312e-01   5.9353281e-02   1.5137656e-05   3.3732633e-03   8.6919433e-04
   8.0361926e-02   9.0212782e-02   6.0537097e-02   3.4395648e-04   2.8080078e-03   1.1338883e-03
   1.1150367e-01   1.4973515e-01   2.2248313e-01  -5.0639594e-04   3.6752271e-03   3.7323472e-04
   8.9007956e-02   3.4858269e-02   5.2270460e-02   7.1348419e-04   3.4750405e-03   8.9172621e-04
   7.7285931e-02   1.1138351e-01   2.4463446e-01   2.2522857e-04   3.1720763e-03   5.5816097e-04
   8.4602644e-02   7.7920494e-02   1.0136830e-01   2.4854134e-04   3.1685460e-03   8.5400065e-04
   6.6921532e-02   1.1083984e-01   2.3005371e-01   2.4812128e-04   3.3709464e-03   4.1507031e-04
   7.7420382e-02   8.7921057e-02   1.1696491e-01   8.4454277e-04   2.9006709e-03   8.3549743e-04
   7.4260228e-02   1.2943674e-01   1.9626335e-01  -3.7204975e-04   3.1013402e-03   7.0310042e-04
   8.0375268e-02   7.0822088e-02   6.5800759e-02   5.9140629e-04   3.3485121e-03   1.0090440e-03
   7.8787843e-02   1.1455171e-01   2.1114765e-01   1.5452709e-04   2.7840107e-03   9.4370380e-04
   9.7542685e-02   7.2354382e-02   3.1869214e-02   4.6767180e-04   3.2904111e-03   1.1688223e-03
   8.8908910e-02   1.0399537e-01   1.4284782e-01  -6.3080532e-04   2.9934984e-03   1.2427770e-03
   1.0401936e-01   6.4016246e-02   2.8064261e-02   9.0404118e-04   3.0362045e-03   1.3572051e-03
   9.1048999e-02   1.2955533e-01   2.5787091e-01  -4.4487258e-04   2.7629930e-03   1.3056653e-03
   1.0204490e-01   8.3990252e-02   8.2739369e-04   3.3133516e-04   3.1854826e-03   1.5443056e-03
   1.0816497e-01   1.2406797e-01   1.7779859e-01   8.6366197e-04   3.0125566e-03   1.1591626e-03
   1.0108123e-01   1.0196957e-01   1.0492221e-01   3.4841675e-04   3.1068907e-03   1.1962755e-03
   8.1670220e-02   1.9467429e-01   4.6420849e-01  -1.9573095e-03   2.6407796e-03   9.4529492e-04
   1.0350910e-01   9.6310875e-02   3.1826525e-01  -1.7163501e-03   2.5621953e-03   1.2819294e-03
   8.0172909e-02   7.5450160e-02  -6.9888315e-02   3.2288160e-04   4.0212841e-03   1.2422468e-03
   2.5953277e-02   1.4728922e-01  -1.8665123e-02  -1.4025083e-04   4.7425879e-03   1.1254413e-04
   8.6544749e-02   1.3740656e-01   1.2497342e-01   1.6200595e-04   3.9033472e-03   7.7888654e-04
   8.2416636e-02   1.7204769e-01   2.1620655e-01   9.5771410e-05   3.9419671e-03   4.9532904e-04
   7.7137009e-02   1.7413227e-01   2.8250254e-01  -2.3519238e-03   3.6896053e-03   5.8243875e-04
   6.0601317e-02   1.8767467e-01   6.5751772e-01  -7.3549429e-03   3.5971707e-03   2.6415624e-05
   7.0609147e-02   2.3826965e-01   7.4060515e-01  -5.8779545e-03   2.8426440e-03   3.7105846e-04
   8.7763761e-02   8.4611721e-02   5.1269833e-01  -3.2131424e-03   3.2706583e-03   5.0363809e-04
   8.7435308e-02   1.2656625e-01   3.0284656e-01  -1.9148389e-03   3.3677553e-03   7.5505823e-04
   9.6735757e-02   1.1297639e-01   1.4504565e-01  -4.9608222e-04   3.3415608e-03   1.0434086e-03
   1.0352495e-01   9.2758583e-02   1.9919402e-01   6.4098893e-04   3.5068586e-03   7.5931325e-04
   9.8225691e-02   1.2510619e-01   1.4655463e-01   6.4064904e-04   3.6668690e-03   6.4256245e-04
   1.1058040e-01   6.7689333e-02  -6.5929959e-03   8.9341369e-04   3.2053992e-03   9.0675128e-04
   9.5597200e-02   1.3502557e-01   1.4698509e-01   4.1128761e-05   3.7118581e-03   5.4652280e-04
   1.0690966e-01   1.0723367e-01   2.1025606e-02   1.4827714e-03   3.5540881e-03   1.1324801e-03
   8.4988745e-02   1.2858474e-01   1.3352681e-01   9.7120379e-04   4.0129372e-03   4.2135020e-04
   1.0850561e-01   6.9724440e-02  -6.8454576e-02   1.2947555e-03   3.8997279e-03   8.5635926e-04
   1.0203066e-01   1.1326792e-01   1.3071652e-01  -8.4025871e-05   3.8781922e-03   7.3195532e-04
   7.6738291e-02   1.0815855e-01   2.8116329e-02   5.7881475e-04   4.5079862e-03  -3.0399362e-04
   1.3783282e-01   1.7370882e-01  -1.7295150e-02  -3.7317736e-03   3.4420284e-03  -1.6515981e-03
   1.3864989e-01   1.1413259e-01  -1.7465990e-01  -9.0777305e-04   3.9053045e-03  -1.3291948e-03
   1.6417572e-01   1.4906891e-01  -6.5369515e-02  -1.6128969e-03   3.7534800e-03  -1.0218109e-03
   1.6484775e-01   1.5266614e-01  -2.8098465e-03  -1.2689390e-03   4.0729933e-03  -7.4583957e-04
   1.6378270e-01   1.3289748e-01   2.7896067e-02  -1.1166084e-03   3.6249343e-03  -4.3563998e-04
   1.6211759e-01   1.1854078e-01  -1.3099543e-01  -1.0202450e-03   4.0875331e-03  -7.2038990e-04
   1.3935021e-01   1.9935823e-01   1.2821812e-01  -2.3754311e-03   3.9344966e-03  -8.3401973e-04
   1.6169792e-01   8.4486008e-02  -1.8265701e-02  -4.6057973e-04   3.8489183e-03  -4.8247270e-04
   1.5169254e-01   1.6016439e-01   6.2712103e-03  -4.2538428e-04   3.7959089e-03  -7.6438193e-04
   1.4606179e-01   1.8822869e-01  -6.5429871e-02  -7.4717154e-04   4.1379888e-03  -6.8150306e-04
   1.4064428e-01   1.9184771e-01   4.2857598e-01  -5.1953141e-03   3.6286324e-03  -1.3536059e-03
   1.7942484e-01   1.3776443e-01   8.7020684e-04  -7.5232533e-04   3.5061417e-03  -3.3909569e-04
   1.7701986e-01   1.0001719e-01  -9.9759774e-02   6.9228684e-04   3.8103061e-03  -3.5081490e-04
   1.8449581e-01   1.2962688e-01  -1.7629093e-03   8.7838515e-04   3.3593702e-03  -2.5457708e-04
   1.7226404e-01   9.6580751e-02  -1.3885352e-01   9.5080622e-04   3.6465727e-03  -4.0940050e-04
   1.7837425e-01   2.4771770e-01   2.1307256e-01  -1.7677964e-03   3.0191366e-03  -6.1644166e-04
   2.4796871e-01   1.2369820e-01   2.2387943e-01  -1.0387023e-05   2.3317173e-03   6.3618692e-04
   2.3952235e-01   1.8312151e-02   3.5332414e-01  -3.7621530e-03   1.7447189e-03  -3.5146857e-04
   2.2400303e-01   6.2260651e-02   4.1626520e-02   1.1228385e-03   2.4413066e-03   1.9591764e-04
   2.2391242e-01   8.0160823e-02  -7.6364430e-03   1.6591337e-03   2.5674440e-03   3.8799482e-04
   2.1285610e-01   1.7775670e-01   2.6483312e-01   2.0102191e-04   2.2837075e-03   2.8338465e-04
   2.2723329e-01   3.1859242e-02   6.4168931e-02   2.5187332e-03   2.2458269e-03   4.0406476e-04
   2.2207896e-01   1.1077927e-01   1.4632315e-01   1.9965069e-03   2.1267742e-03   1.8489283e-04
   2.2412848e-01   9.0733947e-02   1.0290378e-01   1.0410226e-03   2.1349902e-03   4.1662203e-04
   2.1201246e-01   1.8720844e-02   7.9365226e-02   1.6177344e-03   2.3639485e-03   2.2948990e-04
   1.7059297e-01   9.8032951e-02   1.6872978e-01   3.1385527e-04   2.9757081e-03  -1.8531534e-04
   8.5099348e-02   1.4745618e-01  -4.8668212e-02  -1.4107606e-03   4.3005211e-03  -1.2956009e-03
   1.2284335e-01   5.1245626e-02  -5.4537850e-02   1.0086030e-03   3.6514464e-03  -8.8347197e-04
   1.0329247e-01   4.9550433e-02  -2.1719837e-01   1.6222896e-03   4.0442209e-03  -1.3163652e-03
   1.0884831e-01   9.8743463e-02  -2.4590664e-01   1.8058972e-03   3.9602148e-03  -1.2160105e-03
   1.0430651e-01   6.2303915e-02  -2.3096256e-01   2.1357043e-03   3.7434473e-03  -1.3887623e-03
   1.0576528e-01   1.1115602e-01  -1.0253909e-01   2.7080009e-03   4.3745472e-03  -1.2813909e-03
   1.2383784e-01   8.7311150e-02  -1.5987603e-01   2.9953339e-03   3.3955663e-03  -1.2430354e-03
   1.1264345e-01   7.6083597e-02  -1.8558944e-01   2.7592130e-03   3.4526339e-03  -1.2060332e-03
   1.1589616e-01   7.3739043e-02   1.8784714e-02   2.4412340e-03   3.1508291e-03  -7.7086658e-04
   1.0943542e-01   8.8518500e-02  -4.5784560e-02   1.0779968e-03   1.4312251e-03  -1.1593178e-03
   1.2921422e-01   9.3887953e-02  -9.6516625e-02   2.0978359e-03   1.7594515e-03  -7.3446497e-04
   1.2189972e-01   7.3694467e-02  -1.3633492e-01   2.4608607e-03   1.6087926e-03  -8.4178946e-04
   1.1192939e-01   1.1185944e-01  -1.0800740e-01   1.6511586e-03   1.5555129e-03  -9.9569613e-04
   1.1521108e-01   1.3268730e-01   8.5735184e-02   5.0577360e-04   1.3746484e-03  -8.6650240e-04
   1.1996338e-01   1.0786315e-01   4.8587535e-02   1.2598674e-03   1.4864007e-03  -9.9245746e-04
   1.4967607e-01   3.2726985e-01   7.7075480e-02  -2.8678022e-04   1.1947368e-03  -1.9151779e-03
   1.6353662e-01   4.6616173e-02  -1.2255139e-02   1.6918268e-03   5.2856638e-04  -1.5502094e-03
   1.9187470e-01   8.0663471e-02  -6.0040581e-02   2.0337306e-03   4.1547545e-04  -1.2751305e-03
   1.8939770e-01   1.0293465e-01  -4.5075425e-02   2.8461133e-03   7.6679796e-04  -1.2718383e-03
   1.8135310e-01   8.6644286e-02   1.0594866e-01   1.7961150e-03   8.4983267e-04  -1.1584348e-03
   1.8733177e-01   1.0845494e-01   5.8359781e-04   2.2054954e-03   5.0716588e-04  -1.3689268e-03
   1.7697755e-01   7.9434682e-02  -2.0007941e-01   2.9939811e-03   6.9172703e-04  -1.4995476e-03
   1.9262520e-01   9.2009276e-02   5.9119722e-03   3.6038924e-03   2.8015614e-04  -1.2344394e-03
   2.0307380e-01   3.3048554e-02  -1.5223389e-01   3.4308266e-03   5.4759334e-04  -1.3445821e-03
   2.0741972e-01   9.4441334e-02  -7.6645385e-02   2.3445697e-03   3.9299535e-04  -1.4313689e-03
   2.1467182e-01  -3.3918311e-02  -4.3212680e-01   4.0266753e-03   3.0855714e-04  -1.4714478e-03
   2.0675880e-01   1.5355065e-02  -3.1971532e-01   2.5586441e-03   6.4784306e-04  -1.7204804e-03
   1.7177386e-01   9.5091935e-02  -1.3409639e-01  -2.2777518e-04   1.0285418e-03  -2.2808920e-03
   1.5664302e-01   1.3337886e-01   1.3230230e-01  -2.2612194e-03   1.5170010e-03  -2.1249367e-03
   1.6049078e-01   1.9021262e-01   4.8314580e-01  -4.0230700e-03   7.9959943e-04  -1.8394639e-03
   1.7673829e-01   1.5203635e-01   3.2365930e-01  -3.7669715e-03   9.8006855e-04  -1.7840427e-03
   2.0223011e-01   2.2100883e-01   2.8197565e-01  -4.3558378e-03   7.3721514e-04  -1.6086490e-03
   2.0462249e-01   2.3804027e-01   2.1127544e-01  -1.0257767e-02   1.1826826e-04  -1.9062431e-03
   2.4057852e-01   2.0160069e-01   2.5371362e-01  -7.7887865e-03   3.4360255e-04  -1.6936520e-03
   2.5639194e-01   2.5408387e-01   4.4603349e-01  -6.9438557e-03   1.5804364e-04  -1.6470154e-03
   2.5959663e-01   4.8416825e-02  -2.2140239e-01  -1.6355084e-03   8.1036499e-04  -1.0286692e-03
   2.4751654e-01   1.4820506e-01  -1.5161329e-01   2.1152415e-03   1.3711670e-03  -4.3934244e-04
   2.5813617e-01   1.3311559e-01  -2.0930938e-01   2.8169340e-03   1.1228693e-03  -3.4546876e-04
   2.5814255e-01   1.4474480e-01  -5.3883990e-02   3.0607847e-03   7.4101392e-04  -5.1467078e-04
   2.6439431e-01   8.8975615e-02  -1.7494185e-01   2.3460007e-03   1.1359591e-03  -2.7230869e-04
   2.4047279e-01   1.2040990e-01  -1.9609183e-01   1.3525601e-03   1.7837643e-03  -6.8220790e-04
   2.4986298e-01   1.2217968e-01  -1.6509535e-02   1.4732887e-03   1.0624081e-03  -3.8154743e-04
   2.6554769e-01   5.8795043e-02  -1.4818023e-01   2.7836964e-03   1.2945426e-03  -4.6298717e-04
   2.5433115e-01   8.2414187e-02  -1.4737861e-01   1.9661736e-03   1.4420135e-03  -4.3465254e-04
   2.5629500e-01   7.5645967e-02  -1.1723081e-01   1.8476763e-03   1.4795799e-03  -4.7446866e-04
   2.3939680e-01   1.1323750e-01  -2.3009852e-03   1.7988419e-03   1.2411282e-03  -6.5759180e-04
   2.3994389e-01   4.3065885e-02  -1.7074129e-01   2.0864076e-03   2.1157160e-03  -2.2195500e-04
   2.2704632e-01   1.7541602e-01   1.8321258e-01   3.5273845e-04   1.7610966e-03  -3.2904858e-04
   2.6267688e-01   9.6515434e-03  -6.0009257e-02   3.2380651e-03   1.1384006e-03   7.9692157e-06
   2.6233048e-01   9.8047086e-02   3.6829488e-03   2.8789107e-03   1.2236070e-03  -5.1183031e-04
   2.7322686e-01   1.2292885e-01  -2.0107724e-01   8.6379788e-04   1.8290390e-03  -6.3202002e-04
   2.6871184e-01   1.1850144e-01  -7.9708227e-02   1.0302056e-03   1.5392867e-03  -4.1139739e-04
   2.6591262e-01   7.1689577e-02  -2.2063100e-01   3.2906378e-03   1.6221691e-03  -7.3415564e-04
   2.8926487e-01   1.3048838e-01  -1.8286305e-01   3.3236956e-03   1.5163288e-03  -3.9860903e-04
   2.8373410e-01   1.1678648e-01  -1.2563712e-01   2.7704772e-03   1.4375279e-03  -4.0167233e-04
   3.0403233e-01   5.6876327e-02  -1.1349454e-01   3.6036344e-03   1.2451223e-03   5.7586818e-05
   2.9172589e-01   6.6608543e-02  -1.6214898e-01   2.9908358e-03   1.6447149e-03  -2.4946736e-04
   2.9089941e-01   6.5469736e-02  -1.6446837e-01   3.2133305e-03   1.3232469e-03  -8.8741493e-05
   2.8918443e-01   5.1620072e-02  -1.8494949e-01   3.2099283e-03   1.6215135e-03  -3.4938620e-04
   2.7388836e-01   8.9532756e-02  -1.5334794e-01   1.1586975e-03   2.3104275e-03  -5.5476480e-04
   2.7059437e-01   5.3784611e-02  -1.6439271e-01   1.4338230e-03   2.5150263e-03  -4.8279406e-04
   2.6487397e-01   9.8290180e-02  -2.1574457e-02   9.1546130e-04   2.2882142e-03  -3.2569924e-04
   2.6797133e-01   7.3863550e-02  -1.8969537e-01   1.6141184e-03   2.7444823e-03  -7.8555399e-05
   2.8285101e-01   1.1623349e-01  -3.8043082e-03   5.1160352e-04   2.3217531e-03  -8.7702147e-05
   2.7319388e-01   6.3483369e-02  -2.1589666e-01   1.4465774e-03   2.4766790e-03   3.5446271e-04
   2.5332596e-01   1.1340876e-01   1.9129089e-03   3.3908909e-03   2.9885032e-03  -1.1874088e-04
   2.2596877e-01   3.6084411e-01   1.5237445e-01   6.1249533e-03   5.0324350e-03   1.0530619e-03
   2.0404121e-01   1.0087212e-01   2.9275898e-01   7.4699057e-03   4.0470192e-03   1.5536515e-03
   2.2675891e-01   8.4659288e-02   1.9667573e-01   7.2066901e-03   3.6454944e-03   2.4170783e-03
   1.8196702e-01   6.8767449e-02  -1.7125417e-01   5.9061768e-03   4.2500848e-03   2.3379620e-03
   2.2473046e-01   5.3919723e-02  -9.1458751e-02   5.3438399e-03   3.8345079e-03   2.5251809e-03
   2.2896274e-01   1.0005048e-01  -1.0378092e-01   4.9282384e-03   3.2415745e-03   2.5367572e-03
   1.9617221e-01   5.3997211e-02  -4.7023203e-03   4.9111764e-03   3.3504255e-03   2.1271909e-03
   1.8057149e-01   8.4092928e-02   1.2110118e-01   5.1164199e-03   3.8291438e-03   2.1484027e-03
   1.9151576e-01   8.0736500e-02   8.8184857e-02   4.1235298e-03   3.3139270e-03   2.5629008e-03
   1.9407354e-01  -1.3579806e-01   1.6944679e-01   3.1442751e-03   4.9407087e-03   2.8996975e-03
   2.0570660e-01   7.6770419e-02   8.3477794e-02   4.6943848e-04   4.6667421e-03   3.4135773e-03
   1.6949356e-01   7.3223384e-02   2.7084731e-01   3.5111812e-03   2.7115002e-03   3.1841830e-03
   1.5785615e-01   2.5774151e-01   5.5553034e-01   9.1459942e-04   1.1775872e-03   3.1849361e-03
   1.7937545e-01   7.0450805e-02   3.8720713e-01   3.0451390e-03   1.8644157e-03   3.5429542e-03
   1.9982039e-01   6.5109972e-02   2.4765399e-01   4.9587816e-03   1.8775985e-03   3.5291507e-03
   2.3569224e-01   1.0058977e-01   2.0795078e-01   3.7291229e-03   1.5931593e-03   3.9394245e-03
   2.3241762e-01   1.8395601e-01   4.2650834e-01   2.1103402e-03   1.5830421e-03   4.0928413e-03
   2.4594802e-01   1.5122940e-01   4.4401765e-01   2.1502120e-03   9.9197061e-04   4.4274077e-03
   2.4594240e-01   7.5600083e-02   3.6866093e-01   3.9988123e-03   1.4539210e-03   4.6368416e-03
   3.1912834e-01   2.1074126e-01   3.0544954e-01   1.2224601e-03   3.2149168e-03   6.0753912e-03
   3.5216018e-01   1.7597551e-01   3.9344968e-01   3.9464012e-04   2.1815725e-03   6.0694979e-03
   3.7240483e-01   5.5678609e-02  -2.5028398e-01   1.4842066e-03   1.2112712e-03   5.5391318e-03
   3.6357782e-01   1.0283038e-01  -2.9251419e-01   2.2834961e-03   1.4878494e-03   5.3976396e-03
   3.3174394e-01   1.2826206e-01  -2.3541603e-01   1.7550761e-03   1.5704337e-03   5.0625708e-03
   3.2361500e-01   1.3737031e-01  -7.9710935e-02   2.4740801e-03   1.4140520e-03   4.6318471e-03
   3.1471113e-01   1.9591897e-01   4.5356473e-02   7.9286828e-04   1.4286755e-03   4.5763486e-03
   3.0328892e-01   1.3320907e-01   2.6668659e-02   2.2197687e-03   1.3180747e-03   4.5484848e-03
   3.1173543e-01   1.3878095e-01   9.1858642e-02   2.5051681e-03   1.2336090e-03   4.7156659e-03
   3.0522916e-01   1.8066209e-01   8.6561195e-02   1.8412491e-03   1.5419932e-03   4.8229095e-03
   3.0576643e-01   1.6997422e-01   1.5185115e-01   1.8352716e-03   1.3098781e-03   5.1970701e-03
   2.9361906e-01   1.2783926e-01   8.1227329e-02   2.5668696e-03   1.4180025e-03   5.0810852e-03
   3.0795017e-01   1.0988531e-01  -4.4347288e-02   5.3386398e-03   7.4642472e-04   6.0259826e-03
