   0.0000000e+00   0.0000000e+00   0.0000000e+00  -2.7755576e-17   0.0000000e+00   0.0000000e+00
   4.6376117e-03   7.4011476e-02   6.6984172e-01   6.7945602e-03   2.2169513e-03   5.0969294e-05
   2.9320222e-03   9.9476962e-02   7.4582765e-01   6.7777489e-03   2.6723609e-03   5.9977375e-04
  -2.7402280e-02   1.4923018e-01   9.1192454e-01   5.9798818e-03   2.4991810e-03   9.4689816e-04
  -3.1652691e-02   1.1629739e-01   8.3604955e-01   6.5025333e-03   2.6454599e-03   6.9614267e-04
  -2.3450580e-02   1.3620421e-01   8.6287703e-01   5.4651368e-03   2.2187856e-03   9.5313215e-04
  -1.4290063e-02   1.5656559e-01   8.4373980e-01   6.2628458e-03   1.9860717e-03   8.6075361e-04
  -3.3731664e-02   1.6857879e-01   9.6357915e-01   7.6277184e-03   2.0108309e-03   6.3219307e-04
  -5.1712297e-02   1.5778237e-01   9.0638102e-01   7.6231908e-03   2.0880922e-03   2.4300760e-04
  -5.5934591e-02   2.0811999e-01   1.1099948e+00   8.9453205e-03   1.9047467e-03   3.7726829e-04
  -6.1115995e-02   1.5750200e-01   9.7396926e-01   9.3016995e-03   2.3377793e-03  -3.6742817e-05
  -6.5477715e-02   2.1340847e-01   1.2026817e+00   9.2423064e-03   1.6686557e-03   3.9038660e-04
  -5.8837842e-02   1.2456668e-01   1.0023629e+00   1.0690693e-02   1.8920448e-03   5.0988115e-05
  -6.2156863e-02   2.2040118e-01   1.2275857e+00   9.4032882e-03   1.8551768e-03   1.6066654e-04
  -5.4389760e-02   1.5250726e-01   9.9876192e-01   1.0419228e-02   2.1669126e-03   2.7410160e-04
  -3.9897122e-02   1.7094074e-01   1.0300602e+00   1.0981181e-02   1.8283198e-03   2.0789222e-04
  -6.9633915e-02   2.6898650e-01   1.2137504e+00   1.0235014e-02   1.8165940e-03  -3.2316769e-04
  -6.9963012e-02   1.9188385e-01   1.2809612e+00   8.2852081e-03   1.4028817e-03  -2.5945653e-04
  -7.0472214e-02   1.9896350e-01   1.2042804e+00   9.8803564e-03   1.4699623e-03  -3.8171603e-04
  -7.1950876e-02   1.8041289e-01   1.0650175e+00   1.2080184e-02   1.4290650e-03  -2.3680952e-04
  -4.6297618e-02   2.2913780e-01   1.2811423e+00   1.2787160e-02   1.0179794e-03  -8.8196070e-05
  -2.7803159e-02   1.7757497e-01   1.1310173e+00   1.4274855e-02   1.1841113e-03   2.6753185e-04
  -3.2956859e-02   2.3937800e-01   1.2857554e+00   1.3311512e-02   1.1255639e-03   1.2008320e-04
  -2.6725457e-02   1.6477434e-01   1.1629823e+00   1.3657908e-02   9.9665402e-04   5.5573302e-04
  -2.3606561e-02   2.3571438e-01   1.3572162e+00   1.3558351e-02   7.1846038e-04   1.9049059e-04
  -5.3011571e-02   1.7037864e-01   1.1202648e+00   1.3289871e-02   1.3133808e-03  -2.1537161e-04
  -4.7640238e-02   2.3467720e-01   1.2544650e+00   1.2878645e-02   1.4283519e-03  -3.1515159e-04
  -3.9985137e-02   1.8390847e-01   1.1763125e+00   1.3003931e-02   1.1656413e-03  -4.9552709e-04
  -2.2292704e-02   1.6840023e-01   1.3143240e+00   1.2544850e-02   7.4909480e-04   3.6232721e-04
  -3.0064891e-02   1.4477222e-01   1.1443384e+00   1.3520018e-02   1.5145525e-03   8.7369068e-05
  -2.5650098e-02   2.4904140e-01   1.2904737e+00   1.3280862e-02   1.2518755e-03  -2.9573079e-04
  -3.6586801e-02   1.6301278e-01   1.1292195e+00   1.2973552e-02   1.9255458e-03  -3.7815004e-04
  -2.6744971e-02   2.3752488e-01   1.3481864e+00   1.2051282e-02   1.9273203e-03  -4.2303986e-04
  -2.6561032e-02   1.6776511e-01   1.1642271e+00   1.3494101e-02   1.6031920e-03  -5.3965133e-05
  -9.5235503e-03   3.0178932e-01   1.3506009e+00   1.1141516e-02   7.0112494e-04   5.8676483e-04
   3.6475632e-02   1.4509018e-01   1.1278540e+00   1.4399380e-02   5.3653340e-04   6.8078808e-04
  -7.8463986e-03   1.6159579e-01   1.2221723e+00   1.2954001e-02   2.3645951e-03  -8.1470047e-04
  -6.2287647e-02   2.2000553e-01   1.5008917e+00   1.1099587e-02   2.8848908e-03  -2.2518760e-03
  -8.1668178e-02   1.8624245e-01   1.1509557e+00   1.3008017e-02   2.6152327e-03  -2.0190042e-03
  -8.4876113e-02   1.6367060e-01   1.1838202e+00   1.5820246e-02   2.7886799e-03  -2.1628597e-03
  -7.2738556e-02   2.9611119e-01   1.4331664e+00   1.4520072e-02   2.2144194e-03  -1.9058913e-03
  -6.4427477e-02   1.3816265e-01   1.1789148e+00   1.6665936e-02   2.4579093e-03  -1.5837099e-03
  -4.8903491e-02   1.5189009e-01   1.2136322e+00   1.7241178e-02   2.1558449e-03  -1.4945969e-03
  -3.9791708e-02   2.0972764e-01   1.3342499e+00   1.5330335e-02   1.8109129e-03  -1.0492997e-03
  -5.5366140e-02   1.5784296e-01   1.1877564e+00   1.5968643e-02   2.1624834e-03  -1.2699489e-03
  -5.1266880e-02   2.1707091e-01   1.3662254e+00   1.4949417e-02   1.9715231e-03  -9.8855528e-04
  -9.0393077e-02   1.6805235e-01   1.1313580e+00   1.6614804e-02   2.4025655e-03  -1.5663265e-03
  -8.0487105e-02   2.1597462e-01   1.3630304e+00   1.5966613e-02   2.1662988e-03  -1.5290339e-03
  -8.6272888e-02   1.8318097e-01   1.1519907e+00   1.5901465e-02   2.3678695e-03  -1.8769446e-03
  -8.9294403e-02   2.2878415e-01   1.3245178e+00   1.4760258e-02   2.5031375e-03  -1.6760804e-03
  -9.0394683e-02   1.6793722e-01   1.1555943e+00   1.5221120e-02   2.9806212e-03  -1.9780213e-03
  -9.0148945e-02   2.8606362e-01   1.4638825e+00   1.3522702e-02   2.2723258e-03  -1.6055356e-03
  -5.3174717e-02   1.1584661e-01   1.2358411e+00   1.6542407e-02   2.4814146e-03  -1.3125862e-03
  -6.8358091e-02   1.5115631e-01   1.0882367e+00   1.6330090e-02   2.9770400e-03  -1.6480086e-03
  -6.2910483e-02   2.2086376e-01   1.2571480e+00   1.6187743e-02   2.6314939e-03  -1.6339621e-03
  -7.6164482e-02   1.7665254e-01   1.1901405e+00   1.6283141e-02   2.8810427e-03  -1.8250983e-03
  -8.6099986e-02   1.8983909e-01   1.1125442e+00   1.5710941e-02   3.2143200e-03  -1.7274059e-03
  -8.2723188e-02   1.7845783e-01   1.1348287e+00   1.5856418e-02   3.3257442e-03  -1.9988581e-03
  -6.0343789e-02   2.2199586e-01   1.2629247e+00   1.4823260e-02   3.0734612e-03  -1.2486097e-03
  -4.9364445e-02   1.4860054e-01   1.0892494e+00   1.5894496e-02   3.5891561e-03  -1.1527812e-03
  -4.9912192e-02   1.8531679e-01   1.2291309e+00   1.5239071e-02   3.1080125e-03  -1.3025585e-03
  -6.8845289e-02   1.8226440e-01   1.1988106e+00   1.5359324e-02   3.5197893e-03  -1.6102157e-03
  -7.3369617e-02   2.2111112e-01   1.3876187e+00   1.4806705e-02   2.9795067e-03  -1.5717010e-03
  -8.5425368e-02   1.7115261e-01   1.1782095e+00   1.5850346e-02   3.6108018e-03  -1.9315268e-03
  -7.4328155e-02   2.1562280e-01   1.2407849e+00   1.5884331e-02   3.5111888e-03  -1.7590883e-03
  -7.4449933e-02   2.2362913e-01   1.3200030e+00   1.5457324e-02   3.2373375e-03  -1.9729473e-03
  -9.2889403e-02   2.1565064e-01   1.1466656e+00   1.4510736e-02   4.2790495e-03  -2.3635692e-03
  -9.2135248e-02   2.5696681e-01   1.3165994e+00   1.4086469e-02   4.7293989e-03  -2.6264165e-03
  -8.8173165e-02   2.0256134e-01   1.1946358e+00   1.5182337e-02   4.2402265e-03  -2.3445573e-03
  -8.8235072e-02   2.5446772e-01   1.3032572e+00   1.4091317e-02   4.3251757e-03  -2.3395248e-03
  -8.2526919e-02   2.1593941e-01   1.1413881e+00   1.4556785e-02   4.6656982e-03  -2.3707255e-03
  -8.7800829e-02   3.3302565e-01   1.4251266e+00   1.1895263e-02   3.7080581e-03  -2.4668362e-03
  -6.3180156e-02   2.2101454e-01   1.3623015e+00   1.2266570e-02   3.5272253e-03  -2.2678810e-03
  -5.8232219e-02   2.2234818e-01   1.1499969e+00   1.1557003e-02   3.8457587e-03  -2.0242579e-03
  -7.2267266e-02   2.0680231e-01   1.0265819e+00   1.2602098e-02   4.0370152e-03  -2.0775314e-03
  -7.6256608e-02   2.4040400e-01   1.1727369e+00   1.2863574e-02   3.9858671e-03  -2.3471455e-03
  -1.0514352e-01   2.1532784e-01   1.0965680e+00   1.2618087e-02   4.3918634e-03  -2.7354766e-03
  -1.1049916e-01   3.2370878e-01   1.4249388e+00   1.0945278e-02   3.8770048e-03  -2.6008245e-03
  -8.5905375e-02   2.3186592e-01   1.2854863e+00   1.1699483e-02   3.6184160e-03  -2.0597997e-03
  -9.0388090e-02   1.9744175e-01   1.2068704e+00   1.2302438e-02   4.0096958e-03  -2.5378398e-03
  -9.8226272e-02   2.8114083e-01   1.4408314e+00   1.1133500e-02   3.5485294e-03  -2.4225997e-03
  -9.9499597e-02   2.0295281e-01   1.2406500e+00   1.1639119e-02   3.7846268e-03  -2.4634877e-03
  -9.8264062e-02   3.6535892e-01   1.5247788e+00   1.0139134e-02   3.2262217e-03  -2.1334404e-03
  -7.5417906e-02   5.1060417e-01   1.6081110e+00   1.0619514e-02   3.3394420e-03  -2.3737005e-03
  -8.5933802e-02   3.3793095e-01   1.4358807e+00   1.2141668e-02   3.4336437e-03  -2.7779005e-03
  -5.8730616e-02   2.4506191e-01   1.4313193e+00   1.3357191e-02   3.6749332e-03  -2.3470770e-03
  -3.7553527e-02   3.3575216e-01   1.4481566e+00   1.1823836e-02   4.1818626e-03  -2.5371398e-03
  -6.4945862e-02   2.9860096e-01   1.7338363e+00   1.1431408e-02   4.3356099e-03  -3.1124194e-03
  -6.0946670e-02   2.4093424e-01   1.5328677e+00   1.2801655e-02   4.1533406e-03  -3.0777912e-03
  -5.0113355e-02   2.8969516e-01   1.3521792e+00   1.3381728e-02   3.6606869e-03  -3.2817875e-03
  -4.8846960e-02   2.8167806e-01   1.2852146e+00   1.4264202e-02   4.1054596e-03  -3.2269279e-03
  -4.6184486e-02   1.9832120e-01   1.3014119e+00   1.4079487e-02   4.3086707e-03  -2.9039642e-03
  -3.5806658e-02   2.4869817e-01   1.4250459e+00   1.3512891e-02   4.3097189e-03  -3.0091720e-03
  -2.4765788e-02   2.2427857e-01   1.2425803e+00   1.3128759e-02   4.2591630e-03  -2.9654733e-03
  -4.4302272e-02   2.6061553e-01   1.2801253e+00   1.2875048e-02   4.9727118e-03  -3.4041242e-03
  -4.9996050e-02   2.5455605e-01   1.3243474e+00   1.2949817e-02   4.7712192e-03  -3.1549876e-03
  -5.0018141e-02   2.4166776e-01   1.2637378e+00   1.3622038e-02   4.8984006e-03  -3.2910882e-03
  -3.9298091e-02   2.9316814e-01   1.2130262e+00   1.3854387e-02   4.8537902e-03  -3.1005074e-03
  -2.3462908e-02   2.7987333e-01   1.2847288e+00   1.4878841e-02   4.6181316e-03  -2.6200892e-03
  -3.3558149e-02   1.7156833e-01   6.4523476e-01   1.6109658e-02   4.7951569e-03  -3.2687738e-03
  -2.9794299e-02   1.9660005e-01   6.6162832e-01   1.6559974e-02   4.9568039e-03  -3.4968470e-03
  -2.6453065e-02   1.7829376e-01   7.9077347e-01   1.6851634e-02   4.8157210e-03  -3.2705617e-03
  -2.4405599e-02   1.3578746e-01   7.2078410e-01   1.7910153e-02   4.8630033e-03  -3.1144389e-03
  -1.6894772e-02   3.2781163e-01   1.1338603e+00   1.5607929e-02   4.5985813e-03  -3.0841768e-03
  -6.0610066e-03   1.7846080e-01   1.1703980e+00   1.5875871e-02   4.3578452e-03  -2.5471432e-03
  -9.1155008e-04   1.8629216e-01   1.1739991e+00   1.6468722e-02   4.2588185e-03  -2.7999121e-03
  -1.2033104e-02   2.8021628e-01   1.2758364e+00   1.5015612e-02   4.1608983e-03  -2.6982202e-03
  -1.4405418e-02   2.0581054e-01   1.1276412e+00   1.6990694e-02   4.3789728e-03  -3.0127734e-03
  -3.6019688e-02   3.0925837e-01   1.3141362e+00   1.6130857e-02   3.4353339e-03  -3.2903431e-03
  -2.3488946e-02   3.0436463e-01   1.3552333e+00   1.4586175e-02   2.8665572e-03  -2.9325088e-03
  -4.4599211e-03   1.7936120e-01   1.1701545e+00   1.7013383e-02   3.0545972e-03  -2.6000940e-03
  -1.9167675e-02   2.6924009e-01   1.2462898e+00   1.7335246e-02   3.2522965e-03  -3.0324517e-03
  -1.6693259e-02   2.1032717e-01   1.0649509e+00   1.6296760e-02   4.2256214e-03  -2.9066006e-03
  -1.8509025e-02   2.4224944e-01   1.1303193e+00   1.5190724e-02   4.6249290e-03  -3.4436484e-03
  -3.4998669e-02   2.8425506e-01   1.3809386e+00   1.4687714e-02   3.9635688e-03  -3.3514565e-03
  -4.0938797e-02   1.5964762e-01   1.1644204e+00   1.6740273e-02   4.2102002e-03  -3.2485920e-03
  -4.6682637e-02   2.9681832e-01   1.2713746e+00   1.7126886e-02   3.7921831e-03  -3.7120614e-03
  -5.0460093e-02   2.2652832e-01   1.0482263e+00   1.5998006e-02   4.4678819e-03  -3.7453950e-03
  -1.9785725e-02   2.1743053e-01   1.2339224e+00   1.5666208e-02   4.0423420e-03  -3.3752879e-03
  -8.0808086e-03   2.3068658e-01   1.1309480e+00   1.5518395e-02   4.3367447e-03  -3.2233596e-03
  -1.4044045e-02   2.7491959e-01   1.2471995e+00   1.4697605e-02   4.2449224e-03  -3.3433323e-03
  -9.5689469e-03   2.0077350e-01   1.1791066e+00   1.5337839e-02   4.1245021e-03  -3.3307827e-03
   2.0013713e-02   2.6926544e-01   1.1997685e+00   1.4784093e-02   5.6234951e-03  -1.7297960e-03
  -4.8363591e-04   2.6532828e-01   1.3446474e+00   1.4501702e-02   5.6894043e-03  -2.1512809e-03
  -5.4810435e-03   2.0378774e-01   1.1487802e+00   1.6313289e-02   5.3705649e-03  -2.3024097e-03
  -1.6064674e-02   2.8517947e-01   1.2902104e+00   1.4834174e-02   5.4281797e-03  -2.3647501e-03
  -3.8837400e-03   2.1401898e-01   1.0847542e+00   1.6628863e-02   5.7392486e-03  -2.1157491e-03
   3.1588133e-03   2.4116039e-01   1.2428773e+00   1.5779368e-02   5.6512753e-03  -1.9368792e-03
   8.3176641e-04   2.4899638e-01   1.2274925e+00   1.5911175e-02   5.6036779e-03  -2.0731726e-03
   1.6403514e-02   2.5968813e-01   1.1289322e+00   1.5581814e-02   5.5487506e-03  -1.7521811e-03
   1.9764106e-02   2.9571261e-01   1.2373695e+00   1.5626174e-02   5.9267629e-03  -1.8999873e-03
   3.2207020e-02   2.4802586e-01   1.1787141e+00   1.6187208e-02   5.4017094e-03  -1.4569446e-03
   1.2210977e-02   3.1309535e-01   1.2858710e+00   1.5882561e-02   5.7465845e-03  -2.0497803e-03
   1.7412600e-02   2.6679633e-01   1.1487905e+00   1.6169199e-02   5.5230806e-03  -1.4460303e-03
   1.0841076e-02   2.9933245e-01   1.3107923e+00   1.6328498e-02   5.4423104e-03  -1.7957084e-03
   8.6766841e-03   2.3507059e-01   1.1068029e+00   1.7401246e-02   5.6562794e-03  -1.7939210e-03
   6.6473657e-03   3.0397718e-01   1.1998825e+00   1.6019482e-02   5.5605998e-03  -1.7826102e-03
  -8.2838745e-03   2.6520958e-01   1.1139603e+00   1.5885319e-02   5.9728276e-03  -2.4106606e-03
  -9.6938220e-03   2.6469508e-01   1.2308474e+00   1.4465935e-02   5.9582605e-03  -2.4771279e-03
  -4.8637978e-03   2.8662047e-01   1.2345438e+00   1.5419978e-02   5.9723216e-03  -1.8890288e-03
   4.5621991e-03   2.8314790e-01   1.3706529e+00   1.5400007e-02   5.2489827e-03  -1.5233778e-03
   1.2191422e-02   2.0147850e-01   1.1877009e+00   1.6768773e-02   5.7877962e-03  -1.6591995e-03
  -1.5089997e-03   2.9998963e-01   1.2140982e+00   1.6302789e-02   5.9875052e-03  -2.1294714e-03
  -9.7179404e-04   2.7521300e-01   1.2483798e+00   1.5763660e-02   5.7538771e-03  -1.7558542e-03
   4.4903431e-03   2.6719598e-01   1.3199864e+00   1.6392200e-02   5.8265966e-03  -2.1190565e-03
   1.6224909e-02   2.2405513e-01   1.2166813e+00   1.6722440e-02   5.7886274e-03  -1.5629315e-03
   2.1379011e-02   2.7092506e-01   1.2660241e+00   1.7184297e-02   6.3957468e-03  -1.8862081e-03
   4.1991937e-02   2.4177377e-01   1.2017104e+00   1.7641393e-02   5.8215449e-03  -1.6033308e-03
   1.6963585e-02   2.5089425e-01   1.3813268e+00   1.3591742e-02   6.9711240e-03  -2.6436270e-03
   1.2194614e-02   2.2604328e-01   1.2321056e+00   1.6594704e-02   6.2203930e-03  -2.0769117e-03
   1.5820554e-02   2.8534799e-01   1.3837011e+00   1.6475736e-02   6.0309101e-03  -2.1964875e-03
   2.3468266e-02   2.1490063e-01   1.2107198e+00   1.6793197e-02   6.2863192e-03  -1.9562407e-03
   5.5997059e-02   2.9778008e-01   1.3585785e+00   1.6155114e-02   6.2644556e-03  -1.3410557e-03
   8.5307111e-02   2.4719484e-01   1.2678242e+00   1.6508208e-02   6.4838007e-03  -8.8767344e-04
   8.0600669e-02   2.5401515e-01   1.3602862e+00   1.5807319e-02   5.9926231e-03  -8.8007990e-04
   8.0085843e-02   2.7496802e-01   1.3740117e+00   1.6247038e-02   6.3319684e-03  -9.6385710e-04
   6.8513132e-02   2.0172595e-01   1.0263098e+00   1.8011180e-02   6.0413246e-03  -9.0496727e-04
   6.0908349e-02   2.4374850e-01   1.2045477e+00   1.7121608e-02   6.3086551e-03  -1.4183384e-03
   7.4450015e-02   2.3765053e-01   1.1448804e+00   1.6448975e-02   6.6992915e-03  -7.7067345e-04
   8.0721905e-02   2.7066075e-01   1.3255923e+00   1.7084495e-02   6.2917458e-03  -1.0001463e-03
   8.4314605e-02   2.0935736e-01   1.2539709e+00   1.7913648e-02   5.9097398e-03  -6.7264754e-04
   9.1545841e-02   3.0843491e-01   1.4701948e+00   1.7650598e-02   5.1544121e-03  -7.3650980e-04
   1.8304769e-01   5.8463854e-01   1.5925169e+00   1.9605666e-02   4.2141804e-03   2.0093633e-04
   1.7399374e-01   4.5780198e-01   1.5171661e+00   2.1051718e-02   4.2153851e-03   2.3391756e-04
   1.9185998e-01   3.3063684e-01   1.4672375e+00   2.3199409e-02   4.7289559e-03   1.2157633e-04
   1.5372900e-01   2.5216695e-01   1.3677717e+00   2.3841167e-02   4.3225503e-03   7.1101763e-04
   4.6885595e-02   1.4783893e-01   9.8097327e-01   1.8688348e-02   4.7394504e-03  -1.3239476e-03
   1.4968733e-02   1.4904174e-01   6.6143090e-01   2.2271368e-02   4.6975869e-03  -1.8661603e-03
   9.8234142e-03   9.4811956e-02   7.0395339e-01   2.4577603e-02   4.9469480e-03  -1.4467377e-03
  -6.0039926e-04   9.6765665e-02   7.1037629e-01   2.4452242e-02   4.6501461e-03  -1.7551317e-03
   1.7764663e-02   1.8309224e-01   1.2398438e+00   2.3323952e-02   4.4899510e-03  -1.2885694e-03
   4.4809032e-02   1.4530829e-01   1.4049374e+00   2.2362891e-02   4.3056165e-03  -4.4643049e-04
   4.6690190e-02   9.5504845e-02   1.3054029e+00   2.3389276e-02   4.5565026e-03  -6.4046639e-04
   2.7010150e-02   1.6248571e-01   1.4507670e+00   2.2822143e-02   4.4368744e-03  -1.0901345e-03
   5.3367578e-02   1.3590973e-01   1.2907022e+00   2.2192923e-02   4.4066359e-03  -7.4762273e-04
   4.9064628e-02   2.0633220e-01   1.4068273e+00   2.0801687e-02   3.9398547e-03  -6.6157521e-04
   3.4881414e-02   1.6658774e-01   1.2399227e+00   2.1583908e-02   4.7501083e-03  -7.9772349e-04
   5.8496304e-02   1.9482283e-01   1.3463312e+00   2.2330950e-02   4.2863877e-03  -3.7037042e-04
   8.4060479e-02   2.0446894e-01   1.2882498e+00   2.3172792e-02   4.8243879e-03   7.8165016e-05
   7.9552133e-02   1.9498260e-01   1.2617426e+00   2.2753358e-02   5.1174617e-03  -1.2461713e-04
   7.3541292e-02   2.1416322e-01   1.1881404e+00   2.0981131e-02   5.6910968e-03  -2.8105598e-04
   7.0995745e-02   2.5170630e-01   1.2780068e+00   2.0640107e-02   5.9499994e-03  -5.3322710e-04
   4.9414288e-02   2.2589952e-01   1.4923592e+00   2.0630829e-02   5.3664752e-03  -5.1443504e-04
   5.5363956e-02   1.6702241e-01   1.3300276e+00   2.1232192e-02   5.5000418e-03  -2.7380752e-04
   5.0108257e-02   3.0441734e-01   1.5128035e+00   1.9986203e-02   5.6488946e-03  -5.7722504e-04
   6.8481908e-02   1.9026379e-01   1.3858877e+00   2.1733737e-02   4.9694917e-03   8.2893211e-05
   6.9106516e-02   1.9041784e-01   1.3914238e+00   2.1617457e-02   5.5579195e-03  -1.8467782e-04
   5.6855220e-02   2.0849167e-01   1.1476616e+00   2.2687274e-02   6.0354716e-03   1.4077256e-04
