   0.0000000e+00   0.0000000e+00   0.0000000e+00   0.0000000e+00   0.0000000e+00   0.0000000e+00
   1.1101020e-02  -7.2539343e-03   1.9471109e-01  -7.9338357e-04  -4.5111052e-04   4.0706392e-04
   2.0881647e-02   6.8086232e-03   6.0785544e-02  -4.1522983e-04   1.3710426e-04   6.6773206e-04
   2.7755135e-02   2.9964558e-02   2.8275435e-01  -3.3998719e-04  -6.1440147e-04   1.0645106e-03
   5.4616050e-02  -4.3639039e-02   1.9489990e-01   1.1953738e-03  -8.1813990e-04   1.6287064e-03
   5.4069891e-02   1.8044393e-02   2.0568806e-01   1.4749118e-03  -1.3993492e-04   1.4190826e-03
   6.9176057e-02   1.7044963e-02   1.8138025e-01   2.8761365e-03  -5.6484366e-04   1.6211276e-03
   6.8991447e-02  -3.1009708e-02   1.0795901e-01   2.5510501e-03  -3.5079092e-04   1.4484628e-03
   3.2840897e-02  -1.9037183e-02   3.3201713e-03   2.3269618e-03   4.9743288e-04   1.4697997e-03
   4.1418698e-02   9.0934931e-03   1.8700488e-01   1.8990467e-03   8.3959272e-04   1.1251258e-03
   5.7408817e-02  -4.1731857e-02   3.6352769e-02   1.0417292e-03   4.6485241e-04   1.8060944e-03
   5.9257369e-02   1.9229342e-02   1.5955769e-01  -3.2871665e-04   3.5996789e-04   1.9107832e-03
   5.4675139e-02  -3.8183699e-02   6.4259357e-03  -7.7371393e-04   7.9239688e-04   2.2059504e-03
   8.3395851e-02  -1.5501325e-02   3.3171549e-02   2.9777731e-04   1.1151615e-03   2.4011207e-03
   8.3767238e-02  -3.7964358e-02  -3.6560238e-02   1.0512883e-03   8.6347461e-04   2.5087606e-03
   7.1582018e-02  -5.4216891e-03   3.5960902e-02   4.1082513e-04   1.1897232e-03   2.1426611e-03
   6.8221899e-02   6.6495008e-03   6.9325974e-02   6.0469441e-04   1.3154600e-03   1.8276514e-03
   7.4991323e-02  -3.2361744e-02   7.2760273e-02   9.5416631e-04   8.9156439e-04   2.2021629e-03
   4.8700450e-02  -8.4006720e-04   1.0297251e-01   3.2117017e-04   1.3987114e-03   1.4569460e-03
   6.0375202e-02  -1.3845169e-02  -4.2179497e-02   1.1794442e-03   1.3521260e-03   1.8826040e-03
   7.6867728e-02   4.0150832e-03   1.3958257e-01   5.5225806e-04   1.3340544e-03   1.5904311e-03
   6.1426598e-02  -3.8459941e-02  -3.6678044e-02  -1.5143538e-04   1.6623268e-03   1.6882666e-03
   6.9493757e-02   5.9875819e-03   1.1913019e-01  -1.9829658e-04   1.3026897e-03   1.7551714e-03
   4.6428994e-02  -3.1771456e-02  -5.9500214e-02  -2.1882132e-05   1.6163115e-03   1.5130807e-03
   2.2283995e-02  -5.4031157e-02  -1.8465264e-01  -3.8042556e-04   1.6355876e-03   1.2982867e-03
   7.9262170e-03   1.5886626e-02   9.5866317e-02  -2.2650360e-03   1.0594741e-03  -6.0155625e-04
  -2.5080832e-02  -3.0713979e-02  -4.4366379e-01  -4.0794321e-03   2.6071839e-03  -2.9811525e-04
   1.1414442e-02  -1.2647901e-02  -2.4755435e-01  -1.5643821e-03   2.0007085e-03  -2.2621120e-04
   3.5755035e-02  -7.1169865e-02  -3.0483108e-01  -1.1045705e-03   2.0421009e-03   3.3442361e-04
   5.3496142e-02  -3.2730434e-02  -1.4654022e-01  -1.5296965e-03   1.5037072e-03   5.0916217e-04
   3.9389716e-02  -7.8381028e-02  -2.8780742e-01  -7.9388351e-04   1.9251699e-03   4.0639531e-04
   3.6224525e-02  -3.8932494e-02  -2.4054925e-01  -8.3514553e-04   1.8420799e-03   6.3458845e-04
   4.4887720e-02  -3.9659989e-02  -1.8322568e-01  -7.0577081e-04   1.6313092e-03   2.3762527e-04
   4.8160154e-02  -8.2157216e-02  -2.6695750e-01  -1.8559356e-04   1.7511701e-03   6.2795909e-04
   5.7689097e-02   2.0118114e-02  -1.0627283e-01  -2.8219978e-03   1.7150846e-03   3.1979363e-04
   5.4390852e-02  -1.0165094e-01  -3.1203546e-01  -4.9169275e-04   1.8421402e-03   7.7051002e-04
   6.2048804e-02  -7.9535800e-02  -3.0245371e-01   1.0525916e-03   1.8899837e-03   6.6641549e-04
   7.0082606e-02  -8.1275066e-02  -3.6381781e-01   1.4126666e-03   1.7012338e-03   6.9471899e-04
   7.1809439e-02  -5.3508453e-02  -2.2951173e-01   1.6149891e-04   1.9200466e-03   6.4166736e-04
   7.3574650e-02  -6.9176328e-02  -2.0850102e-01  -5.9111645e-04   2.0203222e-03   9.5958672e-04
   5.8818763e-02  -5.7201817e-02  -1.4685423e-01  -7.1131413e-04   1.8548532e-03   6.6671129e-04
   3.5256791e-02  -7.2460169e-02  -1.2588310e-01  -2.1697596e-04   2.2448422e-03   4.8618615e-04
   4.2243915e-02  -7.3762984e-02   9.1133142e-02  -1.8154372e-03   1.6580953e-03   7.2863963e-04
   4.6360243e-02  -1.2375336e-01  -1.8285159e-01   1.8054329e-05   2.0835153e-03   5.4146243e-04
   7.4725274e-02  -5.3867920e-02  -8.0724920e-02  -1.1443688e-03   1.8402452e-03   8.5234231e-04
   6.0140538e-02  -1.0876796e-01  -2.0261064e-01   8.4371475e-04   2.4731817e-03   7.2815608e-04
   5.5798980e-02  -2.5036294e-02   3.6691268e-03  -7.3841977e-04   2.3192365e-03   4.7731645e-04
   6.6596323e-02  -1.1742672e-01  -1.7391315e-01   8.3047268e-04   2.2343430e-03   1.0130812e-03
   6.7587478e-02  -4.9395979e-02  -1.0308061e-01  -6.1869882e-04   2.2117743e-03   7.3477538e-04
   5.1021528e-02  -1.1983109e-01  -2.6829564e-01   1.6810739e-03   3.0904559e-03   8.2644143e-04
   1.7304917e-02  -4.1473495e-02  -1.4010125e-01   1.1952603e-03   3.3513019e-03  -5.2573303e-05
  -7.0069601e-02  -9.1917986e-02  -4.1326108e-01   8.0862981e-04   4.4270915e-03  -1.3011510e-03
   1.1277819e-02  -5.5308494e-02  -2.2266566e-01   7.4019901e-04   3.7416335e-03  -1.4592097e-04
   6.4304177e-02   3.6248993e-02  -1.1385388e-01   2.5294252e-03   4.3672676e-03  -2.2511441e-04
   6.6532604e-02  -1.2453567e-01  -2.1524714e-01   2.8427092e-03   3.9901598e-03   3.4364088e-04
   4.5718622e-02  -5.3045684e-02  -1.6127823e-01   2.1544753e-03   3.9083281e-03  -9.1994778e-06
   6.6015095e-02  -6.9570028e-02  -2.3087072e-01   1.3852560e-03   3.1882031e-03   5.8042844e-04
   4.1665322e-02  -8.0249728e-02  -8.7295099e-03   5.9168762e-04   3.5453455e-03   4.5415408e-04
   3.6650549e-02  -2.6619404e-02  -7.6468863e-02   1.1197043e-03   3.6018870e-03   1.5164889e-04
   6.5614634e-02  -1.2847550e-01  -3.8065567e-01   2.7657922e-03   3.3870071e-03   7.6399338e-04
   4.4401608e-02  -3.0243965e-02  -6.8354890e-02  -1.1767427e-04   3.3096651e-03   2.1784454e-06
   6.2831594e-02   1.8651984e-01   1.2371635e-01  -3.6695360e-03   1.6021699e-03   3.3630386e-05
   7.7937337e-02   2.6334382e-01   1.9712070e-01  -3.4694634e-03   2.5845066e-03  -1.0825848e-03
   8.9390471e-02   9.8298276e-02  -2.9996174e-02  -8.4065709e-04   2.9725332e-03  -5.5183271e-04
   1.0864759e-01  -2.3508205e-02  -8.8757579e-02   2.2280538e-03   3.8528584e-03  -1.3126044e-04
   1.1490814e-01   2.3340570e-02  -4.9364835e-02   2.6951544e-03   3.8691233e-03   4.0205290e-05
   1.3437380e-01   5.1226777e-02  -9.3847388e-02   2.2038430e-03   3.3887476e-03   1.5209040e-04
   1.3635525e-01   7.1660975e-02  -5.4867915e-02   1.1426036e-03   3.1308435e-03  -3.9490938e-05
   1.5609378e-01   5.4492287e-02  -2.9376046e-01  -4.4846212e-03   2.2963412e-03  -4.1122417e-04
   1.6255840e-01   3.1426844e-02  -3.5953903e-01  -2.7601203e-03   3.1750578e-03  -2.4408927e-04
   1.7115057e-01  -5.6640434e-02  -3.0447994e-01  -1.6842363e-03   3.2231505e-03   2.1166830e-04
   1.7320992e-01   6.4671212e-03  -2.7140095e-01  -1.9226588e-03   3.8384453e-03   2.6562414e-04
   1.7984213e-01   6.4776318e-02  -1.0893085e-01  -2.3682677e-03   3.5346655e-03   7.5191262e-04
   1.8056976e-01   2.2411504e-02  -1.1646223e-01  -1.7797090e-03   3.6355637e-03   1.2181062e-03
   1.7507983e-01   1.1698081e-01   4.9774091e-02  -2.4800945e-03   3.5571802e-03   7.8182748e-04
   1.8014098e-01  -9.0101760e-03  -1.5411895e-01  -2.1537660e-03   3.6272921e-03   1.4244597e-03
   1.7103030e-01   1.0130363e-01  -3.2943513e-02  -2.8000828e-03   4.0510970e-03   1.1819026e-03
   1.7425987e-01   7.2067850e-02  -1.2641274e-01  -2.5815693e-03   4.1565675e-03   1.3475173e-03
   1.8737947e-01   4.9699324e-02  -1.1924269e-01  -1.3156795e-03   3.8841817e-03   1.7374860e-03
   2.2535425e-01   5.9909651e-02  -2.3271859e-01  -9.1657513e-04   3.7491349e-03   1.7028742e-03
   2.2170769e-01   1.1189039e-01  -1.2647935e-01  -9.3578562e-04   3.7713923e-03   1.5959741e-03
   2.2473797e-01   8.3196075e-02  -9.4410182e-02  -1.8913767e-03   3.6255075e-03   1.9711553e-03
   2.1564384e-01   1.4620825e-01  -4.3449386e-02  -2.8867091e-03   3.8161226e-03   1.8251086e-03
   2.1415630e-01   5.3422610e-02  -2.2197532e-01  -9.1988112e-04   4.2432612e-03   1.5550210e-03
   1.9343183e-01   1.1271395e-01  -1.3217770e-01  -2.5376243e-03   4.4531137e-03   1.4218660e-03
   1.8200161e-01   1.4918900e-01  -2.5200190e-01  -5.5377592e-03   5.4366033e-03   9.9026206e-04
   1.9538023e-01   8.7068983e-02  -2.4225699e-01  -5.9499041e-03   5.4806859e-03   9.4998333e-04
   1.9313919e-01   1.3000586e-01  -1.2231886e-01  -4.5945141e-03   4.9606331e-03   1.1313071e-03
   1.7331831e-01   1.1803530e-01  -2.2482070e-01  -5.4513110e-03   5.7494052e-03   1.2587546e-03
   6.8332724e-02   7.8962004e-02  -6.4573607e-01  -6.0278678e-03   8.4365275e-03  -2.3558694e-04
   1.3850579e-01   8.8923977e-02  -2.8104993e-01  -5.2218065e-03   7.1962141e-03   8.1321989e-04
   1.4374381e-01   1.3467240e-02  -4.0108192e-01  -5.8602196e-03   7.7196568e-03   6.7914332e-04
   1.2087215e-01   7.9107464e-02  -2.4403513e-01  -6.1043877e-03   7.7268658e-03   7.4645806e-04
   1.2748922e-01   5.6159949e-02  -4.2924946e-01  -6.4418522e-03   8.1908531e-03   6.4683128e-04
   1.2830592e-01   8.9087690e-02  -2.0375173e-01  -6.6794096e-03   7.9022121e-03   6.9557023e-04
   1.3115775e-01   5.4769943e-02  -3.0983202e-01  -7.2469518e-03   7.8449615e-03   9.1144924e-04
   1.2363383e-01   1.0861873e-01  -1.8089485e-01  -7.0398854e-03   7.8821013e-03   3.3814151e-04
   1.3679143e-01   2.8549579e-02  -3.3526767e-01  -6.0599197e-03   7.8533442e-03   8.3650335e-04
   1.2504720e-01   1.0411782e-01  -2.0607335e-01  -6.4549843e-03   8.0472262e-03   3.6168666e-04
   1.4026202e-01   1.2682966e-01  -8.3050135e-02  -7.0126928e-03   7.8189714e-03   4.6831221e-04
   2.0546444e-01   1.9540317e-02  -3.0914300e-01  -5.7731366e-03   7.3138868e-03   1.7433728e-03
   1.7596553e-01   1.1822375e-01  -2.2128814e-01  -4.9833924e-03   7.8082600e-03   8.1464394e-04
   1.7232098e-01   8.1367791e-02  -1.8667120e-01  -6.0558175e-03   7.2695433e-03   1.2630338e-03
   1.6650441e-01   2.6820943e-02  -2.5336397e-01  -6.5912175e-03   7.6708957e-03   1.2468501e-03
   1.0587757e-01   3.7569868e-02  -3.2037290e-01  -4.4623586e-03   7.1713666e-03   1.8119244e-03
  -2.2211701e-02   6.1396055e-02  -5.5330273e-01  -6.7681781e-03   4.4081505e-03   1.0244509e-03
  -7.2659548e-02  -2.6150574e-02  -2.7170549e-01  -7.3910031e-03   3.7699227e-03  -2.9593341e-04
  -7.7827716e-02  -1.7320850e-02  -3.1052100e-01  -6.6026304e-03   2.6092904e-03  -1.1109786e-03
  -6.4455914e-02  -1.4926572e-02  -3.7904826e-01  -6.5408981e-03   3.5197481e-03  -9.2443167e-04
  -6.4521332e-02   4.7371454e-03  -3.2917134e-01  -6.6030513e-03   3.5346045e-03  -1.2430365e-03
  -4.5925666e-02  -3.2020989e-02  -3.6661717e-01  -5.3266011e-03   3.3349247e-03  -7.9018638e-04
  -4.0247602e-02   1.9265166e-02  -2.4383933e-01  -4.6825578e-03   3.0622944e-03  -1.1077605e-03
  -2.6815993e-02  -3.4076653e-03  -3.8672219e-01  -4.7466926e-03   3.4479387e-03  -8.1316471e-04
  -2.1270921e-02   3.4803999e-02  -2.1416698e-01  -6.0011157e-03   3.4344316e-03  -6.7600554e-04
  -1.2179703e-02  -4.6721875e-02  -4.2803537e-01  -4.3141959e-03   4.1400271e-03  -4.7192558e-04
  -3.7630486e-03   3.7116336e-02  -1.9658266e-01  -4.5084734e-03   3.1790494e-03  -6.5033733e-04
  -3.1821741e-02   2.8048021e-02  -2.0859661e-01  -5.1989717e-03   4.1910250e-03  -1.1775349e-03
  -6.6198945e-03  -2.0529868e-02  -3.1788837e-01  -5.0093340e-03   3.7840490e-03  -3.0066899e-04
   2.3413781e-04  -1.5910858e-02  -3.1565074e-01  -4.6081071e-03   3.7016792e-03  -5.3693205e-04
  -2.6096724e-02   1.3657625e-02  -1.5060776e-01  -4.7682688e-03   3.4152164e-03  -4.1069354e-04
  -1.9749588e-02  -4.3928694e-02  -4.0995670e-01  -4.0347504e-03   4.0735128e-03  -4.9476124e-04
  -1.8642071e-02   4.2118312e-02  -2.3413188e-01  -4.7247414e-03   4.0851904e-03  -6.8307092e-04
  -6.2841925e-02  -1.7201579e-02  -4.1909646e-01  -5.7948056e-03   4.9864818e-03  -1.5770376e-03
  -7.1319627e-02   6.5010013e-03  -2.8810695e-01  -5.9646812e-03   5.3365117e-03  -1.0581566e-03
  -1.1252074e-01   3.6748475e-02  -3.0057960e-01  -5.2155115e-03   3.2908830e-03   5.6675277e-04
  -6.7504937e-02  -6.7181679e-02  -4.0962160e-01  -7.2954839e-03   3.0493954e-03  -1.3205263e-03
  -6.3211988e-02   1.3618969e-01   2.3198527e-01  -9.0317431e-03   2.9137333e-03  -1.2397056e-03
  -7.7662666e-02   5.6244255e-02   4.8425113e-01  -9.6595192e-03   1.5135627e-03  -1.0893247e-03
  -1.7769157e-02  -4.5865472e-02  -2.9051653e-01  -4.3765306e-03   1.7305866e-03   6.0173925e-04
   6.8258651e-03  -3.1676809e-02  -3.4784385e-01  -5.0290130e-03   2.1010156e-03   6.8699608e-04
   4.0434850e-03   2.0722537e-02  -1.2362303e-01  -5.0167920e-03   1.5885869e-03   9.0636228e-04
   1.8480035e-02  -3.1833392e-02  -2.7127806e-01  -4.6551962e-03   2.1665239e-03   1.3268106e-03
   1.4726572e-02   1.6120686e-02  -8.6017714e-02  -5.1243890e-03   1.7200425e-03   1.0212013e-03
  -1.7396446e-03  -1.9590345e-02  -2.1740478e-01  -7.8109165e-03   3.0548786e-03   1.7824847e-04
   1.1785554e-02  -1.2111187e-02  -9.7761565e-02  -7.4838328e-03   2.4618841e-03   7.2044982e-04
   1.2039380e-02   2.1008658e-03  -1.7271963e-01  -6.3658343e-03   3.0413683e-03   2.5516712e-04
   1.7208600e-02  -1.4406833e-02  -1.0380206e-01  -6.8860652e-03   2.6744863e-03   5.6193668e-04
   2.4694818e-02  -2.7143143e-02  -2.6707497e-01  -6.2395421e-03   3.6676303e-03   5.6803136e-04
   3.7784398e-02   2.3153219e-02  -1.3034974e-01  -6.8742203e-03   4.3739139e-03   1.5061474e-04
   1.3712064e-03  -2.3263679e-02  -1.7928079e-01  -7.9117137e-03   4.6495025e-03   2.2056893e-04
  -1.2746048e-02   5.5640773e-02  -9.1284165e-02  -7.8925519e-03   4.7163556e-03   6.3355349e-05
  -1.4539872e-02  -2.1408023e-02  -2.5316563e-01  -6.0031027e-03   4.9359095e-03   3.7840741e-05
  -1.1063100e-02   3.8174942e-02  -1.2734530e-01  -6.1923895e-03   4.6066923e-03   5.6562482e-05
  -2.8735444e-02   1.7354664e-02  -1.7774821e-01  -7.1281392e-03   5.3593665e-03  -3.0106427e-04
  -1.0652178e-02   6.8180561e-03  -1.9074091e-01  -5.5074905e-03   4.6525022e-03   8.4778912e-05
  -1.4060709e-02   4.4041994e-02  -1.2958453e-01  -5.7043920e-03   4.8640554e-03  -2.7524227e-04
  -2.2255000e-02   1.2675256e-02  -2.7422639e-01  -6.0652058e-03   5.3265838e-03  -1.2835486e-05
  -2.1771839e-02   4.3858518e-02  -9.9066496e-02  -5.9860145e-03   4.8860347e-03  -4.2823426e-04
  -2.6884746e-02   8.0145545e-03  -2.3975320e-01  -5.9670692e-03   4.8984168e-03  -1.2574749e-04
  -2.2462368e-02   5.8313390e-02  -8.9656110e-02  -7.1513754e-03   5.0784568e-03  -2.7255294e-04
  -3.2789307e-02  -1.7435286e-03  -3.0092717e-01  -5.1392191e-03   5.4953163e-03  -2.2251145e-04
  -1.8174441e-02   3.8078653e-02  -1.6455496e-01  -6.6966322e-03   5.3468990e-03  -1.3035140e-04
  -2.4610344e-02   2.5898786e-02  -1.6991179e-01  -6.1307719e-03   5.3492066e-03  -3.9166918e-04
  -1.7461528e-02  -1.6963089e-04  -1.9937817e-01  -5.3584383e-03   5.2145271e-03  -1.0202392e-04
  -3.4808651e-02   5.9771135e-02  -5.7477594e-02  -6.1073336e-03   5.3816752e-03  -6.8380511e-04
  -5.3473347e-02  -1.3649104e-02  -2.8659616e-01  -5.8772453e-03   5.3314745e-03  -4.5704152e-04
  -3.3857666e-02   4.3711377e-02  -8.2468647e-02  -6.8350985e-03   5.1500390e-03  -3.3427270e-04
  -3.1724921e-02  -3.4637309e-02  -2.5306271e-01  -5.0051503e-03   5.1689435e-03   1.8050259e-05
  -4.0909006e-02  -2.1688231e-02  -3.1035237e-01  -4.7079305e-03   5.6315136e-03  -1.0511709e-04
  -2.8459858e-02   3.2794124e-02  -1.7761922e-01  -4.8328223e-03   5.3670690e-03  -3.1256761e-04
  -2.8202705e-02  -5.4567222e-02  -3.5688104e-01  -2.7087744e-03   5.8671838e-03  -3.1531304e-04
  -1.2677596e-02  -6.5560239e-03  -2.0175458e-01  -3.7442395e-03   5.7053073e-03  -1.2914679e-04
  -2.2155976e-02   2.4390515e-02   1.0290964e-02  -5.6298550e-03   5.5173234e-03  -4.6721713e-04
  -4.5101425e-02  -3.9505217e-02  -1.8929909e-01  -4.7916617e-03   5.9010501e-03  -5.2161463e-04
  -1.6901954e-02   3.5757124e-02  -6.8634350e-02  -5.7668207e-03   6.1887789e-03  -1.3666836e-04
  -3.2336333e-02   5.6636099e-02  -2.2214887e-02  -6.6410748e-03   6.5008904e-03  -7.2257083e-04
  -2.1500072e-02  -1.7096630e-02  -9.4421684e-02  -6.5785559e-03   6.2472664e-03  -2.8741786e-05
   1.4573960e-02   6.0159971e-02   2.7200169e-02  -7.5526465e-03   6.3585419e-03  -2.4863416e-04
   5.1953845e-02   4.0819859e-02  -1.5184642e-01  -8.4598603e-03   8.0260673e-03   1.0724700e-04
   3.7527741e-02   6.6434494e-02   2.2645588e-02  -8.7912758e-03   8.2605440e-03  -2.2424283e-04
   3.0557626e-03   8.6178529e-02   2.6417501e-02  -9.5173139e-03   8.9895048e-03  -5.0470259e-04
   1.6262093e-02   2.0173594e-02  -2.3440769e-02  -6.9732012e-03   8.0393882e-03   6.5107296e-04
   2.4290598e-02   1.8892469e-02  -1.3657410e-01  -5.7898612e-03   8.0355042e-03   3.7130006e-04
   2.4006677e-02   9.8110560e-02   4.9473525e-02  -7.1858334e-03   7.6859832e-03   4.5468642e-04
   3.4022148e-02  -4.4298884e-03  -1.5886216e-01  -6.2440246e-03   7.2027504e-03   7.0394668e-04
  -3.2232672e-03  -2.1901636e-02  -3.2802135e-01  -6.2816846e-03   7.3750369e-03   6.0635508e-04
  -8.6115025e-02   4.9530745e-02  -7.0331622e-01  -7.5630383e-03   7.0926754e-03   2.1351615e-04
  -9.4541669e-02  -2.0116005e-02  -5.7314181e-01  -7.3296372e-03   7.8284244e-03  -5.1004489e-04
  -2.9989390e-02   6.7107345e-02  -2.0515721e-01  -7.0514754e-03   8.1965403e-03   6.6609896e-04
  -4.9197158e-02  -4.8663681e-02  -4.5866749e-01  -5.6746780e-03   8.7460730e-03   4.2783689e-04
  -1.8848790e-02   1.2186829e-02  -3.0586638e-01  -6.7326828e-03   8.5695362e-03   8.3079449e-04
  -2.5940153e-02  -3.1213720e-03  -4.3354624e-01  -6.7413373e-03   8.8244686e-03   6.5079248e-04
  -2.1178348e-02   6.2174022e-03  -3.7115238e-01  -7.7108706e-03   8.9762049e-03   6.8977473e-04
  -2.4351399e-02   1.0223257e-02  -3.7166842e-01  -6.5575863e-03   8.9679346e-03   8.2217158e-04
   8.0839647e-04   2.2149685e-03  -3.6042253e-01  -6.2977634e-03   8.5438757e-03   1.7095782e-03
  -1.1449607e-02   3.6882110e-02  -3.2980307e-01  -6.0304514e-03   8.7044687e-03   1.1403971e-03
  -9.7726981e-03   3.0039319e-03  -4.4622243e-01  -6.5280822e-03   8.6207274e-03   1.5400135e-03
  -7.9216740e-03   6.0196353e-02  -3.1552978e-01  -6.7885598e-03   8.7084643e-03   1.3836965e-03
