   0.0000000e+00   0.0000000e+00   0.0000000e+00   0.0000000e+00  -6.9388939e-18   0.0000000e+00
  -2.8214283e-02  -6.5640582e-02  -6.4465425e-02   8.8348785e-04   4.8929071e-04  -1.9176730e-05
   1.4098231e-02   7.2561181e-03   1.5015572e-01   2.5994408e-03   1.7250488e-04   4.5613459e-04
   1.4912343e-01   3.5290318e-02   2.4009691e-01   9.9684159e-03   2.6853887e-03   1.5293179e-03
   1.7637457e-01  -3.8756199e-01   4.4493541e-01   9.5909187e-03   1.5686317e-03   5.4330245e-03
   1.3355821e-01  -3.5589857e-02   4.4004340e-02   6.1126058e-03   3.8934107e-04   3.4889064e-03
   1.3607563e-01  -3.2268503e-02   1.9401834e-01   8.6922168e-03   3.4233918e-04   3.8787459e-03
   1.3759681e-01  -2.1170524e-02   2.1486596e-01   8.1699576e-03   3.7573639e-04   3.7224596e-03
   1.5258438e-01   3.7087054e-02   1.4917287e-01   6.5980488e-03   2.4278802e-04   3.4818586e-03
   1.4819355e-01  -4.5245389e-02   2.7272220e-01   7.5421828e-03  -1.0536153e-04   3.9605767e-03
   1.4426485e-01   3.9452344e-02   5.8548911e-01   8.4623591e-03  -8.3259269e-04   4.2043351e-03
   1.6855674e-01  -6.5621766e-02   2.6576033e-01   1.0036824e-02  -8.2945014e-04   4.1165735e-03
   1.5248145e-01  -1.9075826e-02   3.0364358e-01   9.2325051e-03  -8.5822849e-04   4.0507617e-03
   1.6620887e-01   1.6670796e-02   4.6513766e-01   8.8180736e-03  -1.5336507e-03   4.6568531e-03
   1.6538365e-01  -6.6478945e-02   2.6367587e-01   1.0008602e-02  -9.9986335e-04   4.4835534e-03
   1.5052671e-01  -7.0572487e-03   3.2171347e-01   9.9543059e-03  -8.7315902e-04   4.2175783e-03
   1.7577041e-01   3.4783162e-02   2.8847026e-01   1.0457873e-02  -1.1429965e-03   4.9739238e-03
   1.6500742e-01  -3.5835122e-02   2.4906241e-01   1.2235366e-02  -7.2904634e-04   4.7336245e-03
   1.5873330e-01   4.7751831e-02   4.5326685e-01   1.0362348e-02  -1.1896135e-03   4.4532310e-03
   1.6929952e-01  -6.9689432e-03   2.4945005e-01   1.0917075e-02  -1.0850554e-03   4.8757827e-03
   1.6999544e-01  -8.3059801e-03   2.4079832e-01   1.0901814e-02  -8.2336038e-04   4.6985078e-03
   1.6027763e-01   5.7103159e-02   3.9106237e-01   9.8958941e-03  -1.2119271e-03   4.3440879e-03
   1.6693665e-01   7.9471840e-03   3.1301267e-01   9.8620195e-03  -1.2719654e-03   4.8011206e-03
   1.6013376e-01   6.7693064e-03   5.8321897e-01   7.9813171e-03  -1.5805238e-03   4.8496099e-03
   1.8553225e-01   9.6317768e-03   2.9939856e-01   9.6080521e-03  -1.9686459e-03   4.9958327e-03
   1.9124273e-01  -1.9062804e-01  -8.8364708e-02   1.3283264e-02  -1.9316455e-03   5.3156117e-03
   1.7773719e-01  -1.2881230e-01  -3.9332508e-01   1.2631930e-02  -2.2752153e-03   4.1976406e-03
   1.5257953e-01  -8.5316396e-02  -8.5252504e-02   1.2922797e-02  -1.5251525e-03   4.2544928e-03
   1.4308620e-01  -2.0721656e-02   1.7603326e-01   9.9561933e-03  -1.8444291e-03   4.0809591e-03
   1.3121220e-01  -5.0244442e-02   1.3632004e-01   1.0949553e-02  -1.2498537e-03   4.0050132e-03
   1.4053886e-01  -2.6759743e-02   2.0438040e-01   1.0572848e-02  -1.4244748e-03   4.2371955e-03
   1.3564529e-01  -6.9517942e-02   1.3160325e-01   1.2325614e-02  -1.2122580e-03   4.1681572e-03
   1.4537418e-01  -2.9740959e-02   2.4259932e-01   9.9795914e-03  -1.3342455e-03   4.2925110e-03
   1.4009885e-01  -6.1305966e-02   1.3401802e-01   1.0742576e-02  -9.8980619e-04   4.0888883e-03
   1.3229865e-01  -4.6284790e-02   1.5441658e-01   1.1007571e-02  -9.4496875e-04   4.0415955e-03
   1.4272393e-01  -3.4573058e-02   1.7589089e-01   1.1584787e-02  -1.4778125e-03   4.5828204e-03
   1.4424301e-01  -4.1161742e-02   1.6586423e-01   1.2301875e-02  -8.2008301e-04   4.1156595e-03
   1.5024431e-01  -6.0829524e-02   1.3074683e-01   1.2068069e-02  -9.2374266e-04   4.3588708e-03
   1.5265815e-01   3.0225392e-03   2.9190170e-01   1.1127942e-02  -1.0889699e-03   3.8690801e-03
   1.5924961e-01  -3.9817384e-02   1.3990963e-01   1.0612292e-02  -9.9999264e-04   4.0499207e-03
   1.6774929e-01   9.7180799e-03   3.2573536e-01   9.9854295e-03  -1.8657988e-03   4.2929471e-03
   1.5761784e-01  -9.2246657e-02   7.0133241e-02   1.1465791e-02  -1.4833819e-03   4.4290988e-03
   1.4446360e-01  -5.5619991e-02   9.0754677e-02   1.2178730e-02  -1.1197031e-03   4.3767606e-03
   1.4873839e-01   8.0963638e-03   2.0841735e-01   1.2317784e-02  -8.9635516e-04   4.2578372e-03
   1.6070537e-01  -4.6525864e-02   1.6681486e-01   1.5200961e-02  -9.8843016e-04   4.3398602e-03
   1.5892430e-01  -9.2942538e-03   2.6129518e-01   1.5921207e-02  -3.7688258e-04   3.8273410e-03
   1.8064175e-01  -7.8092145e-02   1.4472823e-01   1.6770996e-02  -7.3271831e-04   4.5387439e-03
   1.8280333e-01  -3.3145451e-02   2.5033783e-01   1.5364536e-02  -7.3988954e-04   4.2622061e-03
   1.9004018e-01  -5.4306700e-02   1.7823536e-01   1.5533606e-02  -8.9815821e-04   4.7048424e-03
   1.7356407e-01  -2.1722578e-02   1.9438625e-01   1.5889276e-02  -7.3095875e-04   4.1117508e-03
   1.8906242e-01  -5.4968532e-02   1.6882124e-01   1.6482560e-02  -1.0548354e-03   4.6057726e-03
   1.8450333e-01  -3.2232339e-02   2.3410260e-01   1.6462569e-02  -8.9055848e-04   4.2267524e-03
   1.8292758e-01  -6.9021917e-02   1.5998095e-01   1.6928121e-02  -7.1046716e-04   4.4014461e-03
   1.8729488e-01  -2.9612612e-02   1.9096367e-01   1.6483090e-02  -8.4643149e-04   4.2558254e-03
   1.7548060e-01  -3.5088555e-02   1.1055184e-01   1.4002659e-02  -4.8921251e-04   4.0042137e-03
   1.9347614e-01   1.6956366e-03   2.7710688e-01   1.4018543e-02  -4.8649447e-04   4.0602871e-03
   1.9250502e-01  -6.6247058e-02   1.2469900e-01   1.5446485e-02  -7.2726243e-04   4.3886912e-03
   1.8915001e-01   3.3971097e-03   2.8759857e-01   1.4819045e-02  -9.0550326e-04   4.0779191e-03
   1.9703506e-01  -5.3780427e-02   1.7208949e-01   1.4737018e-02  -1.0977207e-03   4.5446697e-03
   1.8604539e-01  -1.4123615e-02   2.6626521e-01   1.4907244e-02  -8.5831816e-04   4.1927398e-03
   1.9891047e-01  -5.7454578e-02   1.4441614e-01   1.5475250e-02  -1.1318000e-03   4.6865488e-03
   1.9129943e-01  -2.3088043e-03   2.3646181e-01   1.5135982e-02  -1.1579845e-03   4.2960168e-03
   1.8431549e-01  -5.5495957e-02   1.4125844e-01   1.5612893e-02  -9.3896366e-04   4.3995109e-03
   2.2711616e-01   3.6994228e-02   1.3423882e-01   1.3393936e-02  -1.5321585e-03   4.7567740e-03
   2.1847524e-01  -1.0803615e-01   1.0634890e-01   1.5696564e-02  -1.2469758e-03   4.7747549e-03
   2.1974470e-01  -1.2224737e-02   1.7288881e-01   1.4818656e-02  -1.1972139e-03   4.6631081e-03
   1.9993855e-01  -3.2772161e-02   1.2650383e-01   1.3561795e-02  -9.3852855e-04   4.4867979e-03
   2.0066888e-01  -1.2389125e-02   3.0325246e-01   1.1659502e-02  -1.7156216e-03   4.6131772e-03
   1.9666756e-01  -7.9516993e-02   6.9870238e-02   1.4219361e-02  -9.9538974e-04   4.6508583e-03
   1.6088181e-01   8.6341261e-02   8.6673035e-01   1.5952948e-02  -1.7215246e-03   4.2787874e-03
   1.2312283e-01   6.7331000e-02   1.7046234e+00   9.6342119e-03  -3.8796075e-03   4.1276346e-03
   1.8997800e-01   2.6544645e-02   1.2062015e+00   1.4800331e-02  -4.7736270e-03   4.5948090e-03
   1.9318095e-01   6.1165349e-02   1.3459461e+00   1.4155557e-02  -4.4846897e-03   4.3105093e-03
   2.0252525e-01   5.9779123e-02   1.3327731e+00   1.3831739e-02  -4.9643169e-03   4.7950212e-03
   2.0242807e-01   6.7874688e-02   1.3342038e+00   1.4157057e-02  -4.8194675e-03   4.5104524e-03
   1.9431402e-01   1.5896255e-01   1.2282201e+00   6.9840075e-03  -4.3368830e-03   3.5897174e-03
   1.7375382e-01   1.3118180e-01   1.3606280e+00   1.1312103e-03  -4.2339945e-03   3.0888754e-03
   1.8227924e-01   1.2344824e-01   1.2672358e+00   3.9737198e-03  -4.3183132e-03   3.3360114e-03
   2.0392670e-01   1.5039376e-01   1.2337691e+00   5.4162777e-03  -5.3597038e-03   4.1207439e-03
   2.0303900e-01  -2.3357892e-02   3.8358968e-01   1.0746048e-02  -5.3268100e-03   4.8736864e-03
   1.8622130e-01   3.6443124e-02   3.4590430e-01   1.0726260e-02  -5.1988157e-03   5.2247534e-03
   2.1378644e-01   3.4584711e-02   3.3806306e-01   1.1788354e-02  -5.3880025e-03   5.5801893e-03
   2.0735635e-01  -3.4806053e-02   2.6448864e-01   1.2877052e-02  -4.9295265e-03   5.5393157e-03
   2.2321101e-01   8.1838657e-02   6.6950972e-01   1.1106286e-02  -5.7767586e-03   5.5706924e-03
   2.2593574e-01  -2.5900126e-02   4.4974344e-01   1.2608732e-02  -5.5918588e-03   5.6481666e-03
   3.2579290e-01  -4.0623500e-02   7.3661434e-01   1.6104114e-02  -3.7612981e-03   7.7934116e-03
   3.5433294e-01  -2.1022528e-01   6.9304469e-01   1.5540588e-02  -6.6273575e-04   1.0592711e-02
   2.6749307e-01  -7.5623271e-02   9.6583642e-01   1.2759821e-02  -2.0907345e-03   1.0234899e-02
   1.4031338e-01   2.3014227e-01   6.3816799e-01   9.0070865e-03  -3.6727265e-03   6.8771102e-03
   2.1386108e-01   1.6664019e-01   7.3964976e-01   1.4696696e-02  -5.8982597e-03   8.7277800e-03
   2.1691588e-01   1.2335254e-01   6.3834459e-01   1.7077500e-02  -6.5654634e-03   8.4473092e-03
   2.1607410e-01   2.1647281e-01   8.8873555e-01   1.5585376e-02  -7.0499756e-03   8.0959457e-03
   2.1528139e-01   1.2421490e-01   8.9022852e-01   1.6382521e-02  -7.3955134e-03   8.1955501e-03
   2.8695532e-01   2.4647365e-01   5.7781954e-01   1.4062761e-02  -1.0024964e-02   7.7344051e-03
   2.9203350e-01   1.2961928e-01   7.9408022e-02   1.3950283e-02  -7.9228769e-03   8.0810626e-03
   2.5783988e-01   4.5489805e-02   4.9593865e-02   1.1207499e-02  -7.1339227e-03   7.7355351e-03
   2.4269287e-01   5.3941620e-02  -4.6380130e-02   1.1610630e-02  -7.7297612e-03   7.0086844e-03
   2.3894540e-01   1.8990247e-02  -4.5700595e-02   1.1824003e-02  -7.4945898e-03   6.8557863e-03
   2.3968493e-01   8.4346363e-02   7.1354908e-02   1.0843618e-02  -7.2574116e-03   6.8363001e-03
   2.4037535e-01   1.5726722e-01   2.2843863e-01   9.4366210e-03  -7.1275295e-03   6.9427395e-03
   2.3534062e-01   8.5285400e-02   2.1248905e-01   1.0003519e-02  -7.0441478e-03   6.7984521e-03
   2.4811952e-01   1.1129511e-01   7.1210949e-02   1.1880479e-02  -6.4330441e-03   6.6709704e-03
   2.3774604e-01   5.0857957e-02   1.5189489e-01   1.2227683e-02  -7.0449971e-03   6.8353628e-03
   2.4671139e-01  -9.5582943e-02  -4.0131447e-02   1.3156791e-02  -7.1490506e-03   7.1881126e-03
   2.4760979e-01  -7.2568987e-04  -1.4755706e-01   1.2051997e-02  -7.1173056e-03   6.7925309e-03
   2.4231655e-01   1.4198326e-02  -7.7520750e-02   9.6464944e-03  -7.1818900e-03   6.4177215e-03
   2.2979002e-01  -2.2064018e-02   1.2634418e-01   7.0527084e-03  -6.5043788e-03   6.5384715e-03
   2.6532236e-01   7.9382843e-02   2.0218512e-01   7.5582941e-03  -7.0432155e-03   7.3216309e-03
   2.6629620e-01   3.2220297e-02   3.5191077e-01   7.0234848e-03  -7.1850834e-03   7.2084909e-03
   3.5163165e-01  -3.8648839e-02   8.9255135e-01   3.5842615e-03  -8.9821847e-03   8.4458267e-03
   3.7738207e-01  -7.0077111e-02   1.3073945e+00   5.9552936e-04  -9.5986276e-03   7.9857472e-03
   3.2630677e-01  -7.1238648e-02   1.3150664e+00  -1.7518529e-03  -1.0331105e-02   7.2819710e-03
   3.2088168e-01   3.0622135e-03   1.2747978e+00   2.8015604e-04  -1.0605734e-02   7.2072563e-03
   3.2963109e-01   2.6521955e-02   1.1145434e+00   2.5543548e-03  -1.0074988e-02   7.7031996e-03
   3.5173829e-01  -1.1382453e-01   1.4614174e-02   1.1581418e-02  -9.3250455e-03   8.2943731e-03
   3.7560726e-01  -1.1225550e-01  -2.3326772e-01   1.5176328e-02  -8.7217707e-03   8.5085533e-03
   3.8133896e-01  -1.0925182e-01  -2.3427407e-01   1.5918107e-02  -8.6837122e-03   8.3685869e-03
   3.6444557e-01  -1.1520022e-01   7.5325345e-03   1.4352740e-02  -7.4703227e-03   8.6648505e-03
   3.3147900e-01   6.2278959e-03   5.5578050e-01   7.2119166e-03  -7.6755171e-03   8.0682321e-03
   3.0449256e-01   4.6138091e-02   8.3214830e-01   3.8512049e-03  -7.5876438e-03   7.3730067e-03
   2.9252923e-01   8.6849224e-02   1.1516655e+00   5.6091641e-04  -9.0643076e-03   7.2614716e-03
   3.0263788e-01   1.2331346e-01   9.8101218e-01   1.8519574e-03  -9.0922436e-03   6.7281405e-03
   3.0590602e-01   1.2843960e-01   8.6164456e-01  -7.6138070e-04  -8.8577287e-03   6.5138491e-03
   3.3868544e-01   9.3855796e-02   5.9479116e-01   2.5913994e-03  -8.8460413e-03   6.9505458e-03
   3.3034329e-01   1.9607307e-01   6.3588472e-01   3.2328050e-03  -1.0137775e-02   6.7981953e-03
   2.9276780e-01   1.7204827e-01   7.2389282e-01   6.2640779e-03  -8.3054956e-03   5.8860031e-03
   3.0044717e-01   2.0613179e-01   7.5135354e-01   8.6948755e-03  -6.2455320e-03   4.9989633e-03
   2.7799695e-01  -1.0305776e-01   4.9049887e-01   1.1479621e-02  -5.0240281e-03   5.1932516e-03
   2.9600251e-01  -6.2526100e-02   6.9610401e-01   1.1304818e-02  -5.2834298e-03   4.2350606e-03
   3.1227090e-01   3.1489790e-02   1.1605823e+00   4.6254085e-03  -6.0321317e-03   4.4655722e-03
   2.5660770e-01  -4.4263030e-02   1.2110184e+00   2.0753094e-03  -6.6647311e-03   5.1107384e-03
   2.5466201e-01   8.1390806e-02   1.2203845e+00   2.7429517e-03  -7.6319841e-03   5.0868186e-03
   2.7879824e-01   3.5505317e-02   1.0662207e+00   4.0045643e-03  -8.3423983e-03   5.8886995e-03
   2.6924246e-01   3.8544600e-02   1.0075134e+00   1.5635965e-03  -7.2572431e-03   4.6109359e-03
   2.1872987e-01   1.8153550e-01   1.4678757e+00  -6.8603314e-04  -7.9023800e-03   4.2074538e-03
   2.0763306e-01   1.7441951e-02   1.1063222e+00   3.2683930e-03  -7.5121553e-03   4.5100458e-03
   2.1354936e-01   1.5999412e-01   1.3356879e+00   2.3559717e-03  -7.6652439e-03   4.7041186e-03
   2.2613016e-01   8.1336743e-02   1.1822007e+00   3.3807138e-03  -8.0610953e-03   5.0837245e-03
   2.5051696e-01   4.9974645e-02   1.1312847e+00   4.1624712e-03  -8.0596941e-03   5.3708204e-03
   2.7573482e-01   1.5042151e-01   1.2038719e+00   3.1511592e-03  -8.8411079e-03   5.4777314e-03
   2.7907458e-01   1.6114580e-01   1.2922228e+00   1.9406457e-03  -8.8268593e-03   5.3987073e-03
   2.8762371e-01   8.0813804e-02   1.1472501e+00   2.7225093e-03  -8.5915339e-03   5.6169671e-03
   2.8983334e-01   1.7766723e-01   1.1003729e+00   2.8001408e-03  -8.2007055e-03   5.6460193e-03
   2.9893258e-01   1.1643195e-01   1.0609663e+00   3.6921952e-03  -8.3246794e-03   5.6395423e-03
   3.0292254e-01   1.1741910e-01   1.0909213e+00   2.9719180e-03  -8.1100957e-03   5.6225418e-03
   3.0857106e-01   1.3768362e-01   7.9964177e-01   5.4035925e-03  -8.3376105e-03   5.6588719e-03
   2.9886528e-01   9.8725451e-02   8.6780338e-01   5.3456945e-03  -7.3165078e-03   5.6978204e-03
   2.7325128e-01   2.2634191e-01   1.1955127e+00   4.4245051e-03  -7.9373600e-03   5.4947656e-03
   2.7157568e-01   2.1081145e-01   1.0393179e+00   4.4213585e-03  -8.1318178e-03   5.9853684e-03
   2.9806667e-01  -1.4594244e-02   9.2747005e-01   6.0492105e-03  -7.6045341e-03   5.8072452e-03
   3.2157190e-01   9.1690270e-02   9.5619471e-01   5.9333216e-03  -6.5988213e-03   6.0292305e-03
   3.0099642e-01   9.0354281e-02   9.3274535e-01   6.3025151e-03  -6.5754441e-03   6.2498862e-03
   3.0811553e-01   6.2253595e-02   8.9117113e-01   6.1057519e-03  -6.5507847e-03   6.2536958e-03
   2.9920894e-01   1.5530753e-01   1.0343770e+00   5.5049038e-03  -6.8181822e-03   5.9761326e-03
   2.9040200e-01   1.4360694e-01   1.4243919e+00   3.2029449e-03  -7.2559973e-03   5.9548967e-03
   3.4485192e-01   1.7089096e-01   2.2463964e+00  -4.2969481e-03  -8.0046666e-03   5.4013603e-03
   3.8292846e-01   1.4692795e-01   2.6293973e+00  -9.4164259e-03  -8.8759907e-03   4.9753636e-03
   3.5964572e-01   1.5175940e-01   2.5728046e+00  -7.3799214e-03  -9.2859069e-03   5.1239725e-03
   3.6563527e-01   1.9023135e-01   2.4157981e+00  -6.4695290e-03  -9.0250296e-03   5.0541349e-03
   3.8355239e-01   2.2451738e-01   2.4341737e+00  -6.8664418e-03  -9.4177654e-03   5.2151916e-03
   3.7550761e-01   1.9798522e-01   2.3844171e+00  -5.8382329e-03  -9.3364249e-03   4.7192712e-03
   3.9121789e-01   2.6119569e-01   2.4109746e+00  -7.4661048e-03  -9.2126883e-03   4.8345345e-03
   4.0068478e-01   2.6966986e-01   2.5927591e+00  -8.7926564e-03  -9.4642474e-03   4.9320936e-03
   3.8032330e-01   1.9190244e-01   2.4986345e+00  -7.7533081e-03  -9.7042648e-03   4.8556378e-03
   3.8173984e-01   2.6798706e-01   2.3495390e+00  -7.3669365e-03  -8.7021635e-03   4.4012022e-03
   3.2266417e-01   2.8391414e-01   2.2400255e+00  -7.6026919e-03  -7.8658414e-03   3.7291973e-03
   3.8839578e-01   2.6570494e-01   2.3891667e+00  -7.0909979e-03  -8.2438339e-03   4.9491696e-03
   4.5471811e-01   1.1039282e-01   1.4924739e+00  -1.0972125e-03  -6.5836689e-03   6.7815006e-03
   4.3345849e-01   1.5115780e-01   1.0418569e+00   3.8584533e-03  -6.6417631e-03   6.2338480e-03
   4.4842768e-01   1.4849947e-01   1.0359568e+00   3.7959842e-03  -6.7960284e-03   5.9730678e-03
   4.1304370e-01   1.9803218e-01   1.5462798e+00  -2.5887158e-03  -8.0443783e-03   5.2319726e-03
   4.2926015e-01   1.1552170e-01   1.2888241e+00  -2.4147324e-03  -8.1416024e-03   5.3070560e-03
   4.2396931e-01   1.9331269e-01   1.2880118e+00   5.7065453e-04  -8.4407778e-03   5.3558035e-03
   4.2671091e-01   1.5441315e-01   1.2931333e+00   6.0656575e-04  -7.5984021e-03   5.5344161e-03
   4.1355524e-01   1.1358834e-01   1.0168265e+00   2.0061952e-03  -7.5177545e-03   5.9296277e-03
   4.0599060e-01   2.5420682e-01   1.1592248e+00  -5.2840622e-04  -6.7734408e-03   5.4261183e-03
   3.7782719e-01   3.2515103e-01   1.1756544e+00  -2.3212467e-03  -6.5114185e-03   4.6880732e-03
   3.7121678e-01   3.7898650e-01   1.3093821e+00   4.3081242e-03  -5.4810220e-03   4.8631352e-03
   3.1227226e-01   3.7628373e-01   1.1046136e+00   4.3829130e-03  -3.8214161e-03   4.4606627e-03
   3.1782094e-01   2.0707130e-01   1.3379246e+00   4.7616434e-03  -4.4279419e-03   4.2680987e-03
   3.1898200e-01   1.0680315e-01   1.1521791e+00   6.2351522e-03  -4.3775078e-03   4.1123468e-03
   3.3125097e-01   8.8444214e-02   1.1130324e+00   8.3139596e-03  -4.2297696e-03   4.0321521e-03
   3.4994801e-01   1.4194509e-01   1.0979625e+00   7.5998454e-03  -4.4322339e-03   4.3820454e-03
   3.5803263e-01   1.5397220e-01   1.1282940e+00   7.6547216e-03  -4.3795891e-03   4.6100515e-03
   3.3888491e-01   9.9808920e-02   1.0448304e+00   6.9794674e-03  -4.7776615e-03   4.3445636e-03
   2.7195139e-01   1.2150843e-01   7.1103652e-01   4.9645084e-03  -4.7086007e-03   3.3978045e-03
   2.7425489e-01   9.3440951e-02   6.3162006e-01   4.7239955e-03  -3.8787356e-03   3.3597166e-03
   2.8318059e-01   9.5325079e-02   6.6234693e-01   4.2690653e-03  -3.8722162e-03   3.4904300e-03
