   0.0000000e+00   0.0000000e+00   0.0000000e+00   0.0000000e+00  -6.9388939e-18   0.0000000e+00
  -6.4151883e-03   1.5505933e-02   3.0092893e-01  -1.6164272e-03  -4.1993396e-04  -3.2903633e-04
  -8.6419596e-03  -4.7089607e-03   2.2262463e-01  -1.1133849e-04  -4.4745362e-04  -9.1039955e-05
   5.3409595e-03   7.7786137e-02   4.6158369e-01   6.9177000e-04  -1.2317245e-03   4.2143111e-04
   3.3173264e-02   1.2329655e-02   2.6192882e-01   1.1227541e-03  -1.3343838e-03   7.8179456e-04
   2.5149035e-02   7.4197897e-02   4.3382047e-01   6.6202372e-04  -1.3996357e-03   5.9274704e-04
   2.2157324e-02   2.2609603e-02   2.5079877e-01   6.0437347e-04  -1.2583689e-03   9.0565467e-04
   6.1040652e-02   6.4295891e-02   4.8222890e-01  -6.1249564e-04  -1.5112271e-03   1.2111297e-03
   4.7151068e-02   5.6830023e-02   2.2838823e-01  -1.0900799e-03  -1.6664585e-03   1.3042242e-03
   1.0584537e-02   8.9882994e-02   4.0942809e-01  -1.4868223e-03  -1.9224700e-03   9.1120895e-04
   2.9398563e-02   1.1243400e-01   6.2503115e-01  -1.6278307e-03  -2.6346381e-03   1.1381302e-03
   2.1455348e-02   6.2222535e-02   4.4754139e-01  -9.2804846e-04  -2.5364707e-03   8.0347992e-04
  -2.1980226e-02   1.5197323e-01   5.6425658e-01  -4.2402486e-03  -2.7861303e-03   4.9913201e-04
   3.4623817e-03   7.4956808e-02   4.5801084e-01  -3.5403154e-03  -2.5182815e-03   8.4197323e-04
   1.2211763e-02   1.0869639e-01   5.8996163e-01  -2.6106584e-03  -3.2735859e-03   1.0684578e-03
   1.5206983e-03   1.0214654e-01   4.7741857e-01  -2.7251262e-03  -3.1133107e-03   8.0203537e-04
   4.7792312e-03   1.0220111e-01   5.2677368e-01  -1.5825754e-03  -3.5371995e-03   1.1300550e-03
   6.6551689e-03   1.0431396e-01   5.4221058e-01  -1.9699057e-03  -3.1471677e-03   1.2579556e-03
   7.6551759e-03   1.3925580e-01   5.8549818e-01  -2.1533812e-03  -3.0713613e-03   8.4783727e-04
   2.1888282e-02   6.5860148e-02   5.0663351e-01  -5.5647089e-04  -3.5638020e-03   1.3348361e-03
   1.0633383e-02   1.1558717e-01   4.9499121e-01  -1.0755888e-03  -2.8848918e-03   9.5493094e-04
  -1.7859051e-02   1.0562302e-01   3.4625386e-01  -7.1704971e-04  -2.4010413e-03   9.6669856e-04
  -1.1910158e-02   1.1828018e-01   5.8328407e-01  -9.1817823e-04  -2.9773663e-03   7.8661027e-04
  -2.5984072e-02   6.6515567e-02   3.6396876e-01  -1.0261842e-03  -2.5753115e-03   8.0347309e-04
  -2.4807223e-02   1.0678473e-01   4.5404561e-01  -1.0535424e-03  -2.7554713e-03   1.0487888e-03
  -4.6462306e-02   2.2326744e-01   3.0835591e-01  -8.5532872e-03  -2.4568387e-03  -4.5025108e-04
  -4.2739869e-02   1.6949986e-01   4.7052155e-01  -8.5495821e-03  -3.4745588e-03   4.5921183e-04
  -1.1036634e-02   1.3286515e-01   4.2020059e-01  -6.4316915e-03  -3.3502964e-03   1.0571556e-03
   4.5414975e-03   1.1036716e-01   3.2254859e-01  -4.4093962e-03  -3.6417623e-03   1.5012993e-03
   1.4801366e-02   1.5364951e-01   3.6197941e-01  -4.6406714e-03  -3.5151371e-03   1.3840937e-03
   5.8128283e-02   1.3710228e-01   3.1420446e-01  -4.0122459e-03  -3.8800751e-03   2.2992088e-03
   3.7034927e-02   1.7371737e-01   4.7168265e-01  -4.1436354e-03  -4.0446538e-03   1.4318725e-03
   4.8114190e-02   1.1736713e-01   2.8947353e-01  -3.6885647e-03  -4.0719444e-03   1.8306886e-03
   3.9696266e-02   1.1875124e-01   3.9391689e-01  -4.6836850e-03  -4.1904052e-03   1.8532477e-03
   3.3292027e-02   1.0874629e-01   2.6960012e-01  -2.8957550e-03  -4.0607439e-03   1.3932615e-03
   5.9417777e-02   1.1589354e-01   3.0527732e-01  -3.2532163e-03  -4.5951083e-03   2.0329855e-03
   5.5116589e-02   1.4893239e-01   4.1767146e-01  -3.8749807e-03  -4.1803961e-03   1.7202298e-03
   4.6555997e-02   1.0756383e-01   2.6139157e-01  -2.8332795e-03  -3.8166661e-03   1.6738005e-03
   5.1730779e-03   1.5277429e-01   2.8364187e-01  -5.1322626e-03  -3.0032382e-03   1.2709241e-03
  -6.5889599e-03   1.5092115e-01   1.8762684e-01  -5.4326795e-03  -2.3993002e-03   9.6052219e-04
   3.7557958e-02   1.1828153e-01   2.6510508e-01  -3.6735748e-03  -3.2490057e-03   1.7733149e-03
   2.1398527e-02   1.6266756e-01   3.4102912e-01  -4.6084227e-03  -2.6462800e-03   1.3441775e-03
   4.1037030e-02   1.2635962e-01   2.9530713e-01  -4.1314679e-03  -3.5786522e-03   1.9812072e-03
   4.0961280e-02   1.5816802e-01   3.7023866e-01  -3.7191238e-03  -3.5559355e-03   1.4921427e-03
   2.7218618e-02   1.0257198e-01   1.5337528e-01  -3.9935887e-03  -2.7598799e-03   2.1425609e-03
  -2.5454865e-02   1.7230312e-01   4.8289442e-01  -6.2449944e-03  -2.7915392e-03   3.1043054e-04
   5.0250285e-02   9.3498474e-02   3.5889306e-01  -3.4346375e-03  -4.0993794e-03   2.1159570e-03
   3.2542798e-02   1.7653061e-01   4.9052948e-01  -3.7155115e-03  -3.7335969e-03   1.5564518e-03
   3.2639036e-02   1.2904412e-01   2.9683535e-01  -3.0301278e-03  -3.4489047e-03   2.0153827e-03
   4.1939165e-02   1.5633456e-01   3.7403044e-01  -2.7637673e-03  -3.2691247e-03   1.6141130e-03
   4.6102616e-02   1.1743725e-01   2.7231317e-01  -3.6487522e-03  -3.3004010e-03   1.9410893e-03
   5.8500585e-02   1.6266721e-01   5.3360610e-01  -4.3576649e-03  -3.8152233e-03   1.9767005e-03
   8.6621923e-02  -1.2515858e-02   1.1451927e-01  -9.2625122e-04  -3.7294258e-03   2.5814923e-03
   8.0597809e-02  -2.6453364e-02  -1.4312608e-01   9.8690204e-04  -4.0823311e-03   2.2144118e-03
   5.3469368e-02   3.7703730e-02  -4.1424571e-02  -7.6253841e-04  -4.1201743e-03   1.4645512e-03
   2.1783068e-02   1.7262001e-01   5.9691824e-01  -2.7025482e-03  -4.0357736e-03   7.4320118e-04
   1.4170336e-02   9.8024565e-02   5.7390568e-01  -2.0423616e-03  -4.8564726e-03   8.2877035e-04
   6.6172661e-03   9.2192111e-02   4.3984721e-01  -1.6653230e-03  -4.5068940e-03   7.2322544e-04
   1.3904785e-02   2.9262786e-01   6.9633053e-01  -4.4393194e-03  -5.2442499e-03  -4.0159487e-05
   5.1682491e-02   1.6792204e-01   6.9600953e-01  -3.1823967e-03  -5.4362142e-03   3.8251291e-04
   5.2061721e-02   5.3950762e-02   6.5541029e-01  -1.5312211e-03  -5.4808166e-03   1.1873194e-03
   7.9950928e-02   7.1196933e-02   3.7124328e-01  -1.2158680e-03  -5.4164050e-03   1.4671446e-03
   1.2964118e-01   1.1481124e-01   4.6755859e-01  -3.3005623e-03  -6.6981322e-03   1.8150871e-03
   1.3117510e-01   3.2639149e-02   2.4063621e-01  -3.2531085e-03  -5.9987010e-03   2.2471075e-03
   8.1864133e-02   6.4313564e-02   2.9310448e-01  -1.0067469e-03  -5.5540450e-03   1.5290586e-03
   7.3384139e-02   1.5427736e-01   5.7816448e-01  -2.1025177e-03  -5.7020829e-03   9.7527967e-04
   1.0994598e-01   4.8047628e-02   4.1008161e-01  -1.8174765e-03  -6.2470440e-03   1.8621014e-03
   1.3201062e-01   6.0224361e-02   4.3683118e-01  -1.3760554e-03  -6.1993737e-03   1.9512727e-03
   1.4137356e-01   5.9293504e-02   5.4559639e-01  -2.1976918e-03  -6.3061370e-03   2.1206819e-03
   1.6491421e-01   8.5641923e-02   5.4701297e-01  -2.0619615e-03  -5.9532497e-03   2.1979877e-03
   2.1698899e-01   4.6604321e-02   5.8637058e-01  -1.1840947e-03  -7.0203612e-03   3.4122917e-03
   1.7688114e-01   1.0539053e-01   6.8180768e-01  -1.0631546e-03  -6.0332011e-03   2.1239798e-03
   1.5916253e-01   5.8954629e-02   5.5047736e-01  -9.8280725e-04  -5.9806792e-03   2.3314630e-03
   1.8599155e-01   5.5230125e-02   5.4950463e-01  -2.7233097e-04  -6.1047365e-03   2.8115756e-03
   1.6171707e-01   1.1220429e-01   6.3697030e-01  -6.4271563e-04  -5.6684080e-03   2.1142602e-03
   1.7305295e-01   6.4710758e-02   4.6940849e-01  -5.8084046e-04  -5.9311798e-03   2.7313268e-03
   1.6639808e-01   7.8559305e-02   4.3623735e-01  -3.1919773e-05  -5.6731872e-03   2.7213983e-03
   1.7115277e-01   8.2275137e-02   4.3249875e-01  -1.2629225e-03  -5.3502659e-03   2.8528209e-03
   1.6124783e-01   9.7826757e-02   5.3417768e-01  -6.9861746e-04  -5.1063420e-03   2.5610876e-03
   1.6200287e-01   8.1642530e-02   5.9411134e-01  -7.6458406e-04  -5.8022349e-03   2.5967630e-03
   1.4865178e-01   7.2003953e-02   4.4746427e-01  -7.1400594e-04  -5.1141717e-03   2.2944872e-03
   1.3386721e-01   1.0166799e-01   4.4708258e-01  -2.1720465e-03  -4.8942516e-03   2.1013170e-03
   1.4147408e-01   1.0063239e-01   5.4758683e-01  -3.6387478e-03  -5.0611164e-03   1.8904696e-03
   3.4399750e-02   1.2119320e-01   2.4594730e-01  -6.1271315e-03  -2.4851262e-03   7.0185474e-04
   8.7634620e-02   1.8621426e-01   7.3706902e-01  -4.3937884e-03  -3.0722980e-03   5.5360463e-04
   1.2099407e-01   8.3376542e-02   4.3949911e-01  -2.9373926e-03  -3.4455428e-03   1.6044485e-03
   9.1390607e-02   1.7361319e-01   5.6036765e-01  -3.9528965e-03  -2.7926435e-03   7.5848933e-04
   9.2379720e-02   1.7316471e-01   4.8875164e-01  -5.2860945e-03  -2.7726732e-03   6.9018860e-04
   8.5100859e-02   1.9463382e-01   6.2728512e-01  -6.6693670e-03  -2.5437763e-03   5.0421027e-04
   6.2240946e-02   1.9241428e-01   4.1722654e-01  -7.9625543e-03  -9.8902882e-04   6.8305393e-04
   7.1757759e-02   1.9686475e-01   4.4005106e-01  -8.4401209e-03  -3.0943699e-04   1.0804422e-03
   5.1942604e-02   2.1504455e-01   5.9600460e-01  -8.6968919e-03  -1.1904847e-03   5.3810770e-04
   4.1899922e-02   1.1365213e-01   2.4293905e-01  -5.6676583e-03  -5.6175271e-04   5.1389946e-04
   5.0157561e-02   1.9626615e-01   5.2076397e-01  -6.0614704e-03  -9.7143538e-04   6.2822894e-04
   5.9954291e-02   1.9672919e-01   3.7931437e-01  -5.0414251e-03   1.6937068e-04   6.8861129e-04
   6.0131553e-02   1.9580136e-01   6.5554077e-01  -3.2982076e-03  -3.1496093e-03   1.6922593e-03
   1.2003408e-01   6.2784165e-02   3.0826276e-01  -4.0232063e-03  -3.2385806e-03   1.7227685e-03
   1.1439715e-01   1.4388306e-01   3.5886487e-01  -4.8731961e-03  -2.7290278e-03   1.7775448e-03
   8.6087382e-02   1.8394935e-01   5.0797372e-01  -4.5910180e-03  -2.7057115e-03   9.2720471e-04
   1.3167522e-02   2.0224276e-01   1.4021088e-01  -9.3583287e-03  -1.1144087e-03  -4.5486280e-04
  -2.3770667e-02   2.2373473e-01   9.9450537e-01  -1.5275804e-02  -5.3616411e-03  -2.2725017e-03
   2.7144245e-02   1.2333987e-01   4.3965595e-01  -1.0209083e-02  -5.5532758e-03  -1.1481659e-03
   2.4235001e-02   2.4220761e-01   6.2228588e-01  -1.0301123e-02  -4.7263833e-03  -1.4011922e-03
   6.8620113e-02   1.6667219e-01   5.6536337e-01  -8.7595836e-03  -5.5839483e-03  -3.3638293e-04
   7.6878094e-02   1.6805779e-01   4.7729145e-01  -8.9815118e-03  -5.1665431e-03  -2.5140962e-04
   8.3781751e-02   2.0154542e-01   4.9394786e-01  -8.1273503e-03  -5.3868973e-03  -1.8346323e-04
   9.4709995e-02   1.6086154e-01   5.0879520e-01  -8.4036974e-03  -5.2590437e-03   2.5831001e-05
   7.8930604e-02   1.8726818e-01   5.2759966e-01  -8.5703593e-03  -5.1652099e-03  -3.4640118e-05
   4.0549457e-02   1.9714581e-01   4.0033325e-01  -9.5194264e-03  -4.3911416e-03  -6.1878531e-04
   2.1935502e-02   2.0676403e-01   3.6071381e-01  -1.1487223e-02  -3.6740012e-03  -6.8761481e-04
   4.7405651e-02   2.3995247e-01   7.2285151e-01  -9.7904125e-03  -3.9744202e-03  -6.5513020e-04
   6.8892556e-02   1.3100863e-01   3.8990632e-01  -8.1370021e-03  -3.9428426e-03   7.0405827e-05
   4.8672416e-02   2.0829166e-01   4.3741688e-01  -9.4497557e-03  -2.4985313e-03  -7.2092820e-04
   4.7305917e-02   1.7034902e-01   4.1820676e-01  -8.8787232e-03  -2.9469165e-03  -2.8824630e-04
   4.6529253e-02   2.1429288e-01   4.2609339e-01  -7.4714467e-03  -2.2194590e-03  -8.1556023e-04
   4.3979422e-02   1.7467655e-01   3.6962359e-01  -7.8774423e-03  -2.3146523e-03  -5.4699162e-04
  -1.3115601e-02   1.9175448e-01   3.0984294e-01  -9.6095197e-03  -1.5974610e-03  -1.4379494e-03
   1.9742182e-02   1.8593871e-01   4.5477783e-01  -9.5622110e-03  -2.0728243e-03  -1.0576354e-03
   2.8828934e-02   2.0097976e-01   5.0625604e-01  -9.0108598e-03  -2.1420581e-03  -8.7242919e-04
   5.0634737e-02   1.9652545e-01   5.1319566e-01  -9.8511060e-03  -2.5942674e-03  -4.1569554e-04
   4.6995223e-02   2.1539273e-01   4.6236634e-01  -9.1780581e-03  -2.4942752e-03  -5.7417684e-04
   4.9858858e-02   2.0753331e-01   4.8536237e-01  -9.1040430e-03  -2.7209334e-03  -2.4552220e-04
   2.8061559e-02   2.3758260e-01   5.7775160e-01  -9.5532328e-03  -2.1013624e-03  -8.5010956e-04
   2.0477353e-02   1.7657793e-01   4.0852213e-01  -8.8968519e-03  -2.2803891e-03  -5.2006036e-04
   1.6433228e-02   2.2492187e-01   5.1569879e-01  -9.0507193e-03  -1.8597489e-03  -1.0794072e-03
   3.1859839e-02   1.8956841e-01   5.2013694e-01  -9.2739595e-03  -2.4542418e-03  -6.8033672e-04
   5.1250300e-02   2.4479110e-01   6.6745740e-01  -9.8839101e-03  -2.1120399e-03  -8.4229405e-04
   1.0630257e-01   1.8274214e-01   4.7173049e-01  -9.8348692e-03  -1.6735506e-03   1.2152440e-03
   5.8059771e-02   2.7226736e-01   6.5788474e-01  -9.2586309e-03  -2.0336294e-03  -6.4587970e-04
   4.4784635e-02   1.8400033e-01   4.0270088e-01  -8.6714190e-03  -1.5909475e-03   2.6366369e-05
  -3.3318423e-03   2.4119398e-01   6.1007892e-01  -9.3745475e-03  -1.5202750e-03  -1.6190385e-03
  -1.0991877e-01   2.5016983e-01   3.7165356e-01  -1.2354380e-02   7.8434093e-04  -2.5588850e-03
  -8.7928481e-02   2.6822461e-01   5.0604988e-01  -1.2121285e-02   7.5255623e-04  -2.2795483e-03
  -2.0030252e-02   2.0362793e-01   3.6795171e-01  -1.0660319e-02  -1.0473824e-04  -1.0568503e-03
  -1.8286555e-02   1.9420321e-01   3.1724459e-01  -1.0082880e-02   5.4619179e-04  -1.3275615e-03
  -8.0248337e-03   2.2745472e-01   4.6950769e-01  -1.0543646e-02  -2.3095667e-04  -1.0157800e-03
   2.8267264e-02   1.5842537e-01   4.0863965e-01  -5.9134587e-03  -1.3964601e-04  -5.4680320e-04
   8.1262237e-02   2.0362402e-01   4.0945819e-01  -5.4232177e-03  -1.8052513e-03   2.5755760e-04
   6.0438424e-02   1.8080792e-01   3.8628890e-01  -6.0855897e-03  -9.7099677e-04  -3.6368314e-04
   2.5553221e-02   2.7608239e-01   3.3672137e-01  -1.3705693e-02  -2.2529605e-04  -9.2874412e-04
   2.0990376e-02   2.5848181e-01   4.6756356e-01  -1.3792411e-02  -3.2254884e-04  -1.0411196e-03
   5.2677149e-02   2.1998911e-01   3.9086331e-01  -1.3195019e-02  -8.3603567e-04  -2.7436927e-04
   4.1046221e-02   2.6893628e-01   4.9733713e-01  -1.2040446e-02  -5.6901176e-04  -7.5871504e-04
   5.4918778e-02   2.3178459e-01   4.3765949e-01  -1.1949838e-02  -1.0281908e-03  -1.6401896e-04
   3.9400456e-03   2.3580373e-01   3.0691400e-01  -1.3070661e-02   4.1022600e-04  -1.3700732e-03
   7.5087677e-03   2.5637288e-01   3.5616922e-01  -1.4204699e-02   5.8685828e-05  -1.3728230e-03
   1.8851030e-02   2.4818139e-01   3.8709147e-01  -1.3595283e-02   8.3877227e-05  -1.0358823e-03
   4.8936934e-02   2.4239001e-01   4.8007726e-01  -1.2289944e-02  -7.1511221e-04  -3.8221590e-04
   5.1540391e-02   2.3811274e-01   3.6812132e-01  -1.2131632e-02  -4.9780422e-04  -4.1131536e-04
   1.6889586e-02   3.0916171e-01   5.3616528e-01  -1.3526153e-02  -1.0260417e-04  -1.4386714e-03
   2.9402161e-02   2.2844646e-01   4.2000478e-01  -1.1864022e-02  -3.0370168e-04  -5.7080008e-04
   3.3214176e-02   2.7827403e-01   5.3043047e-01  -1.2416029e-02  -4.9481655e-04  -6.3938772e-04
   1.3437492e-02   2.6036514e-01   3.5191071e-01  -1.1936402e-02   8.4597021e-05  -1.0522499e-03
  -9.2831334e-03   3.0784272e-01   4.4504084e-01  -1.4602605e-02   5.5784374e-05  -1.7026887e-03
  -3.9005259e-02   2.9596585e-01   4.6262610e-01  -1.6001310e-02   9.6952449e-04  -2.2787852e-03
  -1.2461235e-02   2.5538975e-01   6.8122092e-01  -1.6400566e-02   8.2862078e-05  -1.6873624e-03
   1.9165056e-02   3.0188225e-01   6.6607458e-01  -1.4325611e-02  -2.3482200e-04  -8.6370734e-04
   8.6525868e-02   2.3956896e-01   3.9743120e-01  -1.3832331e-02  -3.3056351e-04   9.8545562e-04
   6.9624454e-02   3.2302332e-01   6.0045346e-01  -1.3275683e-02  -3.6749171e-04  -6.8406161e-05
   7.4602881e-02   2.4878437e-01   3.9290583e-01  -1.1611087e-02  -4.7334931e-04   5.3038766e-04
   5.0231982e-02   3.3006060e-01   6.3689463e-01  -1.3008370e-02  -3.2186171e-04  -5.3648815e-04
   8.9904267e-02   2.2881924e-01   4.6617975e-01  -1.1868290e-02  -6.3034702e-04   7.7986694e-04
   5.4067899e-02   2.9672803e-01   6.5588383e-01  -1.2641665e-02  -1.9010553e-04  -5.5937546e-04
  -6.1570421e-02   3.0255905e-01   3.1203419e-01  -1.6170170e-02   1.2406051e-03  -1.7833817e-03
  -4.0548387e-02   2.8177982e-01   5.7213941e-01  -1.9163139e-02   1.6589724e-03  -2.3592835e-03
  -2.8449827e-02   2.9194511e-01   4.8304808e-01  -1.8803457e-02   1.5095809e-03  -2.2356809e-03
  -1.9653774e-02   3.3098754e-01   6.3600247e-01  -1.9706173e-02   1.3878027e-03  -2.3008759e-03
  -3.0709651e-03   2.9818385e-01   5.4898242e-01  -1.8781979e-02   1.3247698e-03  -1.5060049e-03
   4.4923887e-03   3.5878605e-01   6.6893870e-01  -1.7089582e-02   8.1671128e-04  -1.1030777e-03
   1.3402240e-02   2.8820915e-01   3.8769989e-01  -1.5658292e-02   1.2074823e-03  -8.0405674e-04
  -2.8938638e-03   3.7984536e-01   6.4481838e-01  -1.6851096e-02   1.0610492e-03  -1.2736252e-03
   2.0471569e-03   2.7653147e-01   5.0078319e-01  -1.5704565e-02   1.5231056e-03  -1.2197665e-03
  -2.6018300e-02   3.1568124e-01   6.3326620e-01  -1.8063137e-02   1.6058489e-03  -1.9073469e-03
  -2.5620037e-02   2.5654998e-01   4.9439583e-01  -1.6572569e-02   1.9547969e-03  -1.3217193e-03
  -1.8876038e-03   3.3530255e-01   6.7986915e-01  -1.6684648e-02   1.4208378e-03  -1.3361556e-03
   3.5236244e-02   2.7698851e-01   5.1670834e-01  -1.6048114e-02   1.5125085e-03  -6.6791891e-04
   2.4195358e-02   3.2553768e-01   6.5222528e-01  -1.7005307e-02   1.6715962e-03  -1.3087377e-03
  -3.9884725e-02   3.1986725e-01   4.6525988e-01  -1.8558075e-02   2.3288293e-03  -2.0594167e-03
  -2.8870001e-02   3.1097738e-01   6.9533309e-01  -1.8483917e-02   2.5267953e-03  -2.0448415e-03
  -4.7500819e-02   2.7179217e-01   5.7713012e-01  -1.7821015e-02   2.8437096e-03  -2.0325663e-03
  -9.2917912e-03   3.4651925e-01   6.5390361e-01  -1.8118712e-02   2.3713118e-03  -1.2968743e-03
  -4.5328491e-03   2.7653887e-01   3.2702741e-01  -1.6484308e-02   2.8714983e-03  -1.0115760e-03
  -6.0981733e-03   3.6640721e-01   6.6259445e-01  -1.7073195e-02   2.3196756e-03  -1.1757157e-03
   1.0426848e-02   2.8726260e-01   5.7973924e-01  -1.5191766e-02   2.1787825e-03  -5.7357953e-04
   1.9757187e-02   3.3336054e-01   7.2464518e-01  -1.4852041e-02   1.4986233e-03   6.0271962e-05
   3.8037731e-02   2.8040184e-01   6.6752876e-01  -1.2818595e-02   1.1876052e-03   5.6516846e-04
   4.2739978e-02   3.3862762e-01   7.5052737e-01  -1.3277864e-02   4.5459476e-04   8.7321902e-04
  -1.1453414e-02   2.4446598e-01   5.5188984e-01  -1.2038606e-02  -6.3061347e-04   5.1175760e-04
