   0.0000000e+00   0.0000000e+00   0.0000000e+00   0.0000000e+00   0.0000000e+00   0.0000000e+00
  -1.5648003e-03   1.8840259e-02  -8.4868057e-02  -3.7202905e-04   2.8206017e-04   1.7608922e-04
   3.3115308e-02   4.6260417e-02  -1.5278224e-02  -4.3424303e-06   4.9279942e-05   7.7345593e-04
   5.6750852e-02   6.9657039e-02   5.6181263e-02  -6.9398854e-04  -3.4117692e-05   1.3107708e-03
   1.0799103e-01   4.4589118e-02   4.8096540e-02  -1.4134114e-04  -2.0652987e-04   2.0874120e-03
   1.3926831e-01   9.1975359e-02   1.8191690e-01   1.9843322e-04  -3.0624975e-04   2.4527937e-03
   1.6401810e-01   5.5966514e-02   9.9649908e-02   5.0038119e-04   1.3193059e-04   2.8982167e-03
   2.1064671e-01   1.0711458e-01   2.3299239e-01   7.6140898e-04  -2.3420668e-04   3.5170653e-03
   2.1306506e-01   5.5959667e-02   1.2334917e-01   1.8071040e-03  -2.1266325e-04   3.6511456e-03
   2.4552053e-01   8.8726776e-02   1.9545700e-01   1.0566364e-03  -5.4665227e-05   4.1403658e-03
   2.4687538e-01   8.4894137e-02   1.2775680e-01   2.1447258e-03   1.1578980e-04   4.3152555e-03
   2.6164040e-01   7.9857804e-02   1.8660563e-01   1.9107643e-03   6.9746863e-05   4.5265796e-03
   2.5763437e-01   9.3457306e-02   1.8923387e-01   1.2910719e-03   4.4852371e-04   4.3495813e-03
   2.8659008e-01   5.8363217e-02   1.4493910e-01   2.3281298e-03   2.5980795e-04   4.9429818e-03
   2.9242023e-01   1.0709565e-01   2.3445281e-01   1.4785344e-03   2.3493689e-04   4.9050729e-03
   2.7899491e-01   4.9815090e-02   1.0909991e-01   1.5296426e-03   6.0756613e-04   4.9709751e-03
   3.2194536e-01   1.0571436e-01   2.7273567e-01   1.5079077e-03   5.7598783e-05   5.5580533e-03
   3.0904458e-01   7.8619000e-02   1.3209338e-01   1.6783201e-03   4.7206190e-04   5.6754738e-03
   3.3334691e-01   1.0911036e-01   2.6053566e-01   1.9880077e-03   6.7747058e-05   6.0732043e-03
   3.2604300e-01   1.0762450e-01   2.1174271e-01   1.2482492e-03   4.3212327e-04   5.8914414e-03
   3.1103713e-01   7.5840750e-02   1.8334377e-01   2.2478932e-03   5.2220183e-04   6.0074055e-03
   3.2094043e-01   1.3441158e-01   2.5023764e-01   1.6738368e-03   6.1423022e-04   6.1330692e-03
   3.1045442e-01   9.8738761e-02   1.4853561e-01   2.3846620e-03   5.9794441e-04   6.1914860e-03
   3.1438923e-01   1.2351433e-01   2.0790108e-01   1.9095339e-03   8.3092228e-04   6.2841873e-03
   3.2001244e-01   1.3129340e-01   2.0195615e-01   1.7982616e-03   8.7036572e-04   6.4006203e-03
   3.1385475e-01   1.0561634e-01   1.9934457e-01   2.3097673e-03   8.3800295e-04   6.4319448e-03
   3.3004712e-01   1.4374947e-01   2.2221170e-01   1.7553280e-03   7.0180471e-04   6.5304618e-03
   3.0256718e-01   8.8272278e-02   1.4419205e-01   2.0111110e-03   1.0670314e-03   6.1464156e-03
   3.2962198e-01   1.5189292e-01   2.7183009e-01   1.1005447e-03   5.7970281e-04   6.6053771e-03
   3.1093658e-01   1.0470698e-01   1.9379136e-01   1.5625669e-03   6.6444397e-04   6.2919934e-03
   3.2581348e-01   1.3837648e-01   3.0362119e-01   4.6886724e-04   6.8903316e-04   6.7720289e-03
   3.2860184e-01   1.2057651e-01   2.0058641e-01   1.4525592e-03   7.3388116e-04   6.5745835e-03
   3.1520503e-01   1.3082727e-01   1.7966523e-01   8.4042957e-04   1.1046806e-03   6.4881136e-03
   3.3774195e-01   1.5622199e-01   3.1846691e-01   1.0697342e-03   7.4380983e-04   6.8340902e-03
   3.2495936e-01   1.1737286e-01   2.0202342e-01   1.0706079e-03   9.0501476e-04   6.5942434e-03
   3.3373730e-01   1.5208433e-01   3.0484069e-01   7.2535428e-04   6.2964370e-04   6.9409926e-03
   3.1605408e-01   1.3283309e-01   2.2303677e-01   1.0539838e-03   7.5556901e-04   6.5622918e-03
   3.0872601e-01   1.5070535e-01   1.9853286e-01   7.3117011e-04   9.9677330e-04   6.7032752e-03
   3.2550737e-01   1.6783322e-01   2.6248521e-01   9.7777387e-04   7.1380881e-04   6.7368395e-03
   3.0177109e-01   1.2012510e-01   1.5624679e-01   4.8266548e-04   1.1244967e-03   6.4852525e-03
   3.3199011e-01   1.5961378e-01   2.9752145e-01   4.9087316e-04   8.4713030e-04   6.8974045e-03
   3.1044579e-01   1.2761997e-01   1.6839742e-01   1.1699524e-03   9.8249851e-04   6.5446440e-03
   3.1540288e-01   1.7400823e-01   2.4033654e-01   3.5605307e-04   1.0061547e-03   6.7684795e-03
   3.0623124e-01   1.4664462e-01   1.8906029e-01   6.5337130e-04   1.0763704e-03   6.5308793e-03
   3.1704823e-01   1.8252004e-01   2.8442929e-01   1.0482027e-04   4.2136064e-04   7.0264593e-03
   2.9158941e-01   1.2798687e-01   1.4216285e-01  -1.6428996e-05   7.5154275e-04   6.7968616e-03
   3.1594909e-01   2.2743064e-01   2.9432164e-01  -1.1594122e-03   9.3909704e-04   7.0774247e-03
   3.1811174e-01   1.5759870e-01   1.9769724e-01  -1.8038098e-04   9.9477278e-04   7.0084171e-03
   3.4153049e-01   1.9303574e-01   3.3768895e-01  -8.2944625e-04   7.9787833e-04   7.4835884e-03
   3.2768248e-01   1.6214470e-01   2.4534166e-01  -3.2358377e-04   9.9375268e-04   7.4771700e-03
   3.5058091e-01   1.7494728e-01   3.4823834e-01  -1.4734276e-04   7.8407801e-04   7.7528569e-03
   3.4060425e-01   1.4465026e-01   2.6520825e-01  -4.1536007e-04   1.0090911e-03   7.5831169e-03
   3.5609929e-01   1.5591417e-01   2.9516735e-01  -6.1007376e-04   7.5651498e-04   7.8854671e-03
   3.4081862e-01   1.9905341e-01   3.0583688e-01  -1.7596892e-04   9.1430728e-04   7.3399828e-03
   3.3525096e-01   1.7750204e-01   2.2281148e-01  -4.3076495e-04   1.0943577e-03   7.5173205e-03
   3.4497772e-01   2.1974968e-01   3.4411409e-01  -3.7299011e-04   9.1039391e-04   7.4475685e-03
   3.3574167e-01   1.7429529e-01   2.3732356e-01  -1.6431589e-04   9.5650774e-04   7.4676885e-03
   3.4368971e-01   2.0079500e-01   2.8802934e-01  -8.3322863e-04   1.0629297e-03   7.6863445e-03
   3.3907423e-01   2.2209848e-01   2.8639776e-01  -1.2960193e-04   9.4588751e-04   7.3942948e-03
   3.2993464e-01   1.8605234e-01   2.1022438e-01  -4.9572572e-04   1.1397509e-03   7.3306448e-03
   3.4296327e-01   2.1095092e-01   3.4419012e-01  -1.0500127e-03   9.3988201e-04   7.6049360e-03
   3.2021387e-01   1.6453143e-01   2.1618183e-01  -5.0214569e-04   1.1173501e-03   7.2780481e-03
   3.4269527e-01   2.1057152e-01   3.1374962e-01  -1.5838194e-03   1.0037805e-03   7.7070533e-03
   3.4893897e-01   1.7847887e-01   2.7135949e-01  -8.6532016e-04   9.6192027e-04   7.7324617e-03
   3.4863005e-01   1.9033323e-01   2.7911905e-01  -9.2891834e-04   1.0414353e-03   7.8112877e-03
   3.5085195e-01   2.2401203e-01   2.9124309e-01  -6.0211167e-04   1.0147399e-03   7.8321287e-03
   3.4567887e-01   1.8879478e-01   2.2291804e-01  -1.7312635e-04   1.0766753e-03   7.7790321e-03
   3.5157977e-01   2.3562016e-01   3.4479335e-01  -1.3657606e-03   9.7711160e-04   7.8575191e-03
   3.4280947e-01   1.9094060e-01   2.4891063e-01  -7.6644146e-04   1.0846653e-03   7.6078026e-03
   3.5676278e-01   2.1225115e-01   3.3611140e-01  -1.1189960e-03   1.0085396e-03   7.9475517e-03
   3.4707900e-01   2.2925449e-01   2.6563909e-01  -1.1098711e-03   1.3752094e-03   7.7801651e-03
   3.5230117e-01   1.9068697e-01   2.6744619e-01  -3.5299160e-04   1.1322284e-03   8.0040979e-03
   3.4976772e-01   2.3593409e-01   2.8418287e-01  -1.1479565e-03   1.2649064e-03   7.8622329e-03
   3.3978384e-01   1.8979470e-01   1.9778930e-01  -6.2877606e-05   1.3585205e-03   7.8136141e-03
   3.4601502e-01   2.2988956e-01   3.2361705e-01  -8.7613305e-04   1.2114013e-03   7.9055718e-03
   3.4237245e-01   1.9080362e-01   2.2527161e-01  -5.7956149e-04   1.2151985e-03   8.0249061e-03
   3.6108365e-01   2.1229681e-01   2.9688698e-01  -4.5583096e-04   1.0654970e-03   8.2066009e-03
   3.5091132e-01   2.4710553e-01   3.2330116e-01  -1.2348661e-03   1.3252221e-03   7.9601598e-03
   3.5388269e-01   1.9485385e-01   2.2675563e-01  -1.7105089e-04   1.1006610e-03   8.1898258e-03
   3.6737344e-01   2.7123511e-01   3.4912572e-01  -6.5690952e-04   8.4596181e-04   8.2500421e-03
   3.4849850e-01   2.1731524e-01   2.3063661e-01  -6.2723553e-04   1.1480948e-03   8.0213720e-03
   3.5386412e-01   2.2499312e-01   3.2348555e-01  -3.3960773e-04   9.6793504e-04   8.1788544e-03
   3.4221766e-01   2.6889768e-01   2.9241030e-01  -9.0950585e-04   1.4005221e-03   7.7967382e-03
   3.3781841e-01   2.0935693e-01   1.9811134e-01   1.2497243e-04   1.3814423e-03   7.9919559e-03
   3.5074311e-01   2.6034490e-01   3.4456571e-01  -2.6340708e-04   1.1604233e-03   7.9514937e-03
   3.3900109e-01   2.0334584e-01   1.9520111e-01  -2.8284146e-04   1.3781942e-03   7.8167097e-03
   3.6080529e-01   2.4335799e-01   3.4448753e-01  -3.9114615e-04   1.2772035e-03   8.1108651e-03
   3.4997946e-01   2.0874952e-01   2.5453910e-01  -5.1491050e-04   1.2927777e-03   7.9442246e-03
   3.4265107e-01   1.9739866e-01   2.3688300e-01  -5.1240800e-04   1.5286591e-03   7.9476022e-03
   3.4989675e-01   2.4726249e-01   3.2513612e-01  -3.1492352e-04   1.4291569e-03   8.0292123e-03
   3.4165357e-01   2.1154448e-01   2.2053678e-01  -5.1242674e-05   1.4773125e-03   7.7592796e-03
   3.4355142e-01   2.3632059e-01   3.3001762e-01  -1.3149971e-03   1.5231000e-03   7.8631148e-03
   3.3265683e-01   2.2359468e-01   2.1724232e-01  -5.1126396e-04   1.8066316e-03   7.6330567e-03
   3.4824009e-01   2.3065978e-01   2.4434482e-01  -5.0912981e-05   1.5586689e-03   7.9396887e-03
   3.4217780e-01   2.5214829e-01   3.1802710e-01  -1.1622894e-03   1.5923466e-03   7.8092138e-03
   3.3551587e-01   2.0383686e-01   2.1517401e-01  -2.2357169e-04   1.7184754e-03   7.7842617e-03
   3.4048054e-01   2.9947144e-01   3.9098613e-01  -1.4700617e-03   1.6943664e-03   7.6140921e-03
   3.3425564e-01   2.1605455e-01   2.1607493e-01  -6.3622267e-04   1.9029005e-03   7.9381715e-03
   3.5117952e-01   2.6430607e-01   3.3711850e-01  -9.4024541e-04   1.7744603e-03   7.8439054e-03
   3.4225491e-01   2.1539136e-01   2.0958032e-01  -9.5450414e-04   2.2112034e-03   7.9069921e-03
   3.6267381e-01   2.4565259e-01   3.5277625e-01  -1.5348742e-03   1.9343314e-03   8.1427379e-03
   3.5275105e-01   2.2969505e-01   2.6991087e-01  -7.7159773e-04   1.9886434e-03   7.9716016e-03
   3.5297261e-01   2.2622919e-01   2.3496505e-01  -9.2325859e-04   2.0872893e-03   8.2235728e-03
   3.6155175e-01   2.7160261e-01   3.4644544e-01  -1.3421648e-03   1.9767668e-03   8.1800675e-03
   3.6371463e-01   2.2341602e-01   2.5729644e-01  -6.7725813e-04   1.9639595e-03   8.2147457e-03
   3.5948507e-01   2.4737658e-01   3.2782456e-01  -1.7654145e-03   2.0785188e-03   8.3303504e-03
   3.5803211e-01   2.4509007e-01   2.8802737e-01  -8.1821910e-04   2.0023436e-03   8.4023753e-03
   3.5942805e-01   2.3446934e-01   2.6964755e-01  -5.7746505e-04   1.9851091e-03   8.6456539e-03
   3.4398381e-01   3.1412442e-01   4.0131690e-01  -2.1402708e-03   2.0701226e-03   7.9704867e-03
   3.6190968e-01   4.0801614e-01   6.0167748e-01  -3.8462062e-03   8.9933014e-04   8.7724538e-03
   3.6495783e-01   2.0346949e-01   2.9968557e-01  -8.9852964e-04   2.0258949e-03   8.7706634e-03
   3.5574787e-01   2.2340331e-01   1.1679401e-01  -6.1183982e-05   2.6516061e-03   8.4682611e-03
   3.3444042e-01   2.4492393e-01   1.2243996e-01  -2.7194485e-04   2.7752691e-03   8.3469700e-03
   3.3297304e-01   2.6437541e-01   1.6568336e-01  -5.7149204e-04   2.8521150e-03   8.5886836e-03
   3.5160202e-01   2.9273462e-01   2.9038987e-01  -1.1047192e-03   3.0450408e-03   8.7845300e-03
   3.5286645e-01   2.6414654e-01   1.9699479e-01  -4.9887204e-04   3.1768648e-03   8.8712119e-03
   3.5926763e-01   2.5338070e-01   3.2181811e-01  -4.9462085e-04   2.9218900e-03   9.0526048e-03
   3.6495112e-01   2.4506519e-01   2.6426154e-01  -4.1171411e-04   2.8434020e-03   9.0284424e-03
   3.5362659e-01   2.5135456e-01   1.8947522e-01  -9.3347321e-04   3.0931438e-03   9.0495102e-03
   3.6469080e-01   2.7961554e-01   3.1757196e-01  -1.2673231e-03   2.6365229e-03   9.2450002e-03
   3.5693034e-01   2.6987750e-01   2.2367267e-01   1.9934540e-04   2.6725796e-03   8.9957259e-03
   3.5964595e-01   2.6611026e-01   2.1972488e-01  -4.1852468e-04   2.7255855e-03   9.1698369e-03
   3.6295884e-01   2.9066935e-01   2.7396622e-01  -1.3318226e-03   2.9164457e-03   9.0062290e-03
   3.5576081e-01   2.4070988e-01   1.6496010e-01  -6.9637784e-04   2.9677253e-03   9.2512862e-03
   3.7334554e-01   2.9239177e-01   3.1409644e-01  -1.1823496e-03   2.7390836e-03   9.2652064e-03
   3.6160543e-01   2.6439588e-01   2.0245791e-01  -1.4224563e-03   3.1087987e-03   9.1849420e-03
   3.7377700e-01   2.9735294e-01   2.6336664e-01  -1.9802371e-03   2.9083075e-03   9.4644830e-03
   3.6887017e-01   2.9830609e-01   2.3206311e-01  -1.3921757e-03   3.0963406e-03   9.2074846e-03
   3.7281020e-01   2.8914828e-01   1.9753897e-01  -1.4711566e-03   3.0608123e-03   9.3850243e-03
   3.7899308e-01   3.1903530e-01   3.2541728e-01  -2.1289582e-03   3.1209602e-03   9.3160911e-03
   3.7980069e-01   2.7167070e-01   2.1980845e-01  -1.1457172e-03   3.0472838e-03   9.3634030e-03
   3.7675425e-01   2.7839202e-01   2.8326802e-01  -1.0385651e-03   2.8167003e-03   9.4193245e-03
   3.7939835e-01   3.0601326e-01   3.1130100e-01  -1.1682365e-03   2.9516557e-03   9.3255968e-03
   3.7797932e-01   2.6097290e-01   1.8245415e-01  -1.5186374e-03   3.1795761e-03   9.6452193e-03
   3.8303770e-01   3.2035912e-01   3.2672368e-01  -2.1222199e-03   2.8333300e-03   9.4499168e-03
   3.8137210e-01   2.4658274e-01   1.9390654e-01  -1.1382465e-03   3.0961945e-03   9.6143901e-03
   3.8970929e-01   2.9173150e-01   2.6153040e-01  -1.9400347e-03   3.1025965e-03   9.7583561e-03
   3.8534210e-01   3.0902575e-01   2.7124422e-01  -1.0606304e-03   3.1243402e-03   9.4699457e-03
   3.7036817e-01   2.8005055e-01   2.0079646e-01  -8.2657283e-04   3.0370682e-03   9.4837047e-03
   3.6591296e-01   3.3114183e-01   3.1242445e-01  -1.4474370e-03   2.8249276e-03   9.3974014e-03
   3.5598380e-01   2.8315392e-01   2.2093379e-01  -7.2464177e-04   2.9092727e-03   9.3411419e-03
   3.8333407e-01   3.1308521e-01   3.7891287e-01  -1.2486210e-03   2.6606541e-03   9.6613913e-03
   3.7864003e-01   2.9384776e-01   2.6473215e-01  -1.3987646e-03   3.3009085e-03   9.4826753e-03
   3.7871503e-01   2.9028646e-01   2.1646167e-01  -6.1245379e-04   3.0009045e-03   9.6280792e-03
   3.8119847e-01   3.1779791e-01   3.1843591e-01  -1.1098911e-03   2.7772604e-03   9.3268407e-03
   3.7705921e-01   2.7953495e-01   2.1576245e-01  -1.2222362e-03   2.9907492e-03   9.4416384e-03
   3.9293065e-01   2.6991427e-01   2.8308085e-01  -9.7372010e-04   2.7819665e-03   9.8740842e-03
   3.8978146e-01   3.1166833e-01   3.3717090e-01  -7.2533276e-04   2.7275517e-03   9.4982582e-03
   4.0505141e-01   2.6716038e-01   2.2601122e-01  -7.1728052e-04   3.0399740e-03   1.0122598e-02
   4.0255285e-01   3.4179637e-01   3.7404059e-01  -1.7765206e-03   2.8077350e-03   9.7094490e-03
   4.1669344e-01   2.6943780e-01   3.5675307e-01  -1.3155894e-03   2.6787440e-03   9.9883273e-03
   4.2859935e-01   2.6237381e-01   2.8747277e-01  -5.2004207e-04   2.7219574e-03   9.9727234e-03
   4.3515053e-01   3.0133950e-01   3.4977632e-01  -1.0274203e-03   2.4400009e-03   1.0087623e-02
   4.2225443e-01   3.6782834e-01   5.3632835e-01  -2.2248586e-03   2.3114307e-03   9.5605537e-03
   4.4199846e-01   2.5816687e-01   3.8515344e-01  -1.4148947e-03   2.2309998e-03   1.0281931e-02
   4.3533038e-01   2.8778818e-01   3.1726768e-01  -4.3152038e-04   2.5262220e-03   1.0070949e-02
   4.4889476e-01   3.0970592e-01   3.5169435e-01  -1.0281311e-03   2.5719262e-03   1.0356766e-02
   4.3603150e-01   3.2273959e-01   4.2821607e-01  -1.5131452e-03   2.6420347e-03   9.7645742e-03
   4.4298937e-01   2.8062500e-01   2.8566258e-01  -4.3033721e-04   2.7476272e-03   1.0454693e-02
   4.4677005e-01   3.3048881e-01   3.6474356e-01  -1.0667273e-03   2.6798808e-03   1.0307939e-02
   4.5297696e-01   3.0315736e-01   2.7789176e-01   1.3398789e-04   2.6132760e-03   1.0642089e-02
   4.5982749e-01   3.3039284e-01   4.0423979e-01  -2.0647082e-04   2.3563524e-03   1.0445970e-02
   4.4422454e-01   2.8559365e-01   2.8478967e-01  -4.9419585e-04   2.6124987e-03   1.0386637e-02
   4.6698760e-01   3.2477575e-01   4.1192867e-01  -8.4765702e-04   2.0655046e-03   1.0690770e-02
   4.5013807e-01   2.9679523e-01   3.6882675e-01  -2.6709229e-04   2.3873273e-03   1.0405240e-02
   4.5566322e-01   3.1021803e-01   3.5018190e-01  -6.6036520e-04   2.3549295e-03   1.0565018e-02
   4.5622292e-01   3.5413036e-01   4.0656980e-01  -6.2834444e-04   2.2493188e-03   1.0502206e-02
   4.5494113e-01   2.9582833e-01   3.2197820e-01   2.9720175e-04   2.4683802e-03   1.0570038e-02
   4.6287368e-01   3.1765746e-01   4.5170247e-01  -1.8101299e-04   2.2874034e-03   1.0558616e-02
   4.5992561e-01   3.3351252e-01   3.9433177e-01  -2.4759990e-04   2.5221291e-03   1.0339237e-02
   4.6855414e-01   3.0305289e-01   3.8718842e-01  -5.7248040e-04   2.3109504e-03   1.0728406e-02
   4.6767081e-01   3.1486828e-01   3.9887901e-01  -5.4448311e-04   2.4889977e-03   1.0654906e-02
   4.7967458e-01   2.8303764e-01   3.4316313e-01   2.7297658e-04   2.2055226e-03   1.0908217e-02
   4.7003098e-01   3.0636452e-01   4.5088959e-01  -7.6694077e-04   2.2217970e-03   1.0548703e-02
   4.5654684e-01   2.7606060e-01   3.3419491e-01  -7.0219732e-04   2.3462593e-03   1.0568709e-02
   4.6165188e-01   2.7199321e-01   3.8557536e-01  -3.3644073e-04   2.3213163e-03   1.0894064e-02
   4.6125455e-01   3.1221198e-01   4.0716568e-01   5.4832760e-05   2.1963151e-03   1.0410792e-02
   4.5640284e-01   2.9639715e-01   2.9539530e-01  -4.7368266e-05   2.2409352e-03   1.0688745e-02
   4.6605831e-01   3.5041338e-01   4.6216725e-01  -4.3910800e-04   1.8821217e-03   1.0576070e-02
   4.6481281e-01   2.9727344e-01   3.3164992e-01   4.3110193e-04   2.0487038e-03   1.0569760e-02
   4.5333179e-01   3.3947116e-01   4.4340440e-01  -6.2341986e-04   1.9352973e-03   1.0478854e-02
   4.2878096e-01   3.3353354e-01   3.5883271e-01  -4.6065443e-04   2.1282953e-03   9.9981302e-03
   4.4359544e-01   5.6292057e-01   8.2790121e-01  -2.7999910e-03   1.2351565e-03   9.5161071e-03
   4.7980696e-01   4.0726104e-01   6.7054154e-01  -3.8654013e-04   1.9086832e-03   9.0907430e-03
   4.6786206e-01   2.9218539e-01   5.6483645e-01   1.3600753e-03   2.2411845e-03   9.0160665e-03
   4.5932090e-01   4.1300489e-01   4.6533584e-01   1.5580689e-03   2.6816846e-03   8.8420304e-03
   5.1686818e-01   3.9694478e-01   4.1338701e-01   1.7493391e-03   2.0074494e-03   9.3249852e-03
   4.9436596e-01   3.9349229e-01   4.3684874e-01   8.0844494e-04   2.3621301e-03   9.0060524e-03
   4.9595923e-01   3.8507368e-01   3.8441305e-01   8.3574368e-04   2.2638116e-03   9.1304205e-03
   4.7558738e-01   3.8010322e-01   3.3376117e-01   1.2245486e-03   2.8754885e-03   8.7210251e-03
   4.7984236e-01   3.5601200e-01   4.3547674e-01   1.2424776e-03   2.6959138e-03   8.9347575e-03
   4.9487158e-01   3.5204323e-01   3.5985627e-01   1.4475204e-03   2.7957661e-03   8.9458989e-03
   4.9370358e-01   3.8430218e-01   4.9775547e-01   1.3825760e-05   2.1270152e-03   9.0821616e-03
   4.8540383e-01   3.7523549e-01   3.8303790e-01   4.3849203e-05   2.6371873e-03   8.7667837e-03
   4.9141747e-01   3.7209929e-01   3.6113697e-01   1.0514540e-04   2.4860273e-03   8.9953877e-03
   4.9811557e-01   3.7104968e-01   3.8463036e-01   5.1790022e-04   2.5950079e-03   9.0302420e-03
   5.0282488e-01   3.9377060e-01   3.7561751e-01   6.6891126e-04   2.5017772e-03   9.2350714e-03
   4.7862810e-01   4.1050807e-01   3.6036221e-01   7.9728329e-05   3.1056400e-03   8.6768578e-03
   4.7348525e-01   3.7737471e-01   3.5852194e-01   6.8907326e-04   2.6591388e-03   8.9535420e-03
   4.8527014e-01   3.9955488e-01   3.3508387e-01   1.2985214e-03   2.8635799e-03   8.8572808e-03
   4.8805580e-01   4.0817959e-01   3.8150864e-01  -1.8655094e-04   2.8914093e-03   9.0193111e-03
   4.6760560e-01   4.3814940e-01   3.6406442e-01  -5.3975287e-04   3.2490159e-03   8.5066317e-03
   4.6416305e-01   4.8826709e-01   6.7842561e-01  -1.2897146e-03   2.2067640e-03   8.8413634e-03
   4.7991093e-01   3.4235614e-01   3.5111004e-01   6.7544099e-04   3.0933013e-03   8.8673292e-03
   4.1058320e-01   4.9811120e-01   9.3314604e-03  -6.4444025e-03   4.7751435e-03   7.0221668e-03
   3.9079447e-01   4.4550113e-01   9.2473501e-02  -1.2474070e-02   4.5037193e-03   6.8021757e-03
   3.9843720e-01   4.2280640e-01   1.2388073e-01  -9.6511886e-03   4.4099185e-03   6.9157497e-03
   4.0472158e-01   3.9250509e-01   3.0191670e-02  -9.8593164e-03   4.5435707e-03   7.3855909e-03
   4.3216290e-01   4.4882025e-01   2.0968873e-01  -9.1229462e-03   4.1632531e-03   7.6002726e-03
   4.3266997e-01   4.1702002e-01   8.9340967e-02  -9.5460212e-03   4.5010336e-03   7.5908380e-03
   4.3882309e-01   4.1544757e-01   1.9523519e-01  -9.2381402e-03   4.1903602e-03   7.7650720e-03
   4.3792725e-01   4.1730208e-01   1.2599215e-01  -9.0695163e-03   4.3571915e-03   7.7701978e-03
   4.4423664e-01   4.2187155e-01   1.4382216e-01  -8.5227450e-03   4.2691101e-03   7.9383691e-03
   4.3474295e-01   4.1440368e-01   7.3505748e-02  -9.1551528e-03   4.5486679e-03   7.7084497e-03
   4.4702039e-01   4.0605925e-01   1.4409552e-01  -9.1446204e-03   4.2908496e-03   8.1420846e-03
   4.3762539e-01   4.3401089e-01   1.8053588e-01  -9.1626880e-03   4.7385855e-03   7.8982613e-03
   4.3143189e-01   4.0446109e-01   1.3718485e-01  -9.7312572e-03   4.7182792e-03   8.0084384e-03
   4.4925144e-01   4.0385767e-01   5.2686760e-02  -8.2389392e-03   5.2291709e-03   7.8164212e-03
   4.3154710e-01   4.2858634e-01   1.6867529e-01  -8.8689236e-03   4.9850834e-03   7.6787778e-03
   4.3887961e-01   4.1079230e-01   1.9352344e-01  -8.0808844e-03   4.7912929e-03   7.8236445e-03
   4.4576880e-01   3.8444907e-01   2.5345445e-01  -7.9827400e-03   4.4143618e-03   8.1382556e-03
   4.3454271e-01   4.4283113e-01   1.8420302e-01  -8.1488786e-03   4.9267113e-03   7.6986941e-03
   4.3097629e-01   4.2240707e-01   1.7596423e-01  -7.4182222e-03   4.5748412e-03   7.8736495e-03
   4.3140688e-01   4.3380162e-01   2.4004182e-01  -7.9754567e-03   4.5254968e-03   7.7342208e-03
   4.4143864e-01   4.1011351e-01   1.3412182e-01  -7.7569526e-03   4.5773665e-03   8.1260672e-03
   4.4804937e-01   4.6235061e-01   2.9054632e-01  -7.5688641e-03   4.2079723e-03   8.0906659e-03
   4.4483453e-01   4.0085443e-01   1.2055735e-01  -7.5855966e-03   4.6518912e-03   8.0055081e-03
   4.6193809e-01   4.4760606e-01   2.1644608e-01  -8.1164689e-03   4.2825931e-03   8.2289769e-03
   4.5358449e-01   4.4964018e-01   1.5985251e-01  -7.5533402e-03   4.5778501e-03   8.0138800e-03
   4.4961603e-01   4.4443798e-01   8.8780427e-02  -8.4710026e-03   5.0174806e-03   8.1729406e-03
   4.3932526e-01   4.8964748e-01   2.6943902e-01  -8.5239905e-03   4.8165897e-03   7.6000415e-03
   4.4817217e-01   4.0341226e-01   1.5330347e-01  -7.4496847e-03   4.5823357e-03   7.9730131e-03
   4.4980599e-01   4.8069089e-01   2.3619444e-01  -8.6450643e-03   4.7513455e-03   8.0614110e-03
   4.5124855e-01   4.2208357e-01   9.1845998e-02  -7.7476307e-03   4.7639492e-03   8.1829175e-03
   4.4138798e-01   4.4703773e-01   1.5651821e-01  -8.3856084e-03   4.7593962e-03   8.0559902e-03
   4.3212704e-01   4.6716507e-01   1.1402726e-01  -7.7009311e-03   5.0633705e-03   7.7373156e-03
   4.3475091e-01   4.1929461e-01   1.0635718e-01  -7.1553180e-03   4.9514868e-03   7.9547783e-03
   4.1642280e-01   5.2024855e-01   2.9035506e-01  -8.0076499e-03   5.0624122e-03   7.2949165e-03
   4.4055147e-01   6.8667358e-01   5.6382938e-01  -8.5436284e-03   4.1598442e-03   7.3795442e-03
   4.3219342e-01   4.5191409e-01   4.7549574e-01  -5.6530188e-03   4.4390476e-03   7.5468932e-03
   4.6854375e-01   3.6494638e-01   1.9254430e-01  -3.6678939e-03   4.6071038e-03   7.9259147e-03
   4.7179511e-01   4.0659712e-01   1.1813059e-01  -4.0607960e-03   5.0433709e-03   7.8237912e-03
   4.6556883e-01   3.9653655e-01   4.6000211e-02  -5.1345994e-03   5.3117708e-03   7.6623173e-03
   4.7230862e-01   3.9924245e-01   3.4229696e-02  -4.4788725e-03   5.5593337e-03   7.7403756e-03
   4.5726826e-01   4.5931171e-01   3.1679474e-01  -4.6794582e-03   5.2837600e-03   7.4245020e-03
   4.7196195e-01   3.8952940e-01   2.4169325e-01  -4.2608731e-03   4.7660913e-03   7.8114480e-03
   4.7815263e-01   4.0370498e-01   2.6848052e-01  -4.3252275e-03   4.9673454e-03   7.9281647e-03
   4.7667510e-01   3.9997757e-01   3.1872977e-01  -4.1941394e-03   4.8411013e-03   7.9824602e-03
   4.8614168e-01   3.7053308e-01   2.1882040e-01  -4.0296260e-03   5.1324990e-03   7.8774596e-03
   4.8472660e-01   3.9493151e-01   2.2724019e-01  -4.8723945e-03   5.0111748e-03   7.8543570e-03
   4.7105048e-01   4.5338676e-01   3.0441817e-01  -4.9638563e-03   5.0310650e-03   7.2545319e-03
   4.7618244e-01   3.8178343e-01   3.2620685e-01  -3.9537835e-03   4.8804996e-03   7.7686761e-03
   4.9130309e-01   3.9371158e-01   2.0717792e-01  -3.6298826e-03   5.1753648e-03   7.8782933e-03
   4.8575954e-01   4.6863398e-01   3.3158319e-01  -4.3910408e-03   4.9538380e-03   7.8372731e-03
   4.8671721e-01   4.0620358e-01   2.0361079e-01  -3.6416336e-03   5.0962273e-03   7.9382738e-03
   5.0276325e-01   4.0833653e-01   2.7593284e-01  -3.6566778e-03   4.7659866e-03   8.1674472e-03
   5.0814016e-01   3.9965534e-01   1.8629559e-01  -3.0541725e-03   5.1556690e-03   8.1375214e-03
   5.2304785e-01   4.2723868e-01   2.3155580e-01  -4.1710714e-03   4.8955178e-03   8.4952382e-03
   5.2729866e-01   4.3175609e-01   2.6238153e-01  -3.4604467e-03   4.7385717e-03   8.3856750e-03
   5.1404664e-01   4.0720780e-01   1.7892553e-01  -3.7295806e-03   5.1705713e-03   8.5184268e-03
   5.0140522e-01   4.5646693e-01   3.4403878e-01  -3.5179700e-03   4.8324376e-03   8.1320600e-03
   5.1489716e-01   4.0349543e-01   2.0886131e-01  -2.8192480e-03   4.7848423e-03   8.3910380e-03
   4.9250234e-01   4.3548074e-01   3.6417089e-01  -4.1139317e-03   4.8276953e-03   8.0306423e-03
   4.9601504e-01   4.0524119e-01   1.8533197e-01  -3.1252981e-03   5.1171531e-03   8.1560905e-03
   4.8132832e-01   4.1191735e-01   2.2499357e-01  -3.8008942e-03   5.2630898e-03   8.1112937e-03
   4.4282079e-01   4.2158458e-01   1.2537616e-01  -3.4620083e-03   5.7540915e-03   7.2656849e-03
   5.0396823e-01   4.4727067e-01   2.3592887e-01  -4.2269462e-03   5.4037974e-03   8.1319283e-03
   5.0720579e-01   4.4369774e-01   2.9430827e-01  -3.9511469e-03   5.2881240e-03   8.1503812e-03
   5.0808039e-01   4.1116546e-01   2.7165407e-01  -3.7911805e-03   5.0813867e-03   8.3885788e-03
   5.0118208e-01   4.5955987e-01   2.8128310e-01  -3.7766583e-03   5.4202976e-03   8.0522873e-03
   5.2173904e-01   4.0708107e-01   2.1922777e-01  -3.3365040e-03   5.1450628e-03   8.6786890e-03
   4.9551401e-01   4.5217797e-01   3.2686488e-01  -3.8584690e-03   5.3302377e-03   7.9683191e-03
   4.9520755e-01   4.1253539e-01   8.5890679e-02  -3.0138668e-03   5.7856961e-03   8.3057124e-03
   4.7903679e-01   4.4891365e-01   2.6637806e-01  -3.4532241e-03   5.4768481e-03   7.5210063e-03
   4.6512335e-01   4.4018165e-01   2.3699861e-01  -4.4823868e-03   5.7383812e-03   7.6324531e-03
   4.9739081e-01   4.3604635e-01   3.6365025e-01  -4.6829310e-03   5.0482829e-03   8.2489196e-03
   4.8993765e-01   4.2700281e-01   2.5818984e-01  -3.9820971e-03   5.6260253e-03   7.8461221e-03
   4.7843942e-01   4.2850698e-01   2.3091485e-01  -4.3949657e-03   5.6374461e-03   8.0502449e-03
   4.6714861e-01   4.4141047e-01   3.2801773e-01  -1.0053895e-02   5.9173584e-03   7.0703989e-03
   4.7085083e-01   4.0418758e-01   7.0306115e-02  -6.7768036e-03   6.3701107e-03   7.7960273e-03
   3.1939054e-01   4.7738670e-01  -2.3691226e-01  -1.4706634e-02   1.0264216e-02   3.5216422e-03
   3.5444126e-01   5.0040094e-01  -4.5247728e-03  -7.9100411e-03   1.0977033e-02   5.3646212e-03
   3.3119008e-01   4.0828369e-01  -2.5478693e-01  -6.7307603e-03   1.1413376e-02   5.0898882e-03
   3.7160567e-01   4.8221497e-01   1.1870239e-01  -6.6085768e-03   1.0749246e-02   5.3063165e-03
   3.9845727e-01   4.3378495e-01  -1.0822930e-01  -6.6110048e-03   1.0725379e-02   5.9426796e-03
   4.0537015e-01   4.7940456e-01   2.1751869e-01  -6.6717385e-03   1.0241438e-02   5.9319323e-03
   4.1600123e-01   4.0766406e-01   5.9959099e-03  -5.9495654e-03   1.0399964e-02   6.3052689e-03
   4.2208650e-01   4.7262587e-01   1.5051330e-01  -6.7188770e-03   1.0248641e-02   6.5161231e-03
   4.3190807e-01   4.9491277e-01   9.9370927e-02  -6.8917100e-03   1.0442958e-02   6.1723826e-03
   4.3286792e-01   4.3790904e-01   1.1718883e-01  -5.5050023e-03   9.7793714e-03   6.7325643e-03
   4.1889742e-01   4.8528974e-01   5.2772575e-02  -6.1025216e-03   1.0358615e-02   6.1911127e-03
   4.2669066e-01   4.5712675e-01   2.5062383e-01  -6.5028268e-03   9.6289668e-03   6.7617615e-03
   4.2441046e-01   4.2603459e-01  -8.9282458e-04  -5.1829794e-03   1.0183686e-02   6.3975800e-03
   4.3008362e-01   4.5523747e-01   2.1736585e-02  -5.3164778e-03   1.0073575e-02   6.6619518e-03
   4.1804812e-01   4.6863030e-01   1.2788116e-01  -4.8468864e-03   9.9367949e-03   6.0938991e-03
   4.2779432e-01   4.1467498e-01   3.6705916e-02  -5.0664288e-03   9.7471359e-03   6.4161002e-03
   4.2277705e-01   4.7568314e-01   7.1592523e-02  -5.1374552e-03   1.0201158e-02   6.1828190e-03
   3.9397427e-01   4.6589815e-01   2.7655142e-01  -6.0129266e-03   1.0074278e-02   6.2489169e-03
   3.9194242e-01   3.4334700e-01  -9.8170144e-02  -5.0156599e-03   1.0091772e-02   6.5256821e-03
   4.0129712e-01   4.4769506e-01   6.4195886e-02  -5.3585605e-03   1.0070922e-02   6.8065987e-03
   4.0598870e-01   4.6843839e-01   8.7873108e-02  -3.8529158e-03   9.6643406e-03   6.4758720e-03
   4.3198010e-01   4.2282816e-01   9.0817504e-02  -4.6429630e-03   9.5513660e-03   7.0269632e-03
   4.1568986e-01   5.9705338e-01   2.6427256e-01  -6.3382784e-03   1.0770147e-02   5.1790898e-03
   4.2203186e-01   7.5617241e-01   6.6156144e-01  -7.3628944e-03   1.0754417e-02   4.4740552e-03
   3.7844722e-01   5.8279631e-01   6.4048242e-01  -4.5542039e-03   9.3515611e-03   4.8938383e-03
   4.3517424e-01   5.0121120e-01   4.0020266e-01  -3.2290230e-03   9.0951834e-03   5.6239395e-03
   4.4363344e-01   4.5579633e-01   7.2234484e-02  -2.6473700e-03   9.2413701e-03   6.1064949e-03
   4.5294577e-01   4.5615463e-01   1.5478653e-01  -1.6113113e-03   9.0867308e-03   6.3338907e-03
   4.5747283e-01   4.9353582e-01   1.9397358e-01  -1.7986320e-03   9.0194741e-03   6.2757465e-03
   4.5785387e-01   4.9567228e-01   1.8524890e-01  -2.3677517e-03   8.8428059e-03   6.2953109e-03
   4.6835271e-01   4.8951613e-01   1.3786566e-01  -1.5946390e-03   8.9342117e-03   6.3638157e-03
   4.4766935e-01   5.1204721e-01   2.1275006e-01  -2.8940486e-03   9.1113464e-03   5.8017432e-03
   4.4831021e-01   4.8642807e-01   3.0193963e-01  -3.4248218e-03   8.6611061e-03   6.1937563e-03
   4.5623856e-01   4.8917953e-01   2.3840258e-01  -1.5149793e-03   8.8419210e-03   6.5170294e-03
   4.6244572e-01   4.8086840e-01   1.1167750e-01  -2.3242035e-03   8.7414923e-03   6.6531074e-03
   4.4579423e-01   4.8278819e-01   1.9185360e-01  -2.4680211e-03   9.0575464e-03   6.2203732e-03
   4.5935390e-01   5.1399547e-01   2.2783339e-01  -2.2711913e-03   8.7846589e-03   6.6592335e-03
   4.5656016e-01   5.0380986e-01   1.4665867e-01  -1.5361753e-03   9.1768367e-03   6.2845627e-03
   4.7163844e-01   4.8962153e-01   1.5812277e-01  -1.8369695e-03   9.0760894e-03   6.6530549e-03
   4.5956644e-01   5.5537923e-01   2.1776124e-01  -3.2522772e-03   9.2659574e-03   5.9884572e-03
   4.8710417e-01   4.9935833e-01   2.1132773e-01  -3.0186472e-03   8.6948244e-03   6.8128745e-03
   4.8304834e-01   5.1201213e-01   2.0158054e-01  -3.1184493e-03   8.9885643e-03   6.6059975e-03
   4.7640322e-01   5.2991904e-01   1.3565409e-01  -2.0815486e-03   8.9378193e-03   6.9119812e-03
   4.5627442e-01   5.3586220e-01   9.9675084e-02  -1.6760256e-03   9.3678371e-03   6.4763031e-03
   4.6722509e-01   5.3462535e-01   2.6549097e-01  -2.2309026e-03   8.5770300e-03   7.0063280e-03
   4.8702598e-01   5.0731732e-01   1.1352250e-01  -1.2336356e-03   9.0313052e-03   6.8617611e-03
   4.6327089e-01   5.3580912e-01   2.9934096e-01  -2.4544341e-03   8.8515858e-03   6.5699010e-03
   4.6736526e-01   5.1608909e-01   2.0023652e-01  -1.2860377e-03   8.9661120e-03   6.7661692e-03
   4.5939136e-01   5.1078086e-01   1.7755861e-01  -1.2853506e-03   8.7636496e-03   6.7985289e-03
   4.5805659e-01   5.5842419e-01   1.4166664e-01  -1.3423460e-03   9.3666508e-03   6.2470997e-03
   4.4634378e-01   5.3739216e-01   1.0870297e-01  -1.5125663e-03   9.0390727e-03   6.1389168e-03
   4.3381700e-01   5.0762365e-01   1.6148231e-01  -2.3359023e-03   9.4376426e-03   6.0819205e-03
   4.5332223e-01   5.1026063e-01   2.9335939e-01  -2.3985359e-03   8.6251587e-03   6.6440454e-03
   4.4825210e-01   5.0143954e-01   1.8057937e-01  -1.5436777e-03   9.2266258e-03   6.2125411e-03
   4.4277729e-01   5.0575220e-01   2.6223610e-01  -2.3566071e-03   8.8306550e-03   6.4430140e-03
   4.5545807e-01   5.0262180e-01   1.1566504e-01  -8.9874573e-04   9.0921440e-03   6.3148271e-03
   4.5837552e-01   5.4646351e-01   2.4825769e-01  -2.2367783e-03   8.9750654e-03   6.4226591e-03
   4.5585598e-01   4.9378142e-01   1.4330019e-01  -9.6858414e-04   9.3226339e-03   6.1378634e-03
   4.1582443e-01   5.4637033e-01   1.1006607e-01  -2.1700838e-03   9.4959422e-03   5.7196632e-03
   3.9252979e-01   5.6680465e-01   1.2151761e-01  -2.9554660e-03   9.6819237e-03   4.9022051e-03
   4.2260286e-01   5.1205687e-01   1.9550863e-01  -3.0446724e-03   9.5141734e-03   5.7068789e-03
   4.3157635e-01   5.7562930e-01   3.8697518e-01  -3.5089286e-03   9.2608949e-03   6.0149191e-03
   4.6044965e-01   5.1456599e-01   2.0175398e-01  -1.5253055e-03   9.1339299e-03   6.2597069e-03
   4.8002909e-01   5.6166110e-01   3.1773444e-01  -2.7804390e-03   8.5831911e-03   6.6227537e-03
   4.8659677e-01   5.7566460e-01   3.8394636e-01  -2.6023800e-03   8.6323361e-03   6.3544917e-03
   5.1919310e-01   5.4368671e-01   5.5023353e-01  -3.1547332e-03   6.8267699e-03   7.1977452e-03
   5.2380469e-01   4.7091554e-01   1.1267158e-01  -3.6609083e-03   6.8418370e-03   7.1913796e-03
   5.2054854e-01   5.4615653e-01   9.1796146e-02  -5.2556809e-03   6.8596720e-03   7.0334192e-03
   4.9759037e-01   5.6125952e-01   3.3779550e-01  -5.2605261e-03   6.6732927e-03   6.7879765e-03
   5.0192722e-01   5.1674793e-01   1.1684207e-01  -3.0100795e-03   7.3207268e-03   6.6368812e-03
   4.4860420e-01   6.8028586e-01   7.4268672e-01  -5.4071929e-03   6.2655717e-03   5.2588910e-03
   5.0654380e-01   4.6429584e-01   3.9482291e-01  -2.9756410e-03   5.8716652e-03   6.6084168e-03
   5.0891849e-01   4.8819229e-01   2.2817689e-01  -1.5469164e-03   6.6673755e-03   6.9094441e-03
   5.0139610e-01   5.4657943e-01   2.9070339e-01  -1.0909457e-03   6.6717875e-03   6.6791011e-03
   4.6784781e-01   5.5284786e-01   1.7860757e-01  -2.0370819e-03   7.3223723e-03   6.1541798e-03
   4.5296535e-01   5.6728165e-01   1.3224661e-01  -3.2960101e-03   7.5377863e-03   5.8006039e-03
   4.5350933e-01   5.6396605e-01   1.3769194e-01  -5.4722288e-03   7.8437650e-03   5.7277897e-03
   4.5766367e-01   5.2197146e-01   2.3415502e-01  -5.1761414e-03   7.6341388e-03   5.8567062e-03
   4.5302511e-01   5.6555115e-01   2.4842181e-01  -4.2030415e-03   7.8989010e-03   5.9636319e-03
   4.7892352e-01   5.2329919e-01   2.8304133e-01  -3.2468782e-03   7.1289327e-03   6.6044437e-03
   4.7160327e-01   5.4493698e-01   2.1567684e-01  -3.2188381e-03   7.6926817e-03   6.2347535e-03
   4.8575904e-01   5.4250261e-01   2.4776859e-01  -3.2614015e-03   7.2618409e-03   6.8803448e-03
   4.6954148e-01   5.5179868e-01   2.3170335e-01  -3.0322489e-03   7.8146560e-03   5.9546946e-03
   4.6999707e-01   5.0235866e-01   2.1748440e-01  -3.2633663e-03   7.5533607e-03   6.5658619e-03
   4.6076404e-01   5.5323549e-01   2.2536961e-01  -2.1281821e-03   7.7761281e-03   5.8471663e-03
   4.8061503e-01   5.2178092e-01   1.1375417e-01  -2.1856116e-03   7.7048504e-03   6.5458302e-03
   4.7165471e-01   5.5816735e-01   2.9321401e-01  -2.1245475e-03   7.5097836e-03   6.0903130e-03
   4.8781092e-01   5.3679286e-01   1.2407551e-01  -2.1322645e-03   7.8176615e-03   6.4097496e-03
   4.8794550e-01   5.7639129e-01   2.9954002e-01  -2.6908078e-03   7.2836712e-03   6.6649233e-03
   4.9132727e-01   5.3235882e-01   1.0855496e-01  -1.5437150e-03   7.5621270e-03   6.4638072e-03
   4.7069022e-01   5.6625898e-01   1.8830303e-01  -3.6588618e-03   7.7644827e-03   5.9807873e-03
   4.6315290e-01   5.4041830e-01   1.0688716e-01  -3.7149325e-03   8.1855020e-03   5.7323021e-03
   4.9149184e-01   5.3886231e-01   2.8749809e-01  -3.1235450e-03   7.2697998e-03   6.5744383e-03
   4.9780306e-01   5.3508591e-01   1.6841669e-01  -3.2725299e-03   8.2352352e-03   6.1200499e-03
   5.1644536e-01   4.7822483e-01   1.6726447e-01  -3.8348511e-03   7.1393574e-03   7.2076732e-03
   5.2344484e-01   3.9940440e-01  -4.2277363e-01  -3.5833675e-04   7.6957021e-03   6.9021183e-03
   5.0217336e-01   5.0792536e-01   2.1384413e-01  -8.3085224e-04   7.1688973e-03   7.2182360e-03
   5.2247272e-01   4.5633185e-01   1.4623827e-01   1.7190315e-04   7.6146702e-03   7.8402512e-03
   4.9745968e-01   4.8914787e-01   1.6560787e-01  -1.3747522e-04   8.1362767e-03   7.6036466e-03
   5.0789311e-01   4.3999307e-01   2.2350328e-01  -2.7520050e-05   7.8101413e-03   8.1023521e-03
   4.9202765e-01   5.1155176e-01   3.3474465e-01   2.2978057e-04   8.0693901e-03   7.1307574e-03
   4.9582264e-01   4.3810644e-01   3.3093888e-01  -1.5142255e-04   7.6376902e-03   7.8922079e-03
   5.0398736e-01   4.0635141e-01   1.6831276e-01   2.0616168e-03   8.3556723e-03   7.6642672e-03
   5.1964043e-01   4.4589265e-01   2.6861408e-01   1.6279002e-03   7.9315702e-03   8.0499732e-03
   5.1250085e-01   4.4759559e-01   2.1278383e-01   2.5473208e-03   8.3088371e-03   7.4901696e-03
   4.9186678e-01   4.5184049e-01   1.2774867e-01   2.0018566e-03   8.6716989e-03   7.5148325e-03
   4.0617197e-01   4.9053553e-01  -2.7003324e-02  -2.0251532e-04   9.2892148e-03   6.2773516e-03
   4.4797315e-01   4.9467267e-01   1.1492142e-01  -2.6669935e-03   9.4301884e-03   6.8909363e-03
   4.4416383e-01   4.8035028e-01   2.9148146e-02  -3.6668346e-03   9.4792997e-03   6.6807702e-03
   4.6468695e-01   4.8320000e-01   8.9247621e-02  -5.2917283e-03   9.6633116e-03   6.9036637e-03
