   0.0000000e+00   0.0000000e+00   0.0000000e+00   0.0000000e+00   0.0000000e+00   0.0000000e+00
   5.3507003e-03  -9.8115247e-03  -3.4390953e-02   3.8523153e-04   2.7752489e-05  -1.9850371e-04
  -7.4053857e-02   4.1825619e-02   4.4830257e-01   4.6495225e-03   4.8500920e-04  -1.3696975e-03
  -3.9478428e-02  -2.1138137e-01   1.5322172e-01   8.0729876e-03   7.3414822e-04  -1.1902237e-03
  -2.3370480e-02  -1.8914160e-01  -2.8158632e-02   6.0303096e-03   1.2578170e-03  -6.5923398e-04
  -3.2405462e-03  -1.1442673e-01   9.3608929e-03   5.4586435e-03   9.9571952e-04  -5.5742963e-04
  -5.7212654e-03  -2.8843067e-02   1.9208991e-01   5.2828105e-03   3.8710873e-04  -5.9351159e-04
  -1.3347955e-02  -1.2689818e-01   2.5773504e-01   4.5278758e-03   4.1165240e-04  -9.6579872e-04
   6.6298055e-03  -4.8703490e-02   1.7121913e-01   3.2844300e-03   8.1436191e-04  -8.9928106e-04
   3.4467146e-03  -8.2558445e-02   1.1317901e-01   3.6195223e-03   1.9296458e-03  -1.7856606e-04
  -1.5155175e-02  -1.2237719e-02   2.2674640e-01   4.2197033e-03   2.0811610e-03   4.8799850e-04
  -2.3733620e-02  -1.5200882e-01  -9.2282895e-02   5.7664245e-03   3.1070546e-03   1.1623186e-03
   1.6579581e-02  -7.5033367e-02  -1.5561618e-01   4.8466640e-03   3.3300035e-03   1.6423808e-03
   4.1804007e-02  -8.5681090e-02  -2.0331971e-01   4.5081988e-03   3.4871895e-03   1.7626887e-03
   3.8361796e-02  -7.3028422e-02  -2.2827564e-02   4.5839432e-03   2.9934608e-03   1.2458783e-03
  -4.6277278e-02   9.9518077e-02   3.6487933e-01   4.3198124e-03   2.7114806e-03   1.1365210e-03
  -6.9106882e-02  -1.1970589e-01   2.9596370e-01   4.0467390e-03   3.3171142e-03   3.5715659e-04
  -1.8854136e-02  -1.2077491e-01   4.9347448e-02   4.5788551e-03   3.0479130e-03   1.0614980e-04
  -4.0146207e-02  -3.1995138e-02   1.7004155e-01   4.5884552e-03   2.4948760e-03   3.1190288e-05
  -2.4990055e-02  -1.6148227e-01   9.4448830e-03   5.8076719e-03   2.8297897e-03   6.9585292e-04
   6.5428990e-03  -1.0677314e-01  -5.1466688e-02   3.9184736e-03   2.4154182e-03   3.4700441e-04
   8.9382870e-02  -3.6334086e-01  -1.6652630e-01   8.4559975e-03   1.1264840e-03   2.6643883e-03
   1.2952333e-01  -3.4996472e-01  -3.4033407e-01   6.7221594e-03  -7.0667582e-04   4.4205377e-03
   1.0401988e-01  -2.3539353e-01  -3.2919531e-01   6.7525201e-03  -6.1429886e-04   3.9176730e-03
   1.0868753e-01  -2.2230906e-01  -3.6630657e-01   6.4609100e-03   3.5945632e-04   3.6580580e-03
   8.4403914e-02  -2.2673782e-01  -3.9128714e-01   6.7269906e-03   8.3583749e-04   3.3243417e-03
   3.4548798e-02  -1.0847200e-01  -1.1097751e-01   5.9923423e-03   7.6531463e-04   2.7301680e-03
   5.1695941e-02  -2.7900660e-01  -3.2479746e-01   6.4123908e-03   1.0203965e-03   2.1470790e-03
   1.4100801e-03  -1.1846583e-01  -2.0170648e-01   4.6418789e-03   1.5308589e-03   2.1236696e-03
  -4.2438921e-03  -1.8891586e-01  -2.7077231e-01   5.4818443e-03   1.2819159e-03   2.0961951e-03
  -8.0122967e-03  -1.4200085e-01  -3.4035197e-01   3.9930606e-03   1.7208966e-03   2.0626415e-03
  -4.9163346e-02  -7.3953568e-02  -9.7281415e-02   5.3743298e-03   1.8572734e-03   1.9685121e-03
  -1.1710330e-02  -2.2509277e-01  -3.3332130e-01   6.1494002e-03   1.9790390e-03   1.7880816e-03
  -4.9710051e-02   4.4222153e-02   3.5868729e-02   4.5367805e-03   1.1407497e-03   1.6854211e-03
  -1.1241881e-01   4.4861353e-02   3.7084584e-01   4.8004421e-03   1.3349982e-03   1.8965017e-03
  -7.1449858e-02  -2.3903144e-01   6.5588676e-02   5.3609822e-03   2.1458539e-03   2.3574412e-03
  -4.1048169e-02  -1.0579509e-01  -8.8169525e-02   4.6305565e-03   2.2619847e-03   2.2382403e-03
  -5.2661832e-02  -8.1104803e-02   3.3572857e-02   5.6852169e-03   2.1222834e-03   2.3760394e-03
  -2.4633976e-02  -1.8393958e-01  -1.0080606e-01   5.0057093e-03   2.5500023e-03   2.2436987e-03
  -6.8144280e-03  -1.3014231e-01  -1.5859413e-01   4.9886781e-03   2.2161917e-03   2.0670678e-03
  -1.4478459e-02  -1.2788500e-01  -1.9163430e-01   4.2359074e-03   2.4640901e-03   2.4058906e-03
   4.5976274e-03  -1.1084185e-01  -1.5633432e-01   4.1607523e-03   1.6654158e-03   2.1404737e-03
   1.7072645e-02  -1.1122527e-01  -1.9793495e-01   3.6041815e-03   1.7549939e-03   2.0870074e-03
  -1.1401140e-02   1.6047995e-01   3.5663651e-01   2.7470126e-03   1.6822149e-03   2.2900775e-03
  -3.4174879e-02  -1.7120410e-01   1.2250376e-01   3.8280455e-03   2.3771325e-03   2.3971216e-03
  -2.3577802e-02  -1.1348625e-01  -7.4292320e-02   3.5563176e-03   2.6279931e-03   2.3613456e-03
  -5.7385836e-02   4.9198116e-02   3.1082113e-01   4.3412647e-03   2.2384009e-03   2.5094707e-03
  -9.5088346e-02  -1.5315439e-01   5.5350266e-02   3.8157779e-03   2.7993907e-03   2.6481443e-03
  -7.2052263e-02  -1.4950038e-01   2.6306697e-02   5.4014387e-03   2.4286053e-03   3.7841855e-03
   1.2105216e-02  -5.9009195e-01  -2.9900018e-01   1.2850452e-02   1.3418638e-03   6.3630732e-03
  -2.6786571e-02  -4.8964086e-01  -5.4808018e-01   1.3687553e-02  -1.6910147e-03   4.8492737e-03
  -6.2229267e-02  -3.1367578e-01  -4.5778272e-01   1.1063791e-02  -1.7062861e-03   3.7087837e-03
  -7.7170695e-02  -2.5669582e-01  -4.6258525e-01   7.7496295e-03  -3.5675144e-04   3.0146737e-03
  -7.3996416e-02  -2.7543265e-01  -4.7316561e-01   7.8560763e-03  -2.1472968e-04   2.5687569e-03
  -6.1548777e-02  -2.4788438e-01  -5.0381706e-01   6.9215274e-03  -6.9773525e-05   2.4057415e-03
  -6.5612058e-02  -1.4388459e-01  -2.8753574e-01   6.1657624e-03  -6.5417142e-04   2.2118915e-03
  -6.1911868e-02  -3.0318706e-01  -4.6457587e-01   6.0317320e-03   8.8899761e-04   2.2055157e-03
  -1.8346710e-02  -2.7436983e-01  -5.6502472e-01   7.1234736e-03   1.1188697e-03   2.8253571e-03
  -1.8384065e-02  -2.3114899e-01  -5.7707801e-01   6.3338408e-03   1.0940192e-03   2.8362570e-03
  -4.1801979e-02  -9.2808546e-02  -4.6538646e-01   4.0379437e-03   1.1267286e-03   3.0527470e-03
  -8.2590269e-02  -9.6823877e-02  -3.0307736e-02   6.3570236e-03   6.6563158e-04   3.5916701e-03
   3.8986126e-02  -4.7629541e-01  -3.4963925e-01   7.2256352e-03  -2.1289866e-04   2.3054327e-03
   6.8901601e-02  -2.6666413e-01  -1.7512142e-01   4.7313680e-03  -1.6720179e-03   2.1863720e-03
   3.4647346e-02  -1.7007389e-02  -1.0073564e-01   1.7463416e-03  -1.5819243e-03   2.4772301e-03
   3.8204115e-02   7.3275603e-02  -4.8855926e-03   1.8449538e-03  -1.6609172e-03   2.6625372e-03
   1.4393127e-02  -5.3058502e-03  -1.6688610e-01   3.0323232e-04  -7.5757776e-04   2.5124306e-03
   4.1672888e-02  -3.2374116e-02  -4.5399371e-01  -2.8035941e-04  -4.8051055e-04   2.7629931e-03
  -1.6908329e-03   9.2554231e-02  -1.3986540e-02   1.2569574e-03  -5.0022525e-04   2.9061408e-03
   9.7428156e-03   3.0080572e-02  -1.3388739e-01   6.0815862e-04  -5.0676538e-04   3.1476649e-03
  -1.6382594e-03  -8.2049554e-02  -1.1247852e-01   1.7092766e-03  -5.1616755e-04   2.9736244e-03
   1.6656180e-02  -6.8240262e-02  -2.7947907e-01   1.8405663e-03  -4.8237444e-04   2.6427676e-03
   1.2287864e-02  -4.8705144e-02  -2.8116965e-01   1.5955354e-03  -1.7917882e-05   2.8972348e-03
  -1.6103295e-02  -2.0885798e-02  -1.1082508e-01   2.1505720e-03   1.1042593e-04   3.3474765e-03
  -7.9508914e-03   3.1022721e-03  -3.1725070e-02   3.0432143e-03  -1.1078549e-04   3.4709881e-03
   3.7295297e-03  -1.0061149e-01  -1.0044154e-01   2.1997528e-03  -1.7525770e-04   3.1833013e-03
  -1.0988831e-02  -6.4440884e-02  -2.7061971e-02   2.4242442e-03  -9.6839169e-05   3.3993781e-03
  -1.6989276e-02  -8.9692695e-02  -1.1973163e-01   3.5568031e-03   2.5371439e-04   3.7167045e-03
  -1.5279076e-02  -9.2688754e-02  -1.0432900e-01   3.4238944e-03   1.1388733e-04   3.5869075e-03
  -3.1878232e-02  -2.2173936e-01  -2.2185508e-01   5.2678095e-03   1.1833601e-04   3.4954982e-03
   2.8118125e-02  -3.3465599e-01  -2.4586648e-01   7.1736877e-03  -5.3695844e-04   4.3431949e-03
   1.0243118e-01  -5.9945337e-01  -4.9520459e-01   9.0954084e-03  -4.5302776e-04   7.0858433e-03
   1.0713884e-01  -6.3717657e-01  -6.6181730e-01   1.0735586e-02  -1.6538169e-03   8.3553520e-03
   2.2098452e-02  -4.2838177e-01  -6.4049440e-01   8.8485577e-03  -1.2820848e-03   7.2899924e-03
  -2.9463799e-02  -2.0791565e-01  -2.2440839e-01   7.9456915e-03   3.8101751e-04   7.0195721e-03
  -3.1093903e-02  -2.3312121e-01  -4.1132014e-01   5.0879831e-03   6.6803307e-04   6.5601981e-03
   1.5151476e-02  -2.9389240e-01  -5.4637060e-01   5.7440229e-03   1.5262751e-04   6.2427150e-03
   2.7657253e-02  -2.6216211e-01  -5.6523830e-01   5.6232245e-03  -4.3651279e-05   6.2392875e-03
  -4.2924588e-02  -1.2983505e-01  -2.1964684e-01   5.7182849e-03   3.0701795e-04   5.7285755e-03
  -1.6658158e-02  -2.9479556e-01  -5.1291539e-01   5.8882550e-03   1.0673024e-04   5.6432596e-03
  -1.8709001e-03  -2.7278025e-01  -6.9040641e-01   6.0374993e-03   5.0969744e-04   5.3851084e-03
   6.0384848e-03  -2.2634176e-01  -7.3596537e-01   5.8634971e-03   4.9305438e-04   5.3218933e-03
  -2.2965875e-02  -1.2723364e-01  -6.1022163e-01   4.4274798e-03   3.8074198e-04   5.2173924e-03
  -9.4948741e-02   2.5245560e-01   2.1892093e-02   1.3792721e-03   6.2924895e-04   5.4870816e-03
  -1.1986455e-01  -8.0720514e-02  -3.2720170e-03   2.5123305e-03   1.3467033e-03   6.2833527e-03
  -4.9090477e-02  -2.2538588e-01  -4.3667258e-01   2.4749583e-03   1.8916785e-03   6.7048244e-03
  -1.8018223e-02  -1.0640812e-01  -5.7810454e-01   1.8163635e-03   1.8502648e-03   6.5697369e-03
  -1.5677758e-02  -1.1778578e-01  -6.7329086e-01   2.2801381e-03   1.6849146e-03   6.2967360e-03
  -9.2288679e-03  -1.1370931e-01  -6.6569583e-01   1.4107860e-03   1.2088038e-03   5.7978252e-03
  -5.1391044e-02   1.8753025e-02  -2.4600566e-01   1.5862195e-03   7.3056247e-04   5.5903264e-03
  -7.2109966e-02  -3.0785524e-02  -4.9793178e-03   1.0770554e-02  -2.8962628e-04   6.0988841e-03
  -6.5350252e-02  -3.2801930e-01  -8.9805428e-02   1.0485500e-02  -2.3729772e-04   6.1318062e-03
  -5.7804100e-02  -2.7650478e-01  -1.9877739e-01   1.0196056e-02  -4.4296526e-04   5.9028510e-03
  -6.5976441e-02  -2.5270033e-01  -1.8851627e-01   1.0204150e-02  -2.2961784e-04   6.0462981e-03
  -6.1307346e-02  -2.3447937e-01  -4.1904708e-01   9.4853166e-03   6.5191720e-04   2.1907529e-03
  -1.1870904e-01  -1.6436405e-01  -7.9225633e-03   4.9866954e-03   2.1116548e-03   5.5815805e-03
  -1.2198440e-01   1.5290719e-02   4.3815924e-01   1.9835026e-03   1.4327207e-03   5.9079708e-03
  -8.1598254e-02   2.3130051e-02   9.9389037e-02   1.8331095e-03   1.1898749e-03   5.9326566e-03
  -1.3047335e-01   1.0872828e-02   1.1037216e-01   9.8662564e-04   2.2995559e-03   6.7338198e-03
  -1.1941430e-01  -4.2365375e-01  -2.2023131e-01   8.6702335e-03   1.8281253e-03   6.5984197e-03
  -9.9989366e-02  -1.0557180e+00  -5.9137671e-01   2.0012330e-02   1.1023023e-03   1.0294284e-02
  -5.4634621e-02  -1.1736720e+00  -5.6637573e-01   2.4234050e-02  -1.7926400e-03   1.0742104e-02
  -1.4593914e-01  -4.7276543e-01  -5.2940453e-01   1.3131245e-02  -7.7087058e-04   7.6380092e-03
  -1.8173106e-01  -3.5732102e-01  -5.8968779e-01   1.0444546e-02   1.2969710e-03   8.2588585e-03
  -1.8661850e-01  -4.1693762e-01  -6.5943746e-01   1.1595712e-02   2.0122928e-03   9.0421864e-03
  -1.8858106e-01  -4.1455679e-01  -6.5089861e-01   1.1128608e-02   2.3134767e-03   9.1168212e-03
  -2.5297299e-01  -2.6380373e-01  -2.2448253e-01   1.0559258e-02   2.3562960e-03   8.4116779e-03
  -2.1883483e-01  -4.1036943e-01  -4.9596276e-01   8.3309404e-03   1.9014264e-03   7.7472380e-03
  -1.8473339e-01  -3.2155113e-01  -5.4069966e-01   7.7062139e-03   5.5043648e-04   7.8027951e-03
  -1.8359480e-01  -2.4439298e-01  -5.3734791e-01   7.3589729e-03   9.4460115e-05   7.4867350e-03
  -1.9849509e-01  -2.7852529e-01  -4.9778334e-01   6.0146017e-03   7.1613022e-05   7.3615886e-03
  -1.9549729e-01  -2.0741762e-01  -2.6552601e-01   5.8983124e-03  -3.8680943e-04   7.7937466e-03
  -1.7473351e-01  -1.4431238e-01  -1.8786288e-01   4.9057663e-03  -9.1470778e-04   7.2914980e-03
  -1.7247524e-01  -1.0649285e-01  -5.8072344e-02   4.9206434e-03  -4.1399152e-04   7.3929717e-03
  -2.0375968e-01  -1.6798002e-01   1.3924493e-01   5.2687605e-03  -3.5868813e-04   7.2274300e-03
  -1.7348247e-01  -2.6185292e-01  -7.1478011e-02   5.6430960e-03  -6.5269498e-04   7.4076881e-03
  -1.7141991e-01  -1.5378191e-01  -4.5172817e-02   5.5122342e-03  -1.6725213e-04   7.6479513e-03
  -1.6190372e-01  -1.1883210e-01   4.6248806e-02   7.0130562e-03   1.6149635e-06   8.0905940e-03
  -2.0117640e-01  -3.5008484e-02   4.5417317e-01   7.1846390e-03  -4.0298378e-04   7.8593551e-03
  -2.0616715e-01  -3.3583753e-01   6.9469993e-02   7.0732697e-03   5.6786153e-04   7.8562371e-03
  -1.8429384e-01  -2.1270434e-01  -1.1846628e-02   6.3537210e-03   9.5351696e-04   7.6472440e-03
  -2.1252558e-01  -1.7254056e-01   9.2218880e-02   6.6903900e-03   1.3351632e-03   7.4081601e-03
  -2.3709434e-01  -2.4096432e-01   1.5673197e-01   7.0467285e-03   1.7402913e-03   7.1394004e-03
  -1.7971200e-01  -1.9182443e-01  -6.6977175e-03   6.4092693e-03   8.9910567e-04   7.5168075e-03
  -1.5689103e-01  -2.6124396e-01  -4.5668562e-02   6.2950466e-03   4.6249290e-04   7.6860938e-03
  -2.0486353e-01  -2.4378034e-01  -1.1023800e-01   5.6848277e-03   1.8293143e-03   8.5519560e-03
  -1.1225201e-01  -5.7819116e-01  -3.1988593e-01   1.2443146e-02   2.1728076e-03   1.0741411e-02
  -3.7494509e-03  -1.1462554e+00  -5.9034350e-01   2.5724756e-02   1.7416904e-03   1.6035736e-02
  -2.2584436e-02  -1.5819675e+00  -6.1052744e-01   3.8113641e-02  -7.0706058e-04   1.8004468e-02
  -1.7960212e-02  -8.8475016e-01  -7.1935044e-01   2.5026799e-02  -2.1761066e-03   1.1672725e-02
  -5.3453342e-02  -8.4006351e-01  -7.6022369e-01   2.1667972e-02  -2.2863437e-03   1.1298121e-02
  -5.9893040e-02  -5.9343415e-01  -8.0116042e-01   1.7091854e-02  -1.0684448e-03   1.1054689e-02
  -3.3159119e-02  -6.1989440e-01  -8.0701296e-01   1.6802622e-02  -1.1942156e-03   1.0804776e-02
  -5.9786521e-02  -4.3305278e-01  -3.9908912e-01   1.8167918e-02  -1.5868105e-03   9.6460704e-03
  -3.7584847e-02  -7.2532970e-01  -5.6322884e-01   2.0086023e-02  -1.0595049e-03   9.4806727e-03
  -4.3604039e-02  -7.5081512e-01  -7.4008844e-01   2.0183436e-02  -6.9258550e-04   9.9258958e-03
  -4.0058304e-02  -5.8159518e-01  -7.4363996e-01   1.8045492e-02  -6.2041996e-04   1.0049271e-02
  -7.5540424e-02  -4.8428335e-01  -4.1155099e-01   1.6751944e-02  -1.1080640e-03   9.4966065e-03
  -9.5605847e-02  -5.9256042e-01  -5.6593071e-01   1.6181835e-02  -9.8335482e-04   8.5525967e-03
  -1.1865854e-01  -2.7579713e-01  -3.4377408e-01   1.4132971e-02  -1.2517324e-03   8.6933110e-03
  -1.0021511e-01  -5.0279445e-01  -3.7720145e-01   1.4336502e-02  -1.8837935e-03   8.5501289e-03
  -6.4762330e-02  -4.8481032e-01  -4.4755992e-01   1.3994396e-02  -2.4081915e-03   8.2531125e-03
  -6.8307240e-02  -3.9454193e-01  -3.2203487e-01   1.4353082e-02  -2.9572150e-03   8.0537829e-03
  -8.2137176e-02  -4.4852821e-01  -2.9801923e-01   1.5036674e-02  -2.8310894e-03   8.1166290e-03
  -1.2083465e-01  -2.1593151e-01   2.0696745e-01   1.5176239e-02  -2.5621491e-03   8.3689096e-03
  -1.4893590e-01  -5.7322631e-01   1.5009064e-01   1.6494316e-02  -2.6716216e-03   7.9377859e-03
  -1.5389543e-01  -4.6284075e-01   2.4068204e-02   1.6701008e-02  -2.2293694e-03   8.1070752e-03
  -1.6134469e-01  -3.9342522e-01   1.1869966e-02   1.6361569e-02  -1.4193294e-03   8.4062201e-03
  -1.1694774e-01  -5.7246629e-01  -1.0332246e-01   1.6405549e-02  -1.5147581e-03   8.0778049e-03
  -1.2315498e-01  -2.8145944e-01   1.4170457e-01   1.6043224e-02  -1.9730791e-03   7.7396511e-03
  -1.6720961e-01  -3.1141394e-01   3.6865651e-01   1.6219223e-02  -2.5175581e-03   7.0485165e-03
  -1.5875459e-01  -6.7244223e-01   9.3255478e-02   1.5909168e-02  -1.6091326e-03   7.3086401e-03
  -1.7882603e-01  -4.2854583e-01  -1.4757763e-02   1.3418760e-02  -3.7771691e-04   7.3666016e-03
  -1.7160653e-01  -4.3754020e-01  -2.0229188e-01   1.3482671e-02   4.6578759e-04   7.6056036e-03
  -1.7975805e-01  -4.9426006e-01  -2.6570580e-01   1.3059608e-02   7.4982402e-05   7.4512260e-03
  -2.0301578e-01  -4.2110717e-01  -3.0595488e-01   1.2953995e-02  -1.8766615e-04   7.3044508e-03
  -2.7521644e-01  -2.5480588e-01  -3.0836998e-02   1.3080785e-02  -3.1826706e-05   7.4275388e-03
  -3.1788875e-01  -3.5180521e-01   2.8056564e-01   1.2591785e-02   6.8253407e-04   7.6337268e-03
  -2.7746726e-01  -4.6326932e-01  -1.7146030e-01   1.1971517e-02   3.3507752e-04   7.6846162e-03
  -2.1363212e-01  -5.8325368e-01  -4.2602234e-01   1.3980110e-02   1.2815092e-04   7.7672783e-03
  -5.9962169e-02  -7.8468827e-01  -7.1020786e-01   1.8533464e-02  -2.0194398e-05   1.0264280e-02
  -9.1430382e-02  -1.0134132e+00  -9.5814938e-01   2.2505769e-02  -8.0111943e-06   1.2744993e-02
  -1.1920183e-01  -8.2014490e-01  -1.0579832e+00   1.9070041e-02   4.3338211e-04   1.1930943e-02
  -1.4488269e-01  -6.9746386e-01  -9.3471695e-01   1.1158354e-02   1.0352897e-03   1.0714551e-02
  -1.4997428e-01  -5.6172753e-01  -8.2289798e-01   1.2659461e-02   5.8442754e-04   1.0161123e-02
  -9.6162193e-02  -3.6258779e-01  -5.8592729e-01   9.0811315e-03  -2.1959218e-06   1.0440908e-02
  -1.3539430e-01  -3.6554899e-01  -5.9890057e-01   1.0372533e-02  -6.8417818e-04   8.5391159e-03
  -1.0662689e-01  -5.4559876e-01  -8.3682250e-01   1.0901969e-02  -5.7427274e-04   8.9489910e-03
  -9.0354110e-02  -5.2363094e-01  -9.1746183e-01   1.1301938e-02  -8.1797981e-04   8.9451461e-03
  -8.2265881e-02  -3.6860855e-01  -8.7827204e-01   1.1074505e-02  -1.5691028e-03   8.7460514e-03
  -9.5392248e-02  -4.6164198e-01  -8.1640797e-01   1.0196314e-02  -5.6238714e-04   9.4486774e-03
  -1.0863646e-01  -3.4718201e-01  -7.6006265e-01   9.1660518e-03  -4.8391230e-04   8.5781544e-03
  -1.1242478e-01  -3.5234774e-01  -7.4658790e-01   9.1251015e-03  -6.1302271e-04   8.6523475e-03
  -9.6571648e-02  -4.5643360e-01  -7.5495789e-01   9.9539091e-03  -1.0231108e-03   8.3448196e-03
  -8.9440746e-02  -4.1078138e-01  -8.1336185e-01   8.9982360e-03  -7.7201429e-04   8.6135656e-03
  -1.1327752e-01  -3.0282722e-01  -7.5332434e-01   7.4701185e-03   7.6952546e-05   8.5836648e-03
  -1.0728981e-01  -4.6776949e-01  -8.7716103e-01   8.3177504e-03  -2.6218243e-04   8.3702722e-03
  -1.1240849e-01  -4.1181266e-01  -9.0616655e-01   8.3350855e-03  -1.6289289e-04   8.2347927e-03
  -1.4155343e-01  -2.8404399e-01  -6.8707730e-01   8.6314359e-03  -4.6277040e-04   8.1800160e-03
