   0.0000000e+00   0.0000000e+00   0.0000000e+00   0.0000000e+00   0.0000000e+00   0.0000000e+00
  -1.4846508e-02  -5.6966520e-02   5.8937949e-02   4.1339140e-04  -2.0891334e-04  -3.1264771e-04
   6.1038001e-03  -3.2410744e-02  -2.5638454e-02   4.9334344e-04  -4.0824558e-04  -6.4858100e-04
   3.1055640e-03  -4.9504302e-02  -1.6540585e-03   1.0119023e-03  -6.1616206e-04  -6.7284823e-04
  -7.7751036e-03  -5.3114377e-02  -5.4775600e-02   1.5666728e-03  -2.4624736e-04  -7.8503419e-04
  -2.9553141e-02   1.1977718e-02  -4.8607269e-03   1.0913605e-03  -2.9720150e-04  -1.1538703e-03
  -2.8568884e-02  -4.9785168e-02  -3.8601117e-02   1.2402090e-03  -3.4519072e-04  -1.0051601e-03
  -3.7504435e-02  -3.0668378e-02  -5.0008620e-02   3.7670704e-04   1.2693663e-05  -1.4067976e-03
  -5.2191616e-02   3.9888219e-02   2.7110868e-02   7.4151653e-04  -1.2824628e-04  -1.4284761e-03
  -4.7237196e-02  -3.6409228e-02   1.2305127e-02   1.1843721e-04   4.2102011e-04  -7.7208112e-04
  -2.9288327e-02   3.4472547e-03  -5.6821654e-02   3.5463953e-04   1.0159467e-03  -3.2758405e-04
  -1.6259675e-02  -3.3841927e-02  -1.9499442e-02   1.3040348e-03   1.6580177e-04  -6.6686835e-04
  -1.9348153e-02  -4.3003859e-02  -4.7952110e-02   7.9882112e-04  -1.0209174e-04  -1.1450142e-03
  -4.3475089e-02  -5.3725953e-02  -7.8716426e-02   1.0115595e-03   1.4362234e-04  -9.3526839e-04
  -4.6019088e-02  -3.2258390e-02   2.3743079e-02   1.2932666e-03  -1.0298559e-04  -1.0079371e-03
  -4.2441507e-02  -6.0510432e-02  -6.9969273e-02   1.0223892e-03   1.6128369e-04  -1.0736770e-03
  -9.0272636e-02   4.0714282e-02   1.6600386e-01   7.1320378e-04   1.0715825e-03  -1.0418218e-03
  -3.1327372e-02  -4.8015073e-02  -2.9468074e-02   1.0612368e-03  -8.0989882e-05  -9.0443534e-04
  -4.8557333e-02   9.4376353e-03  -7.2725214e-02   5.5359419e-04  -1.4763534e-04  -1.2492637e-03
  -4.9761778e-02  -1.4616088e-02  -2.4667505e-02   8.3209290e-04  -2.4256504e-04  -9.8030611e-04
  -4.5093427e-02   2.7284533e-02  -1.1159820e-02   1.1996632e-03  -3.6848733e-04  -1.0388742e-03
  -4.8357111e-02  -5.4516877e-02  -1.1561761e-01   2.0653204e-03   1.1141944e-04  -6.0258837e-04
  -6.4585075e-02  -8.7872067e-02  -1.6240440e-01   1.5864867e-03   5.3962994e-04  -3.4597715e-04
  -4.5347818e-02  -4.3735481e-02  -1.1909959e-01   1.4579868e-03   4.1556249e-04  -4.9249650e-04
  -2.1670812e-02   2.4026609e-02  -8.2574552e-02   4.3265479e-04   3.7564316e-04  -3.9938966e-04
  -1.6489836e-02  -5.5895322e-02  -9.3101386e-02   3.0330321e-04   4.6810476e-04  -3.4527886e-04
  -1.2305460e-02   2.4058787e-02  -1.0018030e-01   3.2920306e-04   4.8618442e-04  -4.3258838e-04
   1.4586173e-02  -5.6067247e-02  -6.4047250e-02   2.6679205e-04  -2.0120921e-04  -8.9305006e-04
   1.6902513e-02  -1.2041317e-01  -8.8231970e-02   1.5630973e-03  -1.7313533e-03  -1.3233197e-03
   4.1850249e-02  -5.4732375e-02  -2.3836876e-01   1.0278627e-03  -2.2431830e-03  -1.1832647e-03
   4.6894054e-02  -6.2195259e-02  -4.9061187e-01   9.7486562e-04  -2.1410872e-03  -1.8703915e-03
   5.1387844e-02  -1.3456418e-01  -5.5916669e-01   1.6291648e-03  -2.0921540e-03  -1.8034889e-03
   6.7122460e-02  -1.2991408e-01  -5.4557899e-01   2.0481064e-03  -2.3320792e-03  -2.0287284e-03
   6.6873073e-02  -1.2032602e-01  -5.6445039e-01   6.1269944e-04  -1.9418079e-03  -2.0855844e-03
   7.0428732e-02  -1.4958599e-01  -5.7995242e-01   7.5989363e-04  -1.8731971e-03  -1.8930243e-03
   8.1647928e-02  -1.3909425e-01  -5.6283427e-01   1.2633767e-03  -2.1109721e-03  -2.0708507e-03
   6.9144768e-02  -9.2680308e-02  -5.6739169e-01   8.2476695e-04  -2.1389697e-03  -2.1860864e-03
   3.7471694e-02  -1.0280150e-01  -2.6422630e-01   3.8077143e-03  -1.4991861e-03  -2.0150896e-03
   4.3465182e-02  -2.1738536e-01  -4.1132130e-01   2.6750185e-03  -1.7025071e-03  -1.8929669e-03
   3.9375644e-02  -1.1010129e-01  -2.8042946e-01   2.0806683e-03  -1.9706137e-03  -1.6213712e-03
   5.0482943e-02  -1.0498385e-01  -4.4649867e-01   2.1706516e-03  -1.7008072e-03  -1.5730796e-03
   5.9258893e-02  -1.7468645e-01  -5.3966521e-01   2.0186330e-03  -1.5935991e-03  -1.3636280e-03
   6.6663857e-02  -1.4261656e-01  -4.6825956e-01   2.8572201e-03  -1.9458141e-03  -1.6161217e-03
   6.0852145e-02  -1.4828224e-01  -5.8597458e-01   1.9152080e-03  -1.8420008e-03  -1.8534729e-03
   4.5052080e-02  -2.0020345e-01  -5.7816813e-01   2.1103583e-03  -1.7641703e-03  -1.8045532e-03
   4.7869272e-02  -1.5454111e-01  -4.7103920e-01   2.0404341e-03  -1.9908286e-03  -1.8742103e-03
   2.9658147e-02  -1.6834874e-01  -6.2433775e-01   1.4312336e-03  -1.5176974e-03  -1.8859058e-03
   3.0517398e-02  -1.8126957e-01  -5.9305061e-01   1.5729643e-03  -1.5514868e-03  -1.7405256e-03
   3.0389669e-02  -1.4849840e-01  -4.8692384e-01   2.0993774e-03  -1.5924097e-03  -1.6256117e-03
   2.6817204e-02  -1.3972850e-01  -5.7031580e-01   2.1026423e-03  -1.3206826e-03  -1.8398332e-03
   2.5148888e-02  -1.8337238e-01  -5.9330703e-01   1.9960158e-03  -1.3810755e-03  -1.7661631e-03
   8.0295921e-03  -1.7774061e-01  -5.1011347e-01   2.1697188e-03  -1.4302653e-03  -1.8434821e-03
  -1.6819227e-02  -1.6691512e-01  -4.7973879e-01   2.7107436e-03  -9.9231682e-04  -2.0201563e-03
  -1.8228607e-02  -1.9483839e-01  -6.9750589e-01   2.4258295e-03  -5.5252567e-04  -1.9045909e-03
  -1.0775939e-02  -2.2576927e-01  -7.0789163e-01   3.1371421e-03  -1.7049882e-04  -1.5727074e-03
  -1.4313927e-02  -1.9571705e-01  -5.9674007e-01   3.0557723e-03   4.7124675e-05  -1.8437426e-03
  -1.3306940e-02  -2.1721933e-01  -7.2262101e-01   2.7593696e-03   4.4473101e-05  -1.8643314e-03
  -1.9731885e-02  -1.4660655e-01  -6.1159419e-01   1.2891557e-03   2.5297130e-04  -1.7486688e-03
  -6.6805285e-02  -5.7952194e-02  -1.3460108e-01   2.1393335e-03   2.8306905e-04  -8.7682285e-04
  -4.4652623e-02  -2.9296566e-01  -6.5716568e-01   2.9859107e-03   2.2332784e-03  -2.6823324e-04
  -3.2852794e-02  -1.6101516e-01  -4.4679823e-01   4.0128758e-03   2.0992761e-03  -1.7390198e-04
  -3.5148750e-02  -2.2133728e-01  -6.5871940e-01   2.5615606e-03   2.0656719e-03  -7.6106603e-04
  -2.9269254e-02  -2.3113020e-01  -6.7846463e-01   3.1819607e-03   1.8795581e-03  -9.5809886e-04
  -3.9076675e-02  -2.2306448e-01  -6.6202954e-01   3.5389801e-03   1.4690794e-03  -1.4891357e-03
  -3.3307407e-02  -2.2367428e-01  -6.9590134e-01   3.2720497e-03   1.2787040e-03  -1.8459690e-03
  -3.8923827e-02  -2.2139949e-01  -7.0408528e-01   2.6884220e-03   1.2882809e-03  -1.9217408e-03
  -4.5467511e-02  -2.4471796e-01  -7.0782931e-01   2.8022252e-03   1.4125105e-03  -1.9273352e-03
  -3.4173183e-02  -2.0624890e-01  -6.7223336e-01   3.2597855e-03   1.0479289e-03  -1.9036978e-03
  -7.6464081e-02  -3.4187743e-01  -7.6550044e-01   5.4229946e-03   1.6335101e-03  -1.8270785e-03
  -1.2245853e-01  -3.5126577e-01  -8.6682925e-01   4.9522913e-03   2.2609335e-03  -2.5908409e-03
  -1.2403909e-01  -2.1943851e-01  -9.0715312e-01   2.9065230e-03   2.2531811e-03  -3.1422145e-03
  -1.0137354e-01  -2.5867892e-01  -7.1581278e-01   1.0496393e-03   1.1311061e-03  -2.9508684e-03
  -9.1904802e-02  -1.9690101e-01  -7.3949530e-01   5.1335736e-04   1.3440844e-03  -2.7604765e-03
  -8.6955861e-02  -1.6535763e-01  -6.5086762e-01   7.4723970e-04   1.3207730e-03  -2.5139804e-03
  -6.7364296e-02  -1.2968886e-01  -6.2142530e-01   1.6044296e-03   1.2241793e-03  -2.4903583e-03
  -7.8629777e-02  -8.9928143e-02  -6.4322298e-01   1.9533424e-03   1.3897210e-03  -2.5673122e-03
  -7.9207607e-02  -1.9829048e-01  -6.3796701e-01   8.9669848e-04   1.5867512e-03  -2.3426570e-03
  -6.3120162e-02  -1.6670460e-01  -5.6686154e-01   1.6628232e-03   1.5926152e-03  -2.0841521e-03
  -7.0315546e-02  -1.5724860e-01  -5.9400784e-01   2.4286939e-03   1.5172733e-03  -2.2106464e-03
  -7.1068902e-02  -1.9365907e-01  -6.6966236e-01   1.4860632e-03   1.9756570e-03  -1.9958916e-03
  -6.4664820e-02  -1.7574342e-01  -6.0286618e-01   1.6331877e-03   1.8159331e-03  -1.9942261e-03
  -5.9050406e-02  -1.9339289e-01  -6.2407682e-01   2.0324127e-03   1.6798270e-03  -2.2688292e-03
  -4.3035913e-02  -1.9079616e-01  -6.5766194e-01   1.8684312e-03   1.5521352e-03  -2.1977443e-03
  -4.8847214e-02  -1.2212688e-01  -4.4759805e-01   2.3026232e-03   1.2530155e-03  -2.2728807e-03
  -6.8870976e-02  -2.0702639e-01  -6.5800066e-01   1.4106906e-03   1.9060273e-03  -2.1418121e-03
  -7.0610481e-02  -1.2194593e-01  -5.2240082e-01   7.3978994e-04   1.8640454e-03  -1.4404533e-03
  -7.2886560e-02  -2.7117847e-01  -7.6660605e-01   2.6210849e-03   2.5218482e-03  -1.6225308e-03
  -7.7469536e-02  -2.6123471e-01  -8.6296869e-01   3.4135439e-03   2.4857965e-03  -2.0311714e-03
  -8.8948359e-02  -1.3754974e-01  -6.5623643e-01   3.3909413e-03   1.9590731e-03  -2.1033986e-03
  -7.0980370e-02  -2.1789799e-01  -6.8260200e-01   2.4367239e-03   1.9302108e-03  -1.8313879e-03
  -6.8491533e-02  -1.8700697e-01  -6.7900149e-01   2.1177734e-03   2.0743051e-03  -2.2233379e-03
  -8.3087269e-02  -1.4830652e-01  -6.8120529e-01   1.0399708e-03   2.4235257e-03  -2.2797368e-03
  -8.1231239e-02  -1.6160816e-01  -6.0253907e-01   3.1515236e-04   2.2762939e-03  -2.2301331e-03
  -1.4716431e-01   2.0185745e-01  -2.5618328e-01  -2.4922713e-03   2.6301586e-03  -1.3457959e-03
  -2.0791800e-01  -2.4940478e-01  -3.6223591e-01  -1.3307220e-04   2.7600762e-03  -1.9944987e-03
  -1.7748894e-01  -1.0204353e-01  -5.6364749e-01  -7.0229191e-04   2.5910114e-03  -1.4340280e-03
  -1.3125975e-01  -7.5666343e-02  -6.7945086e-01  -1.1149815e-03   2.4347279e-03  -1.3726117e-03
  -1.2542978e-01  -1.2057367e-01  -7.4943270e-01  -9.4709147e-04   2.1900605e-03  -1.0668160e-03
  -1.3285067e-01  -9.0783151e-02  -6.7671331e-01  -2.1710588e-03   1.4471694e-03  -1.5089673e-03
  -1.1531051e-01  -6.7838606e-02  -7.3178207e-01  -2.6030766e-03   1.2190596e-03  -1.7599025e-03
  -1.3314808e-01  -9.2192578e-02  -7.6235898e-01  -3.5013687e-03   1.3027111e-03  -1.8978846e-03
  -6.6349122e-02   6.5823697e-03  -6.0955328e-01  -4.1733542e-03   4.6392688e-05  -1.3261322e-03
  -5.7519858e-02  -6.7910674e-02  -8.3743459e-01  -5.8642392e-03   9.7030139e-04  -1.5859611e-03
  -4.8406162e-02   6.6772380e-02  -5.4406785e-01  -6.8672367e-03   5.3552782e-04  -1.2430799e-03
  -3.3235102e-02  -8.3231234e-02  -9.0207089e-01  -5.5487408e-03  -4.2840209e-04  -9.4449231e-04
  -2.5129678e-02  -7.6013830e-02  -8.0977589e-01  -4.9556490e-03  -2.9222042e-03   1.4481044e-04
  -3.8684834e-02   2.5795394e-02  -7.9280907e-01  -5.1002982e-03  -2.2420219e-03  -8.9304757e-05
   4.0858712e-03  -4.9728138e-02  -1.0042728e+00  -5.5694028e-03  -2.6358293e-03   1.4564975e-04
   8.4236049e-03  -6.3171587e-02  -9.8023330e-01  -5.3642857e-03  -2.8223791e-03   1.9942304e-06
   4.3722831e-03  -1.9019360e-02  -1.0484550e+00  -5.1692228e-03  -2.8686318e-03  -6.2989518e-04
   1.0440146e-02  -6.0666799e-02  -1.0357629e+00  -5.4991063e-03  -2.5529359e-03  -7.5569773e-04
  -1.6034756e-02  -8.0289379e-02  -1.0214992e+00  -6.1729341e-03  -2.0018604e-03  -1.0335275e-03
  -1.9451248e-02   1.0968642e-02  -1.0099116e+00  -6.4488361e-03  -2.0664837e-03  -8.1464029e-04
  -3.4170221e-02  -7.0423535e-02  -1.0314842e+00  -6.5828970e-03  -2.0281243e-03  -6.6812458e-04
  -2.8173046e-02  -1.7060613e-02  -9.1500061e-01  -6.2154355e-03  -1.7480517e-03   3.3181654e-05
  -1.6942983e-02   3.8583211e-02  -9.4306232e-01  -6.2593114e-03  -2.2167957e-03   3.0160217e-05
  -1.6071748e-02  -9.7828562e-02  -1.1447783e+00  -6.2022652e-03  -1.8887143e-03  -8.0072851e-06
  -5.3831109e-02   1.3968482e-02  -9.1670759e-01  -6.4300232e-03  -1.6042158e-03   1.3688980e-04
  -3.6656979e-02  -9.5384289e-02  -1.2142898e+00  -6.4838420e-03  -8.1183998e-04   3.4625665e-04
  -1.1096816e-02  -3.5315162e-02  -1.1507228e+00  -7.7743393e-03  -1.2252473e-03   5.8526545e-04
  -4.1287182e-02   2.9507556e-02  -8.0811586e-01  -8.2450209e-03  -1.8405049e-03   8.1631437e-04
  -1.1944852e-01   1.5646432e-01  -6.1375341e-01  -7.7609764e-03  -3.1423936e-05   9.8637838e-04
  -1.2911765e-01  -1.5023324e-01  -8.8574223e-01  -5.5073514e-03   7.6298248e-04   2.6547673e-03
  -1.0226288e-01  -1.7287763e-01  -1.1662956e+00  -5.0102482e-03   1.9096620e-03   3.5718549e-03
  -8.9583020e-02  -2.1358614e-01  -1.1635357e+00  -4.5081770e-03   1.9089605e-03   3.5329283e-03
  -5.7501868e-02  -2.3577677e-02  -9.1863967e-01  -3.6143868e-03   6.1899539e-04   2.9919969e-03
  -9.0884540e-02   3.8653048e-02  -7.0519259e-01  -6.9032549e-03   5.8568526e-04   1.9411430e-03
  -7.6445420e-02  -1.3309849e-01  -8.2334442e-01  -6.7876675e-03   4.0269542e-04   2.0654323e-03
  -6.1230620e-02  -1.8734874e-01  -1.0126200e+00  -5.3987974e-03  -3.8561062e-04   1.9801133e-03
  -4.6522654e-02  -1.4235872e-01  -1.0593474e+00  -5.0605147e-03  -7.6809271e-04   1.9807946e-03
  -3.5154645e-02  -2.0838410e-01  -1.1425833e+00  -5.2414723e-03  -5.8054861e-04   2.0372328e-03
  -4.2219543e-02   1.7723705e-02  -9.3215684e-01  -7.3709656e-03  -2.0104221e-04   2.4381403e-03
  -4.3794984e-02  -8.3813995e-02  -1.0427784e+00  -6.7639916e-03   6.4041829e-04   2.7974041e-03
  -7.6407910e-03  -1.8211040e-01  -1.2393502e+00  -5.6824259e-03   4.5910314e-04   3.4181826e-03
  -5.7510906e-03  -7.4847009e-02  -1.1542870e+00  -5.9022338e-03   8.8583514e-04   3.1009464e-03
  -1.2288609e-02  -1.3049881e-01  -1.1322294e+00  -5.9179004e-03   8.8954017e-04   3.1057827e-03
  -3.3137771e-04  -1.3598161e-01  -1.2272758e+00  -5.7227218e-03   1.1089486e-03   3.4387170e-03
   4.0711847e-03  -1.0431184e-01  -1.2186082e+00  -6.2756737e-03   1.1178894e-03   3.3010400e-03
   1.1669603e-03  -1.4623597e-01  -1.2871328e+00  -6.3869043e-03   1.4859984e-03   3.4554731e-03
   5.3245110e-03  -1.1996565e-01  -1.3143488e+00  -5.9623243e-03   1.2905792e-03   3.4850305e-03
   1.8844710e-02  -1.4941839e-01  -1.3673088e+00  -6.0631107e-03   1.3065738e-03   3.7388455e-03
  -2.8752773e-02  -1.3913438e-01  -1.3247850e+00  -5.4953538e-03   2.8818131e-03   3.5014756e-03
  -1.2191966e-01  -2.0866495e-01  -7.4854352e-01   1.1831120e-02   1.5114013e-02   4.6225234e-03
  -1.3667702e-01  -3.8884232e-01  -4.8842372e-01   8.3298038e-03   1.1316419e-02   4.9866285e-03
  -1.1910935e-01  -2.5134908e-01  -5.9236974e-01   5.9854430e-03   1.0503545e-02   4.2224833e-03
  -1.0711409e-01  -3.1989680e-01  -7.7393219e-01   6.7084709e-03   1.0315196e-02   4.4280620e-03
  -9.6527195e-02  -3.5072222e-01  -9.0786050e-01   6.5685891e-03   1.0375563e-02   4.5647417e-03
  -1.0095945e-01  -3.1360892e-01  -7.7964294e-01   6.0313244e-03   9.6582317e-03   4.0966503e-03
  -8.3134256e-02  -2.4455152e-01  -7.2286699e-01   5.0516778e-03   7.8916966e-03   3.2358484e-03
  -4.5567724e-02  -3.1582553e-01  -1.0928792e+00   3.9601511e-03   5.2993776e-03   1.8045730e-03
  -3.3820823e-02  -1.5197215e-01  -8.1716144e-01   1.3498778e-03   6.3235185e-03   3.8684727e-03
  -3.2691034e-02  -2.3360095e-01  -1.1483959e+00   9.0625219e-04   6.6439703e-03   3.3847876e-03
  -5.6500006e-02  -2.4439952e-01  -9.7595753e-01   2.5876006e-03   6.6209316e-03   3.7693424e-03
  -4.1548719e-02  -2.5901523e-01  -1.1199945e+00   2.2530162e-03   6.4657783e-03   3.7429835e-03
  -2.9699303e-02  -3.1594499e-01  -1.0672144e+00   2.7254349e-03   6.0922859e-03   3.7129892e-03
  -2.0501210e-02  -2.6893490e-01  -1.1166935e+00   1.9480386e-03   6.1353766e-03   3.5743501e-03
   6.8630150e-03  -2.7829315e-01  -1.0716153e+00   1.5004992e-03   4.8441243e-03   3.2264172e-03
  -6.1134198e-02  -1.6185102e-01  -8.6030025e-01  -5.8889917e-04   5.9342143e-03   2.8472644e-03
  -8.3711618e-03  -2.3514998e-02  -8.0282265e-01  -1.3582514e-03   5.6950427e-03   3.6127297e-03
  -3.2407769e-03  -6.3559347e-02  -6.9398445e-01  -1.8063241e-03   5.3682794e-03   3.2825280e-03
  -4.5827651e-03  -5.1424819e-02  -7.1518001e-01  -2.3797285e-03   5.2976473e-03   3.0623920e-03
   6.7497937e-03  -8.1608060e-02  -8.2009695e-01  -2.4135579e-03   5.6355647e-03   3.3294837e-03
   2.4305883e-02  -1.5767423e-02  -6.8226194e-01  -2.4425075e-03   5.6045467e-03   3.7734045e-03
   4.5753712e-02  -9.8235307e-02  -8.5436404e-01  -2.2040966e-03   5.5618489e-03   4.0174882e-03
   3.9096557e-02  -1.8771016e-02  -7.4652538e-01  -2.1944792e-03   5.2277617e-03   3.8664762e-03
   4.8018086e-02  -2.4746929e-02  -8.3819464e-01  -2.3042522e-03   5.4204284e-03   3.6360534e-03
   5.2937678e-02  -4.6120481e-02  -7.3593446e-01  -2.3732130e-03   5.0397961e-03   3.2498622e-03
   5.9213905e-02  -3.2077371e-02  -7.8050064e-01  -1.9228847e-03   4.9198972e-03   2.9177175e-03
   5.9985311e-02  -5.1811871e-02  -7.8177263e-01  -2.2580738e-03   5.0949968e-03   2.8816952e-03
   4.3354520e-02   8.3951962e-03  -6.2198191e-01  -1.8559791e-03   5.0314587e-03   2.7939889e-03
   4.1180352e-02   1.9107034e-03  -7.0852411e-01  -1.7399080e-03   4.9970840e-03   2.7936719e-03
   3.4601867e-02  -5.6858244e-02  -7.1898616e-01  -1.9642853e-03   5.6810534e-03   2.9354218e-03
   3.9112718e-02  -2.1282266e-02  -7.2884639e-01  -1.3829325e-03   6.0295790e-03   3.0892865e-03
   3.1571642e-02  -8.1718318e-02  -8.1377073e-01  -1.5033094e-03   6.3361311e-03   3.3268515e-03
   1.8438080e-02  -6.9190812e-02  -7.9581093e-01  -2.0292756e-03   6.5633854e-03   3.2960041e-03
   3.3066113e-02  -5.4195070e-02  -7.7494805e-01  -1.4911553e-03   6.1639856e-03   3.3292177e-03
   4.1957154e-02   2.8208962e-03  -6.1202200e-01  -2.2444167e-03   5.8956181e-03   3.4406278e-03
   3.8839328e-02  -7.5767155e-02  -7.4292724e-01  -2.6743852e-03   6.0822233e-03   3.4355541e-03
   1.2744788e-02   1.2110251e-01  -4.6024335e-01  -2.2232080e-03   5.8952117e-03   3.1649239e-03
   3.9320359e-03  -1.8484068e-01  -7.4283806e-01  -7.9654093e-04   6.4957124e-03   3.2704846e-03
   1.3856657e-02  -7.9881643e-02  -8.1288594e-01  -7.2503449e-04   6.5635623e-03   3.2397346e-03
   1.1247634e-02  -7.4455653e-02  -7.5743548e-01  -6.2733830e-04   6.5509365e-03   3.1344682e-03
   2.7006317e-02  -1.0054788e-01  -7.9676614e-01  -2.4178181e-05   6.3420874e-03   2.8710405e-03
   3.0668671e-02  -8.6600755e-02  -7.7677478e-01  -3.4534393e-04   6.3368909e-03   2.9025947e-03
   3.2540020e-02  -1.0393241e-01  -7.4189008e-01  -4.1191638e-04   6.1186304e-03   2.9113246e-03
   1.8613009e-02  -9.9786389e-03  -5.2546383e-01  -9.9192072e-04   5.8055976e-03   2.7389818e-03
   6.3769074e-03  -9.9127721e-02  -7.9547616e-01  -5.3141281e-04   6.4252396e-03   3.1730050e-03
   3.1469449e-02  -9.0321588e-02  -8.2803277e-01  -1.4318391e-03   6.6028397e-03   3.0690852e-03
