   0.0000000e+00   0.0000000e+00   0.0000000e+00  -4.3368087e-19  -1.3877788e-17  -6.0185311e-36
  -1.1964819e-03  -2.5513702e-02  -6.6763631e-02  -4.8556263e-04  -2.3434631e-05   3.2147791e-04
  -1.6771193e-02  -7.1633931e-03   8.4059082e-02   1.0947273e-05  -3.7373073e-04   1.3300079e-05
  -4.0535396e-02   1.3738193e-02   1.4238140e-01   1.7512327e-04  -5.1589124e-04  -5.7337438e-04
  -3.9034602e-02  -4.2226417e-02  -6.1846490e-02  -5.1634756e-04  -4.8631480e-04  -4.6825323e-04
  -4.0867622e-02  -8.4718126e-03   4.4193985e-02  -5.7728555e-04  -5.0949464e-04  -3.0757144e-04
  -4.6298268e-02  -1.1083854e-02   1.0510315e-01   1.3325205e-03  -3.3970872e-04  -1.4242755e-04
  -4.0383965e-02  -1.8086691e-02   3.4707007e-02   1.8303917e-05  -3.0024373e-04  -3.3225070e-04
  -4.4464277e-02  -1.4019516e-02   3.8256981e-02   1.4045479e-04  -3.1846958e-04  -1.5991955e-04
  -6.7471462e-02   2.5082892e-02   1.3561695e-01  -8.7811871e-05  -3.5661953e-05  -1.9348420e-04
  -6.3056199e-02  -4.3169768e-03   5.2741596e-02   1.4606074e-04  -3.9616790e-04  -7.0492771e-04
  -8.2468762e-02   5.5032744e-02   1.1033322e-01  -1.5130634e-03   2.0001661e-04  -6.6089202e-04
  -7.0742848e-02  -7.7007083e-03   8.5844944e-02  -5.2989517e-04  -1.1065608e-05  -5.4534358e-04
  -9.1001461e-02   2.7624604e-02   1.3055532e-01   5.1256534e-06  -1.0054663e-04  -7.2564724e-04
  -8.3198274e-02  -1.3879615e-03   5.7121478e-02  -9.0411500e-05  -2.7570751e-04  -1.1182267e-03
  -7.2523721e-02  -3.7201189e-02  -5.5671473e-02  -4.1917682e-04  -7.2551031e-05  -6.9952970e-04
  -8.3056564e-02  -5.6488794e-03  -5.9220046e-03  -9.4440859e-04   6.8638625e-05  -1.2342540e-03
  -7.0663394e-02   8.2380463e-03  -1.3460948e-02  -7.1390293e-04   1.8337345e-06  -1.0258449e-03
  -6.7232436e-02  -2.3469234e-02  -6.7797309e-02  -8.8842159e-04   2.6797317e-04  -9.2052106e-04
  -7.8648350e-02  -1.7914715e-02  -2.6424391e-02  -1.4777337e-03   4.1356691e-04  -8.7417936e-04
  -8.9820604e-02  -1.7486504e-02   1.6886209e-02  -1.2257426e-03   5.0823894e-04  -1.0504820e-03
  -9.3690460e-02   8.7689852e-03   1.1686953e-03  -1.1872817e-03   4.2506258e-04  -1.1495533e-03
  -9.7748017e-02   8.8416391e-02   3.9875932e-02  -2.2710288e-03   6.4431992e-04  -1.2787341e-03
  -1.2171452e-01   8.2148712e-03   1.1473912e-01  -1.8626875e-03   1.0915466e-03  -1.5306759e-03
  -9.1699296e-02  -3.1041763e-03   3.7511028e-02  -1.1936193e-03   6.4572702e-04  -1.7017536e-03
  -9.6018007e-02   1.6958753e-02  -9.3907443e-02  -1.4172209e-03   5.6188810e-04  -1.4829160e-03
  -1.0657496e-01   2.6852822e-03  -2.5125889e-02  -8.1184932e-04   4.0071015e-04  -1.4607777e-03
  -1.1677518e-01   1.7148138e-02   3.0033235e-02  -1.5417139e-04   3.9306877e-04  -1.6770234e-03
  -1.1055143e-01   2.8475996e-02   4.3192444e-02  -7.7916521e-04   3.9855358e-04  -1.9301547e-03
  -1.1482696e-01  -2.9933278e-02   3.8880730e-02  -1.0534035e-03   4.1327527e-04  -2.0660991e-03
  -1.1183875e-01  -4.7530659e-03   3.9291181e-02  -8.9799197e-04   2.7544263e-04  -2.0847141e-03
  -1.1121400e-01   1.5623209e-02  -2.2696605e-02  -1.6872848e-03   4.4238926e-04  -1.8695805e-03
  -8.6814666e-02  -7.4735682e-03  -1.2885854e-01  -2.1240934e-03   7.9836998e-04  -1.2348481e-03
  -9.8049451e-02   7.2735341e-03  -5.3014605e-02  -1.9830563e-03   1.1642910e-03  -1.3890595e-03
  -1.8847501e-01   1.3114930e-01   3.0797187e-01  -2.0594225e-03   2.0168379e-03  -1.4639205e-03
  -1.5848208e-01  -4.3703318e-02   9.9806989e-02  -1.9901300e-03   1.3269933e-03  -1.5490532e-03
  -1.2831060e-01   5.8027864e-02   1.1825535e-01  -2.0619887e-03   1.0125169e-03  -1.8424761e-03
  -1.0753679e-01   1.0890326e-01   1.8433261e-01  -1.8952558e-03   8.9680103e-04  -1.9402925e-03
  -9.4392139e-02   4.1875380e-02   3.9889443e-02  -2.0943738e-03   1.2697353e-03  -1.1889884e-03
  -9.9232154e-02   2.1809775e-02   1.1146427e-01  -1.6466834e-03   1.4706611e-03  -1.4471770e-03
  -9.4672530e-02   2.1580227e-02   6.4010220e-02  -1.7366527e-03   1.3905593e-03  -1.4846404e-03
  -8.5780372e-02   3.0583976e-02   4.1456079e-02  -1.9875413e-03   1.6890354e-03  -1.2163804e-03
  -9.1801975e-02   1.4179523e-02   1.4802497e-01  -2.0530829e-03   2.1454980e-03  -1.1616462e-03
  -1.1327591e-01   6.3971015e-02   2.5596427e-01  -3.9008415e-03   2.2852905e-03  -1.8704383e-03
  -1.2067996e-01  -2.9236181e-03   2.1855226e-02  -2.3968326e-03   1.6891233e-03  -2.1103388e-03
  -1.1144932e-01   1.4579737e-02   4.2723488e-02  -1.8292034e-03   1.5582905e-03  -2.0333852e-03
  -1.0227198e-01  -1.5396350e-02  -1.4889474e-01  -1.8348728e-03   1.5674329e-03  -2.3197561e-03
  -9.4847398e-02  -4.9355107e-02  -1.6741970e-01  -1.3545548e-03   1.4813460e-03  -2.1818372e-03
  -8.8199865e-02  -2.8754139e-02  -1.3412553e-01  -1.0502990e-03   1.1093278e-03  -2.4009294e-03
  -8.7746339e-02  -1.0085373e-02  -1.5771823e-01  -1.4384149e-03   1.0630320e-03  -2.6886323e-03
  -1.0117360e-01  -4.3446979e-02  -1.8046475e-01  -1.8519747e-03   1.4108995e-03  -2.4279783e-03
  -1.0942867e-01  -2.7206003e-03  -6.8504569e-02  -1.3047325e-03   1.5300300e-03  -2.6451171e-03
  -9.6086590e-02   5.1928591e-03  -1.1684698e-01  -6.9984478e-04   1.3620464e-03  -2.3680190e-03
  -9.6484115e-02  -3.2203535e-02  -1.5163026e-01  -1.4015502e-03   1.7825899e-03  -2.4258126e-03
  -9.9950861e-02   1.4169850e-02  -6.1191870e-02  -2.3617202e-03   1.9140422e-03  -2.4143381e-03
  -1.1612938e-01  -2.0238981e-02  -1.3403402e-02  -1.6562345e-03   2.0561544e-03  -1.9584202e-03
  -1.1899582e-01  -3.9430022e-02  -6.5972149e-02  -1.4874368e-03   1.9885146e-03  -2.1793824e-03
  -1.2474573e-01  -1.4818353e-02  -4.2534915e-02  -1.1584021e-03   1.8627240e-03  -2.1617908e-03
  -1.9516203e-01   2.1525993e-01   2.4401247e-01  -1.9931489e-03   2.6312061e-03  -2.0511087e-03
  -2.0852671e-01  -8.7686627e-02   9.7878864e-02  -5.8551013e-04   3.0568707e-03  -1.5494648e-03
  -1.6723995e-01  -1.1781391e-01  -8.9718720e-02   9.6064172e-05   2.4969019e-03  -1.7283217e-03
  -1.5931667e-01  -6.6175364e-02  -7.1382301e-02  -9.1646437e-05   2.4117154e-03  -1.9979536e-03
  -1.4071210e-01  -4.1178879e-02  -2.6904450e-02  -1.3862602e-04   2.2095324e-03  -1.9301233e-03
  -1.4362871e-01  -5.8889482e-03   2.9416853e-03  -6.3412469e-04   2.2014429e-03  -1.9787816e-03
  -1.7663617e-01  -7.4505599e-02  -6.3044603e-02   9.8284935e-05   2.8384095e-03  -1.9213788e-03
  -1.4404009e-01  -1.1808622e-01  -2.2904821e-01   2.0548948e-04   2.7607094e-03  -1.5502971e-03
  -1.3328227e-01  -1.0023598e-01  -2.6502131e-01  -2.9354038e-04   2.8138157e-03  -1.9719408e-03
  -1.5284717e-01  -1.8912487e-02  -1.0023544e-01  -6.2906218e-04   2.7182375e-03  -2.0971983e-03
  -1.4361631e-01  -6.9625467e-02  -2.3627303e-01  -1.7654643e-03   2.9328430e-03  -1.9202539e-03
  -1.5019330e-01  -1.8676516e-02  -8.6188963e-02  -1.7714067e-03   2.9582405e-03  -1.9395590e-03
  -1.6833507e-01   9.3439827e-03  -1.1296882e-01  -8.0087292e-04   2.7234804e-03  -2.1356865e-03
  -1.5343805e-01  -9.1041723e-02  -2.4350345e-01  -1.0621336e-03   3.3258894e-03  -1.4297344e-03
  -1.4376775e-01  -2.4158086e-02  -2.8730169e-01  -1.2032838e-03   3.0992967e-03  -1.7753074e-03
  -1.5754964e-01  -7.8377929e-02  -2.4398148e-01  -7.9570125e-04   3.2759146e-03  -1.7781884e-03
  -1.5824685e-01  -6.5862233e-02  -2.5756248e-01  -9.4351160e-04   3.5601113e-03  -1.5465167e-03
  -1.4407905e-01  -2.6583276e-02  -1.6383319e-01  -6.0580800e-04   3.7284335e-03  -8.3900164e-04
  -1.3373225e-01  -9.7832023e-02  -3.1341229e-01  -9.5415352e-04   3.5434320e-03  -9.5558979e-04
  -1.3172137e-01  -5.0262118e-02  -3.1509022e-01  -1.5278439e-03   3.4066054e-03  -1.3518809e-03
  -1.2291290e-01  -7.8017939e-02  -3.0837131e-01  -1.1249036e-03   3.2267489e-03  -1.2420460e-03
  -1.2151126e-01  -8.1217328e-02  -3.0611962e-01  -1.5157627e-03   3.3389931e-03  -1.1807029e-03
  -1.4636882e-01  -1.0620480e-01  -2.8817078e-01  -2.3931403e-04   3.0371605e-03  -1.5409077e-03
  -1.8985787e-01  -2.4694266e-01  -4.4252898e-01   1.5698317e-03   3.5310113e-03  -1.6666652e-03
  -2.0642455e-01  -2.4597154e-01  -5.4514968e-01  -2.8289271e-04   4.1344266e-03  -2.2200502e-03
  -2.5687984e-01  -1.8921219e-01  -6.3417315e-01  -2.5202635e-03   5.4276653e-03  -2.9511534e-03
  -2.4002310e-01  -1.1640840e-01  -6.1762515e-01  -3.7730079e-03   5.1251195e-03  -3.2055068e-03
  -2.0193328e-01  -1.1785248e-01  -3.8625735e-01  -4.7162836e-03   4.3255570e-03  -2.3995112e-03
  -1.8251559e-01  -3.0559275e-02  -2.3988329e-01  -5.5957234e-03   3.8407285e-03  -2.4687088e-03
  -1.7859264e-01  -3.3009103e-02  -3.1455851e-01  -6.1159008e-03   3.6683583e-03  -2.7208181e-03
  -1.7852593e-01  -5.1912433e-02  -2.8154817e-01  -5.3391673e-03   2.9322306e-03  -2.9392759e-03
  -1.6237096e-01  -4.1784941e-02  -2.8479501e-01  -4.2642361e-03   2.6010934e-03  -3.1511187e-03
  -1.7810614e-01  -3.2948615e-02  -3.0900778e-01  -4.0746229e-03   2.9975129e-03  -3.3106762e-03
  -1.6854820e-01  -6.6989486e-02  -3.4564521e-01  -4.0445113e-03   3.9080075e-03  -2.1777291e-03
  -1.3790329e-01  -1.2509692e-02  -2.3942971e-01  -3.3871575e-03   3.9815851e-03  -2.0456226e-03
  -1.1500945e-01  -7.2051575e-02  -4.1452032e-01  -3.9690597e-03   4.0705758e-03  -1.8528611e-03
  -1.3217202e-01   3.0200933e-02  -1.9084993e-01  -4.5556867e-03   3.7515390e-03  -2.0495943e-03
  -1.1223775e-01  -7.9586075e-04  -1.1727768e-01  -3.9886513e-03   3.4721889e-03  -1.9783950e-03
  -9.6871882e-02  -1.1475986e-01  -3.1901568e-01  -3.3801203e-03   3.5280886e-03  -1.8559325e-03
  -9.3006491e-02  -2.9738649e-02  -3.0268952e-01  -3.8727317e-03   3.7953612e-03  -1.4490989e-03
  -9.5186484e-02  -6.5712493e-02  -4.5040302e-01  -4.7451281e-03   3.4836186e-03  -1.8097523e-03
  -1.2201739e-01   2.4840544e-04  -2.4358429e-01  -4.4246448e-03   3.0363300e-03  -1.9741653e-03
  -1.3960478e-01   3.0896868e-02  -3.0905718e-01  -5.1939045e-03   3.2660195e-03  -2.0268786e-03
  -1.9442334e-01   5.0902869e-02  -6.0612917e-03  -4.1930591e-03   3.6651286e-03  -2.1178712e-03
  -1.4201936e-01  -1.6221810e-01  -3.4176076e-01  -3.0101659e-03   3.3064822e-03  -1.9123664e-03
  -1.7589410e-01   1.7729083e-02  -2.0584801e-01  -3.2426226e-03   3.9457633e-03  -2.0744544e-03
  -1.5426697e-01  -1.5699479e-01  -3.7007738e-01  -3.1583472e-03   4.1079142e-03  -1.8071391e-03
  -1.4209626e-01  -1.3982544e-01  -4.2761332e-01  -3.0156969e-03   3.9602764e-03  -2.0382128e-03
  -1.4206180e-01  -6.2953058e-02  -3.1510298e-01  -2.5432436e-03   3.7400799e-03  -1.9186463e-03
  -1.2650114e-01   1.3762833e-02  -1.8442559e-01  -2.8662946e-03   3.8346040e-03  -1.5205547e-03
  -1.5041888e-01  -7.3899175e-02  -8.9616778e-02  -4.1309062e-03   4.2417653e-03  -1.7659375e-03
  -1.3744079e-01  -6.0294809e-02  -1.3321188e-01  -3.6754010e-03   4.0896592e-03  -1.4310052e-03
  -1.3295612e-01  -1.5359871e-01  -2.2411247e-01  -3.1573096e-03   3.9729200e-03  -1.6538457e-03
  -1.7323193e-01  -1.2384867e-01  -1.5530862e-01  -5.6636534e-03   4.9278664e-03  -2.6512502e-03
  -2.6104136e-01  -5.5991051e-02   1.1688914e-01  -8.6032364e-03   4.8122333e-03  -2.5723702e-03
  -2.6500025e-01   6.8329972e-02   6.8471695e-02  -6.6470464e-03   5.2416897e-03  -7.7727285e-04
  -2.7917962e-01   4.2694662e-02   3.3320498e-01  -4.1206436e-03   5.4724067e-03  -4.2369804e-04
  -2.3219638e-01  -8.2198169e-02   2.6758234e-02  -4.8107747e-03   5.3094055e-03  -2.4507636e-04
  -2.1309070e-01   6.3802251e-02   1.5309415e-01  -4.6500109e-03   4.8172306e-03  -3.3464241e-04
  -1.5759700e-01   1.0608417e-02  -2.5536053e-03  -5.0431331e-03   4.0890993e-03  -5.2383854e-04
  -1.6247582e-01   3.9768552e-02   6.4141827e-02  -4.7699265e-03   4.0777604e-03  -6.5120574e-04
  -1.6556621e-01   1.6878097e-01   1.3906799e-01  -8.8356544e-03   4.2462696e-03   3.2723800e-04
  -9.4512383e-02  -1.0577637e-01  -1.2920682e-01  -8.3431467e-03   3.5208266e-03   2.0190340e-03
  -2.6470801e-02  -3.2704163e-01  -1.9537191e-01  -4.2710758e-03   2.2804866e-03   4.0994904e-03
  -8.3578692e-02  -1.9484220e-01  -1.0247127e-01  -2.3102519e-04   1.3269067e-03   3.1406040e-03
  -9.0393410e-02  -9.0880607e-02  -1.9620962e-01  -2.3233130e-03   1.3818992e-03   1.7852183e-03
  -6.6884072e-02  -5.0958522e-02  -1.9199772e-01  -4.0454226e-03   1.7357603e-03   1.7492309e-03
  -1.0258124e-01   6.7905749e-03   3.6565154e-02  -4.3256023e-03   1.7086261e-03   1.4572869e-03
  -8.6766764e-02  -1.0837522e-01  -1.7829361e-01  -4.8635264e-03   1.1352488e-03   5.8613537e-04
  -6.7011020e-02  -5.6405352e-03  -1.3188621e-01  -4.8731103e-03   4.7958804e-04   5.4747791e-04
  -6.9310605e-02  -1.2716872e-01  -1.6701085e-01  -3.2088533e-03   4.4854884e-04   6.0189329e-04
  -8.4590407e-02  -4.8202474e-02  -1.0579157e-01  -3.9330863e-03   4.6500984e-04   5.0166383e-04
  -8.9650377e-02  -2.0647047e-03  -1.3189309e-01  -4.7160384e-03   4.6853707e-04   1.2599901e-04
  -7.5938288e-02  -5.1512553e-02  -1.6315631e-01  -4.2264284e-03   8.1700271e-04   7.7460884e-04
  -7.0753039e-02  -3.9253730e-02  -1.8430349e-01  -4.1834046e-03   9.2512963e-04   7.1104705e-04
  -7.2018321e-02  -2.2410959e-02  -2.3950438e-01  -4.2146398e-03   1.3056245e-03   1.3294239e-03
  -7.8848065e-02  -2.4011726e-02  -1.7307125e-01  -4.9209184e-03   1.7493433e-03   1.3110734e-03
  -6.2336736e-02  -3.3625071e-02  -1.8053918e-01  -3.9248118e-03   1.8827849e-03   1.6089981e-03
  -7.0375381e-02   3.2009108e-03  -3.1979060e-01  -5.6167294e-03   2.4300966e-03   1.6826213e-03
  -4.9439729e-02  -3.1834861e-02  -2.4174905e-01  -5.0375016e-03   2.4880825e-03   2.0310997e-03
  -6.8946044e-02  -1.5115301e-02  -1.3088061e-01  -3.8662228e-03   2.3670313e-03   1.8591718e-03
  -8.2530211e-02   2.8222534e-02  -1.8965795e-01  -5.5751465e-03   2.4084582e-03   1.2671287e-03
  -1.0676241e-01  -2.4045774e-02  -2.0094713e-03  -4.3786434e-03   1.6798936e-03   8.1379611e-04
  -7.7332473e-02   1.4255115e-03  -9.7661803e-02  -4.3881104e-03   1.2708390e-03   1.2665990e-03
  -3.0295096e-02  -2.5225129e-02  -2.0701822e-01  -4.2542781e-03   1.2653222e-03   1.3961028e-03
  -7.2395863e-03  -3.7290398e-02  -2.2873450e-01  -3.7701876e-03   1.4124552e-03   1.9416728e-03
  -1.5944795e-03  -3.1755220e-02  -9.1404901e-02  -3.5142284e-03   1.2313349e-03   1.6052276e-03
  -9.0475196e-03  -7.3859308e-02  -2.1356965e-01  -4.2058254e-03   1.5835931e-03   1.4920112e-03
  -8.8041798e-02   5.6499705e-02   1.4724934e-01  -3.6155910e-03   2.0165765e-03   1.8642811e-03
  -2.4141036e-02  -1.1556182e-01  -2.1530775e-01  -3.4904480e-03   2.1339460e-03   2.7025638e-03
  -6.9028467e-02   8.0036945e-03   6.3331068e-02  -2.8436496e-03   2.1726093e-03   2.2496228e-03
  -5.7878204e-02  -1.0084378e-01  -2.2515166e-01  -3.0983175e-03   2.0001062e-03   1.9744892e-03
  -6.2014878e-02  -5.8472726e-02  -2.1490834e-01  -3.2252807e-03   2.0136613e-03   1.7212396e-03
  -7.1111881e-02   5.9643914e-03  -1.0328507e-01  -2.7978204e-03   1.5866802e-03   1.5067013e-03
  -9.1785444e-02  -1.8112688e-02   4.9157843e-02  -2.9593847e-03   1.5682792e-03   1.1150064e-03
  -7.7411638e-02  -8.8343818e-02  -1.8821705e-01  -3.0842453e-03   1.6171544e-03   1.2953148e-03
  -5.5172306e-02  -2.4645869e-02   4.5730723e-03  -2.4577566e-03   9.4397927e-04   8.6990379e-04
  -4.5710857e-02  -2.0455061e-02  -1.5394769e-02  -2.6733080e-03   1.1573666e-03   1.1141971e-03
  -4.5650201e-02  -6.3658845e-02  -2.9207993e-02  -3.1986844e-03   1.2495938e-03   9.6892341e-04
  -7.3213452e-02  -2.0326853e-01  -1.6531613e-01  -5.3629066e-04   1.3783683e-03   8.1732915e-04
  -6.6926904e-02  -1.6308727e-01  -1.5380341e-01  -1.0450695e-03   1.6882288e-03   1.2133792e-03
  -5.2228221e-02  -4.2952492e-02  -5.7003389e-03  -3.2928411e-03   1.8348274e-03   1.2610587e-03
  -6.0097687e-02   1.4866019e-01   3.7526870e-01  -4.2617042e-03   1.1668038e-03   5.6760383e-04
  -1.3004049e-01   6.6529203e-02   5.0326328e-01  -4.7035992e-03   2.0631713e-03   9.9045890e-04
  -9.3555433e-02  -1.3300597e-01   2.0961286e-01  -4.0688706e-03   1.9223543e-03   8.5811983e-04
  -3.6773242e-02  -2.4176911e-03   6.1722522e-02  -4.4855130e-03   1.0784588e-03   6.7633230e-04
  -2.2254408e-02  -4.5649805e-04   3.9291749e-02  -4.3140104e-03   8.3798508e-04   5.7894065e-04
  -1.6966724e-03   5.2043172e-02   2.0082957e-01  -3.9448961e-03   4.9484748e-04   8.3761030e-04
   7.8251805e-03  -1.8186660e-02   4.7889349e-02  -3.6959712e-03   6.4648531e-04   9.8481549e-04
  -1.0463569e-02   3.1748499e-02   1.1841995e-01  -3.6477142e-03   6.8729112e-04   9.8425000e-04
  -4.0318253e-02   9.0323062e-03   2.2154811e-01  -3.7916510e-03   7.7762708e-04   9.6933458e-04
  -2.2097440e-02  -5.7732683e-02   9.6274205e-02  -3.7924177e-03   6.7644768e-04   9.2505903e-04
  -1.7873797e-02   4.4732999e-02   1.2525085e-01  -3.8220826e-03   5.8309858e-04   1.1076801e-03
  -5.9393535e-02   3.4299519e-02   3.4427541e-01  -4.0338916e-03   9.2749987e-04   1.0343147e-03
  -4.0616754e-02  -1.2387289e-01   1.1356681e-01  -3.4543575e-03   9.7321791e-04   1.1176977e-03
  -5.7172625e-02  -3.4059348e-03   1.2845960e-01  -4.2599377e-03   9.9150947e-04   9.3320218e-04
  -7.1680799e-02  -1.0326055e-02   2.1357636e-01  -4.1695326e-03   8.0483568e-04   7.5254045e-04
  -4.0159070e-02   1.7722816e-02   2.1583326e-01  -3.5604605e-03   3.9441316e-04   9.9990328e-04
  -4.5132880e-02  -5.5095039e-02   1.7971886e-01  -2.9014621e-03   6.0605278e-04   9.3156488e-04
  -2.1710171e-02  -9.1261523e-02  -1.6617195e-02  -2.7243822e-03   5.2523773e-04   1.2754498e-03
  -4.9445899e-02  -1.5029884e-01  -1.9549204e-01  -2.9819680e-03   4.5728343e-04   9.5173823e-04
  -2.9923914e-02  -2.6324292e-02  -1.6867534e-01  -3.6998387e-03   7.0105349e-04   8.6715442e-04
  -4.3821838e-02   3.2215281e-02  -2.5251277e-02  -3.5470631e-03   3.4039862e-04   8.0366175e-04
  -3.4723134e-02  -5.7891335e-02  -1.4227281e-01  -3.4918577e-03   1.7699269e-04   5.8432124e-04
  -2.0818811e-02  -5.8356567e-02  -1.7970282e-01  -3.5786192e-03  -1.8005801e-04   2.7271009e-04
  -1.3819106e-02  -5.5436605e-02  -1.8578290e-01  -3.6797891e-03  -4.6235172e-04   9.6386382e-06
  -7.6920763e-03  -3.9115383e-02  -1.6704797e-01  -4.0027904e-03  -6.8063004e-04  -1.6712187e-04
  -8.0830882e-03  -5.8899590e-02  -2.0013267e-01  -4.4854511e-03  -6.7536577e-04  -2.7966806e-04
  -2.6856669e-02   9.9463406e-03  -8.6854024e-02  -4.9672954e-03  -6.1280517e-04  -4.1042520e-04
  -2.5111634e-02   4.3830697e-02  -1.5060221e-01  -5.4398350e-03  -5.7063832e-04  -5.9885776e-04
