   0.0000000e+00   0.0000000e+00   0.0000000e+00   0.0000000e+00   0.0000000e+00   0.0000000e+00
  -6.5230638e-03   2.1275566e-02   8.6879961e-02  -5.8805315e-04  -2.7785463e-04  -9.8154590e-05
  -3.4847658e-02   5.0727131e-02   7.4476181e-02  -1.0245864e-03  -2.2833044e-05  -5.2047589e-05
  -1.4782885e-01   3.2379245e-01   5.0229219e-01  -2.9950465e-03   8.8510733e-04   8.1565262e-04
  -1.9925302e-01  -2.3341981e-02   2.5052905e-01  -4.8636572e-03   2.5269406e-03   1.8923653e-03
  -1.1458356e-01  -1.1069267e-02  -3.6135778e-02  -4.9135585e-03   2.4027519e-03   1.5711961e-03
  -7.9135284e-02   4.9740271e-02  -2.1446396e-01  -5.6571298e-03   2.3931109e-03   1.4263486e-03
  -5.1431722e-02   1.6016038e-02  -2.2762743e-01  -5.9350385e-03   2.2302706e-03   1.2950557e-03
  -5.1927154e-02   3.6622526e-02  -2.9642229e-01  -6.7813851e-03   2.0354122e-03   1.1131420e-03
  -7.1715113e-02   4.8529722e-02  -2.3635687e-01  -7.3275616e-03   2.2671151e-03   9.9694984e-04
  -1.5461507e-01   2.2284040e-01  -4.5840100e-02  -9.3893504e-03   3.3510971e-03   6.7948806e-04
  -1.2269476e-01   5.5974318e-02  -1.6768855e-01  -8.8124342e-03   3.4132441e-03   1.4212208e-03
  -9.5671116e-02  -2.1114270e-03  -3.8749373e-01  -9.3304254e-03   3.2183933e-03   1.2386326e-03
  -1.1156670e-01   6.2944084e-02  -4.7139667e-01  -9.9016328e-03   3.2637181e-03   1.1313693e-03
  -1.1998928e-01   1.5024184e-02  -5.2658687e-01  -1.0031360e-02   3.3039308e-03   1.2703363e-03
  -1.3796475e-01   1.1044730e-01  -3.3162395e-01  -9.9866584e-03   3.4238430e-03   1.0733652e-03
  -1.3932331e-01   9.1362402e-02  -4.3561413e-01  -1.0619964e-02   3.6937124e-03   1.2068751e-03
  -1.6517225e-01   1.3120102e-01  -2.1488495e-01  -1.0214203e-02   4.1213291e-03   1.3040070e-03
  -1.1085930e-01   8.6659267e-02  -4.3697890e-01  -1.0270946e-02   4.4529341e-03   2.0074957e-03
  -1.3278486e-01   9.0459957e-02  -4.7489512e-01  -9.9663613e-03   4.4765261e-03   2.2777273e-03
  -1.8777336e-01   1.4906566e-01  -1.7313184e-01  -9.4518169e-03   4.3519960e-03   1.9237095e-03
  -1.5108119e-01   2.9961710e-03  -4.7001770e-01  -9.7328671e-03   4.1142018e-03   2.0428474e-03
  -1.7362861e-01   1.2478463e-01  -3.2695251e-01  -9.5375886e-03   4.1584541e-03   1.7754822e-03
  -1.5499819e-01   1.2609599e-01  -4.5242925e-01  -1.1196812e-02   4.8155987e-03   2.0286190e-03
  -1.4132428e-01   1.1633994e-01  -2.7862864e-01  -1.0444798e-02   4.8944964e-03   2.5419633e-03
  -9.6399900e-02   2.0031446e-03  -5.1263494e-01  -1.0079736e-02   4.9780882e-03   2.9536189e-03
  -1.3023215e-01   9.7066958e-02  -2.9882974e-01  -9.4206698e-03   4.5935183e-03   2.6450591e-03
  -1.3847856e-01   4.4534817e-02  -3.9253716e-01  -9.8167424e-03   5.6428026e-03   3.2705663e-03
  -1.4455758e-01  -1.0379362e-01  -5.9735590e-01  -1.1149977e-02   6.7767893e-03   4.2179917e-03
  -4.4496859e-03  -3.5183656e-01  -8.4579856e-01  -7.8399566e-03   5.7779003e-03   7.3920242e-03
   3.4403555e-02  -2.7982388e-01  -9.0550096e-01  -9.2407803e-03   3.0714800e-03   8.2113910e-03
   1.0737020e-02  -1.6807791e-01  -7.6303046e-01  -9.6169871e-03   1.8702729e-03   6.8822222e-03
  -5.2763447e-02  -4.8188765e-02  -6.2787589e-01  -9.8087268e-03   2.8092146e-03   4.8196212e-03
  -3.0524847e-02  -1.1312837e-01  -7.0776555e-01  -1.1134001e-02   2.5789218e-03   4.6560093e-03
  -3.2367241e-02  -1.2441082e-01  -7.4829761e-01  -1.0907026e-02   2.3662998e-03   4.1826618e-03
  -3.5265192e-02  -9.5771789e-02  -7.6553566e-01  -1.0971568e-02   2.2808601e-03   4.1544551e-03
  -5.6406751e-02   1.4655169e-02  -6.1534453e-01  -1.1034925e-02   2.1292654e-03   3.9144383e-03
  -5.2204431e-02  -7.0290916e-02  -5.3953198e-01  -1.2230906e-02   2.7249074e-03   3.9574882e-03
  -1.0398776e-01   3.7940817e-02  -5.9749552e-01  -1.4262075e-02   3.4871955e-03   3.8884128e-03
  -7.3559768e-02   8.7636647e-02  -6.5621557e-01  -1.4261296e-02   3.5542992e-03   3.7340926e-03
  -4.9334438e-02   2.9882534e-02  -7.3159086e-01  -1.3809661e-02   3.8847723e-03   4.1247061e-03
  -5.0987721e-02   8.8252594e-02  -6.2391781e-01  -1.4214300e-02   3.3429816e-03   3.7301708e-03
  -4.8537170e-02   7.8706960e-02  -6.6580765e-01  -1.4075948e-02   2.9912786e-03   3.4305631e-03
  -9.6837639e-02   2.2509347e-01  -3.7052408e-01  -1.3521936e-02   3.7150786e-03   3.3375523e-03
  -1.3484471e-01   1.0228797e-01  -1.5977641e-01  -1.3513271e-02   3.8727861e-03   3.1092246e-03
  -6.2353289e-02  -9.9279215e-03  -4.8339996e-01  -1.3516276e-02   3.3804182e-03   2.9179584e-03
  -1.1545384e-01   1.6242981e-01  -3.5392147e-01  -1.3881909e-02   4.7733146e-03   3.7891094e-03
  -1.3650401e-01  -1.1295818e-01  -5.1015058e-01  -1.2369832e-02   4.9845103e-03   4.7123687e-03
  -6.4385109e-02  -3.9344713e-01  -8.6480323e-01  -9.1751049e-03   4.0237533e-03   8.0819920e-03
  -5.4634510e-02  -2.1644900e-01  -9.7057803e-01  -1.1507917e-02   3.0619436e-03   9.7516807e-03
  -1.2456618e-01  -7.2862241e-02  -6.8584028e-01  -1.2244769e-02   4.8811118e-03   7.3687492e-03
  -9.5588700e-02   3.0357152e-02  -7.5570524e-01  -1.4461768e-02   5.2279327e-03   7.0860920e-03
  -1.0509425e-01   1.1243505e-01  -6.4957066e-01  -1.5145521e-02   4.7460682e-03   6.5801358e-03
  -1.0930392e-01  -1.4598446e-02  -7.6872434e-01  -1.4967013e-02   4.7813866e-03   6.5994556e-03
  -1.1869480e-01   7.3128402e-02  -8.0955389e-01  -1.7054601e-02   5.7851376e-03   7.0257089e-03
  -1.3413725e-01   9.2581068e-02  -6.6053253e-01  -1.6350721e-02   5.3091054e-03   6.8328781e-03
  -9.8049487e-02  -1.0547282e-02  -8.6188895e-01  -1.6151283e-02   5.7868696e-03   7.0523681e-03
  -1.1294536e-01   1.0712992e-01  -6.9210962e-01  -1.5966869e-02   5.7653443e-03   6.7073172e-03
  -1.3463141e-01   1.8617210e-01  -6.1240669e-01  -1.6426115e-02   6.2291513e-03   6.9741555e-03
  -1.3974395e-01   5.1016838e-02  -5.9785009e-01  -1.6072380e-02   6.9993958e-03   7.2878759e-03
  -1.2302575e-01   1.7528887e-01  -6.2145492e-01  -1.7562345e-02   7.3056763e-03   7.1905098e-03
  -1.2239505e-01   3.0836417e-02  -4.8102604e-01  -1.7373353e-02   8.4540096e-03   7.5973756e-03
  -9.8117781e-02   5.3059235e-02  -6.3667763e-01  -1.7956012e-02   8.1867968e-03   7.6691324e-03
  -7.7777843e-02   5.2185620e-02  -7.5233783e-01  -1.7534047e-02   7.9565592e-03   7.5248221e-03
  -1.3510328e-01   1.1087649e-01  -5.6180368e-01  -1.6161943e-02   7.4802849e-03   7.2474745e-03
  -1.9246243e-01   1.3533765e-01  -4.3315489e-01  -1.7260544e-02   7.7889456e-03   6.8234171e-03
  -2.4621369e-01   1.3856817e-01  -7.5910783e-02  -1.6707458e-02   8.0951281e-03   7.2647569e-03
  -1.8884119e-01  -6.6285604e-02  -3.6856099e-01  -1.5874741e-02   8.0847199e-03   7.7282906e-03
  -2.2854722e-01   7.1634919e-02  -2.8401229e-01  -1.5321941e-02   7.2562378e-03   8.8413115e-03
  -2.0644746e-01  -8.9586046e-02  -5.2906691e-01  -1.5465486e-02   6.6059795e-03   8.9517884e-03
  -1.6067564e-01  -8.0619269e-02  -5.8498644e-01  -1.4469452e-02   6.3090203e-03   9.0344231e-03
  -1.2910465e-01  -4.6716444e-02  -6.4151323e-01  -1.3641327e-02   6.3171423e-03   8.9322228e-03
  -1.0628618e-01  -6.1443023e-02  -6.5820962e-01  -1.3362067e-02   6.0162947e-03   8.8867971e-03
  -1.2096550e-01  -3.2574640e-02  -5.8915095e-01  -1.4000071e-02   6.3335895e-03   8.6588098e-03
  -1.6799758e-01  -1.6878591e-02  -4.8420858e-01  -1.4618807e-02   7.4009006e-03   7.5383198e-03
  -1.1446029e-01  -7.5142396e-02  -6.8529556e-01  -1.4413448e-02   6.7984080e-03   7.9320680e-03
  -1.2534676e-01   6.9109351e-02  -5.8322411e-01  -1.4973719e-02   6.2938848e-03   7.6352730e-03
  -1.5215313e-01   9.1573691e-02  -5.4659559e-01  -1.5957869e-02   6.6394481e-03   7.7124296e-03
  -2.3513272e-01   2.6805316e-01  -1.1841197e-01  -1.6447859e-02   6.4105842e-03   9.4200138e-03
  -2.2337998e-01  -1.1219791e-01  -4.3709944e-01  -1.4951640e-02   6.5221077e-03   8.9780201e-03
  -1.7789790e-01  -1.2965097e-02  -6.0046070e-01  -1.4903530e-02   6.2138278e-03   8.6560427e-03
  -1.9999850e-01   1.0827445e-02  -7.0413519e-01  -1.5060966e-02   7.1834507e-03   8.6315518e-03
  -9.2712922e-02  -2.3858936e-01  -8.1461388e-01  -1.1421873e-02   6.0328746e-03   1.0866860e-02
  -2.0820090e-02  -5.4898349e-01  -1.1752880e+00  -7.7320538e-03   4.8600717e-03   1.3257557e-02
  -4.3939196e-02  -3.8096062e-01  -1.1491740e+00  -8.6604917e-03   4.3521719e-03   1.3059746e-02
  -7.2533597e-02  -1.8417090e-01  -8.7831369e-01  -1.1875274e-02   4.9623024e-03   1.1972093e-02
  -7.9021614e-02  -3.8167466e-02  -8.5477822e-01  -1.4177328e-02   4.9419609e-03   1.0685337e-02
  -9.9884974e-02  -1.0623703e-01  -9.4639180e-01  -1.4697982e-02   5.6413333e-03   1.0621998e-02
  -1.5754205e-01  -1.4462998e-01  -1.1102493e+00  -1.4762412e-02   7.2014754e-03   1.1211424e-02
  -1.6980694e-01  -2.1761065e-01  -1.2669237e+00  -1.4639808e-02   7.2644480e-03   1.0729161e-02
  -2.0764480e-01  -2.3104212e-01  -1.4398978e+00  -1.5295908e-02   8.2463925e-03   1.0669243e-02
  -2.1051265e-01  -1.5674349e-01  -1.3736593e+00  -1.7084907e-02   8.7557082e-03   9.9326851e-03
  -1.8500266e-01  -1.0225495e-01  -1.2275448e+00  -1.9994007e-02   8.1530785e-03   8.9862504e-03
  -1.8346115e-01  -4.6031044e-02  -1.1702815e+00  -2.1844127e-02   7.7281568e-03   8.4924015e-03
  -1.7717401e-01   1.1814452e-02  -1.1734188e+00  -2.2459491e-02   7.5447069e-03   8.2618366e-03
  -1.8226437e-01   1.7364438e-02  -1.1785915e+00  -2.2693473e-02   7.8077880e-03   8.6528133e-03
  -1.7910523e-01   6.9437651e-02  -1.0313897e+00  -2.2556999e-02   6.9582836e-03   8.2512575e-03
  -1.7506360e-01   6.2697793e-02  -1.0387913e+00  -2.1984261e-02   6.9992952e-03   8.3163890e-03
  -1.4403742e-01  -1.2901342e-01  -1.2679434e+00  -1.8640374e-02   7.8010240e-03   9.5837035e-03
  -1.3174540e-01   1.9731573e-03  -1.0862191e+00  -1.8274838e-02   7.3831313e-03   9.9766550e-03
  -1.3190834e-01  -2.0487765e-02  -1.2018191e+00  -1.9984813e-02   7.6521735e-03   9.7870235e-03
  -1.5402408e-01  -8.2853746e-03  -1.1354619e+00  -2.0420416e-02   7.8644996e-03   9.8672812e-03
  -1.4278085e-01   3.7151949e-02  -1.0865864e+00  -2.0814954e-02   7.7132816e-03   9.4210771e-03
  -1.3443498e-01  -7.9085638e-04  -1.1642852e+00  -2.1395339e-02   7.7896702e-03   9.6252071e-03
  -1.1324008e-01   4.8033359e-03  -1.1697235e+00  -2.1349573e-02   7.6903357e-03   9.2793474e-03
  -1.3803702e-01   8.6196738e-02  -9.5982802e-01  -2.0631138e-02   7.6086225e-03   9.0358749e-03
  -1.3849273e-01  -6.3595459e-03  -8.3631492e-01  -1.8600741e-02   7.3940178e-03   9.0941750e-03
  -1.6256419e-01   2.1561613e-02  -1.0175107e+00  -2.0951799e-02   8.4256861e-03   9.4524596e-03
  -1.6330873e-01  -2.5306904e-02  -1.1166391e+00  -2.0195308e-02   8.3417431e-03   9.6472176e-03
  -1.6505511e-01  -4.6831431e-02  -1.2963659e+00  -2.0548816e-02   8.6634186e-03   9.6566349e-03
  -1.8361032e-01   1.9923736e-02  -1.2470403e+00  -2.1316639e-02   8.9620598e-03   9.6815500e-03
  -2.2888295e-01   3.3404333e-01  -4.8170286e-01  -2.3246184e-02   8.2236497e-03   9.4527189e-03
  -2.4301072e-01   1.0167645e-02  -4.2150978e-01  -2.3044564e-02   8.1599616e-03   8.9998780e-03
  -1.8588275e-01   8.9964937e-02  -7.1798279e-01  -2.2858226e-02   8.7632988e-03   9.8720544e-03
  -1.3136839e-01   1.0456521e-01  -1.0746034e+00  -2.2258087e-02   9.5262445e-03   1.0928984e-02
  -1.0185700e-01   8.1563160e-02  -1.1471736e+00  -2.3214167e-02   9.1629650e-03   1.1162130e-02
  -1.0183807e-01  -3.8953620e-02  -1.1874438e+00  -2.0610037e-02   7.8739998e-03   1.0939657e-02
  -3.5964573e-02  -3.5515898e-01  -1.2656494e+00  -1.2768931e-02   5.9964820e-03   1.4532511e-02
  -3.9920901e-02  -8.4644897e-01  -1.5875691e+00  -4.5685041e-03   4.4138470e-03   1.6975671e-02
  -8.1075585e-02  -3.8791380e-01  -1.5510025e+00  -1.0042935e-02   3.5509841e-03   1.2485727e-02
  -1.2168867e-01  -2.7249186e-01  -1.3985091e+00  -1.3699667e-02   4.4024021e-03   1.2366000e-02
  -1.2437937e-01  -1.5225038e-01  -1.4572262e+00  -1.6645989e-02   5.5727180e-03   1.1795437e-02
  -1.6036765e-01  -5.3755380e-02  -1.3075775e+00  -1.7636166e-02   5.9634214e-03   1.1595205e-02
  -1.5184637e-01  -1.5266996e-01  -1.2750360e+00  -1.7289425e-02   5.5703148e-03   1.1280349e-02
  -1.7398998e-01  -1.0717822e-02  -1.2521909e+00  -1.7536464e-02   5.5184913e-03   1.0712452e-02
  -2.2416968e-01  -1.5652071e-01  -1.2519354e+00  -1.6534782e-02   6.7440556e-03   1.0138168e-02
  -2.0607543e-01  -2.2033165e-01  -1.4847708e+00  -1.6281514e-02   7.3054320e-03   1.0830888e-02
  -1.8852449e-01  -1.1061837e-01  -1.5710088e+00  -1.5979847e-02   7.1137325e-03   1.0940971e-02
  -1.8906453e-01  -1.3305397e-01  -1.5384034e+00  -1.6284832e-02   7.0724014e-03   1.0685612e-02
  -1.8048496e-01  -1.0645790e-01  -1.4522415e+00  -1.7419824e-02   6.9663464e-03   1.0705133e-02
  -2.2414747e-01   1.9725040e-02  -1.1953523e+00  -1.8313134e-02   7.3825148e-03   1.0607213e-02
  -2.2722417e-01  -4.2261767e-03  -1.2765709e+00  -2.0979219e-02   7.8938233e-03   1.0637754e-02
  -1.6389366e-01  -1.9279287e-01  -1.1798295e+00  -1.9238103e-02   7.0641902e-03   1.0547413e-02
  -1.3194432e-01  -2.9666926e-02  -1.2784078e+00  -2.1085333e-02   7.1123704e-03   1.0637583e-02
  -1.5898729e-01   2.9077089e-01  -8.7219198e-01  -2.5624620e-02   8.3281914e-03   1.1503829e-02
  -1.7327362e-01   2.8033244e-01  -6.2917781e-01  -2.6483334e-02   8.3033071e-03   1.1326056e-02
  -1.6405124e-01   2.8390467e-01  -5.7632085e-01  -2.6544163e-02   8.1849371e-03   1.1129750e-02
  -1.7882451e-01   3.4785699e-01  -4.5726054e-01  -2.7039890e-02   8.3259953e-03   1.1171731e-02
  -1.9157901e-01   3.9511167e-01  -4.4486115e-01  -2.8558446e-02   8.5574255e-03   1.1198619e-02
  -2.0916512e-01   2.6568052e-01  -4.3125308e-01  -2.7935725e-02   8.5922922e-03   1.1243916e-02
  -1.8371002e-01   2.9476879e-01  -6.1225952e-01  -2.8438565e-02   8.6194338e-03   1.1276324e-02
  -2.0604646e-01   3.6903802e-01  -4.3212404e-01  -2.7984402e-02   8.5594486e-03   1.1418653e-02
  -3.0387133e-01   4.8742933e-01   6.9634918e-02  -2.5793596e-02   9.2853253e-03   1.2638664e-02
  -3.3116403e-01   2.4794282e-01   2.8203886e-02  -2.5733829e-02   9.7123839e-03   1.2663797e-02
  -2.7850224e-01   2.2048796e-01  -1.6549049e-01  -2.5304482e-02   9.2074361e-03   1.2324630e-02
  -2.6724981e-01   1.8625175e-01  -2.5442346e-01  -2.4909378e-02   9.1484601e-03   1.2002421e-02
  -2.9323088e-01   2.5396228e-01  -3.0875545e-01  -2.5315788e-02   9.1842262e-03   1.1953313e-02
  -3.0351331e-01   2.7570390e-01  -3.2619874e-01  -2.6055507e-02   9.0012103e-03   1.1564785e-02
  -2.9466138e-01   3.0998558e-01  -1.9331955e-01  -2.6932520e-02   8.8437379e-03   1.1700431e-02
  -3.3583209e-01   4.8491101e-01   5.8167596e-02  -2.7617840e-02   9.6447940e-03   1.1397233e-02
  -2.9609718e-01   2.8854261e-01  -6.9746813e-02  -2.6608035e-02   1.0162923e-02   1.1775580e-02
  -2.6703212e-01   2.3377790e-01  -3.5672665e-01  -2.7269155e-02   1.0527405e-02   1.2167633e-02
  -2.4863868e-01   3.0918778e-01  -3.8089610e-01  -2.7267389e-02   1.0360981e-02   1.2217505e-02
  -2.4966100e-01   4.2003053e-01  -1.8019140e-01  -2.7358711e-02   9.8677141e-03   1.2498919e-02
  -2.5409903e-01   3.4934964e-01  -1.9889131e-01  -2.7707381e-02   9.8694209e-03   1.2435709e-02
  -2.5124317e-01   3.7874142e-01  -6.7987441e-02  -2.8432101e-02   9.8381500e-03   1.2335915e-02
  -2.4138460e-01   2.9924241e-01  -2.3980163e-01  -2.8179256e-02   9.6240205e-03   1.1967590e-02
  -2.3753074e-01   4.3124143e-01  -1.0382688e-01  -2.8676611e-02   9.5372850e-03   1.2452406e-02
  -2.3220146e-01   3.9596561e-01  -8.9799641e-02  -2.8716612e-02   9.4878386e-03   1.2540819e-02
  -2.5098055e-01   3.3162600e-01  -3.9604531e-02  -2.7917796e-02   9.5279768e-03   1.2310942e-02
  -2.4801929e-01   2.9574032e-01  -7.8755299e-02  -2.6757234e-02   9.4343469e-03   1.2242476e-02
  -2.4080855e-01   3.0703430e-01  -1.1801767e-01  -2.6991236e-02   9.2043086e-03   1.2022565e-02
  -2.1950199e-01   3.1347448e-01  -1.1056619e-01  -2.7180542e-02   8.8129395e-03   1.1667811e-02
  -2.1914579e-01   3.1932566e-01  -1.3739879e-01  -2.7191167e-02   8.8013556e-03   1.1576903e-02
  -2.3110118e-01   2.8874877e-01  -1.5821279e-01  -2.7568613e-02   9.0566747e-03   1.1656831e-02
  -2.2786229e-01   3.1087164e-01  -1.7230411e-01  -2.8085974e-02   8.8567860e-03   1.1381916e-02
  -2.1717046e-01   4.6494872e-01  -1.6644129e-01  -2.9525873e-02   8.6443828e-03   1.1379309e-02
  -2.2507757e-01   3.2891609e-01  -2.0998161e-01  -2.8907826e-02   8.9818814e-03   1.1542867e-02
  -2.0405435e-01   2.7815111e-01  -2.6141898e-01  -2.8104363e-02   8.6493400e-03   1.1579200e-02
  -2.3963033e-01   5.5295528e-01  -8.5425537e-02  -2.9561649e-02   9.0099276e-03   1.1875142e-02
  -2.2782298e-01   2.6431362e-01  -2.2559983e-01  -2.8157911e-02   8.8486215e-03   1.1867395e-02
  -2.2040390e-01   3.4895071e-01  -2.8169211e-01  -2.8495690e-02   9.2269067e-03   1.1942417e-02
  -2.3411603e-01   3.9618091e-01  -2.0940957e-01  -2.7920343e-02   9.3525654e-03   1.2090196e-02
  -2.4601138e-01   5.0862636e-01  -7.1330313e-02  -2.9228061e-02   9.4180032e-03   1.1992784e-02
  -3.5354115e-01   6.3758267e-01   2.8373947e-01  -3.0017780e-02   9.7369919e-03   1.1996963e-02
  -3.1854383e-01   2.2794903e-01   6.8756870e-02  -2.8047980e-02   9.5210342e-03   1.1911059e-02
  -2.7661903e-01   3.2820433e-01  -1.8015057e-01  -2.7681548e-02   9.2800560e-03   1.1832226e-02
  -2.6137120e-01   3.3047516e-01  -3.0658669e-01  -2.7427830e-02   9.4982117e-03   1.2020429e-02
  -2.3592949e-01   2.5280656e-01  -3.1026403e-01  -2.7662912e-02   9.6078131e-03   1.2056271e-02
  -2.1324915e-01   3.2249226e-01  -3.2248288e-01  -2.7831341e-02   9.6822515e-03   1.2141021e-02
  -1.7576689e-01   3.1671433e-01  -3.4966275e-01  -2.8069243e-02   9.9837538e-03   1.2791952e-02
  -1.8629197e-01   2.8339057e-01  -3.6010768e-01  -2.8303456e-02   9.5835640e-03   1.2368770e-02
  -1.9342059e-01   3.4385901e-01  -3.6270636e-01  -2.8605352e-02   9.4541741e-03   1.2337184e-02
  -2.0426369e-01   2.9771917e-01  -3.7324206e-01  -2.8581935e-02   9.3056740e-03   1.2168780e-02
  -2.1731248e-01   3.4514919e-01  -5.4609861e-01  -2.9516353e-02   9.6439764e-03   1.2068882e-02
  -2.2849054e-01   3.2955538e-01  -7.3895623e-01  -3.0400448e-02   9.9366663e-03   1.2013391e-02
  -2.3694989e-01   3.2252488e-01  -7.0255870e-01  -3.0454094e-02   9.6276565e-03   1.1386104e-02
  -2.4515394e-01   3.7207541e-01  -5.9000553e-01  -3.1580876e-02   9.3684483e-03   1.1158529e-02
