   0.0000000e+00   0.0000000e+00   0.0000000e+00   0.0000000e+00   0.0000000e+00   0.0000000e+00
  -1.4041614e-02   2.5379735e-02   8.7194592e-02  -1.3899638e-04  -1.5375513e-04  -1.5885403e-04
  -1.6108462e-02   1.3135945e-02   7.7430260e-03   9.2818041e-05  -9.6804651e-05  -2.9024820e-04
  -2.7353686e-02   1.0560290e-02   2.7154049e-02   4.6220239e-04  -6.0786233e-04  -7.3344100e-04
  -3.5348859e-02  -1.2026570e-02  -1.1233844e-02   6.1870158e-04  -7.4311652e-04  -7.8180179e-04
  -4.8489628e-02  -1.1627598e-02  -4.4352936e-02   6.7008440e-04  -9.3536212e-04  -8.5966066e-04
  -4.1211615e-02   1.9635440e-02   2.8296448e-03   1.1677763e-03  -1.2950321e-03  -1.1146786e-03
  -4.9537803e-02   3.7395934e-03   2.1779287e-03   1.6619654e-03  -1.2851344e-03  -1.2159490e-03
  -5.4323810e-02   1.2164441e-02  -9.6568536e-03   1.6309002e-03  -1.6852394e-03  -1.8055572e-03
  -5.2291712e-02   4.1690395e-02   4.7617362e-02   2.0911416e-03  -1.6908182e-03  -2.1683269e-03
  -5.4149905e-02  -3.5981819e-03  -1.0132240e-01   2.6251162e-03  -1.4976167e-03  -2.5326894e-03
  -4.5965236e-02  -2.2652837e-02  -1.5806217e-01   2.4191640e-03  -1.5176073e-03  -2.2765423e-03
  -6.2674196e-02  -2.3896549e-02  -9.0090902e-02   2.7131595e-03  -1.5401844e-03  -2.7002917e-03
  -5.8191273e-02  -2.5535113e-02  -3.9608079e-02   3.1726556e-03  -1.8373325e-03  -2.9311604e-03
  -5.5973770e-02  -1.2274958e-02  -1.6823264e-01   2.7141665e-03  -2.0283353e-03  -3.2616945e-03
  -6.1747338e-02  -1.9053407e-02  -1.6515211e-01   2.2020975e-03  -2.1538976e-03  -3.2761950e-03
  -7.9120679e-02  -6.9276244e-02  -1.5845288e-01   2.4927043e-03  -2.1347044e-03  -3.1250015e-03
  -7.5353618e-02  -6.0743093e-02  -1.3262332e-01   3.2023394e-03  -1.9787530e-03  -3.0373959e-03
  -8.0272785e-02   2.7813272e-02  -4.6112690e-02   2.6668086e-03  -1.6645938e-03  -3.0795772e-03
  -6.4744210e-02  -5.4045979e-02  -1.1907799e-01   1.9934826e-03  -1.5055803e-03  -2.7563749e-03
  -5.2427875e-02  -1.7719366e-03  -9.9313736e-03   1.7835909e-03  -1.7038229e-03  -3.0482206e-03
  -3.9491875e-02   2.1822483e-02  -4.3037877e-02   1.3617893e-03  -1.8933984e-03  -2.8428712e-03
  -4.5777190e-02  -1.0811349e-01  -1.8063679e-01   2.2653269e-03  -1.8142253e-03  -2.5408436e-03
  -3.9395882e-02  -2.4745237e-02  -1.9104109e-02   2.4347977e-03  -1.9294293e-03  -2.9503274e-03
  -1.0611591e-02  -5.0827512e-02  -9.6037472e-03   2.8840312e-03  -1.9500372e-03  -2.5768744e-03
  -8.5358984e-03  -5.1834933e-02  -6.8460294e-02   2.0571731e-03  -1.8901290e-03  -2.8621058e-03
  -2.0589399e-02  -8.7719177e-03   1.4775378e-02   1.8194678e-03  -1.6319194e-03  -2.8763442e-03
  -1.8398881e-02  -4.2956443e-02  -1.8639261e-01   2.4471118e-03  -1.8828777e-03  -2.9069654e-03
  -1.6640090e-02  -3.1711315e-02  -1.6375991e-01   2.3943823e-03  -1.9699509e-03  -2.8734339e-03
  -1.7696189e-02  -4.5775483e-02  -1.3892884e-01   1.9780302e-03  -1.9949260e-03  -2.7062389e-03
  -2.6326619e-02  -2.2374198e-02  -3.4567855e-02   2.0690280e-03  -1.8961287e-03  -2.7728289e-03
  -3.3984321e-02  -3.3045290e-02   6.2321052e-04   3.1016175e-03  -2.0351877e-03  -2.8818349e-03
  -2.7939539e-02  -1.0414839e-02  -3.8320160e-02   2.4291088e-03  -2.2353561e-03  -3.1971121e-03
  -2.5801629e-02  -2.4168110e-02  -1.5211046e-01   2.1388108e-03  -2.1770366e-03  -2.9037891e-03
  -2.8230502e-02  -6.1970033e-02  -1.0485881e-01   2.5949019e-03  -2.1119351e-03  -2.9982400e-03
  -3.4427903e-02  -3.6464265e-02  -5.7440824e-02   2.7667162e-03  -2.0240183e-03  -3.1904135e-03
  -3.2605512e-02  -3.0934739e-02  -1.0885733e-01   3.1069444e-03  -2.0811638e-03  -2.9966278e-03
  -4.1536608e-02   2.7031221e-02  -1.0664935e-01   1.6343003e-03  -1.6093366e-03  -2.9920711e-03
  -5.8028158e-02   2.1272269e-02   1.5709933e-01   2.2391043e-03  -1.2383332e-03  -3.2717268e-03
  -3.0768749e-02  -5.7174761e-02  -7.4306298e-02   2.0084719e-03  -1.6108790e-03  -3.2816126e-03
  -3.6069583e-02  -1.9543401e-02   1.1532365e-01   2.4381009e-03  -1.6644617e-03  -3.4752525e-03
  -2.1416596e-02  -4.6591940e-02   6.6155982e-02   3.1426676e-03  -1.8323167e-03  -3.4771541e-03
  -1.2919813e-02  -9.9350202e-02  -2.4701447e-02   3.3330858e-03  -1.7834876e-03  -3.3126278e-03
  -2.7273984e-02  -1.8575097e-01  -3.1726523e-01   5.0013395e-03  -2.0097628e-03  -3.4468487e-03
  -7.7783133e-02   1.4737465e-02   2.5038430e-01   9.2229588e-04  -8.0804733e-04  -2.8291440e-03
  -6.3044624e-02   5.3209766e-03   3.1999582e-01   1.4283571e-03  -3.2852390e-04  -2.7331028e-03
  -6.3327833e-02   9.8624923e-03   9.7948091e-02   1.2116338e-03  -2.4644883e-04  -2.9150246e-03
  -5.4780241e-02  -5.4749322e-03   1.8035208e-01   2.1071774e-03  -1.0742772e-03  -3.5090792e-03
  -5.0172866e-02   2.3562826e-02   2.0889224e-01   2.8217594e-03  -1.5192962e-03  -3.8656998e-03
  -5.1744123e-02   3.2540689e-02   1.3620245e-01   1.3867260e-03  -1.4811910e-03  -4.1442024e-03
  -4.6710753e-02   1.8897947e-02   1.6401620e-01   1.1691065e-03  -1.4670538e-03  -3.9799894e-03
  -5.7931959e-02   2.8656773e-02   2.0731254e-01   1.3547856e-03  -1.6239487e-03  -4.2857239e-03
  -5.4329633e-02   5.6149787e-03   1.3308590e-01   2.2604258e-03  -1.7938044e-03  -4.1348355e-03
  -3.7282296e-02   2.0650679e-02   1.5346992e-02   1.4794613e-03  -1.6793577e-03  -3.9207177e-03
  -4.0623783e-02   2.7787148e-02   1.8114339e-01   1.4573608e-03  -1.7389201e-03  -4.2771877e-03
  -2.4072676e-02  -1.6051481e-03   4.2999499e-02   1.0237717e-03  -1.7221041e-03  -4.3084971e-03
  -2.3603577e-02   1.7910588e-02   6.1641431e-02   6.9195648e-04  -1.6106118e-03  -4.2477145e-03
  -4.4335762e-03   4.6246261e-02   1.6477136e-01   5.9595240e-04  -1.8806758e-03  -4.3402169e-03
   4.7571050e-03   3.7613450e-02   3.3198818e-02   1.9021642e-04  -1.8652348e-03  -4.1165809e-03
  -2.8580603e-02   2.7966959e-03   9.2713067e-03   9.1658276e-05  -1.3091757e-03  -3.8232765e-03
  -2.4045126e-02   4.9363825e-02   1.2891622e-01   1.2984890e-03  -1.7316415e-03  -4.2107951e-03
  -6.0338351e-02   1.9135714e-01   2.7691371e-01   5.3477073e-05  -1.6010303e-03  -4.5421218e-03
  -1.4565989e-01   1.5804903e-01   3.7291175e-01  -9.8756067e-04  -3.3750538e-04  -3.8052501e-03
  -8.2365879e-02  -1.0371176e-01   4.8601237e-02   1.6234665e-03  -1.0742923e-03  -3.8360674e-03
  -7.0059073e-02   2.3818678e-02  -1.8051209e-02   1.3574502e-03  -1.1083630e-03  -3.9203598e-03
  -4.1288427e-02   2.2206192e-02  -5.4698870e-02   1.3675016e-03  -1.5526986e-03  -3.9612174e-03
  -3.4364651e-02   6.1263535e-02   2.8909927e-02   1.0568111e-03  -1.4327545e-03  -4.1690723e-03
  -5.5309925e-02   5.7188637e-03   4.2978161e-02   1.0248550e-03  -1.1657005e-03  -4.1118666e-03
  -6.4271329e-02   1.0979408e-01   2.4741591e-01   1.3396403e-03  -1.6771641e-03  -4.3444809e-03
  -7.9269872e-02  -2.2946537e-02   2.2145725e-01   8.9389857e-04  -1.4715614e-03  -4.3766572e-03
  -8.2021835e-02   7.1562806e-04   2.4106026e-01   1.8238713e-03  -1.6316019e-03  -4.1445166e-03
  -8.0015363e-02  -5.4790077e-02   9.0198804e-03   1.8261096e-03  -1.2778209e-03  -3.8222320e-03
  -7.8050534e-02   4.1730423e-02   1.9059595e-01   2.1754157e-03  -1.1661841e-03  -3.7715855e-03
  -7.4524820e-02   6.7603202e-02   2.1437317e-01   1.8125136e-03  -1.1988697e-03  -3.8371465e-03
  -9.9817291e-02  -1.5726601e-02   2.6962087e-01   1.7405675e-03  -1.0298302e-03  -4.0975452e-03
  -7.8010270e-02  -1.8541764e-02   1.6234078e-01   2.2160911e-03  -1.5443460e-03  -4.1935683e-03
  -6.6582699e-02  -2.1187502e-02   1.6032149e-01   2.8158574e-03  -1.9437001e-03  -4.1133788e-03
  -8.2213503e-02  -1.8874303e-02   2.2944427e-01   2.6214858e-03  -1.7630149e-03  -4.1922114e-03
  -1.1859820e-01   2.1438515e-02   2.6939466e-01   3.3310459e-03  -1.9850252e-03  -4.1089961e-03
  -1.3392048e-01  -9.3352846e-02   2.1300506e-01   4.3951162e-03  -2.3516771e-03  -4.1833718e-03
  -1.2198290e-01  -7.5075772e-02   6.7128118e-02   4.4561865e-03  -2.6492116e-03  -4.3696134e-03
  -1.2149330e-01  -5.1935511e-02   1.3782214e-01   4.5619853e-03  -2.8813273e-03  -4.6204494e-03
  -1.1168057e-01  -5.1124633e-02   8.9615183e-03   3.2143332e-03  -2.4608897e-03  -4.2477064e-03
  -1.0980643e-01  -8.3227884e-02   1.2050387e-01   4.2952638e-03  -2.2986524e-03  -4.7901521e-03
  -1.3890431e-01   7.9775779e-02   3.0673830e-01   1.7046122e-03  -6.0504694e-04  -3.9579003e-03
  -1.8096613e-01   1.4925337e-01   6.6270755e-01   7.2604953e-04   4.7308717e-04  -4.0002004e-03
  -1.2367980e-01   7.8692342e-02   3.3299869e-01   5.6822430e-04  -3.9866413e-04  -4.0466273e-03
  -1.0893988e-01   1.2911036e-01   3.6294889e-01   1.6026210e-04  -1.3200307e-03  -4.6395864e-03
  -1.4222954e-01   1.8435333e-01   5.5171896e-01   6.4887515e-04  -1.5996079e-03  -4.9060907e-03
  -1.2052513e-01   1.1822738e-01   4.5418515e-01  -4.1697675e-04  -2.0187916e-03  -5.1208574e-03
  -1.1415566e-01   2.0457999e-01   5.4126086e-01   6.8974939e-04  -1.8107548e-03  -5.0983157e-03
  -1.0990586e-01   2.3107092e-01   5.0115937e-01  -4.5010075e-04  -1.6152396e-03  -5.0306020e-03
  -1.3291273e-01   1.8311239e-01   6.2825879e-01   3.1713962e-05  -1.4205820e-03  -4.9795268e-03
  -1.3288996e-01   1.1829199e-01   4.5443494e-01   7.1454655e-05  -1.6155673e-03  -5.2689085e-03
  -1.4220634e-01   3.6678575e-01   8.4108787e-01   1.0336119e-03  -1.1660596e-03  -4.6671274e-03
  -1.4127978e-01   8.9018920e-02   7.0789001e-01   9.4380973e-04  -1.2901885e-03  -4.9010511e-03
  -1.1614292e-01   2.1437729e-01   5.6209734e-01  -1.3775919e-04  -1.9060547e-03  -5.4414880e-03
  -1.2431946e-01   1.2908719e-02   6.3889943e-01   4.3284266e-03  -2.8318954e-03  -4.6229505e-03
  -9.6005917e-02  -3.2186622e-02   5.8941189e-01   4.1724919e-03  -3.7441414e-03  -4.6126261e-03
  -8.4513347e-02   9.7869897e-02   5.5060457e-01   2.9970943e-03  -3.7526554e-03  -5.2391344e-03
  -6.6367859e-02   9.9616119e-02   5.0293096e-01   2.6740034e-03  -3.7442910e-03  -5.3819104e-03
  -7.1510400e-02   1.3975323e-01   5.1733410e-01   9.0882405e-04  -3.6715158e-03  -5.7258303e-03
  -8.3413064e-02   1.6593297e-01   6.6696101e-01   4.4863617e-04  -3.5482319e-03  -5.4345691e-03
  -1.1117393e-01   2.8399448e-01   1.0382615e+00  -3.8701796e-05  -2.3478357e-03  -4.8913300e-03
  -1.1608978e-01   6.2211142e-02   7.2754855e-01  -5.8909811e-04  -2.1456375e-03  -5.0500506e-03
  -7.4312538e-02   1.4855846e-01   5.6822054e-01   5.7720891e-05  -2.7668560e-03  -4.6673743e-03
  -6.9956939e-02   2.3353471e-01   7.0140452e-01  -3.2200541e-04  -2.9344924e-03  -4.5226048e-03
  -7.2711504e-02   1.7434924e-01   6.5462611e-01  -1.5860173e-05  -2.8719584e-03  -4.5808157e-03
  -6.7044393e-02   1.8368368e-01   6.5993299e-01   4.1942924e-04  -2.9605350e-03  -4.3301754e-03
  -8.4861446e-02   1.1245400e-01   5.7982857e-01   1.3524942e-03  -2.8889506e-03  -4.5841919e-03
  -1.2086490e-01   2.6889769e-01   8.2733196e-01   7.1110066e-04  -2.6989586e-03  -4.4759625e-03
  -1.2425210e-01   8.4689901e-02   6.9451766e-01   9.9691545e-04  -2.6307562e-03  -4.7340254e-03
  -1.8714228e-01   2.8523690e-01   1.0655782e+00   9.4757412e-04  -2.1454972e-03  -4.1988890e-03
  -2.2194938e-01   1.2538257e-01   9.9798102e-01   6.8415054e-04  -1.2307798e-03  -3.8132670e-03
  -2.0849314e-01   1.4087522e-01   8.2409412e-01   1.6172225e-03  -1.4487655e-03  -3.9000409e-03
  -2.0352510e-01   1.8831717e-01   8.9160052e-01   1.4764767e-03  -1.8803321e-03  -3.9581767e-03
  -1.8697796e-01   1.4146243e-01   7.5745613e-01   2.1554869e-03  -2.1729091e-03  -4.2229535e-03
  -1.9090797e-01   1.4715557e-01   6.9524520e-01   2.5056774e-03  -2.6609615e-03  -4.6411050e-03
  -1.8499312e-01   1.6739685e-01   7.1055324e-01   1.9911164e-03  -2.3288551e-03  -4.6331234e-03
  -1.9916329e-01  -4.7086471e-01   1.0077921e+00   2.8605222e-02  -5.6743073e-03  -7.9494077e-03
  -1.6185675e-01  -5.0815597e-01   1.4361150e+00   5.3998770e-02  -1.2940681e-02  -1.7108248e-02
  -1.3455901e-01  -6.0667965e-01   1.3410763e+00   5.1456153e-02  -1.2112213e-02  -1.5882675e-02
  -1.2093632e-01  -5.8063681e-01   1.3096123e+00   5.1853718e-02  -1.1977638e-02  -1.5539029e-02
  -1.2591940e-01  -5.5028469e-01   1.1657321e+00   5.1166636e-02  -1.1691977e-02  -1.5469217e-02
  -1.0274595e-01  -5.8512490e-01   1.0968752e+00   5.0050414e-02  -1.1696538e-02  -1.5405642e-02
  -8.6095606e-02  -4.6159461e-01   1.1275933e+00   4.9484456e-02  -1.1744386e-02  -1.5137415e-02
  -8.0528974e-02  -5.0906077e-01   1.0207030e+00   4.8943075e-02  -1.1651766e-02  -1.5021336e-02
  -6.1726825e-02  -4.8692622e-01   1.0871572e+00   4.8351560e-02  -1.1792635e-02  -1.4868345e-02
  -5.2024275e-02  -3.6482552e-01   1.0794333e+00   4.6477124e-02  -1.1092449e-02  -1.4015069e-02
  -5.4568559e-02  -4.1820032e-01   1.0690707e+00   4.6255830e-02  -1.0759345e-02  -1.3475472e-02
  -4.9607891e-02  -3.6719794e-01   1.1276562e+00   4.6175901e-02  -1.0570175e-02  -1.3112768e-02
  -5.6674361e-02  -3.3568742e-01   1.0646370e+00   4.3206389e-02  -9.7124348e-03  -1.3012256e-02
  -2.5630848e-02  -2.7813869e-01   1.0501342e+00   4.2574928e-02  -9.4937464e-03  -1.2596907e-02
  -5.4333454e-02  -1.8335918e-01   1.1781520e+00   4.1204820e-02  -9.7749724e-03  -1.2813031e-02
  -8.4077229e-02  -2.0079150e-01   1.3730025e+00   4.1102737e-02  -9.0293459e-03  -1.1445496e-02
  -2.9201361e-02  -2.9576864e-01   1.0911186e+00   3.9068602e-02  -8.6895009e-03  -1.1683355e-02
  -7.6759671e-03  -1.8861282e-01   9.8153789e-01   3.9129676e-02  -8.5103463e-03  -1.1537566e-02
  -1.9864992e-02  -1.5428763e-01   1.1798821e+00   3.9249141e-02  -8.6810083e-03  -1.1651677e-02
  -1.6795167e-02  -2.0600698e-01   1.1137294e+00   3.9404118e-02  -8.8511161e-03  -1.1631831e-02
  -7.4446285e-03  -1.7328510e-01   1.0423095e+00   3.8589571e-02  -8.7477342e-03  -1.1786531e-02
   5.4114352e-03  -1.3966169e-01   1.1795003e+00   3.7232626e-02  -8.3692426e-03  -1.1345542e-02
   1.0245790e-02  -1.0783280e-01   1.2066091e+00   3.4750741e-02  -8.0252892e-03  -1.0773607e-02
   2.9517386e-02  -1.7108843e-01   9.7139273e-01   3.1917017e-02  -8.0745469e-03  -1.0565701e-02
   1.0635405e-01  -3.8769172e-01   8.9195083e-01   3.2140308e-02  -9.0989015e-03  -8.0704874e-03
   9.0904830e-02  -2.6106216e-01   8.6089826e-01   3.3053903e-02  -9.3489159e-03  -7.3183588e-03
   4.7951238e-02  -1.4487424e-01   7.2209204e-01   3.1464855e-02  -8.6430335e-03  -9.1865542e-03
  -1.1537851e-02  -8.8399629e-03   7.9715569e-01   2.7933640e-02  -7.0848068e-03  -9.5939419e-03
  -7.4331979e-03   4.6733355e-02   9.2355128e-01   2.7361783e-02  -7.7192823e-03  -9.9709203e-03
   1.0632635e-02   5.8720029e-02   7.8790041e-01   2.6250806e-02  -7.6468696e-03  -1.0157466e-02
   1.5445518e-03   6.6070704e-02   8.2664540e-01   2.5213784e-02  -7.8448557e-03  -1.0543357e-02
   6.5376584e-03   1.1649782e-01   9.3227265e-01   2.4384940e-02  -7.9493185e-03  -1.0960559e-02
   4.0812872e-02   1.1696962e-01   7.8486780e-01   2.4567630e-02  -8.3357242e-03  -1.1200265e-02
   8.0573458e-02   1.0614833e-01   8.1483703e-01   2.4630419e-02  -7.8458313e-03  -1.0189350e-02
   1.0553075e-01   1.1578729e-01   7.3290759e-01   2.5285717e-02  -8.0112986e-03  -1.0214841e-02
   7.1302322e-02   1.1841096e-01   8.6805788e-01   2.4970046e-02  -7.8296329e-03  -1.0462354e-02
   7.5103031e-02   1.1303745e-01   9.6866466e-01   2.4675777e-02  -8.0996604e-03  -1.0159968e-02
   3.8313754e-02   6.1442381e-02   8.7354066e-01   2.5105495e-02  -7.8950616e-03  -1.0441069e-02
   2.1594760e-02   8.9863700e-02   9.4720632e-01   2.5501449e-02  -8.0447859e-03  -1.0182779e-02
   3.7092260e-02   3.4658458e-02   8.6969028e-01   2.5267105e-02  -7.8538664e-03  -1.0218326e-02
   3.5663869e-02   3.8667779e-02   8.2238920e-01   2.5318285e-02  -7.6511135e-03  -1.0009503e-02
   2.9716688e-02   5.7474275e-02   8.9406713e-01   2.5735099e-02  -7.6967299e-03  -9.8238508e-03
   2.2336132e-02   1.1870778e-01   9.8220824e-01   2.6485331e-02  -8.0180544e-03  -9.9630724e-03
   1.0703692e-02   2.2997997e-03   9.5083623e-01   2.6894790e-02  -7.5594534e-03  -9.8544273e-03
   2.4759106e-02  -3.0623142e-02   9.0402086e-01   2.7138037e-02  -7.5195090e-03  -9.8856913e-03
  -6.3227407e-02   1.8870841e-01   1.3303170e+00   2.7128527e-02  -7.0499911e-03  -9.5722917e-03
  -7.0960636e-02  -7.7271233e-02   1.1250524e+00   2.7258833e-02  -6.7358196e-03  -9.9405228e-03
  -7.5261462e-02  -3.2796977e-02   1.0546126e+00   2.7170119e-02  -7.0859414e-03  -1.0357537e-02
  -8.4642342e-02  -1.1951208e-03   1.0258917e+00   2.7662070e-02  -7.1432187e-03  -1.0487340e-02
  -7.4310959e-02   4.8094659e-02   1.0297506e+00   2.7930479e-02  -7.4552983e-03  -1.0368734e-02
  -6.8298045e-02  -4.7230833e-02   1.0672038e+00   2.8207919e-02  -7.3305473e-03  -1.0209219e-02
  -6.8151686e-02   1.1765377e-01   1.1827191e+00   2.6896970e-02  -7.2608218e-03  -1.0042500e-02
  -1.2076833e-01   2.9060539e-01   1.6222724e+00   2.4591521e-02  -6.7783654e-03  -8.8090903e-03
  -6.8202259e-02  -1.6048510e-01   1.4413099e+00   2.5976936e-02  -6.0141453e-03  -7.4711753e-03
  -4.4530959e-02   6.9089206e-03   1.1053870e+00   2.5758498e-02  -5.4203905e-03  -7.6233745e-03
  -1.3069659e-02   4.9086015e-02   1.0409372e+00   2.6323834e-02  -5.6536978e-03  -8.0733889e-03
   1.8589200e-02   6.5275437e-04   1.0407497e+00   2.7025160e-02  -6.0155051e-03  -8.0230797e-03
   2.4132290e-02   6.0777259e-02   1.0374430e+00   2.6053580e-02  -6.2129565e-03  -8.3028328e-03
   2.5428597e-02   8.3098088e-02   1.0785592e+00   2.5472939e-02  -6.0684865e-03  -8.2309927e-03
   1.5272680e-02   5.0036469e-02   9.9390752e-01   2.3745297e-02  -6.6826713e-03  -8.8382125e-03
   9.9469363e-02  -7.4268232e-02   8.5051401e-01   2.4144254e-02  -8.7026850e-03  -9.2394934e-03
   1.0799274e-01   1.5521140e-02   7.9505691e-01   2.3259561e-02  -8.1135975e-03  -7.7471227e-03
   9.9576756e-02   1.4221986e-01   7.7917481e-01   2.2508519e-02  -7.4068626e-03  -8.0555481e-03
   1.2970687e-01   6.9790897e-02   7.3619297e-01   2.3137796e-02  -8.2013565e-03  -8.3869609e-03
   1.3646677e-01   7.7094089e-02   7.1244556e-01   2.3128317e-02  -8.9622299e-03  -9.1292832e-03
   1.1919518e-01   2.3511528e-01   8.7562053e-01   2.2873817e-02  -9.8653260e-03  -9.3886382e-03
   1.1728353e-01   1.2733753e-01   8.2806815e-01   2.2528958e-02  -9.9109335e-03  -9.5358688e-03
   9.2256809e-02   1.2510115e-01   8.6845596e-01   2.2166925e-02  -9.7197824e-03  -9.6335583e-03
   1.1034454e-01   2.5880394e-01   8.4902327e-01   2.2012422e-02  -1.0080100e-02  -9.8094010e-03
